2000 100 525217
20 139 241
20 94 152
20 71 214
20 150 192
20 75 176
20 66 211
20 144 202
20 116 154
20 139 227
20 134 222
20 114 245
20 93 169
20 60 217
20 141 204
20 90 223
20 98 244
20 69 218
20 67 174
20 136 226
20 95 194
20 95 191
20 148 235
20 101 236
20 123 168
20 82 195
20 150 169
20 103 212
20 137 158
20 67 208
20 59 192
20 75 209
20 58 183
20 136 221
20 50 208
20 107 215
20 133 164
20 150 225
20 75 217
20 76 177
20 116 186
20 64 243
20 79 183
20 83 235
20 87 225
20 58 177
20 88 245
20 82 201
20 69 155
20 118 244
20 111 249
20 109 153
20 98 237
20 139 192
20 51 210
20 140 221
20 75 196
20 134 245
20 96 173
20 57 152
20 149 200
20 108 239
20 144 209
20 67 205
20 74 174
20 55 250
20 55 208
20 71 186
20 119 164
20 94 247
20 129 186
20 77 243
20 115 169
20 146 240
20 128 180
20 143 244
20 121 153
20 96 173
20 149 231
20 101 157
20 122 191
20 123 174
20 109 156
20 89 204
20 61 241
20 130 230
20 76 226
20 99 153
20 93 211
20 90 238
20 107 173
20 102 225
20 120 191
20 124 192
20 83 207
20 51 243
20 130 229
20 127 185
20 52 248
20 142 228
20 84 171
231 132 15
318 217 13
333 234 12
382 281 14
539 440 15
656 555 14
668 570 14
680 578 16
808 706 15
874 775 15
935 833 16
989 891 13
993 892 14
996 894 13
1013 911 12
1029 929 14
1034 936 16
1042 941 12
1076 976 15
1082 980 13
143 42 14
160 62 15
169 70 16
176 77 16
214 116 12
249 148 13
323 221 15
357 256 15
406 307 15
469 367 13
484 384 15
485 385 13
554 455 16
570 468 12
698 598 15
830 731 12
845 744 15
957 857 16
980 879 13
1074 975 12
163 62 16
179 78 12
206 108 14
211 109 14
222 123 15
279 177 15
312 210 16
356 257 16
372 271 12
415 317 12
494 394 15
552 454 16
656 555 16
744 646 14
748 648 16
780 680 15
804 702 13
825 724 13
832 730 16
1040 941 13
398 296 14
412 310 16
428 328 13
543 445 13
544 443 13
550 448 13
581 481 12
589 488 14
625 525 13
628 527 16
678 577 13
713 615 14
789 689 16
806 707 12
848 748 15
888 787 14
921 819 12
1008 909 15
1047 948 12
1082 981 13
147 45 12
255 154 12
276 178 14
288 186 14
308 208 16
310 211 14
326 224 15
390 292 15
600 501 14
625 527 13
658 559 13
708 608 14
765 665 16
843 744 16
923 825 13
929 830 13
937 838 15
958 858 13
1032 932 13
1075 975 16
166 68 15
235 137 13
273 172 13
292 192 15
349 248 16
367 267 12
374 276 14
416 315 13
512 410 12
575 477 16
670 568 13
680 579 16
748 646 12
771 672 16
784 686 15
891 790 12
925 826 13
936 838 13
1087 985 14
1100 1000 13
110 11 16
225 124 15
263 164 14
328 229 14
331 230 15
339 241 14
384 284 13
401 302 15
533 435 16
577 479 15
622 520 12
748 648 12
798 698 14
803 701 16
897 795 15
922 820 14
980 882 15
991 891 15
1051 951 16
1055 955 15
164 62 16
167 69 16
205 107 16
473 372 16
495 397 15
550 448 12
646 544 14
672 573 16
775 673 13
788 687 14
803 704 15
806 707 13
817 718 15
844 742 15
855 753 13
868 768 15
894 795 13
948 846 15
1043 943 16
1088 988 16
191 89 16
248 147 14
282 180 12
330 228 16
344 242 15
359 258 12
384 282 13
409 309 14
466 364 16
572 471 12
609 509 14
621 522 16
631 531 16
681 581 14
769 670 16
830 729 14
879 779 14
972 872 12
1020 921 14
1059 959 16
130 30 12
132 31 13
193 93 12
223 123 15
257 158 14
295 196 13
303 203 13
429 329 12
440 341 15
462 364 12
538 439 16
623 521 14
643 542 12
655 555 16
718 620 14
819 720 14
905 806 13
979 877 13
1020 919 16
1085 986 16
114 16 15
160 59 14
177 78 15
222 124 14
223 124 15
292 191 13
350 248 16
357 255 13
387 286 14
451 351 12
640 541 15
653 553 12
705 604 13
729 629 16
758 656 12
1011 913 14
1022 923 13
1076 978 13
1099 997 14
1100 998 15
131 30 13
260 162 15
340 241 16
347 247 14
378 280 15
476 377 15
559 460 13
608 510 14
619 518 16
645 544 15
656 555 12
821 722 16
839 739 16
844 742 15
859 757 14
871 773 12
912 814 13
939 838 16
1054 953 16
1099 998 16
181 82 15
271 172 16
286 186 12
289 190 12
328 227 14
356 255 12
407 309 13
468 368 12
509 408 15
552 453 12
568 466 12
587 485 12
664 566 13
674 572 16
686 588 13
716 618 12
882 784 16
1045 946 13
1057 955 13
1075 977 13
152 52 15
226 126 13
321 220 12
391 291 16
448 350 12
490 391 13
492 393 13
513 414 13
659 559 14
666 567 15
670 569 15
688 588 16
690 590 13
713 614 15
809 707 12
853 752 16
873 771 15
996 896 16
1046 947 15
1075 975 16
141 43 13
142 40 13
176 77 13
209 109 15
223 124 13
309 208 16
408 308 16
445 345 15
536 436 14
539 441 12
576 476 14
624 524 12
680 582 16
755 653 13
786 688 16
814 712 14
851 749 13
872 774 13
892 792 16
978 878 15
120 21 13
172 71 14
318 216 15
345 244 16
392 291 14
510 412 13
537 439 15
595 494 16
730 632 16
749 651 12
776 675 16
792 694 15
819 718 16
851 752 14
972 874 12
1028 929 13
1033 931 14
1051 952 15
1059 960 14
1062 964 16
124 22 16
231 133 14
285 186 14
295 195 16
306 207 12
373 274 14
386 288 14
441 343 13
451 353 16
463 362 16
466 368 15
607 507 16
654 554 16
739 641 15
742 641 14
755 655 15
824 726 16
945 847 15
987 887 12
1077 979 16
103 3 13
142 40 13
159 58 16
199 98 15
379 278 14
401 303 12
605 507 13
634 536 13
642 544 16
670 572 15
684 583 15
740 638 15
825 727 13
833 732 14
862 764 12
939 837 15
1032 933 13
1047 949 13
1054 952 15
1063 963 15
131 31 16
144 45 13
199 101 12
247 148 16
334 232 15
344 245 16
403 304 14
412 311 15
438 336 16
491 390 13
565 466 13
679 577 13
709 609 16
716 615 12
763 661 16
775 676 12
845 744 16
925 826 15
1013 914 12
1028 926 14
110 12 15
136 34 16
224 122 14
262 161 13
314 212 12
472 373 14
523 424 12
571 470 12
607 506 15
623 522 14
662 560 15
690 590 16
807 705 13
828 730 14
835 735 13
954 856 12
1041 940 16
1046 947 12
1055 955 16
1076 974 12
123 25 12
127 29 14
143 42 15
192 93 16
196 94 13
237 135 12
400 300 13
406 306 12
522 421 16
550 452 13
562 460 14
582 481 14
636 535 13
723 622 14
734 633 13
738 639 13
772 670 16
786 686 15
882 781 13
885 786 12
200 102 16
288 187 15
321 219 16
354 253 15
368 266 12
518 417 14
523 423 15
599 497 16
613 513 15
619 519 14
625 523 13
640 541 16
692 594 14
870 772 12
880 781 15
919 821 15
947 846 13
954 855 16
979 881 16
1049 949 15
122 21 12
308 208 16
309 210 15
360 261 12
368 267 13
512 413 12
517 419 12
584 486 13
600 502 15
606 504 16
627 528 14
655 556 14
660 562 12
723 624 12
736 634 16
877 776 14
891 792 12
968 869 12
975 873 16
992 894 16
112 12 12
148 48 12
193 94 15
429 327 13
593 491 13
634 534 12
715 614 16
774 673 14
795 693 16
850 752 13
852 751 16
912 814 12
947 845 14
1006 907 13
1020 919 12
1026 925 13
1032 932 13
1034 936 16
1075 976 16
1096 998 14
105 5 13
175 74 13
185 83 12
203 102 15
259 159 12
289 187 15
409 309 15
417 319 13
426 326 14
521 419 14
527 428 15
573 474 13
733 635 13
739 640 13
751 649 14
800 701 15
875 776 14
887 786 13
931 832 15
1073 971 15
260 162 16
287 186 12
291 192 13
321 222 13
389 289 14
422 322 15
474 375 12
506 407 12
516 414 13
542 444 14
543 441 16
592 494 12
594 495 16
608 506 12
809 708 14
895 794 14
927 826 13
943 845 16
996 898 12
1096 994 15
100 1 15
216 116 12
401 301 13
480 381 13
520 419 16
571 469 12
572 470 15
644 542 15
684 586 15
693 591 13
835 734 13
856 755 15
884 784 15
921 820 16
928 830 13
940 838 14
950 850 14
989 890 13
1005 903 15
1059 958 13
170 71 14
202 104 13
256 154 16
277 175 12
286 187 16
370 271 15
433 335 14
468 369 12
492 391 16
572 472 15
668 566 13
683 583 15
735 635 12
813 711 16
837 738 16
865 764 12
902 800 15
1003 904 12
1042 942 13
1091 989 12
114 15 12
147 45 13
172 73 15
335 236 13
402 303 14
439 340 14
451 352 16
478 380 13
487 385 15
508 407 15
527 427 14
642 544 12
743 644 14
801 703 14
802 701 15
831 729 12
904 805 14
970 869 16
1005 905 14
1057 955 13
156 54 16
163 65 15
193 91 16
235 135 16
263 164 16
278 178 12
280 182 13
290 192 15
349 249 14
351 252 12
362 260 12
490 391 15
507 405 12
533 431 15
598 497 15
745 645 13
840 740 12
843 743 16
1061 960 15
1077 978 12
260 162 16
387 286 15
433 332 16
519 419 12
540 442 14
604 505 12
611 511 16
611 512 16
740 640 16
782 680 16
790 691 16
874 772 16
877 775 14
889 788 16
899 797 13
914 816 15
918 817 12
973 872 14
985 886 15
1041 939 15
103 3 12
150 48 12
278 179 16
300 198 12
344 244 16
528 429 12
783 685 12
786 688 12
824 724 12
825 727 15
862 761 16
893 793 12
914 812 12
947 846 13
1021 921 14
1027 928 12
1033 932 13
1051 949 15
1063 964 16
1095 994 16
173 72 15
221 122 14
224 124 15
306 206 13
315 215 13
377 276 13
382 283 14
523 422 13
541 440 12
551 452 13
559 459 16
602 504 14
611 509 13
680 579 15
736 634 13
739 639 12
763 665 13
894 793 12
940 841 13
1057 955 16
164 63 16
326 225 16
390 290 14
417 316 12
448 349 12
500 400 14
507 409 15
534 435 12
578 480 14
640 541 16
644 545 15
658 558 14
690 590 13
799 700 12
825 727 14
872 773 14
884 785 12
986 886 12
997 897 14
1013 913 13
124 24 13
126 26 14
152 51 13
171 70 13
177 78 14
404 306 16
417 315 16
560 459 14
566 466 13
677 576 12
684 585 14
823 724 13
892 793 14
968 869 12
996 894 14
1011 910 12
1037 935 13
1078 979 15
1081 981 16
1090 990 16
168 66 14
191 91 12
267 166 12
291 189 14
354 254 15
398 299 16
424 326 16
455 354 13
504 402 15
545 445 15
575 474 12
576 476 12
582 480 14
679 577 12
730 630 14
811 713 16
881 780 15
974 874 14
982 883 12
983 884 14
271 169 16
290 189 15
367 266 13
408 307 14
454 354 15
473 371 16
519 420 13
538 436 15
556 456 14
563 461 16
595 493 16
618 516 16
661 563 13
727 629 14
787 686 14
824 724 12
862 760 13
906 807 15
930 831 15
1039 938 12
103 5 16
183 83 14
193 95 13
207 107 16
360 261 13
475 373 13
523 425 14
592 492 16
616 516 15
659 557 12
777 678 14
885 786 12
894 796 13
905 803 14
923 824 13
953 853 16
1023 923 14
1028 927 15
1051 953 12
1088 989 13
134 33 14
195 96 12
217 116 14
265 167 16
279 180 13
293 195 15
296 195 12
328 226 14
613 515 13
676 576 12
691 593 16
693 595 15
837 737 15
939 841 14
1037 937 15
1037 938 13
1045 945 15
1069 969 14
1077 978 16
1085 986 12
255 153 12
279 179 14
299 197 12
406 304 12
440 338 12
464 365 13
589 489 12
590 490 14
612 510 14
623 523 12
671 569 15
686 588 16
690 589 14
724 626 12
789 689 14
812 710 14
837 735 16
906 807 15
930 831 15
1044 943 15
127 27 16
203 105 14
300 199 15
331 231 13
469 367 16
514 412 12
609 508 13
611 509 16
664 563 16
791 690 14
813 713 12
826 724 15
828 726 16
830 732 14
861 761 13
866 767 13
867 768 16
904 806 13
977 879 16
998 896 15
109 7 13
130 29 15
172 71 16
173 73 13
292 190 15
314 213 12
336 235 15
427 326 13
493 394 16
524 425 15
576 478 16
586 487 14
648 546 15
652 554 13
729 630 15
789 690 16
1014 916 14
1029 928 16
1045 945 13
1096 994 12
180 81 13
218 119 13
236 138 14
245 144 16
281 179 16
412 311 12
423 321 13
559 457 12
599 500 16
639 539 16
694 596 13
738 636 12
781 680 15
824 722 15
839 741 13
886 785 13
886 786 12
903 802 13
937 836 16
1080 979 13
135 35 13
164 62 13
251 153 15
269 170 12
377 277 14
441 342 13
516 415 15
632 532 15
651 550 16
749 648 13
761 659 14
802 704 16
815 716 14
835 733 14
849 750 13
927 826 16
933 832 12
990 892 14
1065 964 16
1075 977 14
146 46 14
185 84 16
200 101 14
255 156 15
305 204 13
388 290 12
392 290 13
434 334 15
497 397 16
505 403 16
532 433 13
534 433 14
580 482 14
603 505 16
655 556 14
680 581 16
807 706 12
877 778 13
918 820 13
981 882 16
222 124 13
234 132 15
282 182 16
334 236 15
335 234 12
451 350 12
514 414 15
633 535 16
662 562 15
666 565 15
703 604 14
719 620 16
751 652 16
782 682 15
785 683 15
945 846 14
961 860 16
1038 936 16
1073 974 12
1096 998 16
199 97 13
249 150 15
302 202 13
330 232 15
342 240 13
375 275 13
385 286 16
418 318 16
542 441 13
574 472 15
615 513 15
680 582 12
710 612 16
715 614 12
771 671 15
832 734 13
870 772 12
891 789 15
945 845 15
974 872 16
172 70 16
204 102 12
246 147 12
299 201 15
308 208 13
348 247 14
422 320 14
467 368 13
478 378 12
517 415 15
563 463 12
672 574 13
718 616 13
745 646 12
763 662 16
765 663 16
857 757 15
884 784 12
898 799 15
992 890 16
154 55 16
251 150 14
260 159 13
327 226 13
348 249 15
550 448 13
575 476 13
583 483 14
725 625 12
743 644 16
780 681 14
795 696 12
814 712 13
852 752 12
862 761 12
891 789 15
968 867 12
1004 905 15
1057 958 12
1082 984 12
214 112 15
356 255 14
408 306 15
459 357 14
475 373 14
497 395 13
563 464 16
572 474 15
681 579 15
699 598 12
724 626 12
832 732 12
845 743 12
885 785 13
889 790 16
918 818 12
1013 913 16
1063 964 16
1077 979 13
1098 999 12
106 6 12
147 49 15
230 129 15
317 218 12
336 237 13
425 325 12
429 331 13
603 504 14
621 520 16
691 591 13
853 755 12
867 766 15
913 813 12
916 818 15
946 846 13
967 869 12
1000 901 13
1044 946 16
1077 976 13
1099 999 13
159 59 12
162 61 14
163 61 16
260 161 15
286 188 12
415 315 12
425 326 15
494 395 16
528 429 14
561 463 14
589 489 16
631 529 14
693 594 12
780 680 16
799 699 15
898 799 15
930 829 16
930 830 13
1017 915 13
1077 979 13
143 44 14
257 156 13
269 167 14
306 205 16
367 268 15
407 305 15
411 311 16
454 354 16
477 376 14
479 379 13
506 408 14
515 416 12
538 436 15
666 566 16
719 618 15
737 637 16
788 688 13
793 695 14
893 794 15
1055 953 12
143 44 13
161 61 13
195 96 12
241 139 14
373 273 12
407 306 14
492 391 12
511 413 16
538 438 12
586 488 16
655 557 16
690 592 12
706 604 13
748 647 14
783 684 12
832 733 13
875 773 12
977 876 15
1014 914 13
1040 939 15
176 74 14
307 208 15
364 265 14
401 303 13
419 318 16
429 329 12
441 343 13
458 359 16
470 372 13
507 405 15
546 445 12
587 487 14
650 552 13
714 616 16
732 631 15
742 640 14
937 836 12
955 853 16
1018 918 13
1077 977 13
114 14 16
125 24 14
394 295 14
396 298 12
471 373 13
481 381 13
587 487 14
621 522 13
648 549 13
696 594 15
703 605 12
757 658 13
782 683 12
817 716 15
888 788 13
895 795 16
1017 919 13
1082 984 16
1083 982 14
1097 999 13
131 33 15
132 34 14
189 89 13
254 153 14
262 162 16
389 288 16
465 364 16
509 409 16
572 474 13
607 505 14
612 512 15
667 566 16
748 647 12
774 674 16
843 744 14
849 749 15
944 843 16
965 863 14
1020 919 14
1022 924 12
129 27 15
137 36 16
231 132 12
268 170 14
283 184 14
289 190 14
383 285 15
494 396 12
535 435 13
605 507 15
652 553 13
684 582 16
740 639 15
842 744 16
878 780 13
913 811 15
925 825 13
965 866 15
993 892 14
1080 980 15
130 31 12
171 72 15
224 125 14
228 130 14
278 176 12
320 219 16
484 385 16
543 445 13
560 458 14
582 481 13
641 542 14
719 619 13
792 693 16
793 695 13
871 770 14
912 810 15
953 851 13
1029 928 12
1029 930 16
1071 970 13
119 17 14
181 79 13
253 154 16
254 152 16
308 209 13
344 244 15
384 284 16
444 344 14
561 459 15
635 534 15
683 581 15
736 638 13
740 641 14
768 666 16
769 671 14
785 685 14
802 704 14
938 836 13
954 852 14
1039 938 14
157 59 15
288 187 15
291 191 16
315 213 12
372 273 16
377 276 12
498 396 16
551 453 13
567 466 12
630 532 14
741 643 14
847 746 16
874 775 12
882 784 13
889 787 12
923 825 13
952 852 14
1033 932 15
1064 962 16
1075 977 14
147 48 15
155 55 13
184 82 12
344 246 12
352 251 15
369 269 13
432 332 14
445 344 14
492 394 13
536 436 16
541 440 14
571 470 14
633 534 14
726 628 15
734 634 16
773 671 15
868 770 14
932 830 14
1052 952 15
1093 991 16
105 7 16
139 40 12
218 116 12
249 149 15
321 219 16
378 278 13
427 326 14
513 415 15
642 544 12
704 603 12
729 630 12
735 637 13
777 677 14
944 844 12
979 878 12
985 887 12
991 889 14
1023 923 13
1077 976 14
1089 988 13
102 2 16
109 11 14
209 108 13
223 123 16
239 137 12
267 168 14
434 333 13
452 351 12
454 354 14
620 519 15
669 568 13
772 670 16
773 675 15
777 677 16
837 735 13
875 777 16
939 841 16
942 844 16
1000 898 15
1040 942 15
146 47 16
178 76 15
217 119 16
326 228 14
541 443 13
544 444 15
641 540 16
649 548 15
680 579 16
803 703 13
853 751 15
877 778 16
893 791 13
913 813 13
917 817 12
944 846 13
950 852 13
971 871 14
988 889 12
1056 957 14
148 50 16
201 102 14
279 178 16
316 217 16
350 251 13
354 253 13
365 263 13
465 366 16
483 383 14
502 401 15
522 421 16
665 564 12
721 622 13
732 631 15
771 672 12
783 683 14
842 744 15
881 783 16
1010 908 12
1065 964 16
103 4 12
125 25 15
151 51 16
188 90 13
319 221 12
348 246 14
350 249 14
475 373 12
491 393 14
544 444 16
545 443 13
685 583 15
685 586 13
695 597 14
768 667 15
769 668 13
869 768 15
895 794 14
1022 921 12
1099 997 15
172 73 16
184 86 13
221 123 13
223 122 14
248 146 14
251 150 13
336 237 14
342 241 15
356 258 13
361 261 15
364 266 14
467 369 16
520 422 12
563 465 12
603 501 15
629 531 14
652 553 15
722 621 13
951 850 16
1089 988 13
125 24 15
171 72 16
205 106 14
361 259 15
397 296 13
414 316 12
564 462 15
594 495 15
609 507 16
643 542 13
646 544 16
680 582 15
684 585 13
710 611 14
715 613 12
746 648 13
978 880 14
1041 942 15
1061 962 16
1098 999 16
200 101 12
228 128 15
250 150 13
275 173 14
280 180 15
331 230 16
531 431 16
583 484 14
584 484 13
587 487 15
642 540 16
776 674 16
785 686 12
802 700 16
863 764 15
935 837 12
960 858 13
1002 901 14
1069 967 16
1093 992 12
151 49 13
163 65 14
191 91 15
335 233 15
388 288 15
392 294 15
466 368 13
484 385 13
505 407 15
507 407 13
624 525 14
669 569 14
704 605 16
709 609 16
774 672 12
863 763 15
869 769 16
1047 949 14
1061 960 13
1101 999 15
143 45 12
159 60 16
261 161 14
273 174 15
304 203 14
328 228 15
450 352 13
468 368 14
469 367 14
471 372 13
546 448 12
560 461 14
600 498 15
783 683 12
784 683 12
818 717 13
916 815 13
919 821 16
960 858 15
986 884 14
101 1 12
102 3 15
144 44 12
161 61 14
207 107 16
226 127 14
256 154 12
257 155 16
284 184 16
305 204 13
324 222 13
356 256 12
361 261 12
387 286 15
507 406 14
529 429 15
547 449 15
569 470 15
598 497 16
1081 979 12
160 60 12
181 82 14
238 136 13
376 275 12
527 429 16
550 451 16
615 516 15
621 522 14
691 593 16
695 594 14
701 599 14
731 633 14
828 726 16
846 745 15
885 787 14
922 824 14
1022 922 14
1025 923 14
1073 971 13
1091 991 16
401 300 14
450 349 13
456 357 13
509 410 15
533 432 15
553 451 12
649 547 14
726 627 15
731 633 13
743 643 12
803 703 14
810 712 15
866 767 16
931 829 14
931 831 12
974 876 13
995 897 13
1022 922 16
1027 928 14
1090 989 13
144 43 15
172 71 16
177 79 16
204 106 13
220 121 14
346 248 15
401 300 16
460 361 16
564 462 16
601 499 15
650 550 12
669 568 14
847 746 16
874 773 16
905 805 16
973 872 14
980 879 13
993 891 14
1007 905 15
1022 922 16
117 16 15
394 295 12
430 328 16
558 458 16
579 481 16
596 497 15
626 527 15
642 540 16
705 605 16
737 635 15
746 644 14
787 685 13
796 697 16
860 760 12
860 761 13
861 761 12
870 771 15
880 781 15
936 835 12
946 844 16
130 29 15
142 42 12
176 76 13
250 150 14
267 168 15
304 205 14
335 237 13
352 251 14
367 269 16
468 367 12
487 386 16
529 429 15
555 457 12
704 602 12
708 609 14
782 681 14
788 687 14
818 720 16
918 816 14
923 824 14
206 105 13
232 132 15
271 172 16
421 320 16
437 338 14
483 381 16
566 466 12
612 512 14
626 527 12
658 559 13
762 660 14
770 671 14
777 677 13
809 708 15
817 719 15
882 783 13
926 827 16
943 844 15
949 849 16
1094 993 14
120 22 13
197 96 13
235 134 15
271 171 13
287 187 12
298 197 16
369 268 16
373 274 12
498 396 14
558 457 14
602 500 12
622 521 14
635 535 13
682 581 16
705 606 16
821 720 15
851 752 12
1009 909 16
1044 946 16
1078 978 16
120 18 14
167 69 16
183 84 13
246 147 15
264 164 16
395 293 15
409 308 13
484 385 14
532 433 15
566 465 16
588 487 13
608 508 14
653 551 15
692 592 15
711 613 12
746 645 16
883 782 15
1029 928 15
1032 931 16
1044 944 16
258 159 15
305 205 15
310 212 16
428 329 13
435 334 15
471 372 15
616 517 15
661 559 13
728 629 15
765 665 12
773 675 12
793 691 12
854 755 15
861 761 15
896 796 16
940 841 14
950 849 15
1002 902 14
1052 954 13
1068 968 16
231 130 12
244 144 14
340 242 16
345 247 14
403 301 15
513 414 14
519 417 16
546 445 16
615 516 12
707 608 12
727 629 15
744 642 12
769 670 13
774 676 13
832 730 14
898 796 14
920 819 13
941 843 16
1026 924 13
1084 985 13
122 20 13
125 27 13
148 50 13
268 169 12
276 176 15
282 180 16
350 248 16
350 252 15
537 438 16
551 451 16
604 502 12
622 521 14
622 524 13
640 539 12
781 682 13
821 721 12
928 827 13
955 855 16
988 890 16
1088 986 15
112 14 14
136 36 14
137 37 13
169 67 13
196 97 12
275 173 16
278 178 14
300 199 16
368 269 16
372 271 15
421 320 14
496 396 15
498 400 15
533 431 15
614 514 13
687 587 16
748 646 14
763 661 12
875 773 13
1078 976 12
155 57 12
173 72 13
242 144 15
272 172 12
339 237 15
340 242 15
403 303 13
471 369 13
553 453 14
576 474 15
590 488 13
612 512 13
640 541 13
648 549 15
699 600 13
701 602 12
705 605 16
902 801 15
937 837 16
1082 982 14
103 4 14
194 96 15
230 129 13
340 239 16
450 349 13
463 365 15
517 418 16
541 442 13
547 446 16
583 483 12
634 536 16
649 548 14
689 589 16
731 633 13
746 645 12
817 716 16
825 725 16
874 774 13
939 841 13
1014 912 13
168 68 13
201 100 14
260 158 12
329 231 15
352 254 12
381 280 13
443 345 13
586 488 14
602 504 15
666 566 15
719 620 16
743 644 15
833 735 16
880 778 16
948 850 14
952 854 15
959 858 12
1004 903 12
1076 975 16
1084 984 14
105 6 13
169 68 13
201 102 12
201 103 14
234 136 16
302 201 16
370 271 13
468 367 13
489 390 16
636 537 14
714 612 14
716 615 15
720 620 13
789 691 16
877 779 14
975 877 15
991 889 12
1021 922 16
1036 938 15
1088 987 13
111 10 13
208 107 14
291 193 16
301 202 15
319 221 16
454 356 15
563 463 16
563 465 13
568 469 12
657 555 13
658 559 15
676 578 14
708 610 15
874 772 13
928 829 12
961 859 16
1002 900 16
1028 928 13
1090 992 13
1094 995 14
148 50 12
170 72 12
241 143 13
256 158 14
290 191 14
298 196 14
329 230 13
370 269 13
404 304 12
510 408 16
529 430 16
569 470 16
603 501 12
666 567 14
726 627 12
784 683 13
871 771 15
989 888 14
989 890 13
1050 950 16
163 63 14
175 77 16
196 96 15
220 118 15
278 179 15
348 250 16
360 261 14
444 344 13
540 441 15
570 470 12
582 480 14
655 557 13
686 586 16
715 615 12
825 727 15
906 805 13
946 844 16
1006 906 13
1084 986 15
1087 989 14
112 10 13
163 63 12
182 84 16
222 123 13
261 161 16
300 198 14
341 243 15
379 278 13
446 346 15
562 462 15
588 489 16
697 596 12
707 609 15
731 629 12
817 716 15
848 748 14
895 793 15
897 796 14
897 799 12
1077 977 13
133 31 13
138 36 15
200 100 15
243 145 15
301 199 16
345 247 12
362 264 15
375 275 14
390 289 16
549 449 16
616 518 16
826 727 12
833 733 16
863 765 12
891 790 12
930 832 15
932 830 12
976 876 12
1039 941 13
1093 995 16
137 39 16
169 68 15
177 78 14
206 108 14
242 143 13
265 163 12
319 221 16
358 256 13
387 288 16
486 385 15
487 388 16
537 436 15
629 531 15
738 640 15
744 646 15
846 745 13
857 756 15
902 801 14
994 896 15
1054 956 14
145 44 12
233 133 15
244 144 14
366 264 13
390 292 16
433 332 13
607 506 16
732 630 14
757 658 15
764 666 15
775 674 13
786 684 14
860 759 16
907 808 15
967 869 13
1030 929 15
1049 947 13
1064 964 15
1090 988 16
1093 995 16
101 2 13
151 51 14
200 99 15
201 101 13
253 154 16
256 154 14
270 168 13
349 249 16
395 296 13
398 296 13
693 593 14
693 594 13
714 616 14
747 649 13
751 652 16
752 653 16
754 652 16
946 848 13
971 870 13
971 873 16
134 32 13
134 36 14
188 87 12
282 180 15
294 194 12
376 278 13
411 310 13
414 313 14
416 317 14
483 383 12
567 468 12
578 476 16
645 543 13
682 580 12
690 591 16
757 658 15
887 789 13
888 786 14
926 826 13
1066 966 15
139 37 16
153 53 12
169 69 12
192 92 13
196 94 15
209 109 14
310 210 12
352 252 13
430 328 15
579 480 13
706 607 13
779 678 14
788 690 15
797 695 15
845 746 15
889 789 14
988 888 12
995 893 12
999 901 14
1044 945 13
144 46 12
230 128 13
270 171 15
402 303 13
528 430 15
549 451 16
585 483 15
603 504 16
636 536 12
677 579 14
682 583 12
729 630 14
760 658 16
796 694 12
810 712 16
861 762 13
866 765 13
885 784 13
1019 920 13
1075 974 13
