2000 20 485805
100 81 168
100 144 216
100 91 192
100 144 188
100 59 234
100 81 202
100 84 158
100 89 192
100 112 191
100 150 248
100 65 235
100 104 246
100 144 217
100 150 245
100 82 190
100 118 221
100 129 177
100 128 195
100 62 198
100 91 218
101 2 3
113 15 3
126 26 3
127 25 2
136 36 2
142 42 2
142 42 3
147 46 3
157 56 3
164 63 2
165 66 2
165 66 3
176 77 2
180 81 2
182 80 3
182 84 3
197 95 3
233 133 3
249 150 3
252 151 2
252 154 3
254 156 3
257 158 3
264 163 3
266 167 3
277 178 2
296 196 2
298 198 3
303 201 2
326 226 3
327 227 2
334 232 3
336 235 2
349 250 2
379 277 3
379 280 2
396 295 2
410 308 2
416 316 2
427 328 2
438 339 3
443 344 3
453 352 3
455 357 2
456 355 2
468 370 2
487 386 3
500 399 3
522 420 3
523 425 3
527 429 3
532 430 2
532 433 2
548 449 2
553 454 2
554 453 3
573 472 2
584 484 2
600 502 2
601 501 3
602 500 2
608 507 3
626 525 3
632 532 3
637 535 2
658 557 2
681 580 3
732 630 3
739 637 2
747 645 3
763 661 2
767 667 3
791 690 2
808 710 2
818 718 3
832 730 3
856 754 2
856 755 3
880 778 3
891 789 2
899 800 2
899 801 2
907 805 3
910 809 2
922 820 2
940 841 2
948 850 2
954 853 3
962 863 3
991 893 3
995 895 3
1020 918 2
1051 951 3
1072 973 3
1073 975 2
1076 978 3
1077 978 3
1084 985 3
1090 991 3
1094 996 2
103 5 2
129 31 2
130 31 3
143 41 3
150 50 2
164 64 3
172 72 2
173 73 2
179 79 3
182 81 3
189 91 2
191 91 3
191 92 3
197 99 2
206 104 2
209 111 3
232 133 2
236 136 2
236 138 2
254 153 2
259 158 3
268 167 3
276 176 2
279 180 2
283 183 2
289 191 2
294 193 2
308 207 3
308 210 2
313 215 3
343 243 2
367 268 3
385 285 2
400 298 2
400 299 2
404 306 3
411 309 3
424 326 2
430 331 2
443 342 3
446 347 3
448 348 2
452 354 2
462 362 3
463 362 3
485 384 2
496 397 3
497 397 3
524 422 2
533 435 2
542 440 3
554 454 2
563 463 2
571 470 2
572 472 3
572 473 2
588 486 3
599 500 2
603 502 3
620 518 3
621 521 2
639 540 3
653 554 2
684 583 2
685 585 3
714 612 2
726 628 2
731 629 3
733 635 3
743 644 3
748 650 3
776 675 2
785 684 3
788 686 3
789 691 2
802 704 2
832 730 3
836 734 2
836 737 3
859 760 3
880 778 3
892 792 3
907 806 3
909 810 3
912 813 3
959 860 3
978 877 2
991 889 2
992 891 3
992 892 2
1008 910 3
1009 908 3
1011 911 3
1015 914 3
1015 916 2
1046 948 3
1063 961 3
1063 963 3
1070 972 3
1074 973 3
102 3 3
104 2 2
107 7 3
109 7 2
117 15 2
119 21 2
131 31 2
149 50 2
153 52 2
155 57 3
166 67 2
180 79 3
190 89 2
191 93 2
193 94 2
208 109 3
218 117 3
222 120 3
222 124 3
247 146 2
260 158 3
270 170 2
275 173 2
287 187 2
294 195 2
309 208 2
310 210 3
336 237 2
342 242 2
347 246 2
351 253 3
356 256 3
369 268 3
379 281 3
389 289 3
402 302 2
425 327 2
447 347 3
458 358 3
461 363 3
475 376 2
477 376 2
496 398 2
499 397 3
506 406 3
509 409 2
511 412 2
535 437 3
536 434 2
545 444 2
550 449 3
551 449 2
573 471 2
583 483 2
639 541 2
642 542 2
664 566 3
667 569 3
677 576 2
707 607 3
707 608 2
709 611 2
714 612 3
751 653 2
775 675 2
778 678 3
789 690 2
810 709 2
812 712 3
818 717 2
822 724 2
827 727 2
832 734 2
836 735 2
850 748 2
857 755 3
864 766 3
867 765 3
868 770 2
872 771 2
873 775 2
889 789 2
897 799 2
900 798 2
910 808 3
934 835 2
938 837 3
954 856 3
958 857 3
981 880 3
993 893 3
1000 900 2
1013 912 3
1023 925 3
1064 962 2
1068 966 3
1078 977 2
1085 986 3
1098 999 3
1101 1000 2
113 13 3
118 19 3
121 22 2
134 35 2
161 62 3
161 62 3
165 64 2
165 65 3
167 65 2
168 69 3
184 82 3
192 94 3
196 95 2
205 107 3
227 126 2
239 140 2
254 156 3
256 156 3
271 172 3
279 177 2
279 178 3
298 197 2
307 205 3
349 251 2
368 270 2
372 271 3
379 277 3
396 297 3
399 301 3
409 311 2
414 312 3
433 333 3
443 341 2
443 343 3
449 349 3
478 379 2
483 381 3
485 387 3
511 410 2
535 435 2
555 454 3
555 457 2
561 461 3
570 468 3
603 501 2
613 515 3
614 516 3
621 523 2
624 523 3
634 534 2
641 543 2
644 545 2
653 554 3
664 566 2
667 568 2
672 573 3
689 587 2
691 590 2
691 593 2
692 592 3
695 595 2
714 616 2
717 615 3
720 618 3
731 630 3
740 642 2
745 647 2
757 655 3
759 659 3
761 661 2
778 679 2
793 695 2
813 712 3
828 728 2
830 728 3
843 743 3
852 754 2
872 773 2
898 800 3
907 806 2
930 832 3
935 837 3
944 843 2
951 851 3
967 866 2
975 874 2
977 875 3
979 879 2
982 883 3
996 898 2
1026 928 2
1036 934 2
1041 939 2
1043 943 3
1045 943 3
1069 971 2
1072 974 3
1076 975 2
1082 982 3
1088 990 2
102 1 3
123 22 2
125 23 3
129 30 3
143 41 2
145 46 2
151 51 2
153 54 2
164 66 2
173 75 3
180 81 2
182 81 2
208 107 3
210 109 2
248 147 3
248 149 2
259 159 3
261 160 3
261 161 2
299 199 3
303 205 3
312 212 2
321 221 3
337 236 2
373 272 2
391 290 3
451 351 2
460 360 3
465 366 2
467 366 2
472 371 3
478 378 2
489 391 2
500 400 2
515 415 2
517 418 3
518 419 3
534 435 3
556 456 2
568 466 3
573 471 3
577 479 2
592 490 3
593 492 2
598 500 3
600 499 3
606 504 3
618 519 3
622 521 3
648 549 2
686 587 3
698 600 3
701 599 3
704 602 2
708 610 3
712 613 2
719 620 3
725 625 3
728 626 3
728 628 3
729 629 2
736 636 3
743 642 3
744 645 3
750 649 2
779 680 3
786 685 2
796 698 3
799 698 2
800 701 3
802 703 3
812 713 3
814 712 3
819 718 2
822 724 3
835 733 2
862 762 2
864 766 2
869 771 3
873 771 3
884 785 2
900 800 3
949 850 3
964 866 3
966 867 2
966 868 3
980 879 2
980 882 3
986 885 2
993 895 3
997 897 3
1014 913 2
1027 926 3
1029 928 2
1042 943 2
1045 946 3
1069 969 3
1071 970 3
1080 981 2
1098 996 3
120 18 2
125 27 2
132 32 2
141 39 2
145 47 2
159 59 3
163 63 3
168 69 2
183 85 2
186 88 2
199 97 2
200 102 3
209 107 3
210 108 2
224 124 2
228 126 2
238 136 2
244 144 3
256 154 3
279 180 2
289 189 2
301 203 3
330 231 3
340 239 3
354 252 2
370 272 3
373 272 2
378 279 2
383 283 3
418 320 3
427 328 2
428 330 2
441 342 3
447 348 3
450 350 2
453 354 2
550 452 3
558 458 3
575 474 3
582 482 3
583 482 2
583 485 2
602 500 3
612 511 2
614 512 3
615 517 3
622 523 3
628 528 3
633 535 2
642 543 2
658 557 2
662 561 3
662 563 3
672 570 3
672 571 3
679 580 2
682 584 2
684 585 2
686 584 3
699 598 2
736 635 3
746 648 2
753 655 2
754 656 2
760 659 3
761 660 2
767 666 3
773 674 2
796 694 3
815 713 2
838 736 3
842 744 2
848 746 2
865 766 2
871 772 2
878 778 3
884 784 2
891 789 3
902 804 3
913 812 3
915 814 2
939 838 3
965 864 2
972 874 3
975 874 2
981 881 3
985 884 3
994 895 3
995 893 3
1016 915 2
1026 925 2
1034 933 3
1057 959 2
1070 968 3
1072 974 2
1084 986 3
1086 985 2
1088 987 3
1096 995 2
1098 998 2
105 6 3
112 14 3
119 21 2
121 23 3
125 23 2
129 30 2
132 30 3
139 38 2
145 45 3
148 47 3
150 50 2
192 92 2
224 122 2
231 132 2
232 132 2
260 160 3
275 177 2
276 174 2
290 189 3
308 207 2
318 217 3
320 222 3
321 222 2
321 222 2
327 226 3
331 232 2
337 236 3
349 247 3
350 249 2
383 284 2
398 298 2
409 307 2
424 325 2
430 332 3
446 347 2
452 351 3
468 367 3
475 377 2
502 404 2
516 418 3
520 418 3
526 424 2
531 432 3
537 436 3
559 460 2
573 474 2
574 473 2
576 475 3
579 478 3
581 480 3
598 498 2
600 500 3
628 529 2
629 528 3
633 531 2
637 538 3
646 547 2
659 558 2
659 561 3
665 566 2
670 571 3
686 588 2
700 599 3
731 632 3
739 639 2
739 639 3
739 640 2
740 642 2
741 639 3
793 692 2
803 701 2
808 710 2
812 711 3
827 726 3
828 728 3
831 729 2
834 732 2
841 739 3
846 744 3
850 751 3
857 758 3
858 759 2
865 764 2
874 775 3
883 782 2
925 827 3
932 830 3
941 840 2
942 844 2
950 850 2
970 871 3
986 884 3
1015 913 3
1035 933 2
1043 941 2
1044 943 2
1052 950 2
1054 955 2
1060 962 3
1089 990 3
100 1 3
131 30 2
133 31 2
155 55 3
159 57 3
161 63 3
175 74 3
177 76 2
182 80 3
192 92 3
233 132 2
233 132 2
233 135 2
247 148 2
266 167 2
273 172 2
302 203 3
316 216 3
323 224 2
325 224 3
326 224 2
336 234 3
341 242 3
343 243 2
356 257 2
359 257 2
359 261 2
361 261 3
373 273 2
385 284 3
388 290 2
397 296 3
412 314 3
420 321 3
434 332 2
439 340 2
444 345 2
451 352 2
455 357 2
473 374 2
493 393 2
500 401 2
503 402 2
511 412 2
518 416 3
538 438 3
544 443 3
572 473 2
591 490 3
592 491 2
609 510 3
626 526 2
626 526 3
631 532 2
648 546 3
649 551 2
659 561 2
663 563 2
664 562 2
693 595 2
696 595 3
698 596 3
700 601 3
716 617 3
720 620 3
721 622 2
732 634 3
740 640 3
753 653 3
774 672 3
791 690 3
803 703 2
812 712 2
813 714 2
815 714 3
817 716 2
818 718 3
825 724 3
831 730 2
832 732 2
834 732 3
858 760 2
876 775 2
877 777 2
888 790 3
901 799 3
902 802 2
914 813 2
924 823 3
934 836 3
939 841 3
964 864 2
977 875 2
1000 902 3
1033 933 3
1035 933 3
1041 940 2
1044 943 3
1094 993 2
1100 999 2
108 10 3
112 10 3
112 13 3
120 21 2
141 40 2
156 54 2
158 60 3
164 64 2
170 72 2
175 77 2
193 95 3
197 97 2
198 97 3
199 100 2
199 101 3
223 124 2
240 142 3
247 147 3
254 156 2
263 165 2
274 175 2
278 177 2
280 180 3
282 180 2
285 183 3
307 208 2
311 210 3
334 234 3
335 233 3
341 240 2
352 253 2
352 254 2
358 258 2
385 286 2
386 286 2
392 290 3
413 311 2
419 321 3
426 324 3
427 325 3
435 336 3
440 342 2
451 350 2
479 378 2
483 384 3
515 417 3
521 421 2
523 424 2
524 422 2
534 434 2
571 473 3
576 476 3
596 497 2
598 499 2
602 502 2
602 504 3
615 515 2
624 526 2
628 526 3
632 533 3
640 540 3
646 548 3
647 545 2
669 567 2
669 569 2
689 591 3
710 612 3
713 611 3
723 625 3
729 628 2
750 650 3
753 653 3
757 657 3
762 664 2
793 694 3
801 702 2
803 705 3
816 717 2
818 717 3
847 745 2
848 748 3
848 749 2
852 754 3
872 772 3
879 777 2
899 799 3
917 818 2
922 821 2
925 824 3
932 831 2
944 846 2
989 891 3
990 891 3
996 895 2
998 898 2
1032 931 2
1037 938 2
1038 940 3
1082 981 2
1086 985 2
101 1 3
114 13 2
141 39 2
146 45 2
178 80 3
179 78 3
180 78 3
189 91 3
209 107 3
213 112 2
236 137 2
241 140 3
244 142 2
273 174 2
273 174 2
292 191 3
292 194 3
302 200 2
345 244 2
353 251 2
355 253 3
365 263 3
377 279 3
378 277 3
383 281 3
402 302 3
402 304 2
404 305 2
408 306 3
409 307 3
412 310 3
421 321 2
424 322 3
424 323 3
436 338 3
442 344 2
453 351 2
454 355 3
464 365 2
467 367 2
505 403 3
509 409 3
538 438 3
557 456 2
557 457 3
561 460 2
569 467 3
587 487 2
600 502 3
605 505 2
617 516 3
630 531 3
636 535 3
655 557 3
660 558 3
662 560 3
679 581 3
682 580 3
687 589 3
689 587 3
720 618 3
731 629 3
731 631 2
741 642 2
747 645 3
755 656 2
757 655 3
768 666 3
777 678 3
790 690 3
800 702 3
810 708 2
817 718 2
845 743 2
850 749 3
852 752 3
885 783 3
892 794 3
902 801 3
907 805 3
907 806 3
907 807 3
911 812 2
921 823 2
927 826 3
946 848 3
958 857 2
963 863 2
986 888 3
987 889 2
1005 907 3
1022 924 3
1026 926 3
1035 937 3
1041 939 2
1043 941 3
1056 955 2
1058 958 2
1077 975 3
1094 994 2
118 19 3
133 33 3
147 48 2
163 65 3
171 72 2
171 72 3
185 86 2
191 93 2
202 102 3
204 102 2
208 108 3
231 132 3
247 147 3
268 169 2
275 177 2
285 186 2
291 189 3
293 194 2
305 205 2
311 213 2
313 214 2
320 220 3
329 230 3
340 242 3
343 241 3
354 252 2
362 260 2
363 263 3
372 270 2
377 277 3
380 282 2
397 298 2
413 314 3
416 315 3
417 316 2
419 317 3
438 338 3
443 345 3
456 355 3
469 367 3
473 373 3
509 411 2
510 409 2
512 412 2
530 430 2
559 461 2
564 463 2
612 510 2
612 512 3
614 514 2
625 525 2
625 525 2
639 537 3
667 565 2
686 587 2
692 592 2
692 593 2
694 596 3
697 596 3
698 597 2
715 616 2
723 625 3
728 628 2
740 639 2
754 655 2
757 657 3
761 660 3
765 667 2
781 683 3
793 694 3
798 698 2
799 699 3
803 705 2
808 707 2
808 710 2
810 712 2
825 723 3
866 768 2
878 780 3
881 779 2
883 781 2
892 794 2
922 820 2
931 833 3
933 831 2
938 839 3
954 853 2
992 890 2
1008 907 2
1012 912 2
1024 926 2
1025 927 2
1041 940 3
1041 940 3
1045 947 2
1046 945 2
1067 967 3
1070 969 3
1073 972 3
1079 980 2
109 10 3
116 16 2
124 23 2
125 27 3
141 39 3
142 44 3
151 51 3
152 50 2
180 81 2
182 84 2
193 91 3
200 98 3
218 118 3
242 142 3
245 146 2
246 144 2
262 161 2
265 163 3
276 177 3
278 178 3
281 183 3
289 191 2
317 216 3
326 225 2
328 226 2
347 249 3
354 254 3
360 262 2
383 283 3
390 292 3
395 293 2
424 324 2
432 331 2
435 334 3
447 347 3
448 349 3
457 357 2
463 364 2
470 370 2
471 369 3
485 387 3
497 395 3
497 396 2
518 418 3
522 422 2
523 422 3
526 425 2
564 464 3
570 472 2
576 476 3
581 481 3
588 490 2
591 491 2
614 516 3
617 519 2
628 527 3
633 535 3
638 539 2
644 542 2
651 550 3
656 557 3
660 561 2
661 559 3
676 576 2
677 578 3
695 594 3
730 632 3
766 664 2
786 687 3
789 689 3
798 700 2
813 714 3
815 715 3
816 717 3
847 749 3
868 766 3
868 769 2
882 782 2
888 789 3
894 796 3
898 798 2
917 815 3
925 824 2
932 832 2
936 834 2
946 844 3
975 876 3
981 883 2
984 886 3
999 899 2
1015 915 3
1031 932 3
1038 936 2
1043 945 2
1043 945 3
1056 956 2
1067 965 2
1072 973 2
1075 975 2
1082 983 2
103 5 2
106 4 3
110 10 2
113 12 2
127 26 3
131 31 2
133 34 2
141 39 3
158 56 2
164 63 2
171 73 3
172 71 3
179 81 3
182 80 3
192 93 2
225 125 3
232 133 2
240 138 3
241 139 2
257 155 2
258 160 2
259 157 3
286 184 2
312 212 3
316 215 3
317 219 2
362 262 3
377 275 3
380 282 3
392 292 3
400 302 3
404 306 3
418 320 2
428 329 2
439 340 3
472 371 3
484 382 3
503 401 2
505 404 2
519 419 3
522 423 2
523 425 2
538 440 3
538 440 3
557 458 3
563 462 3
566 465 3
573 475 3
574 476 3
577 477 2
579 477 3
586 487 2
590 492 2
598 497 3
612 510 2
612 514 3
618 517 2
624 522 3
633 533 3
633 534 3
634 535 3
655 556 3
657 558 3
660 562 3
671 570 3
687 586 2
690 589 2
717 616 2
718 619 2
753 651 2
754 655 3
756 655 3
758 660 2
792 693 3
797 699 2
808 709 3
834 735 3
836 737 3
838 739 2
842 741 2
847 749 3
848 749 2
851 750 3
853 751 2
869 770 2
924 826 2
944 845 2
957 857 2
962 863 3
963 863 2
987 885 3
987 886 3
1002 903 3
1035 933 2
1047 946 2
1071 973 2
1072 973 3
1090 992 2
1092 992 3
1097 998 2
105 6 2
148 48 3
153 54 3
161 62 2
161 62 3
168 68 2
169 69 2
181 83 2
192 94 3
194 95 3
205 103 3
211 111 3
218 116 3
218 118 2
223 121 3
235 136 2
243 143 3
244 143 2
252 150 3
259 160 3
276 178 3
286 187 2
302 203 3
305 205 2
330 232 3
331 229 3
347 245 3
347 245 3
388 290 3
403 305 3
410 312 2
413 312 2
414 315 2
417 315 3
417 319 2
422 324 2
431 332 2
433 334 2
436 334 3
444 343 2
447 347 3
461 360 3
463 362 2
463 365 2
479 377 2
480 380 2
486 384 2
492 393 3
503 405 3
520 422 2
527 425 2
541 440 3
557 456 2
594 496 3
605 505 2
614 513 2
616 518 2
621 521 2
628 527 2
628 527 3
647 549 3
667 567 3
673 571 2
677 575 2
693 591 3
704 603 2
711 609 3
720 622 3
745 647 3
765 665 2
766 666 3
768 666 2
803 704 2
831 730 3
835 736 2
872 771 3
883 784 3
884 784 3
891 790 3
897 796 3
911 812 2
917 819 2
918 818 2
923 824 2
933 834 3
946 845 3
967 865 2
978 877 2
988 888 2
991 892 3
996 894 2
1009 907 2
1026 928 3
1028 928 3
1042 944 2
1051 952 3
1058 958 2
1065 964 3
1072 971 2
1074 974 2
103 3 3
104 5 3
105 3 2
115 17 3
117 16 3
121 22 2
153 54 2
165 67 3
167 69 2
187 88 3
242 140 3
255 154 3
260 161 2
273 173 2
278 176 3
279 180 3
296 194 3
311 210 2
323 223 3
344 243 3
355 256 2
356 257 2
374 272 2
380 281 2
380 282 3
382 283 2
385 285 2
401 300 2
409 308 3
430 328 2
431 331 2
445 344 3
458 357 2
470 369 2
490 391 2
495 395 2
495 395 3
502 402 3
505 407 2
514 415 3
523 424 2
532 433 3
550 451 3
551 451 2
554 452 3
577 478 3
588 486 2
616 515 3
617 515 2
623 524 3
624 526 2
639 540 2
646 548 3
650 549 2
659 557 2
688 586 3
689 588 2
694 595 3
697 595 3
711 610 3
734 635 3
751 649 3
757 656 2
760 658 2
772 674 2
801 703 2
807 709 2
810 708 2
828 727 2
828 727 3
834 735 3
835 735 3
836 738 2
844 744 3
846 746 3
855 756 3
870 769 3
872 772 3
880 779 2
897 799 3
898 799 3
915 816 2
918 820 2
939 838 3
941 841 3
948 846 3
969 871 2
970 872 3
980 879 3
984 886 3
989 888 2
1033 931 2
1035 934 3
1041 942 2
1063 965 3
1072 971 3
1086 988 2
1090 988 2
1090 991 2
1092 991 3
102 4 3
104 3 2
112 11 3
123 21 2
133 35 2
154 55 2
154 55 2
163 64 2
167 66 2
168 68 3
178 76 2
189 88 3
191 89 3
194 93 3
208 107 3
209 107 3
219 121 2
222 122 2
249 147 3
249 148 2
262 164 3
272 171 2
272 173 2
282 183 3
288 187 3
291 191 3
304 205 3
319 219 3
361 263 2
403 302 3
405 307 3
406 306 3
417 318 3
441 341 3
453 351 3
453 354 3
464 364 3
468 367 2
468 368 2
473 375 2
499 397 2
502 404 2
524 422 3
526 425 2
550 450 2
588 488 3
600 500 2
604 505 3
609 510 3
626 526 3
634 534 2
639 537 3
653 552 3
655 554 2
656 557 2
657 556 3
671 573 2
686 585 2
689 587 3
691 592 2
700 602 3
713 613 3
717 617 3
720 618 3
733 635 3
740 641 2
750 648 3
750 652 3
754 653 2
766 666 3
778 679 3
788 687 2
803 702 2
810 708 3
811 713 3
829 731 2
858 758 3
860 758 3
863 762 3
866 765 3
897 795 2
917 818 2
932 831 2
934 832 3
950 850 3
959 860 3
986 887 3
990 888 3
998 897 2
1000 898 2
1004 902 3
1007 906 3
1019 917 2
1020 919 3
1020 920 2
1048 947 3
1054 956 3
1068 970 3
1084 983 3
1091 991 3
110 10 3
112 13 2
144 45 3
149 50 2
154 54 2
158 58 3
163 63 2
192 91 2
202 103 2
204 102 2
243 145 2
247 148 3
249 150 2
255 154 3
300 198 2
323 222 3
324 224 2
324 226 3
325 226 3
327 228 2
333 233 2
346 246 2
353 251 2
357 258 2
360 258 2
362 261 2
362 263 2
369 268 2
385 283 3
410 308 2
435 335 2
436 336 3
481 381 3
489 387 2
496 394 3
499 399 3
526 424 3
531 431 3
553 454 2
563 463 3
585 486 3
590 488 2
592 493 3
598 497 3
604 503 3
609 509 2
610 509 2
611 509 2
618 519 3
628 530 2
629 531 3
645 545 3
645 546 2
646 544 2
646 548 2
649 550 3
663 564 3
669 568 2
677 575 2
678 580 3
708 610 3
740 641 2
786 686 2
799 699 2
813 715 2
822 722 3
823 725 3
829 729 3
847 749 3
850 750 2
901 799 3
916 818 2
930 830 3
947 846 2
949 849 2
959 858 3
959 859 2
971 873 3
980 880 3
985 884 2
987 887 3
995 893 2
999 900 2
1003 902 3
1007 907 3
1007 909 3
1017 916 2
1018 919 3
1024 925 2
1026 926 3
1041 943 2
1048 946 3
1054 955 2
1056 956 3
1057 956 2
1057 957 2
1058 957 2
1084 984 3
1093 993 3
1095 997 3
112 14 3
121 22 3
122 23 2
135 36 3
149 47 3
159 58 3
181 80 2
183 81 3
190 90 3
191 90 2
202 101 3
220 118 2
238 140 3
257 155 2
259 158 2
263 161 3
272 171 3
274 172 3
279 179 2
284 186 3
286 184 3
290 189 3
297 196 3
326 227 2
344 246 2
347 247 3
369 268 2
390 288 2
394 295 2
398 299 3
409 308 3
425 325 3
452 351 3
459 357 3
470 372 3
472 370 2
492 391 2
541 439 3
546 447 2
550 448 2
554 456 3
555 453 3
558 456 2
579 479 3
611 512 3
622 524 2
626 526 3
637 539 2
648 549 3
659 557 2
663 564 2
679 577 2
695 595 3
699 597 2
699 601 3
716 617 3
722 623 2
723 624 2
728 629 3
729 630 3
733 632 2
735 636 3
735 636 3
754 652 3
768 670 3
771 673 3
790 689 3
798 697 3
801 700 3
810 710 2
815 715 2
826 726 2
828 729 3
846 747 3
854 755 2
869 771 2
876 774 2
882 782 2
885 784 2
887 787 3
891 790 3
915 813 3
929 829 2
950 851 2
953 853 3
959 858 3
963 865 3
975 877 2
988 887 3
990 891 2
993 891 2
997 899 2
1008 906 2
1028 926 2
1029 931 2
1044 942 2
1077 978 3
1084 982 3
1087 989 2
1091 993 2
100 2 3
120 21 2
125 24 2
139 37 2
143 43 3
143 44 3
178 80 3
202 101 2
215 115 2
223 125 3
236 134 3
243 143 3
245 143 2
260 161 2
279 180 2
280 182 3
283 185 3
286 185 3
293 192 3
303 202 2
339 239 3
348 250 2
356 255 2
362 263 2
378 280 3
379 279 2
386 284 2
404 305 2
416 316 2
439 340 2
443 345 3
452 351 3
460 360 3
460 362 2
475 373 2
483 382 3
488 390 2
489 388 3
496 396 3
497 397 2
499 399 2
507 406 2
517 417 2
522 421 3
525 426 2
532 433 2
535 435 2
536 437 2
541 439 2
543 441 2
551 449 2
560 461 3
566 466 3
567 469 2
573 473 3
582 480 2
598 499 3
599 497 3
600 501 3
601 500 3
616 516 3
619 517 2
643 541 3
645 545 2
649 549 2
661 559 3
666 565 2
676 574 2
677 577 3
683 584 3
691 592 3
693 595 2
694 592 3
708 608 3
747 648 2
790 689 2
794 693 2
796 696 2
807 709 3
812 713 2
813 711 3
826 727 3
836 735 3
843 742 3
849 751 3
852 750 3
853 754 3
863 765 3
878 779 2
882 780 3
895 795 2
903 804 3
941 843 3
951 851 2
953 852 2
958 859 2
976 875 2
982 880 2
1076 978 2
1079 979 2
108 9 2
139 38 2
143 44 3
147 49 3
148 49 3
158 59 2
182 83 3
185 87 2
194 95 2
197 95 3
209 107 3
227 128 2
251 149 3
252 151 2
262 163 3
270 171 2
271 170 2
278 179 3
295 195 3
304 204 3
309 208 3
312 210 2
351 249 2
355 253 3
393 291 3
393 295 3
429 330 2
433 332 2
434 336 3
437 337 3
439 339 2
439 341 3
443 345 2
448 349 2
452 352 2
454 354 3
458 356 2
480 380 3
495 397 2
499 400 2
507 405 2
516 418 2
523 423 3
549 449 3
550 451 3
551 450 2
560 459 3
566 464 3
570 469 3
573 471 2
583 481 2
583 481 2
592 492 2
616 517 2
619 519 2
641 540 3
644 543 2
649 547 3
666 567 3
667 569 2
673 574 2
691 590 2
703 601 3
709 611 3
712 610 2
717 615 3
720 621 2
740 641 2
744 642 3
746 645 3
764 666 2
768 666 2
789 691 2
792 691 2
796 698 2
799 697 2
803 704 2
825 726 3
838 740 2
855 757 2
863 762 3
876 778 2
878 777 3
883 783 3
898 799 2
908 807 3
910 812 2
926 826 2
931 833 2
935 835 3
945 845 3
968 870 2
975 874 2
1017 917 3
1029 930 2
1037 939 2
1056 954 2
1063 963 3
1095 997 3
1097 999 2
