200 20 481952
10 79 180
10 74 211
10 117 229
10 102 160
10 76 222
10 98 192
10 122 195
10 110 159
10 89 234
10 80 230
10 146 214
10 125 201
10 66 236
10 118 162
10 56 170
10 85 161
10 50 219
10 96 229
10 106 166
10 66 237
2601 1582 33
3702 2692 27
4829 3838 29
4932 3914 30
6599 5583 29
6990 5986 24
7499 6496 34
7535 6547 33
8295 7292 28
10910 9910 30
1619 633 27
2230 1230 27
2344 1356 33
3250 2270 34
3498 2493 33
6819 5822 31
7039 6052 28
7724 6719 31
9984 8991 25
10774 9790 33
1957 950 27
2124 1142 33
2631 1650 26
4992 4005 24
5071 4067 31
5172 4174 34
7951 6946 24
8611 7624 32
9882 8891 25
10512 9520 28
1092 112 30
1280 297 28
3245 2231 25
5415 4407 27
5844 4864 29
7978 6991 26
8282 7268 27
8341 7355 27
8700 7698 32
10082 9075 33
1802 782 26
2387 1401 30
4442 3461 34
5193 4197 25
5842 4834 27
6598 5614 29
7383 6402 27
7991 6992 27
8182 7179 33
10023 9030 32
2039 1034 25
2378 1384 32
2960 1946 30
3503 2510 25
3537 2536 25
3627 2609 32
4188 3169 32
7632 6630 27
8444 7459 26
9740 8730 25
1687 694 31
3981 2983 30
5287 4268 24
5645 4663 32
6158 5168 31
6413 5401 27
7317 6314 29
8258 7262 31
8543 7546 31
10664 9684 30
1490 493 34
2165 1168 27
2958 1951 25
3036 2031 28
3368 2359 30
5734 4748 27
8209 7194 31
9253 8260 25
9650 8660 25
10323 9338 27
1125 128 29
1907 889 30
3350 2338 31
3715 2710 26
3775 2792 30
4129 3143 34
5477 4480 25
7543 6538 26
7735 6746 31
7880 6870 31
1685 680 26
5565 4575 29
5779 4778 24
6953 5938 33
7181 6163 32
8299 7298 29
8319 7300 28
9000 7989 29
9131 8123 26
9495 8480 28
1463 456 30
2534 1535 32
3426 2435 24
8218 7237 34
8316 7305 33
8331 7351 31
9097 8081 28
9703 8695 32
10297 9292 31
10469 9477 26
1638 639 28
2464 1461 32
2924 1935 33
3071 2088 32
3558 2578 25
5377 4365 32
8225 7230 25
8235 7239 28
8395 7380 33
10025 9013 30
1808 793 27
1995 995 25
2284 1287 25
3725 2740 26
4164 3180 31
6632 5612 30
7117 6113 32
7447 6427 33
9551 8566 33
9632 8629 24
2120 1126 31
3281 2271 33
3982 2976 28
4419 3426 33
4600 3587 31
5315 4317 34
6367 5369 34
7383 6382 30
8194 7209 28
10684 9664 33
1628 630 28
3378 2394 31
3981 2989 27
4200 3189 25
4879 3875 31
6081 5061 30
7366 6375 27
8409 7390 34
9765 8760 27
9848 8862 27
2081 1073 34
3335 2321 27
4768 3753 29
6102 5093 25
6845 5853 34
6851 5865 34
7481 6475 29
8729 7740 26
9375 8364 25
9930 8940 33
2097 1107 29
3888 2877 32
3973 2983 28
4507 3518 33
4551 3557 28
6973 5986 34
7643 6655 30
8077 7068 31
9477 8459 33
9904 8908 30
1309 296 32
1479 481 29
1480 499 33
3152 2151 32
4045 3058 26
4563 3578 25
5568 4556 33
5625 4643 31
7738 6728 30
10011 9015 26
1310 323 27
1972 976 29
2252 1237 29
2542 1525 32
2943 1936 27
4253 3233 33
5190 4201 25
6099 5116 30
6822 5829 27
7793 6791 32
1288 299 29
4029 3025 33
4415 3395 28
4590 3609 33
7042 6051 29
7082 6100 31
7171 6171 29
8465 7483 28
8472 7463 31
8613 7600 28
