100 20 25214
5 66 186
5 77 211
5 122 245
5 69 215
5 115 156
5 119 247
5 133 185
5 56 158
5 50 185
5 90 176
5 83 180
5 119 162
5 120 229
5 125 190
5 78 156
5 94 243
5 136 218
5 116 210
5 115 163
5 104 162
229 129 58
661 560 46
715 614 55
792 694 49
1007 908 56
285 184 48
382 281 64
511 411 57
575 474 62
1093 994 61
102 3 59
206 105 47
460 358 53
707 607 56
992 894 59
156 56 55
400 302 51
456 354 59
459 360 61
965 865 56
142 42 50
160 61 60
220 119 55
345 247 54
632 533 51
183 85 61
252 151 56
378 280 48
612 512 52
746 644 52
438 338 65
577 476 63
799 697 63
841 739 51
1078 980 52
209 108 49
466 366 58
669 567 46
838 740 50
1043 942 54
159 58 54
562 462 64
667 569 53
781 679 46
952 851 63
115 16 53
202 100 61
318 217 59
607 509 52
1074 976 61
161 59 51
433 334 53
544 443 61
769 670 51
823 725 51
313 211 61
500 398 47
663 563 63
827 729 48
1003 905 60
218 120 47
475 373 63
576 478 49
638 537 56
714 614 52
601 502 64
691 593 55
905 805 64
1022 922 64
1065 967 52
270 171 60
363 262 64
440 342 64
674 575 57
721 622 64
277 175 50
291 190 54
639 539 57
760 662 56
1018 919 50
125 25 65
346 248 50
438 338 60
687 586 54
1007 906 62
129 27 59
312 214 64
591 492 50
1002 901 49
1003 904 62
179 79 47
451 349 55
591 489 51
599 497 47
756 655 48
115 16 48
166 65 53
992 890 58
995 894 64
1064 964 62
