200 20 45822
10 147 167
10 125 209
10 50 215
10 128 219
10 69 185
10 138 222
10 56 216
10 101 170
10 113 249
10 139 196
10 111 249
10 65 175
10 77 188
10 123 232
10 129 202
10 81 225
10 134 220
10 148 217
10 108 196
10 63 228
176 75 28
274 175 30
392 292 32
542 443 25
626 525 29
731 629 34
909 807 29
947 848 30
963 864 25
1021 923 32
133 31 25
156 56 33
568 467 34
782 683 32
792 691 33
796 696 30
798 699 26
909 807 29
950 850 29
972 873 27
106 4 29
241 139 26
323 221 32
418 319 27
480 380 27
487 386 32
520 420 26
538 436 29
605 503 30
768 669 29
139 39 33
169 71 28
192 91 28
275 175 25
365 266 33
379 279 28
447 348 33
507 407 27
878 779 25
1095 993 32
127 26 26
214 112 33
297 197 34
324 224 26
548 448 29
642 543 32
771 672 28
865 767 32
904 803 30
1073 975 33
105 3 30
167 69 28
181 80 31
282 182 26
304 205 28
383 283 29
656 554 26
729 629 29
740 642 26
795 697 26
129 29 25
186 88 26
189 90 33
290 191 31
496 394 32
581 483 31
677 577 26
879 778 27
946 846 29
1076 976 25
138 40 28
591 490 26
657 558 28
670 569 24
709 607 32
799 700 31
892 792 28
947 845 24
1041 941 28
1069 967 25
178 79 34
248 148 33
252 153 29
299 198 32
309 207 28
408 306 30
653 555 31
917 818 27
1029 931 27
1037 939 31
127 27 33
188 86 27
254 156 28
278 178 27
410 311 32
414 315 25
568 466 27
869 768 31
1020 922 31
1085 984 30
161 61 26
253 155 30
254 155 28
320 220 31
591 490 31
726 625 26
857 756 26
953 854 32
1002 903 26
1014 914 34
157 55 31
190 89 30
235 133 24
261 161 29
369 271 26
437 335 31
459 358 31
648 546 34
884 783 34
943 842 25
160 60 24
245 145 32
268 169 26
310 208 31
311 212 27
340 239 25
586 485 30
685 585 26
811 713 25
1000 898 30
134 35 33
155 56 28
173 74 26
274 173 32
293 194 29
400 301 33
442 341 26
639 537 27
995 895 25
1026 925 29
190 92 32
195 96 27
359 260 24
423 325 26
617 518 32
723 625 32
910 809 26
922 821 26
975 874 28
1018 916 30
144 45 27
170 68 33
203 103 26
278 179 30
288 188 25
415 317 30
534 435 33
708 608 34
751 651 26
943 843 28
263 162 27
303 202 26
511 413 25
527 427 24
554 452 29
596 496 27
721 621 32
805 704 29
905 805 34
971 873 27
147 46 32
274 174 29
279 177 25
344 243 33
413 311 29
486 384 31
721 622 25
863 761 26
969 869 31
1003 905 32
124 24 33
318 216 31
372 270 34
398 300 25
405 306 27
513 414 25
536 435 27
890 790 29
893 792 31
898 800 25
388 290 28
457 358 26
594 495 25
739 639 31
752 652 28
758 660 26
770 668 33
788 687 34
823 722 33
981 879 32
