1000 100 243825
10 121 215
10 59 236
10 66 205
10 115 205
10 147 157
10 132 202
10 69 176
10 53 172
10 83 155
10 84 206
10 99 179
10 142 225
10 119 170
10 60 161
10 79 226
10 55 204
10 146 155
10 132 157
10 118 242
10 61 249
10 104 158
10 125 151
10 129 176
10 110 220
10 100 182
10 136 196
10 63 193
10 119 151
10 51 205
10 100 247
10 72 247
10 51 157
10 97 190
10 81 245
10 59 181
10 52 160
10 53 231
10 73 184
10 116 247
10 132 224
10 50 157
10 61 249
10 145 202
10 94 150
10 107 198
10 92 206
10 131 194
10 130 224
10 113 183
10 96 178
10 108 242
10 109 246
10 66 150
10 92 250
10 121 242
10 147 202
10 90 223
10 69 203
10 111 203
10 134 197
10 56 210
10 52 155
10 73 184
10 133 205
10 137 248
10 101 185
10 53 227
10 135 227
10 135 245
10 80 174
10 79 181
10 81 150
10 146 241
10 58 173
10 126 160
10 62 154
10 117 195
10 74 221
10 88 213
10 132 158
10 130 154
10 127 151
10 61 191
10 72 201
10 106 246
10 125 155
10 86 167
10 119 229
10 109 246
10 138 204
10 65 165
10 134 202
10 131 246
10 123 161
10 106 150
10 92 213
10 107 176
10 107 195
10 59 175
10 149 164
146 45 24
470 369 34
472 372 33
546 448 33
547 449 29
658 557 30
798 700 27
938 838 33
984 886 30
1003 903 26
327 229 26
348 247 27
386 284 27
419 318 30
436 338 32
849 748 26
876 777 26
967 866 25
1085 985 28
1096 998 29
174 73 33
206 106 25
241 140 28
611 513 30
721 621 28
731 629 31
818 716 30
977 875 29
1000 901 29
1011 913 27
552 451 30
566 467 26
578 478 30
599 499 28
654 553 28
709 610 30
715 614 33
794 692 31
848 749 25
1028 926 26
154 52 25
239 138 25
307 207 25
412 312 25
492 391 25
737 635 26
786 686 27
796 694 31
925 823 25
971 871 28
110 10 29
204 103 30
236 137 26
354 254 32
425 323 32
533 431 34
711 609 30
786 684 31
880 778 25
973 873 28
101 3 24
106 5 34
131 29 33
198 98 29
578 480 29
585 486 29
619 517 33
1008 908 33
1070 970 32
1076 975 29
172 70 29
174 74 30
379 279 25
584 482 31
633 532 25
670 571 25
677 578 24
701 602 27
897 797 25
954 852 31
319 219 29
330 230 30
385 284 34
435 334 29
523 422 27
613 515 27
655 554 32
712 612 30
959 859 33
995 893 28
118 18 26
135 34 32
149 48 31
263 164 33
286 186 31
390 291 34
396 298 25
708 606 27
808 710 33
988 886 28
329 228 33
376 276 33
441 339 27
605 503 30
674 576 28
750 651 25
803 705 27
1028 930 29
1057 958 32
1083 982 33
381 281 33
420 321 31
466 364 29
466 366 26
803 704 24
922 822 29
951 851 26
966 868 26
984 884 24
1089 987 32
250 152 32
275 177 31
411 312 27
429 327 30
587 485 34
715 616 29
821 719 33
856 756 33
1011 911 32
1034 934 31
182 82 26
354 254 29
440 339 26
469 371 31
623 525 32
697 597 30
731 631 32
835 735 31
870 771 32
921 821 31
175 73 25
303 201 30
384 286 32
521 422 33
540 440 34
657 556 27
879 781 24
985 884 30
993 892 28
1083 981 26
117 19 34
200 100 27
239 141 29
282 184 32
296 194 26
310 208 32
619 521 32
834 735 25
977 876 32
1032 931 34
119 18 30
437 337 30
439 338 34
466 365 29
576 477 33
688 588 34
700 602 33
778 680 33
914 813 34
1062 960 26
193 95 28
268 166 26
382 284 25
430 330 26
472 372 25
490 389 30
541 443 34
815 717 28
918 816 31
1084 983 33
114 14 26
151 52 25
247 148 32
376 277 33
466 368 25
744 643 27
915 814 27
952 851 32
1060 960 28
1063 961 31
184 84 33
246 144 27
269 171 30
327 226 27
436 338 29
460 361 29
555 457 27
737 637 30
794 696 28
913 815 34
252 151 31
639 540 30
659 560 25
801 700 33
824 725 30
833 734 28
895 794 25
955 856 33
995 894 28
1078 976 30
261 163 28
345 246 27
371 269 31
390 291 27
604 505 26
654 553 33
662 561 31
686 586 27
944 845 30
1059 958 28
127 25 25
147 46 28
180 81 28
203 101 27
429 328 30
496 398 32
555 456 33
810 711 29
978 879 33
1055 955 30
141 40 28
210 112 29
250 150 25
313 213 28
332 231 28
590 491 31
725 626 26
745 645 27
935 835 26
1019 919 34
140 39 30
163 61 31
382 283 33
563 461 28
608 510 30
621 521 33
697 595 27
701 602 26
772 673 28
1031 931 32
389 289 29
438 336 33
492 394 26
555 453 32
665 567 30
667 567 25
914 812 28
927 829 31
1001 900 30
1101 999 28
189 87 27
317 217 32
331 230 30
401 303 29
432 334 28
506 405 25
582 484 29
665 565 32
778 680 28
878 780 30
207 109 33
238 140 33
499 398 31
500 401 25
530 428 28
595 493 26
618 520 31
769 668 31
996 897 25
1005 907 26
128 27 31
167 69 26
295 195 26
305 204 32
459 361 24
544 444 25
628 529 30
651 552 25
737 636 26
1007 908 34
130 30 24
364 265 29
456 357 32
541 443 28
663 563 28
756 658 25
770 671 25
854 755 28
953 852 30
1026 926 26
112 12 25
201 100 34
334 234 32
469 368 30
548 450 32
713 614 29
717 617 32
865 764 26
887 787 29
906 805 34
118 19 30
132 31 33
150 48 28
195 97 33
333 231 26
730 632 28
732 631 26
766 668 25
772 671 29
975 875 26
119 18 32
123 23 30
208 109 24
307 208 27
309 210 34
466 367 34
563 461 28
601 503 29
848 749 32
1052 952 25
121 22 28
197 96 27
277 176 33
300 199 26
377 276 28
499 400 29
558 456 27
575 475 30
721 619 30
989 890 30
175 77 28
226 127 25
357 259 24
510 408 34
620 519 32
759 660 32
990 888 25
1049 948 26
1051 950 25
1082 981 32
174 74 27
201 101 28
241 142 24
385 286 34
458 357 25
563 464 34
867 766 24
934 835 27
958 860 28
1065 966 28
184 85 30
209 110 31
480 379 31
575 473 28
674 572 34
883 785 24
908 807 26
930 829 33
1029 929 33
1081 982 26
286 184 28
293 191 28
355 255 31
489 389 30
510 409 33
665 563 27
698 598 26
723 622 29
742 642 34
874 776 28
240 140 26
396 297 29
423 321 32
474 375 30
569 470 34
628 530 25
632 532 31
708 607 33
772 672 25
913 812 28
375 274 29
380 280 34
472 372 29
494 395 32
632 532 34
741 640 27
907 806 26
946 848 28
968 867 30
1057 957 34
305 207 29
349 250 31
373 275 32
645 543 29
647 548 28
661 562 27
688 586 31
821 722 30
867 769 28
870 769 33
154 52 29
323 224 32
392 290 28
403 302 33
673 574 32
893 794 31
932 831 25
937 836 31
990 891 30
1082 980 28
243 145 28
261 159 26
462 364 31
561 461 28
576 476 30
597 498 27
712 614 31
810 709 28
898 800 30
933 834 30
370 272 26
381 281 33
438 338 32
485 387 31
629 527 33
674 576 27
739 641 29
773 673 27
915 817 25
1045 947 33
208 109 34
334 234 34
395 294 30
615 515 29
618 520 25
677 577 30
778 676 25
817 719 26
868 766 34
1062 961 32
129 31 25
172 74 31
324 225 31
397 299 25
489 388 29
525 427 26
757 655 24
774 674 34
782 681 31
1097 998 28
142 40 29
172 70 31
277 176 29
397 296 30
398 296 32
405 305 34
738 637 34
757 659 26
775 674 27
838 738 30
348 246 30
415 315 28
440 339 25
460 358 34
530 432 25
660 562 31
681 581 32
722 623 30
816 718 31
857 758 27
134 35 30
279 179 28
303 203 33
352 252 27
357 258 33
499 400 29
515 415 31
852 753 25
974 876 24
1054 956 30
144 44 29
295 197 31
333 232 30
355 256 29
396 295 32
443 345 25
609 511 26
753 652 30
827 727 27
852 751 33
167 65 28
276 174 30
375 274 32
419 319 25
551 453 27
590 492 27
615 517 33
637 535 31
815 715 33
1055 955 30
130 30 31
295 194 28
315 216 29
419 317 32
437 339 33
592 491 27
747 648 25
781 680 26
790 690 25
1070 970 26
145 45 28
156 57 32
346 248 33
372 272 26
376 275 30
547 448 25
866 766 31
913 812 25
955 857 26
960 859 25
178 76 30
190 91 26
210 108 33
243 145 34
379 281 27
507 408 25
753 654 31
754 652 25
871 769 28
949 847 32
218 117 32
325 224 26
395 297 32
458 357 29
518 419 26
567 467 32
757 659 31
764 666 25
1059 960 27
1096 997 27
182 82 30
229 131 27
282 184 27
430 328 34
717 616 29
718 619 26
721 621 26
749 648 25
791 691 28
1032 932 28
183 82 28
220 122 34
342 242 30
394 296 34
408 310 33
612 513 29
800 698 33
863 764 25
1043 942 30
1053 954 25
194 95 26
274 172 32
291 191 29
425 325 29
486 388 28
549 447 26
660 560 30
714 614 30
843 743 30
1046 947 32
214 114 33
298 197 32
315 213 29
379 279 25
420 321 30
505 407 28
548 446 30
635 533 24
686 585 29
924 824 30
108 10 30
130 30 24
136 38 32
197 95 27
456 355 25
469 367 30
583 482 32
586 485 27
603 503 33
736 637 31
300 201 26
441 340 29
493 391 28
520 419 33
556 458 26
571 471 27
700 600 34
897 799 31
985 886 32
1068 966 25
184 85 30
303 201 28
338 236 30
590 489 32
731 632 28
733 631 29
749 649 26
763 661 29
839 737 27
953 851 33
105 4 34
205 107 32
217 115 34
357 259 29
507 406 33
610 511 32
689 590 34
733 633 31
737 637 29
961 862 26
174 72 28
200 101 33
403 304 28
456 356 33
589 490 26
674 575 31
747 649 28
875 773 28
960 861 31
997 896 32
120 18 29
231 129 30
464 365 27
608 508 33
636 534 27
643 542 30
751 652 28
838 736 26
903 801 27
988 887 27
183 81 31
232 134 29
274 172 28
289 187 26
323 225 30
596 496 28
752 654 29
767 666 34
867 769 26
958 857 25
325 224 25
344 245 28
357 256 26
384 285 32
502 402 30
640 540 34
750 648 26
974 875 26
1045 947 25
1081 981 28
279 181 29
320 219 28
529 428 24
542 442 34
582 481 34
857 759 31
867 768 34
896 796 27
1005 906 32
1086 985 31
212 111 27
228 126 27
441 341 29
448 346 27
452 351 32
581 479 33
743 644 25
802 701 29
1067 965 27
1084 982 26
174 73 30
202 104 29
217 115 25
267 167 33
614 513 26
711 609 24
727 625 31
810 709 28
1037 935 31
1086 987 25
133 32 34
135 35 24
154 53 32
270 169 28
286 187 34
572 474 33
627 529 25
903 802 32
922 822 27
924 823 31
174 72 34
195 94 32
498 397 27
564 465 32
576 475 31
597 496 25
773 675 31
836 736 28
926 824 29
948 846 33
312 212 26
354 254 26
475 373 24
642 541 28
687 589 34
703 604 25
805 704 28
854 752 25
1029 930 34
1063 961 31
218 120 26
381 282 30
424 322 31
486 384 32
659 560 24
747 647 29
1019 921 26
1069 969 30
1078 979 30
1091 993 24
120 22 30
179 80 24
215 117 32
218 116 25
233 133 32
333 233 33
485 385 27
565 464 27
773 671 29
788 687 31
127 27 29
156 56 33
334 233 25
460 360 33
517 419 28
714 614 27
722 622 25
815 713 32
838 739 26
886 787 33
109 11 30
267 168 25
365 264 31
466 365 29
499 398 28
721 621 33
789 687 26
878 778 32
898 798 27
971 872 31
151 52 29
182 83 32
441 343 28
508 408 29
654 554 27
812 710 28
893 794 34
962 860 28
1066 965 34
1092 992 30
143 43 25
295 195 28
319 217 30
362 261 25
397 299 30
486 387 34
606 507 34
771 671 34
920 819 32
1051 949 31
280 178 32
293 195 27
533 431 25
542 443 28
592 490 29
836 738 30
936 836 29
957 855 33
1012 912 28
1072 973 24
153 55 28
173 74 34
191 93 28
257 155 32
516 414 32
538 438 26
547 445 29
613 513 26
839 741 27
1069 971 32
121 23 31
341 241 25
384 284 29
443 341 34
480 380 26
560 462 32
629 530 27
740 639 34
838 737 24
961 859 33
196 95 26
309 208 31
355 255 24
415 315 32
419 317 26
553 452 30
765 666 28
835 735 27
865 764 34
1055 955 28
121 20 31
137 36 29
139 41 28
223 121 34
233 132 31
406 304 26
455 356 30
504 403 31
806 704 26
1075 974 27
129 30 29
173 73 27
265 167 28
753 652 34
852 750 33
879 777 32
954 852 32
969 870 27
979 879 29
1023 925 28
218 117 27
255 157 25
323 225 26
352 252 30
436 334 29
473 372 33
507 409 31
624 525 27
730 632 33
957 855 28
233 132 32
379 279 25
416 315 28
440 342 28
622 521 29
819 719 31
894 792 29
913 815 24
946 848 30
1001 900 29
129 30 25
409 307 28
428 329 30
435 337 33
475 375 29
510 412 25
699 600 33
830 731 28
1023 923 26
1067 969 32
202 104 31
342 242 30
433 335 30
503 404 27
519 419 29
530 431 30
758 659 33
1015 914 34
1018 920 34
1065 966 31
218 116 28
307 208 27
399 301 31
432 331 26
433 335 26
652 550 29
761 660 30
780 680 27
851 750 26
1089 991 32
227 125 28
284 183 27
307 207 26
337 235 29
378 277 30
712 613 31
786 687 34
814 715 32
964 863 26
989 887 32
105 6 28
143 42 29
259 160 31
323 224 29
337 235 27
381 281 34
632 530 25
633 532 25
646 548 28
680 580 32
142 41 27
261 161 26
264 163 25
274 173 25
338 239 33
355 256 26
500 401 33
511 412 31
860 760 26
919 820 28
115 15 25
125 23 31
189 90 31
378 276 28
379 280 34
520 421 25
538 439 25
622 520 27
889 790 27
1069 969 27
101 2 25
129 31 29
139 41 28
271 173 31
276 176 33
624 525 30
728 626 25
831 729 28
946 844 28
970 868 25
133 33 27
203 105 27
248 146 27
333 234 34
417 319 29
431 332 32
571 471 24
869 768 27
932 832 28
1012 911 28
193 95 27
306 208 30
458 356 27
499 400 29
507 409 30
635 536 31
683 581 28
759 658 28
1033 935 33
1087 986 30
247 149 29
283 181 26
475 376 28
559 459 29
631 530 32
717 615 26
744 643 31
748 650 30
1048 949 34
1075 976 28
281 182 27
355 257 25
526 428 31
571 469 33
650 548 29
697 598 29
875 773 33
1018 916 33
1069 967 24
1097 998 26
120 21 27
172 74 31
322 222 27
344 243 31
573 474 26
643 544 32
833 732 31
842 744 29
868 766 33
1030 931 30
