500 20 1211946
25 116 225
25 120 166
25 90 246
25 69 219
25 146 233
25 145 157
25 150 205
25 53 238
25 75 153
25 106 188
25 131 161
25 68 213
25 107 163
25 60 154
25 71 192
25 95 209
25 85 248
25 72 188
25 115 160
25 56 167
1026 12 13
1268 262 14
1499 493 12
1693 681 11
3244 2224 13
3776 2776 10
3937 2930 10
4116 3133 14
5428 4433 13
5539 4555 14
5641 4650 12
5724 4722 12
5946 4934 11
5992 4990 14
6022 5020 12
6374 5358 12
6493 5487 11
8369 7367 11
8412 7431 10
8826 7809 13
9058 8076 12
9378 8385 11
9529 8521 13
9569 8577 11
10590 9573 14
1154 135 11
1261 246 13
1383 382 12
2023 1019 12
2201 1205 10
2735 1750 13
2808 1816 12
3446 2427 13
3471 2458 10
3881 2891 11
3908 2899 13
4406 3399 11
4908 3913 12
5323 4312 11
5417 4419 11
5619 4639 10
5885 4898 13
6822 5822 13
7301 6291 12
7313 6316 11
7394 6383 14
7415 6433 14
7471 6457 14
7821 6818 14
9935 8932 11
1032 14 11
1697 679 10
1790 780 11
3149 2142 13
3550 2540 12
3597 2585 10
3939 2948 12
4421 3403 10
4635 3635 11
4936 3936 11
5812 4805 10
5840 4852 14
6113 5108 13
6482 5473 11
6508 5521 11
6570 5578 11
6657 5671 10
7124 6127 13
7864 6860 12
8291 7277 11
8377 7397 12
8539 7539 10
8888 7872 11
10226 9226 12
10294 9298 11
1285 280 10
1416 398 13
1775 795 10
1828 840 13
3119 2111 11
3345 2359 14
4034 3021 14
4375 3392 14
4529 3537 11
4598 3614 11
4967 3957 13
5076 4093 11
5383 4393 12
5480 4460 14
5888 4895 11
6008 5020 12
6152 5158 12
6614 5598 13
8550 7557 10
8794 7787 10
9241 8257 13
9432 8429 13
10259 9258 11
10639 9625 12
10743 9743 11
2298 1313 12
2535 1546 13
3286 2284 13
3433 2425 11
3488 2470 13
3510 2496 12
3692 2690 12
3798 2784 13
4069 3087 10
4771 3790 11
5213 4232 13
5974 4977 11
6191 5187 10
6232 5242 12
7045 6027 12
7476 6471 10
7582 6597 13
7959 6948 13
9137 8152 13
9355 8355 13
9363 8348 12
9597 8613 13
10052 9054 13
10454 9473 12
10603 9617 11
1223 241 10
1672 660 11
2819 1837 13
2835 1849 10
3382 2401 12
3474 2462 10
3554 2561 10
4098 3093 12
4114 3111 11
4151 3164 12
4998 3991 14
5085 4099 13
5094 4089 13
5270 4289 10
5474 4469 10
5618 4605 13
5789 4805 14
6026 5013 10
6170 5154 11
6792 5786 14
8084 7075 12
8574 7568 11
10244 9244 11
10419 9417 13
10740 9734 13
1793 793 13
1810 796 11
2343 1350 13
2502 1503 12
3060 2049 11
4507 3525 12
5004 4021 11
5287 4283 13
5468 4454 13
5671 4665 12
5887 4880 12
6021 5014 13
6139 5149 12
6241 5240 14
7203 6203 13
7359 6378 11
7758 6755 11
8066 7055 13
8717 7711 11
9621 8638 11
9859 8852 13
9895 8884 10
9900 8887 14
10652 9669 13
10972 9962 13
1375 373 11
1761 771 10
1946 926 12
1966 966 14
3840 2856 11
3959 2966 11
4350 3339 13
4440 3441 14
4634 3624 13
5049 4051 13
5339 4343 12
5569 4581 10
5700 4696 12
5713 4700 10
6581 5573 13
6773 5779 11
6873 5874 12
7331 6343 10
8511 7509 13
8520 7520 13
8876 7867 12
9420 8416 12
9648 8639 13
9958 8969 10
10036 9047 12
1096 115 13
1200 205 11
1646 632 12
1770 765 11
2681 1693 13
2801 1815 13
2927 1912 10
2956 1952 11
3240 2247 14
3448 2465 13
3726 2711 13
5056 4053 13
5208 4213 10
5992 4981 13
6142 5137 13
6178 5182 14
6195 5211 12
6462 5444 12
6494 5487 13
6539 5526 11
7632 6641 11
8526 7524 13
10157 9157 10
10662 9660 11
10720 9725 11
2018 1014 13
2077 1062 13
2921 1917 10
2991 2002 10
3347 2337 14
3353 2369 11
3746 2766 13
3832 2824 10
3869 2868 12
3927 2923 13
4273 3277 11
4549 3565 12
5012 4029 13
5062 4042 13
6630 5640 10
6723 5724 11
7338 6332 13
7908 6892 14
8495 7503 11
9142 8157 12
9203 8185 10
9640 8645 10
9915 8923 12
10769 9773 14
10815 9812 13
1707 712 13
1836 822 13
2587 1570 12
2730 1730 11
3105 2118 11
3291 2306 13
3455 2448 11
4177 3168 11
4547 3538 13
4699 3694 11
4888 3888 11
5740 4745 11
7384 6388 11
7647 6656 11
7994 7012 12
8134 7127 12
8239 7219 12
9170 8179 14
9317 8310 13
9964 8973 13
9986 8993 12
10069 9081 11
10397 9407 10
10489 9476 11
10995 9990 12
1209 224 13
1541 524 12
1541 558 11
2215 1233 12
2299 1319 12
2567 1587 13
3089 2071 10
3635 2629 13
3670 2674 11
4914 3898 12
5170 4166 12
5612 4611 13
5634 4640 10
6189 5208 10
6474 5479 11
8349 7344 13
8415 7432 11
8796 7781 13
9317 8297 13
9571 8569 12
9577 8567 10
9855 8843 12
10086 9098 10
10339 9335 10
10582 9599 10
1712 701 14
1949 960 10
2003 994 10
2389 1402 13
3634 2650 11
3774 2764 11
4110 3108 10
4198 3207 10
5055 4044 12
6035 5030 13
6281 5287 10
6606 5597 11
6672 5692 14
6715 5702 11
6865 5877 12
7500 6489 11
7579 6590 14
8379 7377 13
8522 7511 12
8912 7892 10
9700 8691 11
9719 8714 10
10383 9375 10
10445 9455 14
10627 9616 12
1543 526 13
1770 780 11
2501 1489 13
2720 1709 12
3242 2231 11
3369 2361 13
4641 3655 14
5222 4238 14
5383 4396 10
5449 4454 14
6719 5719 10
6745 5758 14
7211 6214 10
7408 6399 12
7962 6979 11
8000 7005 13
8072 7069 11
8193 7185 13
8414 7405 13
8730 7714 10
8807 7795 11
9251 8246 13
10195 9180 11
10570 9572 13
10782 9764 10
1605 612 12
1953 967 12
2484 1466 14
2684 1674 12
3687 2699 14
4057 3056 13
4546 3559 12
5047 4064 12
5217 4209 11
6021 5004 12
6844 5837 13
6958 5954 13
7040 6029 10
7068 6054 13
7240 6230 11
7405 6401 12
8242 7236 13
8330 7313 13
8369 7353 14
8487 7473 12
8497 7481 10
8954 7954 13
9112 8127 11
9613 8609 13
9626 8637 10
1273 289 12
1391 388 14
1484 465 13
1641 631 10
2484 1469 10
2702 1701 12
2951 1939 10
3198 2212 11
3887 2906 13
4046 3038 12
4193 3183 11
4857 3872 13
5658 4657 12
6177 5176 10
7094 6082 12
7518 6498 13
7586 6578 11
7673 6690 11
7712 6718 11
8289 7306 12
8869 7858 12
9161 8144 12
10254 9238 12
10601 9586 13
10887 9877 10
1798 784 11
1986 991 11
2658 1648 12
3369 2357 11
3489 2504 12
3640 2637 12
3832 2828 14
3906 2902 11
4010 3026 12
4117 3108 10
5214 4229 13
5724 4721 11
6194 5174 12
6511 5509 10
6667 5660 12
7292 6288 11
7614 6603 14
8132 7146 12
8561 7546 13
9050 8036 10
9179 8182 11
9412 8408 12
9622 8633 11
10200 9203 12
10654 9634 12
1566 554 11
1963 947 13
2316 1329 11
2345 1352 11
2403 1404 11
2729 1723 11
2905 1893 14
3613 2600 10
4233 3240 11
4938 3925 12
5271 4280 10
6004 4996 10
6173 5163 11
7198 6192 11
7262 6252 11
7326 6306 12
7626 6637 11
7662 6674 10
8284 7302 11
8765 7773 11
8820 7811 13
9601 8599 11
9817 8818 10
10194 9187 14
10849 9834 11
1940 936 12
2071 1070 12
2302 1312 13
3405 2396 11
3556 2549 13
3761 2745 11
3922 2906 11
4409 3428 11
4445 3437 10
4932 3929 14
5653 4639 14
5727 4710 14
6250 5245 12
6818 5821 12
7307 6324 12
7483 6490 14
7738 6748 10
8137 7148 11
8298 7316 12
8427 7419 12
8969 7983 11
9643 8653 11
10152 9150 11
10694 9704 12
10931 9927 11
1357 366 10
1775 777 12
2813 1813 12
3009 2018 10
3623 2641 13
4605 3616 11
4866 3862 13
5058 4047 13
5230 4231 11
6125 5110 10
6321 5307 12
6401 5404 11
6566 5553 12
6805 5819 11
7016 6028 10
7495 6498 14
7845 6825 14
8544 7559 13
8841 7861 14
8998 7980 13
9560 8552 12
9612 8596 12
10175 9189 10
10332 9332 13
10939 9958 13
