1000 100 244866
10 136 204
10 144 226
10 129 197
10 101 170
10 51 219
10 146 222
10 93 181
10 52 173
10 114 197
10 111 153
10 146 236
10 128 189
10 115 203
10 72 178
10 65 177
10 92 186
10 90 244
10 128 249
10 72 158
10 104 217
10 109 187
10 62 243
10 60 157
10 116 225
10 81 178
10 122 248
10 104 184
10 115 193
10 117 176
10 65 170
10 56 167
10 128 222
10 77 202
10 53 153
10 142 239
10 85 174
10 111 207
10 102 242
10 146 208
10 120 162
10 63 150
10 87 186
10 115 242
10 148 240
10 66 210
10 85 156
10 112 206
10 139 225
10 84 237
10 128 207
10 115 183
10 60 154
10 78 239
10 74 228
10 133 175
10 127 175
10 57 234
10 58 162
10 108 228
10 54 203
10 113 156
10 93 214
10 68 248
10 89 202
10 71 155
10 135 154
10 110 157
10 93 200
10 57 233
10 97 219
10 81 245
10 128 197
10 57 169
10 121 163
10 119 150
10 90 202
10 82 203
10 128 246
10 65 204
10 60 231
10 86 160
10 55 248
10 144 183
10 78 218
10 75 173
10 146 207
10 60 214
10 109 211
10 71 170
10 103 161
10 108 172
10 77 192
10 87 203
10 141 175
10 109 225
10 76 166
10 134 152
10 66 171
10 81 234
10 87 237
105 5 31
152 53 28
250 150 35
268 168 26
407 306 29
741 642 33
789 687 26
916 817 32
1047 947 33
1097 999 34
132 33 33
252 151 33
383 283 27
482 383 30
500 399 27
641 542 27
717 618 28
721 620 32
860 759 26
876 774 30
270 169 30
297 197 28
329 227 32
435 333 25
703 605 30
789 687 32
842 743 27
848 749 34
887 786 33
991 892 28
177 79 26
234 135 33
388 286 27
630 532 32
844 745 31
858 757 27
890 792 26
952 852 30
1049 949 30
1074 972 34
212 113 28
397 296 26
671 571 29
685 584 31
712 611 26
768 670 29
833 735 33
912 810 26
921 819 27
997 898 34
156 54 34
235 134 27
294 193 25
624 524 27
650 551 31
732 633 29
847 748 30
857 758 25
915 814 26
994 896 26
146 45 30
263 161 32
425 325 26
452 350 33
516 414 28
636 537 31
754 656 30
789 687 31
878 776 25
1074 973 34
120 22 26
399 298 29
528 426 32
540 438 25
631 531 29
693 595 29
700 598 32
818 717 34
890 792 25
897 797 34
177 79 25
227 126 30
263 163 26
579 480 34
645 544 32
722 623 26
777 678 26
894 793 30
897 799 25
934 835 33
158 57 25
159 58 31
332 233 33
454 354 32
494 393 35
845 743 32
866 768 26
892 793 34
994 896 28
1090 989 29
310 212 29
518 418 35
629 531 25
704 604 35
884 785 30
947 846 30
959 859 28
1027 925 33
1043 945 28
1071 971 33
260 162 32
432 332 33
468 368 34
565 466 31
570 472 26
602 504 28
844 746 29
960 860 25
996 897 25
1006 908 33
108 9 34
253 152 30
400 299 32
581 483 29
608 506 32
650 549 30
888 786 31
890 792 34
1032 930 28
1034 935 27
154 52 25
237 137 29
351 252 31
379 280 29
521 422 29
556 456 28
695 595 33
870 770 32
921 819 32
989 888 30
142 44 25
181 83 30
194 92 25
196 98 31
238 139 25
282 184 30
429 331 27
580 478 31
953 851 32
964 863 26
148 47 31
156 58 25
249 150 33
287 187 27
365 263 26
507 407 30
803 701 30
834 734 29
1038 937 28
1043 945 25
126 27 32
157 57 25
248 148 26
291 191 25
340 242 31
555 453 32
630 528 29
732 634 29
1025 923 31
1077 978 25
376 278 28
443 342 33
601 500 28
605 503 28
742 642 33
796 696 32
816 717 25
845 744 33
960 858 33
991 890 28
420 320 32
490 392 28
529 430 28
569 471 27
625 525 29
650 549 29
786 687 30
983 884 28
984 883 28
1075 974 31
161 61 29
487 386 25
493 394 31
515 416 34
563 463 31
772 671 31
835 736 27
848 750 33
927 827 27
963 865 30
154 52 26
182 82 29
229 127 26
282 183 33
413 312 25
529 427 33
623 525 26
660 562 34
682 581 25
944 846 27
183 85 25
209 107 26
314 213 33
448 346 34
449 347 31
619 517 26
766 667 28
875 773 34
1065 964 30
1087 987 32
99 1 28
340 240 35
426 326 29
497 396 33
567 466 34
570 470 27
839 741 33
971 870 27
1022 923 33
1022 923 34
205 104 26
264 162 32
284 185 29
365 265 32
434 333 25
868 767 31
913 811 28
954 855 25
962 861 30
1033 933 28
124 23 30
127 28 30
188 88 26
225 125 25
368 268 26
426 325 26
814 716 30
842 742 33
907 807 28
973 871 33
144 43 25
295 197 27
550 449 25
637 538 31
748 648 29
863 761 35
867 769 33
989 890 28
1059 959 34
1096 997 33
191 92 27
315 216 31
355 253 31
370 269 29
548 446 28
567 467 34
596 495 34
727 627 27
746 647 34
1067 969 32
127 28 26
174 72 27
304 203 31
379 278 35
652 551 31
657 558 32
798 700 27
915 813 27
980 882 28
1001 903 25
136 36 30
208 106 32
450 348 28
462 364 32
499 400 28
634 534 27
663 563 26
745 644 25
887 789 31
996 896 26
104 6 28
289 190 31
301 203 30
354 252 34
388 288 31
420 320 26
552 451 29
620 520 33
837 739 30
1042 941 26
112 14 30
163 65 33
186 86 26
190 90 28
382 280 31
431 332 32
446 345 28
659 558 31
714 612 33
1016 917 33
255 156 26
288 190 32
316 215 30
372 270 28
382 284 35
567 465 33
622 523 25
659 559 34
718 618 27
962 860 34
110 11 32
148 48 30
192 91 30
248 147 25
375 277 28
483 383 31
657 559 35
816 714 31
834 735 30
940 841 32
151 53 30
256 157 26
334 232 26
394 295 30
495 395 25
549 447 25
595 495 32
621 523 30
846 747 26
947 845 26
311 211 35
329 229 26
456 354 34
486 386 29
546 447 28
661 559 26
757 655 32
856 756 27
880 778 27
1002 902 31
129 27 32
152 52 28
202 102 33
392 291 34
425 324 27
600 500 33
606 507 25
698 598 31
714 615 30
856 756 33
131 31 25
176 75 33
198 98 28
244 144 30
292 190 34
604 506 32
926 826 27
997 898 28
1060 961 33
1063 962 34
237 139 28
393 293 25
451 349 33
721 620 31
737 635 25
747 645 34
804 703 29
859 759 32
1005 906 28
1045 947 32
123 22 29
176 78 30
413 313 31
477 375 34
551 450 28
565 467 28
905 805 29
982 880 35
1036 936 25
1097 996 31
108 9 28
144 45 35
193 91 28
297 195 29
316 215 35
562 461 25
648 547 29
713 613 25
789 687 34
930 830 30
157 58 32
247 147 33
473 372 31
474 376 31
531 432 28
571 472 29
616 514 29
716 615 31
894 792 32
1037 936 27
105 3 34
215 114 29
272 173 27
357 256 34
373 272 33
442 340 34
705 604 33
756 656 28
862 763 28
1047 945 33
346 245 28
374 272 30
385 286 30
415 317 26
546 448 30
746 644 25
811 712 27
885 783 25
976 875 30
1013 914 27
529 429 28
545 443 28
586 484 25
706 607 33
738 640 26
818 717 30
826 725 25
909 809 27
942 844 32
969 868 29
174 75 31
224 125 35
293 194 33
355 256 34
368 266 34
609 507 29
647 545 26
716 614 27
721 621 26
757 655 35
304 202 33
428 329 32
507 408 31
578 476 30
636 534 31
733 633 27
758 659 32
759 657 35
931 830 33
1055 953 34
277 177 35
456 354 32
723 622 26
811 711 26
920 818 34
939 841 30
1004 904 31
1037 937 25
1038 936 28
1060 958 28
141 42 31
337 237 30
426 324 31
453 352 33
495 394 32
604 502 29
796 698 30
893 793 35
987 885 26
1050 949 30
244 144 29
281 181 29
325 226 29
402 303 27
501 401 32
709 611 25
716 617 32
843 745 29
848 748 26
1075 974 25
104 3 26
153 55 29
341 242 32
388 286 33
540 442 29
581 482 26
702 600 26
879 781 26
961 859 32
1038 939 34
374 272 32
446 345 33
451 352 30
470 368 30
536 436 33
648 548 26
664 566 35
743 642 28
886 788 32
917 816 27
136 36 27
142 41 34
219 120 28
235 136 28
325 227 25
385 287 28
492 392 31
516 414 27
820 722 27
962 864 34
116 17 33
254 155 33
279 177 28
480 379 29
550 450 27
642 544 34
656 557 25
939 840 28
991 889 34
1057 956 27
411 312 32
501 400 28
717 617 27
722 620 27
747 648 32
782 682 28
813 714 31
870 769 32
958 856 26
976 874 33
165 66 31
207 107 28
346 246 35
466 364 31
489 388 27
805 706 26
822 721 27
852 754 26
862 760 27
1086 987 29
125 24 33
260 162 31
668 570 32
683 583 29
736 638 25
767 666 32
865 764 31
1012 912 29
1028 927 28
1081 981 28
154 54 33
318 220 26
519 421 26
574 472 26
601 502 31
629 528 30
642 543 25
754 652 29
971 873 27
1096 994 30
101 2 35
164 63 25
290 190 26
346 247 33
426 325 25
528 426 26
554 454 28
651 549 29
758 659 32
1094 992 34
158 59 28
324 224 30
411 313 31
511 410 33
522 422 30
617 519 33
758 657 25
827 727 31
979 880 30
995 895 31
366 266 28
525 423 28
737 638 35
780 681 32
808 707 31
818 719 25
863 762 31
986 886 27
996 895 28
1073 973 29
190 88 34
224 124 33
299 201 29
343 244 34
418 316 29
424 322 35
431 330 27
523 425 30
528 429 26
604 506 30
237 138 33
238 139 32
390 288 33
452 354 27
537 438 29
565 465 32
615 514 34
648 547 34
973 875 30
1006 906 30
110 9 32
120 20 32
717 617 26
722 621 29
744 646 34
765 663 35
775 673 28
922 822 30
944 846 34
961 861 31
201 101 26
218 119 32
328 230 29
614 513 31
749 647 29
877 779 32
906 806 30
911 810 30
1048 946 28
1072 972 33
244 142 28
286 188 30
307 207 28
309 210 31
415 313 28
733 631 28
802 702 26
880 781 35
966 865 26
1012 913 25
110 10 25
185 84 33
220 122 30
243 143 28
318 219 29
330 229 30
465 366 32
849 750 35
879 781 28
920 821 25
132 31 29
253 153 29
274 173 31
457 358 34
590 491 35
639 537 33
863 762 29
996 897 30
1005 906 29
1024 925 29
136 38 30
288 186 31
353 253 27
532 430 28
662 564 33
675 575 33
681 582 35
760 662 32
839 737 33
1051 952 34
120 22 32
169 71 34
352 252 34
377 279 33
510 411 34
681 580 29
820 718 31
846 746 30
852 751 27
879 778 34
113 15 32
131 30 28
379 277 32
585 487 35
606 508 35
673 573 27
695 595 27
739 638 26
905 804 34
995 895 25
135 35 33
267 165 27
313 213 25
319 217 31
425 323 27
536 436 33
628 526 33
790 690 26
902 802 35
1017 918 28
107 6 30
219 119 26
398 299 29
538 440 34
568 467 25
578 476 34
659 557 30
915 814 31
1041 941 26
1080 978 35
273 172 31
303 203 32
326 226 30
647 547 34
654 555 29
655 554 32
724 623 30
813 715 30
879 778 30
953 852 33
134 36 32
221 121 33
233 135 32
343 243 32
412 312 33
642 541 34
829 727 32
1000 899 25
1063 961 31
1085 986 28
222 122 27
376 274 25
386 284 35
416 318 34
497 395 27
517 416 32
708 606 31
812 710 31
830 728 34
881 782 26
101 1 33
105 5 30
140 41 29
422 321 34
594 496 28
655 553 34
711 609 28
732 631 25
1039 937 30
1073 971 26
124 24 34
318 217 34
339 237 26
580 481 32
668 566 32
704 602 27
785 684 32
830 730 29
905 806 32
918 819 28
101 3 25
172 73 31
271 172 28
473 371 33
487 385 35
781 682 33
799 699 31
916 814 34
918 817 27
1017 915 32
200 98 34
376 275 31
391 289 26
577 476 25
577 479 31
725 623 32
756 654 33
776 677 32
820 720 26
1049 949 25
239 139 33
242 143 29
303 201 33
529 431 33
725 623 29
761 659 29
797 699 27
877 775 32
907 807 34
1077 977 34
246 144 25
297 198 29
322 223 30
367 266 32
494 396 29
565 465 28
578 477 33
612 511 27
692 590 30
879 777 33
109 10 30
184 84 29
343 241 29
390 290 34
433 331 32
859 758 26
910 808 33
925 824 28
944 842 35
973 872 26
160 60 30
210 112 33
231 132 25
329 231 33
536 434 26
584 485 26
815 716 28
901 803 32
918 816 25
945 847 27
243 144 29
325 227 28
410 309 26
544 446 31
592 491 31
620 519 33
870 769 32
964 862 27
1050 950 28
1055 954 31
134 35 27
157 57 33
159 60 27
172 71 26
321 219 32
458 358 34
516 416 34
813 711 27
1000 902 30
1018 919 26
181 80 34
259 158 32
359 261 33
381 281 32
421 322 34
467 368 27
863 762 30
911 809 26
953 852 27
1090 989 33
127 29 27
164 65 30
198 96 33
354 253 27
594 493 27
620 522 28
627 525 27
992 892 33
1071 969 26
1101 1000 34
172 70 34
195 94 28
386 286 29
437 335 34
533 434 31
537 437 29
547 448 29
734 635 30
832 731 34
930 828 31
149 51 25
375 277 30
407 309 30
439 338 32
452 352 33
522 420 32
913 812 26
1002 900 28
1057 958 31
1060 959 33
184 85 26
348 248 33
353 255 26
363 261 29
526 424 25
556 458 33
648 546 29
709 609 29
1060 959 29
1072 971 34
156 57 32
194 95 26
277 175 33
744 645 34
754 654 30
987 888 32
988 890 30
991 892 35
998 898 34
1031 931 31
145 45 33
152 50 25
247 149 30
325 224 27
370 268 25
706 605 33
822 720 33
844 746 32
901 800 33
1078 976 26
171 72 30
335 234 30
456 357 34
505 405 29
545 445 28
672 570 27
788 687 35
855 757 34
887 788 34
1076 975 34
165 66 27
412 311 31
441 339 25
462 360 26
615 514 34
658 558 29
735 635 31
871 773 33
909 809 25
946 845 26
106 6 33
180 80 27
341 242 35
407 307 31
444 346 31
616 517 31
650 551 33
676 575 30
767 665 28
1005 907 28
111 13 28
127 26 31
225 123 35
581 481 28
623 524 32
810 712 27
834 734 31
915 814 26
966 864 35
1002 900 33
136 34 33
367 266 29
377 277 29
381 281 26
487 385 28
665 563 27
698 596 27
788 687 26
882 780 30
946 847 30
123 22 30
358 259 26
426 326 30
510 410 33
542 440 34
580 480 25
738 640 28
834 734 30
910 811 35
918 819 33
173 74 30
207 107 30
210 109 26
219 120 30
250 148 31
309 208 34
348 246 27
641 540 30
854 754 29
1074 975 29
130 28 34
221 123 25
292 192 33
339 238 28
353 253 32
713 611 25
834 733 28
862 762 35
867 769 34
1002 902 27
