1000 20 272198
50 72 169
50 56 150
50 108 234
50 120 184
50 123 202
50 78 241
50 107 236
50 124 236
50 104 249
50 74 192
50 74 247
50 138 180
50 79 249
50 67 169
50 81 198
50 111 238
50 75 177
50 89 230
50 123 195
50 82 188
103 4 6
115 14 6
131 32 5
141 42 4
144 45 5
151 50 6
199 101 6
237 135 4
246 145 6
254 154 5
300 202 6
321 222 6
357 259 4
402 301 6
440 338 5
466 364 6
475 374 6
477 379 5
481 380 5
511 413 6
531 433 5
543 442 5
546 448 6
552 454 6
597 498 5
606 504 6
609 510 6
652 551 6
692 594 5
735 637 4
743 644 5
756 657 5
778 680 4
779 679 5
780 678 4
817 715 4
839 738 6
876 776 4
914 816 6
944 844 6
989 891 5
1006 904 6
1011 909 4
1016 914 5
1019 917 6
1025 926 6
1060 961 5
1067 966 5
1074 976 5
1079 978 6
110 8 5
113 12 6
145 47 5
149 50 5
160 61 6
192 90 5
203 104 5
250 148 5
252 150 6
274 172 5
321 219 4
335 236 5
358 260 4
359 258 5
381 281 4
419 320 6
430 332 5
478 376 4
514 415 6
518 418 5
529 430 5
534 434 5
541 443 5
552 452 5
567 466 5
577 479 5
587 486 5
630 528 5
662 564 5
672 571 4
701 603 4
709 610 5
741 643 5
764 663 6
768 669 5
770 671 4
771 669 4
793 692 6
794 696 5
811 711 5
832 734 6
835 733 5
863 765 6
873 775 5
889 789 5
963 864 5
978 876 6
981 883 4
1036 938 5
1051 949 5
134 33 5
150 51 4
157 57 6
175 77 5
219 118 6
225 123 6
240 138 5
255 155 4
264 163 5
291 191 5
309 207 5
310 210 6
326 227 5
403 304 4
476 374 5
531 429 5
539 439 5
572 473 5
573 473 6
644 543 6
674 574 6
712 610 6
762 662 5
766 666 5
769 668 5
793 695 5
797 697 5
811 709 5
817 718 5
823 723 6
835 735 5
851 753 5
862 762 6
901 803 4
917 816 6
920 821 5
942 842 6
990 890 5
1001 902 5
1003 903 5
1004 905 5
1006 908 6
1010 912 4
1038 938 6
1043 943 5
1050 952 5
1065 967 5
1080 980 5
1092 994 5
1098 996 5
116 16 5
119 17 4
122 22 5
124 23 5
136 34 5
164 62 5
179 81 5
180 78 5
223 121 6
229 127 5
235 134 6
244 142 6
247 146 5
257 155 6
271 170 5
304 204 5
326 226 4
342 240 5
384 284 6
399 298 4
453 354 6
467 368 5
471 373 6
496 397 6
509 408 4
517 415 4
552 451 5
560 458 4
577 479 5
590 488 5
642 541 5
668 566 5
692 591 6
710 609 5
714 616 4
724 624 5
752 650 6
804 705 4
810 709 4
884 785 6
891 789 6
936 837 5
956 856 6
974 875 6
979 877 5
999 900 4
1029 928 6
1032 931 5
1065 967 4
1078 980 6
109 10 6
110 9 4
150 51 5
164 64 5
177 79 4
222 124 4
230 131 6
296 196 5
300 199 5
301 200 6
337 239 5
419 320 4
465 367 5
472 371 5
473 374 5
481 383 6
486 384 5
492 392 5
498 397 5
532 432 5
538 437 4
546 447 4
557 456 5
569 467 5
615 516 5
618 517 5
651 551 4
671 573 5
699 599 5
720 619 5
724 626 5
731 632 4
734 632 6
735 634 6
745 647 6
789 687 6
818 716 6
848 746 6
888 790 4
901 803 6
916 817 6
929 830 4
939 841 5
944 843 4
950 852 5
1023 924 6
1033 933 4
1044 943 5
1063 961 5
1085 987 6
113 11 5
148 46 6
161 62 6
205 103 5
248 150 5
256 157 5
262 164 5
278 178 5
287 187 5
304 202 5
368 268 5
376 276 4
390 292 4
396 296 5
440 341 6
452 350 5
457 355 5
457 357 4
467 367 6
475 377 5
533 432 4
580 481 6
608 509 5
646 544 4
733 631 6
750 648 6
779 678 5
783 685 4
799 699 5
833 734 5
834 733 4
844 743 6
865 765 6
880 780 4
881 779 6
894 792 5
906 807 4
907 808 6
922 822 5
928 829 5
956 856 6
959 859 6
964 862 6
970 872 4
976 875 4
986 886 4
996 894 5
1020 920 5
1021 923 5
1032 930 4
110 11 5
126 24 6
154 55 4
178 76 5
205 103 5
206 104 5
237 135 5
259 161 5
262 160 5
279 180 5
291 193 6
301 203 5
315 213 5
317 216 4
317 218 4
326 227 6
348 250 5
372 273 6
461 359 5
482 384 6
484 386 5
501 402 4
504 405 6
506 408 5
544 444 6
545 443 4
547 445 4
602 502 5
606 506 4
682 583 6
699 601 5
720 619 5
720 619 5
732 634 5
782 682 5
792 693 5
816 717 5
817 718 4
825 727 5
826 725 5
831 729 5
866 766 5
872 774 5
927 828 5
966 868 5
996 895 6
1060 961 6
1081 982 5
1090 990 4
1095 997 5
139 37 6
160 60 6
190 90 5
191 89 5
195 96 4
198 96 5
207 107 5
229 130 5
314 216 5
338 237 6
348 250 5
391 290 5
438 339 5
474 376 4
478 377 6
515 416 6
531 429 5
537 435 6
546 447 4
570 468 4
612 510 4
619 518 6
629 529 5
636 537 6
676 577 6
687 589 5
751 653 6
774 673 5
802 702 6
805 706 5
862 760 6
867 767 4
881 783 5
895 796 5
910 809 6
931 829 5
932 831 5
958 857 6
960 860 6
963 863 5
975 874 5
1007 907 6
1010 911 5
1016 918 6
1026 924 6
1035 934 6
1045 946 5
1093 995 6
1094 992 4
1097 999 5
105 3 5
111 9 6
113 11 6
201 101 6
216 114 5
228 129 6
266 168 5
289 189 5
298 200 5
300 202 6
356 255 4
357 256 4
386 284 5
433 331 5
434 332 5
474 376 4
498 400 5
530 432 5
545 443 6
553 453 6
589 489 6
610 509 5
614 515 6
621 521 5
624 525 5
633 534 5
634 535 4
647 545 6
687 589 6
707 606 5
738 636 6
828 728 6
830 730 5
859 758 4
869 769 5
888 788 5
893 791 4
909 809 6
911 813 5
915 815 6
932 832 4
934 836 4
966 868 4
1027 929 5
1043 943 5
1063 961 5
1066 968 5
1069 968 5
1074 974 4
1089 989 5
110 10 5
110 10 5
122 21 4
144 43 5
169 68 4
169 68 5
171 72 6
206 107 5
211 110 5
216 118 6
221 123 5
230 129 6
256 156 5
264 164 6
295 193 5
301 200 6
310 209 6
325 227 4
400 299 6
407 308 6
413 314 5
414 314 5
456 354 5
459 360 4
474 374 6
487 387 6
511 410 5
543 442 5
553 455 5
558 458 5
565 466 4
601 503 5
602 501 5
611 512 5
627 525 4
633 531 5
658 556 5
662 560 5
682 580 4
694 595 5
704 605 4
788 686 6
801 702 6
817 715 5
847 746 5
880 780 5
944 845 5
950 850 5
966 866 5
1091 992 5
129 29 5
135 35 5
139 39 5
168 68 5
177 76 5
238 139 5
244 146 6
256 157 6
291 192 5
304 203 5
305 203 5
313 211 6
355 256 5
383 284 5
390 288 6
411 309 4
423 321 5
429 330 5
482 380 5
519 421 5
555 455 5
637 539 5
668 567 5
686 585 5
689 588 5
734 634 5
736 634 5
755 654 5
785 687 6
799 699 6
875 775 6
875 776 4
878 777 6
886 786 6
895 796 5
898 797 4
910 812 6
924 826 5
958 859 5
971 870 4
979 878 5
999 899 6
1004 902 5
1025 925 6
1050 950 5
1051 950 5
1070 969 5
1084 984 6
1095 995 4
1100 999 5
114 12 5
124 24 4
147 46 6
194 94 6
195 97 5
232 133 6
287 186 6
292 190 5
297 196 6
338 236 5
369 267 5
383 283 4
413 314 5
460 358 4
550 448 5
560 462 5
564 466 5
567 467 5
570 472 5
588 488 4
626 524 5
628 526 5
636 538 5
644 544 6
658 560 4
664 563 4
680 581 5
710 612 6
747 647 6
750 652 6
757 655 5
773 674 5
784 683 6
878 780 6
885 783 6
890 791 5
891 792 6
920 821 6
943 841 5
958 856 5
971 872 4
979 880 5
985 883 6
990 888 5
1062 960 4
1073 971 5
1078 977 5
1080 979 5
1083 984 6
1088 989 6
103 5 5
114 12 5
142 40 4
164 64 6
187 88 6
193 92 5
199 100 6
217 116 6
218 117 4
221 121 5
233 132 6
245 144 5
250 151 5
291 189 4
306 207 5
315 217 6
321 219 4
337 239 6
342 242 4
373 275 6
377 279 5
405 303 5
424 325 5
494 395 6
519 418 6
524 423 4
532 430 5
576 476 5
658 558 5
684 585 5
686 585 5
712 610 5
731 630 6
737 635 5
748 650 5
765 664 6
793 693 5
817 719 5
897 799 6
904 804 5
904 806 5
914 816 5
929 829 5
931 832 5
935 834 5
986 888 5
1037 938 6
1050 950 5
1076 977 5
1095 997 5
103 2 4
107 9 5
120 19 5
140 40 5
175 74 5
187 89 5
240 139 6
251 151 6
257 159 5
263 165 5
275 173 5
275 177 5
321 221 4
343 245 5
354 252 6
355 253 5
439 341 5
474 373 6
504 404 5
504 406 5
509 410 5
513 415 5
525 426 6
527 428 5
527 429 5
535 435 5
549 450 5
588 488 6
595 495 5
650 550 5
689 591 5
691 592 5
759 661 5
760 662 5
767 669 5
797 698 6
847 746 5
859 758 5
890 791 5
904 804 5
958 859 5
959 860 5
963 861 5
963 864 4
981 883 5
1004 905 5
1065 966 5
1084 982 5
1090 991 4
1097 998 5
120 21 6
125 26 5
134 34 6
140 39 5
225 127 5
232 134 5
235 135 4
254 154 4
266 165 5
267 167 5
272 174 6
368 270 5
385 285 6
407 307 6
425 324 5
430 329 5
440 338 4
459 358 5
476 375 5
511 413 6
522 422 5
527 425 5
539 437 5
540 442 6
551 451 4
602 501 6
603 503 6
603 504 5
604 504 5
615 514 5
624 524 5
661 562 6
686 587 5
699 601 5
726 627 6
751 652 5
766 665 5
767 666 6
783 681 6
807 709 5
820 721 5
828 730 5
890 790 5
929 829 6
956 857 4
990 888 6
999 897 5
1010 912 6
1011 911 6
1086 988 6
159 61 5
189 90 5
214 115 5
229 131 5
231 131 5
259 160 6
287 188 6
314 213 4
339 240 5
358 256 5
361 259 6
371 269 5
374 274 6
393 294 5
416 314 5
434 332 5
438 337 5
446 346 5
482 380 5
483 385 4
527 426 4
538 436 6
582 481 4
616 516 5
620 520 5
622 524 5
641 541 4
661 561 5
668 567 4
680 581 5
682 584 5
718 619 5
728 627 5
764 663 5
770 670 4
823 721 5
839 740 4
852 754 5
889 791 4
906 808 4
929 828 6
931 832 5
959 858 5
981 882 5
983 883 6
1018 917 5
1031 931 6
1034 933 5
1043 943 6
1071 970 5
136 37 4
141 42 6
179 81 5
197 96 5
204 104 5
246 145 6
263 164 5
320 221 6
349 247 4
379 281 5
384 284 5
392 292 5
399 298 6
403 303 5
413 312 6
423 323 5
426 327 5
446 348 5
451 353 6
455 353 4
458 358 5
506 405 5
512 411 5
543 444 6
571 469 5
599 498 4
602 502 5
604 503 6
684 583 4
685 584 4
687 588 4
697 597 5
703 603 5
717 615 5
718 616 6
728 628 6
766 664 6
771 671 4
846 747 5
894 793 5
910 810 5
935 837 4
963 864 4
989 888 4
1021 921 4
1022 922 6
1039 938 5
1052 953 5
1060 959 5
1080 979 4
154 52 6
168 67 6
172 71 5
177 76 4
185 85 6
219 117 5
222 121 6
267 167 5
287 185 5
301 203 6
350 249 5
358 256 6
374 273 5
403 302 5
430 332 5
443 342 5
464 364 4
489 389 6
508 407 5
511 413 5
612 510 5
617 515 5
678 577 5
682 580 4
695 595 4
705 604 5
710 611 5
727 627 5
744 642 5
745 646 5
776 678 5
798 697 6
822 720 5
831 731 4
862 761 6
875 774 4
904 805 5
913 814 6
936 836 5
946 846 5
1004 903 5
1007 907 6
1009 910 5
1014 914 6
1023 921 5
1054 954 4
1058 959 5
1063 962 4
1072 972 5
1099 998 4
110 8 4
123 21 4
127 29 6
164 62 5
285 184 6
327 228 4
327 228 5
355 254 5
365 267 6
371 273 6
425 326 5
436 335 5
470 368 5
470 369 6
494 396 5
530 432 6
546 448 6
567 465 6
578 480 6
583 484 4
591 490 6
607 506 5
610 510 5
665 565 5
680 579 4
683 582 5
692 590 5
717 617 5
720 620 5
750 649 6
781 682 5
819 718 6
824 725 5
824 726 5
834 736 5
839 738 6
839 741 5
873 773 6
919 818 5
925 824 6
937 839 4
941 842 5
958 856 5
981 882 6
1011 911 6
1044 946 5
1052 950 6
1063 961 6
1064 966 5
1073 973 5
124 24 4
130 32 5
176 74 5
209 108 5
221 122 6
237 137 5
237 138 6
238 138 5
271 172 5
277 179 4
298 199 5
299 197 6
308 210 5
342 244 6
356 254 5
392 292 6
396 295 6
399 299 6
409 307 5
414 313 5
427 327 6
464 364 5
493 391 4
509 407 5
512 413 5
541 439 6
572 470 5
583 482 6
599 500 4
615 517 5
678 576 4
714 616 6
739 639 5
754 656 4
760 662 5
773 675 6
818 719 4
830 732 5
887 789 4
906 808 5
942 841 6
960 860 5
1009 909 5
1013 911 6
1016 914 6
1020 921 5
1026 924 6
1026 925 5
1070 971 4
1072 970 5
