2000 20 538051
100 138 199
100 148 206
100 96 171
100 83 206
100 65 220
100 106 185
100 139 162
100 90 187
100 141 172
100 136 202
100 52 194
100 82 245
100 134 210
100 86 236
100 118 164
100 146 181
100 119 220
100 66 227
100 128 204
100 97 153
110 10 3
119 19 2
126 27 2
127 29 2
137 36 3
141 42 2
143 41 2
160 58 2
169 69 3
196 94 2
199 99 3
219 119 3
227 126 2
231 132 2
240 140 2
255 153 2
259 161 3
277 175 2
281 180 2
282 183 3
288 187 2
309 207 2
327 226 3
341 239 2
342 244 2
347 248 2
358 257 2
366 266 2
377 275 3
384 282 2
395 297 2
411 309 2
420 318 2
429 330 3
442 343 2
448 349 2
471 369 3
476 376 3
477 379 2
480 379 2
492 391 2
506 406 2
512 414 2
519 418 2
525 427 3
531 429 3
541 439 2
560 460 2
572 471 2
606 507 2
634 536 3
645 543 2
673 573 2
677 576 2
685 584 3
690 589 2
695 595 2
706 606 2
728 626 2
737 637 3
746 644 3
747 649 3
780 681 2
784 685 2
785 684 2
788 686 2
790 691 2
816 716 3
818 716 2
820 720 2
826 724 3
841 739 3
841 741 3
853 754 2
871 771 3
880 780 2
884 784 2
887 786 2
892 792 2
892 792 3
901 803 3
914 815 3
923 824 2
948 848 2
956 854 3
962 861 2
962 863 2
980 880 2
1022 922 2
1023 923 3
1024 922 2
1042 940 3
1051 949 3
1058 956 2
1066 965 2
1066 967 2
1072 971 2
1073 972 3
1089 987 3
1099 997 2
103 3 2
103 4 2
111 12 3
132 34 3
133 33 2
138 38 2
149 48 2
158 57 2
168 67 2
170 69 2
180 82 2
198 100 2
198 100 2
199 100 2
214 115 3
218 120 2
224 122 2
228 130 3
249 147 2
273 171 2
286 186 3
293 191 2
295 195 2
303 201 3
309 211 3
312 210 2
347 246 3
368 266 3
371 272 3
372 270 2
393 294 2
418 317 2
427 326 2
432 333 2
433 333 3
450 351 2
452 351 2
454 353 2
458 358 3
462 361 2
473 374 2
481 383 3
487 387 3
500 400 2
512 413 2
532 433 2
547 449 2
555 453 3
564 464 3
565 465 2
565 467 2
575 474 2
593 495 3
597 496 2
598 496 3
623 524 3
625 523 2
626 525 2
628 527 3
640 538 2
648 549 2
649 550 2
656 557 2
661 559 2
664 565 2
668 570 3
690 588 2
702 603 2
720 620 2
734 633 3
750 649 2
753 655 2
772 674 3
776 677 3
779 680 3
780 680 2
803 701 2
804 704 2
814 713 3
821 723 2
835 737 3
843 741 2
845 746 2
861 760 2
865 764 3
874 773 2
885 787 2
901 799 2
904 804 2
939 841 2
946 847 2
967 865 2
1017 919 3
1029 929 2
1040 942 2
1048 950 2
1061 961 2
1085 986 2
1085 986 3
1090 990 3
106 4 3
114 15 2
120 21 2
121 22 3
123 25 2
132 30 2
132 34 2
141 41 2
142 44 3
151 50 2
151 53 2
177 78 3
213 112 2
219 118 2
225 125 2
243 142 2
291 193 2
298 198 3
299 201 2
302 202 2
308 208 3
320 220 2
334 236 3
352 250 2
356 258 2
358 259 2
384 284 3
385 285 2
391 289 2
392 290 2
398 296 2
400 300 2
414 316 3
419 319 2
432 331 2
437 337 3
458 357 2
461 361 3
462 364 2
466 368 2
468 366 3
469 370 2
469 371 2
477 379 2
504 406 2
521 422 2
525 425 3
528 426 3
548 448 3
554 452 2
558 458 3
567 469 3
571 471 2
572 473 2
576 476 2
578 476 2
587 486 3
600 500 3
605 507 2
619 519 2
634 535 3
646 544 3
659 559 2
664 562 2
666 568 3
706 604 2
715 614 3
745 646 2
750 648 2
756 655 2
760 660 3
765 665 3
767 665 2
772 671 3
803 701 2
812 711 2
815 717 2
827 725 3
828 727 2
831 730 3
844 743 2
857 755 3
866 766 2
872 771 2
897 799 2
912 813 3
923 822 3
931 830 3
935 835 2
940 842 2
994 894 2
1029 931 2
1033 932 2
1038 938 2
1039 941 2
1064 963 2
1069 969 2
1077 978 3
1092 990 3
1100 1000 2
104 2 2
108 9 3
118 19 3
133 31 3
135 35 2
141 40 2
141 42 3
147 48 2
148 48 2
158 56 2
180 81 3
191 90 2
225 123 2
254 156 2
264 164 2
267 165 3
275 176 2
278 177 2
319 221 3
324 222 2
329 228 2
354 254 3
372 274 2
383 281 2
393 295 2
410 312 2
426 326 2
429 329 3
431 329 2
434 332 3
440 342 3
461 359 2
471 370 2
472 371 2
487 388 2
487 389 3
488 389 2
492 394 3
499 401 2
505 406 2
507 405 2
510 411 2
528 427 2
530 428 2
532 432 2
546 445 3
549 449 2
561 463 3
566 464 3
576 476 2
586 488 2
601 500 2
636 535 2
650 549 3
657 558 3
660 561 2
670 570 2
671 571 2
671 571 3
687 587 2
691 589 2
693 595 2
705 606 2
731 631 2
760 661 2
784 685 2
788 690 3
789 691 2
790 689 2
810 712 3
815 714 2
819 720 3
824 725 2
829 727 3
847 745 3
861 759 3
882 781 2
886 784 3
922 822 2
923 823 2
926 827 2
939 838 2
979 877 2
984 885 2
988 886 2
991 889 2
996 896 2
996 897 3
1005 905 2
1018 917 2
1027 926 2
1027 927 3
1034 935 2
1037 939 2
1053 955 3
1060 960 2
1084 985 2
1094 994 2
1099 998 2
1100 998 3
107 8 2
126 27 2
140 40 2
164 62 2
177 79 2
193 94 2
198 96 2
202 102 2
207 106 2
221 120 2
236 138 2
238 139 2
251 149 3
261 161 2
301 203 3
321 222 3
337 236 3
338 236 2
343 241 2
346 244 2
351 253 3
366 264 2
368 266 2
373 273 2
376 275 2
387 285 3
388 287 2
408 307 2
440 339 2
458 357 3
459 361 3
468 366 3
478 376 2
481 381 2
484 384 2
492 393 2
497 399 3
505 404 3
511 413 2
514 416 3
521 419 2
528 430 2
532 433 3
554 456 2
567 467 3
571 470 2
571 473 3
574 474 2
576 476 2
585 484 2
595 494 2
599 498 2
604 502 2
630 529 2
636 537 2
639 537 2
656 557 3
669 567 2
692 594 3
705 607 2
717 615 2
721 622 2
723 624 2
742 642 2
746 646 2
770 669 2
782 681 2
783 683 2
788 688 2
793 693 2
797 699 2
801 700 2
811 710 2
846 744 2
847 746 2
851 753 2
859 757 2
877 776 2
884 786 2
894 796 2
898 797 2
904 802 2
913 811 3
913 813 2
919 817 3
926 828 2
958 860 2
967 868 2
980 880 2
984 886 2
995 897 2
1026 926 3
1061 961 3
1064 963 2
1070 971 2
1084 983 3
1086 986 2
1088 989 2
1094 994 2
1097 996 3
117 18 2
118 19 3
139 40 2
161 62 2
178 76 3
178 78 2
179 77 2
200 99 3
214 112 2
223 125 3
226 126 3
230 131 2
235 135 3
237 135 2
250 150 2
253 152 2
262 160 2
264 164 2
271 169 2
279 178 2
292 190 2
302 203 2
307 205 2
329 228 2
334 233 3
343 242 2
352 252 2
356 255 2
361 259 2
385 286 2
388 286 2
401 301 2
404 306 2
420 321 3
432 331 2
437 338 3
458 357 2
466 368 2
468 366 2
478 378 2
482 382 2
503 404 2
523 425 3
532 432 2
533 431 2
550 452 3
582 484 2
583 483 2
600 502 3
612 512 2
656 558 3
657 556 2
660 558 2
677 578 2
700 600 3
706 605 2
716 617 2
731 633 3
735 633 2
738 640 3
753 652 2
765 666 2
770 669 2
780 681 3
782 681 2
790 688 3
795 694 2
811 710 3
825 725 2
827 725 2
860 761 2
866 766 2
869 768 3
870 768 2
870 769 2
902 800 2
908 808 3
910 811 2
914 814 3
919 817 3
924 823 3
928 828 2
954 855 3
958 860 2
962 860 2
981 881 2
1000 900 3
1006 904 2
1021 919 2
1027 929 3
1039 940 2
1062 961 2
1062 964 3
1073 971 2
1077 979 3
1089 987 3
1089 990 2
1090 989 2
1095 996 3
1098 996 2
126 24 2
131 33 2
141 40 3
141 42 2
168 66 2
173 72 3
178 76 3
184 85 2
191 92 3
221 123 2
236 138 2
238 136 3
239 140 2
251 153 2
257 159 3
262 160 2
276 176 2
281 182 3
290 192 3
294 192 3
300 200 3
317 216 3
336 238 2
346 244 3
347 247 2
349 249 2
349 250 2
350 251 2
369 269 3
373 273 2
384 282 2
409 311 2
441 340 2
442 344 2
443 344 2
455 354 2
458 356 2
464 364 3
467 365 3
474 374 2
475 375 3
496 394 2
519 421 3
538 436 2
539 438 2
547 447 2
549 449 3
564 462 2
578 477 3
579 480 2
579 480 2
581 481 2
581 483 2
590 488 2
603 504 3
616 516 3
619 517 3
622 523 3
634 533 3
636 537 2
641 541 2
669 571 2
676 574 2
683 582 3
711 613 2
731 633 2
742 640 2
757 657 2
795 695 2
841 739 3
844 743 2
863 762 2
864 766 3
870 770 2
877 777 2
895 797 2
902 800 2
909 807 2
909 809 2
936 837 2
940 842 2
944 846 2
947 847 2
952 854 3
958 860 3
962 863 2
964 863 2
974 872 2
979 881 3
992 894 2
994 893 2
997 895 2
1005 906 2
1018 917 2
1021 920 3
1022 923 3
1057 958 2
1065 963 2
1071 969 2
1093 993 2
105 4 2
137 37 2
170 72 2
176 74 2
181 83 2
191 93 2
193 94 2
204 104 2
207 106 2
216 114 2
231 131 3
231 132 2
242 144 2
246 144 2
255 157 2
257 158 3
258 159 2
258 159 2
266 167 2
270 170 2
291 191 2
291 193 2
293 194 3
318 220 3
340 242 2
352 250 2
362 263 3
363 262 2
363 263 3
367 265 2
373 274 2
377 275 2
377 276 3
414 315 2
416 317 2
422 321 3
431 329 3
435 334 3
453 353 2
460 361 2
474 376 2
479 381 2
487 389 2
510 409 2
519 418 3
523 422 3
529 428 3
550 452 2
571 472 3
596 498 2
601 500 2
630 532 2
631 529 2
636 535 2
645 544 2
648 549 2
651 551 3
656 554 2
663 564 2
665 565 3
666 565 3
669 567 2
685 584 3
690 590 2
697 599 2
703 601 3
711 612 2
729 629 2
731 629 2
732 632 2
735 633 2
752 651 2
777 678 3
779 678 2
798 699 2
826 728 2
835 733 3
839 737 3
887 788 2
893 792 2
930 832 2
934 832 2
939 839 2
942 841 2
982 881 2
985 884 3
989 889 2
992 893 2
994 894 2
996 894 3
1000 898 2
1005 904 2
1014 915 3
1024 926 2
1040 941 2
1040 941 3
1048 946 3
1050 951 2
1080 979 2
1082 980 2
105 4 3
122 23 3
125 25 3
137 36 2
139 38 2
148 50 2
172 70 3
172 71 2
185 86 3
206 106 2
207 109 2
215 116 2
223 121 2
232 134 3
267 169 2
272 170 2
285 185 2
301 200 2
305 207 2
308 207 2
321 220 2
334 232 3
341 240 3
382 283 2
385 283 2
387 287 2
396 294 3
404 302 2
404 303 2
409 310 2
423 325 2
425 323 3
425 324 3
426 326 2
426 328 2
450 352 2
459 358 2
474 374 2
478 376 2
483 381 3
485 387 2
490 389 2
509 407 2
534 433 3
538 440 2
542 444 2
556 457 2
558 457 3
560 458 3
560 461 3
570 470 3
591 489 2
605 507 2
607 508 2
630 531 2
643 542 2
661 563 3
688 588 2
696 594 2
696 596 3
709 610 2
728 630 2
735 633 2
739 640 2
749 648 2
755 657 2
765 667 2
775 674 2
777 675 2
781 681 2
808 710 3
821 722 2
822 723 2
824 726 2
843 745 2
847 749 3
859 761 2
862 760 3
866 766 2
866 767 2
893 792 2
894 795 2
907 805 2
925 824 2
931 832 2
947 849 2
951 851 3
962 860 3
963 861 2
972 873 3
985 884 3
988 886 2
1012 911 2
1026 927 2
1029 930 2
1036 938 2
1038 940 2
1055 957 2
1068 967 2
1081 983 2
110 12 3
114 16 3
118 17 2
141 40 2
150 52 2
167 65 2
168 70 2
177 77 2
229 130 2
246 144 3
263 163 2
267 168 2
275 177 3
276 174 2
278 177 2
289 191 3
297 199 2
300 198 2
318 220 3
319 217 2
331 230 2
338 237 2
352 252 3
367 265 2
373 273 2
405 307 2
413 313 2
418 317 2
424 324 3
429 330 2
431 333 2
436 336 2
438 338 2
447 345 2
451 351 2
454 354 2
458 356 3
459 361 2
476 374 2
496 394 2
503 401 2
511 410 2
525 426 2
527 428 3
530 428 2
530 432 2
540 440 3
543 441 2
565 463 2
568 466 3
575 475 2
582 484 2
596 495 2
620 520 3
620 522 2
630 530 2
638 539 3
638 540 3
659 558 2
670 569 3
670 571 2
671 571 3
683 581 3
688 586 2
706 605 3
720 619 2
757 659 2
769 670 2
769 671 3
774 675 2
778 677 2
804 705 2
804 706 2
833 734 2
834 736 2
845 744 2
845 747 2
873 773 2
875 777 2
882 780 2
887 789 2
888 787 2
900 799 2
915 816 2
921 821 3
944 842 3
970 868 3
978 876 2
984 885 2
997 895 2
1008 907 2
1009 907 2
1020 922 2
1028 927 3
1028 930 2
1036 938 2
1048 946 3
1048 946 3
1069 967 2
1078 977 2
101 3 2
117 16 2
135 37 2
146 46 2
158 56 3
158 59 2
161 60 2
170 68 3
170 69 2
176 77 3
182 82 2
196 96 2
210 110 2
217 117 2
254 153 3
268 170 2
269 171 3
272 171 3
289 189 2
294 194 3
298 198 3
306 208 3
314 215 3
338 236 2
346 246 2
347 248 2
352 252 2
354 255 2
356 254 3
370 268 2
391 292 2
437 338 2
449 351 2
450 348 3
452 351 3
457 359 2
472 373 2
485 386 3
486 385 3
497 398 2
506 404 3
541 440 2
576 474 2
597 498 2
610 511 2
639 541 2
647 549 3
654 553 2
667 569 3
668 566 2
675 573 2
682 584 2
690 591 3
720 622 3
734 634 2
742 644 3
758 658 2
758 660 2
762 660 3
793 694 2
798 699 3
799 697 2
801 699 2
823 723 3
831 733 2
831 733 2
842 741 3
844 742 3
846 747 2
871 769 2
871 770 2
871 770 2
877 776 2
892 793 2
933 835 2
940 838 2
940 838 2
947 847 2
948 850 3
952 852 3
955 855 3
974 872 3
977 875 2
988 887 3
992 890 2
1001 900 2
1015 913 3
1017 917 2
1022 924 3
1031 933 3
1035 934 3
1044 943 3
1057 959 2
1061 959 2
1064 963 2
1065 967 3
1069 971 2
1082 983 2
1094 993 2
1096 998 2
100 2 2
108 10 2
129 29 2
131 33 2
133 32 2
147 49 2
158 56 3
164 63 2
167 66 2
169 70 3
174 74 3
202 103 2
210 110 3
210 112 2
220 118 2
232 130 3
243 143 3
250 148 2
260 162 2
268 168 2
271 173 2
278 176 3
284 185 2
284 185 3
286 184 2
297 196 2
311 211 3
335 237 2
337 236 3
340 238 2
351 250 2
351 250 2
358 259 2
366 264 3
394 295 3
408 309 2
411 313 2
415 315 2
428 326 2
437 339 2
454 352 2
457 355 2
463 365 2
471 372 3
486 385 2
502 400 2
507 406 3
512 410 2
523 422 3
524 424 2
532 430 2
545 444 3
545 445 3
580 481 2
582 480 3
582 483 2
591 493 2
612 513 2
629 527 3
651 552 2
663 561 2
663 562 3
686 585 2
686 585 2
694 595 2
704 603 3
743 645 2
776 677 2
782 681 2
807 709 3
819 718 2
819 719 3
826 725 2
827 727 2
830 728 2
837 736 3
844 744 3
850 751 2
860 759 2
860 760 3
861 761 2
867 765 2
914 813 2
924 825 3
925 825 2
929 829 2
941 843 2
952 851 3
982 881 3
984 885 2
993 893 3
995 897 2
1007 909 3
1018 919 3
1027 929 3
1032 932 3
1048 946 3
1055 957 2
1057 958 3
1074 974 2
101 3 2
103 1 3
110 12 2
137 36 3
154 52 2
167 69 2
188 89 3
207 105 2
224 126 3
230 128 2
232 130 2
236 134 2
254 156 3
271 172 2
280 179 2
285 185 2
289 190 2
297 199 3
310 212 2
312 213 2
317 218 2
328 229 2
347 245 3
394 296 3
404 305 2
405 305 3
416 318 2
419 321 2
449 348 2
473 371 2
494 393 2
496 395 2
498 397 2
504 406 2
514 413 3
528 427 3
532 434 2
567 465 2
611 512 2
614 512 3
618 518 2
620 522 2
622 524 3
629 530 3
644 543 2
655 557 2
688 586 2
688 589 2
696 594 2
706 604 3
713 611 2
713 612 2
718 619 3
718 620 3
725 627 2
745 646 3
749 650 2
759 661 2
771 671 3
775 676 2
777 676 2
780 681 2
815 715 2
844 746 2
850 751 2
852 754 3
857 755 2
864 762 3
868 767 2
875 777 2
880 778 2
892 793 2
924 826 3
925 824 2
932 833 2
933 831 3
937 838 2
941 840 2
955 854 3
962 860 3
970 872 3
984 886 3
1000 898 3
1005 904 2
1022 922 2
1024 925 3
1031 930 2
1033 931 2
1034 936 2
1035 934 2
1035 935 2
1042 942 2
1056 958 3
1057 956 3
1062 961 2
1063 964 2
1077 978 2
1078 976 2
1078 978 3
1085 985 2
187 85 3
199 101 3
203 105 2
216 117 3
217 117 2
234 132 3
235 133 2
238 137 2
242 143 2
252 153 2
255 153 3
257 155 3
273 173 2
274 174 3
277 178 2
279 180 2
291 189 2
306 204 2
313 212 2
326 228 2
329 227 3
347 247 2
362 264 2
362 264 2
367 269 2
377 276 2
378 280 2
383 285 2
384 282 3
392 290 2
423 322 2
424 325 2
427 328 3
438 340 2
440 342 2
445 344 2
454 355 2
498 400 3
502 401 2
516 417 2
518 417 2
522 422 2
542 443 2
555 454 2
573 473 3
581 480 2
592 494 2
596 497 2
599 497 3
615 513 2
632 531 2
640 540 2
642 543 2
644 545 2
650 551 2
660 559 2
670 571 3
676 576 2
677 579 2
700 600 2
719 621 2
719 621 3
721 619 2
723 623 2
734 636 2
740 641 2
755 656 2
760 662 2
767 667 2
780 680 2
782 680 2
798 698 2
807 705 2
823 721 2
828 726 3
836 736 3
845 745 3
856 758 2
867 769 2
867 769 2
872 774 2
891 789 3
898 799 2
939 841 2
943 844 2
947 845 2
964 866 2
967 867 2
973 875 3
976 874 2
992 890 3
995 893 3
995 897 2
1028 927 3
1045 947 2
1060 962 2
1061 959 2
1079 980 3
1082 980 2
1092 994 2
106 7 2
129 28 3
141 40 3
146 48 2
173 74 2
200 100 3
211 111 2
226 125 2
242 142 2
245 145 2
265 167 2
277 177 3
283 182 3
283 183 3
290 192 2
292 194 3
307 208 3
313 215 2
323 222 2
327 228 2
330 228 2
337 239 2
344 244 2
352 253 3
353 252 3
357 257 2
376 276 2
378 278 3
382 283 2
388 286 2
399 301 2
400 302 2
407 309 2
416 317 3
421 323 2
425 324 2
430 329 3
432 330 2
439 337 2
443 343 2
451 351 2
461 361 2
490 392 2
492 391 2
496 398 3
499 397 2
500 402 2
518 418 2
519 418 2
544 442 3
581 480 2
592 490 2
597 495 2
601 503 3
602 504 2
604 502 3
610 511 2
620 522 3
622 523 2
623 523 2
635 536 2
640 538 2
641 542 3
646 545 2
677 577 2
682 584 2
708 607 2
710 608 2
716 617 2
718 619 2
730 628 2
737 635 2
745 645 3
755 653 3
762 662 2
770 672 2
808 709 2
818 716 2
822 723 2
851 751 2
857 756 3
859 759 2
863 765 2
864 764 3
886 788 2
887 785 2
887 785 2
894 795 3
912 813 3
914 814 2
965 865 2
1003 904 3
1027 928 2
1038 940 2
1058 959 3
1065 967 2
1068 968 2
1078 976 3
1080 978 2
1085 985 2
104 2 2
104 6 2
121 20 2
136 38 3
141 42 2
151 49 3
154 53 2
163 63 2
168 70 3
174 75 2
177 75 2
190 92 3
191 92 2
191 92 2
192 90 2
210 109 2
224 124 2
234 134 2
237 138 2
252 153 2
261 163 2
280 178 2
293 193 2
316 218 2
338 239 2
342 243 2
349 251 2
351 249 2
383 282 3
412 312 3
415 313 3
453 351 2
453 351 3
454 353 2
454 355 2
458 359 2
490 390 3
500 399 3
510 409 2
514 416 2
530 430 2
532 431 2
537 437 2
538 437 3
564 466 2
567 469 2
580 482 3
585 487 3
590 492 2
591 491 2
597 498 3
616 518 2
626 526 2
628 528 2
634 534 2
636 535 2
648 550 2
652 553 2
663 564 2
670 572 3
674 574 3
675 575 3
697 599 2
697 599 2
700 598 3
725 625 2
736 635 2
740 640 3
742 642 2
744 642 3
827 728 2
831 730 2
834 733 3
835 734 2
836 736 3
836 738 3
849 748 2
860 758 2
864 765 2
868 766 2
869 771 2
872 771 2
886 786 2
902 801 2
910 812 2
912 811 2
919 818 2
925 827 2
926 826 3
934 836 2
940 840 3
957 858 2
977 879 3
991 891 2
1014 916 2
1030 931 3
1069 970 2
1070 972 2
1083 985 2
1091 989 2
113 11 2
116 14 2
118 18 2
118 18 3
139 41 3
157 58 2
161 60 2
175 76 3
177 76 2
195 93 2
207 108 2
211 110 3
222 120 3
238 138 3
247 149 2
254 154 2
256 154 2
260 161 2
264 165 2
264 165 3
268 169 2
269 169 2
277 177 3
283 184 3
288 187 2
305 203 2
333 232 2
339 241 3
370 270 3
415 314 2
437 337 3
442 340 2
443 342 2
444 345 2
446 348 3
453 353 2
475 377 3
479 377 2
491 393 3
516 414 2
517 418 3
521 420 2
521 423 3
524 424 2
530 428 3
533 431 2
554 456 2
558 457 2
560 462 2
573 471 3
579 478 2
600 501 2
605 506 2
632 534 2
653 554 2
665 565 2
686 586 2
693 591 3
705 603 2
707 606 2
708 608 2
716 618 2
723 621 2
724 624 2
730 629 3
763 661 2
776 675 2
788 690 3
815 717 3
846 746 2
847 745 2
848 746 2
854 755 3
855 756 2
857 758 2
886 785 2
901 803 2
906 807 2
909 807 3
909 808 2
909 810 2
961 859 2
962 861 2
972 873 3
977 875 3
977 876 3
1026 927 2
1030 928 2
1030 931 2
1032 934 2
1040 939 2
1044 946 2
1046 944 2
1046 946 2
1052 954 2
1053 952 2
1066 965 2
1073 971 3
1075 977 2
1097 997 3
114 14 2
141 41 2
145 45 3
156 57 2
159 58 2
160 60 3
171 72 3
201 100 3
209 110 3
217 119 2
230 129 2
245 147 2
248 147 2
276 176 3
283 185 2
291 192 2
296 194 3
298 197 2
302 200 2
303 203 2
358 260 2
377 275 2
386 287 3
396 296 2
421 321 3
421 323 2
427 329 2
437 336 2
439 340 2
450 352 2
452 353 2
459 361 3
482 380 2
485 385 2
503 402 2
504 403 2
517 415 2
543 442 2
548 448 3
560 458 2
560 462 2
563 462 3
570 471 2
590 491 3
592 493 2
596 496 2
598 496 2
607 509 2
611 509 2
620 518 2
634 536 2
669 567 2
670 571 2
671 571 2
675 577 2
676 578 3
679 581 2
680 578 3
681 581 3
701 601 2
707 605 3
713 615 3
718 618 2
758 659 2
760 662 2
764 664 2
772 670 2
787 688 2
795 694 3
819 720 3
830 729 2
834 732 2
840 741 3
859 757 2
865 764 3
872 774 2
883 781 2
894 795 3
909 807 3
912 813 2
916 817 2
950 852 2
961 862 2
970 872 3
975 873 3
977 877 2
983 883 2
987 888 2
991 889 2
1008 909 2
1027 928 2
1033 931 3
1039 938 2
1042 940 2
1045 947 3
1051 952 2
1054 953 2
1061 960 2
1068 967 2
1076 975 2
103 1 2
127 28 3
144 45 2
145 43 2
147 47 2
149 47 3
154 55 2
157 58 2
164 65 3
186 85 2
195 95 2
195 96 2
195 97 3
196 95 2
224 125 2
229 127 2
231 129 2
263 162 3
263 163 2
279 178 2
330 230 3
331 229 2
339 237 2
370 269 2
371 271 2
373 272 2
376 278 2
435 336 2
454 355 2
480 382 3
481 379 2
503 401 3
521 419 3
530 432 2
543 441 3
544 442 2
552 453 3
554 455 2
559 461 2
574 476 3
589 489 2
594 494 3
595 496 3
596 498 2
609 508 2
611 511 3
616 515 2
630 529 3
639 540 2
639 540 3
641 541 3
648 546 2
661 561 2
662 563 3
673 572 2
687 587 2
690 592 2
690 592 2
721 623 2
727 626 2
727 626 3
730 628 3
751 650 3
755 653 2
763 662 2
768 666 3
771 671 3
788 689 2
791 692 2
800 701 2
802 703 2
803 702 2
823 721 2
831 732 2
839 741 2
852 754 3
856 755 2
878 778 3
914 816 2
915 813 2
917 815 3
932 831 2
945 843 2
948 848 3
969 869 2
983 882 2
985 883 2
996 895 2
1004 903 2
1011 911 2
1023 921 2
1024 926 2
1029 928 2
1041 941 2
1049 949 2
1055 955 3
1059 957 2
1064 963 2
1066 966 2
1075 976 3
114 16 2
145 45 3
158 59 2
163 62 3
169 71 2
176 74 2
189 90 2
222 124 2
258 156 3
258 157 3
258 159 2
259 158 2
269 170 2
277 178 3
278 179 3
279 180 2
284 186 2
288 186 3
290 188 2
291 191 2
292 193 2
308 207 2
321 223 2
322 223 2
341 241 2
360 258 3
378 278 2
378 279 2
391 293 2
393 293 2
395 296 3
405 303 3
411 312 2
449 347 2
459 359 2
487 387 2
501 401 3
534 432 2
543 442 2
553 454 2
555 453 2
556 458 2
560 458 2
572 473 2
579 479 2
593 493 2
593 494 2
600 499 3
617 519 2
621 521 2
645 544 3
646 548 3
662 564 2
692 590 3
699 600 2
706 608 2
727 628 2
738 637 2
752 650 2
759 659 3
762 664 2
764 663 2
776 675 3
778 678 2
782 680 2
793 693 2
794 694 2
794 696 2
805 707 3
826 726 2
827 728 2
830 728 2
839 741 2
841 741 3
856 754 2
857 758 3
862 764 3
863 764 2
883 782 2
888 790 2
891 789 2
899 797 3
907 805 2
912 813 2
917 819 2
933 831 2
954 854 2
960 860 2
972 871 2
972 872 3
999 900 2
1000 902 3
1007 907 2
1011 910 3
1012 913 3
1015 914 2
1053 951 2
1064 964 2
1079 981 3
1082 983 3
