1000 100 2442107
10 95 198
10 76 185
10 55 161
10 90 159
10 67 206
10 56 167
10 79 224
10 117 239
10 105 175
10 142 170
10 104 248
10 116 165
10 111 235
10 139 185
10 107 196
10 142 244
10 126 234
10 58 200
10 104 182
10 63 237
10 94 213
10 110 241
10 147 153
10 136 249
10 83 242
10 86 250
10 140 161
10 104 222
10 139 193
10 51 166
10 97 151
10 90 244
10 87 214
10 104 182
10 52 161
10 76 176
10 147 165
10 104 153
10 114 172
10 62 155
10 132 179
10 110 220
10 134 188
10 70 220
10 69 184
10 122 180
10 119 234
10 109 230
10 110 188
10 61 200
10 132 193
10 89 223
10 129 189
10 90 151
10 144 234
10 105 162
10 91 204
10 94 231
10 94 237
10 120 192
10 147 249
10 79 194
10 55 218
10 116 230
10 69 208
10 55 152
10 137 246
10 91 188
10 148 248
10 115 230
10 73 170
10 134 153
10 72 155
10 66 221
10 67 204
10 128 214
10 87 182
10 150 154
10 113 163
10 111 152
10 131 229
10 117 248
10 72 221
10 89 166
10 73 221
10 64 219
10 119 219
10 97 178
10 66 195
10 108 196
10 51 198
10 67 216
10 55 239
10 81 237
10 98 190
10 61 192
10 131 220
10 111 199
10 73 203
10 129 237
1240 256 34
3521 2504 27
4236 3219 30
4958 3948 32
6806 5798 33
8206 7206 27
10510 9503 32
10909 9899 35
10946 9948 30
10952 9970 30
1760 756 34
2988 2004 30
4585 3599 28
7206 6216 33
7294 6274 31
7392 6409 30
7509 6527 28
9509 8523 29
9882 8899 34
10890 9870 29
2179 1163 28
4093 3084 35
6114 5123 27
7579 6578 35
7737 6735 28
7923 6914 26
8698 7702 30
9032 8047 36
10358 9356 31
10433 9444 32
2485 1472 29
2936 1917 31
4657 3638 34
6153 5151 32
7864 6882 28
7993 7003 30
8009 7021 30
10616 9606 32
10636 9651 36
10957 9945 31
3984 2994 34
4208 3191 28
5247 4257 30
5442 4439 30
6155 5167 31
6731 5742 31
7489 6488 31
7817 6809 32
10006 9007 26
10508 9526 34
1352 349 31
1577 596 30
1820 809 32
1844 861 26
3633 2622 31
5173 4155 28
5538 4525 29
7358 6356 35
8657 7668 27
10875 9860 32
1332 323 25
2738 1730 31
3158 2146 28
3851 2851 34
3861 2854 28
4812 3822 30
6195 5198 29
8608 7590 31
10250 9263 32
10782 9785 27
1325 316 31
2570 1590 31
3263 2252 33
4187 3205 25
4531 3511 33
6729 5749 34
9516 8510 35
10003 8994 34
10221 9221 34
10395 9411 31
1487 472 28
2457 1466 33
4099 3117 27
5660 4666 27
7562 6543 33
8603 7602 34
9663 8647 33
9697 8684 31
10359 9374 34
10966 9982 34
1074 62 30
1411 394 36
2062 1057 32
5037 4034 26
5716 4725 34
6321 5330 26
6497 5492 29
6959 5971 30
8252 7260 26
9514 8525 35
1053 58 33
2058 1069 32
4324 3312 34
5875 4861 33
6238 5252 30
6648 5638 28
7259 6257 29
7755 6766 25
8046 7039 25
10326 9306 28
2193 1189 31
2624 1608 33
3312 2321 30
4016 3002 33
4084 3086 26
4901 3891 34
6894 5889 25
7738 6724 26
8124 7127 30
8384 7385 29
1066 70 30
2122 1125 35
3224 2213 26
7057 6073 30
8474 7484 26
9298 8285 30
10270 9279 35
10494 9495 33
10820 9810 31
10952 9957 28
1963 975 33
3203 2189 30
3398 2408 35
3487 2477 34
3579 2592 27
5273 4293 35
5752 4754 26
6917 5899 31
8001 7007 32
8429 7420 31
2421 1416 34
3499 2491 29
3542 2538 30
4125 3123 27
4134 3114 29
5000 3999 26
6444 5451 27
7942 6940 35
8913 7930 35
10433 9448 26
4232 3216 35
5787 4778 33
6123 5109 27
6459 5442 30
7337 6335 31
8245 7250 28
8527 7547 33
9333 8323 29
10136 9121 34
10374 9375 26
1193 211 28
2519 1530 26
3290 2296 27
4712 3712 33
4787 3782 31
4941 3937 27
5991 5002 27
6165 5160 28
6867 5880 25
8829 7828 28
1917 932 29
4858 3846 26
5575 4595 32
7088 6078 30
7492 6498 30
7935 6921 30
8497 7512 35
8886 7894 29
10117 9100 33
10601 9608 28
2143 1127 26
2622 1628 34
2995 1984 30
3000 2020 28
3470 2473 31
4986 3980 25
6697 5714 31
8083 7099 35
10631 9634 26
10660 9657 29
1106 126 25
1361 381 34
1417 400 29
2687 1704 27
2724 1715 32
4800 3809 26
5279 4288 35
6765 5777 26
9068 8066 35
10748 9753 28
3678 2664 32
4555 3537 32
5215 4216 34
5619 4634 32
5913 4895 36
6724 5736 31
6857 5851 28
8546 7563 34
9421 8411 30
10149 9169 26
1454 446 30
2614 1617 32
3241 2254 29
3401 2397 35
3628 2635 31
4166 3165 33
6734 5740 33
6781 5799 32
8130 7141 31
10719 9715 30
1497 482 28
2963 1978 31
4218 3205 35
4653 3661 31
5026 4034 27
5781 4776 32
6015 5017 32
7763 6753 29
8142 7129 31
10544 9537 31
3865 2871 31
4203 3206 28
4285 3266 27
5405 4409 26
7834 6843 32
8490 7496 28
10122 9129 35
10424 9410 34
10752 9745 34
10832 9833 29
1080 91 35
1572 591 31
3514 2520 34
3694 2684 33
3913 2918 28
5208 4191 27
5894 4887 29
6245 5230 27
8907 7910 33
10854 9854 32
2061 1076 30
3614 2634 30
3904 2905 31
4750 3767 28
6129 5143 26
6240 5232 27
7886 6876 29
8792 7794 32
9911 8904 26
10795 9786 25
1972 954 26
2767 1787 31
4818 3819 26
5052 4063 32
5514 4534 25
5561 4577 31
6457 5446 35
6933 5942 28
7937 6923 28
8130 7133 32
1580 592 27
2720 1731 28
3022 2041 29
3324 2311 33
3855 2853 27
4439 3448 35
4559 3577 28
5210 4219 29
9644 8632 25
9753 8744 26
2228 1211 28
2771 1779 29
4416 3415 26
7443 6450 35
8347 7335 34
8349 7351 28
8425 7411 29
8853 7866 34
9013 8020 28
10119 9102 32
1896 895 35
2997 1990 31
3456 2473 28
3647 2657 28
3793 2777 35
6176 5183 28
6677 5692 27
9610 8604 29
10662 9678 32
10781 9766 32
1435 449 27
2427 1429 35
3452 2462 34
6479 5472 32
6548 5536 26
7643 6636 31
8733 7733 29
8995 7978 33
10252 9251 35
10534 9517 34
1325 326 31
1330 336 29
2620 1613 32
2944 1927 35
4216 3230 32
5763 4757 32
7162 6168 29
9794 8796 26
10305 9301 28
10582 9599 31
1076 80 32
2873 1856 27
3193 2204 31
6653 5641 28
7395 6401 27
8287 7301 25
8999 8010 31
9023 8017 31
10299 9290 34
10977 9992 31
1170 154 27
1861 848 35
2016 1007 31
3036 2052 27
3128 2119 29
5641 4627 31
6697 5695 34
7153 6155 27
9334 8343 32
9748 8763 30
2411 1397 25
2537 1529 34
2638 1624 27
2664 1660 31
3841 2844 28
5099 4086 33
5144 4143 34
7805 6793 31
8802 7790 26
10931 9915 30
2184 1182 28
2285 1293 34
2761 1742 26
4215 3199 26
5690 4700 26
5758 4778 30
6766 5762 31
7397 6392 36
8559 7550 27
10238 9231 31
1612 609 33
2396 1410 34
2811 1823 29
4586 3605 33
7251 6238 29
7723 6711 28
8066 7085 28
9060 8062 27
10138 9140 26
10727 9725 31
1787 777 34
3149 2157 29
4083 3103 28
4262 3278 29
4636 3654 32
5341 4338 36
5532 4538 27
5965 4963 34
9082 8063 35
9367 8373 32
3423 2438 35
4570 3557 26
6029 5034 27
6553 5549 31
7877 6860 35
8248 7266 29
8272 7262 25
9205 8211 32
10187 9200 33
10345 9354 26
1318 330 35
1458 458 36
4543 3556 28
5064 4076 36
7102 6084 27
7979 6995 32
8225 7216 28
8413 7405 32
9207 8191 34
10300 9314 29
1798 816 35
4592 3603 31
5491 4504 29
7715 6720 26
8733 7724 33
8844 7847 32
10098 9108 28
10371 9377 34
10475 9476 28
10809 9820 27
3418 2434 25
3612 2613 26
3961 2957 32
4207 3217 29
4273 3264 27
6727 5737 30
7368 6386 26
7495 6498 32
7594 6593 34
9398 8382 35
1359 346 31
1492 486 27
4113 3122 30
4755 3775 33
6865 5854 28
6989 5982 26
8211 7195 32
9266 8269 30
10112 9112 34
10918 9937 34
1398 384 27
2060 1056 27
4633 3653 27
5601 4605 28
7196 6212 34
7303 6291 26
7978 6976 34
8425 7416 32
8572 7564 32
8870 7879 29
2234 1222 33
3902 2891 28
4172 3153 28
4537 3546 32
5465 4477 33
7864 6870 30
8525 7517 31
8810 7811 34
9351 8340 29
9699 8713 27
1476 465 33
1586 576 34
1713 708 28
3542 2552 30
3943 2940 31
6440 5448 31
6646 5660 28
7258 6252 32
7532 6522 27
9704 8699 35
1401 394 27
4619 3610 31
5243 4261 33
5403 4420 30
6140 5132 32
7290 6293 34
7797 6787 34
8470 7450 35
9315 8316 31
9526 8515 29
1075 62 29
2416 1414 29
2485 1471 31
3487 2484 29
4418 3418 28
4830 3813 29
5137 4151 29
7529 6528 27
9434 8418 29
10480 9462 31
1118 124 35
1289 270 35
1826 812 29
2586 1587 33
3249 2237 32
4235 3255 35
5181 4200 26
5849 4865 34
7691 6702 28
10807 9804 30
1066 65 34
2707 1707 32
3609 2589 30
3978 2976 35
4071 3060 29
5392 4378 32
5843 4834 32
6570 5560 31
10420 9424 32
10713 9694 26
1156 139 35
1580 574 32
2271 1284 30
4018 3037 35
5249 4237 28
5252 4266 27
7034 6030 30
7522 6522 26
8687 7673 26
9529 8522 30
1077 90 27
2211 1229 27
2331 1349 26
2504 1515 32
5032 4023 31
5074 4090 31
7732 6747 29
7947 6929 25
7956 6974 34
9258 8268 32
2117 1100 33
3245 2265 33
3812 2807 26
6209 5205 26
6286 5304 35
6312 5295 34
7664 6679 34
7718 6718 36
9479 8462 32
10963 9970 30
3934 2937 27
5951 4964 29
6015 5006 31
7202 6217 27
7233 6246 29
8006 7002 26
8052 7034 31
10555 9554 28
10566 9582 25
10956 9957 32
1526 518 33
2325 1343 34
2575 1565 36
4526 3531 27
4823 3810 30
7193 6177 30
7272 6272 29
8422 7423 32
10480 9486 28
10928 9911 31
2352 1360 35
3150 2155 27
4241 3232 33
6270 5282 33
7488 6484 25
7659 6677 26
8992 7997 34
9273 8256 31
9952 8960 27
10421 9427 31
1738 720 33
1746 745 34
2134 1143 33
3015 2013 29
5925 4931 35
6897 5910 32
7262 6279 35
8305 7307 35
10175 9182 29
10377 9362 28
1747 755 32
2320 1331 28
2367 1348 26
2448 1435 31
2725 1707 35
3116 2100 33
3175 2164 30
6110 5105 36
7999 6990 31
10021 9015 29
1933 936 28
2680 1690 31
3629 2619 30
3937 2931 26
4185 3181 31
4695 3679 33
5678 4659 27
6255 5272 26
8529 7519 28
9261 8243 28
1200 198 26
1874 886 32
2327 1337 33
3434 2447 28
4547 3560 35
7500 6480 30
7721 6719 26
8184 7200 32
8524 7525 29
9716 8708 28
1259 256 26
2498 1506 33
4560 3565 29
4614 3605 33
6360 5357 35
6940 5925 29
9197 8199 34
9684 8696 27
9857 8853 27
10370 9356 32
1341 361 30
1395 406 31
2822 1829 30
3715 2697 32
4213 3221 28
8168 7176 35
8378 7396 30
8553 7540 31
9025 8021 35
9722 8732 26
1223 211 27
2516 1501 34
2524 1544 33
5849 4867 31
5870 4868 36
6138 5151 32
6438 5426 33
7461 6450 25
7732 6732 26
9400 8399 30
1083 94 28
4507 3518 35
5261 4246 35
6784 5792 27
7327 6325 34
7859 6852 34
8208 7203 34
8649 7629 26
10728 9717 30
10773 9780 27
3087 2090 32
3190 2174 33
3333 2346 30
4920 3911 33
5688 4676 29
6164 5182 28
6194 5211 35
6268 5286 27
6495 5490 26
7462 6470 32
1254 271 34
4454 3446 35
5161 4159 27
6263 5269 30
6831 5841 30
6903 5909 32
7124 6130 34
9902 8918 28
10378 9362 32
10511 9506 29
2797 1817 27
3842 2835 33
3899 2889 31
4838 3842 35
5842 4853 32
7892 6882 32
8546 7531 30
9202 8190 27
9272 8276 35
10192 9210 30
1838 846 32
2406 1411 29
4262 3276 34
5019 4037 33
6015 5026 27
6041 5033 27
8562 7572 35
9365 8346 35
9703 8684 28
9959 8974 34
1836 856 30
1860 872 28
1924 937 26
2068 1057 33
2112 1116 30
3583 2578 34
5073 4092 29
5278 4265 27
6510 5516 34
9674 8688 34
1539 552 32
2182 1169 35
2520 1518 28
2858 1850 28
5661 4654 27
6141 5132 30
6431 5414 36
9666 8665 28
9772 8772 33
9818 8838 33
1364 358 32
3168 2176 30
5424 4424 26
6611 5623 32
8684 7668 26
8813 7825 34
9664 8647 34
9730 8738 35
9794 8812 35
10808 9823 31
1242 247 31
2850 1843 29
2963 1969 26
3544 2540 35
3587 2567 33
3820 2814 28
5312 4326 27
5380 4368 35
7065 6062 31
8822 7834 27
3451 2432 25
6400 5398 29
6536 5556 36
6720 5713 25
7249 6253 31
7485 6501 30
8008 6992 28
8117 7110 29
8206 7197 29
9743 8731 30
1006 24 29
1024 44 27
1527 537 29
5493 4477 31
5758 4768 25
9500 8494 31
10323 9309 34
10444 9462 30
10642 9647 29
10738 9758 32
2891 1893 28
3380 2390 31
4241 3235 29
4336 3322 34
4352 3347 25
5174 4163 25
6281 5278 30
8546 7537 30
10169 9183 31
10339 9322 27
1574 588 34
2467 1472 27
3606 2617 32
3841 2829 30
4567 3558 27
8900 7906 29
9242 8222 31
9453 8467 26
9556 8537 26
10131 9144 32
1019 36 34
1369 388 32
1724 719 34
3270 2290 35
4294 3294 32
6963 5978 34
7003 6007 30
7984 6974 34
10105 9109 25
10911 9899 34
1684 696 32
4705 3703 26
5255 4274 28
5824 4826 33
7296 6289 32
8004 7023 35
8668 7675 28
8779 7776 28
8938 7926 26
8954 7953 34
1239 235 32
2428 1409 27
4915 3926 35
5566 4560 30
5669 4680 28
6159 5145 31
7966 6978 29
8925 7945 31
9063 8053 29
10657 9671 28
1897 894 32
2010 1026 31
3094 2105 26
3421 2427 27
3931 2913 35
4688 3675 31
5129 4115 32
5547 4546 28
6527 5527 25
9475 8485 32
1371 362 28
1486 478 31
2737 1741 29
4754 3762 34
5859 4866 36
6106 5095 29
6940 5956 31
7693 6708 26
9129 8111 29
9832 8843 35
1697 711 31
4334 3343 35
4443 3432 32
4655 3662 34
4806 3787 30
7926 6933 35
8860 7866 31
9383 8394 33
10641 9641 28
10741 9737 34
1755 772 28
2204 1193 30
2213 1219 29
3490 2507 34
3915 2931 29
4418 3436 30
4804 3799 30
4978 3990 28
10149 9131 35
10473 9464 25
2090 1079 35
2434 1418 29
5126 4141 35
5630 4623 31
6300 5309 30
7717 6697 27
8128 7147 33
8757 7767 35
9574 8579 28
10643 9656 32
1245 243 28
1364 370 28
2243 1223 26
2660 1674 33
3044 2061 31
3342 2336 36
4837 3829 35
8317 7304 27
8570 7576 36
9685 8667 34
1419 417 29
1943 940 32
2389 1399 32
3157 2171 29
3965 2975 26
4161 3178 27
4207 3222 34
6950 5954 32
10674 9688 31
10927 9929 30
2454 1435 27
6006 4987 29
6007 4991 27
6337 5326 28
6729 5725 31
6776 5776 31
7386 6367 31
7846 6851 31
8169 7171 32
8529 7535 28
1404 390 31
2611 1623 29
3033 2018 31
4074 3080 29
5418 4411 31
5555 4564 31
5793 4796 34
6502 5493 34
8947 7964 27
9229 8247 33
1093 109 32
1439 435 29
4811 3811 32
4830 3828 28
4977 3980 36
5144 4141 34
5750 4732 33
7061 6047 33
9036 8028 34
9415 8398 27
2901 1919 33
3467 2487 33
3601 2588 35
5059 4077 28
5345 4344 27
6792 5778 27
7490 6489 32
8164 7144 34
10265 9283 27
10810 9828 34
2025 1012 29
2232 1241 32
3787 2769 35
5740 4741 35
8187 7186 33
8288 7298 30
9935 8923 27
10246 9261 25
10393 9411 29
10533 9522 33
1276 282 30
1896 876 29
3759 2755 29
6093 5080 27
6115 5116 26
6426 5418 27
6885 5894 29
7107 6124 34
8226 7245 34
8748 7736 27
2004 988 34
3774 2770 36
4736 3733 29
6384 5366 34
7341 6337 31
7752 6740 33
8525 7530 29
8617 7631 31
9174 8182 25
9624 8632 32
5086 4090 25
5312 4296 31
6900 5889 31
6922 5935 31
7437 6418 36
7456 6452 33
7776 6789 32
7924 6912 31
8625 7633 28
8898 7887 35
1447 467 27
1719 728 35
1861 878 34
1911 926 35
3258 2255 27
5641 4651 29
5651 4667 30
7585 6589 29
9234 8242 35
10057 9067 35
4505 3491 29
6150 5136 35
7153 6135 35
7329 6337 34
7466 6475 30
7775 6760 36
7968 6970 32
8647 7660 35
9235 8239 36
9257 8274 30
1375 383 36
1475 488 27
2673 1653 33
3716 2701 25
4145 3161 33
4154 3155 29
6572 5556 29
6691 5694 26
7365 6345 30
7627 6620 28
1058 52 28
4057 3046 31
4121 3136 31
5767 4753 32
8828 7825 26
9003 7996 30
9206 8218 32
9829 8821 26
10325 9312 28
10527 9526 27
1087 103 29
1857 848 32
2871 1876 35
3201 2198 35
8057 7066 28
8134 7120 34
8439 7456 34
8752 7734 28
9791 8811 32
10267 9285 33
2577 1562 32
4080 3066 30
4421 3435 26
5323 4341 32
5701 4719 34
7453 6450 28
9198 8198 36
9664 8665 34
10614 9625 31
10872 9886 32
