2000 20 4434507
100 120 158
100 75 171
100 90 245
100 90 248
100 102 209
100 104 230
100 95 155
100 120 204
100 86 150
100 74 227
100 54 237
100 72 150
100 120 190
100 79 175
100 113 172
100 86 248
100 88 183
100 99 161
100 74 193
100 131 212
1125 121 3
1186 179 3
1189 208 3
1238 246 3
1397 405 3
1659 646 2
1667 651 3
1892 886 2
1937 949 3
1963 982 3
2089 1097 2
2189 1203 2
2195 1192 3
2335 1317 3
2385 1393 3
2493 1509 2
2528 1516 3
2606 1615 3
2611 1598 2
2722 1710 3
2822 1823 3
2862 1881 3
2967 1960 2
2999 2002 3
3016 1996 3
3028 2015 3
3098 2112 3
3101 2095 3
3173 2184 3
3192 2185 3
3227 2230 3
3505 2511 3
3538 2524 3
3620 2625 3
3785 2775 3
3951 2950 2
4051 3043 3
4150 3157 3
4430 3445 3
4443 3439 2
4449 3453 3
4508 3495 3
4598 3596 3
4642 3625 2
4824 3841 3
5009 4020 3
5186 4174 3
5229 4221 3
5386 4388 3
5417 4413 3
5437 4423 3
5839 4854 2
5865 4863 3
6039 5048 3
6100 5100 3
6105 5092 3
6455 5474 2
6466 5453 3
6703 5690 2
7091 6101 3
7125 6145 3
7154 6153 3
7247 6243 3
7392 6387 3
7570 6589 3
7617 6617 2
7632 6631 3
7720 6718 3
7768 6777 3
7781 6765 3
7898 6902 3
7944 6942 2
8021 7020 2
8026 7007 3
8112 7102 3
8136 7135 3
8303 7314 2
8359 7376 2
8401 7394 2
8537 7522 3
8589 7586 3
8619 7617 3
8751 7760 3
8992 7992 3
9438 8428 3
9458 8453 3
9491 8477 3
9718 8710 3
9809 8812 3
9850 8853 3
10096 9098 3
10198 9212 3
10249 9231 3
10251 9237 3
10282 9267 3
10291 9296 3
10489 9476 3
10603 9588 2
10836 9849 3
10863 9871 3
1091 76 3
1158 170 3
1192 198 3
1414 402 3
1555 547 3
1965 967 2
2091 1072 3
2457 1446 3
2523 1520 3
2758 1755 3
2831 1829 3
2856 1857 3
2862 1869 3
2914 1924 3
2969 1952 3
3013 2017 3
3145 2165 3
3195 2207 3
3252 2267 3
3502 2500 2
3506 2504 2
3719 2729 2
3778 2776 3
3843 2860 3
3922 2928 3
4030 3029 3
4084 3082 3
4120 3136 3
4397 3399 3
4544 3545 3
4576 3573 3
4593 3582 3
4654 3663 3
4663 3668 2
4770 3768 3
4794 3775 3
4852 3843 3
5016 4023 3
5064 4048 3
5529 4532 3
5622 4608 3
5646 4648 3
5715 4732 3
5776 4769 2
5799 4782 3
5923 4940 3
6194 5210 2
6456 5444 3
6457 5440 3
6625 5612 3
6663 5675 3
6721 5739 3
6835 5821 3
6894 5896 3
6947 5942 3
6964 5970 2
7070 6058 3
7071 6058 3
7136 6149 3
7266 6251 3
7282 6302 2
7316 6297 3
7362 6354 3
7384 6373 3
7437 6423 3
7466 6465 3
7536 6537 2
7581 6601 3
7820 6813 3
7899 6885 2
7921 6913 3
8214 7194 3
8245 7256 3
8265 7249 3
8344 7325 3
8442 7439 3
8498 7486 3
8571 7580 3
8584 7581 3
8610 7598 3
8745 7725 3
8762 7762 3
8768 7768 2
9089 8107 3
9116 8097 3
9188 8194 3
9362 8350 2
9363 8344 3
9493 8505 3
9497 8490 3
9510 8509 3
9526 8526 3
9825 8839 3
9890 8904 3
10004 9021 3
10373 9362 3
10618 9627 3
10829 9848 3
10942 9949 3
10985 10000 2
1067 59 3
1070 77 3
1277 266 3
1396 385 3
1513 511 2
1642 639 2
1783 795 3
1922 914 3
1992 1003 3
2019 1016 3
2090 1082 2
2236 1220 3
2248 1236 3
2313 1318 3
2345 1328 3
2451 1453 3
2681 1666 3
2823 1816 3
3077 2095 2
3109 2090 3
3275 2271 3
3276 2271 3
3294 2313 3
3349 2367 3
3363 2382 3
3481 2489 3
3509 2504 3
3756 2774 3
3909 2929 3
3958 2968 3
4017 3024 3
4074 3063 3
4088 3106 3
4148 3157 3
4207 3218 3
4437 3457 3
4633 3648 3
4842 3855 2
5031 4030 3
5079 4081 3
5228 4221 3
5270 4272 2
5353 4361 3
5444 4431 3
5701 4692 3
5768 4766 2
5835 4851 3
5983 5002 2
5990 4999 3
6071 5052 3
6197 5211 3
6261 5275 3
6402 5398 3
6569 5569 3
6632 5644 3
6655 5666 2
6790 5779 3
7006 6022 3
7108 6094 3
7133 6132 3
7211 6222 3
7282 6276 3
7307 6327 3
7348 6350 3
7382 6383 3
7528 6513 3
7605 6593 2
7615 6603 2
7709 6709 3
7917 6904 2
8062 7065 3
8161 7153 3
8179 7178 3
8195 7186 3
8322 7322 3
8334 7337 2
8510 7508 3
8877 7887 3
8895 7877 3
8966 7976 3
9029 8011 2
9332 8321 3
9395 8380 2
9443 8459 3
9566 8554 3
9572 8569 3
9751 8753 3
10005 8999 3
10028 9026 3
10073 9085 3
10155 9147 2
10177 9173 3
10208 9190 3
10509 9507 2
10584 9591 3
10625 9634 3
10652 9670 3
10701 9714 3
10826 9807 3
10973 9978 2
1031 41 2
1047 29 3
1084 89 2
1194 201 3
1209 229 3
1246 240 3
1260 257 3
1297 301 3
1317 328 2
1324 316 3
1397 397 3
1538 554 3
1666 657 3
1794 796 2
1804 815 3
1815 830 3
1881 878 3
1978 996 3
2044 1024 3
2280 1260 2
2497 1515 2
2715 1715 3
2745 1755 3
2911 1897 3
2913 1921 3
2952 1932 3
3031 2051 3
3059 2044 3
3105 2108 3
3254 2234 3
3274 2263 3
3417 2437 3
3555 2566 3
3619 2626 3
3688 2680 3
3891 2910 3
3917 2911 3
3993 2979 3
4037 3049 2
4068 3055 3
4571 3571 3
4662 3643 3
4754 3767 3
4832 3825 3
4934 3917 3
4960 3961 2
5422 4413 2
5468 4488 3
5528 4520 3
5545 4534 3
5632 4617 3
5716 4731 2
5740 4731 3
5773 4766 3
5797 4792 3
6188 5180 3
6477 5461 3
6899 5886 3
6962 5955 3
7072 6058 3
7156 6158 3
7186 6177 2
7288 6304 3
7523 6519 3
7534 6530 2
7549 6542 3
7579 6587 3
7718 6732 3
7801 6788 3
7826 6838 3
7832 6846 3
8101 7107 3
8110 7096 3
8130 7121 3
8358 7341 3
8444 7450 3
8583 7567 3
8626 7625 3
8685 7683 2
8692 7680 3
8761 7777 2
8892 7899 3
9011 8011 3
9172 8182 2
9232 8226 3
9232 8241 2
9471 8454 3
9606 8591 2
9897 8887 3
9922 8927 3
9931 8917 2
9943 8947 3
10100 9086 2
10145 9151 3
10546 9538 2
10618 9623 2
10673 9655 3
10755 9768 3
10873 9863 3
10961 9979 3
1070 90 3
1093 106 3
1097 99 3
1159 144 3
1174 164 3
1254 257 3
1298 291 3
1300 286 3
1338 323 2
1359 368 3
1370 383 3
1414 395 3
1454 436 3
1463 477 3
1472 470 3
1531 539 3
1532 523 3
1609 590 3
1670 675 3
1768 778 3
1819 811 3
1948 963 3
2008 997 2
2135 1126 3
2226 1217 3
2521 1537 3
2541 1549 3
2651 1650 3
2654 1647 3
2715 1704 2
2769 1774 3
2808 1792 2
2873 1872 3
2879 1894 3
2912 1893 3
2941 1926 2
3013 2018 2
3057 2040 3
3465 2447 3
3624 2623 3
3666 2682 3
3714 2694 3
3806 2789 2
3865 2871 3
3888 2880 3
4049 3038 3
4139 3131 2
4271 3256 3
4479 3469 3
4502 3516 3
4566 3546 3
4831 3816 3
4893 3876 3
4979 3965 3
5035 4033 3
5232 4236 3
5287 4270 3
5525 4544 3
5749 4736 3
5750 4750 2
5828 4816 2
5976 4977 3
6247 5247 3
6441 5436 3
6516 5501 3
6539 5556 2
6553 5544 2
6613 5611 3
6620 5605 3
6668 5663 2
6713 5711 3
6815 5814 3
7089 6099 3
7106 6120 3
7366 6370 3
7672 6673 3
7710 6725 3
7749 6734 3
7769 6757 3
8101 7093 3
8107 7112 3
8155 7146 2
8268 7267 3
8324 7318 3
8387 7381 3
8519 7517 3
8700 7720 3
8893 7910 3
9641 8661 3
9675 8683 3
9746 8763 3
9791 8804 3
9847 8831 2
9854 8854 3
10266 9279 2
10477 9483 3
10567 9572 3
10629 9645 3
10910 9910 2
11013 9996 2
1014 1 3
1118 129 2
1266 256 3
1607 588 3
1657 667 3
1718 706 2
1740 740 2
1750 755 3
1836 836 3
1848 832 3
2077 1097 3
2163 1158 3
2183 1174 2
2481 1462 3
2482 1482 3
2685 1674 3
2714 1697 3
2812 1820 3
2914 1930 3
3069 2082 3
3298 2309 3
3387 2391 3
3460 2454 3
3547 2567 2
3663 2656 3
3781 2766 3
3895 2883 3
4173 3188 3
4219 3204 3
4224 3211 3
4232 3212 2
4567 3547 3
4614 3612 3
4701 3683 3
4886 3873 3
4901 3921 3
5205 4187 3
5296 4311 3
5411 4417 2
5432 4449 3
5472 4489 3
5489 4483 2
5618 4600 2
5833 4822 2
5847 4846 3
5929 4939 2
6044 5042 3
6273 5258 2
6309 5294 3
6447 5456 2
6657 5643 3
6667 5681 3
7116 6103 3
7193 6194 2
7407 6407 3
7448 6461 3
7527 6542 3
7875 6883 3
7938 6937 3
8055 7039 2
8057 7060 3
8067 7051 3
8204 7221 3
8276 7286 3
8316 7332 3
8325 7333 3
8454 7449 3
8587 7577 3
8711 7724 3
8838 7832 3
8904 7897 3
8916 7934 3
8931 7931 3
8989 7992 3
9104 8103 3
9147 8163 3
9187 8184 2
9211 8217 3
9370 8372 2
9393 8413 3
9488 8481 2
9488 8507 3
9567 8549 3
9788 8781 3
9909 8922 3
9982 8991 3
10018 9017 3
10039 9025 2
10106 9126 3
10238 9226 3
10277 9275 3
10434 9421 3
10434 9439 3
10502 9513 3
10547 9536 3
10643 9644 2
10707 9700 2
10808 9789 3
10839 9842 3
10925 9923 3
989 1 3
1104 93 3
1205 194 3
1206 208 3
1229 227 3
1307 316 3
1335 351 3
1480 490 3
1706 696 2
1830 812 3
1969 953 3
2178 1176 2
2202 1202 3
2226 1226 3
2233 1253 3
2293 1307 3
2335 1350 3
2444 1427 2
2453 1468 3
2681 1694 3
2801 1791 2
2894 1889 3
2962 1945 3
3043 2027 3
3089 2070 2
3140 2130 3
3278 2282 3
3355 2358 3
3496 2493 2
3564 2553 3
3655 2661 3
3741 2758 3
3918 2928 2
4057 3076 3
4061 3068 3
4108 3093 3
4317 3310 2
4468 3472 2
4511 3509 3
4738 3727 2
4767 3753 2
4783 3794 2
5328 4321 3
5354 4357 2
5370 4377 3
5484 4503 3
5521 4505 2
5596 4611 3
5740 4745 3
5789 4781 3
5823 4829 3
5869 4880 2
5964 4949 3
6251 5249 2
6267 5250 3
6344 5345 2
6760 5762 3
6766 5773 3
6812 5827 3
6842 5848 3
6897 5903 3
7003 6012 3
7015 6010 3
7063 6064 2
7364 6357 3
7380 6361 3
7380 6375 3
7383 6398 2
7608 6606 3
7629 6611 3
7868 6860 3
8021 7015 3
8058 7074 3
8265 7261 3
8344 7360 3
8449 7466 3
8715 7720 3
8741 7721 2
8798 7792 3
8818 7806 3
8891 7902 3
9002 8012 3
9142 8130 3
9324 8320 3
9337 8346 3
9372 8385 3
9492 8503 3
9564 8553 3
9701 8693 3
9715 8697 3
9893 8893 3
10116 9106 3
10184 9171 3
10264 9269 3
10326 9329 3
10331 9322 3
10342 9330 3
10755 9736 3
10805 9808 3
10961 9941 3
1075 85 3
1086 104 3
1169 155 3
1581 569 3
1750 731 3
1894 891 3
1914 895 3
1938 934 3
2128 1145 3
2214 1201 3
2372 1390 3
2526 1531 3
2597 1610 3
2607 1621 3
2700 1683 3
2762 1753 3
3088 2078 2
3196 2213 3
3209 2213 3
3398 2404 2
3526 2511 3
3670 2665 3
3847 2863 3
4147 3152 2
4253 3252 3
4657 3641 3
4687 3680 3
4789 3786 3
4909 3912 3
5033 4050 2
5040 4052 3
5072 4060 3
5133 4138 3
5142 4142 3
5572 4571 3
5603 4615 3
5734 4729 3
5867 4852 3
6029 5047 3
6083 5094 3
6109 5120 3
6114 5127 3
6155 5145 3
6282 5262 3
6301 5289 3
6462 5465 3
6470 5457 3
6488 5475 2
6742 5731 3
6828 5843 2
6842 5834 3
7296 6305 3
7425 6420 3
7521 6520 3
7586 6595 3
7713 6695 3
7809 6803 3
8010 7014 3
8016 7016 3
8037 7047 3
8051 7039 2
8147 7165 3
8204 7189 3
8223 7236 3
8243 7223 3
8268 7277 3
8338 7323 3
8408 7415 3
8409 7417 3
8446 7428 3
8502 7491 3
8542 7547 2
8668 7680 2
8721 7704 3
8722 7736 3
8846 7863 2
9103 8118 3
9120 8115 2
9262 8252 3
9407 8426 3
10006 8993 3
10024 9006 3
10062 9042 3
10064 9056 3
10098 9111 3
10107 9127 3
10152 9165 3
10173 9156 3
10218 9221 2
10241 9228 3
10334 9317 2
10381 9394 3
10570 9583 3
10597 9579 3
10788 9776 3
10819 9837 3
10884 9872 3
10903 9911 3
10914 9922 3
10986 9973 3
1038 23 3
1059 66 3
1065 48 3
1116 122 3
1409 402 3
1661 664 2
1667 679 3
1676 663 3
1680 686 3
1818 801 3
1889 889 3
1961 941 2
1963 955 3
1968 980 3
2000 1001 3
2216 1230 3
2256 1254 3
2366 1386 3
2414 1411 3
2635 1620 3
2713 1694 3
2715 1714 3
2732 1735 3
2761 1766 3
2833 1814 2
2892 1907 3
2901 1903 2
2910 1908 3
3052 2069 3
3063 2053 3
3200 2202 2
3375 2385 3
3565 2573 3
3685 2693 3
3813 2821 3
3853 2837 3
3884 2866 3
4033 3042 2
4112 3117 3
4239 3258 3
4349 3365 3
4499 3480 3
4503 3484 3
4639 3637 3
4811 3821 3
4896 3898 3
5096 4107 2
5125 4108 3
5272 4282 3
5287 4303 3
5331 4336 3
5359 4374 3
5998 4995 3
6070 5070 3
6451 5461 3
6456 5470 2
6482 5473 3
6563 5563 3
6695 5705 3
6732 5732 3
6812 5813 3
6945 5944 3
6968 5957 3
7192 6204 3
7192 6205 3
7237 6218 3
7261 6247 3
7442 6461 2
7692 6705 3
7723 6729 3
7767 6784 3
7776 6773 3
7796 6784 3
7962 6946 3
8105 7124 2
8120 7107 3
8149 7147 3
8211 7213 3
8242 7251 3
8270 7250 3
8323 7335 2
8328 7331 3
8534 7543 2
8733 7749 2
8953 7939 2
9042 8028 3
9208 8214 3
9533 8550 3
9561 8575 3
10025 9011 3
10080 9082 2
10254 9255 3
10265 9273 3
10366 9357 2
10388 9379 3
10457 9451 3
10548 9539 3
10722 9725 3
10860 9856 2
10875 9890 3
1121 113 3
1189 199 3
1324 335 3
1808 800 3
1984 977 2
2126 1106 3
2185 1187 3
2319 1339 3
2354 1338 3
2373 1374 3
2415 1427 2
2559 1571 3
2955 1961 3
2975 1970 3
3338 2354 3
3449 2468 3
3498 2501 3
3563 2581 3
3701 2710 3
3716 2730 3
3732 2735 2
3799 2812 2
3836 2850 3
3839 2820 2
3900 2891 3
3981 2973 3
4038 3042 3
4180 3197 3
4228 3240 3
4296 3302 3
4473 3458 3
4601 3601 3
4749 3760 3
4971 3987 3
4986 4002 3
5095 4101 3
5115 4096 3
5354 4372 3
5437 4457 2
5475 4474 3
5481 4465 3
5484 4499 3
5867 4859 3
5919 4902 3
6230 5242 3
6297 5290 3
6408 5396 3
6498 5509 2
6501 5517 3
6562 5548 3
6612 5593 2
6632 5650 3
6704 5724 2
6724 5716 3
7048 6039 3
7262 6250 3
7279 6275 2
7309 6320 3
7316 6322 3
7324 6334 3
7352 6364 3
7360 6352 3
7373 6375 3
7397 6397 3
7482 6489 3
7614 6629 3
7705 6718 3
7789 6771 3
7913 6917 3
7942 6925 3
7962 6975 3
8031 7022 3
8086 7082 3
8252 7244 3
8572 7568 3
8770 7758 2
8867 7884 3
8941 7928 3
9056 8057 2
9154 8166 3
9222 8204 3
9364 8378 3
9365 8346 3
9391 8385 3
9548 8545 3
9663 8669 3
9687 8691 3
9713 8727 3
9787 8805 2
10015 9020 2
10177 9181 3
10372 9392 3
10379 9388 3
10389 9385 3
10530 9521 3
10631 9631 2
10768 9748 2
10785 9781 3
10834 9818 3
10982 10000 3
1074 76 3
1196 182 2
1214 204 3
1227 233 2
1350 359 3
1455 446 3
1534 522 3
1604 590 3
1640 645 3
1749 741 2
1763 777 2
1773 773 3
1795 797 3
1869 882 2
1924 941 3
1975 984 3
2065 1065 3
2280 1274 2
2330 1330 3
2505 1489 2
2927 1934 3
2947 1948 2
3006 2002 3
3337 2326 3
3407 2407 3
3517 2520 3
3536 2530 3
3543 2536 3
3586 2595 3
3885 2881 3
3974 2994 3
4082 3067 3
4100 3095 3
4119 3101 2
4181 3199 2
4340 3351 2
4463 3452 3
4755 3753 3
4807 3810 3
4906 3924 2
5035 4024 2
5079 4090 3
5173 4160 3
5312 4310 3
5325 4322 3
5663 4678 3
5704 4694 3
5741 4756 3
5781 4766 3
5952 4971 3
6049 5032 3
6114 5119 3
6196 5197 3
6274 5288 3
6319 5333 3
6342 5332 3
6527 5525 3
6746 5739 3
6797 5802 3
6808 5793 3
6884 5901 3
7176 6168 3
7236 6232 3
7256 6258 3
7331 6324 3
7532 6536 2
7580 6576 2
7584 6569 3
7711 6729 3
7714 6733 2
7743 6749 3
8020 7016 3
8027 7021 3
8107 7097 3
8198 7213 3
8221 7223 3
8363 7357 3
8367 7367 2
8388 7377 2
8631 7634 3
8638 7633 3
9107 8117 3
9164 8156 2
9258 8246 3
9320 8303 3
9410 8423 3
9433 8440 3
9610 8593 3
9844 8854 3
10159 9140 2
10183 9168 3
10255 9247 3
10345 9361 3
10552 9552 2
10612 9619 3
10669 9675 2
10900 9918 3
10903 9897 3
10938 9955 3
10940 9947 2
1033 26 3
1064 83 3
1084 72 3
1230 225 3
1257 247 2
1641 633 3
1703 713 3
1793 810 3
1922 931 3
1951 933 3
1983 999 3
2012 1006 3
2053 1064 2
2137 1155 3
2178 1173 3
2229 1224 3
2252 1232 3
2357 1357 3
2383 1401 3
2463 1451 3
2480 1470 3
2496 1501 3
2595 1609 3
2605 1585 2
2765 1774 3
2948 1968 3
2957 1945 3
3100 2087 3
3125 2138 3
3244 2257 3
3327 2308 3
3579 2575 3
3897 2910 3
4128 3119 3
4191 3191 3
4206 3190 3
4428 3441 3
4629 3618 3
4777 3769 3
4864 3862 2
4897 3887 3
5058 4078 3
5146 4146 3
5208 4215 3
5227 4224 3
5284 4302 3
5495 4500 2
5503 4496 3
5567 4586 3
5572 4587 3
5692 4692 3
5834 4831 2
5847 4837 3
5907 4908 3
5979 4968 3
6010 5026 3
6252 5235 3
6286 5282 2
6308 5328 3
6358 5342 3
6473 5458 3
6504 5496 3
6640 5651 3
6830 5816 3
6850 5836 2
7074 6092 3
7125 6115 3
7293 6303 3
7389 6395 3
7410 6413 3
7655 6641 3
7674 6664 3
7797 6795 3
7926 6926 2
8223 7239 3
8300 7300 3
8416 7413 3
8536 7548 3
8584 7579 3
8702 7706 3
8861 7870 3
9111 8098 3
9209 8219 3
9218 8233 2
9298 8309 3
9340 8331 3
9399 8388 2
9516 8525 3
9795 8815 3
9837 8821 3
10086 9072 3
10109 9113 3
10157 9145 3
10317 9304 3
10502 9491 3
10562 9545 3
10689 9703 3
10769 9788 2
10798 9802 3
10887 9886 3
1101 121 3
1120 133 3
1204 220 3
1298 300 3
1501 487 3
1556 567 3
1759 748 3
1834 822 3
1870 857 3
2278 1284 3
2366 1351 2
2377 1377 3
2380 1367 3
2391 1405 2
2437 1449 3
2475 1479 3
2549 1542 2
2882 1876 2
2918 1924 2
3009 2006 3
3024 2015 3
3132 2112 2
3271 2253 3
3336 2340 3
3457 2452 3
3673 2656 3
3820 2840 2
3853 2855 3
4023 3015 3
4329 3322 3
4522 3522 3
4642 3627 3
4648 3631 2
4683 3669 3
4738 3740 2
4845 3842 3
4875 3881 3
5019 4035 2
5379 4380 3
5404 4410 2
5547 4564 3
5736 4753 3
6048 5039 3
6077 5085 3
6219 5212 3
6225 5209 3
6503 5502 3
6536 5544 3
6557 5538 3
6682 5700 2
6723 5719 3
6754 5772 3
6862 5857 3
6879 5871 3
7048 6054 3
7214 6212 3
7296 6314 2
7402 6405 2
7423 6430 3
7589 6588 3
7613 6611 3
7830 6840 3
7972 6978 3
8008 6990 3
8013 7010 3
8053 7055 2
8055 7065 3
8116 7119 3
8410 7429 3
8433 7444 3
8460 7461 3
8543 7531 2
8603 7604 3
8711 7697 3
8745 7764 2
8824 7832 3
8849 7861 3
8863 7861 3
8901 7900 3
8965 7947 3
9026 8011 3
9085 8093 2
9227 8219 3
9333 8326 3
9501 8521 3
9665 8672 3
9800 8793 3
9822 8821 3
9869 8861 3
9879 8875 3
9963 8966 2
10172 9168 3
10440 9453 3
10447 9455 3
10496 9501 3
10790 9788 3
10816 9831 3
10926 9914 2
10974 9963 3
10989 9981 3
1077 68 3
1082 64 3
1186 172 3
1199 190 3
1300 309 3
1474 470 2
1478 469 2
1488 497 3
1580 596 3
1588 607 3
1628 610 3
1680 665 2
1777 760 3
1872 869 2
1888 880 3
1973 971 2
2352 1342 3
2435 1440 3
2457 1457 3
2677 1696 3
2802 1811 3
2942 1924 3
3102 2114 3
3128 2124 2
3393 2385 3
3404 2400 3
3414 2428 3
3532 2526 3
3591 2605 3
3925 2930 3
4196 3177 3
4217 3201 3
4336 3320 2
4346 3349 3
4653 3656 3
4734 3754 3
4800 3818 3
4831 3851 3
5077 4088 3
5165 4151 3
5175 4194 3
5235 4238 3
5249 4254 3
5304 4320 3
5570 4558 3
5588 4598 3
5627 4632 3
5798 4811 3
5919 4927 3
5972 4957 3
5996 4990 3
6067 5063 3
6271 5286 3
6342 5334 3
6357 5361 2
6388 5381 3
6451 5450 3
6452 5445 3
6729 5736 3
6779 5787 3
6903 5888 3
6995 5995 3
7111 6123 3
7279 6292 3
7361 6372 3
7373 6367 3
7423 6403 2
7447 6431 3
7501 6520 3
7535 6554 3
7852 6835 2
8166 7160 3
8188 7202 3
8306 7296 3
8370 7384 3
8375 7369 2
8400 7389 3
8464 7456 3
8475 7491 3
8530 7517 3
8614 7623 3
8722 7733 3
8937 7939 3
8978 7975 2
9124 8113 3
9261 8257 3
9438 8419 3
9656 8672 3
9812 8803 3
9983 8997 3
9995 8981 3
10038 9049 3
10180 9188 2
10325 9334 3
10326 9309 3
10416 9407 3
10570 9553 3
10666 9657 2
10693 9691 3
10885 9879 3
986 6 3
1133 114 3
1210 215 3
1426 418 3
1459 454 2
1526 532 3
1544 560 3
1589 576 3
1590 599 3
1797 787 3
1823 833 3
2098 1100 3
2246 1242 3
2296 1296 3
2413 1393 3
2538 1556 3
2671 1689 3
2784 1779 3
3128 2124 3
3152 2148 3
3173 2193 3
3250 2250 3
3261 2243 3
3410 2401 2
3463 2468 3
3495 2510 3
3544 2561 3
3606 2603 3
3688 2685 3
3727 2715 3
3786 2798 3
3792 2793 3
3802 2786 3
4107 3105 3
4137 3127 3
4141 3145 3
4173 3171 3
4365 3345 3
4546 3537 3
4695 3693 3
4913 3915 3
5008 4019 2
5123 4140 3
5180 4162 2
5383 4400 2
5392 4408 3
5469 4450 3
5555 4535 3
5579 4595 3
5658 4676 3
5969 4950 3
6022 5026 3
6038 5046 3
6050 5064 2
6265 5249 2
6468 5462 3
6468 5488 3
6610 5620 2
6622 5616 3
6840 5820 3
6929 5932 3
7280 6278 3
7315 6332 3
7356 6337 3
7492 6478 3
7607 6627 3
8080 7093 3
8153 7160 3
8218 7237 3
8354 7369 3
8372 7375 3
8586 7577 2
8636 7626 3
8649 7632 3
8651 7635 3
8660 7664 3
9091 8105 3
9132 8145 3
9165 8180 3
9399 8391 3
9407 8427 2
9464 8446 3
9675 8665 3
9796 8787 3
9888 8898 3
9905 8902 2
9925 8943 3
10029 9046 3
10043 9047 3
10050 9062 2
10233 9233 2
10303 9316 3
10420 9422 3
10433 9452 3
10446 9445 3
10468 9462 2
10501 9493 3
10678 9692 2
10728 9711 3
10822 9839 3
1136 117 3
1229 225 3
1402 382 3
1452 433 3
1546 563 2
1606 616 2
1770 753 2
2037 1041 3
2330 1314 3
2359 1378 2
2397 1406 3
2434 1419 3
2737 1731 3
2814 1803 3
2933 1936 3
2964 1957 3
2985 1994 3
2996 2014 3
3040 2045 3
3045 2031 3
3202 2187 2
3211 2220 3
3324 2308 3
3328 2330 3
3396 2405 3
3422 2427 3
3530 2532 3
3560 2544 3
3582 2584 2
3643 2639 3
3703 2708 3
3759 2772 2
3814 2828 3
3819 2800 3
3846 2853 3
3997 2988 3
4032 3037 3
4044 3058 3
4070 3065 3
4162 3173 3
4197 3180 3
4220 3226 3
4354 3344 3
4359 3377 3
4411 3414 2
4463 3443 3
4480 3493 3
4510 3502 3
4621 3621 2
4634 3635 3
4685 3688 3
4735 3735 2
4884 3895 3
4909 3903 3
5019 4003 3
5195 4177 3
5297 4310 2
5516 4509 3
5524 4525 3
5744 4724 3
5962 4979 3
5986 4995 3
6000 4987 2
6081 5074 3
6161 5151 3
6221 5219 3
6554 5540 3
6642 5624 3
6729 5709 3
6822 5840 3
6875 5879 3
6919 5912 2
6937 5937 3
7028 6017 3
7031 6027 3
7137 6123 2
7165 6171 3
7191 6194 2
7290 6293 3
7458 6454 2
7458 6466 3
7594 6584 3
7662 6670 3
7847 6867 3
7850 6868 3
7981 7001 2
8242 7234 3
8419 7402 3
8463 7460 3
8575 7559 3
8721 7738 3
8865 7864 2
9438 8448 3
9476 8494 3
9857 8846 3
9872 8863 3
10301 9303 3
10584 9600 3
10939 9928 3
10975 9972 2
1041 24 2
1085 83 3
1521 520 2
1573 563 2
1666 680 3
1829 835 2
2029 1036 3
2054 1034 3
2097 1105 3
2223 1227 3
2297 1280 3
2327 1339 2
2426 1417 3
2450 1431 2
2551 1560 3
2791 1776 3
3094 2081 3
3181 2179 3
3377 2382 3
3509 2520 3
3561 2569 3
3685 2684 3
3705 2721 3
3792 2785 3
3934 2921 3
4302 3308 3
4601 3592 3
4648 3663 3
4666 3674 3
4799 3785 3
4980 3981 3
5072 4058 3
5255 4251 3
5354 4366 3
5420 4435 3
5436 4438 3
5443 4445 3
5493 4506 2
5671 4684 3
5749 4739 2
6021 5023 3
6115 5118 3
6165 5184 2
6285 5283 3
6438 5450 3
6539 5558 3
6761 5777 3
6826 5830 3
6833 5821 3
6974 5983 3
7035 6022 3
7088 6093 3
7319 6301 3
7429 6425 2
7481 6492 3
7544 6530 2
7603 6622 3
7625 6612 3
7725 6723 3
7725 6725 3
7835 6822 3
7881 6885 3
7883 6895 2
7901 6915 3
8124 7135 3
8295 7281 3
8486 7494 3
8661 7675 3
8675 7670 2
8798 7806 2
8906 7923 3
9025 8008 3
9035 8037 2
9147 8129 3
9263 8244 3
9421 8410 3
9471 8465 3
9510 8518 2
9562 8568 2
9610 8617 3
9636 8654 3
9713 8704 3
9723 8704 3
9769 8759 3
9805 8788 3
9938 8952 3
9947 8943 3
10000 9019 3
10208 9191 3
10291 9282 3
10412 9404 3
10429 9446 3
10437 9449 3
10475 9457 3
10481 9480 3
10590 9587 2
10602 9604 3
10642 9641 3
10717 9734 3
10888 9905 3
1130 142 3
1250 265 3
1393 399 3
1449 445 3
1494 486 3
1534 550 3
1618 622 3
2173 1181 3
2247 1241 3
2323 1320 3
2543 1526 3
2555 1544 3
2617 1633 2
2633 1648 3
2645 1626 3
2775 1764 3
2914 1933 3
2946 1935 3
2955 1952 3
3131 2147 3
3229 2243 3
3278 2266 3
3341 2361 3
3429 2433 3
3509 2489 3
3538 2547 3
3783 2763 3
3824 2822 3
3835 2830 3
3874 2876 3
3882 2900 3
3934 2927 3
3978 2964 3
4016 3011 3
4054 3043 2
4257 3266 3
4300 3286 2
4459 3456 3
4586 3570 3
4631 3613 3
4772 3792 3
4801 3792 2
4972 3955 2
5047 4065 3
5168 4166 2
5317 4321 3
5328 4325 3
5361 4375 3
5438 4449 3
5554 4572 3
5784 4788 3
5793 4788 2
6115 5099 2
6575 5565 3
6705 5708 3
6806 5815 3
6815 5829 3
6866 5862 3
6929 5940 3
6972 5970 3
7102 6114 3
7158 6158 3
7287 6284 3
7344 6361 3
7396 6392 2
7515 6534 3
7611 6595 3
7717 6709 3
7823 6810 3
8136 7152 3
8201 7192 3
8255 7246 3
8257 7255 3
8330 7336 3
8366 7356 3
8425 7427 3
8442 7437 2
8745 7748 3
8766 7748 2
8896 7901 3
9089 8089 2
9212 8226 3
9344 8361 3
9407 8420 3
9437 8456 3
9556 8567 3
9829 8843 3
9900 8916 3
9922 8910 3
10077 9063 3
10122 9125 3
10254 9269 3
10465 9470 3
10530 9517 3
10731 9719 3
10807 9798 3
10833 9815 3
10837 9818 3
10945 9952 3
10975 9956 3
1102 108 3
1168 170 3
1180 187 3
1383 382 2
1454 472 3
1730 740 3
1768 758 3
1849 854 3
1882 871 3
1974 957 3
2211 1231 2
2225 1211 3
2228 1209 2
2294 1302 3
2672 1665 2
2728 1748 3
2732 1727 3
2807 1825 3
3279 2271 3
3317 2312 3
3430 2419 3
3487 2468 3
3523 2509 3
3647 2666 3
3653 2645 3
3945 2928 3
3951 2970 3
3975 2959 2
4026 3021 3
4061 3051 2
4086 3104 3
4266 3252 3
4274 3263 3
4363 3348 3
4436 3445 3
4479 3466 3
4489 3471 3
4566 3575 3
4689 3676 3
4690 3684 2
4797 3793 3
4950 3964 3
5082 4100 3
5215 4220 3
5364 4352 3
5381 4396 3
5398 4418 3
5456 4461 3
5880 4864 3
5960 4948 3
6168 5175 3
6199 5188 3
6280 5281 3
6301 5313 2
6404 5415 3
6468 5451 3
6560 5556 3
6886 5868 2
6892 5873 3
6905 5922 2
7080 6071 3
7240 6252 3
7249 6257 3
7369 6352 3
7571 6574 3
7718 6735 3
7720 6734 2
7743 6753 3
7787 6769 3
7811 6803 3
7854 6855 3
7910 6919 3
8005 7008 3
8082 7081 3
8274 7261 3
8311 7327 3
8476 7477 3
8478 7466 3
8515 7517 3
8582 7576 2
8775 7785 2
9226 8206 2
9313 8314 3
9403 8386 3
9424 8412 2
9494 8505 3
9537 8544 3
9606 8624 3
9617 8623 3
9674 8664 3
9807 8813 3
9812 8809 3
9907 8926 3
9921 8930 3
9933 8945 3
10242 9260 3
10280 9292 2
10591 9579 3
10792 9805 3
10995 9999 3
1042 35 3
1381 374 2
1415 410 3
1473 479 3
1705 724 2
1810 812 3
2071 1057 3
2129 1109 3
2159 1139 3
2186 1175 2
2235 1255 3
2347 1344 2
2522 1537 3
2862 1854 3
3012 2029 3
3052 2042 3
3165 2165 3
3401 2384 2
3481 2473 3
3571 2573 3
3593 2593 3
3636 2632 3
3770 2753 3
3869 2872 3
3877 2893 3
3903 2921 3
3923 2913 3
3997 2981 3
4047 3034 3
4460 3444 3
4902 3917 3
4957 3948 3
4987 3971 3
5296 4306 3
5318 4306 2
5329 4319 3
5409 4428 3
5430 4430 3
5441 4427 3
5511 4531 3
5599 4601 3
5606 4593 2
5660 4644 2
5664 4672 3
5744 4730 3
5939 4955 2
6052 5048 3
6232 5212 3
6247 5231 3
6404 5385 2
6569 5570 2
6683 5673 3
6746 5733 2
6781 5785 3
6877 5860 2
7024 6034 3
7154 6141 3
7374 6370 3
7527 6513 3
7565 6583 3
7625 6628 3
7788 6770 3
8165 7171 3
8179 7174 3
8279 7295 3
8336 7344 3
8407 7418 3
8605 7601 3
8609 7624 2
8612 7632 3
8683 7670 3
8744 7736 3
8763 7746 3
9129 8122 3
9153 8169 3
9234 8227 3
9290 8276 3
9325 8344 3
9389 8400 2
9397 8380 3
9417 8433 3
9418 8400 3
9528 8527 3
9949 8943 3
10032 9050 3
10081 9091 3
10112 9095 2
10146 9131 3
10259 9279 2
10287 9304 3
10315 9302 3
10345 9329 3
10490 9504 2
10536 9516 3
10569 9553 3
10626 9608 3
10676 9691 3
10706 9696 3
10904 9894 3
10910 9930 3
