1000 100 225427
10 53 247
10 110 168
10 133 238
10 60 196
10 128 185
10 73 174
10 74 243
10 111 213
10 55 186
10 149 222
10 150 238
10 64 209
10 121 193
10 67 241
10 134 155
10 124 168
10 96 194
10 125 158
10 67 238
10 97 238
10 82 186
10 51 229
10 147 239
10 142 153
10 92 200
10 96 227
10 120 206
10 90 230
10 95 202
10 143 201
10 54 231
10 72 206
10 102 189
10 53 151
10 52 245
10 99 153
10 80 208
10 108 201
10 138 197
10 60 194
10 61 151
10 99 216
10 74 181
10 133 234
10 148 157
10 116 179
10 145 240
10 110 235
10 126 176
10 115 245
10 107 190
10 90 160
10 87 150
10 93 152
10 137 164
10 116 237
10 116 241
10 128 150
10 143 223
10 85 243
10 129 222
10 150 157
10 79 183
10 93 216
10 124 221
10 58 237
10 116 171
10 71 233
10 149 174
10 56 210
10 69 187
10 113 184
10 118 216
10 142 221
10 100 217
10 118 237
10 114 217
10 68 213
10 143 244
10 124 169
10 96 185
10 117 173
10 60 185
10 101 176
10 65 178
10 60 230
10 94 204
10 85 217
10 117 198
10 59 184
10 149 171
10 147 242
10 144 160
10 136 212
10 140 229
10 83 235
10 142 233
10 54 247
10 111 216
10 75 239
103 5 29
151 53 33
313 212 28
555 455 30
672 571 35
760 660 39
766 664 31
865 763 29
913 812 28
923 824 34
139 38 30
159 61 37
162 60 31
165 67 30
330 228 28
382 280 30
435 336 33
560 461 31
1005 905 28
1097 996 29
447 347 28
474 374 28
493 391 31
558 459 38
644 543 34
717 617 36
770 669 37
824 723 32
937 836 35
1096 998 32
169 67 33
259 157 33
285 187 28
289 190 38
380 278 34
481 379 32
592 494 37
748 648 31
927 828 32
1098 997 35
104 6 35
276 175 31
333 235 29
371 272 37
376 274 37
580 478 36
607 507 33
831 731 28
907 808 33
1003 904 34
170 69 39
196 94 34
485 384 33
570 469 39
718 617 28
763 661 39
849 749 37
855 757 30
904 806 37
1060 961 32
229 127 30
277 176 29
402 302 32
510 409 32
534 432 37
595 494 35
706 607 37
793 693 36
799 697 30
946 845 34
192 94 32
337 236 38
424 324 28
524 424 36
559 457 28
613 512 33
630 530 37
643 542 38
644 543 34
953 852 38
211 111 38
494 395 33
530 428 29
532 432 32
541 443 35
636 534 34
707 606 31
716 617 30
719 618 38
926 827 30
313 214 30
514 416 30
645 544 30
665 563 36
842 740 39
896 795 39
1005 905 37
1021 920 30
1080 978 31
1095 996 34
136 36 33
220 120 32
249 148 36
336 236 31
386 285 34
446 345 36
480 379 38
695 593 37
783 682 28
1032 930 28
214 116 34
328 230 29
382 283 35
459 359 29
674 573 29
774 672 30
852 750 29
862 763 29
932 831 29
1027 928 28
200 102 29
274 176 29
295 193 30
307 209 39
510 408 28
533 431 28
662 563 32
898 796 30
934 833 38
1001 902 31
239 138 39
245 144 30
263 164 28
288 188 34
488 386 37
529 431 32
826 724 36
848 750 29
911 811 28
1090 990 35
387 287 31
449 350 36
469 371 35
517 419 35
640 540 29
701 603 30
736 637 28
769 670 31
863 764 37
1064 965 28
125 23 35
150 50 36
205 105 34
215 114 33
494 395 36
794 696 31
983 885 32
1017 915 33
1025 925 36
1074 974 32
255 153 30
440 341 28
575 476 29
732 633 37
789 690 33
886 788 38
913 814 28
939 840 33
1065 965 35
1082 981 31
345 244 34
426 326 37
499 400 30
581 482 37
638 537 36
677 577 37
701 603 28
809 707 31
1005 903 37
1052 950 36
161 63 33
162 62 38
339 238 32
399 298 28
647 546 30
696 596 32
900 798 36
1079 980 38
1094 994 30
1100 1000 31
130 30 37
314 212 32
630 529 36
631 529 37
791 693 29
822 721 32
841 739 34
921 820 34
1045 947 36
1101 999 36
126 28 28
138 36 33
243 142 35
323 222 29
375 276 35
389 290 38
441 339 28
574 476 29
842 742 32
967 869 36
320 219 29
394 292 32
578 480 29
632 531 35
700 599 34
718 618 33
740 638 28
786 687 30
907 809 35
956 854 29
164 65 33
210 108 35
248 146 31
502 402 35
731 632 28
796 696 30
856 758 30
874 773 29
904 805 33
1041 940 28
483 381 32
546 444 28
643 544 34
699 599 31
778 677 33
935 837 36
970 868 31
984 884 39
985 884 30
1071 973 31
197 99 28
248 149 38
304 202 28
327 227 28
350 249 34
351 252 33
460 361 39
479 377 29
778 676 36
845 744 37
159 58 29
346 244 31
463 362 38
705 603 31
782 680 33
822 724 30
825 727 33
964 863 34
1042 942 35
1074 975 30
128 26 32
130 28 29
180 78 31
331 231 34
468 368 38
479 381 35
500 402 30
537 437 30
652 554 39
1061 961 35
125 23 31
450 352 38
515 414 28
527 425 31
710 609 32
776 675 28
913 815 36
981 882 35
1004 902 38
1079 977 31
193 93 33
398 300 29
402 303 35
506 405 38
585 487 37
783 682 31
877 775 30
929 829 28
941 840 32
1007 908 33
178 79 33
378 278 33
407 305 33
564 462 33
569 470 34
583 482 32
647 549 33
872 772 35
875 777 30
901 801 37
109 11 33
308 208 34
333 234 33
524 425 37
574 473 32
584 482 31
661 559 39
951 853 35
975 876 36
1074 975 30
286 187 31
339 240 32
347 249 33
430 332 38
662 561 36
689 588 34
805 706 30
811 710 38
906 806 29
956 858 28
392 292 38
477 379 30
519 420 34
620 522 28
648 546 37
652 552 33
680 580 29
795 695 31
1052 954 34
1057 956 37
110 8 30
191 89 30
229 128 33
432 334 38
650 549 30
844 743 38
872 770 28
999 901 30
1025 925 28
1031 932 36
183 81 35
186 84 31
383 283 37
410 311 36
431 333 30
489 390 29
501 403 38
640 539 28
937 835 37
1018 920 32
261 160 33
379 280 32
401 299 31
451 353 28
477 377 31
534 433 32
630 532 34
654 553 34
693 594 35
909 808 35
172 73 35
224 124 31
237 138 30
294 192 29
480 379 29
680 578 38
687 588 31
718 617 32
850 749 30
955 857 37
179 78 28
348 249 30
366 266 36
672 574 30
802 700 37
860 762 29
925 827 29
1032 934 31
1049 948 38
1064 963 37
210 110 36
231 129 32
441 340 29
516 415 38
537 439 34
559 458 36
586 488 35
625 523 39
698 600 36
1068 966 30
139 40 37
270 170 33
355 253 35
519 418 30
640 542 28
676 574 29
775 673 39
932 832 30
990 890 33
1003 902 32
293 192 34
391 293 35
435 335 31
439 339 37
537 437 37
582 482 28
906 806 29
1026 927 30
1027 929 30
1092 994 35
114 14 37
220 119 32
297 195 29
327 229 30
574 472 30
687 588 34
768 666 30
868 766 31
1061 963 39
1082 981 34
259 159 30
288 189 36
334 235 29
603 501 37
639 537 29
747 646 37
888 790 34
946 847 31
999 899 38
1085 986 35
195 95 32
225 123 32
258 159 29
389 289 31
538 439 33
604 503 30
678 579 38
718 619 32
806 705 33
949 851 32
121 23 30
122 20 38
266 167 31
317 216 36
659 559 32
721 619 28
768 669 38
777 677 33
901 802 38
1083 982 35
118 20 32
185 86 35
273 174 29
408 307 33
618 517 36
819 717 34
919 821 32
948 848 30
1024 926 33
1043 941 28
272 170 31
345 245 36
386 288 32
402 303 35
426 328 31
515 416 36
542 443 32
582 481 35
781 683 39
976 877 28
301 200 34
422 321 38
508 406 35
549 449 30
559 460 32
577 477 39
642 541 37
945 846 38
1079 980 37
1089 989 39
194 92 36
203 103 33
253 155 37
303 204 36
310 212 35
352 251 33
390 291 37
613 514 32
753 655 30
1038 939 37
119 18 32
375 275 31
387 285 28
429 327 38
472 374 35
530 432 32
593 494 32
612 510 37
715 614 30
919 819 37
316 218 28
440 341 28
459 359 30
631 529 32
789 690 29
841 740 28
891 791 28
966 868 34
982 881 37
1088 987 39
367 266 35
388 290 30
415 313 38
643 543 39
736 634 39
753 653 32
810 711 30
844 743 35
890 788 38
1033 933 37
295 197 32
453 353 30
599 499 37
614 514 34
620 519 39
662 564 28
672 570 38
851 753 30
921 822 32
1099 998 39
419 320 29
685 583 38
699 597 33
725 624 36
730 628 32
763 665 32
901 803 38
951 851 33
1000 902 37
1060 962 38
279 179 35
304 206 32
489 388 29
558 458 34
608 506 38
740 638 35
784 685 31
841 739 34
875 776 29
941 841 37
293 194 34
383 285 38
461 361 37
479 379 37
502 404 31
703 601 32
720 619 37
726 628 29
849 751 35
1004 902 31
212 112 35
255 156 35
404 302 35
490 391 35
614 516 37
743 645 37
805 705 28
852 750 33
947 847 32
1005 905 37
115 15 31
171 72 37
218 116 32
321 219 34
340 238 37
363 262 35
550 450 36
938 838 37
989 891 32
1084 982 38
176 78 37
192 92 31
271 169 33
347 248 32
390 288 29
448 349 31
702 601 29
719 620 33
851 751 36
1053 955 30
250 149 28
280 179 28
401 302 38
455 354 36
463 362 35
732 631 29
758 657 36
811 711 37
862 760 38
1011 912 37
113 14 37
126 26 28
278 176 29
466 365 31
482 383 34
602 503 33
709 609 29
713 612 35
770 671 28
809 711 38
108 10 38
147 48 34
369 267 36
519 418 33
580 480 35
589 488 30
631 529 29
646 547 38
909 807 31
1089 991 35
162 63 28
167 65 31
267 169 32
280 178 32
456 357 32
551 450 30
572 470 31
734 636 28
858 758 31
945 845 36
254 156 35
376 277 32
437 338 29
447 348 36
458 358 37
633 534 36
649 548 32
908 809 31
1005 904 30
1047 946 33
197 95 31
313 215 31
412 311 28
509 408 30
658 557 37
665 564 38
717 618 37
815 716 39
1037 935 35
1045 943 31
251 150 38
363 262 28
405 306 37
425 325 28
456 358 38
762 664 33
862 762 36
914 814 30
950 848 32
1063 963 28
138 40 31
269 167 30
276 177 32
419 321 37
539 438 33
705 605 31
862 762 30
896 795 36
925 824 30
1051 949 35
157 59 33
168 67 35
393 295 37
399 300 39
406 306 29
632 533 35
633 535 32
722 621 33
803 704 33
881 782 39
377 278 32
428 330 30
513 413 36
572 471 33
720 622 28
745 644 35
798 699 29
801 700 32
939 840 36
1012 911 32
176 78 28
225 127 31
263 165 29
441 341 36
662 564 30
873 771 39
925 826 38
969 868 32
1005 906 37
1025 927 28
215 115 34
220 122 28
315 216 28
372 273 28
404 305 33
495 397 28
596 495 28
670 572 29
675 575 35
689 591 30
272 172 29
599 500 36
633 535 30
655 557 29
839 739 32
866 764 30
872 774 31
921 822 30
995 897 34
1004 906 30
103 2 35
230 131 32
355 257 36
504 403 39
645 546 36
667 565 34
740 639 35
741 640 33
1037 939 35
1076 977 28
139 38 35
147 48 35
219 118 30
224 125 33
452 354 28
468 370 31
479 378 36
560 461 30
852 752 30
1038 938 38
102 1 35
158 56 29
211 110 34
375 277 28
482 380 31
596 498 30
609 507 33
674 574 35
727 625 36
980 880 29
455 355 29
462 364 38
489 391 33
554 453 33
616 515 35
782 684 38
899 801 37
974 874 34
989 888 28
1012 913 37
178 76 34
229 131 32
349 247 37
388 289 31
615 517 31
791 689 29
857 756 39
935 836 35
1052 950 38
1092 994 34
139 41 35
219 117 33
255 155 35
332 230 39
342 243 30
438 340 29
626 528 37
644 545 35
689 591 35
831 729 38
100 2 34
121 22 30
161 60 35
166 66 30
167 69 37
672 573 37
753 654 38
897 797 38
902 803 38
930 831 36
157 56 38
194 94 33
380 280 32
412 310 33
563 463 31
681 581 28
693 593 35
774 673 35
947 849 29
1096 996 36
235 134 28
259 160 39
439 337 34
497 395 33
650 551 31
699 597 37
772 673 29
803 703 38
944 842 28
1077 976 31
198 100 29
203 105 30
221 120 33
492 393 28
547 447 37
559 461 35
623 521 31
712 610 35
924 822 35
1037 937 28
225 127 38
236 137 34
507 405 34
560 461 29
742 643 38
758 658 29
915 817 30
927 827 28
1030 928 30
1085 986 36
146 44 31
326 228 30
331 232 34
453 355 30
519 419 38
587 488 32
835 734 34
876 776 28
955 853 34
1072 972 37
267 167 37
287 186 38
446 346 34
448 349 37
627 528 38
653 555 37
825 724 30
893 791 29
1020 922 31
1072 974 35
182 80 35
185 84 38
219 120 28
232 132 37
311 209 30
341 243 38
550 452 39
723 624 33
885 787 36
947 849 36
121 23 31
193 93 31
341 243 28
534 434 34
573 475 34
711 612 29
713 613 30
1033 931 32
1033 935 31
1067 969 33
341 240 37
475 374 31
507 405 28
511 411 29
588 489 32
599 500 32
689 589 33
791 690 34
862 763 37
881 781 37
141 40 34
362 263 33
370 269 29
382 284 33
496 394 36
520 420 28
617 517 32
644 544 29
727 627 30
963 862 30
204 104 32
222 121 28
443 341 29
508 407 31
720 620 35
772 670 30
800 699 33
898 798 35
1011 912 28
1069 970 32
237 136 32
426 326 29
588 486 36
706 606 28
744 643 31
751 652 38
902 800 28
948 848 28
1016 914 32
1057 955 32
123 23 29
250 152 37
324 222 33
597 495 33
617 516 30
687 586 35
844 742 36
965 863 38
1005 903 32
1035 934 34
106 6 28
114 12 29
187 86 30
292 191 28
476 377 31
638 538 31
732 630 35
854 756 39
934 833 35
1071 972 33
120 20 35
150 49 31
282 183 31
313 214 35
356 255 33
390 291 34
401 301 33
629 530 34
814 713 31
1032 930 31
159 60 32
190 91 34
312 214 37
773 672 35
827 726 39
881 779 32
903 803 29
964 865 35
1059 959 32
1063 962 33
148 50 30
310 209 31
362 261 29
582 483 37
626 528 36
760 662 35
929 828 34
987 887 34
1011 912 32
1077 977 29
195 96 31
332 234 37
465 364 35
577 479 35
772 674 34
827 725 37
845 743 28
874 772 36
1016 916 35
1023 924 37
354 254 32
364 263 38
387 287 30
417 319 33
441 343 32
580 479 29
910 809 28
933 832 29
939 839 38
1003 901 34
200 98 32
364 263 31
430 332 29
471 372 33
491 392 32
538 437 33
561 461 35
577 476 29
725 625 37
831 733 28
178 80 36
190 90 32
283 182 35
377 276 36
449 350 34
601 501 35
645 545 37
788 688 28
793 692 36
936 836 36
