200 100 468331
2 80 159
2 95 223
2 74 190
2 65 178
2 100 220
2 137 195
2 88 188
2 98 196
2 65 151
2 111 161
2 96 173
2 98 239
2 96 161
2 92 210
2 97 216
2 109 155
2 70 153
2 127 220
2 67 210
2 82 156
2 68 208
2 112 186
2 102 197
2 147 157
2 75 169
2 91 158
2 107 241
2 54 209
2 63 189
2 82 194
2 118 171
2 79 188
2 143 159
2 102 235
2 141 174
2 80 213
2 94 217
2 89 197
2 105 245
2 117 222
2 148 182
2 111 210
2 64 178
2 63 162
2 56 171
2 81 228
2 86 185
2 73 179
2 118 153
2 148 162
2 71 226
2 74 159
2 107 222
2 73 203
2 51 161
2 112 220
2 86 246
2 65 236
2 93 246
2 143 235
2 127 186
2 56 236
2 88 173
2 142 240
2 81 201
2 87 186
2 105 229
2 93 220
2 95 224
2 127 155
2 142 190
2 55 226
2 108 171
2 71 242
2 137 198
2 77 233
2 99 158
2 96 240
2 149 222
2 73 150
2 99 235
2 88 190
2 123 184
2 99 157
2 51 191
2 73 174
2 116 180
2 107 197
2 149 160
2 116 227
2 114 219
2 96 210
2 99 172
2 50 158
2 140 245
2 75 207
2 137 191
2 115 204
2 123 237
2 50 250
4232 3215 159
7251 6254 150
1884 904 154
8495 7477 163
6139 5126 151
10965 9956 178
1223 241 159
10551 9541 134
7714 6722 153
10837 9857 174
3659 2653 134
4727 3716 137
1065 61 182
10196 9193 165
7113 6095 174
9059 8053 169
5165 4156 131
5792 4776 151
6347 5344 161
10777 9757 147
10367 9375 143
10776 9796 132
4037 3018 162
4463 3455 138
1898 897 161
8132 7134 132
3600 2592 144
9392 8405 171
2914 1914 180
6429 5429 133
5639 4628 145
7307 6293 155
5282 4267 153
7622 6628 153
2076 1086 137
6308 5305 179
3392 2387 136
8799 7803 131
2528 1514 156
5719 4712 156
3472 2463 138
4617 3617 168
2608 1605 131
3005 2018 172
8806 7793 144
8858 7854 137
8542 7561 149
9172 8178 146
7988 6994 131
9315 8301 143
2398 1396 133
4736 3755 143
3275 2286 136
6263 5251 167
1157 138 136
6756 5744 133
2845 1825 147
9562 8555 177
1456 446 152
6094 5106 167
6928 5942 171
7589 6590 171
2648 1631 143
7472 6466 140
3509 2526 140
6783 5772 159
1435 415 158
6035 5029 137
3859 2843 174
9132 8142 148
2270 1254 152
8479 7473 151
6464 5449 167
10735 9753 174
1078 75 131
1843 841 148
7078 6083 144
9602 8591 165
3566 2562 142
8927 7926 176
1745 739 132
3313 2332 166
3961 2967 155
9674 8666 143
2553 1548 178
2860 1870 164
7370 6377 133
7573 6592 140
8461 7469 171
9435 8439 133
6399 5383 165
10847 9831 180
2663 1664 140
8463 7468 172
4624 3620 165
10526 9530 171
1541 527 153
9580 8567 140
1523 539 162
3246 2264 135
6304 5293 184
10827 9807 182
3046 2048 159
3316 2303 159
6884 5901 134
8650 7651 133
2110 1097 162
7211 6221 152
1965 981 158
6970 5967 160
9600 8588 179
10186 9190 146
2082 1077 155
8023 7021 148
7996 6983 131
9357 8337 145
1269 273 142
5945 4940 143
1582 587 166
7613 6627 131
1268 274 152
8377 7376 133
1779 783 135
7319 6315 180
2482 1491 150
2992 2003 173
1335 352 144
2319 1311 173
7073 6071 136
9999 9016 167
5762 4748 154
8305 7320 149
1157 164 154
2771 1769 157
9695 8690 146
10328 9339 162
6385 5393 168
8550 7531 159
5659 4666 145
9351 8358 155
6071 5058 154
9734 8738 182
4947 3931 133
7591 6571 173
5836 4834 171
9869 8883 138
5905 4919 172
8420 7425 146
6210 5228 174
8578 7569 159
2732 1750 155
5200 4189 148
4543 3542 142
6935 5952 158
5514 4510 177
10608 9608 166
3176 2184 153
6510 5525 148
3545 2537 150
10111 9099 150
3281 2284 177
5361 4362 177
2154 1170 145
3878 2880 151
6074 5089 146
8817 7820 139
3724 2704 157
10934 9935 148
2915 1912 160
4134 3151 150
1135 155 148
2476 1457 164
1008 6 136
10335 9318 172
4347 3350 158
5118 4135 135
6100 5095 160
8808 7823 140
1787 769 133
6713 5732 132
5620 4630 133
5903 4912 158
4018 3021 158
9801 8810 172
2858 1869 162
3165 2170 146
3133 2145 150
9210 8207 158
3351 2369 131
10699 9679 164
5602 4592 133
9257 8242 158
1980 997 147
6071 5080 142
9226 8219 132
10584 9589 180
5181 4174 150
8964 7977 179
4215 3202 169
9136 8127 172
