200 20 463883
10 80 219
10 113 186
10 83 243
10 111 224
10 71 212
10 102 156
10 57 216
10 61 219
10 68 172
10 144 241
10 150 184
10 149 160
10 73 240
10 107 175
10 121 159
10 86 170
10 137 165
10 89 219
10 67 213
10 93 202
1180 192 31
2813 1829 34
4947 3952 32
5984 4966 36
6018 5021 32
6186 5168 36
7067 6073 29
8168 7184 35
8582 7575 32
9880 8883 30
3052 2048 31
3253 2241 35
3295 2315 33
3891 2895 34
5831 4823 36
6372 5369 29
7585 6591 33
8920 7933 33
9819 8809 36
9908 8913 36
1952 952 31
3452 2443 32
3509 2528 29
3835 2845 33
4360 3342 33
4573 3567 35
4983 3967 36
6126 5108 32
8752 7732 34
9891 8890 30
2199 1213 30
4152 3169 31
4261 3244 36
4711 3721 29
5090 4071 35
6016 5036 27
7250 6266 29
7910 6908 30
7947 6931 33
9315 8333 31
1014 23 36
1158 167 30
1745 725 28
1906 911 32
2484 1499 37
2584 1596 29
5227 4243 31
8960 7957 36
8975 7972 34
9879 8896 36
1729 744 35
2927 1929 36
5650 4643 36
6482 5489 33
6682 5675 33
7986 6979 31
8578 7565 35
9080 8095 32
9747 8755 30
10818 9814 33
1271 259 35
1752 732 30
2289 1279 27
2831 1822 32
3469 2475 29
3833 2821 27
6788 5795 36
7008 6024 37
8134 7130 28
10435 9453 27
1426 446 27
1770 756 27
2256 1246 31
2290 1310 36
2848 1841 35
3823 2835 37
4379 3362 35
7856 6846 35
7945 6940 33
8960 7957 33
5565 4558 32
6680 5693 33
6806 5818 27
7008 6001 35
7295 6301 35
7628 6614 33
8881 7897 33
9489 8494 34
9558 8567 34
10105 9115 36
1299 306 32
2606 1611 33
2885 1902 27
4381 3401 35
4516 3526 33
7093 6077 31
7990 6999 31
9262 8277 32
9289 8301 36
9696 8704 36
1454 449 26
3578 2598 30
3642 2623 34
3726 2738 32
4987 3987 29
6177 5162 35
6510 5513 32
6560 5546 36
8436 7439 27
9275 8263 33
1629 637 29
4588 3583 36
5969 4957 30
6862 5857 29
6994 5974 35
7788 6804 34
8595 7615 31
8889 7875 36
9578 8575 30
9661 8678 29
2242 1253 35
3595 2613 36
4732 3739 37
4976 3983 29
6053 5071 36
7693 6676 30
8197 7199 30
8201 7207 33
9446 8450 37
10390 9370 36
2725 1717 35
3672 2688 36
6022 5032 36
6295 5308 29
6317 5332 34
7472 6457 37
7564 6556 35
7601 6591 28
8621 7608 30
9454 8462 30
1790 810 33
1970 973 36
2054 1059 29
5118 4102 30
6528 5533 36
8153 7156 30
8876 7862 34
9335 8321 32
9790 8789 36
10214 9222 26
1173 161 30
4275 3287 35
4310 3293 33
4434 3415 29
6828 5832 36
7866 6877 27
8055 7064 34
8246 7251 30
8644 7624 33
10546 9555 35
2361 1370 32
4533 3516 36
4541 3552 34
6132 5128 31
6880 5900 29
7516 6519 30
8560 7554 29
8626 7635 34
9766 8772 35
10183 9188 31
1334 350 33
3582 2580 27
3608 2601 30
3717 2733 29
3969 2979 37
4051 3057 37
4347 3342 34
4950 3951 32
5754 4748 37
6982 5989 27
2093 1098 31
2814 1834 27
4473 3479 36
5183 4169 30
5281 4282 33
5812 4799 34
7262 6262 34
8728 7742 36
9053 8039 32
9470 8454 36
1803 805 32
3580 2569 32
3898 2907 28
5225 4240 37
5461 4460 31
6086 5098 37
8916 7927 32
9463 8467 27
9633 8646 27
10518 9529 31
