100 20 24094
5 61 242
5 68 160
5 95 242
5 150 166
5 107 179
5 110 161
5 128 197
5 96 219
5 117 166
5 99 248
5 113 163
5 91 155
5 98 229
5 123 152
5 149 232
5 111 214
5 93 191
5 116 231
5 121 195
5 117 242
112 13 67
264 166 62
693 591 50
750 648 59
1050 950 63
121 19 56
212 113 66
399 297 53
604 506 58
990 888 62
218 117 54
303 202 49
935 836 62
1072 970 67
1081 981 64
460 361 57
687 585 64
775 674 53
1008 907 49
1067 969 55
187 87 62
616 517 49
839 738 51
1001 899 68
1067 968 67
479 378 55
543 445 52
673 571 61
728 628 59
881 782 61
189 89 58
225 124 58
644 542 65
781 682 55
1001 900 68
193 93 52
290 188 52
324 224 49
446 347 52
1049 950 63
187 85 65
208 108 61
263 164 55
711 613 59
1019 919 60
124 25 64
197 97 63
389 289 69
650 549 49
996 895 60
330 228 56
435 337 68
583 483 66
741 639 52
892 791 62
110 11 58
150 48 56
264 164 49
537 436 52
667 569 66
312 210 50
512 413 59
583 483 64
647 546 52
842 744 57
112 12 53
133 34 66
136 38 65
212 110 62
596 495 50
105 6 68
497 396 53
775 674 52
993 895 55
1015 916 51
580 482 63
824 724 64
901 799 56
958 859 62
964 862 49
242 144 59
387 289 55
564 462 59
687 588 59
984 883 51
185 85 49
561 460 67
613 515 49
656 557 57
863 763 60
114 13 51
231 129 67
643 543 53
665 567 59
994 894 65
238 139 59
431 331 55
599 499 62
951 853 64
1008 910 65
