2000 100 4923691
20 94 176
20 108 235
20 105 247
20 147 232
20 142 237
20 61 229
20 125 192
20 60 200
20 56 231
20 104 169
20 51 177
20 83 170
20 55 165
20 75 170
20 94 241
20 59 187
20 88 181
20 76 229
20 131 165
20 65 250
20 98 174
20 106 211
20 108 212
20 129 153
20 138 172
20 71 172
20 111 239
20 69 150
20 112 166
20 63 232
20 67 243
20 93 217
20 83 184
20 114 218
20 128 177
20 137 244
20 107 244
20 104 196
20 71 237
20 79 220
20 95 236
20 76 226
20 84 178
20 90 214
20 83 163
20 96 194
20 84 176
20 121 189
20 88 165
20 108 156
20 118 178
20 111 203
20 116 160
20 58 247
20 100 200
20 92 222
20 133 151
20 115 221
20 51 207
20 102 174
20 56 152
20 105 197
20 123 211
20 69 234
20 73 211
20 50 230
20 92 211
20 84 211
20 134 190
20 92 153
20 81 243
20 74 173
20 77 201
20 135 188
20 95 240
20 60 179
20 116 183
20 149 181
20 77 163
20 125 202
20 74 231
20 94 154
20 145 207
20 90 177
20 88 169
20 139 223
20 138 153
20 103 218
20 117 246
20 97 172
20 129 169
20 133 161
20 64 246
20 142 249
20 65 226
20 71 236
20 60 150
20 55 191
20 147 226
20 93 181
1547 562 13
2198 1188 15
2869 1870 16
2882 1892 14
3153 2143 14
3569 2562 14
3690 2674 14
3853 2835 14
5045 4040 16
5272 4257 17
5930 4939 12
6049 5063 14
7122 6142 13
7131 6147 16
7141 6128 15
7388 6387 12
7905 6906 15
8090 7078 13
8180 7195 14
10057 9064 16
2186 1191 14
2411 1397 14
3278 2281 17
3299 2318 14
3440 2426 17
3796 2780 12
3962 2980 15
4097 3093 14
4274 3254 14
5895 4900 15
6498 5486 16
6711 5700 16
6755 5758 15
7721 6719 14
8044 7063 14
8122 7141 17
8296 7287 15
8586 7596 12
9032 8020 17
9365 8348 13
1062 77 17
1317 297 14
2352 1338 16
2926 1916 15
4036 3026 16
4451 3434 15
5143 4134 17
5814 4831 15
6860 5861 12
8012 7028 13
8402 7383 15
8485 7477 13
8501 7517 13
8798 7788 15
9879 8898 17
10047 9054 14
10232 9225 12
10389 9381 13
10659 9653 16
10663 9654 16
2029 1037 16
2046 1030 16
2249 1244 12
2303 1323 13
2646 1635 13
2767 1775 12
3172 2191 14
3818 2819 16
4260 3270 15
4359 3372 13
4393 3380 15
4574 3567 13
4794 3799 12
5823 4831 14
7128 6116 15
8087 7101 15
8702 7705 12
9244 8247 14
10316 9330 17
10654 9664 17
1172 189 13
1424 426 16
2239 1246 15
2879 1873 17
3152 2172 13
3159 2144 14
3367 2358 14
4170 3172 17
4390 3385 16
4406 3389 16
4825 3834 13
5609 4589 14
7242 6243 13
7437 6442 16
7642 6660 14
7713 6704 14
9172 8191 14
10002 8986 16
10265 9260 17
10299 9318 15
1136 133 14
2201 1191 14
2255 1255 15
2336 1327 16
2342 1354 14
3329 2336 12
3506 2516 16
3517 2507 15
4599 3580 17
5205 4185 13
5990 4989 13
6635 5643 15
7009 5994 16
8150 7154 13
9058 8046 17
9699 8714 16
9873 8859 16
9971 8982 14
10137 9144 17
10660 9669 15
2039 1036 16
2459 1475 12
2560 1561 13
2781 1784 16
3356 2348 14
3630 2635 15
3635 2617 13
4294 3303 16
4395 3375 14
4472 3479 14
4763 3760 12
6014 5004 14
6518 5526 17
6704 5684 13
6838 5854 15
7617 6635 15
8158 7159 15
8995 7993 14
9425 8423 13
9707 8708 15
1799 809 17
3955 2936 15
4187 3197 16
4241 3241 14
4318 3316 17
4711 3719 13
4938 3937 16
5384 4395 16
5912 4901 14
5991 5003 15
6529 5525 17
7146 6150 17
7894 6898 14
8010 7012 16
8162 7143 16
9036 8032 17
9208 8189 14
10063 9068 17
10188 9197 12
10753 9735 16
3113 2114 17
3375 2370 15
3422 2418 14
3704 2724 13
3808 2789 16
5469 4454 16
6405 5391 13
6581 5580 16
6680 5696 14
7276 6258 15
7367 6351 13
7476 6462 13
7844 6859 14
7947 6954 17
8308 7298 13
9938 8955 14
10227 9231 14
10503 9488 14
10570 9567 16
10837 9850 17
1129 148 13
1302 313 13
1987 979 16
2168 1169 15
2434 1414 17
2807 1790 17
2807 1812 17
3354 2368 17
3658 2670 16
5489 4477 17
5531 4528 16
5711 4702 16
6060 5071 12
7005 6016 15
7107 6110 14
7613 6620 15
8222 7206 14
9055 8054 16
9402 8390 14
10517 9518 15
1105 89 13
1502 511 17
1670 673 12
3209 2201 17
3344 2341 17
3617 2598 14
4469 3480 15
4504 3490 16
4937 3949 14
5334 4330 13
5498 4487 14
6421 5402 15
6620 5632 14
7152 6144 15
7900 6914 15
8295 7298 16
9415 8414 13
9444 8461 16
10473 9489 14
10945 9938 13
1546 556 16
2577 1597 17
2675 1678 14
3335 2333 15
3802 2810 16
3942 2943 16
4116 3120 14
4198 3210 14
4347 3364 16
4446 3452 17
5259 4275 16
5558 4556 13
5677 4697 12
5873 4887 15
5964 4946 14
6415 5431 17
6510 5529 15
7664 6680 15
8943 7942 17
10972 9964 13
1126 142 14
1205 224 16
1611 597 15
2174 1162 16
2316 1331 16
4274 3254 16
4925 3925 16
5265 4258 16
5425 4423 14
5569 4570 13
6074 5070 13
7221 6211 15
7701 6685 17
8935 7948 13
9166 8152 13
9546 8557 15
9866 8856 16
10570 9564 16
10642 9640 15
10852 9851 13
1076 90 17
1569 572 14
1907 887 12
3469 2477 14
3501 2496 14
4337 3335 13
5148 4149 15
5238 4236 14
6103 5110 13
6112 5096 16
6275 5282 13
6295 5315 14
7049 6030 13
7069 6051 16
7362 6354 14
7699 6681 17
8026 7043 13
8245 7264 16
9130 8143 13
9446 8433 17
1417 408 15
2072 1088 16
2171 1157 14
2990 1988 15
3422 2426 12
4472 3487 14
4581 3587 14
4734 3742 17
4975 3970 17
5101 4104 17
5670 4657 13
6413 5420 15
7972 6977 15
8046 7036 15
8308 7288 17
9006 8019 14
9147 8152 15
9199 8204 13
9241 8224 13
10419 9404 16
1072 78 12
1950 960 13
2182 1168 14
2983 2001 14
3343 2342 13
3877 2869 14
4135 3121 13
4194 3206 14
4299 3296 16
4559 3539 14
5184 4191 15
5368 4375 12
5959 4947 15
6745 5755 13
7183 6169 17
7538 6523 12
7856 6844 16
9105 8114 17
9524 8528 15
10252 9252 17
1107 111 16
1633 613 13
1981 990 12
2225 1225 13
2261 1265 17
2677 1697 16
4678 3677 16
5405 4398 14
5902 4901 13
6243 5233 17
6609 5602 16
6660 5651 14
6980 5971 16
7861 6842 16
8275 7295 16
8634 7623 14
8978 7984 13
9927 8918 15
10061 9077 15
10321 9309 15
1218 226 15
2001 1000 14
2270 1278 13
2709 1702 16
2750 1737 13
2870 1858 13
3019 2032 14
3312 2294 14
4106 3089 13
4150 3143 17
4543 3558 15
4644 3651 16
4723 3731 12
7048 6043 15
8125 7114 17
8158 7166 15
8225 7212 13
9352 8343 16
10075 9089 13
10798 9786 15
1123 130 14
2336 1346 13
2550 1561 16
2606 1590 14
2619 1625 14
2777 1783 17
3838 2852 13
4503 3497 14
5130 4130 15
5606 4592 15
5828 4820 15
7899 6897 12
8519 7514 16
9125 8140 16
9319 8331 15
9724 8732 17
10098 9088 15
10391 9379 17
10766 9781 13
10929 9932 14
1027 29 16
1426 427 16
1482 471 15
1726 722 15
1790 809 13
1917 934 13
2841 1822 14
3267 2266 17
3965 2952 13
4501 3517 13
4676 3676 12
5179 4173 15
5745 4760 17
7570 6554 14
8136 7138 13
8724 7724 12
9783 8785 17
10123 9115 13
10172 9159 13
10221 9216 16
1458 456 16
1525 533 14
2125 1125 15
2446 1443 17
2454 1457 16
2524 1529 15
2604 1593 17
2661 1643 13
2885 1895 17
2898 1910 14
4262 3273 16
4302 3297 15
6220 5211 15
7546 6536 17
8064 7049 14
9283 8285 16
9359 8357 16
9450 8461 17
9727 8718 13
10788 9789 15
1523 519 15
1669 654 12
2407 1387 13
2515 1503 12
2679 1678 17
5165 4183 12
5308 4289 14
5653 4645 12
6050 5036 15
6230 5245 15
6377 5366 16
6405 5393 13
6427 5438 15
6696 5694 14
7516 6500 13
8439 7447 16
8661 7661 15
9117 8128 13
9963 8983 16
10740 9755 16
1985 970 16
2306 1316 14
2335 1329 16
2433 1420 16
2719 1738 17
3926 2938 13
4228 3222 13
5952 4949 16
6337 5354 17
6665 5654 15
6886 5883 17
7572 6569 16
7953 6933 16
8986 8006 16
9228 8218 16
9308 8299 12
9429 8448 15
10019 9005 16
10426 9435 14
10636 9621 15
1567 559 14
2751 1746 14
3146 2162 15
3915 2932 17
4909 3919 12
4913 3932 12
5161 4178 14
6422 5431 13
6427 5409 13
6594 5582 16
7756 6761 17
8831 7833 17
9089 8090 16
9687 8697 15
9871 8878 15
9894 8896 14
10019 9020 14
10251 9262 15
10345 9337 12
10831 9826 17
1014 28 14
1427 421 13
1700 699 15
2101 1111 15
2455 1438 13
2566 1566 13
2862 1871 15
3025 2042 17
3509 2511 14
3777 2768 13
3846 2838 14
4021 3031 16
5044 4044 16
5491 4486 13
5870 4876 15
7275 6257 13
7446 6463 13
8122 7121 14
8361 7355 15
9597 8584 14
1229 211 15
3037 2047 15
3192 2211 16
3280 2279 13
3423 2420 16
3438 2451 12
3646 2628 17
4170 3171 15
4198 3179 14
4498 3485 13
5496 4492 13
5918 4912 16
5947 4931 14
6189 5207 14
6859 5875 16
6912 5928 16
6930 5927 15
6993 6002 15
8111 7129 16
10690 9677 15
1436 438 13
2415 1408 13
2477 1480 16
2618 1637 14
2899 1879 13
3024 2030 15
3424 2436 16
4721 3704 17
4837 3850 14
6721 5730 13
6728 5738 12
7085 6104 16
7223 6226 15
8439 7439 13
8528 7532 13
9068 8069 16
9079 8088 16
9514 8514 14
9614 8623 13
9838 8828 15
1288 277 13
1744 764 13
2969 1966 12
4046 3030 15
4056 3070 17
4545 3549 17
4892 3878 14
6606 5596 14
7113 6132 12
7368 6358 15
7629 6647 15
8490 7485 16
8565 7557 17
8640 7622 15
8989 7970 14
9046 8040 16
9405 8416 13
9970 8982 16
10297 9285 14
10499 9504 12
3367 2351 16
3403 2394 14
3852 2852 15
3993 2987 15
4804 3808 17
5296 4283 14
5972 4991 15
6021 5027 17
6584 5596 17
6605 5619 17
6783 5801 16
7022 6037 13
7720 6732 14
7778 6769 13
7811 6792 17
8053 7039 14
8778 7791 15
8857 7857 14
9236 8228 14
10816 9799 14
1172 188 14
1938 948 13
2654 1641 14
2665 1685 13
3083 2102 13
4055 3049 16
5961 4969 13
6002 5010 16
6247 5234 13
6373 5374 16
6758 5774 16
7395 6383 17
8013 6997 15
8818 7818 15
8939 7942 15
9314 8303 14
9458 8468 16
10017 9024 15
10255 9258 17
10987 9984 15
1019 22 16
2131 1128 16
2670 1679 14
3020 2003 15
3531 2517 16
3583 2577 14
3656 2670 17
4164 3144 17
5195 4184 13
5210 4209 13
5496 4515 17
5900 4893 16
7657 6675 15
7974 6971 13
8148 7160 17
8172 7162 14
9551 8550 15
10195 9185 15
10218 9219 13
10319 9317 16
1032 21 15
1232 234 13
2229 1209 13
2473 1479 14
2505 1519 13
3177 2164 14
3553 2570 17
8471 7473 16
8551 7550 15
8893 7903 13
9042 8053 14
9269 8256 13
9569 8584 17
9573 8582 15
9597 8593 16
9618 8619 16
10009 8998 15
10453 9433 14
10639 9652 13
10859 9862 13
1098 83 16
1117 109 17
1584 599 15
1703 703 14
2321 1326 17
3081 2086 15
3191 2211 16
3577 2594 15
4309 3297 14
4541 3521 13
4600 3610 16
5478 4477 15
6596 5578 16
6920 5908 16
7222 6219 17
7964 6974 17
8391 7402 14
9975 8987 17
10550 9565 14
10980 9967 16
1768 773 15
1886 874 14
2190 1194 16
3195 2206 15
3816 2819 15
4393 3384 13
4531 3547 13
4550 3556 15
5235 4245 14
5828 4835 15
6495 5497 16
6723 5718 16
6765 5759 13
7913 6910 14
8065 7058 17
8218 7237 14
8719 7710 17
9662 8682 16
10492 9494 13
10529 9513 13
2218 1220 14
2366 1376 17
2683 1684 12
2750 1763 13
3744 2746 14
3936 2919 16
4567 3571 16
5312 4315 16
6082 5062 15
7608 6623 15
7647 6658 13
7711 6716 13
7750 6731 16
7918 6907 14
8615 7609 17
9532 8513 17
9688 8701 13
9792 8792 15
10153 9166 15
10898 9905 15
2210 1195 13
3032 2031 12
3487 2495 14
3743 2753 15
3749 2766 13
5245 4251 17
5896 4895 12
6502 5509 16
6885 5891 14
7278 6273 16
7868 6877 16
7962 6960 15
8190 7209 15
8846 7847 14
8998 7982 12
9918 8925 16
10033 9034 13
10282 9280 15
10497 9479 16
10919 9931 16
1871 883 16
1987 990 15
2129 1120 14
2321 1332 17
2394 1386 16
3651 2641 16
3999 2994 16
4151 3138 15
4247 3262 13
4296 3284 16
4310 3316 14
4669 3658 17
5776 4777 13
7028 6021 14
7262 6273 16
7354 6371 13
7386 6368 13
10037 9053 17
10543 9551 14
10741 9755 15
1144 129 15
1676 685 17
2011 1019 13
2350 1343 12
3098 2111 14
3263 2271 15
4618 3632 15
4725 3720 16
5386 4402 14
5624 4615 15
5677 4679 15
6046 5028 16
6122 5107 14
6419 5420 12
6779 5762 15
6961 5965 14
7828 6810 13
9602 8620 13
9731 8725 14
10659 9670 15
1545 538 15
2728 1714 15
3546 2561 17
4421 3422 14
4463 3472 13
5358 4355 17
5373 4393 13
5476 4486 13
6439 5437 13
6559 5555 14
6599 5613 16
7254 6242 14
7461 6466 12
7485 6466 13
7752 6772 14
8236 7237 17
8348 7336 16
8567 7584 16
9578 8595 16
10929 9949 14
1798 813 14
1987 979 12
2158 1146 16
2713 1697 14
3605 2600 15
4273 3270 13
4395 3376 17
4862 3882 16
5977 4988 14
6486 5503 14
6823 5841 15
6873 5875 13
7299 6312 15
7757 6772 15
8122 7107 17
8354 7341 13
9114 8105 12
10409 9403 15
10549 9568 14
10836 9846 16
991 3 14
1225 210 17
1586 573 15
1970 955 16
3252 2238 15
3276 2265 17
3886 2903 13
4065 3084 17
4121 3139 15
4215 3211 17
4394 3393 14
5758 4774 16
6246 5266 16
6534 5523 13
6805 5819 15
7291 6310 17
8246 7234 12
8771 7756 14
9035 8050 13
9250 8230 16
1130 113 17
1246 229 16
2247 1250 16
3701 2682 12
4721 3701 15
5205 4213 16
5978 4984 13
6043 5039 14
6974 5985 13
7033 6021 13
7317 6306 13
7382 6365 14
7686 6705 17
7821 6821 15
8114 7129 16
8148 7157 15
8413 7398 15
8970 7975 13
10365 9357 13
10746 9744 12
1081 64 13
1189 205 17
1300 311 16
1688 677 14
1741 729 14
1981 962 14
2097 1092 17
3334 2352 15
4906 3912 14
5872 4874 16
5903 4904 15
6314 5296 14
6963 5953 16
7237 6223 16
7942 6958 17
8374 7392 14
8867 7878 13
9261 8256 16
9500 8488 14
10812 9813 15
1133 140 17
1633 645 17
2038 1050 14
2287 1270 13
2329 1321 17
2355 1356 17
2876 1874 17
3273 2264 14
3599 2619 15
3828 2821 14
3965 2955 16
5398 4391 16
5930 4913 14
6273 5263 12
7431 6442 12
7687 6688 13
8854 7863 16
9276 8296 16
10523 9537 16
10659 9641 13
1706 691 16
1902 898 15
3717 2725 16
3718 2734 13
4635 3626 13
4798 3792 15
5044 4050 14
5687 4678 13
6435 5423 16
7039 6030 15
7404 6406 12
7450 6465 16
7907 6889 17
8276 7284 17
8319 7314 16
9384 8376 17
9431 8420 16
9446 8443 15
10016 8998 14
10441 9449 17
1272 253 13
1431 418 12
2092 1087 15
2332 1312 17
3164 2152 12
3318 2303 17
3870 2858 14
4459 3469 16
4955 3948 16
5226 4241 13
5827 4829 14
6383 5380 12
7766 6764 16
7806 6814 14
8124 7131 13
8436 7440 12
8614 7595 12
8927 7928 17
9320 8316 17
10811 9801 14
1226 243 12
1605 591 14
1742 737 16
3699 2717 13
4560 3551 14
6068 5077 15
6261 5251 13
6528 5539 13
6725 5744 15
7345 6328 16
7587 6597 17
8558 7561 16
8921 7913 16
9042 8037 15
9143 8151 16
9493 8493 17
9695 8706 17
10561 9559 15
10859 9876 17
11010 9997 16
1045 33 13
2513 1533 14
3006 1989 12
3318 2337 14
3707 2721 16
3747 2760 14
4400 3396 14
5039 4023 17
5060 4068 14
5306 4292 13
5322 4323 16
5627 4608 13
6279 5272 14
6621 5609 13
6838 5825 15
6849 5833 14
7794 6783 15
8120 7113 13
8204 7222 13
10934 9924 14
1692 697 17
1809 792 13
1998 1013 13
2112 1118 14
2148 1165 13
3244 2233 17
4238 3244 17
4710 3704 14
5449 4466 17
5450 4448 14
5657 4668 16
7376 6389 12
7938 6943 13
8181 7199 15
8380 7374 16
9229 8234 14
10274 9289 14
10465 9467 13
10605 9609 13
10658 9640 14
1169 181 12
1963 948 14
2245 1230 13
2788 1780 15
2856 1867 17
2955 1935 17
3225 2239 13
3264 2256 13
3343 2328 14
3716 2706 17
5350 4349 16
6421 5419 13
6849 5844 17
7757 6757 14
8081 7065 16
9276 8282 13
9632 8640 16
9994 8987 15
10106 9122 17
10563 9570 16
2018 1035 13
2342 1331 14
2538 1551 13
2745 1728 16
3366 2373 12
3939 2954 14
4082 3069 13
4546 3554 17
4660 3653 13
5079 4074 14
6718 5723 14
6719 5724 14
7589 6580 15
8028 7038 15
8105 7108 16
8234 7223 16
8802 7809 14
9615 8614 14
10617 9620 14
10920 9921 16
1126 146 17
1541 536 13
1804 791 13
1927 946 14
2848 1852 14
3463 2459 15
3551 2555 14
4705 3718 15
6941 5947 15
7242 6261 16
8209 7219 14
8331 7317 12
8739 7744 16
9301 8281 17
9466 8465 15
9566 8565 15
9582 8567 17
9626 8633 14
10103 9092 16
10540 9546 16
2132 1143 14
2350 1345 14
3150 2160 17
3672 2683 15
5516 4530 13
5563 4567 17
5867 4852 16
6106 5114 17
6449 5453 13
6661 5670 14
6688 5683 17
6861 5850 13
7306 6293 14
7523 6536 16
8724 7729 12
9467 8463 12
9584 8573 16
10727 9714 15
10753 9751 14
10791 9772 17
1108 93 16
1748 753 17
1894 899 14
2188 1182 14
2614 1617 15
2622 1642 13
3177 2170 12
3209 2204 13
4426 3420 16
4997 4014 15
5304 4312 15
8070 7088 12
8245 7251 15
8815 7804 16
9560 8555 13
9679 8681 17
9711 8695 13
10099 9095 14
10554 9569 15
10613 9622 17
1420 439 15
1646 633 16
2922 1940 14
2978 1968 17
2986 1967 15
3161 2163 16
4294 3274 17
4346 3344 15
4657 3661 12
4706 3698 16
5765 4758 12
6020 5031 14
8939 7956 14
9335 8317 13
10010 8999 14
10121 9133 15
10517 9502 16
10555 9544 15
10631 9643 14
10709 9710 17
2329 1340 14
2912 1899 13
3333 2319 12
3602 2585 17
3826 2820 15
3990 3009 16
4074 3093 17
4225 3243 15
4278 3283 15
4367 3387 15
5424 4426 15
5749 4749 13
5930 4918 15
6094 5087 17
6919 5929 15
7591 6595 15
7619 6631 14
8956 7961 15
9656 8644 17
9714 8700 16
1118 119 15
1220 226 14
1582 592 12
2375 1391 12
2587 1573 13
2595 1584 17
2926 1941 15
2949 1933 15
3532 2548 17
3753 2749 14
4124 3122 14
4942 3941 15
7690 6673 14
9383 8391 16
9679 8663 15
9908 8908 14
10162 9152 14
10487 9475 14
10882 9888 17
10883 9892 16
1116 115 13
1226 245 13
2599 1613 16
2624 1638 16
2789 1802 16
3027 2026 16
4101 3081 16
5299 4289 12
5829 4822 12
6789 5795 16
7843 6840 14
8206 7212 16
8320 7315 12
8514 7494 13
9056 8061 13
10073 9067 15
10126 9124 13
10229 9217 16
10497 9500 13
10636 9621 16
1385 370 14
1434 454 14
2320 1336 15
2757 1741 14
3588 2575 14
4833 3817 14
4898 3913 14
5413 4393 17
6304 5304 17
7492 6482 14
7953 6957 17
8636 7634 14
8819 7803 15
8940 7949 14
8980 7995 16
9273 8259 13
9307 8294 15
9354 8361 16
9491 8486 16
10373 9391 17
1607 601 15
1740 726 13
2457 1442 15
2883 1901 14
3382 2378 15
3936 2919 17
4410 3429 13
4942 3930 12
6569 5589 15
6613 5599 14
6814 5819 16
7036 6021 14
7283 6266 14
7309 6323 16
8056 7063 14
8174 7173 12
8230 7237 14
8678 7696 17
10521 9505 14
10832 9840 13
1607 612 13
2800 1819 15
3040 2037 14
3662 2680 12
3986 2977 13
4034 3031 15
4045 3045 13
4100 3099 13
5722 4740 16
6734 5751 13
6830 5815 17
7743 6726 16
7930 6943 15
7979 6982 14
8222 7215 14
8323 7324 17
9733 8740 16
9873 8883 15
9879 8859 17
10032 9047 14
1304 319 15
2018 1009 17
2122 1106 14
2571 1578 17
2687 1692 17
3172 2155 15
4575 3592 17
4617 3604 14
4811 3792 15
5366 4354 13
5656 4652 15
6321 5341 16
7051 6051 12
7287 6305 13
7760 6771 17
8476 7458 15
8559 7578 17
9267 8272 16
9767 8779 12
10789 9790 15
1534 517 12
1780 777 15
1905 911 15
2362 1374 13
3458 2458 13
3840 2830 13
3974 2971 14
4124 3108 16
4808 3816 16
5229 4233 15
6928 5915 14
7813 6825 12
8141 7161 15
8813 7826 15
8968 7959 13
8997 7984 14
9442 8433 12
9953 8959 14
10015 9033 15
10039 9038 14
1035 22 13
1686 671 15
1828 808 16
2088 1093 16
2304 1315 13
3926 2932 13
4339 3324 13
4522 3533 15
5173 4169 14
5513 4532 16
5849 4835 13
5907 4926 17
6562 5554 16
6570 5562 15
7902 6905 15
8120 7116 16
8589 7603 13
9656 8655 16
10033 9049 13
10058 9046 16
2471 1453 17
3618 2608 12
3630 2626 16
3888 2902 15
3914 2905 16
3976 2988 13
4390 3390 13
4500 3518 16
4570 3560 12
5669 4680 15
6015 5007 15
6318 5332 14
7149 6130 17
7806 6812 17
7872 6859 15
8072 7052 15
9945 8925 16
10007 9003 16
10057 9066 17
10346 9330 16
1356 349 14
1945 962 15
2153 1162 15
2706 1692 13
3156 2170 15
3654 2641 14
4363 3375 16
5288 4284 15
5564 4570 12
5861 4869 14
6786 5779 15
8038 7042 14
8251 7233 15
8493 7480 14
9013 8020 15
9059 8070 16
9291 8288 16
9456 8474 14
9696 8704 15
10554 9542 14
1225 236 16
1277 258 16
2284 1284 13
2535 1547 14
2709 1696 17
2982 1988 16
3560 2577 15
3960 2945 15
4383 3371 12
5206 4218 16
5600 4590 15
5820 4806 16
6052 5068 13
6117 5101 13
7666 6659 14
7879 6877 13
8657 7661 15
10171 9160 13
10464 9472 16
10650 9632 13
1267 282 14
1693 691 12
1886 871 15
2450 1448 16
2622 1604 12
2782 1762 14
2930 1917 13
3032 2034 13
3051 2064 14
5658 4654 16
5832 4818 17
7070 6059 12
8253 7269 17
8699 7713 17
8964 7952 12
9045 8049 16
9049 8031 14
9311 8309 16
10834 9836 17
10896 9905 12
1040 50 14
2522 1510 13
2850 1855 12
3051 2043 14
3087 2091 14
3222 2207 13
4301 3320 12
4371 3366 15
4791 3772 16
4876 3875 17
5823 4818 16
5895 4908 13
6750 5756 17
7564 6555 14
7988 6984 17
8285 7295 13
9138 8124 15
9214 8199 13
9619 8639 15
9919 8913 13
1312 306 15
1881 861 17
2731 1747 15
4504 3511 17
5306 4315 15
5939 4951 15
6987 6004 17
7093 6102 14
7274 6293 16
7604 6608 15
7709 6715 14
8352 7369 16
8462 7465 17
9453 8469 15
9726 8722 17
9816 8835 12
9831 8818 14
10387 9397 12
10711 9719 13
10918 9916 15
1268 283 16
1356 354 16
2398 1405 16
2725 1739 15
2840 1841 15
2858 1873 16
3731 2728 13
4002 3017 16
4086 3066 17
5568 4581 12
6794 5814 16
7009 5993 15
7941 6927 13
8044 7043 12
9034 8029 17
9417 8405 16
9882 8885 14
10431 9429 14
10804 9796 13
10966 9975 13
1838 834 16
2429 1429 16
2983 1993 12
3675 2666 13
4586 3601 15
4674 3660 16
5051 4056 14
5062 4080 17
5227 4212 13
6478 5492 14
6958 5955 13
7420 6421 14
7571 6551 16
7628 6615 16
7644 6653 13
7748 6732 13
7869 6881 13
9629 8643 13
9907 8890 16
10322 9330 16
1487 476 17
1834 845 14
1930 920 12
3478 2481 15
3657 2660 12
3935 2926 15
3978 2969 13
4169 3167 16
4587 3575 14
4611 3597 13
5511 4493 14
5553 4572 12
7813 6818 15
7835 6830 15
8666 7658 13
9343 8345 16
10389 9382 13
10637 9635 14
10860 9877 16
10866 9857 15
1069 61 13
1384 400 16
1440 441 14
2304 1323 14
2337 1318 13
2487 1491 12
2720 1740 17
2913 1909 12
3444 2447 14
3780 2797 17
4903 3891 16
5758 4741 17
5838 4857 16
7082 6097 16
7096 6081 13
7499 6516 13
7634 6637 12
10003 9016 16
10176 9170 13
10689 9684 17
1657 658 13
2405 1410 16
3037 2040 12
3958 2955 12
4514 3501 14
4522 3521 15
5709 4721 16
5784 4789 17
5916 4908 15
5981 4993 16
6196 5211 16
7019 6014 17
8172 7172 17
8204 7198 16
8832 7840 14
8943 7932 13
8990 7978 12
9869 8872 14
10418 9413 14
10719 9707 12
1067 87 14
1449 461 15
1759 755 12
1885 869 12
1926 918 13
2713 1724 14
2968 1954 13
4005 3024 16
4145 3147 13
5462 4464 17
7156 6176 14
7598 6590 16
8027 7032 16
8108 7118 16
8236 7250 13
9021 8037 12
9333 8341 15
9671 8673 14
9783 8796 13
10174 9165 13
1323 342 14
1724 737 16
1885 872 14
2161 1173 12
2288 1277 16
2411 1411 16
3147 2130 14
3409 2391 13
3469 2467 13
3789 2779 14
4253 3248 17
5962 4962 15
6468 5485 17
7580 6560 13
8147 7162 15
8356 7336 15
8905 7898 14
9460 8471 16
10300 9286 12
10307 9312 15
1228 220 15
1277 262 15
2608 1627 12
3410 2391 14
5575 4572 13
6090 5109 13
6876 5892 17
6949 5929 14
7239 6241 14
7421 6427 13
7666 6649 16
7783 6794 12
8629 7628 13
9004 8013 14
9018 8016 13
9231 8251 15
9546 8553 13
9637 8623 16
9796 8788 17
10642 9648 13
1079 69 15
1463 469 15
1487 469 17
2255 1235 17
2297 1279 14
2933 1953 17
4454 3472 13
4831 3813 15
4858 3851 16
5132 4121 15
6454 5439 14
6475 5474 15
6971 5984 16
8054 7063 15
8491 7505 13
8683 7688 14
9300 8317 13
9837 8846 14
10114 9109 14
10614 9620 17
3350 2362 13
3514 2534 13
4348 3361 16
4399 3413 16
4916 3903 16
5323 4318 14
5700 4704 17
6965 5965 16
7153 6170 13
7648 6632 13
8127 7110 13
8169 7171 14
8312 7293 13
8797 7809 13
9120 8132 17
9624 8637 14
9797 8782 15
10136 9118 15
10241 9237 16
10738 9758 13
1909 891 13
2593 1584 15
3281 2279 17
3532 2544 12
4257 3245 14
4340 3340 16
4624 3636 17
4649 3646 16
4711 3704 14
5647 4643 15
6182 5195 16
6450 5450 16
7706 6712 15
8398 7389 12
9359 8378 16
9464 8471 16
10029 9049 14
10361 9361 15
10760 9758 16
10791 9804 12
1071 78 12
1157 150 17
2007 1018 13
2169 1173 15
2398 1410 16
2410 1413 15
3514 2528 14
4115 3120 13
4278 3271 14
4755 3748 13
5001 4008 14
5790 4779 13
6379 5390 17
6474 5465 14
7278 6284 16
7644 6659 16
8437 7425 17
8543 7553 14
8868 7849 14
9678 8665 14
1080 90 14
1262 247 16
1807 811 16
2717 1704 14
2751 1764 12
2792 1800 13
3235 2237 17
5068 4062 16
5591 4582 12
5976 4963 16
6524 5521 12
6741 5730 14
7401 6396 16
7950 6941 13
8329 7326 14
8615 7625 15
8665 7669 14
9636 8648 16
10467 9483 16
10952 9970 15
1221 237 16
1314 306 13
1738 747 17
2069 1082 13
3270 2273 16
3987 3006 12
5983 4971 15
6220 5221 13
6249 5268 14
6254 5254 13
6573 5564 14
7472 6488 15
7870 6874 14
8144 7141 13
9001 7995 14
9272 8262 17
10098 9095 17
10328 9329 13
10609 9599 15
10788 9770 13
1568 585 17
2469 1464 17
3283 2294 17
3441 2440 17
4725 3711 17
5360 4374 15
5420 4417 14
5589 4588 15
6010 5001 15
6352 5335 16
6981 5962 15
7147 6156 16
7167 6180 16
7650 6658 14
8437 7446 13
8892 7898 14
9480 8489 13
9738 8735 17
10117 9113 15
10857 9856 14
1366 384 16
1497 480 17
2312 1300 14
2344 1355 15
2911 1914 15
3825 2814 14
3859 2861 15
4520 3533 17
4916 3930 14
5213 4196 13
5942 4960 15
6232 5218 13
6633 5643 15
6949 5957 16
8377 7357 17
10146 9129 16
10398 9405 14
10540 9520 14
10731 9725 17
10998 9994 13
1176 160 15
2180 1183 16
3672 2674 13
3979 2990 15
4389 3374 13
5592 4596 14
6849 5866 17
7049 6048 16
7226 6212 13
7331 6341 15
7369 6385 12
7671 6666 16
7811 6806 16
8299 7291 15
8908 7927 12
9012 8018 17
9448 8454 17
9976 8977 15
10631 9618 13
10725 9710 14
1185 192 13
1389 399 12
1434 428 12
2010 1018 14
2322 1332 16
2552 1559 15
2991 1999 17
3127 2133 14
4192 3211 15
4426 3417 14
4858 3868 16
5064 4077 13
5390 4380 15
6230 5228 12
6664 5668 16
7431 6418 13
9040 8042 17
9101 8083 17
9477 8493 14
10223 9211 12
1025 28 17
1576 564 16
2858 1874 12
3176 2196 17
3473 2490 17
4538 3555 15
4788 3771 13
5017 4015 16
5114 4130 13
6151 5140 15
6716 5735 17
6875 5866 14
7158 6166 15
7270 6254 14
8181 7173 13
8823 7837 17
9743 8760 15
9923 8907 12
10806 9790 15
10918 9914 16
1327 334 13
1698 684 14
2044 1033 16
2097 1114 17
2699 1713 14
2943 1926 17
3266 2260 16
4037 3053 12
5807 4822 13
5908 4918 14
5960 4980 17
7636 6621 12
8359 7363 13
9145 8143 17
9250 8239 15
9443 8440 14
9612 8612 17
10050 9054 16
10676 9693 12
10761 9751 17
1940 926 17
2210 1213 13
2454 1453 15
2653 1644 16
2763 1748 13
3655 2665 14
4033 3022 15
5185 4188 14
5303 4289 13
5602 4592 16
6421 5404 17
6435 5451 16
6556 5536 12
6599 5619 15
6910 5914 13
7856 6842 14
8245 7259 16
8849 7851 17
9017 8026 16
10245 9245 17
1406 422 15
1792 807 13
2059 1079 13
2353 1336 12
2381 1373 16
3310 2296 16
4697 3713 16
5105 4097 13
5234 4221 16
6103 5121 16
7052 6067 15
7498 6479 13
8161 7158 17
8533 7531 15
8573 7586 16
10129 9136 16
10263 9279 17
10625 9610 13
10716 9711 16
10857 9855 16
1236 228 14
1410 416 14
1435 454 16
1785 788 13
2412 1428 14
2416 1425 17
3247 2235 15
3416 2396 14
3591 2588 17
3809 2803 14
5171 4175 12
6210 5206 13
6472 5460 16
6608 5623 17
7512 6501 15
7644 6658 15
8380 7364 14
9053 8039 14
9323 8335 16
10191 9204 17
1008 13 16
1573 570 15
2062 1055 13
2362 1377 13
4211 3210 13
4901 3903 15
4904 3890 12
5475 4493 16
5928 4947 13
5955 4971 12
6173 5166 13
6554 5551 13
6688 5691 15
6753 5761 15
8736 7754 15
8741 7750 14
9079 8063 13
10271 9266 16
10557 9567 14
10838 9828 14
1232 246 16
1555 550 14
1732 749 16
2453 1438 13
2854 1867 15
3676 2673 13
3989 2974 17
4297 3296 13
5438 4418 17
5665 4683 17
5748 4738 17
6090 5105 17
7289 6300 14
7843 6857 15
8692 7677 15
8945 7936 12
9354 8362 12
9374 8374 13
9504 8498 17
9693 8708 12
1085 92 15
1327 346 13
1819 825 13
1910 911 14
2324 1310 15
2525 1515 16
2789 1779 15
3623 2643 17
3970 2967 15
4187 3202 14
4353 3367 16
5012 4024 14
5417 4419 16
5538 4526 17
5876 4878 13
6122 5133 16
7219 6235 15
8236 7227 16
8971 7978 15
9759 8748 15
1744 735 13
1792 789 14
3432 2436 13
4170 3165 12
4246 3240 13
4789 3783 16
5725 4711 17
6099 5095 16
6740 5748 15
7010 6024 16
7747 6763 14
8037 7022 12
8069 7051 13
8100 7104 13
8116 7130 16
8218 7215 16
9234 8226 16
9512 8512 17
9757 8774 16
10254 9259 17
1444 424 13
2526 1517 13
2753 1771 13
2775 1782 14
3330 2329 13
4311 3318 13
5207 4208 17
5295 4278 15
5351 4339 12
5647 4650 12
6332 5317 14
6480 5484 14
6709 5712 17
7543 6563 15
8008 7020 13
8611 7626 14
9074 8091 15
9453 8457 16
9787 8769 15
9886 8903 15
998 3 16
2103 1085 13
2213 1205 16
4005 2985 14
4436 3439 16
4504 3517 16
4553 3547 12
4854 3847 14
4909 3905 14
5012 4010 14
5700 4686 16
5937 4951 13
6048 5042 16
6515 5504 17
7437 6455 14
7995 6999 15
8015 7030 13
8640 7633 13
8888 7884 16
9195 8204 16
1861 876 16
1999 987 12
2356 1354 17
3019 2006 15
3110 2114 15
3462 2478 13
3652 2671 16
3734 2736 17
4032 3041 14
4107 3114 14
6856 5840 13
7329 6315 13
7462 6482 13
8244 7258 13
8251 7246 16
8558 7560 15
8697 7698 15
8799 7790 14
9839 8847 15
10218 9209 17
