1000 20 2323748
50 96 200
50 125 204
50 138 172
50 82 243
50 58 192
50 93 166
50 77 250
50 92 177
50 57 220
50 116 165
50 74 165
50 54 171
50 133 161
50 72 173
50 99 161
50 121 159
50 68 195
50 121 153
50 135 194
50 71 166
1152 153 6
1570 558 5
1736 749 6
1865 857 6
2470 1488 7
2619 1636 6
2622 1602 5
2867 1869 6
3004 1997 5
3229 2247 5
3513 2499 6
3653 2665 6
3848 2863 6
3851 2841 6
3856 2865 7
4028 3024 7
4486 3481 5
4948 3962 5
5330 4321 6
5330 4346 6
5465 4483 6
5524 4505 6
5966 4962 7
5981 4981 5
6034 5034 6
6160 5149 6
6436 5451 6
6608 5613 7
6731 5744 6
6783 5780 5
6784 5772 6
7344 6360 5
7378 6360 5
7382 6371 7
7494 6504 6
7642 6653 7
7834 6830 5
8067 7050 7
8132 7113 5
8478 7471 7
8600 7619 6
8893 7911 6
9106 8109 5
9255 8267 6
9469 8484 5
10470 9472 6
10562 9558 6
10642 9653 7
10827 9825 6
10853 9852 7
1150 134 5
1759 739 5
2044 1060 7
2153 1137 6
2257 1243 6
2316 1302 6
2489 1490 7
2990 1978 5
3156 2143 6
3223 2240 6
3235 2225 6
3499 2486 6
3666 2652 5
4031 3026 5
4759 3757 7
4765 3757 6
4782 3782 7
4943 3957 6
5057 4037 5
5452 4454 6
5749 4763 6
5845 4825 5
5852 4849 6
5972 4957 5
5995 4999 6
6121 5113 5
6387 5370 7
6849 5847 6
6921 5924 6
7138 6152 6
7163 6156 5
7355 6348 6
7751 6764 6
8269 7271 6
8378 7386 5
8599 7585 5
8849 7854 7
9096 8097 7
9177 8191 6
9199 8192 7
9317 8299 5
9361 8379 5
9566 8572 6
9965 8965 7
10214 9215 7
10229 9218 6
10235 9216 6
10292 9309 5
10540 9545 7
10574 9582 6
1331 346 7
1523 516 7
1826 843 7
2076 1062 6
2081 1070 7
2272 1263 7
2483 1474 6
2711 1723 6
2874 1873 6
2970 1963 6
3019 2033 6
3070 2062 6
3377 2364 5
3523 2538 7
3856 2838 7
4009 3002 6
4153 3147 6
4174 3160 6
4927 3934 6
4952 3932 6
5378 4376 6
5581 4593 7
5671 4661 7
5801 4809 6
5825 4813 6
5930 4938 6
6158 5156 6
6809 5792 6
6879 5877 6
6905 5916 7
7011 5998 7
7079 6062 7
7676 6690 5
7699 6698 6
7733 6740 5
7915 6923 7
8015 7005 6
8709 7726 6
8816 7803 6
9153 8159 6
9671 8665 6
9747 8762 7
9916 8896 5
9958 8957 6
10257 9271 6
10381 9390 6
10662 9664 5
10707 9694 5
10837 9831 6
10940 9935 6
1075 88 6
1319 303 6
1534 521 6
1659 673 6
1694 688 6
1818 823 6
1873 859 5
2122 1115 6
2443 1455 7
2578 1589 7
3269 2255 7
3287 2276 7
3470 2456 6
3861 2879 5
3890 2874 5
4061 3078 6
4673 3666 7
4725 3722 7
4743 3745 6
4892 3881 6
5027 4038 6
5224 4240 6
6124 5116 6
6207 5208 6
6221 5234 6
6457 5468 6
6479 5489 7
7193 6179 6
7296 6308 6
7459 6479 6
7492 6507 7
7760 6759 7
7763 6763 5
7895 6906 7
8154 7151 7
8395 7388 5
8432 7445 7
8570 7573 7
8706 7709 6
9248 8248 5
9421 8434 6
9526 8509 6
9698 8701 7
10083 9098 6
10422 9426 6
10656 9654 5
10792 9791 7
10795 9792 5
10853 9833 5
10878 9874 6
1508 521 5
1614 604 6
1714 695 7
1767 762 7
1831 850 7
1835 829 7
2132 1123 6
2413 1409 7
2689 1684 5
2750 1764 6
2814 1800 7
3114 2131 6
3144 2153 7
3366 2363 7
3396 2377 7
3428 2445 6
3440 2460 5
3450 2445 6
3680 2691 5
4433 3446 5
4882 3886 5
4929 3928 5
5071 4058 5
5620 4624 6
5667 4670 7
5691 4683 6
6615 5604 5
6818 5823 5
6857 5852 5
6895 5888 5
6976 5973 6
7133 6118 6
7564 6556 5
7843 6831 6
7988 6993 7
8010 6996 6
8498 7502 6
8592 7602 5
8941 7928 7
9045 8035 6
9084 8096 6
9252 8255 6
9287 8292 7
9967 8983 6
10160 9164 6
10165 9181 6
10311 9298 6
10612 9601 6
10631 9632 5
10664 9648 5
1317 323 7
1408 426 6
1713 721 5
2015 1019 7
2262 1252 5
2403 1408 7
2414 1427 6
2575 1581 6
2607 1622 7
2612 1614 7
3067 2058 7
3124 2116 5
3520 2515 6
3585 2604 6
3914 2903 6
4193 3188 7
4323 3314 6
4685 3698 6
4706 3690 6
5406 4397 6
5556 4540 6
5804 4793 7
5810 4805 6
5828 4833 6
6118 5119 5
6248 5256 7
6622 5628 6
6770 5787 6
6904 5901 5
7001 5993 5
7609 6609 6
7932 6929 7
8000 6988 6
8147 7148 5
8207 7203 6
8484 7494 7
8641 7660 6
9281 8295 5
9616 8620 7
9917 8937 6
10039 9052 5
10078 9091 6
10248 9231 6
10249 9238 6
10393 9398 7
10396 9391 6
10747 9759 6
10899 9882 5
10963 9964 6
10990 9981 7
1018 36 6
1141 159 7
1556 546 7
1558 547 7
1767 782 6
1803 803 6
2762 1747 6
2937 1945 6
2962 1948 5
2995 2009 7
3139 2147 5
3373 2364 5
3559 2547 6
3639 2642 7
3763 2770 5
4208 3196 5
4768 3759 7
4811 3818 7
5005 4025 5
5660 4673 6
5662 4680 6
5794 4788 5
6370 5356 6
6671 5671 6
6950 5945 7
7068 6056 7
7334 6340 6
7482 6498 6
7518 6510 6
7568 6569 7
7736 6740 5
8279 7265 5
8425 7410 7
8824 7831 5
8837 7823 6
8854 7842 7
8854 7854 5
8875 7889 6
9188 8198 7
9586 8605 7
9622 8615 5
9786 8802 6
9876 8871 5
9966 8984 6
10071 9052 6
10183 9177 6
10262 9268 6
10482 9495 6
10702 9714 6
10891 9883 7
1245 239 7
1747 742 7
2055 1056 5
2281 1300 7
2856 1843 5
2940 1946 5
3597 2583 6
3747 2756 6
3785 2778 6
3792 2795 6
4003 2993 5
4188 3205 5
4248 3239 7
4275 3293 5
4320 3318 6
4727 3724 6
4736 3716 6
4970 3956 7
5180 4183 5
5331 4319 5
5570 4564 5
5674 4680 5
5726 4710 5
6021 5018 7
6060 5045 6
6967 5987 6
7025 6041 6
7066 6054 6
7121 6134 6
7231 6234 6
7257 6265 6
7406 6420 5
7510 6510 6
7519 6509 6
7678 6658 5
7894 6892 6
8107 7105 6
8203 7207 5
8252 7233 6
8306 7292 6
8419 7419 7
8446 7427 7
8540 7556 6
8945 7952 6
9008 8007 6
9766 8778 6
9784 8802 5
10065 9053 5
10218 9234 6
10607 9589 6
1233 223 6
1550 557 6
2006 1016 6
2172 1169 6
2419 1431 6
2461 1472 6
2599 1603 5
2681 1687 6
3000 1999 6
3253 2246 7
3296 2290 6
3492 2491 5
3523 2535 7
3614 2621 7
3844 2832 6
4168 3174 7
4417 3413 7
4447 3437 6
4702 3709 6
5159 4144 6
5499 4491 6
5507 4525 6
5611 4631 6
5818 4811 7
6022 5020 7
6228 5210 7
6254 5251 5
6623 5625 6
7048 6061 6
7108 6111 6
7295 6312 7
7296 6308 7
7447 6457 6
7537 6548 7
7709 6697 7
7716 6723 5
7930 6950 5
8031 7012 7
8081 7077 6
8202 7193 6
8222 7208 5
8310 7312 7
8497 7505 6
9021 8035 6
9297 8279 6
9726 8735 6
10430 9445 5
10668 9651 7
10707 9725 5
10712 9728 7
1221 212 5
1425 426 7
1579 559 5
1749 761 7
1954 950 5
2575 1570 7
2709 1700 5
3076 2075 7
3155 2140 6
3430 2436 5
3597 2589 7
4278 3271 5
4327 3336 6
4553 3557 5
4862 3877 6
5307 4306 6
5414 4432 7
5436 4443 5
5494 4502 6
5562 4543 5
5791 4803 6
5890 4895 5
5904 4899 6
5909 4906 6
6137 5120 6
6511 5515 5
6692 5701 6
6815 5818 5
7058 6070 6
7093 6082 5
7193 6199 7
7226 6238 6
7313 6331 7
7557 6561 6
7645 6650 5
7691 6710 5
8031 7032 5
8304 7313 6
8385 7378 5
8546 7552 6
8639 7658 7
8875 7868 5
9319 8329 7
9401 8404 5
9543 8551 6
9677 8695 7
9757 8770 6
10104 9091 6
10197 9203 6
10724 9735 7
1030 30 7
1353 345 6
1536 529 5
2455 1470 6
2473 1493 6
2539 1541 6
2674 1675 5
2724 1708 7
2933 1915 5
2954 1973 5
3062 2054 7
3150 2159 5
3608 2623 7
3620 2602 6
3767 2783 5
4000 3017 6
4003 3010 6
4198 3217 6
4432 3424 5
4628 3626 6
4658 3670 7
5033 4023 5
5072 4088 6
5137 4148 5
5615 4610 7
5800 4797 5
5921 4925 7
6143 5157 5
6158 5169 5
6577 5560 5
6914 5934 7
6939 5950 7
7064 6051 6
7523 6512 6
7536 6519 7
7771 6761 7
7960 6960 6
8090 7093 6
8139 7141 5
8467 7447 6
8672 7687 6
9067 8073 7
9363 8372 5
9368 8349 6
9456 8459 6
10131 9130 6
10571 9573 6
10713 9703 6
10958 9958 7
10969 9970 6
1236 248 6
1627 639 7
1867 868 7
2028 1037 7
2577 1589 7
3524 2504 5
3654 2645 6
3923 2916 5
3986 3004 5
4390 3374 5
4771 3772 5
4797 3805 7
5139 4156 6
5188 4185 6
5200 4215 7
5360 4349 5
5658 4663 6
5767 4758 6
5938 4946 6
6209 5202 6
6234 5236 6
6354 5359 6
6373 5391 5
6513 5507 5
6668 5657 5
6698 5711 6
6715 5722 6
6874 5878 6
6954 5939 6
6955 5953 7
7003 5985 6
7062 6050 7
7134 6151 6
7185 6201 6
7645 6627 7
7743 6750 5
7955 6965 6
8001 6987 5
8002 7003 6
8302 7293 5
8653 7650 5
8755 7763 6
9002 8022 5
9332 8331 7
9816 8828 6
9930 8911 5
10126 9142 5
10639 9655 7
10726 9724 7
10740 9760 5
1036 48 6
1383 386 6
1502 512 6
1798 780 5
2008 994 6
2303 1312 5
2393 1399 6
2528 1542 7
2650 1642 7
2831 1829 6
2832 1824 6
3053 2070 6
3253 2233 7
3559 2579 7
3703 2723 6
3845 2830 6
3930 2938 6
4099 3089 6
4105 3124 7
4809 3789 6
4852 3842 7
5229 4240 6
5542 4524 7
5692 4678 5
6118 5109 6
6352 5365 5
6457 5457 6
6613 5622 5
6680 5694 5
6715 5730 6
6849 5840 7
6978 5962 7
7244 6243 5
7538 6552 5
7599 6581 7
8104 7099 5
8473 7473 5
8766 7755 6
8768 7783 5
8959 7948 6
9233 8238 5
9474 8483 6
9747 8742 7
9891 8880 5
9950 8956 6
10140 9147 5
10176 9172 6
10874 9892 6
10887 9887 6
10900 9894 7
1065 74 7
1360 364 6
1748 763 7
2107 1098 6
3254 2259 6
3501 2513 5
3575 2593 7
3664 2653 6
3747 2765 5
4166 3161 6
4303 3309 7
4382 3380 7
4432 3427 5
4756 3764 6
4767 3776 5
4895 3889 6
4926 3910 7
4938 3937 5
5427 4438 6
5506 4521 6
5600 4615 6
5885 4899 6
6123 5126 7
6170 5165 5
6220 5236 7
6267 5283 7
6872 5870 5
6907 5905 6
7520 6514 7
7819 6826 6
7942 6933 5
8018 7000 5
8090 7105 7
8210 7207 5
8255 7272 6
8294 7278 7
8341 7321 5
8348 7333 5
8376 7360 5
8538 7552 5
8610 7615 5
9222 8214 6
9353 8371 7
9697 8711 5
9918 8907 5
10032 9049 7
10125 9112 6
10463 9443 6
10720 9734 5
10847 9856 7
1074 69 6
1124 116 7
1514 526 5
1976 977 6
2923 1942 6
2946 1956 6
2958 1971 5
3478 2486 6
3577 2558 5
3668 2672 7
3758 2754 6
3980 2964 6
4028 3008 6
4365 3381 7
4697 3707 6
4900 3889 6
4917 3900 5
5214 4222 6
5405 4387 5
5491 4485 6
5598 4597 7
5793 4797 5
5977 4993 6
6047 5066 6
6048 5038 5
6290 5273 5
6363 5346 5
6734 5745 7
6996 5992 6
7101 6113 5
7500 6487 5
7576 6581 7
7825 6820 6
7955 6951 7
8216 7218 7
8485 7476 6
8628 7627 6
8704 7709 7
8956 7948 6
9082 8082 6
9128 8132 6
9169 8149 5
9231 8226 5
9414 8422 5
9807 8791 6
9993 8975 7
10165 9177 6
10470 9471 5
10661 9643 6
10872 9878 5
1017 26 7
1254 265 6
1297 305 6
1385 386 6
1501 505 5
1621 626 6
1714 734 7
1972 963 6
2220 1231 7
2398 1389 6
2521 1535 6
2567 1548 5
2717 1703 5
2731 1748 6
3442 2432 6
3712 2714 6
4041 3040 7
4272 3260 6
4493 3496 7
4564 3558 6
4615 3602 6
4650 3637 5
4872 3859 7
5373 4373 5
5459 4476 7
5632 4630 7
5704 4719 6
6287 5276 6
6440 5423 6
6542 5539 7
6560 5580 6
6933 5917 5
7009 5992 5
7868 6876 7
8012 7002 6
8236 7233 5
8347 7359 7
8415 7435 6
8452 7433 6
8582 7586 5
9176 8192 6
9219 8215 7
9377 8386 6
9536 8525 6
9634 8641 5
9812 8810 7
10354 9334 5
10581 9574 5
10813 9814 5
10860 9858 5
1120 101 7
1250 246 6
1320 327 6
1523 516 6
1525 511 7
1589 602 6
1753 773 5
1978 987 6
2149 1165 6
2218 1226 7
3405 2407 5
3587 2567 6
3688 2691 6
3753 2736 6
3811 2793 5
3833 2828 6
4057 3049 5
4071 3081 6
4157 3173 6
4412 3422 5
4750 3758 6
4763 3743 5
4909 3899 5
4940 3955 6
5315 4306 6
5814 4828 5
6008 5000 6
6333 5337 5
6397 5408 6
6590 5572 6
6739 5744 6
6745 5731 7
6768 5777 7
7295 6300 7
7352 6333 6
7472 6483 6
7741 6728 6
8154 7156 6
8234 7250 5
8449 7452 7
8505 7493 7
8539 7540 6
9197 8215 6
10157 9155 7
10262 9274 5
10271 9284 6
10278 9267 5
10564 9576 6
10900 9919 6
10984 9984 6
1197 207 5
1252 248 7
1437 424 6
1437 438 7
1517 503 5
1640 658 6
1649 667 7
1891 894 6
2063 1066 5
2080 1069 5
2498 1496 5
2562 1546 5
2584 1597 5
2892 1911 7
2924 1911 6
2990 1987 6
3055 2047 5
3278 2275 5
3420 2430 6
3597 2578 7
3662 2673 6
3681 2700 5
3704 2718 6
3791 2783 5
3956 2951 7
4874 3858 6
5000 4002 6
5172 4192 7
5470 4454 7
5513 4499 6
5768 4773 6
6049 5046 7
6291 5296 6
6707 5718 6
6794 5807 6
6998 6010 5
7023 6027 6
7028 6015 5
8012 7023 5
8027 7040 7
8188 7196 6
9263 8282 6
9351 8363 6
9811 8806 7
10041 9028 5
10083 9098 5
10520 9530 5
10528 9530 6
10842 9829 6
10866 9864 5
1026 36 5
1310 329 7
1331 315 7
1641 661 6
1773 787 5
1912 893 5
2220 1212 6
2250 1265 7
2380 1390 6
2497 1508 5
3045 2050 6
3240 2240 6
3311 2299 6
3389 2383 5
3441 2441 7
3496 2492 6
3575 2565 6
3588 2594 5
3684 2699 6
3722 2702 7
3735 2748 6
3780 2795 6
3810 2809 6
3876 2867 6
4055 3068 6
4205 3197 6
4209 3207 6
4378 3393 5
4660 3661 6
5196 4215 6
5266 4273 7
5635 4639 7
5846 4842 7
5848 4846 7
5922 4919 6
6198 5211 5
6611 5608 7
6855 5867 6
7131 6147 6
7927 6915 6
8037 7033 7
8169 7174 6
8614 7602 7
8823 7838 5
9131 8124 6
9233 8244 6
10106 9095 5
10476 9472 7
10645 9652 5
10717 9702 7
1094 91 6
1194 180 7
1431 445 6
1815 798 5
2077 1066 7
2188 1199 5
2363 1377 5
2500 1506 6
2615 1610 7
2726 1744 5
2748 1768 5
2789 1804 7
2870 1881 6
3241 2224 6
3260 2240 5
3471 2483 7
3868 2885 5
3997 2981 5
3998 2992 7
4058 3038 6
4374 3388 7
4489 3473 6
4834 3844 6
4917 3929 6
4988 3972 5
5261 4252 6
5597 4590 7
6009 4991 5
6203 5196 7
6223 5229 6
6229 5222 7
6253 5255 6
6766 5753 7
6837 5843 7
7306 6312 5
7512 6523 5
7652 6665 6
8165 7154 6
8445 7453 6
8603 7608 5
8679 7696 6
8863 7848 6
8984 7978 5
9146 8160 6
9223 8205 6
9885 8879 5
10273 9258 6
10554 9554 6
10723 9717 5
10905 9911 5
