500 20 1183730
25 93 198
25 54 178
25 94 220
25 82 235
25 55 184
25 141 171
25 146 236
25 107 239
25 144 193
25 134 171
25 150 192
25 137 169
25 132 245
25 104 210
25 72 172
25 95 188
25 114 193
25 130 165
25 118 164
25 126 239
1126 145 13
1628 646 12
2105 1108 12
2285 1300 10
2720 1702 12
2822 1806 10
3320 2311 13
3710 2706 12
3949 2962 10
4065 3049 12
4347 3353 11
5857 4865 11
6431 5427 10
6557 5553 9
6865 5861 10
7448 6437 12
7838 6849 12
8303 7297 13
8335 7351 11
8913 7896 10
9380 8396 10
9994 8997 9
10011 9024 11
10050 9053 11
10939 9933 13
1258 271 10
1264 273 10
2726 1712 11
3395 2375 12
3405 2391 11
4195 3181 11
5007 3993 12
6098 5110 10
6706 5695 12
7167 6159 12
7301 6294 12
7356 6343 13
7382 6367 11
7386 6391 10
8102 7094 9
8492 7488 11
8941 7925 12
9082 8079 12
9130 8144 9
9560 8544 12
9958 8957 12
10067 9068 10
10152 9166 10
10793 9801 12
10934 9945 9
1290 274 11
1403 411 11
1937 957 12
2331 1319 12
2523 1527 12
2690 1679 12
2897 1892 10
3685 2678 13
5321 4315 10
5543 4528 11
5946 4947 12
6286 5275 11
6742 5753 12
7307 6315 13
7358 6374 10
7490 6500 10
8111 7122 12
8627 7638 12
8806 7790 11
8880 7892 13
9546 8530 13
9770 8789 11
9988 8998 10
10676 9684 13
10868 9859 11
1916 933 10
2426 1428 11
2541 1554 13
2545 1543 11
2813 1818 11
2815 1812 10
3302 2288 13
3316 2301 11
3377 2359 10
3457 2460 13
4099 3086 10
4626 3613 13
5276 4273 13
6002 4986 13
6195 5183 13
8033 7042 10
8048 7044 13
8242 7231 13
8283 7286 12
8563 7549 12
9129 8141 9
9149 8145 12
9335 8339 11
10336 9351 10
10787 9798 11
1061 50 13
1399 406 13
1878 873 11
2004 999 12
3082 2062 11
3587 2572 11
3766 2753 11
5019 4011 13
5118 4137 11
5237 4239 12
5622 4632 10
5966 4977 12
6406 5411 10
6664 5683 11
6890 5888 11
7089 6105 13
7341 6324 12
7720 6735 12
7808 6810 13
7877 6870 10
8702 7700 10
8833 7842 13
9087 8104 11
9867 8850 12
10866 9859 11
1147 132 10
1405 415 12
2659 1651 12
2849 1867 13
2871 1877 12
3708 2718 10
4113 3107 10
4843 3829 13
5523 4507 11
5683 4689 12
5944 4937 12
6470 5475 13
6812 5818 11
6901 5897 12
7024 6034 12
7388 6387 10
7746 6740 13
7796 6798 12
8025 7031 11
8092 7073 11
8137 7147 11
8723 7724 10
10576 9588 13
10901 9889 13
10928 9947 10
1460 473 12
1793 782 10
2344 1347 10
2623 1613 12
2913 1911 10
3037 2033 13
3147 2165 10
3351 2364 11
3617 2600 13
3624 2619 12
3999 3018 13
4046 3058 13
5034 4038 11
5455 4456 13
5530 4548 10
5929 4937 12
6060 5040 13
6085 5090 11
6855 5836 12
7038 6036 10
7058 6052 12
8454 7466 12
9553 8568 11
9849 8847 11
9905 8886 10
1112 112 10
1184 164 12
1913 906 13
2379 1398 13
3087 2069 13
3176 2172 10
3782 2793 10
4475 3482 9
4651 3643 12
4850 3835 11
5283 4302 13
5411 4428 12
5571 4576 11
6071 5056 13
6148 5129 10
6762 5775 11
7112 6094 13
7818 6817 10
8380 7399 12
8542 7532 11
8879 7893 10
9031 8018 9
9525 8535 12
9685 8691 12
9717 8710 12
1065 81 11
1223 220 10
1299 282 11
1351 340 10
1573 569 12
1938 957 13
2380 1381 11
2602 1582 12
3177 2168 12
3253 2242 11
3854 2856 12
4237 3235 10
4438 3434 12
6522 5505 12
6677 5663 13
7853 6839 13
8279 7260 10
8759 7775 11
9881 8889 12
10147 9131 10
10274 9257 13
10275 9268 12
10635 9645 12
10651 9638 10
10943 9955 10
1330 320 13
1361 344 11
1628 615 11
1760 770 12
2460 1476 10
2580 1598 10
2583 1569 11
2837 1831 12
2994 1996 13
3040 2060 12
3170 2151 12
3411 2415 13
3542 2536 10
4525 3514 11
5643 4659 13
6618 5612 10
6736 5726 11
7174 6186 11
7195 6178 12
8012 6997 10
8317 7327 11
8403 7403 11
9934 8948 12
10206 9200 12
10992 9984 13
1697 708 13
1707 693 12
2546 1565 10
3081 2093 10
3308 2308 11
3590 2573 9
3963 2955 13
3984 2974 13
4014 3021 13
4302 3292 12
4478 3483 12
4513 3528 11
4636 3632 11
5211 4210 11
5782 4769 13
6509 5519 11
6645 5627 9
7029 6017 13
7510 6509 10
7815 6832 11
7854 6849 9
8984 8003 13
9204 8208 12
9228 8231 12
10665 9654 13
1080 99 12
1323 343 11
1535 537 11
1649 646 13
1785 780 11
1856 844 11
1875 881 11
2051 1040 12
2060 1073 12
2362 1344 12
3459 2447 12
3480 2482 13
3969 2979 12
4725 3731 11
5532 4531 12
5846 4859 11
6400 5384 11
6654 5635 10
7453 6463 11
7564 6567 13
7723 6741 13
8182 7195 10
8274 7255 12
8946 7937 12
10515 9526 13
1321 330 13
1745 758 13
2258 1253 12
2477 1490 11
2572 1576 12
2986 1979 10
3425 2422 10
3806 2805 12
4493 3493 11
5034 4049 13
5100 4097 10
5152 4137 11
5281 4288 10
5635 4637 10
6250 5240 11
6289 5282 13
6590 5582 12
6680 5693 13
7058 6061 10
7874 6858 13
8099 7101 12
8444 7426 13
9522 8508 13
9888 8868 12
10789 9776 10
1263 283 12
1303 317 9
1431 432 10
1636 638 10
1751 758 9
2286 1286 13
2449 1463 12
2693 1675 11
3486 2486 12
3743 2730 13
4142 3127 12
4320 3305 11
4403 3404 13
4893 3873 13
5011 4020 11
5282 4292 13
5475 4484 12
7482 6486 11
8465 7473 11
8635 7647 13
8637 7632 13
8769 7786 11
8776 7758 11
9092 8104 13
10692 9706 11
1409 399 11
1846 838 11
1898 905 10
2505 1524 12
2772 1767 12
2840 1823 10
3249 2234 13
3318 2305 11
3845 2838 13
4734 3736 12
5061 4080 13
5343 4336 12
5890 4898 12
6435 5419 12
6805 5799 11
6912 5926 11
7086 6066 13
7798 6793 12
7852 6856 10
8024 7031 12
8117 7133 12
8374 7360 9
8692 7681 13
9120 8104 12
10055 9056 13
1106 107 11
1519 516 11
1974 960 13
2060 1071 9
2098 1078 12
2422 1430 11
2738 1722 10
3011 2029 11
3107 2125 11
3281 2267 12
3420 2428 12
4152 3150 12
4508 3501 12
4516 3496 10
4772 3792 11
5113 4112 11
6070 5051 11
6097 5113 11
6178 5167 10
6248 5260 11
6342 5337 11
6647 5642 12
9349 8335 11
9819 8809 13
10779 9775 13
1532 531 11
1748 753 10
1800 809 11
3226 2219 10
3249 2250 12
3936 2941 10
4727 3747 10
5561 4560 12
5571 4578 11
5980 4977 10
6387 5396 11
6391 5383 11
6529 5516 12
7189 6194 13
7287 6286 12
7713 6726 11
8000 7012 10
8078 7082 13
8158 7173 10
8582 7588 11
9095 8103 11
10012 8998 11
10348 9335 12
10363 9350 12
10413 9426 13
1406 407 12
1433 439 11
1573 553 11
1614 615 13
1830 849 10
3042 2028 12
3373 2385 12
3611 2608 13
4829 3844 11
4940 3930 11
5787 4804 12
5933 4942 10
6442 5441 13
7506 6526 12
7678 6674 9
7888 6872 12
7992 7003 12
8320 7302 10
8326 7314 12
9106 8118 10
9442 8460 9
9450 8431 10
9617 8604 13
10358 9342 11
10621 9641 12
1068 60 13
1079 87 13
1440 459 11
1628 619 12
1813 830 10
1873 876 13
2481 1468 10
2909 1896 12
3569 2557 13
3858 2850 11
5000 3986 12
5014 4021 10
5019 4012 11
5026 4011 10
5276 4266 10
5656 4670 12
5678 4687 10
6139 5127 13
6353 5357 12
6437 5457 13
8684 7679 12
9811 8823 9
9951 8948 11
10109 9128 12
10226 9239 12
1051 65 12
1556 542 9
1782 763 9
2116 1113 13
2634 1635 12
3274 2294 12
4214 3204 13
4224 3210 11
4973 3970 10
5585 4603 10
6119 5127 13
6184 5186 11
6620 5636 10
7406 6420 12
7675 6690 10
7800 6793 10
7847 6828 13
8253 7237 10
8327 7313 12
8357 7341 9
8705 7718 11
8747 7740 11
9526 8546 11
10135 9128 13
10867 9874 12
