2000 20 464201
100 131 196
100 119 159
100 78 151
100 106 170
100 114 184
100 75 154
100 80 153
100 93 203
100 136 247
100 111 188
100 128 206
100 64 234
100 100 228
100 71 189
100 51 176
100 95 215
100 114 205
100 117 239
100 109 154
100 66 150
73 3 2
173 17 3
244 34 3
302 52 3
344 68 3
356 73 3
391 88 3
395 90 2
449 117 2
451 118 2
453 119 3
474 131 2
479 134 3
491 141 3
495 143 3
496 144 3
530 165 3
542 173 3
564 188 3
572 194 3
607 220 3
624 233 3
630 238 3
645 250 3
672 273 3
700 298 3
718 315 3
753 350 3
761 358 3
763 360 3
768 366 3
777 375 3
778 376 3
788 387 2
796 396 3
800 401 3
805 406 3
812 414 3
814 417 3
826 431 2
829 434 3
829 434 3
838 445 3
851 461 3
857 468 3
868 483 3
875 492 3
878 495 2
878 496 2
899 524 3
902 528 3
921 554 3
928 565 3
932 571 3
942 585 3
945 590 2
948 595 3
959 612 3
973 634 3
983 649 2
989 660 3
1005 686 3
1010 695 3
1014 703 2
1016 705 3
1021 714 3
1022 717 3
1025 721 3
1026 723 2
1033 736 2
1036 742 3
1038 745 3
1048 765 2
1055 778 3
1057 781 3
1060 788 3
1066 800 3
1071 810 3
1075 818 2
1081 831 3
1095 860 3
1097 864 3
1097 864 3
1100 870 2
1100 870 3
1106 885 2
1112 898 2
1113 899 3
1119 913 3
1126 931 2
1128 935 2
1128 936 3
1130 939 3
1133 947 2
1134 950 3
1138 960 3
1141 966 3
1141 967 3
1144 975 3
1149 986 3
119 8 3
173 17 3
251 36 3
347 69 3
352 71 2
406 95 3
430 107 3
430 107 3
432 108 3
439 112 2
441 113 3
474 131 3
481 135 3
496 144 3
517 157 2
527 163 3
546 176 3
558 184 3
568 191 3
589 206 3
604 217 3
611 223 3
625 234 3
646 251 2
674 275 3
679 279 3
688 287 3
693 292 2
716 313 3
742 339 3
760 357 3
763 360 3
766 363 2
778 376 3
788 387 3
793 393 3
799 399 3
809 411 3
810 412 3
820 423 3
822 426 3
833 439 3
843 451 3
844 452 3
845 454 3
858 470 2
872 488 3
898 522 2
899 524 3
900 525 3
909 538 3
914 544 3
914 544 3
932 571 3
938 580 3
941 584 3
948 594 3
956 607 3
961 615 2
972 632 3
980 644 3
980 645 3
986 654 2
989 660 3
997 673 3
1030 731 3
1034 739 3
1035 740 3
1040 750 3
1042 753 2
1061 789 2
1073 814 3
1082 833 3
1083 834 3
1084 837 3
1090 850 3
1091 851 2
1091 851 3
1092 854 3
1093 856 3
1093 856 3
1095 860 3
1102 876 2
1105 881 3
1106 884 3
1108 889 3
1110 892 2
1120 917 3
1124 926 3
1126 930 2
1127 932 3
1135 951 3
1140 965 3
1144 975 3
1146 979 3
1148 985 3
1150 990 3
1151 991 3
1153 996 2
1153 997 2
192 21 3
214 26 3
218 27 3
265 40 3
326 61 3
366 77 3
395 90 2
395 90 3
454 120 2
454 120 3
456 121 2
500 146 3
504 149 3
537 170 2
546 176 2
548 177 3
552 180 3
561 186 3
582 201 3
585 203 3
593 209 2
594 210 3
616 227 3
620 230 3
624 233 3
634 241 2
638 244 3
646 251 3
649 253 2
665 267 3
673 274 3
702 300 3
707 305 3
732 329 3
739 336 2
745 342 2
763 360 2
766 364 3
768 366 3
780 378 3
780 379 3
781 380 2
802 403 3
813 415 2
816 419 2
831 436 2
831 437 3
837 444 2
837 444 3
841 449 2
842 450 2
847 456 2
847 456 3
851 461 3
868 483 2
883 502 2
906 534 3
908 536 2
918 550 3
921 555 3
930 567 3
942 585 3
944 589 3
954 604 3
955 605 3
958 609 2
959 612 3
970 628 2
971 630 3
974 635 2
978 641 3
978 642 2
986 654 3
995 669 3
1013 700 3
1016 706 3
1038 745 3
1040 750 3
1045 758 3
1046 761 3
1055 778 3
1056 780 3
1057 782 3
1070 808 3
1072 811 3
1077 822 3
1087 843 2
1091 851 3
1094 858 3
1095 861 2
1101 872 3
1109 891 2
1110 892 3
1112 898 3
1119 913 2
1130 939 3
1134 950 3
1149 987 3
1150 989 3
1151 993 3
103 6 3
133 10 3
296 50 3
337 65 3
339 66 2
339 66 3
347 69 3
403 94 2
410 97 3
426 105 3
438 111 3
451 118 2
486 138 3
495 143 3
506 150 3
528 164 2
528 164 3
545 175 3
565 189 2
592 208 3
605 218 3
605 218 3
614 225 3
614 225 3
618 228 3
624 233 3
627 235 2
635 242 2
644 249 3
653 257 3
669 270 3
680 280 2
683 283 3
698 296 3
711 309 3
711 309 3
726 323 3
732 329 3
748 345 3
759 356 3
766 364 3
782 381 2
791 390 3
794 394 3
798 398 3
800 401 2
808 410 3
831 436 2
837 444 3
841 449 3
842 450 2
887 507 3
888 509 3
891 513 3
900 525 3
912 542 3
919 552 3
932 570 3
938 579 3
947 593 3
948 595 3
966 622 3
978 642 3
980 645 3
986 654 3
989 660 3
994 668 2
996 672 3
1004 685 3
1010 696 3
1014 703 3
1015 704 3
1017 707 2
1027 726 3
1037 743 2
1037 743 3
1042 754 3
1048 764 3
1050 769 3
1053 774 3
1053 775 2
1064 796 3
1068 803 2
1068 804 2
1079 827 3
1080 829 2
1093 856 3
1098 867 2
1101 874 3
1113 900 2
1126 929 3
1128 936 3
1131 943 3
1133 948 3
1138 958 3
1144 973 3
1144 973 3
1148 984 3
1149 987 3
1150 990 3
73 3 3
201 23 3
210 25 3
226 29 3
237 32 3
274 43 3
332 63 3
356 73 3
364 76 2
371 79 3
386 86 2
397 91 3
412 98 2
416 100 3
422 103 2
436 110 2
506 150 3
524 161 2
527 163 3
536 169 3
537 170 2
590 207 3
609 221 3
616 227 3
628 236 3
634 241 2
634 241 3
638 244 3
643 248 3
645 250 3
650 254 2
672 273 3
696 295 2
746 343 3
750 347 3
753 350 2
767 365 3
769 367 2
778 376 3
781 380 3
811 413 3
815 418 3
834 440 2
846 455 2
850 460 3
857 469 2
859 471 2
859 471 3
865 478 3
866 480 3
869 484 3
873 489 3
875 491 3
887 507 3
887 507 3
896 520 3
903 529 3
910 539 3
926 562 3
930 568 3
933 572 3
959 612 3
966 622 3
971 630 3
977 640 3
979 643 3
992 664 2
994 668 3
996 671 2
998 675 2
1003 683 3
1005 686 3
1023 718 2
1027 726 3
1034 739 2
1037 744 3
1040 750 3
1041 752 3
1044 756 3
1051 770 3
1056 780 3
1057 782 3
1063 793 3
1065 798 2
1071 809 3
1071 810 2
1072 811 3
1074 815 3
1077 822 3
1099 869 3
1100 871 3
1109 891 3
1110 892 3
1112 898 2
1115 905 2
1125 927 3
1128 935 3
1134 949 3
1147 982 3
1153 996 3
222 28 2
241 33 3
268 41 3
332 63 2
359 74 3
361 75 3
424 104 3
453 119 3
458 122 3
493 142 3
508 151 2
528 164 2
537 170 3
548 177 3
557 183 2
601 215 3
605 218 2
625 234 3
650 254 3
678 278 3
685 285 3
688 287 3
693 292 3
703 301 3
706 304 3
707 305 3
710 308 3
719 316 3
720 317 3
759 356 2
759 356 3
773 371 3
791 391 3
792 392 3
803 404 3
813 415 3
823 427 3
858 470 3
865 478 2
865 479 3
886 506 2
889 510 3
891 513 2
894 517 3
905 532 3
908 536 3
919 551 2
921 554 3
925 560 3
930 567 2
932 570 3
934 574 2
940 582 2
946 591 3
951 599 3
952 601 2
968 625 3
972 632 2
980 645 2
984 651 2
984 651 2
985 653 3
989 659 3
990 661 2
991 662 2
994 668 2
995 670 3
996 671 3
1010 696 3
1023 718 3
1026 723 3
1038 745 3
1048 764 2
1056 780 3
1057 782 3
1059 785 3
1070 808 3
1070 808 3
1072 812 3
1075 818 3
1078 825 3
1083 834 3
1090 849 3
1092 854 3
1094 858 3
1103 877 2
1106 883 3
1108 888 3
1111 895 3
1117 910 3
1119 914 3
1119 914 3
1126 929 3
1126 930 3
1134 950 3
1138 959 3
1148 983 2
1150 989 2
1150 990 3
1151 992 2
126 9 3
205 24 2
210 25 3
230 30 2
241 33 3
248 35 3
255 37 3
324 60 3
337 65 3
375 81 3
422 103 3
434 109 3
462 124 3
471 129 3
493 142 2
543 174 2
549 178 3
568 191 3
596 211 2
624 233 2
624 233 3
639 245 3
640 246 2
645 250 2
645 250 3
653 257 3
664 266 2
669 270 3
669 270 3
678 278 3
685 285 3
719 316 2
722 319 3
746 343 2
750 347 3
762 359 3
762 359 3
771 369 3
772 370 3
777 375 2
779 377 3
780 379 2
783 382 3
788 387 3
796 396 2
809 411 3
839 446 3
857 469 2
861 473 3
876 493 3
884 503 3
888 509 3
897 521 3
912 542 3
913 543 3
913 543 3
924 559 3
925 560 3
942 586 3
944 588 3
944 589 2
959 611 3
970 628 3
977 640 2
977 640 3
989 660 3
993 666 3
998 674 3
999 676 3
1001 680 3
1001 680 3
1012 698 3
1041 752 3
1046 760 3
1046 761 3
1051 771 3
1053 775 3
1054 777 2
1056 780 3
1063 794 3
1077 821 3
1079 826 3
1080 829 3
1081 830 3
1085 838 3
1086 841 3
1088 845 3
1091 852 3
1111 896 3
1112 898 2
1113 899 3
1116 907 3
1117 909 3
1125 927 2
1125 928 3
1136 954 3
1136 954 3
1137 956 3
1141 966 3
1148 983 3
42 1 3
73 3 3
192 21 3
244 34 3
271 42 3
274 43 3
422 103 2
426 105 3
436 110 2
439 112 2
451 118 3
465 126 3
483 136 3
493 142 3
516 156 3
517 157 2
519 158 3
539 171 3
545 175 3
548 177 3
564 188 2
574 195 3
579 199 3
610 222 2
614 225 2
618 228 2
624 233 2
644 249 3
663 265 2
671 272 3
683 283 3
684 284 3
716 313 3
725 322 3
727 324 3
734 331 3
737 334 3
738 335 3
738 335 3
762 359 3
768 366 2
768 366 3
789 388 3
793 393 3
802 403 3
807 409 3
808 410 3
823 427 3
836 443 3
841 449 2
845 453 3
852 462 3
853 463 2
853 464 3
856 467 3
857 468 2
868 483 2
869 484 3
874 490 3
888 509 3
899 524 3
921 555 3
928 565 3
932 570 3
934 574 3
936 576 2
936 576 3
940 583 3
942 585 3
948 595 3
950 597 2
967 624 3
973 633 2
986 655 3
988 658 2
989 659 3
992 665 3
1009 694 3
1020 713 3
1023 718 3
1023 719 3
1038 746 3
1067 801 2
1074 815 3
1076 820 2
1077 822 2
1082 832 3
1085 839 3
1089 847 3
1090 849 3
1099 868 3
1099 869 2
1114 903 3
1116 906 3
1122 920 3
1129 938 3
1132 944 3
1138 960 3
1142 969 3
1150 989 2
111 7 3
119 8 3
210 25 3
241 33 3
344 68 3
349 70 3
412 98 3
436 110 3
454 120 3
478 133 3
506 150 2
581 200 3
583 202 2
623 232 3
658 261 3
664 266 3
678 278 3
685 285 3
690 289 3
691 290 3
696 295 2
734 331 3
743 340 2
746 343 3
746 343 3
749 346 3
755 352 2
758 355 3
785 384 2
788 387 3
800 400 3
800 401 2
800 401 3
801 402 3
817 420 3
819 422 3
834 440 3
842 450 2
852 462 3
861 474 3
864 477 3
879 497 3
881 500 3
884 504 3
893 515 2
899 524 3
904 531 3
909 537 3
922 556 3
931 569 3
932 570 3
934 574 3
935 575 2
940 582 3
941 584 2
951 599 3
971 630 3
976 639 3
978 641 3
982 648 2
984 652 3
995 670 3
1005 686 3
1007 690 3
1009 693 3
1016 705 3
1024 720 3
1030 730 3
1031 732 3
1033 736 2
1036 742 3
1038 745 3
1038 745 3
1039 748 3
1041 752 3
1042 753 2
1044 757 3
1058 784 3
1059 786 3
1070 808 3
1072 812 3
1072 812 3
1076 819 3
1077 823 3
1083 834 3
1083 835 3
1083 835 3
1095 860 3
1103 878 2
1103 878 3
1106 885 3
1116 907 3
1120 917 3
1125 927 2
1128 934 3
1131 942 2
1131 943 3
1142 970 2
1143 971 3
1148 984 3
111 7 3
119 8 2
151 13 3
157 14 3
157 14 3
197 22 3
201 23 3
230 30 2
287 47 2
326 61 3
349 70 3
361 75 3
373 80 3
406 95 3
424 104 3
467 127 3
501 147 3
536 169 2
537 170 3
542 173 3
551 179 3
582 201 3
583 202 3
592 208 2
604 217 3
622 231 3
629 237 3
650 254 3
651 255 2
670 271 3
703 301 2
706 304 3
710 308 3
713 310 3
714 311 3
726 323 3
752 349 3
757 354 3
758 355 2
778 376 3
782 381 3
800 401 3
804 405 3
805 406 2
805 406 3
812 414 3
825 429 2
827 432 3
838 445 3
850 460 2
850 460 3
856 467 3
865 478 3
873 489 2
890 511 3
892 514 3
893 515 3
899 524 2
900 525 3
911 540 3
926 562 3
932 571 3
941 584 3
944 588 3
962 616 2
968 626 3
972 631 3
978 641 3
983 649 3
998 675 2
1008 691 3
1011 697 3
1011 697 3
1032 735 2
1039 748 3
1042 754 3
1047 763 3
1051 770 3
1080 829 3
1081 830 3
1084 836 3
1084 837 3
1085 839 3
1090 850 3
1091 851 3
1094 858 2
1098 867 3
1101 874 3
1103 878 2
1109 891 2
1110 894 2
1113 900 2
1113 901 3
1126 931 3
1130 939 3
1134 950 2
1138 960 3
1140 965 3
1144 974 3
1145 977 3
145 12 3
248 35 2
278 44 2
299 51 3
313 56 3
321 59 2
349 70 3
364 76 3
366 77 2
373 80 3
399 92 3
410 97 3
458 122 3
462 124 3
463 125 3
513 154 2
539 171 3
623 232 3
653 257 3
662 264 2
693 292 3
713 310 3
719 316 2
719 316 3
731 328 3
732 329 3
740 337 3
763 360 3
766 363 3
767 365 3
785 384 2
786 385 3
795 395 3
804 405 3
816 419 3
822 426 3
832 438 3
836 443 3
838 445 3
838 445 3
849 459 3
851 461 3
868 483 2
877 494 3
882 501 3
898 522 3
898 522 3
904 531 3
914 544 3
916 547 2
924 559 3
936 576 3
939 581 3
947 593 3
950 598 3
953 602 2
968 626 3
970 628 3
973 633 3
974 635 3
975 636 3
983 650 3
988 657 2
989 660 3
998 675 3
1005 686 2
1007 690 3
1009 694 3
1012 699 3
1014 702 2
1016 706 3
1022 717 2
1024 720 3
1028 728 2
1031 732 3
1049 766 3
1051 770 3
1054 776 3
1056 779 2
1057 781 3
1060 787 3
1062 792 3
1063 794 3
1066 799 3
1081 831 2
1095 859 2
1095 859 2
1101 874 3
1105 882 3
1112 898 3
1118 912 3
1123 922 3
1125 928 3
1127 932 3
1133 946 3
1133 946 3
1133 946 3
1138 959 3
1148 983 3
1149 987 2
157 14 3
241 33 3
293 49 2
299 51 2
299 51 3
347 69 2
349 70 2
377 82 3
386 86 3
401 93 3
401 93 3
406 95 3
460 123 3
483 136 3
511 153 2
514 155 3
531 166 3
537 170 2
542 173 3
579 199 3
597 212 3
615 226 3
687 286 3
705 303 3
705 303 3
726 323 2
747 344 3
752 349 3
753 350 3
753 350 3
755 352 3
762 359 2
767 365 3
792 392 3
796 396 2
806 407 3
815 418 3
819 422 3
825 430 3
837 444 2
849 459 3
849 459 3
853 464 2
857 468 3
865 479 3
880 498 2
881 500 3
885 505 3
891 513 3
898 522 3
899 524 3
910 539 3
916 547 2
922 556 3
930 567 2
937 578 3
958 609 2
962 616 3
963 617 2
963 618 2
966 623 3
975 636 2
979 643 3
981 646 3
986 655 3
992 665 3
995 669 3
996 672 3
996 672 3
1001 679 2
1001 679 3
1015 704 3
1016 706 2
1016 706 3
1018 709 3
1019 711 2
1019 711 3
1022 717 3
1030 730 2
1031 733 2
1031 733 3
1036 742 3
1039 748 2
1040 750 3
1050 769 3
1053 774 2
1064 795 3
1065 798 3
1070 808 3
1085 838 3
1091 851 3
1100 871 3
1103 877 3
1107 886 3
1108 888 3
1108 889 3
1126 930 3
1130 939 3
1138 958 3
1140 964 3
192 21 3
230 30 3
262 39 2
268 41 2
281 45 3
287 47 3
420 102 2
449 117 3
453 119 3
465 126 3
488 139 2
488 139 2
490 140 3
490 140 3
546 176 2
546 176 3
558 184 2
574 195 2
590 207 3
596 211 3
611 223 3
625 234 3
655 258 2
658 261 3
664 266 2
704 302 2
708 306 3
711 309 2
719 316 2
737 334 2
743 340 3
758 355 3
759 356 3
776 374 2
806 407 3
814 417 3
821 425 3
836 442 2
845 454 3
875 492 2
909 538 2
911 541 3
914 544 2
915 546 3
936 576 3
948 594 3
956 607 3
957 608 3
957 608 3
958 609 2
959 611 3
961 615 3
963 618 2
979 643 3
989 660 3
992 665 3
997 673 2
998 674 3
999 677 3
1002 681 3
1014 702 3
1014 702 3
1020 713 3
1033 736 3
1038 745 3
1038 745 3
1038 746 3
1043 755 3
1052 773 3
1056 779 3
1057 781 2
1067 801 2
1070 807 3
1070 808 3
1071 810 3
1075 818 2
1076 820 3
1086 840 3
1088 846 3
1093 855 3
1094 858 3
1098 866 3
1103 878 2
1111 896 3
1114 902 3
1117 909 2
1121 919 3
1124 925 3
1125 927 2
1125 927 3
1126 931 3
1128 935 3
1131 943 3
1134 950 2
1136 955 3
1143 971 3
1145 976 3
1146 979 3
1151 992 3
1154 1000 3
84 4 2
94 5 2
94 5 3
103 6 3
145 12 2
192 21 3
222 28 3
274 43 3
299 51 3
352 71 2
356 73 3
359 74 2
373 80 3
386 86 2
406 95 3
469 128 3
486 138 2
491 141 2
514 155 3
516 156 2
525 162 3
530 165 3
536 169 3
609 221 2
619 229 2
646 251 3
653 257 3
671 272 3
678 278 3
682 282 3
689 288 3
691 290 3
700 298 2
740 337 3
748 345 3
766 364 3
770 368 3
770 368 3
802 403 2
805 406 2
806 407 3
816 419 2
818 421 2
829 434 3
832 438 2
836 443 3
843 451 3
844 452 3
849 458 3
857 469 3
864 477 3
867 481 3
875 491 3
883 502 2
888 509 3
911 541 3
918 550 3
921 555 3
936 576 2
936 576 3
944 589 3
946 592 3
950 598 3
951 599 3
961 614 3
963 618 2
965 620 2
965 620 2
968 625 3
987 656 3
999 677 3
1002 681 2
1006 689 3
1008 691 2
1021 715 3
1031 733 3
1032 735 3
1038 746 3
1051 770 3
1052 772 2
1061 790 2
1063 794 3
1074 815 2
1084 836 3
1087 843 3
1107 887 3
1108 889 3
1115 904 3
1117 908 3
1117 909 2
1118 911 2
1123 923 2
1125 927 2
1128 935 3
1129 938 3
1137 956 3
1138 959 3
1138 960 3
1143 971 3
1150 990 3
119 8 3
145 12 3
244 34 3
321 59 2
324 60 3
344 68 3
406 95 2
416 100 2
416 100 3
424 104 3
463 125 2
471 129 3
481 135 3
486 138 2
508 151 3
519 158 3
546 176 2
598 213 2
598 213 2
618 228 3
639 245 3
640 246 3
641 247 3
644 249 2
650 254 3
660 263 3
673 274 3
681 281 2
702 300 3
703 301 3
705 303 3
713 310 3
714 311 3
726 323 3
754 351 2
766 364 3
776 374 3
784 383 3
788 387 2
798 398 2
801 402 3
839 446 3
868 482 3
868 483 3
871 486 3
872 488 3
877 494 2
888 509 2
891 513 3
891 513 3
895 518 2
905 532 3
912 542 2
914 544 2
914 545 3
927 563 3
928 564 2
946 592 2
952 600 3
958 609 3
961 614 3
968 625 3
979 643 3
980 644 3
981 647 2
986 654 3
991 663 3
1001 680 3
1015 704 2
1016 705 3
1022 716 3
1028 728 2
1028 728 2
1032 734 2
1032 735 3
1033 736 3
1044 757 3
1047 763 3
1053 774 3
1054 777 2
1067 801 3
1080 828 3
1083 834 2
1085 838 3
1086 841 3
1088 846 3
1088 846 3
1096 863 3
1110 892 3
1114 902 3
1120 917 3
1122 920 3
1122 921 3
1123 922 3
1136 953 3
1137 956 3
1138 959 3
1146 978 2
1151 991 3
1154 1000 2
119 8 3
222 28 3
265 40 3
274 43 2
293 49 3
401 93 3
410 97 3
439 112 3
449 117 3
451 118 3
478 133 3
540 172 2
551 179 3
562 187 3
574 195 2
577 197 3
579 199 3
598 213 3
598 213 3
619 229 2
640 246 3
641 247 3
649 253 3
663 265 3
678 278 2
680 280 2
682 282 3
707 305 3
714 311 3
716 313 3
756 353 3
765 362 3
779 377 3
793 393 3
797 397 3
806 407 3
807 409 3
810 412 3
814 417 2
826 431 3
840 448 3
861 473 3
864 477 2
865 478 2
865 478 3
875 491 3
876 493 2
884 503 3
886 506 2
887 507 2
893 515 2
899 523 3
920 553 3
932 571 3
937 578 3
938 579 3
946 592 3
950 597 3
951 599 3
958 610 3
968 626 2
968 626 3
977 640 3
978 642 3
981 647 3
984 652 3
994 668 2
1003 683 3
1014 703 2
1031 732 3
1031 733 2
1037 744 2
1040 750 3
1041 751 3
1051 770 3
1053 774 3
1062 791 3
1065 797 3
1067 802 3
1077 823 2
1077 823 3
1080 828 2
1082 833 2
1083 835 2
1087 842 3
1088 846 3
1093 856 3
1097 864 3
1101 873 3
1104 879 3
1107 887 3
1113 901 3
1123 924 2
1127 933 3
1130 939 3
1140 965 3
1141 967 3
1143 972 3
1145 977 2
1149 986 3
192 21 2
214 26 2
214 26 3
218 27 3
321 59 3
334 64 2
366 77 3
380 83 3
436 110 3
447 116 3
460 123 3
488 139 3
498 145 3
500 146 2
519 158 3
519 158 3
546 176 3
552 180 3
552 180 3
575 196 2
579 199 3
592 208 3
623 232 3
634 241 3
640 246 3
641 247 3
647 252 3
647 252 3
653 257 3
655 258 3
685 285 3
687 286 3
726 323 3
727 324 2
739 336 2
749 346 2
777 375 3
782 381 3
792 392 3
812 414 3
812 414 3
829 434 3
830 435 2
848 457 2
849 459 3
850 460 3
861 473 3
868 482 3
896 520 3
906 533 3
907 535 3
934 574 3
936 577 2
944 588 2
945 590 2
947 593 3
953 602 3
955 605 2
975 636 2
986 655 3
994 667 3
1002 682 2
1010 696 3
1013 701 3
1017 708 3
1025 722 3
1029 729 3
1030 730 3
1032 735 3
1036 742 3
1042 754 3
1045 759 2
1051 771 3
1054 776 3
1059 785 2
1064 795 3
1069 806 3
1072 812 2
1075 817 3
1076 820 3
1079 826 2
1086 840 3
1089 847 3
1089 848 3
1092 854 3
1097 864 3
1100 870 3
1104 879 3
1106 883 2
1109 890 3
1110 892 2
1121 918 3
1123 922 2
1125 927 3
1127 933 3
1132 945 3
1133 948 2
1136 953 3
1138 958 2
1154 999 3
226 29 3
307 54 3
349 70 3
406 95 2
414 99 3
456 121 2
465 126 2
490 140 2
490 140 3
500 146 3
503 148 2
520 159 2
536 169 3
543 174 3
558 184 3
568 191 3
574 195 3
575 196 3
589 206 3
622 231 2
663 265 3
671 272 2
675 276 3
684 284 3
700 298 2
703 301 3
703 301 3
725 322 3
726 323 2
727 324 3
731 328 2
741 338 3
745 342 2
745 342 2
774 372 3
783 382 3
798 398 2
802 403 3
812 414 3
821 425 3
825 429 3
829 434 3
869 484 3
873 489 3
875 491 3
884 504 2
892 514 3
893 516 3
911 540 3
912 542 3
913 543 3
914 545 3
934 574 3
935 575 3
938 579 3
942 586 2
944 589 3
946 591 3
948 595 3
969 627 3
978 642 3
980 645 2
989 659 2
989 659 2
1001 679 3
1003 683 3
1010 695 3
1015 704 2
1018 709 3
1020 713 2
1023 718 3
1024 720 2
1031 732 2
1033 736 3
1036 742 3
1038 745 3
1043 755 3
1046 761 3
1054 776 3
1057 782 3
1064 795 2
1065 797 2
1068 803 2
1069 806 3
1070 808 3
1074 815 3
1089 847 2
1093 855 3
1093 855 3
1106 883 2
1107 886 2
1108 888 2
1109 891 3
1114 903 3
1125 927 3
1128 934 3
1128 936 3
1129 937 3
1131 943 3
1144 974 3
168 16 3
255 37 3
281 45 2
304 53 3
307 54 3
349 70 3
364 76 3
380 83 2
412 98 3
412 98 3
416 100 3
420 102 3
449 117 3
496 144 3
531 166 3
562 187 3
586 204 3
615 226 3
622 231 3
643 248 3
647 252 3
672 273 3
677 277 3
683 283 3
687 286 3
694 293 3
696 295 2
705 303 3
705 303 3
727 324 3
728 325 3
749 346 3
759 356 2
798 398 3
803 404 3
804 405 3
819 422 3
820 423 3
826 431 2
834 440 2
851 461 3
864 477 3
871 487 3
881 499 2
890 511 2
899 523 3
899 523 3
916 548 3
919 551 3
925 560 3
942 585 3
952 600 3
955 605 3
956 607 3
958 610 3
966 622 3
967 624 3
978 642 3
992 665 2
1002 682 3
1005 687 3
1011 697 3
1012 698 2
1023 719 3
1025 721 3
1036 742 3
1039 747 3
1043 755 3
1046 760 3
1056 780 3
1057 781 2
1057 782 3
1060 788 2
1062 791 2
1064 796 2
1077 822 3
1078 825 2
1088 844 3
1092 854 3
1093 855 3
1095 859 2
1095 860 3
1104 879 3
1107 887 3
1108 889 3
1109 890 2
1113 901 3
1120 916 2
1121 918 3
1128 935 3
1133 946 3
1133 947 2
1136 953 2
1137 956 3
1137 957 2
1141 966 2
1150 989 3
1152 995 2
1153 997 3
1154 999 3
119 8 2
133 10 3
133 10 3
151 13 3
205 24 2
299 51 2
339 66 3
347 69 3
364 76 2
382 84 3
384 85 3
426 105 3
428 106 3
447 116 3
453 119 2
462 124 3
463 125 3
474 131 3
478 133 3
486 138 3
565 189 3
570 192 2
575 196 3
586 204 3
602 216 3
604 217 2
609 221 3
656 259 3
658 261 3
660 263 3
685 285 3
700 298 3
707 305 2
717 314 2
722 319 2
751 348 3
752 349 2
763 360 2
791 390 3
801 402 3
805 406 3
814 417 3
821 425 3
822 426 3
825 429 2
827 432 3
837 444 3
856 467 3
859 471 2
865 478 3
870 485 3
871 487 2
881 500 3
887 507 3
893 516 3
901 527 3
906 534 3
908 536 2
909 537 2
931 569 3
931 569 3
932 571 3
935 575 2
941 584 3
950 597 3
956 606 3
963 618 3
970 629 3
972 631 3
980 644 2
994 668 3
996 671 3
996 672 3
998 674 3
1004 685 3
1010 696 3
1018 710 3
1026 723 3
1029 729 3
1030 730 3
1032 734 3
1037 744 3
1040 750 3
1042 754 3
1051 771 3
1054 776 2
1062 791 3
1065 798 3
1070 807 3
1093 855 3
1109 890 2
1119 913 3
1123 924 2
1125 928 2
1135 951 3
1137 957 3
1138 960 3
1140 963 3
1154 999 2
1154 999 2
