2000 100 5445196
20 86 235
20 142 189
20 84 234
20 94 162
20 72 234
20 126 205
20 86 188
20 94 247
20 66 169
20 50 184
20 115 199
20 144 159
20 66 181
20 119 172
20 68 155
20 124 211
20 110 245
20 100 192
20 106 171
20 140 181
20 144 174
20 115 212
20 149 201
20 130 235
20 87 197
20 90 202
20 129 159
20 141 173
20 86 155
20 149 154
20 77 207
20 140 243
20 58 157
20 77 194
20 121 208
20 144 249
20 113 217
20 147 198
20 130 248
20 56 210
20 109 226
20 125 244
20 78 189
20 112 230
20 148 154
20 122 171
20 72 236
20 150 176
20 93 181
20 144 197
20 64 160
20 83 189
20 126 248
20 69 213
20 149 233
20 116 244
20 123 235
20 113 187
20 130 151
20 136 184
20 117 230
20 127 198
20 85 160
20 58 195
20 91 221
20 129 213
20 68 178
20 82 214
20 149 194
20 87 205
20 56 197
20 81 197
20 108 196
20 61 199
20 56 235
20 118 215
20 122 205
20 82 161
20 143 239
20 88 153
20 125 198
20 131 211
20 99 218
20 102 206
20 95 216
20 55 226
20 86 241
20 91 188
20 145 222
20 104 201
20 127 236
20 135 233
20 115 212
20 102 193
20 119 204
20 140 228
20 137 152
20 69 180
20 57 229
20 111 246
1256 89 15
1557 137 15
6065 2189 14
6219 2309 16
6919 2904 16
7660 3630 14
7798 3778 11
8042 4048 15
9432 5864 11
9532 6016 15
9751 6361 14
9969 6720 12
10002 6776 12
10335 7364 14
10409 7502 12
10633 7934 13
10653 7974 16
10740 8149 16
11050 8809 12
11355 9518 15
4513 1181 15
4924 1414 14
4967 1440 12
6451 2497 15
6989 2968 12
7117 3088 12
7443 3407 16
7520 3485 16
7967 3964 13
8327 4380 15
9068 5339 12
9454 5897 15
10142 7017 12
10233 7180 13
10607 7882 12
10759 8188 14
10853 8383 14
11226 9209 14
11314 9420 12
11476 9820 13
2011 229 15
2451 341 15
3511 706 14
5275 1632 13
5605 1853 13
6669 2682 12
7408 3372 16
7420 3384 14
7956 3951 13
8158 4181 16
8201 4231 14
8325 4378 15
8681 4820 14
9005 5251 12
9406 5826 13
9769 6389 12
9811 6457 16
10652 7972 12
11108 8939 13
11329 9455 13
4024 933 15
4480 1163 16
4661 1262 14
5195 1581 14
5842 2022 12
6075 2197 15
6079 2200 12
6962 2943 14
7134 3104 15
7334 3298 11
7783 3761 14
8309 4359 12
8547 4650 15
9975 6730 16
10080 6910 15
10498 7671 16
10541 7754 13
10634 7936 15
10912 8508 12
11378 9575 11
853 41 14
4959 1435 12
5234 1606 15
6725 2731 15
7049 3024 16
7264 3229 12
7660 3630 15
8511 4605 15
8785 4956 12
9460 5907 13
9523 6002 14
9590 6106 16
10362 7414 15
10543 7757 15
10768 8206 13
11226 9211 12
11338 9477 12
11370 9554 12
11431 9706 16
11482 9835 12
2824 454 11
3508 705 11
3698 785 13
4431 1137 14
5119 1533 13
5159 1558 14
6244 2329 15
6430 2480 15
6827 2821 15
8267 4309 14
8347 4404 12
8681 4820 12
8934 5155 12
9411 5833 15
9434 5867 14
9962 6707 11
10040 6840 11
10432 7546 12
10771 8213 12
11102 8925 14
2016 230 16
5033 1480 15
7529 3494 12
7728 3702 12
8058 4066 15
8190 4218 12
8639 4767 14
9035 5293 14
9517 5993 13
9603 6126 11
9915 6629 13
10043 6846 12
10231 7176 14
10458 7594 15
10561 7792 15
10698 8063 14
10992 8682 12
11069 8851 12
11109 8942 13
11202 9153 13
1517 130 14
2997 512 12
3340 638 13
5253 1618 16
5310 1655 12
6764 2765 13
7637 3606 15
7639 3608 13
8552 4656 14
8840 5028 13
8890 5095 15
9042 5302 14
9471 5924 11
9686 6257 12
10524 7721 14
10613 7895 15
10707 8082 12
11279 9334 15
11311 9412 11
11513 9913 13
133 1 15
516 15 13
3801 830 12
5576 1833 15
7096 3068 15
7207 3174 12
7327 3291 11
7598 3566 11
7821 3803 16
8270 4313 16
8903 5112 14
8915 5129 12
9093 5373 15
10089 6925 14
10397 7479 16
10790 8252 14
10799 8270 14
11032 8768 12
11176 9094 16
11475 9817 12
2371 319 11
4691 1279 15
5002 1461 14
5121 1534 12
6331 2399 15
6890 2878 14
7664 3635 12
8765 4929 15
8875 5075 14
9104 5389 14
9193 5515 15
9916 6631 12
9986 6748 15
10143 7019 15
10273 7251 16
10425 7532 16
10699 8066 14
10857 8391 13
10901 8485 13
11344 9491 14
1263 90 12
1994 225 13
4406 1124 16
5434 1737 13
5460 1754 12
8005 4006 14
8430 4505 12
8902 5111 13
9022 5274 13
9456 5900 12
9516 5992 15
10316 7330 16
10378 7444 12
10652 7971 15
10716 8101 12
10963 8618 11
11058 8826 11
11060 8830 15
11311 9411 13
11469 9802 13
549 17 12
3550 722 12
3878 865 13
4574 1214 14
5141 1547 13
6212 2304 16
8147 4168 15
8472 4557 14
9350 5743 13
9534 6020 15
9563 6064 14
9620 6153 13
9737 6337 15
10702 8071 12
10764 8199 15
10876 8431 14
11066 8845 16
11423 9686 16
11432 9708 12
11531 9960 12
3874 863 15
4279 1058 13
5261 1623 14
7632 3601 16
7650 3620 13
7780 3758 13
7811 3792 13
7938 3931 16
8746 4904 15
8973 5207 13
9721 6312 13
9867 6550 13
10618 7904 13
10647 7961 14
10700 8067 13
10872 8424 13
10951 8591 13
11033 8772 14
11080 8876 14
11425 9690 15
3381 654 15
4433 1138 13
5437 1739 14
5590 1843 13
6215 2306 12
6498 2536 11
6800 2797 15
7224 3190 11
7395 3358 12
7976 3974 15
8270 4313 16
9007 5254 12
9305 5676 15
9362 5760 15
10330 7355 12
10437 7554 13
10770 8211 12
11116 8957 13
11402 9634 14
11472 9809 16
3014 518 14
3948 897 16
4607 1232 14
6342 2408 15
7392 3355 12
9038 5296 14
9713 6299 14
9852 6525 13
10293 7287 14
10507 7689 15
10512 7697 12
10767 8204 14
10911 8506 12
10940 8568 11
10956 8603 11
11053 8815 13
11173 9087 16
11328 9452 14
11348 9501 15
11368 9550 13
2765 435 12
2787 442 15
3542 719 13
3598 742 13
4525 1187 13
5503 1783 13
6763 2764 12
6958 2940 13
7234 3200 15
7387 3350 15
7844 3828 14
7929 3921 12
8283 4328 15
8960 5189 14
9361 5758 12
9473 5927 14
9602 6124 13
9970 6721 13
10151 7034 15
11346 9496 12
498 14 16
5446 1745 13
5756 1960 15
5987 2130 15
6645 2661 15
7329 3293 12
8324 4377 12
9032 5288 15
9309 5682 15
9600 6121 15
10176 7077 14
10189 7101 15
10221 7157 14
10244 7200 14
10498 7671 15
10712 8092 14
11029 8763 12
11377 9571 15
11416 9669 14
11462 9784 13
498 14 16
2171 267 14
4666 1265 12
4789 1335 14
7180 3148 13
7716 3690 14
7893 3881 13
7895 3884 13
8064 4073 12
8853 5045 15
8864 5060 13
9403 5821 14
10310 7319 15
10426 7535 13
10492 7660 16
10684 8036 13
10904 8492 13
10985 8665 14
11366 9544 13
11500 9879 13
3249 603 12
4500 1174 15
5646 1882 13
5970 2117 14
6158 2261 12
6473 2515 14
6590 2614 13
7179 3147 14
8362 4423 15
9723 6315 15
10452 7583 15
10506 7687 13
10690 8047 14
10764 8198 11
10894 8469 12
10990 8676 15
11019 8741 12
11067 8847 12
11068 8849 11
11440 9729 12
1138 73 15
4217 1027 14
4304 1071 14
6105 2220 12
7710 3683 13
9049 5312 15
9318 5696 15
9335 5720 16
10118 6976 15
10151 7033 14
10227 7169 12
10374 7436 14
10439 7559 16
10475 7627 14
10489 7653 15
10588 7846 13
10659 7986 14
10783 8238 12
11309 9408 13
11485 9842 12
4217 1027 14
4275 1056 13
5072 1504 13
5503 1783 14
5528 1800 12
6059 2185 12
6340 2406 15
6839 2832 12
6863 2853 13
7393 3356 11
7796 3776 13
7997 3997 12
8722 4874 15
8807 4985 16
8856 5049 15
9307 5679 14
9484 5943 12
9573 6080 12
10103 6950 15
10902 8487 14
1114 70 16
5679 1905 12
5909 2072 11
7553 3519 13
8122 4139 14
8883 5086 13
9071 5342 15
9169 5480 13
9893 6592 14
9982 6742 15
10168 7063 14
10263 7234 12
10406 7496 11
10545 7761 14
10553 7777 16
10603 7875 13
10759 8188 15
10928 8542 16
11199 9147 15
11535 9970 12
742 31 15
3273 612 13
3409 665 12
3432 674 12
4179 1008 14
4314 1076 14
4829 1358 15
6435 2484 14
7547 3513 15
7886 3874 12
8967 5199 12
9216 5548 14
9369 5771 15
9479 5935 15
10247 7204 14
10423 7528 15
10452 7584 14
10527 7726 11
10680 8027 15
11224 9205 14
3071 538 14
3228 595 13
4688 1277 13
7225 3191 14
7228 3194 15
7616 3584 14
7623 3592 15
7723 3697 15
7777 3755 12
8606 4724 14
9092 5372 13
9218 5551 15
9831 6490 15
10356 7403 15
10361 7413 12
10383 7454 15
10538 7747 12
11203 9156 16
11220 9195 15
11519 9928 13
533 16 13
3993 918 15
4292 1065 14
4359 1099 14
4680 1273 16
6093 2211 13
6428 2478 11
6624 2643 13
6921 2906 13
7038 3014 13
7403 3366 15
7914 3905 12
8269 4311 12
9290 5654 12
9760 6375 15
10090 6926 12
10199 7118 13
10362 7415 15
10374 7436 11
10904 8491 15
3193 582 13
3696 784 11
5919 2079 13
5944 2098 11
6597 2620 12
6613 2634 13
7899 3888 12
8030 4034 11
9428 5859 14
9735 6335 13
9922 6641 16
10070 6892 11
10329 7354 15
10393 7472 15
10402 7489 14
10514 7702 15
10854 8386 11
10862 8402 14
11434 9714 16
11477 9821 12
4393 1117 13
4733 1303 14
5446 1745 12
6625 2644 13
6685 2696 15
6750 2753 15
7082 3055 12
7622 3591 13
7968 3965 12
7994 3994 13
8347 4405 12
9512 5985 16
10441 7563 13
10634 7936 11
10903 8488 13
11200 9149 14
11237 9237 15
11345 9493 14
11416 9668 13
11537 9975 13
679 26 13
3885 868 13
4600 1228 15
5312 1656 11
5970 2117 13
6377 2436 12
7315 3279 13
7610 3578 13
7738 3713 11
8172 4197 11
9011 5259 14
9252 5599 13
9301 5671 11
9701 6280 15
9860 6538 13
9962 6708 13
10027 6818 14
10060 6875 14
11134 8998 14
11500 9880 12
5467 1759 13
6544 2575 14
7324 3288 14
7513 3478 16
7583 3550 14
8683 4823 11
9313 5688 13
9329 5712 13
9364 5763 15
9410 5831 14
9436 5871 12
9510 5983 11
9637 6179 14
9698 6275 13
9711 6296 14
10490 7655 13
10850 8376 15
10912 8509 14
11258 9286 16
11537 9975 14
266 4 13
970 53 12
3409 665 12
3600 743 11
4290 1064 13
4698 1283 13
4872 1383 15
5108 1526 11
5916 2077 12
6523 2557 12
8869 5067 13
9193 5514 11
9538 6026 12
10229 7172 14
10613 7895 15
10968 8629 12
11109 8941 15
11435 9715 12
11438 9722 16
11459 9775 13
913 47 16
3823 840 16
4081 960 14
4399 1120 12
4614 1236 16
6120 2232 16
7545 3511 14
8207 4238 16
8486 4574 11
8720 4871 12
8737 4893 14
8871 5070 12
10172 7071 11
10332 7360 13
10540 7751 15
10911 8506 16
11136 9002 15
11166 9072 14
11252 9272 13
11487 9847 15
2837 458 14
3439 677 11
3928 888 13
4233 1035 15
4316 1077 15
4404 1123 14
4456 1150 12
4643 1252 13
4801 1342 13
6078 2199 15
8013 4015 16
8394 4461 14
8454 4535 14
8889 5094 15
10302 7304 12
10613 7894 13
10740 8149 11
11101 8924 12
11302 9391 16
11436 9717 12
3609 747 15
4831 1359 13
5464 1757 13
7237 3203 15
7894 3882 14
8019 4022 12
8110 4126 14
8775 4942 13
9071 5343 16
9317 5694 15
9794 6429 13
10071 6894 11
10130 6996 13
10532 7736 14
10851 8378 12
11153 9041 15
11167 9074 13
11484 9840 12
11511 9909 13
11530 9956 13
2840 459 14
4263 1050 13
5356 1685 14
5593 1845 14
5600 1850 14
6294 2369 14
7313 3277 13
7545 3511 14
7810 3791 13
8548 4652 16
8649 4779 14
8857 5051 14
9246 5591 13
9297 5664 16
9538 6026 15
9765 6383 12
10114 6969 12
10557 7784 12
10746 8161 12
10940 8569 13
4523 1186 12
6658 2672 14
7209 3176 14
7242 3208 14
7264 3229 14
7718 3692 15
7923 3915 14
7975 3973 14
8085 4097 14
8410 4481 11
8842 5031 14
8853 5046 15
9016 5266 14
9171 5483 11
9331 5714 15
9357 5753 12
9785 6415 12
9996 6765 15
10599 7866 13
11369 9553 15
2319 305 11
4517 1183 14
5009 1465 12
5463 1756 15
6819 2814 14
6839 2832 12
7478 3442 12
7664 3635 12
7986 3985 15
8109 4125 15
8435 4512 12
8617 4739 12
8637 4764 12
9709 6293 15
9937 6665 15
10531 7734 12
10749 8167 14
10863 8405 11
10893 8467 13
11337 9474 14
2974 504 12
5946 2099 13
6247 2331 14
6715 2722 14
6781 2780 13
7091 3063 12
7976 3974 16
8742 4900 11
9803 6444 12
9904 6610 13
9933 6659 15
10090 6927 14
10258 7224 15
10415 7514 15
10655 7978 12
10921 8527 14
10923 8532 16
11276 9328 13
11284 9346 12
11355 9517 12
480 13 13
1744 172 16
2151 262 15
2790 443 14
3160 570 15
3726 797 16
4969 1441 13
5023 1474 12
7345 3309 12
7417 3381 15
8129 4148 12
8228 4263 15
8285 4330 16
8318 4370 14
9279 5639 15
9646 6194 14
9802 6442 14
9908 6617 15
10304 7308 14
11278 9332 14
1023 59 15
3246 602 14
3798 829 15
4010 926 11
4173 1005 12
4314 1076 13
5457 1752 13
5826 2011 13
6507 2544 12
7094 3066 15
8122 4139 12
9047 5309 15
9843 6510 15
10065 6883 16
10207 7132 14
10588 7846 13
10838 8351 15
10950 8590 13
11288 9357 15
11408 9648 15
1677 159 12
3850 852 12
5964 2113 16
6023 2157 12
7099 3071 14
7151 3120 15
7527 3492 14
7564 3530 12
8053 4060 12
8157 4180 11
8470 4554 14
9088 5366 13
9293 5659 16
9311 5685 12
9535 6021 13
9798 6437 14
9960 6704 13
10987 8669 12
11038 8782 15
11111 8946 13
2790 443 13
3409 665 15
5748 1954 14
5798 1990 15
6220 2310 14
6412 2465 13
6537 2569 14
7825 3807 13
8444 4523 15
8631 4756 15
8819 5001 16
8899 5107 11
9126 5419 14
9206 5533 16
9561 6061 14
10275 7256 15
10428 7537 12
11153 9040 14
11197 9142 14
11385 9592 13
3481 694 13
4209 1023 15
6036 2167 15
6120 2232 12
7781 3759 12
8628 4753 12
8681 4820 15
9213 5543 16
9639 6183 14
10090 6926 13
10428 7538 15
10497 7668 15
11060 8830 14
11229 9217 12
11241 9246 12
11246 9256 15
11268 9308 13
11341 9483 15
11345 9495 16
11517 9925 11
1090 67 12
5495 1778 13
5840 2021 15
5857 2033 13
7459 3423 15
7763 3740 12
7900 3889 15
8136 4156 11
8491 4580 15
8564 4671 14
8847 5037 11
9393 5806 14
9716 6304 13
10013 6794 14
10453 7585 16
10595 7858 14
10810 8294 11
10835 8345 13
11239 9240 14
11443 9737 13
2596 383 12
3839 847 14
6626 2645 11
6730 2735 16
6855 2846 12
7536 3501 13
7584 3551 13
7742 3717 13
8001 4002 14
9019 5270 15
9019 5271 14
9284 5645 14
9690 6263 14
9795 6432 15
10309 7317 11
10601 7870 15
11007 8713 15
11139 9009 13
11397 9621 14
11482 9835 12
2266 291 15
2977 505 12
3547 721 15
4005 924 15
4292 1065 15
4337 1088 14
4659 1261 12
5946 2099 14
6572 2599 14
7644 3614 12
7929 3921 14
8642 4771 15
9291 5656 13
10345 7383 15
10424 7531 12
10919 8524 13
11074 8862 13
11150 9035 15
11303 9393 16
11500 9880 11
2626 392 14
3071 538 13
6464 2508 14
6629 2647 13
6635 2653 15
8357 4416 14
8755 4916 12
9309 5682 12
9336 5722 15
9430 5862 16
9678 6243 14
9758 6372 14
9892 6591 12
10410 7504 11
10643 7953 13
10723 8114 12
11059 8829 13
11299 9384 11
11410 9654 13
11483 9836 14
3733 800 14
3825 841 16
3883 867 12
4427 1135 13
5258 1621 11
5920 2080 14
6264 2345 15
6303 2376 12
6721 2727 13
7804 3784 12
8987 5227 15
9874 6561 13
10105 6953 13
10182 7088 12
10361 7412 13
10638 7944 14
10645 7957 15
10733 8135 14
11484 9840 15
11543 9992 13
5355 1684 12
7098 3070 12
7184 3152 14
7290 3255 15
7494 3458 13
8075 4086 11
8088 4100 14
8382 4447 16
8448 4528 14
9637 6179 12
9782 6410 13
9909 6619 15
9935 6662 12
9939 6669 14
10050 6858 13
10820 8313 16
10894 8469 12
10913 8511 12
10929 8544 14
11449 9752 15
2633 394 14
4849 1370 16
5220 1597 15
5570 1829 13
6036 2167 11
6114 2227 13
6729 2734 14
7357 3321 14
8067 4076 13
8435 4511 13
8881 5083 13
9191 5512 14
9762 6378 12
9999 6771 13
10866 8411 15
10871 8420 13
11016 8733 14
11288 9357 15
11496 9869 11
11521 9935 13
2714 419 11
2951 496 15
3807 833 15
4052 946 13
4552 1202 14
6075 2197 14
6475 2517 16
6492 2531 15
8291 4337 16
9030 5286 14
9729 6325 15
9911 6622 12
10088 6923 14
10231 7176 13
10333 7361 15
10334 7363 13
10558 7786 12
10717 8103 15
10757 8184 15
11053 8816 16
4591 1223 14
5143 1548 13
6102 2218 15
6383 2441 15
7432 3396 11
8053 4060 11
8488 4577 11
8650 4780 16
8751 4911 14
8888 5092 11
9273 5629 12
9388 5799 15
10304 7308 13
10424 7531 14
10506 7687 15
10872 8424 14
10948 8585 16
10957 8604 15
11060 8832 14
11126 8979 15
4221 1029 16
4474 1160 12
4700 1284 13
5469 1760 11
7345 3309 15
8997 5240 14
9517 5993 15
9576 6084 13
9878 6567 16
10237 7187 14
10487 7650 13
10637 7942 12
10682 8031 15
10815 8304 13
10852 8380 12
11083 8882 14
11170 9081 12
11278 9332 13
11366 9545 13
11489 9853 15
4927 1416 14
5146 1550 12
5198 1583 14
6335 2402 16
6693 2703 13
7095 3067 15
7311 3275 15
7443 3407 14
7631 3600 16
7797 3777 15
7890 3878 14
8052 4059 12
8678 4817 14
8697 4841 14
8971 5205 15
9531 6015 12
10665 7998 15
10892 8465 16
11096 8911 16
11466 9793 14
1989 224 13
2308 302 15
4839 1364 12
5313 1657 14
5417 1725 13
8254 4294 14
8302 4351 15
8376 4439 13
8466 4550 13
8964 5195 16
9383 5792 13
9849 6520 13
10064 6882 15
10356 7404 15
10872 8423 15
11054 8818 13
11199 9148 11
11227 9212 16
11228 9214 15
11526 9948 15
3948 897 14
4097 968 15
6774 2774 13
6843 2835 14
7248 3214 14
7795 3775 14
7958 3954 13
8406 4476 15
8588 4702 12
9101 5385 12
9790 6424 15
9970 6721 13
10348 7388 13
10605 7878 11
10818 8310 14
10864 8406 14
10921 8528 13
10968 8628 15
11034 8773 15
11085 8888 15
2756 432 15
3068 537 13
3999 921 11
5439 1740 16
5852 2030 16
6071 2194 15
6212 2304 13
6404 2458 16
7777 3755 14
8244 4282 14
8504 4597 15
8511 4605 15
8650 4781 15
9367 5768 12
9836 6498 12
10147 7026 15
10778 8228 12
11103 8928 15
11203 9157 15
11346 9497 15
3474 691 13
3682 778 16
5143 1548 13
5633 1873 12
5904 2068 13
5931 2088 13
5964 2113 15
7004 2982 12
7295 3259 12
8957 5185 15
9281 5642 14
9504 5974 15
9623 6157 12
9894 6594 12
10027 6818 14
10068 6888 13
10472 7622 13
10729 8126 15
11054 8817 13
11243 9251 14
442 11 12
2430 335 15
3037 526 14
4491 1169 12
5214 1593 11
5555 1819 16
6172 2272 12
6750 2753 12
7374 3338 13
9317 5694 13
9364 5763 14
9514 5989 15
9951 6690 12
10073 6898 15
10497 7669 12
10579 7827 15
11109 8940 15
11166 9072 12
11359 9527 11
11545 9995 12
3659 768 12
4223 1030 12
5149 1552 12
6897 2884 12
6982 2962 11
7969 3966 14
8222 4256 16
8411 4482 14
8822 5004 11
8888 5093 13
9023 5276 14
9106 5391 12
9400 5816 11
9926 6648 14
10148 7029 13
10357 7406 16
10833 8342 14
10935 8558 15
11184 9113 12
11438 9724 13
4106 972 15
4385 1113 13
4612 1235 13
5114 1530 14
5408 1719 11
5482 1769 15
6812 2808 14
7047 3022 12
7236 3202 16
7798 3778 15
7812 3793 14
8992 5234 15
9525 6005 15
10186 7096 14
10231 7176 16
10235 7183 15
10476 7628 14
10811 8296 15
11083 8882 11
11406 9643 13
1989 224 12
6299 2373 13
6371 2431 13
6659 2673 13
7672 3643 16
7718 3692 14
8033 4038 14
8452 4532 15
8633 4759 12
9719 6309 16
9747 6354 12
9747 6354 13
10172 7070 15
10241 7193 14
10393 7473 13
10530 7733 13
10734 8136 14
10780 8232 15
10852 8382 13
11227 9212 15
2593 382 12
6557 2586 12
6801 2798 14
7492 3456 12
8095 4108 14
8410 4481 11
8418 4491 13
8461 4544 12
8594 4709 13
8627 4751 13
9083 5359 12
9515 5990 15
10858 8394 12
11112 8947 13
11217 9190 12
11238 9238 12
11298 9380 14
11301 9388 15
11503 9889 15
11509 9904 12
1523 131 14
1552 136 14
5538 1807 14
5607 1855 12
5833 2016 15
5924 2083 14
6369 2430 13
6606 2628 15
6684 2695 15
6836 2829 13
7903 3893 14
8975 5210 13
9319 5697 12
9400 5816 14
9715 6302 15
10082 6913 15
10507 7688 14
10685 8037 15
11005 8709 13
11310 9410 16
2142 260 14
2338 310 15
3647 763 13
4345 1092 14
5266 1626 14
5734 1944 12
6165 2267 15
7299 3263 12
7783 3762 14
8422 4495 16
8802 4978 11
8859 5054 13
9118 5408 12
9329 5711 16
9338 5725 14
9475 5929 12
9906 6614 14
10135 7006 15
10740 8149 11
10821 8316 12
1843 192 15
3155 568 12
4312 1075 13
5359 1687 15
6283 2360 16
7415 3379 15
7766 3743 13
7905 3895 15
8033 4038 12
8160 4184 11
8390 4457 14
8799 4974 15
9007 5254 12
9184 5501 15
9862 6541 12
10966 8624 13
11186 9116 15
11257 9283 15
11423 9685 14
11520 9932 14
3617 750 16
4439 1141 12
5098 1520 14
5300 1648 12
5386 1705 13
7499 3464 15
7987 3986 14
8327 4380 13
8431 4506 16
8628 4752 14
8643 4772 15
8693 4836 16
9170 5482 12
9560 6059 12
9629 6166 14
10002 6776 12
10238 7189 15
10315 7328 13
10501 7676 14
10649 7966 16
2762 434 15
3569 730 12
3657 767 15
4863 1378 12
5820 2006 13
6972 2953 12
6994 2973 14
7199 3166 13
7435 3399 13
8362 4423 12
8835 5021 11
8883 5085 13
9940 6670 12
9992 6759 13
10263 7233 16
10563 7796 13
10968 8629 15
11078 8872 16
11148 9029 14
11500 9880 14
3203 586 13
3333 635 14
4607 1232 15
5892 2059 14
6542 2573 12
6710 2718 13
6797 2794 12
7091 3063 13
7110 3081 13
8005 4006 13
8194 4223 16
8394 4462 13
8861 5056 12
9116 5405 11
10012 6793 13
10849 8375 15
10870 8419 12
10991 8678 11
11045 8798 15
11360 9530 14
1494 126 15
3407 664 13
3452 682 14
4368 1104 12
5015 1469 14
5522 1796 12
5778 1976 14
7678 3649 15
7700 3673 13
7958 3954 14
8141 4161 15
8428 4503 11
9027 5282 16
9348 5739 12
10347 7387 14
10368 7425 13
10682 8031 15
11224 9205 12
11327 9451 15
11422 9683 12
1667 157 14
2490 352 15
2630 393 13
5133 1542 15
5191 1578 16
6499 2537 13
7403 3366 14
7915 3906 14
8473 4558 11
8490 4579 14
8508 4601 12
8862 5058 14
8882 5084 14
9420 5846 14
9549 6042 15
10164 7057 15
10472 7621 11
10542 7755 13
11281 9340 14
11480 9828 14
2330 308 14
2593 382 15
2891 476 13
4431 1137 14
4469 1157 14
5238 1608 12
5323 1663 14
5848 2027 12
9109 5395 14
9548 6041 13
9580 6091 14
9945 6679 12
10422 7527 14
10831 8336 12
10872 8424 14
11031 8767 15
11184 9113 15
11276 9328 12
11442 9733 14
11538 9977 15
1729 169 13
2476 348 12
4193 1015 14
5217 1595 12
5857 2033 12
6536 2568 15
7452 3416 12
7977 3975 12
8249 4288 14
8844 5033 12
9553 6049 12
9869 6552 13
10242 7195 14
10626 7920 14
10659 7985 15
10774 8218 14
10821 8316 14
11143 9018 16
11268 9308 14
11387 9597 14
2330 308 12
2942 493 16
3333 635 14
3744 805 12
4476 1161 11
4774 1326 15
4971 1442 15
6108 2222 14
6733 2738 13
7139 3109 16
7609 3577 14
9575 6082 14
9665 6223 14
9699 6277 12
9751 6360 15
10125 6987 13
10733 8135 14
10927 8540 13
11221 9198 15
11271 9316 12
2583 379 14
4655 1259 11
5133 1542 13
5141 1547 13
5361 1688 15
5725 1938 12
5792 1986 15
6260 2342 15
7198 3165 11
8153 4175 14
8345 4402 12
8391 4458 13
9750 6359 11
10391 7468 14
11102 8925 12
11214 9183 15
11276 9328 16
11282 9343 13
11320 9433 14
11398 9624 13
3472 690 12
3666 771 15
5885 2054 14
6570 2597 14
6675 2687 15
6749 2752 11
7365 3329 15
7564 3530 15
8529 4628 13
8709 4857 15
9147 5449 12
9918 6634 13
10238 7188 14
10320 7337 12
10355 7401 15
10899 8480 15
10964 8619 15
11057 8825 12
11214 9183 12
11334 9467 15
3275 613 15
3330 634 14
4832 1360 14
5568 1828 16
6132 2241 14
6438 2486 13
7446 3410 15
7808 3788 13
8417 4489 14
8460 4542 15
9176 5491 12
10357 7406 16
10466 7609 15
10593 7856 15
10968 8628 13
10981 8657 12
11027 8757 14
11031 8767 14
11085 8886 15
11260 9289 13
3124 557 13
4915 1409 12
5430 1734 13
5457 1752 16
5501 1782 13
6602 2624 13
6839 2832 15
7088 3061 15
8164 4188 14
8171 4196 13
9522 6001 15
9774 6397 14
10385 7457 12
10503 7680 15
10605 7879 14
10650 7967 16
10677 8021 13
11048 8805 11
11168 9076 14
11515 9918 13
1176 78 15
1517 130 16
2296 299 13
3790 825 14
4233 1035 15
4691 1279 13
5394 1710 14
6627 2646 13
6933 2917 15
7287 3252 12
8341 4397 15
9268 5623 14
9720 6311 14
9858 6535 13
9946 6681 12
10458 7595 12
10472 7622 15
10635 7938 14
10705 8078 13
11542 9989 13
1764 176 13
3314 628 15
3322 631 13
5732 1943 12
7415 3379 16
7858 3843 16
7980 3978 12
9710 6294 14
9901 6605 16
9953 6692 11
10281 7266 13
10283 7269 13
10664 7996 15
10705 8078 16
10750 8169 14
10829 8333 15
10894 8470 16
11272 9319 13
11301 9388 15
11538 9978 12
2525 362 16
2566 374 12
3703 787 16
4980 1448 12
5793 1987 12
5829 2013 13
5891 2058 11
6405 2459 11
7421 3385 13
7488 3452 12
7578 3545 13
8061 4070 15
8309 4359 13
8879 5080 14
9297 5665 14
9458 5904 14
10553 7776 14
10748 8165 12
10881 8443 14
11257 9282 12
4382 1111 14
4418 1130 14
4623 1241 12
4951 1430 15
7704 3677 11
7768 3745 13
8408 4479 16
8900 5108 12
8958 5187 12
9185 5503 15
9561 6061 12
10026 6816 13
10201 7122 12
10424 7530 15
10743 8155 12
10763 8197 15
10860 8397 14
10948 8585 16
11404 9638 14
11461 9780 13
913 47 13
4215 1026 11
6627 2646 15
6644 2660 12
6749 2752 12
6860 2851 12
7189 3157 16
7342 3306 12
7562 3528 11
7693 3665 15
9824 6478 13
10029 6821 12
10242 7196 15
10498 7671 14
10665 7998 14
10890 8462 12
10993 8683 15
11227 9213 12
11331 9460 15
11383 9587 15
2580 378 15
4126 982 16
4229 1033 14
5183 1573 12
6687 2698 15
6748 2751 15
7534 3499 12
7572 3539 13
8167 4191 15
8566 4674 13
9120 5411 12
9707 6289 15
9774 6397 14
9986 6749 13
10283 7269 15
10336 7366 13
10806 8284 12
10955 8601 13
11038 8782 12
11166 9072 13
326 6 12
3265 609 11
3719 794 13
4351 1095 14
4397 1119 11
5301 1649 15
7111 3082 13
7231 3197 12
8496 4587 15
9557 6054 11
9621 6154 13
9977 6733 15
10009 6787 15
10010 6789 13
10072 6895 11
10119 6978 15
10162 7053 13
10768 8207 14
10884 8448 13
11379 9577 13
1476 123 14
4758 1317 13
4765 1321 14
5214 1593 11
6746 2749 15
7281 3246 12
8018 4021 14
8166 4190 13
8230 4265 13
8464 4547 13
8863 5059 11
9338 5725 15
9511 5984 14
9935 6662 14
10207 7133 15
10260 7228 12
10495 7665 15
10501 7676 14
10783 8237 15
11160 9058 15
3843 849 15
4691 1279 16
5891 2058 16
7590 3557 14
7763 3740 15
8659 4792 14
8662 4796 14
8822 5004 14
9153 5458 14
9352 5745 12
9363 5761 14
9386 5796 14
9401 5818 12
10753 8176 13
10901 8484 15
10910 8504 12
11232 9225 14
11284 9346 14
11426 9694 12
11547 10000 15
2685 410 15
5184 1574 12
5612 1858 13
5829 2013 15
6292 2367 12
6507 2544 14
6593 2617 16
6847 2839 14
9623 6157 15
9995 6763 12
10179 7083 12
10607 7882 15
10608 7885 11
10701 8070 15
10797 8267 12
10994 8685 14
11054 8817 14
11054 8818 13
11164 9066 13
11351 9508 12
2159 264 12
2861 466 15
3228 595 12
4140 989 14
5213 1592 12
5347 1679 15
6012 2149 13
6259 2341 13
6748 2751 15
7255 3220 14
7478 3442 13
7538 3503 15
7956 3951 11
8262 4303 14
10354 7400 14
10548 7768 13
10832 8339 16
10834 8344 13
11084 8885 13
11231 9221 12
2532 364 15
3454 683 13
5217 1595 14
6767 2768 12
8130 4149 12
8330 4384 12
8506 4599 14
8984 5222 15
9156 5462 13
9523 6002 15
9717 6306 14
9995 6763 14
10583 7835 15
10704 8076 16
10722 8112 15
10745 8160 13
11104 8930 12
11115 8954 12
11276 9327 12
11485 9843 14
3230 596 15
4855 1373 14
7303 3267 13
7383 3347 14
8202 4232 12
9012 5261 15
9795 6432 12
9863 6543 15
9886 6580 13
9908 6618 13
9991 6757 14
10294 7289 14
10341 7376 12
10419 7521 14
10440 7560 13
10753 8175 14
10893 8468 14
10975 8643 15
11331 9461 16
11341 9484 13
4730 1301 12
5455 1751 15
5489 1774 13
5966 2114 12
5970 2117 14
6012 2149 13
7102 3074 13
7321 3285 14
8023 4027 12
8606 4724 14
8735 4890 12
8843 5032 15
8854 5047 12
8914 5128 12
9225 5561 12
9431 5863 14
9756 6369 14
10465 7608 12
11294 9370 13
11497 9873 12
3012 517 11
3771 817 15
6036 2167 15
7773 3751 12
8262 4303 13
8385 4450 15
8417 4490 16
8520 4617 13
8556 4662 11
8812 4991 13
9333 5718 16
9338 5725 16
9582 6093 12
9724 6317 15
9967 6716 12
10450 7579 13
10523 7719 16
11265 9302 13
11451 9757 15
11528 9953 14
1227 85 15
4798 1340 14
5184 1574 13
6784 2783 12
6895 2882 13
7649 3619 12
8226 4261 15
8873 5072 13
9491 5954 15
9570 6074 12
10213 7143 13
10254 7218 13
10440 7561 12
10526 7724 15
11097 8914 14
11106 8934 14
11286 9353 15
11327 9450 13
11417 9672 12
11521 9933 14
230 3 14
5157 1557 11
5650 1885 14
5893 2060 16
5978 2123 13
6104 2219 13
6250 2334 12
6339 2405 16
6750 2753 15
8339 4395 12
8838 5025 16
9220 5553 13
9510 5982 13
9653 6204 15
10165 7059 14
10429 7539 11
10596 7861 12
10711 8091 12
10804 8280 14
11233 9226 15
2497 354 16
5289 1641 14
5665 1895 15
5935 2091 14
6294 2369 12
6465 2509 13
7195 3162 16
7207 3174 12
8251 4290 13
9230 5567 14
9590 6105 15
9661 6217 12
10084 6917 12
10126 6990 13
10136 7007 13
10348 7389 12
11291 9363 16
11312 9413 14
11343 9488 12
11504 9890 16
4663 1263 11
6059 2185 16
6321 2391 13
6334 2401 15
7798 3778 15
7814 3795 14
8254 4293 12
8594 4709 15
8883 5085 14
9068 5338 13
9495 5960 14
9645 6192 13
9673 6236 15
9723 6315 14
10016 6800 15
10667 8002 12
10772 8214 15
11341 9483 15
11472 9810 12
11482 9833 14
653 24 13
3320 630 13
3798 829 16
4399 1120 12
6363 2425 15
6870 2860 16
8125 4143 12
8368 4430 13
8891 5096 13
9746 6352 14
10001 6773 14
10272 7250 11
10446 7572 16
10470 7618 14
10754 8178 12
10759 8188 16
11059 8829 15
11130 8989 12
11502 9885 12
11517 9924 14
4760 1318 14
5211 1591 16
5414 1723 13
5676 1903 15
5930 2087 12
6206 2299 12
6582 2607 13
7514 3479 15
7677 3648 13
8273 4316 13
8504 4596 13
8706 4853 12
8981 5218 13
9598 6118 15
9794 6429 14
9843 6509 13
10040 6840 12
11154 9043 14
11168 9075 14
11444 9739 13
2472 347 12
4223 1030 16
5645 1881 13
7645 3615 15
7846 3830 12
7877 3864 11
8208 4239 14
8351 4409 13
9000 5245 13
9620 6153 15
10090 6926 16
10219 7155 12
10241 7194 12
10543 7757 15
10663 7993 11
10798 8269 12
10849 8374 12
11028 8760 14
11239 9240 13
11447 9747 14
2345 312 12
3913 881 12
5666 1896 13
5742 1950 11
5781 1978 14
6820 2815 12
7286 3251 14
7686 3658 15
7706 3679 14
7996 3996 15
9134 5431 13
9843 6509 12
10319 7335 13
10342 7378 15
10381 7449 14
10431 7544 14
10825 8324 14
10977 8649 14
11415 9666 11
11473 9812 14
