2000 100 4528013
20 59 229
20 50 151
20 84 208
20 141 207
20 60 169
20 58 152
20 123 161
20 145 152
20 133 227
20 52 162
20 127 193
20 84 229
20 136 194
20 60 185
20 74 177
20 69 198
20 115 228
20 119 246
20 65 202
20 68 166
20 80 155
20 72 237
20 99 178
20 95 236
20 73 164
20 145 150
20 138 162
20 56 177
20 56 193
20 55 166
20 115 151
20 73 201
20 63 237
20 149 245
20 92 211
20 116 182
20 99 192
20 70 201
20 66 246
20 55 198
20 86 186
20 84 227
20 99 215
20 77 226
20 123 185
20 129 190
20 120 174
20 57 232
20 50 167
20 81 225
20 136 209
20 128 180
20 89 227
20 86 162
20 57 150
20 65 223
20 77 177
20 82 151
20 146 191
20 96 164
20 101 158
20 115 169
20 95 243
20 50 217
20 106 238
20 108 241
20 108 220
20 74 158
20 131 211
20 76 173
20 115 222
20 60 203
20 135 245
20 132 233
20 148 215
20 101 236
20 69 171
20 112 228
20 126 248
20 120 178
20 120 232
20 138 250
20 141 215
20 136 154
20 87 239
20 101 209
20 58 192
20 120 222
20 140 247
20 127 209
20 145 162
20 137 234
20 62 197
20 130 169
20 105 188
20 53 150
20 70 230
20 60 203
20 135 235
20 149 179
1724 168 14
2721 421 16
3839 847 19
4446 1145 16
4461 1153 14
4580 1217 17
4703 1286 14
4775 1327 17
6970 2951 17
8126 4144 15
8769 4935 15
8885 5089 17
9624 6158 14
10548 7768 15
10691 8049 16
10857 8392 18
11227 9213 15
11291 9363 15
11373 9563 15
11431 9706 17
788 35 17
1370 106 17
3049 530 13
5316 1659 16
6802 2799 17
6809 2805 18
6960 2942 14
7088 3061 17
7162 3131 18
8223 4257 17
8678 4816 14
8841 5030 18
8897 5104 17
9353 5747 18
9386 5796 15
9672 6234 15
10893 8468 17
10907 8498 18
11145 9023 13
11285 9349 16
5137 1544 16
6074 2196 15
7062 3036 15
7562 3528 18
7983 3982 18
8208 4239 16
8303 4352 15
8352 4411 15
8962 5193 18
9925 6646 16
9977 6733 14
10262 7232 17
10423 7529 14
10502 7678 15
10818 8309 18
10989 8674 16
11070 8854 16
11220 9196 18
11263 9297 16
11424 9689 16
2897 478 14
4147 992 17
6108 2222 14
7136 3106 14
7143 3113 15
8350 4408 15
8450 4530 17
8674 4812 18
8804 4980 16
8902 5111 14
8986 5225 14
9148 5450 14
9525 6005 13
9571 6077 17
10030 6824 14
10102 6948 16
10152 7036 18
10485 7646 19
10596 7860 13
11447 9746 16
3026 522 16
5863 2038 16
6132 2241 16
7272 3237 14
7849 3833 18
7916 3907 16
8361 4422 15
8393 4460 15
8686 4827 15
8736 4891 18
8803 4979 17
9948 6684 17
10066 6886 17
10182 7089 14
10481 7638 16
10941 8570 18
11087 8891 17
11131 8990 15
11364 9540 16
11388 9598 18
1936 212 15
2511 358 15
3241 600 15
3394 659 15
5269 1628 14
5349 1680 19
6315 2386 19
6379 2438 18
7139 3109 14
8286 4332 18
8528 4627 16
8627 4751 15
8902 5111 14
9212 5542 16
9336 5722 17
9696 6272 17
9733 6332 14
10434 7549 16
10712 8093 18
11399 9626 13
3340 638 15
5316 1659 14
6849 2841 18
7008 2986 17
7366 3330 16
7815 3796 17
8602 4720 16
8762 4926 14
9229 5566 15
9275 5633 16
9333 5718 18
9428 5859 14
9469 5921 18
9821 6473 17
9935 6663 14
9942 6674 15
9954 6695 16
10225 7165 14
10694 8056 18
11530 9957 19
1220 84 14
5870 2043 15
6371 2431 15
6395 2451 19
7077 3050 14
7537 3502 16
7555 3521 14
7615 3583 14
7682 3654 17
8477 4563 18
8666 4801 14
9104 5388 16
9302 5672 16
9522 6001 16
9829 6487 16
9846 6514 17
10088 6924 16
10444 7568 14
10696 8060 17
11097 8914 15
2542 367 18
3650 764 14
4596 1226 16
5613 1859 16
6045 2174 13
6188 2285 17
6738 2742 16
6772 2772 15
7238 3204 13
7843 3827 17
7997 3997 15
9312 5687 18
9512 5986 15
9712 6297 13
9741 6344 16
9934 6660 14
10506 7686 13
10752 8173 14
10901 8484 18
10939 8566 14
3617 750 16
5289 1641 14
5455 1751 17
6349 2413 18
6513 2549 15
8453 4533 14
9001 5246 17
9061 5329 14
9347 5738 18
9532 6016 17
9710 6295 18
9774 6397 16
9794 6429 14
10176 7078 15
10263 7234 18
10589 7847 15
10941 8570 14
11024 8752 18
11153 9042 18
11463 9787 16
3678 776 16
5605 1853 14
6915 2900 14
6964 2945 18
7069 3043 15
7175 3143 16
7288 3253 15
7483 3447 14
7668 3639 18
8461 4544 18
8516 4612 16
9030 5286 19
9734 6333 14
9901 6606 13
10012 6792 16
10391 7468 16
10538 7747 13
10720 8108 13
10895 8472 17
11535 9971 15
5258 1621 18
5341 1675 18
6234 2321 18
6415 2467 16
6731 2736 18
7591 3558 14
8322 4375 18
8420 4493 14
9132 5428 16
9223 5558 15
9404 5823 14
9546 6038 15
9553 6048 15
9852 6525 18
10552 7775 17
10683 8033 14
10707 8083 19
10918 8521 16
10999 8696 18
11445 9741 18
3935 891 17
3954 900 14
3961 903 18
5266 1626 16
5283 1637 18
6164 2266 18
7797 3777 19
8024 4028 14
8068 4078 14
8649 4779 18
8657 4790 17
8674 4811 17
8972 5206 14
9227 5563 15
9797 6435 18
10060 6875 13
10210 7139 18
10583 7835 15
10995 8688 15
11372 9559 18
1452 119 14
3299 622 18
3607 746 17
4863 1378 15
5689 1912 19
7869 3855 17
8752 4912 19
8880 5082 16
9398 5814 17
9438 5873 15
9913 6625 16
10053 6863 15
10163 7055 14
10715 8098 17
10789 8249 15
10863 8405 17
11001 8701 16
11333 9464 16
11344 9491 19
11367 9548 16
1396 110 17
3122 556 18
3631 756 17
3967 906 17
5586 1840 15
5787 1982 17
6610 2631 14
7814 3795 15
7860 3845 16
7927 3919 13
8233 4269 18
8501 4593 17
8929 5148 17
9030 5285 18
9352 5746 18
10228 7170 15
10496 7667 18
11094 8907 17
11278 9332 15
11358 9525 18
1958 217 18
2300 300 15
3803 831 18
3946 896 16
4056 948 14
4153 995 17
5007 1464 15
5198 1583 15
6803 2800 13
7707 3680 14
7712 3685 15
8081 4092 15
8457 4538 18
8549 4653 14
9802 6443 17
10355 7402 18
10743 8155 15
10764 8198 16
11349 9503 18
11414 9664 18
788 35 15
2843 460 14
5528 1800 15
6095 2212 14
7274 3239 18
7863 3848 15
7949 3943 18
8465 4548 15
8495 4585 18
9124 5416 18
9463 5911 18
9508 5979 16
9579 6089 16
9666 6225 15
9880 6570 18
9917 6632 18
9947 6683 14
10871 8420 14
10953 8597 16
11076 8866 15
3275 613 13
3422 670 14
5114 1530 17
5576 1833 18
5943 2097 14
6496 2535 17
6523 2557 18
6550 2580 15
7290 3255 16
8162 4186 16
8835 5021 15
9492 5955 16
9723 6316 15
10268 7242 16
10575 7820 17
10731 8131 17
10738 8145 14
10975 8643 15
11177 9096 16
11436 9718 16
2812 450 15
5544 1811 15
6725 2731 17
7301 3265 15
7702 3675 18
7722 3696 14
7849 3833 17
8090 4103 15
8762 4925 16
9033 5290 15
9068 5339 17
9127 5421 18
9167 5477 14
9648 6197 18
9775 6399 14
10414 7511 17
10665 7997 18
10760 8190 18
10926 8539 14
10968 8629 15
1057 63 18
1249 88 14
3236 598 18
5501 1782 16
5570 1829 14
6780 2779 16
7359 3323 15
7492 3456 18
7908 3898 18
8584 4697 18
9268 5622 17
9301 5671 15
9427 5857 16
9679 6246 14
10598 7865 16
10811 8295 13
11229 9218 16
11366 9544 17
11507 9897 16
11516 9920 15
2633 394 17
3961 903 18
5615 1860 16
6239 2325 17
6623 2642 18
7211 3178 19
7212 3179 16
7703 3676 16
8321 4373 15
8474 4560 15
9351 5744 18
9859 6536 14
10181 7087 15
10204 7128 17
10348 7389 13
10405 7495 16
10562 7794 13
10872 8424 15
11045 8797 17
11470 9804 16
2114 253 17
2656 401 17
3275 613 17
3747 806 19
5824 2009 14
6828 2822 14
7540 3506 14
8209 4241 13
8243 4281 15
8308 4358 14
8629 4754 18
9186 5504 16
9292 5657 15
9608 6133 18
9688 6259 14
10162 7053 16
10335 7364 13
10655 7977 15
10991 8679 17
11504 9890 18
3535 716 18
3920 884 17
4472 1159 16
4721 1296 17
5748 1954 13
5931 2088 14
6738 2742 16
7228 3194 17
7493 3457 14
7687 3659 17
8502 4594 18
8630 4755 15
8850 5042 16
9331 5714 18
10228 7171 14
10302 7304 16
10575 7819 13
10606 7881 16
10651 7970 15
11357 9522 17
6879 2868 18
7090 3062 13
7241 3207 15
7433 3397 18
7855 3840 18
8021 4024 14
8298 4346 17
8494 4584 14
9261 5613 17
9290 5654 14
9660 6216 15
9859 6536 14
9885 6579 15
10053 6863 14
10440 7561 18
10713 8094 14
10896 8474 14
11013 8727 14
11034 8774 18
11346 9497 14
2067 242 18
3152 567 18
4089 964 13
4197 1017 15
4890 1394 15
6490 2530 17
6588 2612 17
6906 2892 18
8406 4476 16
8609 4729 15
8819 5001 18
9092 5372 18
10548 7767 13
10652 7971 16
10802 8276 14
11121 8967 16
11189 9124 15
11354 9516 15
11432 9709 15
11484 9839 16
3363 647 17
6377 2436 13
6585 2610 17
6709 2717 19
7223 3189 14
7514 3479 17
7625 3594 17
7833 3816 16
8156 4179 16
9059 5326 16
9662 6218 18
9678 6244 15
9853 6526 16
10154 7038 13
10326 7348 16
10414 7512 17
10476 7629 16
10692 8052 15
11264 9300 16
11407 9647 19
1833 190 17
5160 1559 17
6784 2783 15
7241 3207 18
7571 3538 18
7712 3685 17
7908 3898 16
8171 4196 14
8401 4470 14
8471 4556 14
8856 5049 18
8988 5228 17
9542 6031 17
9589 6104 16
9699 6277 15
9700 6279 18
10168 7063 16
10934 8555 17
11408 9648 17
11472 9809 15
2171 267 16
2312 303 15
5406 1718 18
6270 2350 16
6319 2389 14
7159 3128 14
7412 3376 14
7725 3699 18
8065 4074 18
8257 4297 18
8672 4809 19
8692 4835 18
9058 5324 16
9119 5409 16
9546 6038 18
9963 6709 13
10950 8590 18
11451 9756 17
11487 9848 17
11511 9908 17
3661 769 18
4387 1114 14
5844 2024 14
6137 2245 13
6595 2618 18
6906 2892 16
6945 2928 14
7095 3067 17
7272 3237 14
8545 4648 18
8631 4756 17
8807 4984 14
9169 5480 19
9403 5821 16
9591 6107 18
9957 6700 17
10151 7033 14
11313 9416 18
11370 9555 14
11522 9937 15
3278 614 14
4318 1078 15
5143 1548 18
5267 1627 14
5677 1904 16
5820 2006 18
5837 2019 13
6092 2210 18
6928 2912 13
6997 2976 14
7747 3723 16
8209 4241 19
8565 4673 16
8567 4675 14
9807 6451 19
10027 6819 13
10121 6981 17
10144 7022 14
10811 8296 17
11062 8835 16
2084 246 14
4070 955 14
5183 1573 15
5563 1824 14
5715 1931 17
6736 2740 17
6981 2961 19
7008 2986 15
7103 3075 14
7505 3470 15
7663 3634 18
8091 4104 14
8428 4503 19
8663 4797 19
9157 5463 16
9286 5648 15
11103 8928 18
11221 9198 18
11350 9507 14
11401 9630 16
2556 371 14
3525 712 18
6542 2573 16
7753 3729 18
7976 3974 13
8000 4000 18
8082 4093 14
8159 4182 16
8342 4399 16
8630 4755 17
8667 4803 17
8704 4850 15
9035 5293 14
9286 5649 18
9451 5893 17
10249 7208 14
10535 7742 14
11110 8943 15
11120 8965 17
11456 9769 14
1235 86 16
2024 232 15
2258 289 15
3969 907 14
6118 2230 17
6869 2859 19
7351 3315 13
8141 4161 18
8399 4467 14
8559 4665 15
9198 5521 14
10049 6856 18
10376 7441 16
10398 7482 14
10487 7649 15
10580 7830 16
10662 7991 14
10760 8189 18
11217 9189 17
11429 9700 17
1311 97 16
1377 107 18
4659 1261 17
5075 1506 18
7120 3091 14
7458 3422 14
9424 5853 13
9641 6185 16
9803 6444 13
9870 6554 14
9985 6746 18
10093 6932 19
10112 6965 18
10343 7380 15
10498 7671 17
10602 7873 19
10772 8214 14
10931 8548 15
11213 9180 18
11522 9936 17
2397 326 17
2772 437 14
4003 923 14
4583 1219 14
5269 1628 14
7143 3113 15
7553 3519 14
8010 4012 15
8480 4567 17
9095 5376 18
9270 5625 18
9319 5697 14
9674 6238 17
10422 7526 15
10453 7586 17
10842 8359 17
11005 8709 19
11014 8730 15
11285 9350 15
11375 9567 15
4221 1029 13
5385 1704 18
5539 1808 14
6110 2224 17
6550 2580 16
6858 2849 16
7185 3153 14
7212 3179 15
7627 3596 16
7738 3713 14
8337 4392 16
8362 4423 16
8483 4571 15
8495 4585 16
8525 4623 16
8616 4737 18
9890 6587 18
9920 6637 14
10177 7080 18
10551 7773 14
1913 207 17
2371 319 18
4824 1355 16
6697 2706 17
7086 3059 14
7273 3238 19
7854 3839 17
7960 3956 14
8381 4446 16
8824 5007 15
9141 5440 16
9232 5571 18
9430 5862 14
9451 5893 14
10243 7198 17
10273 7252 14
10530 7732 16
10807 8287 15
10820 8314 17
11445 9741 18
1833 190 16
2894 477 15
3152 567 15
5205 1587 13
5293 1644 15
5731 1942 19
6958 2940 17
7152 3121 16
7330 3294 16
7380 3344 18
7675 3646 16
7950 3945 15
9056 5322 18
9935 6662 17
9994 6762 15
10367 7424 17
10527 7726 13
10559 7789 17
10628 7924 16
10851 8378 18
3952 899 14
4526 1188 18
5241 1610 18
6741 2745 17
7208 3175 17
7575 3542 15
7909 3899 14
8000 4000 16
8081 4092 18
8500 4591 17
9304 5675 18
9342 5731 17
9671 6232 16
9693 6268 19
10256 7221 17
10355 7401 13
10883 8447 18
10919 8522 15
11330 9458 13
11507 9898 15
2600 384 15
3753 809 15
4882 1389 15
4912 1407 17
5252 1617 18
6218 2308 17
7843 3827 15
8127 4145 16
8254 4293 18
9512 5985 18
9729 6325 13
9877 6565 17
10435 7551 18
10993 8684 13
11026 8755 14
11163 9065 16
11204 9159 15
11208 9167 17
11409 9651 18
11446 9743 13
1122 71 18
4548 1200 14
4700 1284 18
6626 2645 16
6948 2931 19
7594 3561 18
7891 3879 18
8257 4297 15
8916 5130 17
8938 5160 18
9639 6183 17
9732 6329 15
9808 6453 16
10158 7045 16
10211 7140 17
10345 7383 14
10511 7695 17
11138 9006 16
11493 9861 14
11532 9963 16
1005 57 18
3110 552 15
3687 780 15
4399 1120 14
4853 1372 17
6083 2203 17
7716 3690 16
7761 3738 15
8435 4511 16
8934 5154 15
9142 5442 16
9383 5792 15
9794 6430 18
9917 6632 14
10218 7152 16
10952 8593 18
10970 8632 18
11161 9060 14
11227 9213 14
11316 9423 17
1819 187 17
2518 360 17
2590 381 18
5943 2097 15
6091 2209 15
7204 3171 18
7231 3197 18
7295 3259 18
8102 4116 17
9284 5646 15
9739 6341 15
10671 8010 17
11113 8951 15
11120 8965 16
11198 9144 15
11278 9333 14
11434 9712 16
11475 9817 15
11493 9861 13
11495 9867 17
2593 382 17
3046 529 16
4756 1316 18
4834 1361 17
5429 1733 17
6037 2168 15
6356 2419 13
7043 3018 13
7300 3264 18
7408 3372 16
7943 3937 18
8082 4093 18
8377 4441 18
8503 4595 18
8745 4903 17
8853 5045 18
10377 7443 16
10821 8317 13
11087 8891 16
11279 9336 13
3023 521 17
3991 917 14
4929 1417 17
5270 1629 15
6408 2462 17
6707 2715 15
6806 2802 17
7731 3706 15
7846 3830 17
8044 4050 16
8254 4294 18
8392 4459 17
9735 6335 15
9966 6715 18
10322 7341 14
10424 7531 16
10748 8165 16
10752 8173 17
11000 8698 18
11476 9819 17
1191 80 18
1640 152 17
5881 2051 18
6150 2255 16
6221 2311 15
6626 2645 18
7714 3688 18
8307 4356 17
8664 4799 15
9007 5254 18
9034 5291 17
9540 6029 16
9688 6259 17
10100 6944 15
10512 7697 16
10553 7777 16
11096 8912 13
11101 8922 17
11373 9562 18
11462 9783 18
3516 708 17
3889 870 15
4362 1101 17
4435 1139 18
4489 1168 15
6048 2176 14
7130 3100 18
7921 3912 18
8525 4623 17
8655 4787 14
9134 5431 18
10040 6841 15
10566 7802 16
11076 8867 18
11208 9168 18
11252 9270 14
11260 9290 14
11488 9850 14
11531 9959 17
11532 9962 14
2097 249 13
3924 886 14
4267 1052 16
4290 1064 17
4808 1346 16
6120 2232 14
6767 2768 14
8404 4474 18
8576 4687 15
9231 5569 17
9308 5680 13
9606 6131 15
9764 6381 14
10196 7114 13
10231 7175 14
10343 7379 13
10421 7524 16
10554 7779 13
10852 8382 16
10863 8404 14
2610 387 17
3407 664 16
4851 1371 17
6299 2373 19
6716 2723 15
7518 3483 18
7842 3826 18
8312 4363 16
8633 4759 18
8894 5101 16
9125 5418 17
9630 6168 17
10111 6963 18
10252 7213 14
10322 7340 17
10515 7703 14
10708 8084 17
11103 8927 16
11121 8968 15
11334 9467 17
2870 469 17
4191 1014 17
4423 1133 18
5455 1751 14
7770 3748 18
8154 4176 17
8283 4328 18
8360 4420 17
8859 5054 13
9238 5579 17
9843 6509 16
9961 6706 16
10157 7044 15
10176 7078 18
10273 7251 15
10830 8334 14
10954 8598 17
11135 8999 16
11203 9157 14
11310 9409 14
1574 140 16
1819 187 13
2924 487 16
3847 851 15
5241 1610 14
6463 2507 17
6854 2845 14
7015 2992 15
7541 3507 16
7767 3744 18
8213 4245 18
8743 4901 18
8886 5090 13
9013 5262 14
9343 5732 18
9728 6324 18
10079 6908 14
10323 7343 16
10369 7427 15
10942 8572 18
3182 578 13
4227 1032 17
5296 1646 15
5550 1815 16
5653 1887 17
5752 1957 19
6828 2822 14
7051 3026 17
7199 3166 17
7262 3227 14
7837 3820 15
8127 4145 14
9234 5574 18
10025 6815 19
10098 6940 15
10610 7888 16
10762 8195 18
10924 8534 13
11000 8698 15
11258 9286 18
2620 390 16
3675 775 17
6950 2932 18
7575 3542 18
8663 4797 16
8889 5094 14
9188 5508 18
9455 5899 14
9857 6532 19
10320 7338 16
10519 7711 16
10599 7867 15
10621 7910 13
10721 8110 16
10767 8204 18
10923 8531 17
11182 9107 14
11270 9313 18
11354 9515 18
11526 9946 15
3654 766 18
4047 944 18
5017 1470 17
5609 1856 17
6385 2443 18
8287 4333 19
8311 4361 17
8382 4447 15
8453 4533 15
9548 6041 14
10173 7072 17
10257 7222 13
10324 7344 15
10573 7816 16
10790 8252 15
11009 8718 17
11098 8917 16
11120 8965 15
11187 9119 13
11413 9661 16
4110 974 14
4399 1120 14
4418 1130 18
6722 2728 16
6855 2846 14
7593 3560 14
8461 4544 15
8468 4552 18
8540 4642 18
8816 4997 18
8880 5082 16
9287 5650 13
9410 5831 17
9626 6162 16
9818 6468 16
9856 6531 17
10461 7601 17
11221 9199 15
11472 9808 16
11529 9955 16
2532 364 13
3358 645 14
4099 969 16
5159 1558 17
5242 1611 16
5767 1968 19
6433 2482 16
7237 3203 18
7700 3673 18
7775 3753 13
8240 4277 15
9066 5336 18
9384 5793 18
9822 6476 19
10004 6779 15
10432 7546 16
10663 7993 18
10889 8460 14
10945 8579 16
11504 9890 15
1517 130 14
4808 1346 14
5323 1663 17
5557 1820 14
7283 3248 18
8312 4363 13
8461 4543 18
8495 4586 18
8818 4999 18
8946 5170 14
10032 6827 17
10486 7647 16
10840 8355 18
11116 8957 16
11143 9019 17
11327 9450 16
11351 9508 16
11383 9587 18
11407 9645 15
11503 9887 14
3659 768 17
4815 1350 16
5342 1676 14
5380 1701 14
5718 1933 15
5798 1990 16
6759 2761 15
7631 3600 14
8449 4529 14
8548 4652 18
8863 5059 16
9613 6142 13
10358 7408 14
10481 7638 16
10565 7801 13
10588 7845 17
10588 7846 14
10809 8291 18
11185 9114 16
11371 9558 14
3714 792 17
4087 963 15
4142 990 14
6337 2404 16
7156 3125 16
7440 3404 15
8006 4007 17
8302 4350 18
8351 4409 16
8849 5040 17
8991 5232 16
9234 5574 17
9456 5901 13
9490 5952 17
9740 6342 17
9766 6384 16
9886 6581 14
10790 8252 18
11098 8915 16
11512 9911 18
788 35 17
3187 580 16
3419 669 18
4368 1104 17
6597 2620 18
6757 2759 17
7109 3080 14
7509 3474 18
7914 3905 16
8550 4654 14
8933 5153 13
9319 5697 16
9985 6747 15
10209 7137 14
10316 7330 16
10440 7561 18
10685 8038 19
10729 8127 16
11051 8811 15
11088 8894 16
2187 271 17
3230 596 15
4841 1365 17
5517 1793 18
6104 2219 14
7916 3907 18
8693 4836 18
8729 4883 17
8900 5109 16
8901 5110 19
9660 6216 18
9858 6535 17
10011 6790 15
10209 7136 14
10686 8039 16
10706 8081 15
10726 8120 14
10732 8132 16
10786 8244 18
11438 9724 15
1176 78 15
1344 102 17
3595 741 14
3619 751 17
4437 1140 14
4730 1301 19
5370 1694 16
6493 2532 18
7933 3926 15
8242 4279 18
8245 4283 18
8327 4380 15
8708 4855 16
8852 5044 16
9789 6422 19
9925 6645 13
10363 7416 18
10702 8072 18
10952 8594 17
11031 8767 16
2072 243 14
4366 1103 17
7547 3513 19
7888 3876 17
8193 4222 18
8240 4277 14
8781 4951 15
8845 5035 14
9173 5486 13
9838 6501 18
9925 6645 13
10118 6975 18
10243 7197 16
10393 7472 18
10405 7495 17
10451 7581 17
10514 7701 15
10632 7932 17
11098 8915 16
11175 9091 17
1357 104 13
1563 138 17
2514 359 18
3946 896 17
4312 1075 14
6756 2758 16
6955 2937 17
7358 3322 18
7514 3479 18
8884 5087 16
9287 5650 15
9349 5741 15
9412 5834 14
9489 5950 17
9534 6020 15
9596 6115 18
9973 6726 18
10324 7345 18
10486 7648 17
11442 9734 18
1922 209 17
1927 210 18
2258 289 15
3340 638 14
4318 1078 18
4782 1331 17
7240 3206 17
7422 3386 15
8516 4612 17
8557 4663 15
8648 4778 18
8660 4794 15
8756 4918 15
8929 5148 17
9142 5442 18
9191 5511 15
9796 6433 18
10498 7670 16
10845 8367 18
11343 9489 14
1318 98 15
1619 148 14
1871 198 18
2187 271 15
5000 1460 14
6190 2286 15
6378 2437 14
6576 2602 14
7022 2999 15
7141 3111 14
7624 3593 15
8942 5165 17
9459 5905 16
9549 6043 18
9690 6262 15
9768 6387 17
9830 6489 16
11043 8793 16
11393 9611 14
11430 9704 18
1976 221 15
2830 456 14
3155 568 18
5320 1661 16
5403 1716 19
5599 1849 16
7401 3364 14
7516 3481 14
7678 3649 14
8658 4791 15
8710 4858 14
9354 5749 16
9374 5778 19
9978 6735 16
10119 6978 16
10664 7996 16
11056 8823 15
11096 8912 19
11104 8930 14
11227 9212 14
2563 373 15
2882 473 13
3671 773 18
4914 1408 17
6045 2174 19
6270 2350 15
6728 2733 18
7365 3329 17
7538 3503 18
7961 3957 14
8055 4063 18
8235 4271 18
8399 4467 19
9421 5848 14
9731 6328 17
10458 7594 14
10501 7677 15
10509 7692 15
10525 7722 15
10561 7792 16
2518 360 14
3600 743 18
5946 2099 14
6096 2213 17
7603 3571 15
8076 4087 14
8197 4226 16
8502 4594 17
8624 4747 17
9508 5980 18
9625 6161 17
9827 6483 19
10349 7390 14
10468 7614 18
10638 7943 14
10751 8172 18
11056 8821 16
11199 9147 14
11226 9210 16
11491 9858 17
2542 367 18
3872 862 19
4151 994 18
5233 1605 19
6402 2457 14
7074 3047 17
7713 3687 15
8208 4239 18
8262 4303 14
8521 4618 18
8558 4664 18
9069 5340 17
9293 5659 18
9822 6475 17
9945 6679 16
10074 6899 15
10218 7152 17
10250 7210 18
10356 7403 15
11537 9975 15
3211 589 15
5662 1893 15
5847 2026 14
6683 2694 18
7380 3344 18
7507 3472 14
7517 3482 15
7953 3948 15
8082 4093 17
8207 4238 15
8785 4956 14
9033 5290 18
9036 5294 15
10471 7619 17
10578 7825 13
10663 7994 15
10937 8562 18
11185 9114 17
11417 9672 15
11509 9903 16
832 39 14
1433 116 17
2476 348 16
3369 649 18
4106 972 17
5045 1487 17
5206 1588 15
5454 1750 19
5759 1962 15
6398 2453 17
6589 2613 17
6726 2732 15
7887 3875 17
8450 4530 17
8818 4999 18
9158 5465 16
9841 6506 14
10300 7301 14
10506 7686 18
11194 9136 14
4728 1300 15
5310 1655 14
6050 2178 18
6531 2564 17
7106 3078 16
7187 3155 15
8695 4838 15
9627 6163 16
9679 6245 18
9872 6558 19
10038 6837 16
10193 7108 15
10368 7425 18
10511 7695 15
10798 8269 17
11143 9019 17
11170 9079 13
11189 9123 15
11203 9157 14
11479 9826 18
821 38 16
3130 559 14
3484 695 16
4646 1254 13
6230 2318 16
6810 2806 17
7514 3479 14
7957 3952 17
8084 4096 15
8154 4177 14
8203 4233 17
8249 4288 16
8749 4908 15
8973 5208 16
9210 5539 18
10115 6970 18
10539 7750 18
10553 7777 13
10982 8659 17
10998 8693 15
1270 91 17
3363 647 15
4183 1010 16
6076 2198 14
7434 3398 13
7606 3574 18
8336 4391 13
8462 4545 16
9111 5398 14
9300 5669 18
9742 6346 15
9930 6654 15
10243 7197 17
10354 7400 14
10417 7517 18
10643 7954 16
10877 8433 17
11002 8703 14
11109 8942 18
11508 9900 14
2600 384 18
2724 422 15
2827 455 17
3083 542 15
3427 672 17
3469 689 18
5192 1579 18
6360 2422 17
6506 2543 14
7373 3337 14
7603 3571 13
9387 5797 17
9540 6029 17
9676 6240 17
9822 6476 13
9946 6681 17
10023 6811 16
10187 7097 17
11441 9731 17
11533 9966 15
4563 1208 18
5991 2133 17
6841 2834 16
6963 2944 17
7506 3471 16
8265 4306 18
8617 4738 15
8923 5140 17
9215 5546 18
9312 5686 16
9784 6414 18
10182 7088 18
10352 7396 17
10353 7398 17
10467 7612 18
10854 8385 18
10871 8421 14
11044 8796 14
11227 9212 17
11443 9737 14
2708 417 18
2740 427 15
2818 452 15
6476 2518 13
7423 3387 18
7596 3563 14
7771 3749 13
8839 5027 15
8963 5194 15
9308 5680 13
9673 6236 14
9721 6312 15
9886 6580 15
10025 6814 15
10026 6817 17
10256 7220 15
10538 7747 16
10554 7779 18
11178 9099 16
11431 9706 15
1161 76 17
2151 262 16
3135 561 14
3830 843 16
4104 971 14
5938 2093 18
6093 2211 16
6172 2272 17
6723 2729 18
7595 3562 14
8154 4176 18
8706 4852 15
8897 5105 19
9582 6094 18
9651 6201 18
9926 6648 16
10516 7706 14
11098 8915 17
11170 9081 17
11515 9918 14
5032 1479 15
5040 1484 18
5281 1636 14
5936 2092 17
7551 3517 17
7724 3698 17
8144 4165 18
8178 4204 13
9043 5304 15
9234 5574 16
9516 5991 15
9714 6301 16
9793 6428 14
10420 7522 15
10845 8367 16
10876 8431 15
10895 8471 17
10895 8472 14
10992 8682 16
11065 8843 16
2330 308 14
3040 527 14
3275 613 14
4610 1234 13
4618 1238 14
6901 2888 16
7403 3366 18
7496 3460 15
7680 3652 15
8151 4173 18
8539 4640 16
8726 4879 16
8971 5204 15
9368 5769 19
9638 6181 17
10331 7358 17
10447 7574 15
10854 8386 17
11017 8736 18
11057 8824 13
3304 624 17
3555 724 15
4370 1105 16
5095 1518 14
6214 2305 15
6436 2485 18
7325 3289 19
7681 3653 16
8295 4342 17
8381 4446 17
9422 5849 18
9506 5977 16
10221 7157 15
10251 7212 16
10671 8010 14
10671 8010 15
10846 8369 18
11042 8792 19
11075 8865 17
11381 9582 16
2818 452 18
4035 938 16
4703 1286 18
5181 1572 14
5613 1859 14
5632 1872 15
5923 2082 14
6083 2203 14
6626 2645 13
7477 3441 14
8625 4749 16
8973 5207 18
9292 5657 16
9586 6100 18
9684 6253 18
10245 7201 17
10289 7281 15
10740 8150 18
10773 8216 13
10917 8518 17
2050 238 17
2809 449 15
4376 1108 16
4836 1362 14
5303 1650 19
5599 1849 17
5905 2069 17
6065 2189 14
6948 2931 16
8803 4979 17
9382 5790 16
9500 5967 15
9853 6526 16
9954 6694 15
9963 6710 19
10147 7027 16
10553 7776 19
11144 9021 17
11408 9648 18
11481 9832 18
581 19 17
730 30 17
3464 687 16
5811 2000 14
5932 2089 17
7566 3532 14
8603 4721 19
8698 4842 14
8834 5020 15
8940 5162 16
8940 5163 18
9068 5338 18
9868 6551 15
10127 6991 15
10203 7126 16
10540 7751 16
10545 7761 16
10657 7982 19
10967 8627 16
11142 9016 14
903 46 16
2545 368 16
3384 655 18
5431 1735 18
6778 2777 15
7753 3729 15
7849 3833 13
8057 4065 15
8116 4133 13
8191 4220 14
8452 4532 18
8624 4747 18
8766 4931 14
8890 5095 14
8920 5136 18
9886 6581 18
10350 7392 16
10415 7514 17
11291 9364 15
11543 9992 18
3249 603 17
3437 676 18
3654 766 18
4949 1429 16
5715 1931 16
5956 2107 15
6994 2973 17
7152 3121 17
7189 3157 18
7432 3396 14
7480 3444 17
8894 5100 14
9014 5264 15
10152 7035 17
10297 7296 18
10591 7851 18
10729 8126 19
10904 8490 14
11132 8994 16
11328 9453 17
2566 374 13
2646 398 14
3728 798 18
3876 864 15
4353 1096 18
5092 1516 17
5564 1825 19
6817 2812 17
7384 3348 14
7795 3774 17
9119 5409 18
9365 5765 13
9484 5943 15
9673 6236 16
10079 6908 16
10242 7195 14
10881 8443 16
11066 8844 15
11128 8984 14
11413 9660 17
3152 567 18
4684 1275 14
4966 1439 16
5350 1681 16
6958 2940 15
7528 3493 14
7588 3555 13
8605 4723 16
8962 5192 13
8995 5237 15
9264 5617 18
9278 5637 18
9294 5661 18
9501 5969 17
9681 6249 18
9873 6559 17
10181 7087 14
10917 8518 18
11081 8878 16
11376 9570 18
5170 1565 16
5652 1886 17
5988 2131 18
7310 3274 14
7987 3986 13
8281 4325 18
8884 5087 16
8922 5138 17
8962 5192 17
9707 6290 18
10527 7727 16
10566 7802 15
10854 8385 17
11153 9042 15
11160 9058 18
11166 9070 14
11245 9255 17
11257 9284 18
11299 9383 19
11326 9449 18
1284 93 17
5342 1676 16
6220 2310 15
6260 2342 13
6303 2376 18
6712 2719 14
6866 2856 16
7181 3149 15
8031 4036 14
8823 5006 14
8858 5052 14
9469 5921 17
9843 6510 17
10071 6893 15
10288 7278 13
10731 8131 14
10761 8192 18
11015 8731 18
11476 9818 17
11506 9895 15
2357 315 17
3687 780 17
4229 1033 13
5602 1851 17
5992 2134 17
6045 2174 15
6207 2300 18
6859 2850 17
8111 4127 15
8729 4883 14
8782 4952 16
8850 5042 17
9081 5357 15
9208 5536 16
9438 5873 17
10170 7067 17
10405 7494 16
10943 8574 14
11262 9295 18
11443 9737 18
3617 750 16
3850 852 15
4454 1149 17
4897 1398 14
4956 1433 14
5336 1672 14
5507 1786 15
5920 2080 15
6357 2420 14
6683 2694 14
7254 3219 14
7809 3790 17
8189 4217 18
8339 4395 17
8620 4742 16
9094 5375 14
9491 5954 16
9861 6539 16
10441 7563 15
10906 8496 14
3144 564 15
5200 1584 16
5427 1732 16
6400 2455 16
6589 2613 14
7113 3084 15
7172 3140 15
7456 3420 14
7673 3644 17
8320 4372 17
8486 4574 18
8499 4590 19
8958 5187 17
9106 5392 13
10655 7978 15
10793 8257 16
10871 8421 18
11023 8750 18
11067 8847 15
11446 9743 14
2974 504 13
3203 586 15
3971 908 17
4211 1024 16
4609 1233 16
4939 1423 14
5466 1758 13
5599 1849 18
7472 3436 15
7528 3493 16
7853 3838 19
8179 4206 17
8781 4950 17
9130 5425 18
9519 5996 16
9965 6712 16
10560 7791 16
10596 7860 16
11077 8870 15
11425 9692 15
1396 110 17
4165 1001 14
4397 1119 15
4861 1377 14
6120 2232 18
6562 2590 15
6637 2654 16
6767 2768 14
7495 3459 14
7783 3762 16
8640 4768 19
9044 5305 15
9071 5343 18
9479 5936 17
9755 6366 16
10307 7313 16
10393 7473 17
10993 8683 16
11061 8833 17
11495 9868 15
4654 1258 15
4962 1437 14
5342 1676 17
6021 2156 17
7092 3064 13
7906 3896 16
9247 5592 18
9538 6026 17
9542 6032 19
9700 6278 18
9795 6432 18
9880 6570 16
10383 7454 14
10422 7527 17
10462 7603 14
10705 8079 15
10932 8552 19
11096 8911 13
11139 9010 15
11329 9455 19
3116 554 17
3379 653 16
6324 2393 18
6671 2684 15
6993 2972 14
7064 3038 14
7322 3286 15
8124 4142 15
8652 4783 16
9317 5694 18
9359 5756 17
10355 7402 16
10882 8444 18
10910 8504 15
10996 8689 17
11066 8845 15
11066 8845 19
11164 9067 15
11298 9380 14
11431 9706 15
788 35 15
3640 760 15
7779 3757 18
7784 3763 18
7933 3926 15
8389 4455 18
9695 6271 13
9981 6740 14
10353 7398 16
10400 7485 15
10543 7758 15
10722 8113 17
10777 8224 18
10856 8390 19
11097 8914 18
11109 8941 15
11120 8965 18
11196 9141 13
11374 9564 14
11395 9617 13
3943 895 17
4215 1026 14
5978 2123 16
6742 2746 15
7149 3118 13
7343 3307 14
8551 4655 16
9031 5287 18
9041 5301 19
10297 7296 18
10416 7516 15
10510 7694 14
10731 8131 16
10776 8222 16
10778 8228 14
10844 8365 14
10996 8690 14
11113 8951 17
11224 9205 18
11228 9215 14
