1000 20 244550
50 142 203
50 107 180
50 150 227
50 80 235
50 77 178
50 126 186
50 78 167
50 136 169
50 78 220
50 114 181
50 149 173
50 75 165
50 84 224
50 55 157
50 82 153
50 133 246
50 53 230
50 79 195
50 93 236
50 139 184
73 3 5
287 47 7
296 50 5
318 58 6
354 72 5
373 80 5
418 101 6
445 115 6
516 156 6
520 159 6
557 183 6
647 252 6
658 261 6
677 277 6
689 288 5
720 317 5
721 318 5
747 344 6
749 346 5
759 356 6
782 381 6
801 402 6
811 413 5
857 469 6
872 488 6
893 515 7
917 549 6
923 558 5
936 576 6
946 591 5
950 597 6
950 598 5
952 601 6
961 614 6
964 619 6
965 621 7
980 644 6
1001 680 5
1002 681 5
1006 688 6
1014 702 5
1017 707 5
1033 736 6
1043 755 5
1057 781 5
1069 806 6
1089 848 6
1112 898 5
1121 919 5
1151 991 5
318 58 6
382 84 6
391 88 5
426 105 6
438 111 7
441 113 5
445 115 6
481 135 6
513 154 5
520 159 7
528 164 5
546 176 7
567 190 6
575 196 6
593 209 5
602 216 5
604 217 5
615 226 6
632 239 5
635 242 5
645 250 6
678 278 7
691 290 6
699 297 5
719 316 6
734 331 6
751 348 6
759 356 5
781 380 5
798 398 6
804 405 5
804 405 6
805 406 5
823 427 5
865 478 5
871 486 5
890 512 7
932 571 6
942 586 6
966 623 5
1045 758 5
1058 784 6
1070 808 6
1077 821 5
1083 835 5
1099 868 6
1127 933 6
1136 953 6
1144 974 6
1148 984 5
162 15 6
188 20 5
271 42 6
373 80 6
380 83 6
424 104 5
486 138 6
493 142 5
548 177 6
586 204 5
613 224 6
634 241 6
640 246 6
655 258 5
658 261 5
762 359 5
779 377 5
789 388 5
796 396 5
817 420 6
829 434 5
850 460 6
853 464 5
863 476 5
867 481 6
883 502 6
890 512 6
892 514 5
906 533 6
981 646 6
982 648 5
1015 704 6
1015 704 6
1017 708 6
1032 735 5
1035 740 6
1044 756 5
1061 789 5
1075 818 6
1078 825 5
1085 839 6
1089 848 5
1095 859 6
1101 873 6
1106 884 5
1116 906 5
1116 906 6
1120 915 6
1132 944 5
1149 987 6
126 9 5
133 10 5
157 14 5
205 24 7
222 28 5
326 61 5
460 123 5
520 159 5
537 170 5
552 180 5
564 188 5
609 221 6
655 258 5
660 263 6
706 304 6
710 308 5
716 313 6
725 322 5
764 361 6
787 386 5
819 422 6
849 458 6
873 489 5
880 498 6
888 509 6
893 516 6
903 529 5
927 563 6
930 568 5
968 625 5
972 632 5
998 674 5
1003 683 5
1005 686 6
1005 687 5
1036 742 5
1039 748 5
1039 748 6
1047 762 5
1047 763 6
1063 794 5
1064 795 5
1075 818 6
1078 824 6
1081 831 5
1082 832 5
1098 867 5
1104 879 5
1104 879 6
1123 924 5
73 3 5
133 10 6
248 35 6
373 80 6
439 112 5
453 119 7
463 125 6
491 141 5
506 150 5
536 169 6
561 186 6
578 198 7
582 201 5
601 215 6
627 235 5
634 241 6
639 245 6
647 252 5
667 269 5
718 315 5
727 324 7
732 329 6
765 362 7
807 408 6
821 425 6
824 428 6
866 480 6
888 509 6
900 525 6
909 538 6
925 560 6
962 616 6
970 628 5
971 630 6
973 633 6
978 641 5
981 646 6
1012 699 6
1018 709 5
1035 740 5
1042 754 7
1049 767 5
1067 802 6
1080 829 6
1083 834 5
1101 874 5
1105 882 5
1130 939 6
1141 966 6
1152 994 6
274 43 5
284 46 5
342 67 5
361 75 6
443 114 7
445 115 5
503 148 5
589 206 6
613 224 5
622 231 5
660 263 7
663 265 6
699 297 6
749 346 5
754 351 6
807 408 6
813 415 6
834 440 6
836 443 5
858 470 5
878 496 6
881 500 5
889 510 6
896 520 6
909 538 6
922 556 6
937 578 6
939 581 5
951 599 6
963 617 5
963 618 6
973 634 5
1020 712 5
1020 713 6
1030 731 5
1033 736 5
1033 736 6
1049 766 5
1050 768 5
1050 769 6
1066 800 5
1074 815 6
1081 831 5
1083 834 5
1090 849 5
1125 927 5
1125 928 5
1131 942 5
1140 964 6
1144 974 6
162 15 5
210 25 5
401 93 5
432 108 6
434 109 5
445 115 6
463 125 6
474 131 5
646 251 5
662 264 5
705 303 5
713 310 5
723 320 5
729 326 5
755 352 6
766 363 6
779 377 6
782 381 6
855 466 6
861 473 6
867 481 5
889 510 6
893 516 5
895 518 6
920 553 6
934 573 5
936 577 6
944 588 5
945 590 5
966 622 6
975 636 5
976 638 5
983 650 5
1021 715 6
1049 767 5
1050 769 6
1053 774 5
1077 822 6
1079 827 5
1088 846 6
1102 875 5
1103 878 5
1122 920 6
1124 925 6
1126 931 6
1131 942 5
1133 946 5
1140 965 6
1143 971 6
1145 976 6
278 44 5
313 56 6
359 74 5
366 77 6
436 110 6
443 114 6
460 123 6
469 128 5
531 166 6
577 197 6
588 205 6
643 248 6
644 249 6
650 254 5
665 267 5
707 305 6
724 321 6
764 361 5
765 362 6
767 365 5
774 372 6
825 429 7
827 432 6
829 434 6
831 437 5
861 473 5
875 492 5
894 517 5
907 535 5
915 546 6
938 580 6
940 583 5
960 613 5
973 634 6
1010 695 6
1015 704 6
1033 736 5
1049 766 6
1052 773 5
1067 802 5
1068 804 6
1086 840 5
1096 862 5
1096 862 6
1101 873 5
1106 884 6
1125 927 6
1134 950 5
1151 992 5
1154 1000 6
281 45 6
326 61 7
395 90 6
422 103 5
527 163 6
554 181 5
613 224 6
702 300 6
719 316 5
758 355 5
780 378 6
780 379 5
784 383 5
813 415 6
814 417 5
817 420 6
824 428 5
834 440 6
835 441 6
840 447 6
853 464 6
878 496 5
919 551 6
941 584 5
957 608 6
964 619 6
965 620 5
995 670 5
1001 680 5
1002 682 5
1008 691 6
1028 727 6
1037 744 5
1040 749 6
1052 773 5
1056 780 6
1058 784 6
1062 792 6
1071 809 5
1072 812 5
1082 833 6
1088 846 5
1106 885 6
1109 891 6
1113 901 5
1133 947 6
1136 953 6
1145 977 5
1148 983 6
1151 991 6
157 14 6
168 16 6
255 37 6
307 54 5
326 61 6
344 68 5
352 71 5
484 137 5
506 150 5
524 161 6
565 189 6
567 190 5
586 204 6
651 255 6
652 256 6
653 257 5
670 271 5
711 309 5
729 326 5
732 329 6
764 361 5
789 388 6
835 441 5
836 443 5
839 446 6
854 465 6
862 475 5
872 488 5
884 504 5
899 523 6
924 559 5
947 593 5
981 647 5
986 655 6
1021 715 6
1035 740 5
1053 775 5
1056 779 5
1072 812 6
1077 821 5
1089 848 6
1089 848 6
1095 859 5
1097 865 6
1105 881 6
1115 904 6
1123 922 7
1129 937 6
1143 972 7
1144 973 5
59 2 5
73 3 5
119 8 6
183 19 5
192 21 6
377 82 6
416 100 5
436 110 5
484 137 6
488 139 6
519 158 6
571 193 5
635 242 6
659 262 7
662 264 6
694 293 5
696 295 5
708 306 6
713 310 5
742 339 7
743 340 5
744 341 7
755 352 6
756 353 6
762 359 6
807 408 5
831 437 5
859 471 6
893 516 5
894 517 6
903 529 5
904 531 5
914 544 6
914 544 6
924 559 6
926 562 6
987 656 5
1008 691 5
1025 722 6
1039 748 6
1047 763 6
1048 764 7
1070 807 5
1086 841 6
1096 863 5
1109 890 6
1115 905 5
1119 914 6
1137 957 6
1152 995 6
244 34 6
296 50 6
339 66 6
422 103 6
530 165 6
607 220 5
644 249 6
678 278 6
696 295 5
701 299 6
717 314 5
726 323 5
745 342 5
759 356 6
764 361 6
806 407 5
822 426 5
833 439 6
846 455 5
864 477 5
869 484 6
875 491 6
906 534 6
916 548 6
930 568 5
931 569 5
939 581 6
943 587 6
959 612 6
963 617 5
963 618 5
979 643 5
988 657 5
1002 682 5
1016 705 5
1026 723 6
1027 725 5
1041 752 6
1043 755 6
1044 757 5
1046 760 5
1046 761 6
1051 770 5
1063 793 7
1077 823 5
1097 864 5
1106 884 6
1131 942 5
1145 976 6
1145 977 6
201 23 6
349 70 6
439 112 6
456 121 5
476 132 5
503 148 5
549 178 6
600 214 6
607 220 5
610 222 5
623 232 5
646 251 5
666 268 5
673 274 5
678 278 5
679 279 6
687 286 5
694 293 5
726 323 7
726 323 7
731 328 7
742 339 5
780 379 6
786 385 6
808 410 5
852 462 5
861 473 6
892 514 6
893 516 6
914 545 6
923 557 5
934 574 5
940 583 6
944 588 5
959 612 6
994 667 6
998 674 6
1023 718 6
1033 736 5
1039 748 5
1045 759 5
1060 787 5
1061 789 5
1086 840 6
1090 850 5
1096 862 6
1100 871 5
1106 884 6
1127 932 6
1141 966 6
188 20 6
293 49 6
299 51 6
313 56 5
364 76 5
377 82 5
406 95 6
428 106 6
467 127 6
564 188 6
574 195 6
635 242 6
659 262 6
673 274 5
693 292 6
746 343 5
772 370 5
790 389 5
800 400 5
831 436 7
868 482 6
904 531 6
946 591 6
949 596 5
959 611 6
968 625 6
975 637 6
986 654 6
989 660 5
1008 692 5
1009 693 5
1027 726 6
1030 731 5
1045 759 5
1050 769 5
1056 779 6
1061 790 5
1065 797 5
1077 823 6
1085 839 5
1093 855 5
1107 886 6
1113 899 5
1126 929 6
1130 940 5
1140 963 5
1143 972 7
1146 980 5
1148 984 5
1150 988 5
168 16 6
197 22 6
490 140 6
500 146 6
506 150 5
543 174 5
554 181 5
577 197 5
598 213 5
633 240 5
639 245 6
651 255 6
655 258 6
672 273 5
688 287 6
698 296 6
751 348 5
785 384 6
801 402 6
828 433 5
838 445 5
892 514 6
893 516 5
894 517 6
914 545 6
916 548 6
921 555 5
944 589 7
958 610 6
981 647 6
1001 679 5
1031 732 6
1031 733 6
1034 739 5
1042 753 5
1046 761 5
1048 764 6
1049 766 6
1065 797 5
1067 802 5
1077 822 5
1088 844 5
1090 850 6
1104 879 6
1108 888 6
1123 923 5
1125 928 7
1135 951 7
1142 970 6
1146 979 5
342 67 6
408 96 5
456 121 5
493 142 6
506 150 6
527 163 5
572 194 5
606 219 5
658 261 6
673 274 5
679 279 6
681 281 6
701 299 5
708 306 6
731 328 6
734 331 5
751 348 5
758 355 5
780 378 6
816 419 6
836 442 6
876 493 5
881 500 5
919 551 5
934 573 5
952 601 5
958 610 6
975 636 6
976 639 6
998 675 5
1008 692 5
1008 692 6
1017 707 5
1021 715 5
1040 749 7
1061 789 5
1068 803 6
1095 859 5
1095 861 6
1110 894 5
1115 905 5
1123 924 6
1129 938 5
1132 945 5
1133 948 6
1135 951 6
1138 960 5
1142 969 6
1142 969 6
1144 975 6
145 12 5
284 46 5
332 63 5
364 76 7
386 86 5
391 88 6
393 89 5
432 108 5
441 113 5
463 125 6
465 126 6
495 143 6
516 156 5
536 169 6
540 172 5
586 204 5
671 272 5
679 279 6
681 281 6
690 289 5
698 296 5
715 312 6
725 322 5
767 365 5
775 373 6
791 390 5
794 394 5
825 430 5
843 451 6
852 462 5
852 462 6
872 488 6
878 495 5
934 573 6
1004 684 6
1012 699 5
1013 700 6
1023 718 6
1028 727 5
1044 757 6
1054 777 5
1055 778 6
1059 785 6
1072 812 6
1096 863 6
1098 867 5
1118 912 5
1127 933 6
1131 943 5
1138 959 5
73 3 5
145 12 6
197 22 6
265 40 5
302 52 5
310 55 6
366 77 6
397 91 5
397 91 6
443 114 5
447 116 5
454 120 5
458 122 5
483 136 6
511 153 5
577 197 6
644 249 6
651 255 6
682 282 6
693 292 5
702 300 6
707 305 5
743 340 5
789 388 5
844 452 5
866 480 6
868 483 6
893 515 5
905 532 6
906 534 5
954 603 5
971 630 7
976 639 5
981 646 6
986 654 6
989 660 6
991 663 6
1001 679 6
1005 687 6
1005 687 7
1010 696 5
1024 720 5
1037 744 6
1057 782 6
1075 817 7
1076 819 6
1104 880 6
1114 902 5
1142 969 6
1144 975 5
59 2 5
278 44 5
352 71 6
361 75 5
364 76 5
416 100 6
418 101 5
439 112 6
463 125 6
471 129 5
476 132 6
517 157 5
677 277 5
692 291 6
745 342 5
749 346 6
779 377 5
779 377 6
791 390 5
799 399 6
803 404 5
806 407 5
814 416 5
845 453 5
855 466 5
881 500 5
884 503 5
913 543 7
914 545 5
935 575 6
940 583 5
952 600 6
973 633 5
991 662 7
1017 707 6
1045 759 6
1050 769 6
1052 772 5
1062 791 6
1078 825 5
1080 828 5
1086 841 5
1093 855 6
1101 873 6
1110 893 6
1129 937 6
1135 951 6
1138 960 5
1144 975 5
1145 977 5
173 17 5
226 29 6
258 38 5
408 96 6
517 157 6
519 158 5
549 178 5
549 178 6
557 183 6
572 194 5
600 214 5
616 227 5
632 239 5
636 243 6
652 256 6
702 300 5
704 302 5
711 309 5
713 310 6
714 311 6
716 313 6
782 381 6
783 382 6
784 383 6
828 433 6
842 450 6
863 476 5
871 486 5
899 523 6
916 547 5
934 574 6
937 578 6
942 585 5
1010 695 5
1022 716 6
1037 744 6
1038 745 5
1041 751 5
1053 774 6
1065 798 6
1067 801 6
1076 820 5
1085 838 5
1089 847 6
1092 854 6
1103 877 6
1124 926 6
1126 930 7
1136 954 6
1150 988 6
