500 20 125178
25 102 191
25 89 222
25 117 226
25 76 222
25 111 159
25 89 232
25 92 171
25 72 178
25 70 246
25 124 201
25 117 224
25 149 211
25 67 246
25 89 188
25 115 203
25 124 152
25 61 230
25 147 211
25 61 247
25 144 198
356 73 9
393 89 13
401 93 11
420 102 13
445 115 12
546 176 12
662 264 11
700 298 10
713 310 11
780 378 13
790 389 13
825 429 10
931 569 12
940 582 13
1021 715 10
1021 715 13
1024 720 11
1026 723 10
1026 723 12
1080 828 12
1116 907 10
1122 920 12
1122 920 13
1126 929 11
1142 968 12
443 114 9
481 135 12
588 205 10
639 245 12
640 246 9
652 256 11
704 302 10
729 326 11
745 342 11
779 377 13
803 404 11
819 422 12
864 477 12
866 480 11
888 509 10
890 511 9
898 522 11
921 554 13
956 607 10
988 657 10
1062 791 12
1062 791 12
1073 813 10
1076 819 13
1092 854 10
145 12 13
205 24 12
479 134 13
488 139 13
624 233 12
652 256 11
728 325 11
736 333 10
757 354 12
784 383 13
875 491 11
896 520 10
918 550 9
921 554 13
922 556 10
936 576 10
948 594 10
956 606 12
973 634 11
992 664 13
1001 680 13
1012 698 10
1014 703 10
1108 888 11
1131 943 11
347 69 13
388 87 10
441 113 10
456 121 12
508 151 13
545 175 13
583 202 11
667 269 11
809 411 13
817 420 11
829 434 13
837 444 11
843 451 12
861 473 13
899 523 13
904 530 10
998 674 11
1002 682 11
1060 788 11
1061 790 13
1070 808 10
1091 852 12
1100 871 11
1101 872 12
1127 932 10
241 33 11
251 36 9
302 52 11
436 110 12
451 118 10
462 124 10
467 127 11
539 171 10
549 178 13
582 201 10
666 268 11
799 399 12
809 411 13
840 448 12
925 561 13
932 570 10
941 584 10
945 590 10
958 609 12
1038 746 13
1048 764 10
1048 764 10
1103 877 10
1140 963 10
1151 992 10
192 21 13
278 44 12
287 47 13
408 96 13
474 131 13
513 154 12
528 164 10
577 197 10
605 218 13
748 345 12
863 476 11
885 505 12
890 511 11
899 524 11
950 597 12
976 638 11
1008 692 13
1009 693 12
1009 694 10
1056 780 9
1064 796 12
1116 906 13
1122 921 13
1126 931 9
1133 946 13
268 41 10
334 64 12
447 116 13
493 142 13
500 146 11
519 158 9
565 189 10
583 202 10
590 207 10
680 280 11
753 350 9
797 397 13
869 484 9
870 485 11
898 522 12
910 539 11
916 548 11
919 552 11
946 592 13
972 632 11
1025 721 13
1064 795 10
1075 817 11
1090 850 11
1139 961 12
73 3 13
366 77 11
393 89 13
418 101 10
557 183 13
558 184 11
665 267 11
670 271 10
685 285 9
727 324 10
774 372 13
795 395 12
807 408 9
825 429 12
934 573 13
983 650 13
995 669 11
999 677 12
1029 729 13
1049 767 12
1136 954 13
1141 967 11
1143 972 13
1144 975 11
1145 976 12
119 8 10
139 11 11
399 92 9
478 133 11
525 162 12
545 175 12
571 193 10
632 239 13
643 248 12
728 325 13
774 372 10
823 427 11
839 446 10
868 483 11
952 601 10
958 609 11
960 613 11
1022 716 10
1062 791 11
1081 831 12
1089 847 12
1092 854 10
1113 900 10
1117 910 12
1146 979 12
347 69 12
495 143 12
562 187 13
582 201 13
604 217 12
690 289 12
786 385 11
791 391 11
819 422 11
868 483 11
882 501 12
899 524 11
939 581 12
965 620 10
978 642 11
989 660 11
1009 693 10
1011 697 12
1050 769 11
1091 851 10
1110 893 10
1126 931 12
1135 951 11
1136 955 13
1141 967 9
284 46 12
344 68 11
549 178 12
564 188 12
565 189 11
589 206 11
592 208 11
614 225 10
713 310 12
856 467 12
875 491 12
905 532 10
920 553 12
933 572 12
981 647 10
1049 767 13
1055 778 10
1060 787 13
1065 797 10
1077 821 10
1098 866 13
1110 892 10
1110 893 13
1120 916 10
1141 967 10
408 96 10
434 109 11
439 112 12
471 129 9
479 134 12
486 138 12
597 212 10
613 224 13
664 266 12
674 275 10
739 336 12
799 399 11
833 439 11
919 552 12
1001 680 13
1008 692 12
1047 763 13
1052 773 13
1096 863 13
1109 891 12
1117 909 11
1130 940 10
1136 953 10
1138 958 10
1146 980 10
347 69 12
424 104 13
596 211 11
607 220 12
660 263 12
699 297 13
868 482 13
871 486 10
877 494 11
968 626 12
986 654 13
998 675 11
999 676 13
1004 684 10
1004 685 13
1008 692 13
1027 725 11
1052 772 11
1062 792 12
1104 879 11
1110 892 10
1110 893 11
1117 909 13
1142 968 11
1154 1000 11
151 13 11
255 37 11
304 53 13
326 61 10
434 109 13
436 110 12
491 141 10
600 214 11
731 328 13
753 350 11
755 352 13
807 409 11
932 571 10
942 585 13
949 596 13
983 649 12
1087 843 12
1105 881 10
1107 886 13
1109 890 10
1113 901 10
1121 919 10
1139 961 11
1150 988 11
1151 991 11
183 19 10
307 54 11
371 79 12
456 121 10
486 138 12
570 192 13
625 234 10
627 235 10
662 264 13
669 270 9
708 306 12
743 340 11
791 390 11
799 399 11
836 443 12
845 453 10
927 563 13
976 639 12
1008 691 10
1057 782 12
1065 798 12
1095 860 9
1098 866 9
1109 891 11
1118 911 13
192 21 11
454 120 9
530 165 12
557 183 10
616 227 12
620 230 11
713 310 13
745 342 13
780 379 12
839 446 13
919 551 12
923 557 9
964 619 10
967 624 11
990 661 10
997 673 12
1010 696 9
1014 702 10
1048 764 13
1095 861 10
1106 885 12
1112 897 11
1112 897 13
1133 947 10
1144 975 13
575 196 13
656 259 10
776 374 11
778 376 10
781 380 10
794 394 11
801 402 11
848 457 10
867 481 13
887 507 13
890 512 12
901 527 12
916 547 12
921 555 10
928 564 11
1025 722 11
1061 789 12
1062 791 11
1076 819 10
1086 840 12
1092 853 13
1101 874 11
1112 898 11
1148 985 12
1151 991 10
84 4 13
192 21 12
192 21 12
293 49 13
347 69 10
412 98 13
422 103 13
527 163 13
545 175 12
586 204 12
618 228 11
683 283 12
805 406 11
925 560 10
935 575 11
972 632 12
982 648 12
992 665 11
1032 734 13
1034 738 13
1038 745 11
1074 816 10
1080 828 10
1094 857 10
1104 880 10
157 14 12
168 16 10
284 46 11
299 51 11
441 113 10
571 193 12
581 200 11
652 256 12
708 306 10
709 307 11
829 434 12
839 446 11
854 465 10
871 486 12
889 510 10
931 569 13
942 586 10
984 652 11
989 659 13
1002 682 12
1019 711 12
1040 749 12
1066 800 10
1070 807 12
1128 936 10
94 5 10
251 36 12
287 47 11
290 48 10
324 60 12
522 160 12
531 166 12
565 189 12
586 204 13
607 220 10
627 235 11
831 436 11
875 492 11
876 493 13
905 532 12
1027 726 13
1030 730 13
1052 773 9
1058 784 11
1104 879 13
1120 916 10
1128 935 10
1138 959 12
1144 974 12
1150 989 12
