1000 20 2552455
50 85 247
50 65 221
50 66 209
50 131 243
50 126 220
50 68 200
50 93 152
50 100 153
50 92 196
50 74 194
50 87 178
50 119 214
50 107 184
50 112 164
50 74 176
50 116 250
50 149 169
50 130 161
50 72 248
50 78 157
960 52 6
1769 177 6
1880 200 5
2296 299 5
2563 373 4
4693 1280 4
5000 1460 5
5607 1855 4
5699 1919 5
5904 2068 6
5919 2079 6
6265 2346 4
6280 2358 6
6822 2817 6
7353 3317 5
7370 3334 4
7797 3777 5
7895 3884 6
8097 4111 5
8145 4166 5
8365 4426 6
8523 4620 6
8655 4787 6
8786 4957 5
8937 5158 6
9121 5413 5
9131 5427 6
9155 5461 6
9257 5606 5
9356 5752 5
9526 6007 6
9796 6433 5
9916 6630 5
9991 6756 6
10382 7452 5
10503 7680 5
10543 7758 5
10742 8154 6
10899 8480 5
10907 8497 4
11195 9138 6
11204 9159 6
11251 9268 6
11314 9419 6
11329 9454 6
11334 9467 4
11352 9510 6
11379 9576 5
11438 9723 6
11544 9993 5
1049 62 6
2258 289 6
3442 678 5
3708 789 5
4191 1014 6
4563 1208 5
4980 1448 5
5149 1552 5
5244 1612 6
6265 2346 6
6423 2474 6
6465 2509 6
6662 2676 5
6789 2787 5
6888 2876 5
7168 3136 6
7565 3531 5
7933 3926 6
8051 4058 5
8146 4167 6
8303 4352 5
8369 4431 5
8376 4440 6
8549 4653 6
8792 4965 6
8880 5082 6
8958 5187 5
9066 5336 5
9184 5502 5
9264 5616 5
9315 5691 5
9363 5762 6
9377 5783 6
9781 6408 5
9815 6464 5
9858 6535 5
9953 6693 5
10222 7160 6
10353 7398 6
10412 7507 4
10456 7590 5
10708 8084 6
10849 8375 6
10988 8673 4
11009 8718 5
11067 8847 5
11141 9013 5
11166 9071 5
11499 9878 5
11528 9951 6
2483 350 5
2864 467 6
3317 629 5
3771 817 5
3828 842 6
4425 1134 6
5241 1610 5
5344 1677 6
5592 1844 5
5781 1978 6
6255 2338 5
6303 2376 6
6405 2459 6
6649 2665 6
7414 3378 5
7450 3414 6
7564 3530 6
7566 3532 5
7632 3601 5
7865 3851 6
7898 3887 6
7976 3974 4
8033 4038 5
8695 4839 5
8735 4890 6
8775 4942 5
8903 5112 6
8961 5191 6
9089 5367 6
9403 5821 5
9554 6050 5
9567 6070 6
9651 6201 5
9667 6226 6
9799 6438 5
9847 6517 5
10103 6949 5
10418 7519 5
10516 7705 5
10520 7714 4
10733 8134 6
10759 8187 5
11036 8778 4
11282 9342 5
11362 9536 6
11368 9550 5
11427 9696 6
11450 9754 6
11514 9917 5
11538 9978 5
442 11 5
717 29 4
883 44 6
942 50 5
4132 985 5
5258 1621 6
5522 1796 4
5635 1874 6
5882 2052 5
5891 2058 6
5938 2093 6
6393 2449 4
6447 2494 6
6792 2790 6
6905 2891 5
6989 2968 5
7060 3034 5
7330 3294 6
7821 3803 5
7865 3851 5
8088 4100 6
8158 4181 6
8376 4439 6
8730 4884 5
8948 5174 5
9255 5604 6
9292 5657 5
9401 5818 6
9551 6046 5
9586 6099 6
9688 6259 6
9699 6277 6
9941 6672 5
10014 6796 4
10344 7382 5
10367 7424 5
10564 7798 6
10585 7840 4
10599 7867 5
10793 8258 5
10840 8356 5
10840 8356 6
10962 8615 5
10979 8653 5
11071 8855 6
11290 9361 6
11305 9398 6
11333 9465 5
11392 9609 5
11536 9972 5
3252 604 5
4567 1210 5
5046 1488 6
5660 1892 6
5760 1963 5
6074 2196 5
6209 2301 5
6706 2714 5
6943 2926 6
7137 3107 5
7161 3130 5
7244 3210 5
7332 3296 6
7598 3566 6
7604 3572 5
7729 3704 6
7781 3759 6
8092 4105 5
8284 4329 5
8354 4413 5
8455 4536 6
8521 4618 6
8528 4627 5
8615 4736 6
8726 4879 6
8761 4924 5
9073 5345 5
9075 5348 5
9214 5544 5
9245 5589 4
9433 5866 5
9458 5904 5
9667 6227 6
9723 6315 5
9774 6397 6
9776 6400 5
9947 6683 6
9960 6704 5
9986 6749 6
10591 7852 6
10664 7996 5
10698 8063 6
10806 8285 5
10844 8365 5
11069 8852 6
11099 8919 6
11139 9008 5
11286 9352 5
11325 9445 5
11346 9497 5
1377 107 6
3427 672 6
3821 839 6
3839 847 5
4197 1017 5
4328 1083 6
4600 1228 6
4832 1360 5
4969 1441 6
5013 1468 5
5154 1555 5
5509 1787 6
5519 1794 5
5545 1812 5
6931 2915 5
7123 3094 6
7769 3746 6
7839 3822 6
8011 4013 6
8056 4064 5
8290 4336 5
8397 4465 5
8560 4667 6
8736 4892 6
8835 5021 6
8856 5049 5
8939 5161 4
8954 5182 4
9011 5259 6
9043 5304 5
9114 5402 5
9251 5598 6
9313 5688 6
9426 5856 5
9704 6285 5
9718 6307 6
9787 6419 5
9884 6578 6
10186 7095 6
10308 7316 5
10412 7507 5
10541 7753 6
10722 8113 6
11016 8733 6
11017 8736 6
11062 8835 4
11266 9304 5
11266 9305 4
11333 9464 5
11381 9583 6
1540 134 5
2630 393 6
3845 850 6
4128 983 6
4185 1011 5
4550 1201 5
4848 1369 6
5025 1475 5
5361 1688 6
5590 1843 5
6061 2186 5
6193 2289 6
6520 2555 6
6670 2683 6
6825 2819 4
6874 2863 5
7208 3175 5
7406 3370 5
7683 3655 6
7747 3723 5
7785 3764 5
8007 4008 6
8283 4328 5
8459 4541 5
8470 4554 5
8608 4727 5
8821 5003 6
8828 5012 5
8828 5013 6
8897 5105 4
8940 5163 6
9127 5421 6
9148 5450 5
9329 5711 4
9355 5750 5
9433 5866 5
9823 6477 6
9846 6514 6
10052 6861 5
10132 7000 5
10307 7313 5
10556 7783 5
10851 8378 6
10875 8429 6
10976 8645 4
10981 8657 6
11003 8706 5
11040 8786 6
11172 9084 6
11190 9126 6
1985 223 6
2532 364 6
2666 404 5
3449 681 5
4742 1308 5
5394 1710 5
5650 1885 4
5721 1935 5
6294 2369 6
6305 2378 5
6358 2421 5
6458 2503 6
6468 2511 5
6473 2515 5
6748 2751 6
6991 2970 6
7348 3312 5
7646 3616 6
7654 3624 6
7670 3641 5
7716 3690 5
7729 3704 5
7769 3746 5
7795 3774 5
8278 4322 5
8437 4514 4
8553 4658 5
8649 4779 6
8685 4825 6
8840 5028 5
8856 5050 5
8869 5067 6
8914 5127 6
9136 5434 5
9758 6371 5
9861 6540 4
9879 6569 5
9889 6585 5
10111 6964 5
10410 7504 5
10416 7515 6
10783 8238 4
10915 8515 5
11043 8793 5
11086 8890 5
11167 9073 6
11393 9611 6
11403 9635 5
11496 9870 5
11533 9964 6
2323 306 6
3034 525 6
3283 616 5
3499 701 4
4171 1004 6
4320 1079 5
5149 1552 6
5448 1746 5
5600 1850 5
5721 1935 5
6231 2319 5
6264 2345 4
6740 2744 5
6874 2863 6
7322 3286 5
7483 3447 5
7723 3697 6
8098 4112 4
8139 4159 5
8217 4250 5
8434 4510 6
8487 4575 6
8516 4612 6
8525 4623 5
8946 5170 6
9019 5270 4
9021 5273 5
9035 5293 6
9183 5500 5
9342 5731 6
9446 5886 6
9664 6221 5
9979 6736 6
10083 6914 5
10267 7241 5
10425 7532 5
10535 7742 6
10588 7845 5
10635 7938 6
10766 8203 5
10776 8223 6
10781 8233 5
10845 8367 5
11075 8864 6
11255 9279 6
11301 9388 5
11348 9500 6
11502 9884 5
11506 9895 5
11527 9949 4
1724 168 6
1913 207 6
2942 493 5
3063 535 6
3068 537 6
3731 799 6
3889 870 6
4079 959 4
4215 1026 6
4423 1133 5
4576 1215 4
4691 1279 5
4895 1397 5
5935 2091 6
6080 2201 6
6204 2297 5
6617 2637 5
6782 2781 5
7602 3570 6
7657 3627 5
7766 3743 5
8046 4053 5
8240 4277 5
8826 5010 6
9216 5548 5
9599 6120 5
9651 6201 4
9651 6201 5
9737 6338 5
9742 6345 5
9878 6567 5
10366 7422 5
10457 7592 6
10508 7690 4
10525 7722 5
10681 8030 5
10727 8122 6
10882 8444 5
10899 8480 5
10951 8592 6
10995 8687 6
11082 8880 5
11125 8977 5
11126 8980 6
11262 9295 6
11283 9345 5
11352 9512 6
11377 9571 6
11463 9785 6
11540 9983 6
625 22 6
2676 407 5
3141 563 6
3259 607 5
3617 750 5
4157 997 6
4872 1383 5
5956 2107 6
5968 2116 5
6062 2187 5
6104 2219 6
6675 2687 4
6867 2857 5
7064 3038 4
7191 3159 5
7490 3454 6
7620 3588 5
7821 3803 6
7995 3995 5
8233 4269 6
8659 4792 5
9135 5432 6
9185 5503 6
9533 6018 5
9686 6256 5
9761 6376 6
9872 6558 6
10119 6978 5
10214 7145 5
10241 7193 6
10267 7241 6
10295 7291 6
10329 7353 6
10542 7756 5
10547 7765 5
10764 8198 6
10929 8544 5
11007 8714 5
11068 8849 6
11116 8957 6
11240 9243 5
11316 9423 6
11343 9489 6
11358 9526 4
11430 9703 6
11437 9721 5
11442 9733 5
11505 9894 6
11509 9903 6
11536 9973 5
1693 162 6
2003 227 6
2746 429 6
3726 797 5
3963 904 4
3982 913 6
4550 1201 6
4844 1367 6
4995 1457 5
5164 1561 5
5831 2014 5
5970 2117 5
6142 2249 6
6568 2595 5
6750 2753 6
6806 2802 5
7216 3183 5
7413 3377 5
7519 3484 5
7526 3491 4
7535 3500 6
7704 3677 5
7712 3685 5
8092 4105 5
8603 4721 6
8606 4724 6
8701 4846 5
8737 4893 5
9348 5740 5
9443 5881 6
9509 5981 6
9611 6138 5
9765 6383 5
9909 6619 5
9919 6636 5
10100 6944 5
10184 7092 6
10514 7701 5
10552 7775 5
10610 7889 6
10679 8025 4
10688 8043 5
10741 8151 6
10819 8312 6
10869 8417 5
10878 8435 6
10994 8685 5
11027 8757 6
11304 9394 5
11314 9420 5
533 16 6
1106 69 6
1613 147 5
1619 148 6
2906 481 5
3060 534 5
3417 668 5
3801 830 5
3816 837 6
3898 874 5
5498 1780 6
5842 2022 6
5956 2107 5
6025 2159 6
6027 2160 6
6048 2176 6
6193 2289 5
6480 2521 5
6524 2558 5
6816 2811 6
6915 2900 5
7036 3012 6
7061 3035 6
7297 3261 5
7370 3334 6
7589 3556 6
7786 3765 6
8304 4353 5
8464 4547 6
8524 4621 6
8653 4785 6
9151 5455 6
9573 6080 6
9855 6529 5
9906 6614 5
9982 6742 5
10050 6857 6
10156 7042 6
10418 7519 4
10739 8147 6
10819 8312 6
11081 8877 5
11182 9107 5
11237 9236 5
11243 9249 5
11246 9257 5
11302 9391 5
11408 9648 5
11410 9653 5
11498 9875 5
2364 317 6
2375 320 4
2501 355 5
2669 405 6
2903 480 5
5121 1534 6
5715 1931 5
6145 2251 5
7055 3030 6
7068 3042 5
7085 3058 5
7160 3129 5
7565 3531 5
8067 4076 4
8085 4097 5
8241 4278 5
8253 4292 5
8322 4374 5
8403 4472 5
8630 4755 6
8660 4793 6
8716 4865 6
8777 4945 5
8784 4954 5
8862 5058 6
8891 5097 6
9142 5442 5
9191 5511 6
9288 5652 6
9485 5944 6
9621 6154 5
9675 6239 5
9710 6294 5
9786 6416 6
9889 6585 5
9933 6659 5
10168 7063 5
10369 7427 5
10417 7517 5
10618 7904 5
10624 7916 6
10744 8157 5
10790 8252 5
10945 8578 6
11004 8707 6
11253 9273 5
11403 9635 5
11454 9763 6
11511 9909 5
11520 9932 6
960 52 6
1981 222 5
2364 317 4
2472 347 6
2669 405 5
3322 631 5
3920 884 6
4515 1182 6
4941 1424 5
5222 1598 5
5233 1605 5
5642 1879 5
5653 1887 4
5720 1934 5
5922 2081 5
6253 2336 6
6876 2865 6
7049 3024 5
7277 3242 6
7387 3350 4
7774 3752 6
7885 3873 4
7924 3916 4
8148 4169 6
8585 4698 6
8606 4725 5
8615 4736 5
8672 4809 6
8831 5016 5
9193 5515 5
9553 6049 5
9653 6205 5
9708 6291 5
9792 6427 5
9872 6557 6
9895 6596 5
9957 6700 6
10008 6786 6
10620 7909 5
10702 8071 4
10757 8183 6
10808 8288 5
10911 8507 6
11099 8918 5
11116 8957 5
11410 9654 6
11419 9677 5
11434 9713 6
11442 9734 6
11529 9955 6
970 53 5
1540 134 5
2596 383 5
3666 771 6
3753 809 6
3854 854 6
3937 892 6
4324 1081 6
4429 1136 6
4700 1284 5
5272 1630 6
5371 1695 5
5696 1917 6
5913 2075 6
6037 2168 6
6221 2311 6
6272 2351 5
6330 2398 5
6658 2672 5
6805 2801 5
7170 3138 5
7227 3193 6
7336 3300 6
7358 3322 5
7417 3381 5
8769 4935 5
8865 5062 5
9223 5558 5
9381 5789 6
9406 5825 5
9609 6135 6
9746 6352 6
9928 6651 6
10013 6794 6
10095 6935 6
10159 7047 6
10277 7259 5
10289 7280 6
10572 7814 5
10706 8081 6
10925 8535 6
11018 8738 6
11131 8990 5
11135 9001 5
11213 9179 4
11236 9234 6
11450 9753 5
11451 9755 5
11496 9870 5
11529 9954 6
2663 403 5
3335 636 6
3462 686 5
3528 713 5
4043 942 6
4382 1111 4
4756 1316 5
4855 1373 5
5339 1674 6
5767 1968 6
5939 2094 5
6457 2502 5
7038 3014 5
7696 3669 5
7710 3683 5
8016 4019 6
8363 4424 6
8532 4631 5
8665 4800 5
8853 5046 4
8860 5055 6
8998 5242 5
9116 5406 5
9222 5556 5
9232 5570 6
9326 5707 5
9348 5740 6
9391 5803 6
9479 5936 5
9538 6026 5
9679 6245 5
9745 6351 5
9809 6454 5
9886 6580 6
9991 6757 6
10238 7189 6
10292 7286 5
10507 7688 5
10516 7706 5
10555 7780 5
10563 7796 6
10696 8060 5
10847 8371 6
10880 8439 5
10953 8597 6
11015 8732 5
11070 8854 5
11419 9676 5
11515 9919 5
11527 9950 5
692 27 4
2539 366 5
3481 694 5
3605 745 4
4339 1089 6
4587 1221 5
4596 1226 5
5976 2122 6
6446 2493 5
6664 2678 6
6871 2861 6
7109 3080 5
7186 3154 5
7397 3360 5
7613 3581 5
7794 3773 5
7808 3788 6
7811 3792 6
7817 3798 5
8116 4133 6
8277 4321 5
8316 4367 6
8435 4511 6
8514 4609 5
8716 4865 5
8743 4901 6
8859 5054 4
9009 5257 6
9155 5461 6
9551 6045 5
9592 6109 6
9604 6127 6
9751 6361 6
9779 6405 5
9784 6414 4
9813 6460 5
9853 6526 6
10046 6851 5
10277 7259 6
10515 7703 5
10563 7797 5
10599 7866 6
10696 8060 6
10754 8177 6
10851 8379 5
10911 8506 5
11092 8902 5
11304 9394 5
11329 9454 5
11410 9654 5
1779 179 6
1814 186 6
2130 257 5
2440 338 6
2894 477 5
2953 497 5
3294 620 6
4543 1197 5
4550 1201 6
4844 1367 5
5278 1634 5
5486 1772 6
5707 1925 6
5934 2090 5
5963 2112 4
6013 2150 4
6023 2157 6
6501 2539 6
6589 2613 5
6612 2633 5
6901 2888 4
7514 3479 5
7739 3714 5
8060 4069 4
8266 4308 6
8402 4471 6
8885 5089 5
8890 5095 6
8903 5113 5
8919 5134 6
9060 5327 5
9174 5487 4
9767 6386 5
9805 6447 5
9817 6467 6
9926 6648 6
10029 6822 6
10320 7338 5
10489 7654 6
10537 7745 5
10546 7764 5
10649 7966 4
10755 8179 4
10828 8331 5
10885 8451 5
11131 8991 5
11196 9141 6
11214 9181 6
11228 9214 6
11423 9687 6
188 2 6
777 34 6
853 41 6
1098 68 6
1106 69 5
1586 142 6
2353 314 5
5132 1541 5
5352 1682 5
5415 1724 5
5701 1921 6
6162 2264 5
6487 2527 5
6569 2596 6
7031 3007 5
7127 3097 4
7281 3246 5
7583 3550 4
7832 3815 6
8129 4147 5
8157 4180 6
8160 4184 5
8166 4190 5
8452 4532 6
8628 4752 5
8754 4915 5
9203 5529 5
9239 5581 4
9522 6001 6
9705 6286 5
9747 6353 6
9992 6758 5
10006 6782 5
10204 7128 6
10205 7130 4
10233 7179 5
10317 7331 5
10343 7379 6
10415 7514 5
10478 7632 6
10485 7646 5
10517 7708 6
10684 8036 6
10710 8089 6
10850 8376 5
11213 9179 5
11218 9192 4
11319 9430 5
11414 9663 6
11539 9981 4
