1000 100 2499085
10 112 171
10 100 194
10 105 169
10 58 195
10 123 197
10 73 218
10 114 168
10 60 209
10 84 197
10 117 193
10 139 164
10 52 234
10 124 173
10 67 182
10 106 173
10 96 207
10 148 205
10 128 210
10 62 206
10 75 166
10 101 235
10 72 200
10 126 164
10 124 183
10 81 173
10 141 226
10 98 193
10 124 204
10 138 183
10 140 247
10 134 203
10 93 212
10 82 184
10 108 190
10 135 154
10 141 225
10 79 195
10 52 238
10 118 243
10 92 248
10 129 217
10 107 171
10 68 159
10 72 201
10 54 181
10 84 233
10 74 207
10 77 197
10 108 212
10 127 174
10 69 164
10 93 162
10 75 183
10 94 213
10 76 195
10 117 244
10 99 212
10 56 218
10 148 218
10 123 172
10 94 179
10 116 162
10 89 204
10 138 198
10 147 178
10 113 231
10 84 201
10 55 224
10 150 211
10 147 170
10 80 236
10 88 246
10 129 151
10 73 183
10 109 228
10 134 246
10 96 184
10 104 203
10 85 224
10 94 163
10 63 156
10 101 207
10 122 179
10 141 230
10 77 243
10 139 152
10 70 191
10 114 210
10 121 234
10 55 161
10 56 189
10 90 191
10 97 181
10 56 163
10 131 184
10 92 233
10 51 155
10 97 217
10 95 234
10 58 217
3859 856 35
4062 951 34
8337 4393 33
9776 6400 32
9892 6590 32
10464 7606 32
10570 7811 32
10576 7821 28
11337 9475 30
11354 9516 32
4700 1284 27
6718 2725 26
7119 3090 29
7734 3709 32
7790 3769 28
8371 4433 33
9385 5795 29
10622 7912 32
10860 8397 29
10945 8579 31
4666 1265 28
5035 1481 31
5176 1569 30
7118 3089 34
7437 3401 30
8479 4566 29
9182 5499 25
9184 5502 28
10078 6906 31
10889 8459 33
2258 289 33
3896 873 25
5899 2064 34
6187 2284 29
6201 2295 29
6450 2496 31
7183 3151 28
9510 5982 29
10943 8575 31
11150 9034 34
2258 289 29
6150 2255 32
8067 4077 27
8468 4552 31
8582 4694 29
8616 4737 35
9619 6151 26
9800 6440 33
9861 6540 25
10938 8564 27
5152 1554 28
7452 3416 26
8043 4049 31
8160 4183 25
9445 5884 29
9523 6003 30
10502 7679 27
10724 8117 31
11344 9492 26
11408 9648 28
5777 1975 26
6558 2587 27
7644 3614 28
7701 3674 26
9041 5301 31
9678 6244 34
10316 7329 31
10832 8338 34
11464 9788 28
11507 9897 32
2130 257 27
4740 1307 34
5482 1769 28
6268 2348 27
6951 2933 31
8376 4439 32
8473 4558 28
10280 7265 26
10929 8545 35
11184 9113 34
3889 870 34
4310 1074 28
7531 3496 28
8296 4343 28
8334 4389 29
9339 5726 34
9352 5746 27
9432 5865 30
10213 7144 34
10357 7405 33
2927 488 29
3246 602 26
7394 3357 28
7764 3741 33
8410 4481 26
11294 9370 33
11375 9567 27
11400 9628 30
11402 9633 33
11420 9679 30
4956 1433 35
5825 2010 25
6465 2509 34
6909 2895 34
7273 3238 28
7556 3522 25
9279 5639 35
9511 5984 35
9516 5991 26
10630 7928 26
3066 536 27
5056 1494 30
7696 3668 26
8539 4640 30
9251 5598 34
9562 6063 29
9843 6509 32
9996 6765 31
10835 8345 34
11544 9994 27
5469 1760 31
6108 2222 31
6668 2681 28
8982 5219 33
9911 6623 28
10650 7968 35
10902 8487 29
10964 8619 27
11351 9509 32
11487 9847 30
6970 2951 33
7414 3378 33
7478 3442 33
7823 3805 25
8295 4342 26
8487 4576 25
8713 4862 32
9989 6753 27
10308 7316 27
10589 7847 31
1338 101 32
4605 1231 31
4625 1242 35
9008 5255 30
9525 6006 29
9536 6022 30
9541 6030 30
9864 6545 25
9951 6690 33
10567 7805 33
7626 3595 25
8368 4430 32
8581 4693 29
10146 7025 30
10151 7033 28
10303 7306 35
11065 8842 25
11130 8988 30
11245 9255 26
11335 9469 34
4680 1273 25
6244 2329 35
8136 4156 35
8194 4223 25
8812 4991 27
10033 6828 32
10526 7725 29
10888 8458 29
11072 8858 30
11142 9015 26
1635 151 25
3579 734 25
3926 887 31
5370 1694 31
5878 2049 34
6699 2708 32
8581 4693 30
9509 5981 28
9922 6640 27
11196 9140 28
6363 2425 32
7508 3473 31
8441 4519 25
8701 4846 32
8772 4939 33
9478 5934 25
9600 6122 30
10557 7784 25
10581 7831 28
11534 9968 32
3281 615 34
5999 2139 25
6052 2179 27
6412 2465 28
8961 5191 30
10037 6836 31
10049 6856 31
10247 7205 27
11341 9483 34
11409 9652 26
2702 415 31
4118 978 32
4165 1001 25
6465 2509 33
6682 2693 34
6799 2796 27
7931 3924 31
9064 5333 31
10248 7207 30
10447 7574 25
2357 315 32
2695 413 32
8062 4071 29
8522 4619 25
9998 6769 26
10409 7502 25
10535 7743 32
10571 7812 35
11109 8940 33
11455 9765 32
1963 218 30
7114 3085 32
7201 3168 31
8135 4155 34
8400 4469 30
9553 6049 29
10036 6834 34
10511 7696 26
11020 8742 31
11266 9305 30
5813 2001 25
6188 2285 29
6674 2686 30
8288 4334 27
9301 5670 29
9951 6690 26
9986 6749 28
10608 7885 32
10736 8141 34
11275 9325 33
3476 692 31
4136 987 25
5492 1776 25
6406 2460 35
7038 3014 29
8424 4498 27
8977 5213 26
10670 8008 25
10715 8098 27
10915 8514 26
3066 536 30
3201 585 25
4066 953 30
5324 1664 32
5967 2115 35
8273 4316 35
9381 5789 28
9712 6298 31
9747 6353 34
9805 6448 30
7672 3643 26
8023 4027 33
8759 4922 31
9054 5319 28
9392 5805 26
9679 6246 32
10774 8218 33
11129 8987 25
11404 9638 30
11441 9731 33
3371 650 30
3928 888 29
5660 1892 26
7380 3344 34
7744 3720 29
8591 4705 26
9217 5549 33
9411 5833 33
9709 6293 25
9721 6312 26
5004 1462 26
5828 2012 33
6406 2460 32
7743 3719 29
8108 4123 30
8914 5127 29
9988 6751 25
10323 7342 31
10849 8375 31
10965 8622 31
4877 1386 28
6616 2636 34
6776 2776 27
7475 3439 34
8179 4206 28
8975 5210 25
9127 5421 27
10587 7843 30
11164 9067 30
11413 9660 27
596 20 28
5109 1527 34
6219 2309 30
6269 2349 26
7242 3208 27
7916 3907 34
8278 4322 33
8395 4463 28
11175 9092 34
11348 9500 34
5301 1649 35
6442 2490 28
7458 3422 28
9611 6138 25
10348 7389 29
10532 7736 33
10638 7943 27
10904 8490 27
10948 8585 27
11116 8956 34
4583 1219 25
5619 1863 28
5775 1974 26
6460 2505 29
8445 4524 30
10371 7432 29
10451 7581 28
11004 8707 31
11189 9124 35
11359 9527 27
5552 1817 28
8581 4693 29
8668 4804 31
8722 4873 25
8968 5200 26
9393 5806 30
10186 7095 27
10629 7927 27
11370 9555 25
11422 9684 34
4559 1206 26
6145 2251 34
7521 3486 31
7624 3593 33
8116 4133 31
8244 4282 29
8450 4530 28
8532 4631 34
9732 6329 29
9960 6705 25
1885 201 30
5460 1754 34
6543 2574 31
7732 3707 26
8878 5079 29
9641 6186 28
10040 6840 30
10251 7212 31
10873 8425 31
10880 8441 25
3719 794 29
5971 2118 30
6548 2578 28
7660 3630 25
8315 4366 30
8819 5000 33
9420 5846 31
9434 5867 29
9699 6277 25
10422 7526 31
3678 776 29
6190 2286 32
8135 4155 28
9663 6220 33
9786 6417 30
10924 8534 27
11259 9288 27
11318 9428 35
11439 9727 32
11507 9897 30
4027 934 26
4547 1199 32
8626 4750 30
9055 5320 27
10074 6899 26
10726 8120 26
10739 8148 26
10745 8159 30
10853 8383 35
11419 9676 27
5983 2127 34
6249 2333 32
6267 2347 30
8433 4509 30
8483 4571 30
9781 6409 33
9830 6489 28
10026 6816 26
10809 8292 26
11349 9503 28
5272 1630 33
6020 2155 31
8353 4412 34
8982 5219 26
10033 6829 33
10454 7587 26
10567 7805 27
10706 8081 26
11462 9784 27
11546 9998 27
3265 609 27
3819 838 32
7397 3360 25
8254 4293 27
9356 5752 25
10221 7158 33
10566 7802 29
10673 8014 28
10742 8153 29
10781 8234 25
3885 868 30
7409 3373 31
7643 3613 25
7993 3993 30
9385 5794 33
9543 6033 33
9677 6242 26
9693 6268 34
10204 7128 32
10788 8248 34
4638 1249 31
4952 1431 31
6274 2353 30
7649 3619 25
7680 3652 25
7700 3673 32
8057 4065 28
10013 6795 34
10121 6980 30
10879 8437 27
3369 649 28
3474 691 33
5822 2008 27
8568 4677 29
8742 4899 28
9277 5635 28
10007 6784 25
10438 7557 27
10914 8513 26
11249 9263 31
4552 1202 33
5657 1890 30
7090 3062 26
8320 4372 29
9059 5326 28
10162 7053 29
10254 7217 27
11118 8962 28
11262 9295 26
11533 9964 33
2956 498 35
4393 1117 29
7607 3575 29
7849 3833 33
8887 5091 34
10025 6814 33
10712 8093 30
10845 8367 27
10922 8530 26
11433 9710 27
3026 522 30
3915 882 26
4777 1328 32
5292 1643 31
8944 5168 26
10284 7272 33
10307 7313 34
10994 8685 26
11323 9440 29
11424 9689 26
3760 812 27
5561 1823 31
5974 2120 35
7040 3016 32
7624 3593 26
9303 5674 35
9779 6406 28
9969 6719 29
11125 8977 26
11522 9936 26
1876 199 27
3631 756 34
5198 1583 27
6173 2273 29
6269 2349 31
9026 5280 32
10252 7213 34
10609 7887 25
10816 8306 32
11339 9480 34
8135 4154 30
8470 4555 33
9228 5564 32
9905 6613 31
9937 6666 32
10260 7228 30
10376 7440 29
10477 7631 33
10869 8417 26
11220 9195 33
1714 166 26
4459 1152 31
7357 3321 27
9916 6631 27
10709 8086 32
10787 8246 33
11035 8775 34
11153 9041 32
11263 9298 32
11519 9928 35
1833 190 34
1963 218 34
2656 401 33
7341 3305 27
8656 4788 29
8682 4822 30
9024 5278 28
10783 8238 30
10991 8678 28
11004 8708 27
3273 612 31
3363 647 33
4201 1019 31
6207 2300 30
6629 2647 26
6812 2808 31
8132 4151 32
10664 7996 32
11111 8946 32
11202 9154 29
6721 2727 29
7610 3578 30
8571 4680 32
8709 4856 30
9201 5526 29
9284 5646 28
9637 6179 26
10967 8626 28
11254 9275 29
11307 9401 31
2080 245 31
6006 2144 34
6681 2692 27
6827 2821 26
7055 3030 28
8684 4824 32
8717 4867 28
9857 6533 34
11114 8953 35
11135 9001 33
5230 1603 32
5715 1931 33
9048 5310 30
9463 5911 30
10297 7296 33
10363 7416 28
10487 7649 32
10550 7772 34
11068 8848 30
11263 9296 27
6241 2327 28
6917 2902 29
7498 3463 34
8307 4356 31
9114 5402 30
9748 6356 25
10836 8347 31
11147 9028 28
11384 9590 27
11506 9896 35
2903 480 34
3138 562 35
5550 1815 31
5666 1896 33
6015 2151 25
7073 3046 31
8766 4931 32
9969 6720 28
10167 7062 29
10588 7846 34
4225 1031 33
6349 2413 33
7198 3165 30
7555 3521 34
8662 4796 29
8834 5020 30
10752 8173 33
11035 8776 26
11139 9008 30
11413 9662 29
3327 633 29
4786 1333 27
7036 3012 25
8755 4916 32
10162 7053 35
10608 7885 33
10614 7897 31
10720 8109 32
11182 9108 30
11230 9220 25
2479 349 25
4454 1149 32
6006 2144 26
7124 3095 26
8231 4267 33
9005 5251 31
9430 5861 29
10212 7142 28
11367 9548 28
11527 9949 29
1198 81 26
2138 259 32
4020 931 33
4957 1434 35
6831 2825 30
9789 6422 26
9940 6670 34
9959 6703 26
10546 7763 27
11487 9846 28
3135 561 34
5035 1481 25
7540 3506 28
7975 3972 31
8679 4818 26
9765 6383 34
9924 6644 29
10640 7948 34
10919 8523 32
11257 9282 32
3409 665 29
3735 801 25
4587 1221 31
6574 2600 26
7721 3695 34
8115 4131 33
10395 7476 27
10799 8271 34
11387 9596 27
11394 9614 31
1032 60 25
3816 837 34
4233 1035 28
4890 1394 30
5583 1838 32
6331 2399 34
6812 2808 27
7244 3210 30
7679 3650 30
10939 8566 28
2879 472 31
6946 2929 25
8554 4659 34
9125 5418 25
10729 8127 28
11091 8900 29
11120 8965 30
11186 9117 29
11267 9306 33
11433 9711 33
2610 387 32
4841 1365 27
5862 2037 28
6434 2483 33
7746 3722 32
8171 4196 31
9391 5803 30
9583 6095 28
10205 7130 27
10739 8148 28
5159 1558 26
5211 1591 29
6391 2448 29
8605 4723 34
9143 5444 27
9992 6759 25
10354 7400 27
10402 7489 26
10775 8220 28
11087 8892 33
2800 446 25
3157 569 32
4273 1055 31
7123 3094 27
7738 3713 31
9109 5395 28
9577 6085 31
9812 6459 31
10419 7521 32
11378 9575 33
4101 970 30
4136 987 28
5636 1875 30
6568 2595 33
6583 2608 31
7482 3446 25
7781 3759 29
8659 4792 30
8885 5089 26
9360 5757 27
4368 1104 34
7247 3213 31
7613 3581 27
8318 4370 25
8322 4374 30
9754 6365 28
9878 6568 30
10497 7669 30
11417 9672 25
11487 9848 31
7227 3193 26
7510 3475 29
7782 3760 25
8197 4227 32
8923 5140 34
9802 6443 30
10448 7576 33
10907 8498 25
11320 9433 30
11522 9937 31
3099 548 25
3113 553 34
3894 872 34
5423 1729 33
6289 2365 32
9218 5551 26
10459 7596 30
10757 8183 26
10856 8390 31
11406 9643 28
5122 1535 31
5660 1892 32
6273 2352 30
6648 2664 29
8229 4264 35
8254 4293 31
8646 4776 27
10584 7838 29
11213 9180 33
11263 9296 28
4091 965 29
5386 1705 26
5782 1979 29
9027 5282 30
9313 5688 32
10260 7228 33
10489 7654 28
10855 8388 27
11174 9090 26
11421 9681 28
2479 349 29
3586 737 33
5888 2056 28
6185 2282 34
6518 2553 34
6747 2750 28
9168 5479 26
10620 7908 33
11176 9095 27
11228 9214 31
5831 2014 27
6160 2263 31
8058 4066 31
8146 4167 25
8264 4305 27
10091 6928 31
10135 7005 32
10376 7441 31
10416 7516 30
10615 7899 31
4257 1047 30
5639 1877 31
5687 1911 33
6985 2965 29
7070 3044 29
8942 5165 28
9346 5737 32
9904 6610 28
9907 6616 27
11408 9648 31
3113 553 26
5943 2097 33
7401 3364 28
8520 4617 30
9123 5415 26
10316 7329 30
10651 7970 27
10873 8426 35
10880 8440 31
11445 9741 32
2273 293 34
2873 470 31
6453 2499 33
6589 2613 29
7238 3204 29
8685 4826 25
9283 5644 29
9291 5656 29
9850 6521 32
10112 6965 29
4077 958 28
5905 2069 30
6305 2378 26
8035 4040 27
8776 4944 32
8964 5195 30
9179 5495 31
9477 5932 31
9803 6445 25
11064 8840 34
4290 1064 29
6677 2689 34
6775 2775 31
7557 3523 29
8528 4627 29
9628 6165 32
10459 7596 28
10532 7737 35
10775 8220 33
11006 8712 32
2525 362 35
3462 686 29
5865 2039 30
6603 2625 25
7723 3697 34
7914 3905 25
9194 5516 34
9937 6665 26
10260 7228 33
10475 7627 25
2142 260 35
3870 861 26
4401 1121 29
5940 2095 32
6658 2672 34
8093 4106 34
8337 4393 32
8886 5090 33
9487 5947 28
10008 6785 30
4534 1192 34
6625 2644 26
6647 2663 30
6693 2703 25
7112 3083 28
9305 5677 29
10069 6891 25
10130 6997 33
11418 9673 25
11513 9914 32
4372 1106 32
5200 1584 30
5715 1931 33
6101 2217 25
6984 2964 32
8591 4705 32
10292 7286 26
10487 7650 32
11197 9143 25
11260 9289 32
2663 403 31
2867 468 28
4987 1452 31
5574 1832 29
7169 3137 33
8450 4530 35
10156 7043 31
10857 8391 27
10884 8448 32
11394 9615 29
5420 1727 26
7199 3166 31
8201 4231 31
8417 4489 34
8881 5083 29
9214 5544 32
10002 6776 35
10143 7020 31
10541 7754 32
10990 8676 27
3394 659 33
3574 732 32
5703 1922 34
8448 4527 34
10278 7261 28
10398 7481 30
10737 8142 31
10942 8572 33
11093 8904 28
11216 9186 33
2440 338 35
4931 1418 35
5962 2111 31
7259 3224 25
7564 3530 25
8947 5172 25
9176 5490 34
9717 6305 26
10546 7764 27
11348 9501 32
5663 1894 34
7264 3229 29
7753 3729 33
8358 4418 28
9446 5886 26
10415 7513 34
10714 8097 28
10934 8555 34
11236 9233 28
11360 9531 25
5058 1495 29
5538 1807 29
5832 2015 25
6962 2943 35
7643 3613 28
7908 3898 25
8739 4896 29
10019 6804 28
10751 8171 25
11147 9028 32
5151 1553 32
5822 2008 32
5839 2020 28
6356 2419 32
7828 3810 26
7967 3964 32
8163 4187 30
8239 4276 31
10408 7501 35
11164 9067 35
1640 152 32
3652 765 30
5316 1659 25
7724 3698 25
8881 5083 28
9753 6363 31
10006 6782 25
10257 7222 25
10537 7745 28
10600 7869 33
4971 1442 29
6825 2819 28
7977 3975 26
8664 4798 29
8714 4863 26
10399 7483 31
10467 7612 35
11304 9396 25
11478 9825 34
11535 9971 31
3872 862 26
4739 1306 30
5873 2045 34
6422 2473 25
8353 4412 29
9446 5886 28
9896 6598 33
10235 7183 26
10742 8154 29
11129 8986 27
1470 122 33
5978 2123 30
6936 2920 29
7705 3678 25
7721 3695 31
7773 3751 29
9717 6305 30
10300 7301 33
10789 8249 28
11133 8996 28
2273 293 34
3262 608 31
3576 733 33
9116 5406 33
9200 5524 29
10162 7053 28
10506 7686 35
10517 7708 27
11102 8925 29
11102 8926 27
1563 138 30
2525 362 25
3909 879 26
4294 1066 31
4594 1225 29
5306 1652 31
6297 2371 34
7117 3088 26
9944 6677 25
10399 7484 34
