200 100 481021
2 59 164
2 139 157
2 143 180
2 124 170
2 79 225
2 79 201
2 67 153
2 56 183
2 119 189
2 58 249
2 119 208
2 92 231
2 127 180
2 84 214
2 56 240
2 61 190
2 54 248
2 86 226
2 98 176
2 83 150
2 134 213
2 120 187
2 119 170
2 115 245
2 80 174
2 90 249
2 52 192
2 145 198
2 71 199
2 120 175
2 83 204
2 99 218
2 137 191
2 130 164
2 121 219
2 127 246
2 63 234
2 51 211
2 101 216
2 66 185
2 88 151
2 64 216
2 109 233
2 137 167
2 61 215
2 141 169
2 103 200
2 125 156
2 75 212
2 116 209
2 106 231
2 97 215
2 131 176
2 87 193
2 70 208
2 92 236
2 108 166
2 89 241
2 146 214
2 99 216
2 103 210
2 116 244
2 143 223
2 67 212
2 93 203
2 108 200
2 129 248
2 144 217
2 126 191
2 60 205
2 129 175
2 127 248
2 60 225
2 79 182
2 76 204
2 118 167
2 50 166
2 123 167
2 63 243
2 50 168
2 117 240
2 117 197
2 110 206
2 50 187
2 126 199
2 58 217
2 132 220
2 65 168
2 95 198
2 69 211
2 133 161
2 65 191
2 130 186
2 65 162
2 136 199
2 136 157
2 87 188
2 81 167
2 138 231
2 78 177
9487 5947 164
10556 7783 164
2494 353 147
11441 9731 157
10684 8035 153
10950 8590 137
8273 4316 170
10121 6981 170
10357 7405 150
11485 9843 170
9371 5773 132
10946 8582 184
4393 1117 153
5619 1863 151
5839 2020 176
6135 2243 171
8229 4264 167
10790 8252 164
5224 1599 177
9847 6516 143
5067 1501 131
5205 1587 175
5828 2012 178
9818 6468 166
3607 746 180
10540 7752 165
11237 9237 169
11319 9431 170
6282 2359 148
11326 9449 172
3407 664 162
9525 6006 144
1256 89 170
6698 2707 135
7369 3333 165
9833 6494 145
6384 2442 137
9202 5528 135
6049 2177 150
9347 5738 150
9863 6543 142
10345 7384 167
3839 847 162
9658 6212 166
7282 3247 167
9292 5657 165
8486 4574 158
9660 6215 175
5862 2037 140
10141 7015 174
4865 1379 174
7729 3704 175
7073 3046 159
9546 6037 164
8836 5023 133
11222 9201 182
4675 1270 166
10350 7392 160
7927 3919 154
10433 7548 172
8516 4612 164
8584 4697 133
7876 3863 171
10806 8284 135
1894 203 155
11203 9156 142
9908 6617 140
11155 9045 164
7930 3922 175
10659 7985 146
4003 923 184
7549 3515 153
653 24 152
8632 4757 163
5958 2108 131
10351 7394 131
6765 2766 159
11265 9302 158
6932 2916 154
10802 8277 168
10754 8177 151
11492 9860 151
4719 1295 163
9784 6414 146
10273 7252 165
10483 7642 142
5389 1707 167
10252 7213 160
4401 1121 166
5787 1982 174
8965 5197 169
11430 9703 133
2685 410 158
10224 7164 136
3077 540 154
4136 987 137
10356 7404 179
11507 9899 163
4621 1240 157
11470 9804 165
5782 1979 146
10734 8136 133
2840 459 135
7293 3258 168
3113 553 133
10560 7790 168
4885 1391 138
8924 5141 183
7394 3357 150
10323 7342 170
10924 8534 143
11035 8775 146
7515 3480 145
11516 9920 166
5236 1607 183
11261 9293 172
3712 791 138
7995 3995 162
4691 1279 166
6496 2535 167
4151 994 164
8068 4078 165
7809 3790 176
9371 5774 179
8354 4413 134
10722 8112 179
7538 3503 140
10126 6989 160
4353 1096 133
10450 7580 138
8511 4605 162
11041 8788 171
8133 4152 132
10420 7523 162
8924 5141 154
11225 9207 184
2379 321 167
10710 8088 145
9029 5284 131
10394 7475 144
10583 7836 155
10724 8117 152
7975 3972 162
9510 5982 173
6424 2475 163
11268 9309 140
3198 584 169
7923 3915 167
7079 3052 143
10737 8143 164
5329 1667 167
6511 2547 167
8000 4000 153
10864 8406 166
6908 2894 167
9198 5522 133
10805 8283 137
11420 9678 156
8378 4442 168
8808 4986 163
6733 2738 172
10761 8193 145
7758 3735 153
10401 7488 142
7327 3291 183
9444 5882 131
9346 5737 179
10881 8443 154
6244 2329 183
7001 2979 146
10171 7068 132
10365 7421 155
2756 432 162
9208 5536 164
10598 7865 168
11108 8939 153
1517 130 182
9440 5877 173
5395 1711 167
6873 2862 154
3146 565 144
10069 6891 157
10802 8276 162
11496 9870 157
7839 3822 139
9165 5474 162
8257 4297 146
10201 7122 140
8981 5218 146
11279 9335 154
6556 2585 157
10861 8400 157
8666 4801 134
9848 6518 163
5912 2074 167
6211 2303 167
9791 6425 142
11006 8711 157
7514 3479 132
8367 4429 158
