2000 100 4846531
20 125 164
20 131 227
20 103 181
20 112 228
20 79 242
20 100 186
20 72 211
20 102 209
20 102 197
20 84 237
20 90 171
20 75 153
20 134 184
20 144 169
20 85 167
20 74 221
20 77 246
20 144 241
20 127 174
20 122 214
20 104 183
20 125 173
20 131 233
20 62 171
20 125 237
20 82 175
20 108 195
20 127 178
20 96 208
20 71 187
20 62 232
20 137 153
20 119 152
20 142 243
20 101 250
20 134 191
20 82 193
20 107 180
20 66 164
20 105 194
20 83 174
20 50 215
20 120 233
20 54 205
20 148 195
20 67 193
20 100 227
20 123 195
20 54 164
20 93 233
20 62 178
20 76 233
20 64 150
20 55 222
20 133 161
20 136 158
20 126 224
20 115 203
20 73 190
20 76 208
20 73 210
20 69 231
20 109 156
20 95 171
20 59 234
20 80 224
20 142 242
20 75 176
20 80 233
20 52 175
20 113 200
20 85 235
20 58 179
20 112 167
20 75 195
20 143 193
20 131 246
20 119 183
20 62 186
20 71 233
20 126 233
20 105 187
20 90 197
20 145 250
20 118 210
20 59 168
20 124 171
20 73 241
20 115 248
20 82 182
20 100 174
20 89 236
20 66 186
20 98 220
20 88 219
20 52 217
20 87 234
20 96 162
20 70 223
20 55 248
3946 896 14
4302 1070 15
4442 1143 14
5900 2065 16
7350 3314 15
8015 4018 13
8523 4620 15
8754 4915 15
9316 5692 17
9424 5853 16
9481 5938 15
9638 6181 14
9855 6530 13
10447 7574 17
10516 7706 13
10592 7853 14
10814 8301 16
10828 8331 16
11294 9372 16
11432 9707 17
4136 987 16
6334 2401 15
7349 3313 12
7388 3351 15
7495 3459 17
7561 3527 15
8862 5058 17
8912 5125 14
8914 5127 17
8923 5140 14
8940 5162 17
9606 6130 13
9631 6169 14
10744 8157 16
10778 8227 17
10816 8305 15
10888 8457 16
11428 9698 17
11541 9985 14
11541 9985 14
2800 446 13
5049 1490 15
5763 1965 15
6101 2217 16
6944 2927 15
7261 3226 14
7399 3362 16
8068 4078 13
8220 4253 14
8313 4364 17
8428 4503 13
8791 4963 13
9493 5957 17
9600 6121 14
9779 6405 13
10167 7061 15
10919 8522 16
10928 8543 16
11073 8859 15
11127 8981 16
1402 111 14
2235 283 14
2535 365 17
3066 536 17
5332 1669 15
5679 1905 15
5727 1939 13
6626 2645 15
7040 3016 16
7178 3146 14
7496 3460 17
8417 4490 16
8479 4565 14
9512 5985 16
10265 7237 16
10406 7496 12
10470 7617 17
11201 9151 16
11211 9175 13
11422 9684 14
2775 438 17
4018 930 17
5792 1986 13
6008 2146 14
7547 3513 18
7710 3683 13
7785 3764 17
8156 4179 15
8628 4752 14
8726 4878 13
8898 5106 13
9712 6298 14
9908 6618 14
10041 6842 12
10530 7732 18
10585 7839 15
10589 7847 15
11077 8868 16
11388 9600 13
11389 9602 12
1857 195 13
3032 524 16
5303 1650 13
6699 2708 15
7008 2986 16
7123 3094 17
7337 3301 15
8558 4664 17
9497 5962 17
9763 6379 15
10039 6838 15
10101 6946 14
10109 6959 14
10279 7263 16
10520 7713 17
10647 7962 15
10888 8456 13
11084 8885 15
11126 8980 16
11309 9407 15
2422 333 15
3309 626 15
3533 715 17
3726 797 13
3798 829 15
4418 1130 15
4726 1299 14
6299 2373 16
7034 3010 14
7350 3314 16
7860 3845 13
8699 4844 17
9499 5966 17
9656 6209 17
9894 6594 15
10097 6939 14
10493 7662 12
10563 7797 15
11405 9642 14
11526 9948 13
1963 218 16
3691 782 14
3744 805 12
4385 1113 14
5300 1648 17
5326 1665 17
5596 1847 16
6822 2817 14
7353 3317 15
7990 3989 16
8301 4349 13
8940 5163 14
9257 5606 18
9342 5730 15
9991 6756 15
11066 8845 13
11067 8846 17
11158 9052 17
11511 9908 17
11537 9975 15
1284 93 15
3351 642 16
4601 1229 14
5062 1498 17
5106 1525 17
6002 2141 15
7661 3632 15
8005 4006 13
8088 4100 16
8453 4533 14
8637 4764 16
8977 5213 13
9151 5455 15
9208 5536 13
9451 5893 16
10593 7856 14
11026 8755 16
11105 8931 18
11291 9363 17
11417 9671 16
873 43 12
1311 97 14
4281 1059 15
5679 1905 15
5715 1931 16
5817 2004 17
6154 2258 14
6864 2854 13
7763 3740 17
7905 3895 13
7921 3912 16
8030 4034 17
8390 4456 13
8536 4636 14
9011 5259 12
9712 6297 13
10517 7707 18
10622 7912 15
11106 8934 17
11339 9479 15
1523 131 14
4812 1348 14
5507 1786 17
7137 3107 17
7275 3240 14
7587 3554 15
8163 4187 14
8299 4347 15
8312 4362 15
8991 5232 18
9483 5942 13
9637 6179 15
9705 6286 15
10089 6925 17
10392 7471 13
10427 7536 13
10779 8230 13
10894 8469 14
10911 8506 14
11431 9705 13
3785 823 12
3839 847 15
4118 978 16
4480 1163 15
6366 2427 13
7471 3435 16
7661 3632 16
8133 4152 16
8143 4164 14
8286 4331 13
8578 4689 16
9738 6339 17
9888 6584 16
9941 6673 14
10738 8145 12
10867 8412 13
11044 8796 17
11109 8940 14
11219 9193 17
11314 9420 13
3668 772 17
6252 2335 13
6718 2725 18
6920 2905 14
7467 3431 16
7565 3531 16
7742 3718 15
7874 3861 16
8224 4258 17
8668 4804 15
8726 4879 14
8989 5229 15
9279 5639 16
9697 6274 14
10018 6803 17
10402 7490 13
10545 7761 17
10698 8063 16
10766 8203 17
11362 9535 13
188 2 17
1517 130 13
4964 1438 14
5689 1912 17
5840 2021 18
7656 3626 16
8614 4735 17
8852 5044 16
9202 5528 13
9708 6292 14
10611 7891 16
10889 8460 16
10975 8644 14
11024 8751 13
11027 8757 18
11044 8796 13
11123 8973 17
11146 9024 13
11175 9092 15
11449 9750 14
3174 575 18
4851 1371 14
6382 2440 15
6504 2541 13
6592 2616 15
6803 2800 16
6873 2862 16
7732 3707 15
8583 4695 14
9019 5270 16
9049 5312 14
9138 5436 18
9253 5601 15
9553 6049 15
9830 6489 14
9850 6522 17
10831 8336 16
10849 8375 16
11006 8711 13
11536 9973 17
1256 89 13
4142 990 14
6115 2228 13
6578 2604 14
8596 4712 14
8716 4866 15
8719 4870 16
8773 4940 16
9575 6082 13
9600 6122 16
9751 6361 14
9792 6427 17
9992 6758 15
10172 7071 14
10564 7798 15
10780 8231 17
10864 8406 14
11067 8846 16
11105 8932 15
11128 8983 14
3836 846 13
5373 1696 17
6575 2601 16
6879 2868 15
7694 3666 15
8256 4296 14
8629 4754 17
8666 4801 15
8934 5155 16
9331 5715 12
9902 6607 13
10118 6976 14
10246 7202 17
10421 7525 15
10848 8372 16
10873 8425 13
10991 8679 16
11142 9016 17
11166 9072 13
11230 9219 16
1304 96 16
3980 912 16
5072 1504 13
5774 1973 17
6031 2163 15
6384 2442 15
7283 3248 18
7761 3738 13
7830 3812 16
7952 3947 14
7974 3971 17
8109 4124 15
8722 4874 15
9487 5947 14
9675 6239 14
10096 6938 16
10162 7053 16
10523 7718 15
10561 7793 15
10964 8619 17
4339 1089 13
5809 1998 16
6342 2408 14
6470 2513 14
6520 2555 18
6772 2772 16
7272 3237 16
7380 3344 16
7923 3915 14
7999 3999 12
8810 4988 16
9683 6251 14
9749 6357 18
10009 6788 15
10129 6994 12
10476 7628 14
10824 8323 17
10852 8382 15
11091 8900 17
11392 9609 13
3414 667 15
3905 877 17
5261 1623 15
5711 1928 15
5788 1983 13
5963 2112 15
7929 3921 17
8050 4057 17
8615 4736 12
9173 5486 17
9431 5863 16
9700 6279 12
9838 6502 17
9926 6647 14
10040 6840 17
10246 7203 16
10296 7293 13
11176 9095 13
11303 9392 14
11538 9978 17
3043 528 14
3628 755 16
7039 3015 13
7471 3435 15
7508 3473 14
8437 4514 14
8836 5023 17
9231 5569 15
9301 5670 16
9603 6126 13
9668 6228 13
9938 6667 17
10118 6976 15
10151 7033 17
10403 7491 16
10443 7567 17
11320 9434 17
11360 9530 15
11434 9714 14
11483 9837 12
913 47 12
3931 889 15
4326 1082 16
6591 2615 17
6770 2770 13
7293 3258 17
7538 3503 17
8610 4730 13
8739 4896 13
8951 5177 16
9172 5485 13
9179 5494 16
9388 5799 16
9599 6120 15
9642 6187 16
10519 7711 17
11036 8777 13
11128 8985 14
11380 9580 14
11497 9872 15
2250 287 15
3737 802 14
4441 1142 16
5590 1843 14
6404 2458 16
7026 3003 16
7036 3012 14
7091 3063 13
7119 3090 18
7348 3312 13
8095 4109 13
8682 4822 15
8725 4877 16
9389 5800 16
10253 7215 15
10632 7931 16
10984 8663 16
11092 8903 15
11133 8996 14
11261 9293 16
2042 236 17
2342 311 14
6160 2263 13
6948 2931 14
7286 3251 16
7484 3448 17
7788 3767 15
8490 4579 13
8636 4763 13
8685 4826 15
9239 5580 16
9303 5673 13
9722 6313 15
9723 6315 13
10306 7311 16
10405 7494 17
10673 8014 13
10890 8461 13
11046 8800 14
11467 9795 14
2756 432 15
2983 507 17
3783 822 15
5262 1624 14
6720 2726 13
6781 2780 14
6880 2869 16
7693 3665 12
8213 4245 16
8532 4632 13
8828 5013 14
9427 5857 15
9638 6181 14
10079 6907 17
10181 7086 16
10566 7803 14
10970 8633 14
10973 8640 14
11116 8957 15
11295 9374 16
1809 185 17
2784 441 15
4543 1197 17
4979 1447 15
6122 2233 13
6546 2577 14
7654 3624 17
7724 3698 13
8037 4042 17
8353 4412 14
8386 4452 14
8712 4860 16
8842 5031 16
9228 5565 15
9502 5970 16
9654 6206 14
9846 6514 14
9997 6767 17
10405 7495 17
11520 9931 15
298 5 16
1876 199 15
3246 602 17
4255 1046 16
4523 1186 15
5148 1551 16
6562 2590 18
7033 3009 17
7245 3211 13
8064 4073 16
8268 4310 14
8713 4862 14
8903 5112 15
9804 6446 15
9845 6513 13
9852 6524 12
10349 7391 14
10444 7568 17
10691 8050 16
10843 8363 17
1464 121 14
3971 908 14
4967 1440 13
5261 1623 16
6131 2240 13
6782 2781 16
6839 2832 16
6857 2848 14
7895 3884 13
8100 4114 17
8246 4284 13
8680 4819 16
8958 5187 17
9652 6203 13
9805 6447 16
11033 8772 15
11298 9380 13
11310 9409 15
11335 9469 15
11398 9623 17
3102 549 15
4199 1018 14
4619 1239 15
5082 1510 15
5329 1667 14
5542 1810 14
7153 3122 15
7729 3704 17
7820 3802 15
8544 4646 14
9070 5341 14
9124 5416 15
9873 6559 17
10405 7495 13
10485 7646 13
10504 7682 17
10571 7812 17
10734 8136 15
11055 8819 16
11058 8827 16
2921 486 15
4380 1110 14
4497 1172 15
5238 1608 12
5509 1787 14
6355 2418 14
6649 2665 16
6753 2755 13
7118 3089 15
8639 4767 13
9856 6531 14
9966 6714 17
10475 7626 16
10515 7703 12
10693 8053 15
10752 8173 15
11007 8713 14
11296 9376 17
11396 9618 16
11487 9846 15
421 10 12
1989 224 17
4257 1047 14
6363 2425 16
6911 2897 17
7597 3564 14
8338 4394 16
8390 4456 13
9017 5268 14
9341 5729 13
9551 6045 13
9753 6364 13
9770 6391 16
10047 6852 13
11109 8942 15
11216 9187 14
11315 9422 13
11350 9506 14
11465 9792 13
11475 9817 13
2846 461 15
5007 1464 17
5045 1487 14
5079 1508 16
6633 2651 13
7715 3689 14
7734 3709 16
7805 3785 17
7891 3879 17
7931 3924 15
8303 4352 14
8726 4879 12
9232 5570 17
9463 5911 15
9580 6091 15
9821 6473 17
10487 7650 16
10859 8396 15
10879 8438 17
10893 8468 17
6356 2419 15
6602 2624 14
6890 2878 17
7329 3293 15
7478 3442 16
7884 3872 16
8231 4267 13
9736 6336 17
9901 6605 16
10048 6854 17
10121 6980 15
10332 7360 16
10448 7576 13
10666 8000 16
10873 8425 16
10952 8595 15
11323 9441 14
11419 9676 15
11471 9807 17
11536 9972 15
4393 1117 17
5053 1492 16
5058 1495 14
5335 1671 17
6606 2628 18
6720 2726 13
6826 2820 12
7021 2998 14
7160 3129 13
7293 3258 17
7396 3359 13
7442 3406 17
7746 3722 14
9064 5333 14
9487 5948 15
9789 6422 13
10609 7887 16
10739 8148 15
11256 9280 17
11291 9364 16
1857 195 16
3701 786 14
3913 881 15
4029 935 17
4639 1250 13
4746 1310 12
6205 2298 16
7524 3489 13
7594 3561 17
8946 5170 15
9471 5923 15
9531 6015 16
9794 6429 13
10209 7136 13
10698 8063 14
10718 8104 17
10831 8337 17
10951 8591 15
10979 8652 17
11450 9753 17
1629 150 17
4634 1247 17
5269 1628 15
6084 2204 14
6303 2376 14
6521 2556 13
7358 3322 17
7642 3612 16
7775 3753 14
8211 4243 13
9005 5251 17
9357 5753 14
9456 5901 13
9478 5934 17
9479 5935 17
9533 6017 15
10577 7823 15
10862 8401 17
11333 9465 17
11497 9873 15
1998 226 14
3442 678 13
3814 836 14
7725 3699 16
7928 3920 14
7961 3957 17
8445 4524 14
8801 4977 15
9024 5278 13
9352 5746 16
9600 6121 17
9752 6362 16
9829 6486 15
9939 6669 15
10005 6780 17
10446 7572 15
10809 8291 15
11180 9104 16
11233 9226 16
11478 9825 13
3963 904 15
4987 1452 13
5511 1789 14
6038 2169 15
7323 3287 13
7965 3961 14
8249 4288 14
8387 4453 13
9013 5262 13
9471 5923 15
9500 5967 14
9584 6097 16
9589 6104 17
9675 6239 15
9998 6769 14
10737 8143 13
10767 8205 14
11097 8913 16
11210 9172 14
11339 9480 14
3783 822 16
4427 1135 13
4581 1218 13
5824 2009 17
6434 2483 14
7169 3137 14
7216 3183 17
7937 3930 13
7963 3959 16
8054 4062 15
8122 4139 14
8360 4420 14
9049 5312 13
9121 5412 17
10048 6855 13
10522 7717 17
10887 8454 14
11345 9494 13
11405 9641 15
11410 9654 16
1917 208 13
3733 800 12
5113 1529 15
5287 1640 13
5406 1718 17
5855 2032 14
6314 2385 16
6721 2727 16
8203 4233 14
8317 4368 14
8789 4961 18
9305 5676 14
9353 5747 12
9712 6297 13
9879 6569 14
9901 6605 14
10352 7397 17
10615 7899 15
11136 9002 14
11306 9399 16
2334 309 13
3110 552 17
5551 1816 17
6609 2630 15
7002 2980 17
7378 3342 15
7874 3860 13
8289 4335 13
8960 5190 13
9008 5256 17
9441 5878 15
9595 6113 16
9755 6366 16
10004 6779 16
10154 7039 14
10391 7468 16
10782 8236 13
10857 8392 15
10930 8547 16
11087 8892 14
2203 275 16
3781 821 14
3909 879 16
4819 1352 17
4885 1391 13
6599 2622 16
6864 2854 16
6931 2915 14
7059 3033 15
7278 3243 12
8828 5013 16
9061 5329 14
9100 5383 16
9195 5518 15
9273 5630 16
9274 5631 16
11023 8748 14
11364 9541 14
11507 9899 17
11509 9902 13
3737 802 13
5241 1610 17
5368 1693 14
5596 1847 17
5840 2021 15
6512 2548 12
7366 3330 16
7633 3602 17
8562 4669 13
8759 4921 14
9019 5271 17
9061 5329 14
9825 6481 13
9853 6526 14
9960 6705 17
10090 6926 14
10563 7796 17
10565 7800 14
11250 9266 17
11428 9698 16
2227 281 14
4345 1092 16
5652 1886 17
6932 2916 14
7609 3577 12
8453 4534 13
8568 4677 14
8905 5115 17
9216 5547 13
9281 5641 16
9471 5924 15
9866 6547 14
9943 6675 13
10064 6882 16
10218 7152 12
10297 7296 16
10503 7680 18
10519 7712 13
10590 7850 16
11098 8916 15
2323 306 12
3288 618 15
3794 827 17
4157 997 16
5072 1504 17
5205 1587 12
5475 1764 14
6410 2463 13
6956 2938 16
7445 3409 14
8125 4143 13
8754 4915 15
9176 5491 14
9228 5564 14
9335 5720 14
10613 7894 17
10865 8409 18
10886 8453 14
11061 8834 16
11129 8987 13
3099 548 14
3449 681 15
5135 1543 15
5706 1924 16
6190 2286 14
7013 2990 13
7182 3150 14
7669 3640 15
8262 4303 17
8477 4563 16
8610 4730 14
9321 5700 17
9463 5911 13
9734 6333 15
9982 6741 17
10241 7193 16
10301 7302 14
10765 8200 14
10814 8301 17
11349 9504 15
1994 225 17
2215 278 17
2818 452 14
3257 606 15
3724 796 17
4095 967 17
7450 3414 18
7541 3507 17
7933 3926 16
8454 4535 14
9056 5322 17
9778 6403 16
10311 7320 16
10427 7536 16
10431 7543 17
10465 7608 17
10580 7829 15
10783 8237 13
11446 9744 13
11454 9764 17
3124 557 16
3363 647 15
4387 1114 13
5803 1994 14
6221 2311 14
6640 2657 14
7218 3185 15
7765 3742 13
7922 3913 12
8426 4500 13
9898 6600 12
10167 7061 16
10233 7180 17
10254 7218 16
10463 7605 13
10528 7728 16
10587 7843 17
10665 7998 16
10852 8381 14
11202 9153 18
4523 1186 14
5135 1543 15
6616 2636 17
6671 2684 14
7055 3030 15
8429 4504 17
8697 4841 13
9119 5409 16
9220 5553 14
9524 6004 15
9603 6126 13
9746 6352 16
9965 6713 13
10339 7372 17
10648 7964 15
10981 8658 17
11073 8860 14
11173 9086 16
11253 9274 13
11523 9939 14
2330 308 13
2528 363 16
3020 520 14
3555 724 15
3607 746 14
5466 1758 17
5809 1998 14
5815 2003 14
6957 2939 16
7532 3497 13
7812 3793 12
8564 4672 15
9846 6515 17
10253 7216 15
10370 7430 12
10374 7436 17
10643 7954 13
10744 8158 17
10865 8409 13
11252 9272 16
2151 262 13
4376 1108 17
4849 1370 13
7306 3270 16
7336 3300 14
7597 3565 16
9085 5362 17
9250 5597 14
9266 5619 13
9418 5844 15
9439 5875 17
9573 6080 16
9650 6200 14
9854 6528 15
10198 7116 14
10399 7484 16
10757 8183 13
10775 8221 16
10854 8385 16
11232 9225 15
1440 117 15
3113 553 14
4221 1029 16
5085 1512 14
7130 3100 17
7728 3702 12
7765 3742 16
7853 3837 13
8376 4439 14
8845 5035 15
8933 5153 14
8965 5197 14
8997 5240 14
9737 6338 17
10545 7762 15
10563 7797 18
10677 8021 13
10856 8390 17
11109 8940 16
11397 9622 13
765 33 17
3640 760 15
4892 1395 13
5662 1893 14
6138 2246 15
6321 2391 15
6945 2928 17
7447 3411 13
7840 3823 17
7898 3887 15
8320 4372 13
8540 4641 13
8588 4702 17
10784 8240 16
10903 8488 17
11096 8911 14
11108 8938 14
11411 9655 12
11451 9755 14
11523 9939 14
2867 468 14
3122 556 13
4461 1153 17
4861 1377 17
5374 1697 16
6201 2295 13
7940 3934 14
8142 4163 16
8283 4328 14
8784 4954 17
9172 5484 13
9516 5992 17
9540 6028 13
9593 6110 17
9611 6139 13
10317 7331 15
11337 9475 13
11481 9832 15
11493 9861 16
11540 9984 15
2458 343 14
3108 551 16
4904 1402 18
5137 1544 13
5281 1636 13
6284 2361 13
6415 2467 17
6473 2515 14
6632 2650 14
6754 2756 17
6862 2852 17
8346 4403 15
9480 5937 14
10015 6798 16
10117 6973 15
10532 7736 13
10560 7790 15
10603 7874 14
11023 8750 13
11433 9711 13
3533 715 15
5632 1872 15
6684 2695 13
6828 2822 17
7364 3328 14
7486 3450 15
7489 3453 17
7675 3646 14
8495 4585 12
8843 5032 15
8846 5036 16
9292 5657 15
9686 6256 14
9770 6391 17
9813 6461 18
10178 7082 14
10691 8049 14
10722 8113 13
11031 8766 16
11526 9948 17
2465 345 14
2997 512 15
5619 1863 14
5872 2044 13
6220 2310 16
7104 3076 15
8052 4059 15
8357 4417 17
8361 4421 16
8848 5039 12
9519 5996 15
9612 6140 17
9626 6162 14
9795 6431 15
10326 7348 14
10521 7715 14
10564 7799 17
10692 8051 14
10695 8058 15
10815 8304 13
2029 233 14
4087 963 15
5117 1532 14
5743 1951 15
5922 2081 17
5994 2135 14
7313 3277 16
7554 3520 15
7945 3939 13
9511 5984 15
9718 6308 17
9895 6595 15
9917 6632 14
10422 7526 13
10595 7858 16
10678 8023 16
10740 8149 13
10742 8153 12
10762 8194 13
11377 9572 14
2334 309 13
6618 2638 14
6633 2651 17
6889 2877 14
7069 3043 18
7140 3110 13
7826 3808 17
7860 3845 15
8401 4470 14
8466 4549 13
9378 5784 16
9837 6500 14
10071 6893 17
10115 6971 15
10607 7882 17
10977 8648 17
11136 9003 16
11211 9175 15
11361 9534 15
11498 9875 13
2179 269 17
2921 486 13
4502 1175 14
4742 1308 15
5581 1837 18
5732 1943 13
5931 2088 13
7132 3102 17
7155 3124 14
7704 3677 16
7901 3890 17
9436 5871 13
9915 6629 13
10052 6861 14
10063 6880 15
10341 7375 17
10465 7608 17
10617 7902 14
10638 7943 16
11107 8936 13
5080 1509 16
6193 2289 15
6747 2750 16
7267 3232 15
7780 3758 16
7845 3829 16
8037 4042 16
8400 4469 17
9200 5524 17
9656 6209 17
9689 6261 14
10218 7152 15
10314 7326 16
10347 7386 17
10586 7841 13
10639 7946 15
10719 8106 14
10925 8535 13
11097 8914 15
11113 8951 17
4688 1277 14
5959 2109 17
7124 3095 13
7380 3344 15
7437 3401 13
7728 3703 17
8085 4097 16
8254 4294 16
8470 4554 13
8675 4813 13
8770 4936 12
9183 5500 17
9781 6409 15
10177 7079 17
10538 7748 14
10712 8093 13
10743 8156 16
11286 9352 16
11297 9378 12
11326 9447 16
3593 740 18
4167 1002 16
5203 1586 14
5345 1678 14
6262 2343 17
6427 2477 15
6488 2528 15
7490 3454 16
8039 4045 13
8500 4592 14
8649 4779 15
8985 5224 17
9123 5415 16
9388 5799 15
9458 5903 16
9612 6140 16
9753 6364 16
10961 8614 17
11014 8730 15
11202 9155 17
2953 497 16
3417 668 17
3567 729 15
3967 906 15
5236 1607 14
7494 3458 13
7609 3577 16
7905 3895 17
7944 3938 16
8175 4201 13
8351 4409 16
9239 5581 14
9265 5618 16
9588 6103 13
9755 6367 15
10080 6910 15
10563 7797 17
10588 7846 16
10623 7915 15
10765 8200 13
2997 512 13
3881 866 13
4641 1251 16
4693 1280 17
5321 1662 15
5347 1679 12
5623 1866 17
6076 2198 14
7384 3348 14
7929 3921 14
8359 4419 16
8475 4561 17
9062 5330 17
9076 5350 16
9448 5888 16
9804 6446 16
10318 7334 16
10976 8647 17
11034 8774 13
11045 8798 13
4861 1377 14
4964 1438 17
5892 2059 13
6079 2200 16
6124 2235 16
7596 3563 14
7981 3979 15
8046 4052 16
8397 4465 17
8664 4798 16
9091 5370 13
9538 6026 16
9672 6235 16
10043 6845 13
10420 7523 16
10641 7949 15
10809 8292 17
11168 9076 13
11219 9193 15
11338 9476 14
3504 703 15
3918 883 17
4243 1040 15
4439 1141 17
4880 1388 14
5397 1712 17
5609 1856 17
6964 2945 14
7573 3540 13
8004 4005 16
9121 5412 14
9209 5537 16
10134 7004 15
10254 7217 14
10372 7433 16
10407 7499 14
10416 7516 17
10607 7882 17
10681 8029 13
10779 8229 14
3792 826 15
4289 1063 15
4530 1190 16
4819 1352 15
4824 1355 13
5043 1486 13
5725 1938 15
6758 2760 14
8948 5174 14
9029 5284 17
9137 5435 16
9461 5908 15
9712 6297 17
10305 7309 13
10488 7652 15
10613 7894 15
10617 7902 15
10920 8525 17
11139 9008 16
11300 9385 17
2525 362 15
2714 419 13
4456 1150 13
4917 1410 15
5358 1686 17
5548 1814 14
5796 1989 14
6126 2236 16
6313 2384 14
6917 2902 12
7351 3315 15
7795 3774 14
8841 5029 17
9159 5466 16
9509 5981 17
10129 6995 16
10427 7536 16
11082 8881 16
11246 9256 12
11399 9626 15
2876 471 13
5542 1810 15
6762 2763 14
6797 2794 15
7895 3884 17
7898 3887 15
7911 3901 15
8062 4071 15
8525 4623 18
9011 5260 16
9569 6073 16
9703 6283 15
9883 6576 15
10088 6924 17
10353 7398 14
10431 7543 14
10751 8172 16
10956 8602 17
10967 8627 15
11197 9143 16
1876 199 14
3228 595 17
4598 1227 13
4848 1369 14
5872 2044 14
6082 2202 17
6574 2600 15
7087 3060 14
7100 3072 13
7413 3377 16
8226 4260 13
8487 4575 15
8575 4685 16
9087 5365 14
9577 6085 14
10108 6958 16
10217 7151 17
10346 7385 17
10967 8626 15
11344 9491 16
2956 498 17
3009 516 17
3521 710 14
4513 1181 16
4591 1223 17
5911 2073 15
6284 2361 14
7003 2981 15
7896 3885 14
8265 4306 14
9819 6471 15
10168 7064 16
10216 7148 16
10229 7173 14
10374 7436 14
10611 7891 17
11220 9195 17
11263 9298 16
11489 9851 17
11514 9916 16
923 48 14
932 49 15
3595 741 14
4014 928 14
4695 1281 15
5895 2061 16
6240 2326 14
6408 2462 15
6972 2953 14
7480 3444 12
7729 3704 13
8505 4598 13
9491 5953 16
10320 7338 15
10777 8225 14
10845 8366 17
11017 8736 13
11121 8967 13
11306 9399 17
11469 9801 13
3680 777 15
4459 1152 17
6864 2854 18
7322 3286 15
7570 3536 14
7661 3631 13
8540 4641 16
8715 4864 16
8874 5074 15
8987 5227 13
9634 6174 17
9970 6722 12
10565 7801 16
10670 8008 16
10929 8544 15
10956 8603 17
11062 8836 13
11189 9123 14
11252 9272 14
11463 9785 13
2849 462 13
4167 1002 14
4241 1039 17
5659 1891 15
6501 2539 16
7429 3393 13
8357 4416 14
8390 4457 17
8428 4503 12
9593 6111 15
9755 6366 17
9766 6385 16
9790 6424 17
9812 6459 14
10088 6923 17
10138 7010 13
10347 7387 14
10514 7701 17
10829 8332 15
11286 9351 16
4472 1159 17
5072 1504 14
5109 1527 16
5526 1799 13
7190 3158 13
7840 3823 17
7877 3864 16
8000 4000 14
8017 4020 17
8763 4927 17
9108 5394 12
9272 5628 15
9655 6208 14
9877 6565 13
10207 7132 15
10468 7614 15
10833 8342 16
11263 9298 16
11272 9318 15
11415 9665 13
692 27 16
3550 722 15
4383 1112 18
6239 2325 13
6625 2644 14
7787 3766 17
8212 4244 14
8874 5073 16
8930 5149 14
9683 6252 13
10007 6784 13
10071 6893 14
10180 7084 13
10355 7401 16
10587 7844 13
10622 7912 13
10686 8039 13
10722 8113 16
10884 8449 16
11084 8885 16
1739 171 17
2270 292 17
2382 322 14
7346 3310 13
7464 3428 13
7467 3431 15
7678 3649 12
7998 3998 13
8220 4253 14
9031 5287 16
9062 5330 13
9546 6037 13
9650 6199 17
9850 6522 12
9862 6541 15
10675 8018 16
10879 8437 16
11108 8939 13
11355 9517 17
11457 9772 15
2304 301 17
2669 405 13
3225 594 13
5111 1528 13
6292 2367 16
6885 2873 13
7322 3286 15
7748 3724 16
8129 4147 16
8197 4227 17
8504 4596 13
9118 5408 15
9232 5570 14
9284 5645 13
9348 5740 17
9627 6164 14
10238 7188 16
10701 8070 17
10856 8389 14
10971 8636 17
2469 346 16
3542 719 15
5191 1578 17
5356 1685 14
5852 2030 14
6683 2694 16
6809 2805 13
6822 2817 17
7170 3138 16
7594 3561 12
7831 3813 16
8209 4240 17
8332 4387 14
8430 4505 16
8687 4828 13
9195 5517 17
11115 8955 13
11158 9052 14
11392 9608 17
11417 9671 16
1206 82 17
1998 226 17
4328 1083 14
4603 1230 17
5072 1504 13
7300 3264 13
8688 4829 13
8880 5081 17
9044 5305 17
9133 5429 17
9165 5475 15
9364 5763 17
9915 6629 13
10468 7614 16
10561 7792 13
10998 8693 17
11195 9137 17
11304 9395 14
11329 9455 16
11476 9818 17
1885 201 15
3228 595 13
4027 934 15
4418 1130 15
6324 2393 17
6687 2698 16
7205 3172 13
7758 3735 16
8926 5143 16
9045 5306 13
9084 5360 15
9841 6506 14
9867 6550 17
9994 6762 13
10227 7169 17
10643 7953 15
11036 8777 17
11093 8904 13
11341 9484 17
11527 9949 17
3195 583 16
5256 1620 13
5574 1832 14
6123 2234 13
7067 3041 15
7924 3916 14
8846 5036 13
8853 5045 14
9322 5701 17
9350 5743 17
10096 6937 16
10253 7215 16
10309 7317 15
10464 7606 16
10651 7970 13
11032 8769 16
11045 8798 17
11114 8952 13
11258 9285 14
11303 9392 13
1383 108 18
2830 456 15
4831 1359 15
5184 1574 13
5500 1781 16
5980 2125 15
6496 2535 13
6666 2679 14
7229 3195 14
7765 3742 12
8403 4472 13
8509 4603 15
9731 6328 14
10414 7511 13
10434 7549 17
10506 7687 13
10693 8054 15
10905 8494 16
11480 9830 14
11514 9915 15
1242 87 17
1749 173 14
4267 1052 14
6689 2699 17
7552 3518 15
7646 3616 15
8041 4047 12
8164 4188 16
8194 4223 14
9044 5305 17
9207 5535 17
9369 5771 14
10141 7016 16
10244 7200 14
10313 7325 15
10643 7953 18
10757 8184 14
10803 8278 13
11001 8700 15
11379 9578 16
2254 288 16
3678 776 14
4185 1011 17
4583 1219 14
5756 1960 13
6006 2144 15
6270 2350 16
6869 2859 17
7129 3099 17
8163 4187 13
8493 4583 17
8520 4617 14
8716 4865 17
8912 5125 13
9231 5569 14
9984 6745 14
10098 6940 15
10335 7364 14
10458 7595 16
10715 8099 13
3535 716 15
3995 919 13
4169 1003 15
5028 1477 14
5706 1924 15
7349 3313 17
7465 3429 17
7742 3718 16
8845 5035 17
9082 5358 17
9501 5969 16
9945 6679 17
9970 6721 17
10259 7227 16
10285 7274 15
10326 7349 13
10814 8301 15
11100 8921 14
11250 9267 15
11339 9479 16
5096 1519 17
5532 1803 17
5610 1857 15
5904 2068 15
6025 2159 13
7282 3247 14
8145 4166 15
8274 4317 12
8420 4493 13
8481 4568 16
8787 4958 14
9112 5400 16
9182 5499 18
9618 6150 16
10010 6789 14
10634 7936 16
10702 8073 15
10765 8201 17
10774 8218 17
11082 8880 14
5040 1484 18
6849 2841 17
7023 3000 17
7181 3149 16
7486 3450 17
7585 3552 16
7912 3902 16
8106 4121 14
8291 4338 16
8856 5050 14
9206 5533 14
9577 6085 17
10324 7345 12
10610 7888 14
10855 8387 15
10962 8615 17
10968 8629 14
11166 9072 15
11364 9541 18
11472 9808 13
1724 168 14
2231 282 16
2821 453 14
5211 1591 15
5377 1699 15
6088 2207 13
6563 2591 14
6629 2647 15
7850 3834 13
8256 4296 17
8734 4889 17
8951 5178 16
9058 5325 16
9068 5339 15
9395 5809 12
10167 7062 13
11042 8790 17
11183 9109 13
11264 9299 14
11439 9725 13
2803 447 13
2968 502 15
3885 868 17
5284 1638 16
5469 1760 16
6321 2391 13
6637 2654 16
7170 3138 17
7225 3191 14
8526 4624 12
9099 5381 16
9749 6357 17
9973 6726 14
10263 7234 14
10351 7394 17
10464 7606 15
10819 8312 14
11109 8941 16
11170 9079 14
11312 9415 14
2965 501 17
5239 1609 15
5445 1744 15
5862 2037 15
6490 2530 13
6673 2685 17
7736 3711 15
8714 4863 13
8718 4868 13
8899 5107 16
8945 5169 14
9660 6216 14
9902 6608 15
10438 7556 15
10468 7613 15
10897 8476 13
10993 8683 13
11199 9147 17
11207 9166 14
11465 9792 16
2912 483 13
3187 580 16
3714 792 15
4056 948 15
4942 1425 16
6511 2547 15
6583 2608 15
7572 3539 16
7969 3966 13
8001 4002 17
8320 4372 15
8435 4511 17
8997 5240 13
9454 5898 16
10142 7018 15
10637 7941 17
10798 8269 13
10929 8545 13
10975 8643 15
11284 9347 17
1789 181 17
1899 204 17
2756 432 14
4832 1360 14
5748 1954 17
5807 1997 17
8174 4200 15
8225 4259 15
8407 4477 17
8694 4837 15
8819 5000 13
8943 5167 15
9416 5840 16
9946 6680 15
10437 7555 15
11023 8748 16
11090 8898 13
11105 8932 15
11261 9292 17
11314 9418 16
1876 199 13
5391 1708 15
5773 1972 13
6037 2168 14
6234 2321 14
6311 2383 17
6323 2392 13
7939 3932 14
8515 4610 13
9306 5678 15
9426 5855 17
9588 6102 14
9686 6256 16
9867 6549 14
10135 7005 14
10370 7429 13
11060 8832 15
11061 8834 17
11156 9047 14
11432 9708 16
1894 203 17
3705 788 15
5777 1975 16
7008 2986 17
7729 3704 13
8258 4298 14
8268 4310 14
8440 4518 13
8444 4522 17
9715 6302 13
10205 7130 13
10360 7410 13
10643 7954 15
10682 8031 14
10940 8568 13
11093 8904 16
11173 9087 17
11186 9118 16
11368 9549 15
11472 9810 15
3023 521 16
3351 642 15
4383 1112 15
4585 1220 14
4616 1237 17
5548 1814 17
5564 1825 13
6634 2652 16
7667 3638 14
7774 3752 17
8057 4065 17
8528 4626 12
8910 5122 15
9377 5782 12
9390 5801 13
10230 7174 15
10441 7563 14
10955 8601 16
11510 9906 12
11533 9965 17
3839 847 15
4504 1176 17
5219 1596 14
5342 1676 14
5494 1777 16
5924 2083 17
6803 2800 17
7074 3047 12
8078 4089 13
8634 4760 17
8664 4798 13
8794 4968 13
9345 5735 16
9914 6627 15
9960 6704 15
9961 6706 13
10068 6888 15
10586 7841 16
10829 8333 13
11487 9846 13
3902 876 18
4047 944 12
5101 1522 14
5536 1806 16
6514 2550 13
7200 3167 13
7452 3416 15
7483 3447 16
8176 4202 16
9656 6209 16
9863 6542 15
10238 7189 17
10283 7270 17
10440 7561 17
10795 8262 16
10906 8495 14
10963 8618 17
11299 9383 16
11416 9668 12
11494 9865 13
2167 266 13
4598 1227 16
4600 1228 17
5124 1536 18
5355 1684 16
5446 1745 13
5495 1778 15
5729 1941 17
6314 2385 16
6664 2678 17
6923 2908 14
7079 3052 16
7644 3614 16
7757 3734 17
8912 5124 16
9190 5510 17
10165 7059 13
10244 7199 15
10707 8083 14
11082 8881 16
