1000 100 236454
10 77 185
10 132 247
10 120 171
10 89 170
10 87 239
10 130 177
10 106 169
10 127 193
10 86 205
10 119 226
10 81 191
10 62 210
10 100 187
10 118 176
10 99 164
10 88 170
10 67 190
10 80 243
10 134 150
10 120 235
10 73 247
10 106 232
10 99 196
10 79 188
10 89 231
10 150 221
10 63 238
10 114 175
10 120 213
10 127 197
10 64 215
10 146 180
10 148 182
10 135 151
10 70 171
10 132 175
10 74 171
10 117 242
10 84 194
10 68 169
10 74 154
10 125 215
10 122 169
10 94 174
10 131 225
10 102 196
10 146 248
10 71 237
10 122 184
10 130 224
10 57 225
10 51 169
10 134 164
10 106 157
10 79 181
10 98 154
10 69 192
10 138 234
10 54 245
10 52 181
10 51 218
10 70 249
10 72 199
10 125 162
10 74 189
10 125 221
10 121 153
10 111 246
10 95 223
10 142 248
10 109 193
10 98 154
10 79 169
10 148 232
10 120 244
10 122 200
10 137 150
10 61 156
10 105 190
10 52 240
10 74 216
10 50 233
10 50 238
10 119 206
10 64 158
10 68 197
10 122 201
10 85 159
10 77 232
10 134 166
10 135 216
10 127 238
10 100 184
10 55 205
10 136 207
10 133 154
10 65 194
10 98 165
10 97 224
10 149 248
418 101 34
726 323 28
811 413 30
813 415 28
896 519 31
974 635 33
981 647 36
1100 870 29
1135 951 34
1142 970 33
188 20 34
233 31 27
326 61 32
597 212 28
703 301 30
791 391 36
898 522 35
1076 820 28
1095 859 36
1126 931 26
368 78 34
395 90 27
406 95 36
574 195 32
662 264 26
893 516 35
910 539 31
994 668 36
1085 839 30
1095 861 29
545 175 34
620 230 35
645 250 36
711 309 32
715 312 35
893 516 29
988 658 34
1024 720 35
1043 755 32
1088 846 27
218 27 31
525 162 28
619 229 34
633 240 35
659 262 34
752 349 35
825 430 36
1008 692 36
1121 919 26
1126 930 33
679 279 31
708 306 36
815 418 29
884 504 35
1025 722 33
1049 766 36
1058 784 35
1081 830 30
1083 834 34
1101 872 31
501 147 27
673 274 30
808 410 26
926 562 34
1069 805 28
1118 911 26
1126 930 30
1133 948 28
1146 978 34
1150 989 34
445 115 33
579 199 32
720 317 28
743 340 30
749 346 35
818 421 30
1077 822 33
1112 897 31
1113 901 36
1119 914 31
373 80 32
549 178 34
590 207 29
660 263 33
785 384 29
786 385 34
927 563 30
966 622 29
984 652 31
1137 957 30
640 246 32
652 256 26
702 300 26
722 319 30
828 433 29
950 597 29
980 645 28
1004 685 33
1032 734 36
1075 817 33
445 115 29
593 209 31
755 352 28
854 465 29
930 567 26
970 628 26
1009 694 31
1068 804 29
1134 950 30
1143 972 32
265 40 30
793 393 32
840 448 35
894 517 29
911 541 29
963 618 27
1016 706 34
1054 777 32
1113 899 34
1120 915 34
197 22 33
403 94 28
495 143 28
519 158 30
545 175 34
767 365 33
804 405 33
905 532 33
1032 734 33
1094 857 31
721 318 30
770 368 27
777 375 29
980 644 26
982 648 36
1067 801 33
1070 807 35
1083 835 35
1110 894 27
1120 917 26
310 55 35
428 106 32
462 124 26
749 346 26
823 427 27
901 526 33
972 631 26
1085 839 29
1098 866 35
1133 947 29
296 50 35
491 141 29
602 216 28
720 317 32
914 545 29
938 579 36
944 588 33
965 620 26
981 647 32
1039 747 31
214 26 33
281 45 27
724 321 36
874 490 30
932 571 35
999 677 35
1068 804 31
1120 915 32
1122 920 28
1132 944 30
649 253 34
672 273 30
816 419 30
848 457 30
878 496 28
951 599 28
1012 699 35
1120 915 33
1141 966 27
1150 989 34
197 22 31
241 33 36
486 138 26
813 415 27
936 576 31
966 622 29
1077 822 35
1077 822 36
1078 824 35
1143 972 29
399 92 35
491 141 26
536 169 36
610 222 31
666 268 33
800 400 28
916 547 30
1051 770 31
1075 817 29
1104 880 32
230 30 26
646 251 30
768 366 34
790 389 31
793 393 26
886 506 29
975 636 33
975 636 36
1037 744 33
1094 858 30
318 58 26
495 143 27
604 217 29
885 505 31
923 557 28
1047 762 30
1049 767 35
1084 837 31
1112 897 33
1133 946 28
533 167 26
674 275 33
687 286 28
963 618 30
968 625 30
978 642 36
1006 689 30
1016 706 29
1068 804 28
1101 874 28
248 35 31
342 67 31
574 195 26
738 335 32
782 381 27
808 410 36
981 646 27
1020 713 36
1042 754 35
1148 985 27
339 66 32
609 221 35
692 291 35
704 302 36
731 328 31
963 617 32
1021 715 35
1064 795 30
1069 805 34
1124 926 33
479 134 33
601 215 30
736 333 29
961 615 27
1009 694 36
1021 714 34
1028 728 32
1041 751 28
1050 769 36
1148 984 32
278 44 35
568 191 27
802 403 33
803 404 36
835 441 34
928 565 29
987 656 29
1008 691 29
1073 814 30
1101 873 30
94 5 34
614 225 29
794 394 31
897 521 31
948 595 36
953 602 26
1038 746 32
1069 806 27
1106 885 27
1117 908 31
486 138 35
645 250 27
884 503 35
911 540 35
913 543 29
916 547 28
1001 680 33
1102 876 34
1147 982 29
1151 991 29
173 17 30
299 51 34
656 259 35
695 294 36
1024 720 31
1027 726 29
1038 746 28
1092 854 34
1118 912 32
1143 972 31
688 287 27
734 331 27
778 376 33
866 480 27
891 513 34
936 577 36
975 637 28
1102 875 30
1125 927 31
1147 981 27
434 109 30
458 122 27
483 136 29
644 249 34
677 277 33
841 449 26
873 489 33
958 610 29
1027 725 35
1117 908 29
443 114 26
483 136 26
693 292 32
698 296 33
731 328 34
764 361 33
846 455 32
898 522 32
942 585 34
1003 683 30
248 35 29
296 50 34
509 152 33
583 202 27
703 301 26
875 492 27
906 533 31
1033 736 33
1036 742 36
1064 795 27
611 223 33
675 276 27
780 379 33
886 506 35
934 574 33
966 623 31
980 645 36
1066 799 26
1080 829 33
1147 981 28
673 274 31
799 399 36
942 585 26
959 611 32
1017 707 36
1018 710 29
1033 737 31
1034 739 33
1126 929 36
1148 984 35
508 151 29
509 152 32
581 200 35
586 204 31
614 225 33
650 254 29
1002 682 28
1019 711 34
1062 791 27
1115 905 32
438 111 34
504 149 31
844 452 36
901 527 35
922 556 30
1078 824 30
1128 936 35
1133 947 32
1135 951 30
1143 971 27
397 91 35
506 150 28
649 253 35
864 477 29
917 549 34
928 565 31
961 614 30
976 638 34
1079 826 35
1108 889 30
162 15 29
443 114 33
536 169 32
644 249 27
727 324 32
753 350 32
792 392 30
862 475 35
895 518 33
1150 990 36
393 89 29
618 228 29
878 495 26
930 567 31
954 603 34
1042 753 32
1048 764 26
1102 876 29
1115 905 29
1136 953 35
201 23 31
579 199 32
613 224 30
749 346 35
807 408 35
877 494 33
917 549 34
936 577 27
1099 868 29
1117 908 30
281 45 30
342 67 28
674 275 26
851 461 36
887 507 31
1039 748 32
1086 840 34
1086 841 27
1130 939 33
1140 963 30
441 113 30
610 222 28
733 330 36
739 336 36
848 457 28
855 466 26
944 588 31
966 622 32
1109 891 27
1118 911 27
302 52 34
324 60 30
715 312 29
747 344 27
803 404 32
805 406 30
921 554 33
1018 710 34
1083 834 31
1154 999 33
329 62 36
401 93 33
562 187 29
564 188 32
602 216 36
773 371 27
799 399 29
870 485 27
1039 748 30
1149 986 31
73 3 34
447 116 32
454 120 26
522 160 27
564 188 33
636 243 26
746 343 32
837 444 34
1088 845 31
1119 913 31
658 261 30
718 315 29
774 372 29
795 395 31
899 524 34
992 664 26
1030 730 33
1084 836 35
1119 913 35
1151 993 33
103 6 30
218 27 36
241 33 36
593 209 26
619 229 26
721 318 32
914 545 36
959 611 32
981 647 31
1018 710 35
255 37 35
371 79 35
463 125 33
536 169 26
610 222 26
615 226 35
659 262 33
789 388 27
1102 875 34
1136 955 36
384 85 29
655 258 31
745 342 27
776 374 30
865 478 36
920 553 29
983 649 27
1053 775 31
1065 797 31
1099 869 28
94 5 35
483 136 32
513 154 35
788 387 35
791 390 31
868 483 33
887 508 36
979 643 31
1096 862 34
1098 867 31
386 86 34
528 164 31
539 171 31
549 178 34
746 343 29
867 481 28
888 509 29
894 517 34
1050 769 26
1087 842 31
94 5 35
173 17 35
380 83 26
454 120 26
681 281 35
824 428 35
1031 732 27
1062 792 29
1066 799 30
1092 853 35
310 55 27
352 71 32
361 75 26
436 110 28
546 176 34
693 292 36
703 301 28
762 359 31
778 376 29
1115 905 29
759 356 30
881 500 30
944 589 31
996 671 35
1015 704 33
1093 855 33
1119 914 26
1122 920 27
1129 938 34
1142 969 31
218 27 33
586 204 35
640 246 35
689 288 36
735 332 32
841 449 35
1073 813 36
1080 829 32
1095 859 31
1101 874 30
530 165 32
675 276 27
748 345 36
849 459 35
963 618 32
981 647 28
1045 759 36
1046 760 27
1105 882 35
1148 984 27
578 198 28
721 318 29
765 362 30
783 382 26
835 441 36
859 471 27
1039 748 34
1044 757 35
1102 876 32
1148 984 33
447 116 35
572 194 26
660 263 26
781 380 34
865 478 35
935 575 27
971 630 35
1019 711 30
1063 794 29
1148 985 27
173 17 26
284 46 36
787 386 28
816 419 35
875 492 28
912 542 34
922 556 28
1097 865 35
1133 946 36
1149 987 28
103 6 29
356 73 32
665 267 34
733 330 36
761 358 26
854 465 34
1058 783 30
1071 810 34
1140 963 33
1152 995 30
589 206 30
742 339 31
865 479 36
912 542 34
961 615 28
963 618 26
964 619 31
999 676 36
1105 881 30
1129 938 28
403 94 30
456 121 36
980 645 26
981 647 27
1037 743 36
1073 814 28
1105 882 33
1106 884 35
1133 946 27
1134 949 32
237 32 27
244 34 28
814 417 33
865 478 35
879 497 27
932 571 28
978 641 28
1083 835 32
1086 840 28
1119 913 31
368 78 34
656 259 32
775 373 27
900 525 31
1005 687 31
1021 715 26
1037 743 32
1090 850 36
1128 934 28
1153 996 26
500 146 26
519 158 26
581 200 26
643 248 30
828 433 35
942 585 35
955 605 30
960 613 36
1002 681 32
1104 879 28
377 82 36
418 101 30
472 130 32
710 308 27
841 449 33
880 498 35
911 541 26
932 571 30
1051 770 29
1089 847 26
476 132 27
543 174 33
582 201 29
695 294 35
726 323 32
746 343 33
862 475 31
904 530 32
980 645 28
1006 688 30
471 129 36
537 170 32
662 264 27
704 302 34
710 308 28
720 317 34
912 542 29
1020 712 34
1045 759 29
1054 776 35
519 158 32
671 272 29
748 345 29
839 446 27
843 451 30
853 464 29
890 512 30
996 671 27
1008 692 36
1098 866 27
119 8 33
606 219 27
736 333 35
852 462 26
906 534 29
925 560 30
972 631 28
1017 707 34
1032 735 34
1153 996 31
410 97 31
536 169 29
639 245 27
747 344 33
837 444 30
861 474 35
908 536 28
931 569 34
941 584 26
1128 935 35
342 67 34
551 179 35
684 284 31
853 463 27
857 469 27
992 664 36
1018 710 27
1020 713 33
1024 720 30
1066 799 27
111 7 36
197 22 28
386 86 31
430 107 30
443 114 29
577 197 33
821 425 35
944 589 34
988 657 26
1082 832 36
258 38 31
656 259 30
689 288 29
771 369 27
840 447 35
988 658 36
1023 718 27
1063 794 28
1095 859 34
1113 900 34
496 144 31
503 148 34
760 357 29
766 363 31
857 469 31
917 549 31
918 550 26
925 561 29
1119 914 26
1137 956 26
337 65 30
380 83 31
659 262 35
679 279 28
785 384 34
891 513 33
912 542 32
953 602 26
977 640 27
995 669 26
119 8 31
226 29 35
313 56 26
597 212 27
779 377 26
819 422 31
868 483 29
948 595 31
967 624 27
1056 780 28
675 276 36
703 301 36
727 324 34
908 536 33
964 619 28
983 649 35
1072 811 35
1078 824 28
1141 967 30
1144 975 29
313 56 35
316 57 31
543 174 27
744 341 26
766 364 34
787 386 34
930 567 29
998 674 31
1012 698 34
1144 974 33
481 135 35
519 158 34
522 160 31
675 276 31
694 293 31
718 315 36
925 561 28
979 643 28
1008 691 27
1041 752 27
268 41 34
664 266 28
689 288 36
724 321 33
890 511 29
954 604 34
981 647 35
1028 728 28
1039 747 27
1108 889 28
59 2 30
126 9 27
307 54 27
332 63 34
484 137 33
562 187 36
741 338 30
960 613 35
980 644 34
1063 794 32
168 16 34
244 34 27
352 71 27
520 159 35
706 304 35
824 428 34
891 513 36
901 526 35
1039 747 28
1124 926 34
281 45 31
368 78 34
655 258 29
934 574 31
968 626 32
1022 716 33
1024 720 34
1027 725 27
1071 809 33
1134 950 27
481 135 29
854 465 33
858 470 32
950 597 30
960 613 26
991 663 27
1050 768 36
1088 844 26
1094 857 27
1128 935 26
94 5 35
770 368 31
932 571 35
968 626 27
1026 724 29
1045 759 27
1052 772 36
1079 826 32
1079 826 36
1094 858 26
173 17 31
768 366 33
814 417 27
896 519 29
906 534 33
934 574 34
943 587 29
946 591 27
983 650 27
1050 769 33
192 21 34
299 51 28
436 110 34
713 310 26
837 444 31
1105 882 32
1125 927 27
1133 946 33
1135 951 29
1148 983 34
296 50 29
344 68 31
401 93 28
408 96 34
493 142 30
664 266 27
824 428 35
915 546 29
985 653 36
991 663 34
380 83 27
380 83 35
498 145 34
586 204 30
596 211 29
876 493 27
958 610 28
1044 757 27
1052 772 28
1154 1000 30
210 25 36
347 69 29
558 184 32
568 191 33
594 210 34
756 353 27
962 616 27
1138 959 33
1140 963 32
1145 976 36
337 65 34
533 167 27
572 194 32
638 244 31
771 369 32
862 475 33
973 633 31
1043 755 32
1064 796 26
1148 984 36
467 127 36
717 314 35
746 343 36
772 370 35
780 379 31
909 537 27
919 552 29
922 556 35
925 560 26
1040 749 33
377 82 34
380 83 32
395 90 28
593 209 34
758 355 28
934 574 34
938 580 26
1036 741 29
1057 781 30
1057 782 30
641 247 35
717 314 32
776 374 30
890 512 28
941 584 29
981 646 34
991 663 36
995 669 33
1026 724 35
1050 768 34
481 135 28
558 184 29
691 290 33
719 316 30
807 408 35
937 578 26
1114 902 32
1126 929 33
1133 947 27
1152 995 27
373 80 35
483 136 28
731 328 32
773 371 32
893 515 35
988 657 33
997 673 29
1050 769 34
1061 790 29
1123 922 31
168 16 31
426 105 35
770 368 30
940 583 29
1014 703 32
1101 872 35
1123 924 29
1136 954 29
1138 960 32
1146 980 36
