2000 20 501990
100 96 168
100 130 233
100 67 168
100 70 188
100 111 152
100 80 189
100 63 221
100 147 250
100 91 222
100 96 235
100 52 180
100 142 227
100 51 163
100 67 248
100 144 217
100 74 240
100 98 160
100 100 186
100 61 183
100 148 207
218 27 2
255 37 2
299 51 2
299 51 3
313 56 3
324 60 2
354 72 2
373 80 2
447 116 3
493 142 2
498 145 3
548 177 2
585 203 3
594 210 3
611 223 3
615 226 3
633 240 2
646 251 3
656 259 3
660 263 3
667 269 2
670 271 3
691 290 2
696 295 2
717 314 3
738 335 3
742 339 3
746 343 3
759 356 3
762 359 2
817 420 3
831 437 3
834 440 2
835 441 2
841 449 2
843 451 3
849 458 2
857 469 3
866 480 3
870 485 2
875 492 3
878 495 2
878 495 2
881 500 3
890 512 2
902 528 3
909 537 3
919 551 3
923 558 2
946 592 2
956 606 2
980 644 2
984 651 2
992 665 2
998 674 3
1001 680 3
1006 688 3
1009 693 2
1009 694 3
1017 708 2
1018 709 3
1025 722 2
1028 728 2
1037 743 2
1041 751 3
1044 757 2
1048 765 2
1051 771 2
1051 771 2
1053 775 3
1054 776 2
1069 805 3
1072 811 3
1075 818 2
1076 819 3
1083 834 3
1084 837 3
1086 840 2
1086 841 3
1096 863 2
1098 866 2
1100 870 3
1110 892 2
1112 898 3
1113 901 3
1117 910 3
1118 912 2
1122 921 2
1123 924 2
1124 926 2
1126 930 2
1132 944 3
1139 962 3
1139 962 3
1142 968 2
1143 971 2
1146 980 3
1150 990 3
1152 994 2
1154 999 3
157 14 3
162 15 3
214 26 2
233 31 3
244 34 3
262 39 2
278 44 2
326 61 3
332 63 3
337 65 2
438 111 3
460 123 3
469 128 2
471 129 3
481 135 2
506 150 2
513 154 2
513 154 3
524 161 3
539 171 3
542 173 3
597 212 2
649 253 3
667 269 3
675 276 3
688 287 3
756 353 2
761 358 2
772 370 2
774 372 2
785 384 2
786 385 3
795 395 3
797 397 3
815 418 3
819 422 2
848 457 3
857 468 2
865 479 3
871 487 2
875 492 3
881 499 3
883 502 3
894 517 2
896 520 2
906 533 2
914 544 3
919 552 2
921 554 3
921 555 3
923 557 3
925 560 3
938 579 3
940 582 3
952 601 2
954 603 2
967 624 3
968 626 3
970 629 2
987 656 3
992 664 2
1009 693 3
1012 698 2
1012 699 3
1012 699 3
1029 729 3
1032 734 2
1033 737 3
1034 739 2
1036 741 2
1041 752 3
1044 756 3
1044 757 3
1051 770 2
1052 773 2
1053 774 2
1055 778 2
1058 784 3
1060 787 2
1080 828 2
1082 833 3
1086 840 3
1092 853 3
1095 860 3
1095 861 2
1099 869 3
1100 870 3
1105 881 3
1113 899 2
1118 911 2
1123 923 2
1123 923 3
1128 936 2
1132 945 3
1133 946 3
1134 949 2
1140 964 3
1148 984 3
1152 995 3
1153 997 3
126 9 2
151 13 3
222 28 3
321 59 3
326 61 3
393 89 2
430 107 3
436 110 3
458 122 2
462 124 2
508 151 2
513 154 2
517 157 2
528 164 3
540 172 3
549 178 2
565 189 2
571 193 2
604 217 3
606 219 3
614 225 2
622 231 2
633 240 2
636 243 2
672 273 3
677 277 2
678 278 3
680 280 3
681 281 2
693 292 3
701 299 3
727 324 3
760 357 2
760 357 3
761 358 3
765 362 2
776 374 3
780 378 2
781 380 2
788 387 3
791 391 2
791 391 3
792 392 3
808 410 2
808 410 3
816 419 3
824 428 3
837 444 3
857 468 2
861 474 2
885 505 2
891 513 2
908 536 2
911 541 2
915 546 3
922 556 2
928 565 3
931 569 3
932 570 2
944 589 3
944 589 3
950 597 3
953 602 2
954 603 3
967 624 3
972 631 2
973 633 3
974 635 3
988 658 2
994 668 2
1006 689 2
1009 693 3
1014 702 3
1016 705 2
1027 725 2
1032 735 3
1036 741 2
1041 752 2
1044 757 2
1045 759 3
1050 768 2
1067 802 3
1072 811 3
1076 819 3
1084 836 3
1094 857 2
1101 874 2
1101 874 2
1110 892 2
1111 895 3
1112 898 2
1113 899 2
1113 899 3
1113 901 2
1119 913 2
1129 937 2
1130 939 2
1137 956 2
1148 983 3
1151 992 3
119 8 2
214 26 3
258 38 2
265 40 3
287 47 3
296 50 3
302 52 3
324 60 2
344 68 3
361 75 2
422 103 3
456 121 2
467 127 3
471 129 2
490 140 3
552 180 3
571 193 2
574 195 3
590 207 2
607 220 3
633 240 2
657 260 2
666 268 3
675 276 3
679 279 3
689 288 3
694 293 2
701 299 3
703 301 3
734 331 2
750 347 2
752 349 3
774 372 3
808 410 3
821 425 2
825 430 3
828 433 3
831 437 3
845 454 2
846 455 2
849 458 2
849 459 2
849 459 3
858 470 3
863 476 2
869 484 3
871 486 2
881 499 2
894 517 2
894 517 3
906 533 2
907 535 3
910 539 2
928 564 2
932 571 3
934 574 3
935 575 3
936 576 3
955 605 2
959 612 3
960 613 3
970 629 2
973 633 3
975 636 3
980 644 2
983 649 2
984 652 2
994 668 3
995 669 3
1004 684 2
1008 692 2
1009 693 3
1013 701 3
1016 705 3
1030 731 3
1031 733 2
1032 735 3
1036 741 3
1041 752 3
1048 765 3
1050 768 2
1050 769 2
1052 773 2
1052 773 3
1053 775 2
1054 777 2
1058 783 2
1059 785 3
1077 822 3
1078 825 2
1079 826 3
1092 853 2
1093 856 2
1099 868 2
1099 868 2
1101 872 3
1126 930 3
1138 959 2
1140 964 3
1143 971 2
94 5 2
103 6 2
111 7 2
222 28 3
226 29 3
307 54 2
318 58 2
406 95 3
428 106 2
467 127 3
500 146 2
513 154 3
548 177 2
557 183 2
558 184 2
568 191 3
590 207 2
592 208 3
594 210 3
627 235 3
644 249 2
652 256 3
652 256 3
666 268 2
670 271 3
690 289 2
696 295 2
700 298 2
713 310 2
715 312 3
729 326 2
747 344 2
758 355 2
770 368 3
772 370 3
776 374 3
780 379 2
791 391 3
793 393 3
797 397 3
800 400 3
820 424 2
827 432 3
835 441 3
839 446 2
849 459 3
850 460 3
857 468 2
871 486 3
875 491 2
896 519 2
900 525 2
909 537 3
918 550 3
927 563 2
932 571 3
933 572 3
940 582 2
942 585 2
949 596 2
954 603 2
955 605 3
961 614 2
965 620 3
974 635 3
975 636 3
994 668 3
998 674 2
998 675 3
1016 705 2
1017 707 2
1017 707 3
1020 712 2
1031 732 3
1040 749 2
1040 750 3
1042 754 3
1052 772 2
1055 778 3
1058 784 2
1066 800 3
1069 806 3
1075 817 2
1083 834 2
1088 845 3
1091 851 3
1101 873 2
1113 901 3
1118 911 3
1119 913 3
1126 931 3
1132 945 2
1132 945 2
1135 951 2
1140 964 2
1140 965 2
1143 972 3
1144 974 2
1146 980 2
1150 988 3
84 4 2
230 30 3
278 44 2
281 45 2
284 46 3
318 58 2
326 61 3
371 79 3
380 83 3
388 87 3
391 88 2
412 98 3
424 104 2
471 129 3
519 158 2
546 176 3
577 197 3
593 209 2
597 212 3
606 219 3
613 224 3
633 240 2
646 251 3
651 255 3
655 258 2
655 258 3
699 297 3
727 324 2
730 327 2
737 334 3
740 337 2
746 343 3
749 346 3
779 377 2
786 385 3
791 391 2
800 400 2
800 401 2
807 408 2
813 415 2
814 416 3
821 425 3
853 463 3
872 488 2
898 522 2
904 531 3
911 540 3
914 545 3
922 556 3
925 561 2
940 583 3
944 589 3
963 618 2
972 632 3
984 652 3
1004 684 3
1008 691 3
1015 704 2
1025 722 2
1029 729 3
1030 730 2
1032 735 3
1033 737 3
1045 758 2
1049 766 3
1053 775 3
1056 780 2
1058 784 3
1059 786 3
1065 797 2
1071 809 2
1077 821 3
1077 822 2
1082 832 3
1083 835 3
1091 851 3
1093 856 2
1094 857 2
1098 866 2
1100 870 2
1104 879 2
1106 883 2
1109 891 3
1114 903 3
1118 911 3
1126 931 2
1128 935 2
1135 951 3
1135 951 3
1136 954 3
1139 962 3
1142 969 2
1142 970 2
1142 970 3
1144 973 3
1148 985 3
1149 986 2
1151 992 3
1153 996 3
1154 999 3
59 2 2
244 34 3
268 41 3
274 43 2
304 53 2
342 67 3
375 81 2
393 89 2
410 97 3
414 99 3
416 100 2
449 117 2
460 123 2
463 125 2
486 138 2
516 156 2
520 159 2
525 162 3
533 167 3
557 183 3
570 192 2
570 192 2
582 201 2
597 212 3
597 212 3
598 213 3
602 216 2
602 216 2
616 227 3
633 240 3
651 255 3
657 260 3
660 263 2
663 265 2
664 266 2
667 269 3
675 276 2
678 278 2
699 297 2
707 305 3
710 308 2
766 363 3
783 382 2
805 406 2
814 416 3
829 434 2
831 437 3
841 449 2
862 475 3
878 495 2
881 499 2
887 508 3
887 508 3
892 514 2
895 518 3
916 547 3
918 550 3
933 572 2
936 576 2
939 581 2
940 583 2
945 590 3
952 600 2
956 607 2
962 616 2
973 634 2
992 664 2
997 673 2
998 675 2
1002 682 2
1004 685 2
1005 687 2
1014 702 2
1016 705 3
1033 736 3
1036 742 2
1038 746 2
1040 750 3
1041 751 3
1046 761 2
1061 789 2
1064 796 3
1073 814 3
1077 823 2
1096 862 3
1096 863 2
1111 896 3
1112 898 2
1117 908 3
1124 926 2
1127 933 2
1128 935 3
1128 935 3
1130 939 3
1138 959 3
1138 960 3
1144 973 2
1149 987 3
1151 993 2
1152 994 3
42 1 2
188 20 2
192 21 2
230 30 2
255 37 2
262 39 3
271 42 2
278 44 3
278 44 3
324 60 3
347 69 3
432 108 3
454 120 2
462 124 2
481 135 2
516 156 3
517 157 2
525 162 3
545 175 3
558 184 3
570 192 3
571 193 3
629 237 2
640 246 3
646 251 3
652 256 3
671 272 3
672 273 2
675 276 3
684 284 3
689 288 2
695 294 3
722 319 3
730 327 3
740 337 2
752 349 2
766 363 3
793 393 2
805 406 3
811 413 3
817 420 3
820 424 2
832 438 3
841 449 2
863 476 3
865 479 3
867 481 2
878 495 2
881 500 3
882 501 2
890 512 3
894 517 2
902 528 2
906 534 3
909 537 2
919 551 3
939 581 3
960 613 3
961 614 3
963 617 3
967 624 2
973 634 3
981 646 2
981 647 3
998 674 2
1003 683 3
1017 708 3
1019 711 2
1027 725 2
1035 740 2
1036 741 3
1037 743 2
1041 751 2
1048 764 3
1057 782 3
1059 786 2
1063 794 2
1067 802 2
1082 833 3
1086 840 3
1092 854 3
1104 880 3
1106 885 2
1109 891 2
1111 895 3
1111 896 2
1112 897 2
1116 906 2
1117 908 2
1118 911 2
1122 921 2
1123 922 2
1126 929 3
1135 952 2
1136 954 3
1137 957 3
1139 962 3
1146 979 2
1151 991 3
1152 994 2
126 9 2
237 32 3
255 37 3
290 48 3
307 54 2
318 58 2
334 64 2
352 71 3
354 72 2
408 96 3
410 97 2
412 98 3
430 107 3
456 121 2
490 140 2
493 142 3
496 144 3
548 177 2
549 178 2
555 182 3
558 184 2
586 204 2
615 226 3
616 227 3
633 240 2
640 246 3
647 252 2
650 254 2
650 254 2
663 265 3
663 265 3
674 275 3
696 295 2
714 311 3
718 315 2
725 322 2
750 347 3
754 351 2
754 351 2
756 353 3
758 355 3
760 357 2
764 361 2
774 372 3
792 392 2
793 393 2
808 410 3
824 428 2
826 431 3
828 433 3
830 435 3
830 435 3
835 441 3
845 453 3
851 461 3
852 462 3
856 467 3
877 494 2
886 506 3
888 509 2
895 518 2
918 550 2
930 568 3
931 569 2
965 621 2
970 629 3
987 656 3
988 657 2
991 662 2
996 671 3
1001 680 3
1016 706 2
1016 706 2
1038 746 3
1052 772 3
1057 782 2
1058 784 2
1068 804 3
1071 809 3
1077 822 3
1077 822 3
1086 841 3
1105 882 3
1109 890 3
1113 900 2
1113 900 3
1113 901 2
1113 901 3
1120 916 2
1123 923 3
1124 926 2
1126 929 3
1126 930 2
1126 931 3
1132 945 3
1140 965 2
1143 972 3
1151 992 2
1153 996 2
1153 997 3
94 5 3
210 25 3
230 30 3
251 36 2
262 39 3
271 42 2
307 54 3
324 60 3
324 60 3
332 63 2
414 99 3
416 100 3
428 106 3
430 107 3
479 134 3
501 147 3
509 152 3
520 159 2
536 169 3
545 175 2
554 181 3
558 184 3
570 192 3
600 214 2
657 260 2
666 268 3
679 279 3
690 289 3
709 307 3
738 335 3
748 345 3
751 348 3
753 350 3
758 355 2
769 367 2
777 375 2
784 383 3
792 392 2
794 394 3
819 422 3
820 424 2
824 428 2
829 434 2
835 441 3
855 466 2
858 470 2
860 472 2
860 472 3
863 476 3
869 484 3
878 495 3
895 518 2
896 520 3
940 582 2
941 584 2
942 585 2
942 586 2
950 597 3
955 605 3
958 610 2
983 649 2
989 660 2
992 664 3
997 673 3
1000 678 3
1010 695 3
1020 713 2
1023 719 2
1024 720 3
1030 731 2
1033 736 2
1034 739 3
1036 741 2
1044 757 3
1058 783 3
1062 792 2
1064 795 2
1066 800 3
1068 803 3
1075 817 2
1075 817 3
1075 817 3
1087 843 3
1089 848 3
1090 850 3
1091 852 2
1102 876 2
1103 878 2
1106 884 3
1107 886 3
1117 908 3
1126 929 3
1133 948 2
1134 950 2
1135 951 3
1139 962 3
1140 965 2
1140 965 2
1153 996 2
1154 999 3
248 35 2
316 57 2
395 90 2
397 91 2
406 95 3
422 103 3
443 114 2
456 121 2
465 126 2
478 133 2
511 153 2
517 157 3
519 158 3
537 170 3
558 184 2
578 198 3
581 200 3
582 201 3
583 202 2
592 208 2
602 216 3
607 220 2
607 220 3
610 222 2
619 229 3
629 237 2
643 248 3
667 269 3
684 284 3
694 293 3
710 308 2
722 319 2
722 319 3
723 320 2
741 338 3
748 345 3
749 346 3
777 375 3
783 382 2
795 395 2
807 408 2
809 411 2
829 434 2
832 438 3
832 438 3
834 440 3
836 442 2
854 465 2
856 467 3
858 470 3
866 480 2
866 480 3
871 486 2
871 487 3
872 488 2
877 494 2
882 501 3
885 505 2
887 507 2
889 510 3
902 528 3
906 533 2
906 533 3
916 548 3
919 551 2
934 573 3
943 587 2
952 600 3
968 625 3
972 632 2
999 677 3
1016 706 2
1018 710 2
1018 710 2
1020 713 3
1020 713 3
1037 744 2
1039 748 2
1044 756 3
1053 774 2
1071 809 2
1076 820 2
1089 847 3
1094 857 3
1097 864 2
1101 872 2
1103 877 2
1105 881 2
1106 884 2
1107 886 2
1117 908 2
1127 933 3
1128 936 2
1129 938 2
1133 948 3
1137 956 2
1140 964 2
1150 989 3
1151 993 2
1154 999 2
168 16 2
183 19 2
192 21 3
210 25 3
233 31 3
255 37 2
258 38 3
296 50 3
313 56 3
337 65 3
342 67 3
382 84 2
420 102 2
426 105 3
445 115 2
449 117 3
486 138 3
491 141 2
520 159 2
525 162 3
545 175 3
611 223 3
633 240 3
673 274 2
683 283 3
687 286 2
723 320 2
723 320 3
735 332 2
736 333 2
773 371 3
797 397 2
802 403 2
809 411 2
813 415 2
826 431 3
831 437 2
834 440 2
837 444 2
840 447 2
840 448 3
841 449 2
851 461 3
866 480 2
874 490 2
874 490 3
887 508 3
892 514 3
896 519 2
904 531 3
907 535 2
915 546 3
921 554 2
923 557 3
933 572 3
933 572 3
943 587 3
945 590 2
948 595 3
952 600 3
956 606 2
969 627 2
972 632 2
973 634 2
975 636 3
978 642 2
996 671 3
1009 694 3
1014 703 2
1016 706 2
1020 712 2
1022 717 2
1025 721 2
1026 723 2
1038 746 2
1049 767 3
1050 769 3
1054 776 3
1072 811 3
1073 814 2
1074 815 3
1076 819 3
1090 849 3
1092 853 2
1095 860 3
1096 863 2
1099 868 3
1102 875 3
1104 879 2
1106 884 2
1114 902 2
1117 910 2
1130 940 2
1132 945 3
1136 953 2
1138 958 2
1138 960 2
1145 976 3
1145 977 3
1153 996 2
103 6 2
119 8 3
210 25 2
214 26 3
299 51 3
316 57 3
342 67 3
375 81 3
377 82 3
388 87 2
391 88 3
426 105 2
490 140 3
501 147 2
519 158 2
564 188 2
565 189 2
568 191 3
577 197 2
578 198 3
611 223 3
639 245 3
670 271 3
677 277 2
680 280 2
731 328 2
748 345 3
748 345 3
757 354 2
763 360 2
767 365 3
774 372 2
782 381 3
786 385 3
791 391 3
797 397 3
821 425 3
831 437 2
832 438 3
836 443 2
841 449 3
843 451 3
846 455 2
850 460 2
870 485 2
870 485 3
878 496 2
880 498 2
885 505 2
886 506 3
888 509 2
889 510 3
899 524 3
911 541 2
913 543 3
916 548 3
927 563 3
932 571 2
942 585 2
942 586 2
947 593 3
948 595 2
952 601 3
952 601 3
954 604 3
966 623 3
973 633 2
974 635 2
977 640 2
978 641 2
978 642 3
983 649 3
997 673 2
999 676 3
1005 686 3
1008 691 2
1009 694 2
1012 699 3
1013 701 2
1030 731 3
1036 742 3
1037 744 2
1053 775 2
1067 801 3
1090 849 3
1091 852 2
1092 854 2
1093 855 3
1097 864 2
1101 874 3
1103 877 3
1106 884 3
1110 894 3
1112 898 3
1120 917 2
1123 924 2
1126 930 3
1128 934 3
1147 982 3
1152 994 3
84 4 2
192 21 2
226 29 3
316 57 2
326 61 3
366 77 3
375 81 3
388 87 3
399 92 3
401 93 2
439 112 2
447 116 3
465 126 3
472 130 2
481 135 3
525 162 2
528 164 3
531 166 2
558 184 2
575 196 3
593 209 3
596 211 3
611 223 3
619 229 2
620 230 2
624 233 3
633 240 2
640 246 3
649 253 2
667 269 3
677 277 2
700 298 3
702 300 3
708 306 3
719 316 3
728 325 2
729 326 2
733 330 2
735 332 3
763 360 2
773 371 3
776 374 2
804 405 3
814 417 3
834 440 2
850 460 2
855 466 2
868 482 3
872 488 2
873 489 3
880 498 2
881 499 2
893 516 2
898 522 3
899 524 2
932 570 2
946 591 2
949 596 3
952 600 2
956 607 3
962 616 3
962 616 3
967 624 2
968 625 2
978 642 3
979 643 2
984 652 3
985 653 3
992 665 2
1002 682 3
1004 684 3
1012 699 2
1015 704 2
1019 711 3
1027 725 2
1029 729 3
1042 754 2
1047 762 2
1053 775 3
1056 779 2
1058 784 2
1059 786 3
1059 786 3
1070 807 2
1070 808 3
1072 812 3
1089 847 3
1089 847 3
1096 862 2
1107 887 2
1112 897 3
1112 898 3
1117 910 2
1126 930 2
1126 931 3
1131 941 2
1134 949 2
1135 952 3
1136 953 3
1149 987 3
94 5 2
157 14 2
241 33 3
244 34 2
274 43 3
339 66 2
349 70 2
356 73 3
371 79 3
375 81 2
382 84 3
399 92 2
441 113 3
463 125 2
465 126 2
472 130 2
483 136 3
490 140 2
495 143 3
533 167 2
545 175 3
560 185 2
565 189 3
585 203 3
589 206 3
596 211 2
623 232 3
627 235 2
646 251 3
650 254 3
652 256 3
653 257 3
665 267 2
700 298 2
714 311 3
735 332 3
737 334 3
739 336 3
756 353 3
758 355 3
785 384 2
809 411 2
828 433 2
829 434 3
839 446 2
846 455 2
847 456 3
850 460 3
859 471 2
863 476 3
866 480 3
876 493 2
890 512 3
900 525 3
901 526 2
909 537 2
912 542 3
918 550 3
936 577 3
945 590 3
951 599 3
952 600 3
961 615 3
967 624 3
969 627 2
980 644 2
982 648 3
986 654 3
989 659 2
993 666 3
1005 686 2
1030 731 3
1033 736 3
1034 739 2
1041 751 2
1044 756 3
1047 762 3
1049 767 2
1063 793 3
1071 810 2
1075 817 2
1075 818 3
1079 827 2
1083 835 2
1085 838 3
1097 864 3
1098 867 3
1104 879 3
1111 895 3
1111 895 3
1112 898 2
1117 909 2
1124 926 3
1125 927 2
1126 930 3
1132 944 3
1134 950 3
1144 975 3
1145 977 3
1150 990 3
126 9 3
197 22 3
244 34 3
274 43 3
281 45 2
299 51 3
302 52 2
304 53 3
342 67 2
361 75 3
382 84 3
388 87 3
397 91 2
399 92 2
412 98 2
426 105 3
454 120 3
483 136 2
519 158 2
545 175 3
568 191 3
570 192 2
590 207 2
593 209 2
630 238 3
632 239 2
689 288 2
705 303 3
715 312 3
724 321 3
736 333 3
738 335 3
740 337 2
758 355 2
764 361 3
766 364 2
770 368 2
773 371 3
794 394 3
801 402 3
817 420 3
820 424 3
824 428 3
825 429 2
833 439 2
836 443 3
869 484 2
869 484 3
871 487 2
871 487 2
878 496 3
884 504 3
890 511 3
890 512 3
898 522 3
911 540 2
919 552 3
921 555 3
924 559 2
944 588 3
948 595 2
949 596 3
950 598 3
955 605 3
958 609 2
960 613 3
965 620 3
968 626 3
969 627 2
978 641 2
988 658 3
999 677 2
1002 681 2
1012 699 3
1021 714 2
1032 735 2
1038 746 3
1039 748 2
1040 750 2
1064 795 2
1069 805 3
1074 816 3
1081 831 2
1090 849 2
1090 849 2
1096 862 2
1098 867 2
1106 885 3
1107 886 3
1111 896 3
1119 913 3
1128 934 3
1131 943 3
1135 951 2
1138 959 2
1138 960 2
1141 967 2
1144 973 3
1150 988 3
1151 991 3
84 4 2
251 36 3
258 38 2
274 43 2
287 47 3
334 64 2
334 64 3
368 78 3
386 86 3
388 87 3
399 92 2
428 106 3
438 111 3
454 120 3
471 129 3
491 141 3
534 168 3
551 179 2
555 182 2
565 189 3
572 194 2
575 196 2
581 200 3
589 206 3
601 215 3
602 216 3
604 217 3
635 242 2
650 254 3
658 261 3
660 263 3
679 279 3
682 282 2
687 286 2
699 297 3
702 300 2
703 301 2
741 338 2
791 390 2
791 390 3
793 393 2
800 400 3
811 413 2
812 414 3
818 421 3
831 436 2
841 449 3
849 459 3
851 461 2
870 485 2
893 515 2
899 524 2
900 525 3
902 528 2
942 586 3
963 618 2
970 629 2
976 638 2
981 647 3
996 672 3
998 674 2
1006 688 2
1006 689 3
1007 690 3
1009 693 2
1028 728 3
1030 731 3
1032 734 2
1036 742 2
1037 743 2
1041 751 2
1042 753 2
1044 756 3
1048 764 2
1052 772 2
1055 778 3
1058 784 3
1058 784 3
1060 788 2
1066 799 3
1068 803 3
1074 815 2
1075 818 3
1077 822 2
1081 831 3
1092 853 3
1096 863 2
1105 882 3
1107 887 3
1109 890 2
1116 907 2
1120 916 2
1127 932 2
1129 937 3
1144 973 2
1145 976 2
1147 981 3
1147 982 3
1148 983 2
1150 989 3
103 6 3
145 12 3
173 17 3
302 52 3
304 53 3
318 58 2
339 66 3
361 75 2
380 83 3
395 90 3
462 124 2
465 126 2
469 128 3
479 134 3
545 175 2
545 175 3
564 188 3
564 188 3
610 222 3
643 248 2
652 256 2
653 257 2
655 258 3
674 275 2
675 276 2
683 283 2
702 300 2
711 309 2
721 318 3
729 326 2
752 349 2
752 349 2
759 356 2
764 361 2
782 381 3
792 392 3
801 402 3
808 410 3
826 431 2
832 438 3
835 441 3
836 443 3
840 447 2
849 459 2
851 461 2
866 480 2
870 485 3
875 492 3
882 501 3
882 501 3
887 508 2
888 509 2
896 519 2
908 536 3
921 554 2
934 573 2
938 580 2
940 582 3
944 589 3
948 594 2
948 595 2
950 598 3
958 609 3
966 623 2
981 646 3
984 652 3
985 653 3
986 655 2
995 669 2
1002 681 2
1002 682 3
1004 684 3
1014 703 3
1018 709 3
1025 722 3
1031 733 2
1035 740 2
1046 760 2
1049 766 2
1054 777 2
1064 796 3
1067 802 3
1074 815 2
1078 824 2
1079 826 3
1080 829 3
1082 832 3
1089 847 3
1093 856 3
1096 862 2
1096 862 3
1101 874 3
1117 908 2
1121 919 3
1123 924 2
1125 927 3
1136 953 2
1140 963 3
1142 970 3
1143 971 3
94 5 2
205 24 3
214 26 3
244 34 2
302 52 3
342 67 2
342 67 2
364 76 3
380 83 3
418 101 2
506 150 2
520 159 3
545 175 3
554 181 3
564 188 3
567 190 3
571 193 2
600 214 2
605 218 3
628 236 3
628 236 3
630 238 2
633 240 2
634 241 3
649 253 2
651 255 3
666 268 2
671 272 2
681 281 2
693 292 3
700 298 3
706 304 3
709 307 3
716 313 2
717 314 3
721 318 2
739 336 2
763 360 2
777 375 3
796 396 2
813 415 2
819 422 2
828 433 2
835 441 3
839 446 2
852 462 3
856 467 2
860 472 3
861 474 2
861 474 3
881 500 3
884 504 2
889 510 3
892 514 2
894 517 2
899 523 3
914 544 2
916 548 3
916 548 3
923 558 2
925 561 2
928 565 2
933 572 2
934 574 3
938 579 2
945 590 3
946 591 3
974 635 2
983 649 2
998 675 2
1009 694 3
1009 694 3
1016 706 2
1022 717 3
1025 721 2
1025 721 3
1028 728 3
1030 730 3
1030 731 3
1033 737 3
1043 755 2
1049 767 3
1053 774 2
1059 785 3
1066 799 3
1066 800 3
1086 841 3
1104 880 2
1106 884 3
1106 884 3
1109 891 2
1118 912 2
1119 913 2
1131 943 3
1135 952 3
1136 954 3
1142 969 3
1144 973 3
1150 989 2
1150 990 3
94 5 2
218 27 2
281 45 3
290 48 2
299 51 2
316 57 3
324 60 2
380 83 2
424 104 2
428 106 3
493 142 3
503 148 3
514 155 2
557 183 2
565 189 3
581 200 2
593 209 3
594 210 3
605 218 3
614 225 3
630 238 2
634 241 2
641 247 3
643 248 2
651 255 3
652 256 2
663 265 3
667 269 2
671 272 3
720 317 3
737 334 3
756 353 2
771 369 2
780 378 3
784 383 2
788 387 2
791 390 2
793 393 3
794 394 2
815 418 3
844 452 3
849 459 2
857 468 2
865 478 2
868 483 2
888 509 2
897 521 2
899 524 2
900 525 3
908 536 3
916 548 3
920 553 2
921 555 3
933 572 2
946 591 2
951 599 2
952 600 2
954 603 3
956 606 2
958 609 3
962 616 2
965 621 3
966 623 3
966 623 3
969 627 3
975 637 3
976 639 3
984 652 3
995 670 3
996 671 3
1022 717 2
1026 723 3
1030 730 2
1047 763 2
1048 764 2
1076 819 3
1078 824 3
1080 829 3
1082 832 2
1087 843 2
1087 843 3
1088 846 2
1089 848 2
1091 851 2
1093 856 2
1106 883 3
1109 890 2
1123 924 3
1124 926 2
1126 931 3
1128 936 3
1129 938 3
1130 940 3
1136 955 3
1138 959 3
1139 961 2
1142 969 2
1144 973 2
1144 975 3
1146 980 2
