1000 100 266448
10 93 234
10 56 166
10 96 195
10 104 216
10 61 191
10 87 164
10 117 166
10 91 157
10 62 210
10 141 200
10 89 179
10 130 246
10 55 176
10 138 249
10 109 195
10 80 244
10 148 173
10 68 201
10 95 152
10 131 175
10 80 224
10 67 187
10 150 190
10 82 227
10 127 216
10 59 214
10 137 233
10 109 217
10 139 178
10 131 250
10 108 197
10 101 241
10 109 233
10 73 166
10 78 247
10 105 172
10 129 210
10 88 213
10 85 179
10 101 178
10 62 186
10 104 172
10 136 160
10 126 182
10 71 215
10 75 225
10 83 172
10 68 197
10 111 190
10 139 247
10 88 204
10 61 212
10 52 228
10 108 188
10 106 203
10 144 153
10 52 224
10 69 245
10 124 186
10 106 175
10 121 161
10 54 167
10 107 172
10 60 197
10 101 242
10 70 234
10 81 180
10 112 175
10 134 201
10 64 244
10 140 229
10 72 165
10 108 212
10 62 195
10 127 183
10 57 190
10 67 151
10 57 167
10 68 157
10 126 206
10 141 186
10 64 168
10 145 183
10 55 184
10 121 153
10 63 202
10 114 206
10 86 228
10 132 210
10 146 168
10 86 201
10 133 152
10 132 216
10 135 219
10 78 237
10 92 222
10 71 169
10 61 189
10 79 250
10 82 152
251 36 32
391 88 26
548 177 30
596 211 25
856 467 24
857 468 25
959 612 31
1015 704 28
1054 776 26
1082 832 30
467 127 25
713 310 30
729 326 31
832 438 23
884 504 23
1001 680 30
1015 704 26
1047 762 26
1049 766 26
1079 826 27
483 136 28
500 146 29
613 224 23
736 333 25
768 366 24
863 476 32
924 559 26
1044 756 28
1065 797 27
1104 880 32
478 133 23
564 188 32
693 292 27
705 303 27
726 323 29
735 332 23
977 640 28
1047 763 28
1076 819 25
1131 943 26
241 33 29
373 80 29
471 129 28
745 342 29
748 345 25
875 491 25
922 556 31
986 655 32
1046 760 28
1109 891 30
649 253 26
684 284 31
715 312 24
875 491 31
919 552 27
963 617 31
974 635 31
988 658 29
1022 716 31
1032 735 30
424 104 24
577 197 28
598 213 23
911 541 30
963 618 31
1100 871 27
1110 892 32
1126 931 26
1131 943 28
1154 999 26
244 34 31
743 340 23
767 365 29
800 400 27
806 407 27
938 579 32
984 652 24
1012 699 29
1040 750 32
1149 987 25
84 4 32
126 9 27
366 77 25
674 275 26
879 497 27
881 499 26
964 619 30
1001 679 28
1088 846 32
1115 904 31
59 2 27
268 41 23
520 159 24
594 210 32
811 413 27
826 431 32
863 476 32
891 513 29
961 614 25
1021 715 32
655 258 28
725 322 27
865 479 27
887 508 25
933 572 31
1005 686 27
1085 839 28
1105 882 28
1108 889 25
1121 918 24
441 113 27
454 120 32
483 136 30
779 377 24
822 426 24
927 563 29
1005 686 25
1039 747 23
1078 825 28
1143 972 30
592 208 24
844 452 28
895 518 26
934 574 28
1032 734 29
1053 775 27
1066 800 25
1119 914 26
1136 953 26
1139 961 31
248 35 32
304 53 27
410 97 24
720 317 25
804 405 29
954 604 25
995 669 29
1017 708 23
1034 739 28
1068 803 28
375 81 28
491 141 28
516 156 26
554 181 23
734 331 28
814 416 26
853 463 25
881 499 28
988 658 32
1100 871 31
168 16 26
516 156 32
560 185 25
579 199 30
835 441 32
861 473 25
961 615 29
984 651 29
1001 679 27
1086 840 26
397 91 27
483 136 31
546 176 30
552 180 30
568 191 28
921 554 30
1049 766 31
1058 784 25
1123 923 31
1154 999 30
585 203 28
678 278 28
802 403 30
896 520 32
913 543 30
925 561 26
992 664 28
1042 753 24
1086 841 31
1108 888 29
347 69 29
602 216 27
630 238 23
763 360 27
843 451 26
854 465 28
918 550 25
923 558 25
1109 891 26
1125 927 29
321 59 24
347 69 29
436 110 29
531 166 25
586 204 32
614 225 25
959 611 23
1003 683 31
1105 881 30
1106 885 30
476 132 32
585 203 24
643 248 25
658 261 23
816 419 27
1004 684 32
1020 713 30
1059 785 24
1087 843 27
1146 980 27
472 130 25
604 217 27
840 447 27
900 525 24
909 537 25
935 575 28
936 577 24
998 675 32
1078 824 23
1104 879 32
258 38 31
520 159 27
583 202 28
838 445 28
936 577 25
1039 748 23
1088 845 29
1096 863 30
1105 882 30
1147 981 28
614 225 26
861 474 28
941 584 29
976 639 25
1020 713 29
1026 724 27
1027 726 28
1073 813 26
1077 823 30
1136 955 28
241 33 30
281 45 30
511 153 26
915 546 29
979 643 24
1001 679 25
1028 728 24
1057 781 27
1127 932 31
1151 991 29
527 163 30
698 296 32
774 372 29
892 514 31
934 573 32
986 654 23
1091 851 24
1121 918 29
1129 938 23
1144 973 30
476 132 30
557 183 23
632 239 29
730 327 31
829 434 31
948 594 31
985 653 27
1060 787 23
1076 819 32
1101 873 31
401 93 27
875 491 27
899 524 29
906 533 30
966 622 28
1023 719 31
1038 745 27
1038 746 30
1133 946 28
1152 994 27
244 34 25
496 144 25
539 171 29
705 303 23
708 306 23
961 615 27
980 644 29
1061 789 27
1071 810 25
1089 847 25
168 16 31
230 30 30
491 141 23
605 218 25
640 246 28
940 582 25
940 583 25
948 594 23
979 643 24
1056 780 23
326 61 25
361 75 30
680 280 27
934 574 30
938 579 31
1013 700 25
1016 706 29
1047 763 26
1054 776 25
1088 845 25
453 119 24
561 186 26
681 281 30
849 458 30
1057 781 28
1076 820 25
1101 874 30
1126 930 26
1128 934 31
1137 956 27
126 9 30
520 159 27
734 331 27
773 371 31
838 445 26
871 487 29
916 547 23
986 654 32
1036 741 28
1123 922 24
520 159 29
730 327 23
805 406 23
819 422 23
880 498 29
1011 697 23
1025 722 25
1056 779 31
1069 806 30
1099 868 23
334 64 28
361 75 31
620 230 23
623 232 24
646 251 30
713 310 31
754 351 25
763 360 32
1021 715 26
1106 883 26
733 330 28
788 387 32
926 562 29
1126 929 30
1134 950 25
1138 958 23
1140 965 26
1148 983 25
1149 987 24
1152 995 27
255 37 25
420 102 31
490 140 32
503 148 25
749 346 26
777 375 23
880 498 32
958 609 26
1050 768 29
1091 851 27
578 198 27
628 236 26
770 368 31
856 467 27
970 628 31
975 637 26
1075 818 30
1080 829 31
1095 859 27
1100 871 24
503 148 27
716 313 25
736 333 28
815 418 23
818 421 24
879 497 32
967 624 24
1006 689 25
1054 777 30
1099 868 25
337 65 28
371 79 32
424 104 28
769 367 26
996 671 28
1041 752 31
1063 794 30
1066 800 28
1068 804 29
1125 928 29
111 7 23
304 53 23
527 163 31
669 270 25
699 297 28
845 454 29
991 663 27
995 670 28
1141 967 23
1142 969 26
465 126 23
743 340 27
785 384 25
804 405 24
821 425 31
833 439 24
966 622 32
1008 692 23
1012 698 25
1096 863 26
410 97 32
743 340 30
748 345 29
766 364 23
819 422 32
917 549 23
955 605 31
1059 785 25
1061 790 29
1154 1000 23
334 64 28
540 172 32
545 175 24
582 201 25
713 310 30
797 397 32
980 645 31
1007 690 24
1099 869 23
1123 924 27
551 179 32
600 214 28
628 236 31
715 312 32
903 529 32
918 550 31
947 593 30
1002 681 30
1016 706 31
1047 763 31
393 89 26
474 131 31
514 155 25
545 175 31
610 222 26
815 418 31
1009 693 31
1110 893 27
1136 954 25
1148 985 27
439 112 27
488 139 25
509 152 30
777 375 29
980 644 31
989 659 26
1034 739 32
1065 798 24
1101 872 29
1108 888 32
133 10 25
467 127 32
531 166 32
582 201 29
759 356 31
760 357 30
901 527 26
950 598 28
1031 733 26
1045 759 26
290 48 24
592 208 28
593 209 27
768 366 31
842 450 28
852 462 31
975 636 31
1033 737 26
1033 737 29
1046 760 25
178 18 25
278 44 29
412 98 30
600 214 27
857 468 29
930 567 26
1011 697 29
1033 736 31
1063 794 27
1121 919 28
324 60 31
514 155 27
600 214 25
711 309 31
850 460 28
1010 695 23
1106 885 27
1108 889 24
1115 904 25
1123 924 32
296 50 26
326 61 30
495 143 30
783 382 25
821 425 27
834 440 31
898 522 31
1045 758 24
1056 780 32
1068 804 25
436 110 32
688 287 27
780 378 31
906 534 28
921 555 28
962 616 23
990 661 26
1027 726 30
1148 983 31
1151 993 24
173 17 25
188 20 26
704 302 29
805 406 26
835 441 29
1021 715 27
1058 783 25
1086 840 27
1104 880 24
1140 963 30
663 265 24
674 275 25
690 289 24
923 558 28
941 584 27
952 600 25
1068 804 31
1080 829 28
1089 848 32
1153 998 28
103 6 25
342 67 25
454 120 31
670 271 26
755 352 27
796 396 30
875 492 27
885 505 31
890 512 28
1034 739 26
218 27 31
401 93 28
471 129 25
659 262 32
808 410 23
864 477 32
1002 681 31
1002 682 24
1081 830 24
1149 986 30
349 70 28
460 123 30
740 337 26
845 453 23
916 548 30
917 549 24
1074 816 25
1102 876 24
1123 922 32
1150 988 30
428 106 28
511 153 24
780 378 25
854 465 26
906 534 25
1022 716 25
1022 716 25
1032 735 27
1082 833 23
1095 859 25
408 96 25
451 118 23
650 254 25
683 283 31
724 321 28
825 430 29
1024 720 26
1057 782 29
1078 825 28
1079 827 28
210 25 31
248 35 25
602 216 28
800 401 25
910 539 24
937 578 30
958 609 23
989 660 27
1065 798 29
1105 882 27
241 33 25
674 275 23
709 307 25
794 394 30
838 445 25
842 450 27
950 597 31
1038 746 29
1083 835 25
1123 922 26
111 7 28
241 33 32
462 124 26
562 187 24
673 274 31
783 382 27
852 462 25
864 477 23
980 645 30
1002 681 26
281 45 24
347 69 31
574 195 31
704 302 26
849 459 23
919 552 24
1006 689 25
1047 762 28
1052 773 26
1081 830 27
168 16 24
463 125 27
519 158 29
716 313 24
814 416 31
887 507 26
922 556 26
932 571 30
1085 838 25
1102 875 24
478 133 26
609 221 25
645 250 29
892 514 23
966 622 23
1002 682 29
1016 706 31
1072 811 31
1142 970 26
1152 995 31
501 147 23
737 334 25
896 519 32
900 525 30
943 587 31
983 649 23
1008 691 31
1008 692 25
1057 781 30
1091 852 24
126 9 24
284 46 24
454 120 28
625 234 27
655 258 31
814 417 31
909 537 32
987 656 23
991 663 29
1063 794 29
356 73 27
356 73 30
375 81 27
623 232 32
789 388 30
929 566 25
1053 775 28
1073 814 29
1099 869 27
1131 943 25
316 57 25
445 115 27
716 313 25
785 384 29
843 451 27
1026 724 23
1027 726 31
1061 789 25
1083 834 24
1125 928 25
151 13 31
244 34 29
447 116 25
814 416 27
856 467 24
871 487 29
962 616 32
969 627 30
999 677 32
1084 837 29
119 8 27
359 74 23
488 139 25
720 317 30
725 322 30
888 509 25
939 581 32
968 626 31
1006 689 25
1140 965 30
304 53 27
416 100 28
618 228 28
950 598 25
1002 681 26
1010 696 24
1050 768 32
1058 783 25
1126 930 32
1151 992 31
290 48 23
447 116 23
527 163 32
793 393 26
871 487 23
956 606 26
968 625 32
1035 740 25
1044 757 28
1107 886 29
342 67 24
418 101 29
542 173 31
764 361 29
890 512 31
891 513 30
1003 683 26
1018 709 24
1138 959 30
1142 968 32
139 11 26
210 25 25
237 32 32
476 132 30
844 452 26
991 663 30
991 663 30
1086 840 28
1127 932 24
1143 972 32
133 10 30
241 33 31
449 117 24
453 119 31
467 127 30
683 283 25
703 301 23
1049 767 24
1097 864 27
1148 984 30
527 163 26
588 205 32
836 442 29
837 444 29
988 658 23
1037 743 28
1052 772 27
1077 821 23
1138 960 29
1140 963 29
84 4 27
284 46 31
572 194 31
618 228 24
671 272 32
960 613 27
972 632 24
997 673 29
1117 909 31
1142 968 30
151 13 30
567 190 29
754 351 25
781 380 27
813 415 25
1017 707 30
1036 741 24
1065 797 28
1098 867 28
1125 928 32
629 237 28
663 265 23
736 333 25
778 376 24
807 409 27
1055 778 31
1085 838 26
1096 863 25
1126 929 31
1152 995 24
73 3 31
736 333 28
744 341 28
963 617 26
965 621 30
1048 765 25
1076 819 25
1081 831 25
1106 884 26
1139 962 28
103 6 32
287 47 32
299 51 23
597 212 26
758 355 30
809 411 29
887 507 32
956 606 26
1112 897 31
1150 989 24
278 44 24
465 126 32
672 273 31
707 305 31
753 350 25
788 387 25
912 542 28
1021 714 26
1067 801 25
1102 875 28
408 96 24
688 287 31
689 288 30
778 376 23
853 463 31
871 486 30
881 499 27
955 605 30
1040 750 25
1110 893 26
321 59 26
644 249 32
789 388 25
796 396 23
839 446 30
840 447 25
852 462 27
893 515 28
1000 678 27
1131 942 31
310 55 30
540 172 29
740 337 28
782 381 30
830 435 31
863 476 31
892 514 30
918 550 26
1037 743 32
1128 935 31
258 38 26
347 69 25
557 183 30
586 204 30
706 304 32
742 339 32
958 609 25
970 629 24
984 651 24
1009 694 31
133 10 31
401 93 28
679 279 25
705 303 27
727 324 30
830 435 28
836 443 26
928 564 24
1112 897 31
1139 962 28
192 21 26
638 244 30
639 245 29
769 367 26
789 388 24
850 460 27
856 467 31
946 592 27
1036 742 23
1146 979 25
73 3 25
460 123 24
545 175 30
590 207 25
726 323 28
1010 695 31
1049 767 28
1064 796 32
1115 905 24
1128 935 23
318 58 23
527 163 32
630 238 27
886 506 25
1047 762 25
1060 787 27
1070 807 28
1070 807 31
1106 884 29
1107 886 28
410 97 30
498 145 31
519 158 30
594 210 32
748 345 32
781 380 30
916 547 30
977 640 25
978 641 25
1017 707 28
420 102 32
739 336 25
753 350 31
876 493 28
949 596 32
990 661 27
1010 696 23
1046 760 29
1083 835 27
1143 972 30
103 6 29
508 151 23
688 287 29
691 290 28
781 380 25
833 439 28
901 527 30
1085 839 25
1145 976 25
1151 993 28
760 357 27
785 384 30
863 476 24
869 484 24
871 486 28
890 511 32
948 595 29
983 649 24
1020 712 24
1127 932 31
359 74 23
388 87 30
403 94 31
495 143 28
601 215 25
856 467 24
873 489 23
906 533 27
977 640 30
1138 960 28
519 158 25
611 223 30
679 279 27
807 408 25
907 535 28
931 569 23
934 573 31
1036 742 29
1059 786 25
1131 943 28
337 65 29
619 229 31
655 258 24
691 290 28
783 382 27
791 390 25
928 564 26
961 615 30
1087 843 23
1130 939 27
168 16 28
691 290 26
721 318 26
903 529 28
987 656 29
1004 684 31
1011 697 27
1046 760 28
1110 893 24
1115 905 26
