200 20 48229
10 129 199
10 87 205
10 115 199
10 145 179
10 89 175
10 147 167
10 67 231
10 52 188
10 119 165
10 83 192
10 86 206
10 143 226
10 103 190
10 141 235
10 112 171
10 104 224
10 134 156
10 54 193
10 144 167
10 117 223
462 124 35
522 160 26
849 459 29
868 482 30
906 533 26
919 552 35
952 600 29
994 668 33
1036 741 28
1078 824 30
562 187 28
869 484 35
871 486 33
881 499 30
912 542 34
1025 722 29
1091 851 35
1101 874 35
1123 924 29
1131 941 31
278 44 31
565 189 31
781 380 31
814 417 35
882 501 34
883 502 29
897 521 27
930 567 36
1044 757 31
1112 897 34
59 2 35
447 116 26
766 363 33
827 432 26
966 622 27
981 646 35
1013 700 26
1117 910 35
1131 941 29
1152 995 29
230 30 27
347 69 30
593 209 30
636 243 31
706 304 33
795 395 30
802 403 33
883 502 32
1044 756 34
1079 826 29
332 63 32
462 124 34
536 169 29
729 326 26
940 582 34
955 605 30
1026 724 28
1031 733 34
1036 741 34
1064 796 30
366 77 32
684 284 31
841 449 30
899 524 33
1084 836 30
1134 950 33
1138 958 33
1151 993 27
1153 997 26
1154 999 33
578 198 30
604 217 32
771 369 32
868 483 32
958 610 35
970 629 34
1073 814 35
1106 883 31
1128 935 36
1146 979 35
613 224 28
800 401 30
863 476 36
913 543 27
925 560 34
991 662 33
1001 679 27
1014 703 33
1041 752 29
1133 947 35
84 4 31
463 125 27
600 214 27
618 228 33
641 247 31
947 593 26
973 633 34
1012 699 26
1056 780 29
1147 981 33
173 17 28
313 56 34
354 72 33
377 82 27
704 302 26
959 612 31
1005 686 32
1066 799 35
1122 920 34
1141 967 33
214 26 29
463 125 33
589 206 26
630 238 35
894 517 32
921 554 32
988 657 27
991 663 30
1073 814 36
1120 916 33
103 6 36
479 134 28
567 190 27
606 219 33
737 334 27
751 348 26
778 376 34
1057 781 35
1100 871 31
1133 948 29
539 171 33
725 322 28
770 368 32
847 456 30
863 476 29
925 560 27
943 587 31
973 634 29
1053 775 35
1153 997 35
430 107 26
449 117 31
519 158 27
872 488 30
921 554 34
939 581 28
940 582 32
1031 733 36
1056 779 27
1096 862 32
458 122 30
514 155 32
861 474 35
875 491 27
890 511 36
936 577 28
940 583 26
985 653 27
1006 689 31
1093 856 35
410 97 36
726 323 29
770 368 33
780 379 36
785 384 36
794 394 26
826 431 27
1007 690 29
1026 724 36
1094 857 30
356 73 33
371 79 33
548 177 35
632 239 30
792 392 27
875 492 28
968 626 33
975 636 30
983 649 33
1014 703 32
241 33 34
414 99 27
509 152 33
641 247 35
907 535 29
914 544 30
947 593 34
1012 698 27
1112 898 27
1120 915 34
344 68 27
501 147 30
620 230 34
671 272 34
748 345 30
805 406 30
1012 698 33
1075 817 36
1095 860 32
1142 969 27
