200 100 486021
2 98 218
2 123 241
2 127 169
2 112 182
2 78 202
2 50 157
2 71 183
2 124 235
2 71 210
2 60 162
2 67 214
2 117 164
2 124 152
2 120 189
2 131 226
2 109 155
2 120 155
2 95 238
2 118 203
2 66 172
2 68 181
2 91 211
2 91 234
2 53 161
2 134 200
2 133 226
2 119 190
2 71 208
2 83 245
2 57 220
2 93 239
2 56 170
2 123 205
2 100 198
2 123 204
2 123 237
2 136 157
2 67 152
2 89 166
2 96 162
2 63 223
2 87 185
2 85 151
2 108 201
2 99 151
2 59 194
2 100 164
2 145 200
2 60 169
2 93 170
2 135 182
2 88 196
2 81 150
2 70 231
2 115 213
2 144 228
2 133 151
2 75 173
2 69 239
2 75 249
2 68 174
2 71 212
2 54 208
2 99 215
2 116 164
2 150 179
2 77 161
2 103 221
2 85 210
2 125 172
2 118 191
2 54 221
2 96 152
2 117 206
2 87 167
2 109 198
2 148 244
2 114 207
2 97 157
2 109 201
2 106 217
2 135 191
2 135 221
2 78 226
2 144 236
2 81 172
2 50 243
2 105 211
2 75 209
2 91 246
2 111 195
2 99 174
2 138 190
2 94 213
2 54 194
2 119 188
2 57 154
2 83 246
2 96 159
2 69 171
9010 5258 166
10688 8044 164
10306 7312 127
10652 7971 166
2968 502 169
10179 7083 162
8938 5160 172
10940 8568 148
1049 62 131
11234 9229 131
5168 1564 134
9219 5552 157
7649 3619 147
7755 3731 139
5639 1877 127
6922 2907 126
4607 1232 153
8362 4423 129
9695 6270 162
11315 9422 146
6347 2412 170
8742 4900 148
5714 1930 164
6054 2181 158
8500 4592 132
10023 6812 152
5954 2105 165
6330 2398 169
4609 1233 158
10114 6968 139
8696 4840 155
10076 6903 136
1931 211 155
4351 1095 140
8413 4485 151
9777 6402 132
5565 1826 162
10081 6912 146
3974 909 164
10011 6790 166
9335 5721 149
10834 8344 160
9139 5438 173
10866 8411 165
6405 2459 163
10934 8555 152
9844 6512 141
10232 7178 154
8548 4651 145
10083 6915 132
9994 6762 176
10465 7608 158
10228 7170 172
11011 8722 168
6845 2837 142
8412 4483 149
9883 6575 133
10239 7191 149
810 37 162
9880 6571 160
5269 1628 126
11534 9968 146
9336 5722 148
9710 6295 152
10525 7723 160
10589 7848 153
1981 222 134
7085 3058 156
8470 4554 167
9626 6162 126
4035 938 144
4213 1025 157
3902 876 152
11510 9907 157
9333 5717 152
10873 8426 132
7054 3029 135
10569 7809 141
6982 2962 160
9038 5296 126
2246 286 143
7823 3805 175
8559 4665 159
9246 5590 136
9432 5864 151
11461 9782 139
5362 1689 171
5704 1923 161
9060 5327 151
9975 6730 134
4812 1348 168
11127 8981 138
7347 3311 137
9012 5261 151
7320 3284 139
10623 7914 159
6659 2673 155
11008 8716 134
6899 2886 134
11156 9047 170
6219 2309 128
9261 5612 142
2753 431 154
10920 8525 167
2375 320 142
8778 4947 150
6766 2767 148
7343 3307 165
6826 2820 144
10846 8368 143
5557 1820 136
10323 7343 164
6120 2232 151
10472 7622 137
8619 4741 143
10482 7640 138
9326 5707 163
11501 9883 130
988 55 137
11433 9710 166
8460 4542 160
10428 7537 142
7811 3792 139
8412 4483 146
2765 435 136
11167 9073 166
7143 3113 130
9491 5953 161
8752 4912 154
10043 6846 127
3198 584 173
6693 2703 171
6571 2598 155
10809 8291 136
7742 3717 142
10601 7871 139
8611 4731 135
11160 9057 158
8654 4786 141
8881 5083 130
5811 2000 146
6297 2371 137
1823 188 152
8628 4753 155
2846 461 136
9624 6158 152
8973 5208 144
9390 5802 164
6158 2261 162
11455 9766 167
9091 5370 135
10241 7194 146
1908 206 157
10015 6797 167
3481 694 172
10510 7693 161
10777 8225 137
10868 8414 157
5606 1854 160
7505 3470 148
6226 2315 126
11298 9380 163
8342 4398 133
10610 7889 150
6689 2699 158
9631 6169 137
7771 3749 175
10057 6870 133
7434 3398 154
9477 5932 135
6450 2496 133
9263 5615 151
10259 7227 156
10851 8378 174
2342 311 126
10817 8308 133
6310 2382 171
9375 5780 144
4302 1070 155
7857 3842 142
5007 1464 151
9108 5394 154
7466 3430 174
11134 8997 171
9805 6447 176
11223 9203 175
8422 4495 129
9027 5282 140
3000 513 172
8664 4798 133
10107 6957 168
10696 8059 154
7838 3821 139
11101 8923 154
7315 3279 155
10232 7178 136
7059 3033 144
7059 3033 159
7127 3097 153
8761 4924 132
