1000 20 2410380
50 52 209
50 137 171
50 90 243
50 75 191
50 96 181
50 65 195
50 134 174
50 112 188
50 72 169
50 132 238
50 83 204
50 65 180
50 87 184
50 119 163
50 126 179
50 143 183
50 81 227
50 89 225
50 62 198
50 53 240
2379 321 7
3222 593 7
3361 646 5
4401 1121 5
4493 1170 7
5129 1539 6
5649 1884 7
5653 1887 6
6111 2225 5
6297 2371 6
6584 2609 6
6728 2733 6
6821 2816 5
7747 3723 6
8142 4163 6
8222 4256 6
8615 4736 6
8693 4836 7
8968 5201 6
9007 5254 6
9043 5303 5
9158 5465 6
9275 5633 7
9316 5693 7
9355 5750 6
9715 6303 7
9724 6317 6
9953 6693 5
9974 6728 6
9991 6756 5
10106 6955 6
10111 6963 6
10217 7151 7
10313 7325 6
10319 7336 7
10469 7616 5
10492 7660 5
10523 7719 5
10622 7913 7
10748 8166 7
10852 8380 6
10966 8624 5
11010 8721 6
11088 8894 6
11119 8963 7
11139 9010 7
11195 9137 6
11261 9293 7
11268 9310 7
11443 9737 7
1242 87 5
1433 116 6
2679 408 5
3617 750 6
3856 855 6
4936 1421 5
5484 1770 6
5694 1916 6
6200 2294 7
6364 2426 6
6697 2706 6
6819 2814 5
7434 3398 6
7849 3833 6
7975 3972 6
8095 4108 6
8189 4217 5
8197 4227 7
8265 4306 5
8646 4776 6
8712 4861 6
8750 4910 7
8848 5039 5
8945 5169 5
9212 5541 7
9228 5564 7
9631 6170 7
9679 6246 5
9683 6252 6
9836 6498 6
9956 6697 5
10011 6791 7
10217 7151 6
10226 7167 7
10294 7290 6
10378 7444 6
10382 7452 7
10401 7488 6
10411 7506 6
10442 7565 5
10605 7879 5
10606 7881 7
10838 8352 5
11131 8991 6
11238 9239 6
11261 9293 6
11309 9408 6
11407 9646 6
11423 9685 5
11508 9900 6
1318 98 5
1338 101 5
2109 252 5
2927 488 6
3097 547 5
3794 827 5
3836 846 6
4499 1173 7
4834 1361 7
5098 1520 5
5689 1912 6
5884 2053 5
6591 2615 5
6678 2690 5
6862 2852 6
6919 2904 5
6950 2932 6
7245 3211 6
7417 3381 6
7599 3567 5
8300 4348 6
8435 4512 7
8719 4870 7
8832 5017 5
9202 5527 7
9294 5661 6
9440 5876 5
9506 5977 6
9911 6623 7
10034 6831 6
10076 6902 6
10139 7012 6
10171 7068 6
10231 7175 6
10232 7177 7
10246 7202 5
10297 7295 5
10463 7604 6
10519 7711 6
10655 7977 5
11023 8750 6
11060 8832 6
11089 8896 6
11205 9160 6
11217 9188 6
11341 9483 5
11381 9581 6
11396 9619 6
11414 9663 7
11436 9719 6
1488 125 7
2020 231 7
3278 614 7
3369 649 6
3619 751 5
4157 997 7
4364 1102 5
4740 1307 7
4796 1339 6
4820 1353 6
5689 1912 6
5848 2027 7
5954 2105 7
6565 2593 6
6571 2598 6
6808 2804 6
7039 3015 7
7152 3121 7
7171 3139 5
7376 3340 6
7444 3408 6
7561 3527 6
7765 3742 5
7873 3859 5
7969 3966 6
7985 3984 5
8189 4217 5
8294 4341 7
8445 4524 7
8578 4689 5
8980 5217 6
9150 5454 6
9181 5498 6
9629 6167 7
9643 6188 6
9806 6450 6
9870 6554 7
9929 6652 6
10177 7080 6
10343 7379 6
10629 7927 7
10871 8421 6
10986 8668 7
11043 8793 6
11186 9116 6
11430 9704 6
11444 9738 5
11451 9757 6
11522 9937 5
11542 9988 5
3790 825 6
3830 843 6
4294 1066 7
4383 1112 5
4559 1206 6
4782 1331 6
4910 1406 5
5069 1502 6
5214 1593 7
5673 1901 5
5683 1908 7
5760 1963 6
5835 2017 5
6061 2186 6
6076 2198 7
6145 2251 6
6473 2515 7
6540 2572 6
6788 2786 5
6831 2825 5
7699 3672 6
8296 4343 6
8369 4431 6
8622 4745 5
8778 4947 6
8784 4954 5
8926 5143 7
8929 5147 6
9168 5479 5
9404 5823 6
9408 5829 5
9637 6179 5
9659 6214 6
9723 6316 5
10029 6822 5
10257 7223 5
10376 7440 7
10451 7581 6
10478 7632 5
10681 8029 5
10702 8072 6
10771 8212 5
10790 8251 6
10946 8580 6
10984 8664 5
11276 9327 7
11361 9533 5
11365 9542 7
11474 9813 5
11510 9906 7
1949 215 6
2921 486 5
3832 844 7
4351 1095 7
5045 1487 6
5244 1612 5
5304 1651 6
5374 1697 6
5720 1934 7
6441 2489 7
6572 2599 7
6792 2790 6
6911 2897 7
6927 2911 5
7303 3267 6
7414 3378 5
7514 3479 6
7581 3548 5
7605 3573 5
7737 3712 6
8261 4302 6
8491 4580 5
8678 4817 7
8719 4869 7
8727 4880 5
8877 5077 6
8886 5090 5
9554 6050 6
9617 6148 6
9836 6498 7
9907 6615 7
9919 6635 6
9921 6639 6
9944 6677 5
10286 7276 5
10297 7296 6
10450 7580 7
10639 7946 7
10677 8022 5
10899 8481 5
10911 8506 7
11072 8858 6
11109 8941 7
11232 9223 6
11305 9398 6
11319 9430 5
11327 9451 6
11441 9730 6
11487 9848 5
11538 9978 6
2330 308 6
2983 507 6
4435 1139 7
4711 1290 6
5077 1507 6
5143 1548 5
5457 1752 5
5913 2075 6
6181 2279 6
6308 2380 5
6334 2401 7
6526 2560 5
6792 2790 7
6894 2881 7
7104 3076 7
7597 3564 6
7829 3811 6
8054 4062 7
8079 4090 5
8279 4323 6
8284 4329 6
8348 4406 5
8431 4506 5
8565 4673 6
8739 4896 5
8870 5068 6
8968 5200 5
9008 5256 7
9051 5314 7
9718 6307 6
9730 6326 5
9813 6461 7
9898 6600 6
10167 7062 6
10258 7225 6
10347 7386 7
10650 7968 7
10688 8043 6
10708 8085 5
10809 8291 5
10879 8437 7
10932 8550 6
11044 8796 5
11050 8808 5
11096 8911 7
11112 8948 6
11163 9065 5
11222 9200 6
11398 9623 5
11432 9709 6
1784 180 6
3701 786 6
3891 871 7
4630 1245 7
5551 1816 6
5828 2012 6
6057 2183 5
6941 2924 7
7236 3202 7
7538 3504 6
7559 3525 7
7643 3613 6
7687 3659 7
7822 3804 6
7904 3894 5
8440 4518 5
8652 4783 6
8745 4903 5
8754 4915 6
8934 5154 6
9012 5261 7
9301 5670 5
9415 5839 7
9448 5888 6
9554 6050 6
9566 6068 5
9782 6410 6
10072 6895 6
10127 6991 6
10229 7173 5
10451 7581 6
10523 7718 5
10690 8048 5
10764 8199 6
10791 8253 7
10821 8317 6
10882 8444 5
10926 8539 6
10956 8602 6
10982 8660 5
11016 8734 5
11106 8934 6
11195 9137 5
11210 9172 6
11309 9407 7
11352 9512 5
11436 9718 6
11453 9760 5
11474 9815 6
11534 9968 5
1338 101 7
1703 164 7
2134 258 6
3077 540 7
3600 743 7
4024 933 5
4281 1059 6
4702 1285 5
4735 1304 6
5114 1530 6
5125 1537 6
5352 1682 5
5580 1836 7
5826 2011 5
5842 2022 6
5854 2031 5
6059 2185 5
6140 2247 5
6517 2552 7
6956 2938 6
7462 3426 6
7834 3817 6
7840 3823 6
7911 3901 6
8278 4322 7
8464 4547 5
8543 4645 5
8552 4657 6
8719 4870 7
8764 4928 7
8904 5114 7
9024 5278 6
9026 5280 6
9031 5287 7
9437 5872 7
9514 5988 7
9719 6309 7
9850 6522 6
9948 6685 6
9989 6754 6
10162 7053 6
10228 7171 6
10243 7198 5
10575 7819 6
10884 8449 5
10888 8458 6
10932 8552 5
10985 8666 7
10999 8696 5
11069 8851 7
1446 118 7
3071 538 7
3246 602 6
4267 1052 5
4312 1075 7
4412 1127 7
4682 1274 7
4872 1383 6
4902 1401 6
5255 1619 6
5581 1837 5
5603 1852 7
5617 1862 7
5743 1951 7
6036 2167 6
6310 2382 6
6341 2407 5
6364 2426 7
7025 3002 5
7182 3150 7
7508 3473 5
7534 3499 5
8209 4241 6
8542 4644 6
8660 4793 6
8754 4915 5
9176 5491 5
9502 5971 6
9642 6187 5
9672 6235 7
9698 6275 5
9898 6601 5
9917 6633 6
9976 6731 6
10015 6798 7
10039 6838 5
10257 7222 5
10370 7429 7
10472 7621 7
10533 7739 6
10706 8081 6
10847 8371 6
10971 8636 6
11139 9010 6
11148 9029 5
11207 9166 7
11422 9684 7
11463 9787 5
11507 9897 6
11527 9950 7
788 35 7
1304 96 6
1656 155 5
2873 470 5
3236 598 5
3238 599 6
3409 665 5
4213 1025 6
4937 1422 5
5109 1527 7
5636 1875 6
5748 1954 5
5956 2107 6
6220 2310 6
6380 2439 5
6597 2620 7
6958 2940 5
7318 3282 7
7596 3563 7
7974 3971 5
8031 4036 6
8435 4512 6
8727 4880 7
9153 5458 6
9241 5583 5
9363 5761 7
9462 5909 6
9622 6156 6
9659 6213 5
9841 6506 5
9860 6537 5
9899 6603 5
9903 6609 5
9999 6771 5
10039 6838 7
10055 6867 6
10230 7174 6
10273 7252 5
10383 7453 5
10407 7499 6
10593 7855 6
10710 8089 5
10726 8120 5
10734 8136 7
10818 8309 6
10893 8468 7
10958 8608 6
11192 9130 7
11211 9175 7
11233 9227 5
133 1 6
1506 128 5
2195 273 6
3756 810 7
4271 1054 6
4894 1396 5
5173 1567 6
5449 1747 6
5464 1757 6
6095 2212 7
6119 2231 7
6190 2286 6
6206 2299 6
6221 2311 6
6415 2467 7
6626 2645 7
6868 2858 6
7830 3812 5
8172 4197 6
8518 4614 5
8556 4662 7
8703 4849 6
8778 4946 5
8961 5191 7
9375 5779 5
9579 6088 6
9674 6237 6
9862 6541 7
9947 6682 7
10018 6802 7
10018 6802 7
10020 6806 7
10025 6814 5
10050 6858 6
10058 6871 7
10143 7019 5
10249 7209 5
10313 7324 5
10493 7661 5
10613 7895 6
10870 8418 6
10880 8440 6
11080 8876 7
11128 8984 7
11135 9001 6
11209 9170 6
11214 9182 6
11381 9582 5
11433 9711 7
11475 9817 5
873 43 6
2724 422 7
4219 1028 6
4263 1050 5
4360 1100 6
4698 1283 7
5364 1690 6
5970 2117 5
6155 2259 7
6305 2378 6
6887 2875 5
7162 3131 7
7359 3323 5
7687 3659 6
8086 4098 7
8140 4160 7
8305 4354 6
8360 4420 7
8401 4470 7
8476 4562 6
8872 5071 5
9076 5349 7
9363 5762 6
9549 6042 5
9653 6204 5
9894 6594 6
10071 6894 6
10092 6930 6
10169 7066 7
10310 7318 6
10328 7351 7
10390 7467 6
10509 7692 7
10527 7727 5
10634 7936 5
10699 8065 7
10783 8237 6
10819 8311 6
10841 8357 7
10879 8437 7
10890 8461 5
10988 8673 6
11014 8730 7
11018 8739 5
11098 8917 6
11181 9106 6
11262 9294 6
11362 9535 7
11394 9614 6
11500 9881 7
1709 165 5
2097 249 5
3171 574 5
3605 745 6
4039 940 5
4134 986 5
4655 1259 5
5005 1463 6
5313 1657 6
5627 1869 6
5694 1916 7
5762 1964 7
5998 2138 6
6035 2166 6
6298 2372 7
6329 2397 5
6379 2438 6
6553 2583 6
6815 2810 6
7179 3147 6
7299 3263 6
7545 3511 6
7802 3782 6
8111 4127 5
8403 4472 6
8771 4937 5
9213 5543 5
9355 5750 5
9407 5827 6
9487 5948 5
9566 6069 6
9638 6180 5
9706 6288 5
9743 6348 6
9825 6481 5
10001 6773 6
10196 7114 5
10281 7266 5
10310 7318 5
10345 7383 6
10492 7659 5
10549 7770 5
10620 7909 7
10761 8192 6
10827 8329 5
10854 8386 6
11050 8809 6
11086 8889 7
11203 9156 7
11491 9856 6
3447 680 5
4008 925 7
4506 1177 5
4525 1187 7
4603 1230 6
4623 1241 6
5617 1862 6
5820 2006 6
6473 2515 6
7218 3185 6
7325 3289 5
7363 3327 5
7482 3446 7
7492 3456 6
7742 3718 6
8344 4401 6
8367 4429 5
8667 4802 7
9133 5430 6
9237 5578 6
9336 5722 5
9369 5770 7
9453 5896 6
9531 6015 7
9700 6279 6
9755 6366 7
9760 6375 6
9760 6375 7
9874 6560 6
9910 6620 7
10030 6823 5
10037 6836 7
10040 6840 6
10087 6922 6
10148 7028 6
10354 7399 5
10550 7771 6
10798 8268 7
10804 8280 6
10825 8325 5
10862 8403 7
10897 8476 5
11011 8722 6
11064 8841 6
11262 9294 5
11390 9603 7
11449 9752 6
11453 9762 6
11486 9844 6
11511 9908 6
421 10 6
1183 79 6
2419 332 5
2573 376 6
3259 607 6
3943 895 5
4060 950 6
5013 1468 6
5280 1635 5
5697 1918 6
6124 2235 7
6763 2764 6
7239 3205 7
7243 3209 7
7375 3339 7
7618 3586 6
7638 3607 5
7816 3797 5
8525 4623 5
8589 4703 6
8640 4768 7
8799 4974 6
9354 5749 6
9833 6493 6
9928 6651 5
10014 6796 6
10016 6799 6
10035 6832 6
10166 7060 6
10223 7162 7
10249 7209 7
10279 7262 6
10439 7558 7
10511 7695 6
10611 7891 5
10794 8261 6
10809 8292 6
10831 8337 6
10913 8511 7
10946 8581 5
11091 8900 5
11116 8956 5
11280 9338 5
11291 9364 5
11353 9513 5
11378 9574 5
11461 9782 7
11510 9907 7
11533 9966 5
11540 9984 5
3012 517 6
4446 1145 5
4561 1207 6
5557 1820 6
5807 1997 5
5900 2065 7
5992 2134 6
6413 2466 5
6494 2533 5
6622 2641 5
6846 2838 6
6848 2840 7
6898 2885 7
7461 3425 5
7566 3532 7
8037 4042 5
8220 4253 6
8357 4416 7
8500 4591 7
8779 4948 6
9003 5249 6
9437 5872 7
9473 5927 6
9583 6095 6
9604 6127 6
9676 6241 6
9719 6309 6
9793 6428 6
9911 6622 5
9957 6699 5
10003 6778 6
10237 7186 5
10263 7233 5
10277 7259 6
10303 7306 7
10410 7505 5
10505 7684 7
10602 7872 6
10663 7993 5
10709 8087 6
10773 8216 5
10798 8268 5
10895 8472 7
10920 8525 7
11060 8832 7
11130 8988 5
11304 9396 7
11382 9584 6
11456 9769 6
11536 9973 5
753 32 5
3452 682 5
4142 990 7
4583 1219 6
5227 1601 5
5355 1684 6
6017 2153 6
6164 2266 6
6177 2276 5
6299 2373 6
6425 2476 6
6568 2595 7
6685 2696 6
7315 3279 6
7532 3497 7
7916 3907 7
7926 3918 5
8253 4292 7
8386 4452 7
8641 4769 7
8658 4791 6
8771 4937 6
8928 5146 7
8944 5168 7
8960 5190 5
9177 5492 5
9209 5537 6
9259 5609 7
9262 5614 6
9339 5726 5
9424 5853 6
9519 5996 5
9898 6600 5
10017 6801 6
10610 7888 6
10620 7908 6
10621 7911 5
10648 7964 6
10801 8274 6
10854 8386 5
10964 8620 7
10969 8630 7
11007 8713 6
11133 8995 6
11156 9047 5
11231 9222 5
11240 9243 6
11340 9481 5
11445 9740 6
11494 9865 5
2390 324 6
2569 375 7
2576 377 7
2915 484 6
4594 1225 5
5122 1535 5
5437 1739 7
5473 1763 6
5509 1787 7
5522 1796 7
5551 1816 5
6122 2233 6
6233 2320 5
6372 2432 5
6526 2560 6
6768 2769 6
6853 2844 7
6875 2864 6
7094 3066 6
7863 3849 7
8189 4217 5
8322 4375 7
8330 4384 5
8428 4503 6
8582 4694 5
8609 4728 6
8759 4922 6
8809 4987 6
9386 5796 6
9436 5871 6
9474 5928 7
9636 6177 7
9644 6190 5
9778 6404 5
9942 6674 6
9973 6727 5
9974 6728 6
10312 7323 6
10555 7781 5
10673 8014 5
10697 8061 6
10823 8321 6
10829 8333 5
10845 8367 7
10847 8371 5
11116 8957 6
11154 9043 5
11336 9471 6
11473 9812 6
11533 9965 7
883 44 5
1635 151 6
2319 305 5
2827 455 7
3230 596 7
3249 603 7
3547 721 5
4423 1133 5
4825 1356 5
4951 1430 6
5267 1627 5
5531 1802 6
5736 1946 5
6085 2205 6
6147 2253 6
6339 2405 6
6649 2665 6
6825 2819 6
7073 3046 7
7178 3146 5
7391 3354 6
7910 3900 7
8054 4062 7
8148 4169 6
8308 4358 6
8371 4434 5
8695 4838 6
8995 5238 6
9189 5509 7
9438 5873 7
9481 5938 6
9691 6265 6
9723 6315 6
9774 6397 7
9829 6487 7
10006 6782 7
10068 6888 6
10203 7126 6
10459 7597 6
10523 7719 6
10543 7758 7
10580 7830 5
10619 7906 6
10713 8095 7
10788 8247 6
10791 8253 5
10920 8526 7
11390 9603 6
11439 9725 6
11543 9992 7
