2000 20 4724359
100 126 224
100 78 237
100 146 168
100 149 168
100 77 199
100 117 153
100 97 207
100 113 168
100 52 184
100 59 198
100 140 250
100 85 201
100 116 210
100 129 207
100 83 241
100 142 185
100 57 211
100 135 182
100 88 210
100 114 157
1065 64 3
1640 152 2
2455 342 2
2824 454 3
3861 857 3
4454 1149 3
4482 1164 3
4493 1170 3
4548 1200 2
4803 1343 3
4894 1396 3
5431 1735 2
5736 1946 3
5793 1987 3
6145 2251 3
6252 2335 3
6303 2376 2
6647 2663 2
6660 2674 3
6679 2691 3
6750 2753 3
6836 2829 2
6987 2966 3
7083 3056 3
7096 3068 3
7160 3129 3
7305 3269 3
7325 3289 2
7327 3291 3
7529 3494 3
7542 3508 3
7711 3684 2
7731 3706 3
7928 3920 3
8159 4182 2
8295 4342 2
8312 4362 2
8500 4591 2
8561 4668 2
8579 4690 3
8594 4710 3
8663 4797 3
8664 4798 3
8796 4970 3
8865 5061 3
8868 5065 3
8910 5122 3
8939 5161 3
8943 5166 2
9086 5363 3
9128 5422 2
9214 5544 3
9221 5554 3
9286 5649 3
9337 5723 2
9483 5942 3
9488 5949 2
9509 5981 3
9537 6024 2
9550 6044 2
9788 6420 3
9792 6426 2
9947 6683 3
9957 6699 2
10043 6846 2
10077 6904 3
10153 7037 3
10160 7050 3
10214 7146 3
10247 7205 3
10272 7250 3
10348 7388 2
10424 7531 2
10590 7850 3
10593 7856 3
10609 7886 3
10621 7911 2
10703 8074 3
10737 8142 2
10748 8165 3
10791 8254 3
10849 8374 3
10886 8453 2
10933 8554 3
10966 8625 2
11015 8731 2
11100 8921 3
11114 8953 3
11183 9109 2
11263 9298 2
11292 9367 2
11364 9541 2
11373 9561 2
11385 9591 3
11448 9748 3
11459 9777 2
11472 9809 2
11482 9834 2
11535 9971 3
11539 9980 2
1693 162 2
2494 353 2
2603 385 3
2679 408 2
3399 661 3
3798 829 2
4425 1134 2
4467 1156 3
4863 1378 3
4952 1431 3
4954 1432 2
4982 1449 3
5038 1483 3
5269 1628 2
5475 1764 3
5478 1766 3
5609 1856 2
5755 1959 3
6097 2214 3
6151 2256 2
6164 2266 2
6169 2270 3
6485 2525 2
6794 2792 3
7073 3046 2
7193 3160 3
7247 3213 3
7504 3469 3
7670 3641 3
7794 3773 3
7799 3779 3
7863 3848 3
8012 4014 3
8031 4036 3
8094 4107 3
8270 4312 2
8308 4358 3
8312 4363 2
8374 4437 2
8423 4497 3
8434 4510 3
8501 4593 3
8566 4674 2
8567 4675 2
8592 4707 3
8631 4756 3
8635 4762 3
8666 4801 3
8695 4839 2
8722 4873 2
8805 4982 2
8809 4987 3
8853 5045 3
8855 5048 2
8939 5161 3
9021 5273 3
9087 5365 2
9290 5654 3
9342 5731 2
9491 5953 3
9495 5960 3
9498 5965 3
9518 5995 3
9547 6040 3
9598 6118 2
9669 6230 2
9689 6261 3
9710 6294 2
9758 6372 2
9776 6400 3
9779 6405 3
9956 6698 3
9993 6760 3
10054 6865 3
10081 6912 2
10111 6963 2
10119 6977 2
10157 7044 3
10262 7231 3
10268 7243 3
10300 7301 2
10318 7334 2
10357 7406 3
10368 7425 3
10482 7641 2
10768 8206 3
10772 8215 2
10902 8487 3
11032 8768 2
11110 8944 3
11125 8977 3
11148 9029 3
11150 9035 2
11163 9064 3
11173 9087 2
11250 9267 3
11269 9312 2
11272 9319 2
11326 9449 2
11498 9874 2
549 17 3
653 24 2
2072 243 2
2666 404 3
2787 442 2
3009 516 2
3467 688 3
3701 786 2
3841 848 2
3889 870 2
3907 878 3
4199 1018 3
4231 1034 3
4510 1179 2
4643 1252 2
4926 1415 2
5038 1483 3
5525 1798 3
5687 1911 3
5814 2002 3
5971 2118 3
6032 2164 3
6057 2183 2
6078 2199 2
6115 2228 2
6488 2528 2
6664 2678 3
6811 2807 3
6931 2915 2
7103 3075 3
7347 3311 3
7356 3320 2
7516 3481 2
7554 3520 3
7661 3632 3
7884 3871 3
7884 3872 2
7950 3945 3
8129 4147 2
8317 4368 3
8334 4389 2
8378 4442 2
8410 4481 3
8528 4626 2
8560 4666 2
8759 4922 3
8842 5031 2
8849 5040 3
8852 5044 2
8900 5109 2
8932 5152 3
9024 5278 3
9084 5360 3
9090 5369 3
9119 5410 3
9273 5629 3
9339 5726 3
9487 5947 3
9682 6250 3
9707 6289 3
9732 6330 2
9737 6337 3
9875 6562 2
9967 6717 2
10010 6789 3
10031 6825 2
10080 6909 2
10097 6939 3
10110 6961 3
10136 7007 2
10212 7142 2
10266 7238 3
10287 7277 2
10391 7469 2
10423 7528 3
10424 7531 3
10453 7585 2
10561 7792 2
10709 8087 3
10721 8110 3
10753 8176 3
10769 8209 3
10782 8236 3
10789 8250 2
10797 8267 2
10848 8372 3
10850 8376 2
10976 8647 3
11003 8705 3
11023 8750 3
11033 8771 3
11075 8864 2
11108 8939 2
11146 9024 2
11329 9454 2
11359 9528 3
11364 9541 3
11396 9618 3
11424 9688 3
11461 9781 3
625 22 3
1098 68 2
1338 101 2
1569 139 2
2319 305 2
2528 363 2
2830 456 3
3684 779 2
3701 786 3
3737 802 3
3935 891 3
4138 988 3
4215 1026 3
4349 1094 3
4452 1148 2
4837 1363 2
4924 1414 2
4941 1424 3
5009 1465 2
5069 1502 3
5242 1611 2
5411 1721 3
5590 1843 3
5734 1944 2
5749 1955 2
5820 2006 3
5928 2086 2
6074 2196 3
6353 2417 2
6699 2708 3
6748 2751 2
6831 2825 3
6959 2941 3
7011 2989 3
7045 3020 3
7082 3055 3
7215 3182 3
7679 3650 2
8253 4292 2
8310 4360 3
8406 4476 3
8428 4503 3
8633 4759 3
8692 4835 3
8857 5051 2
8914 5128 3
9049 5312 3
9086 5363 3
9243 5586 2
9320 5699 3
9361 5758 3
9371 5773 3
9404 5822 2
9411 5833 3
9508 5980 2
9567 6070 3
9613 6141 3
9695 6270 3
9712 6297 3
9814 6463 3
9881 6573 2
9910 6620 2
9941 6673 2
9951 6690 3
9994 6762 3
10018 6803 2
10039 6838 3
10079 6908 2
10162 7053 2
10390 7467 2
10502 7679 2
10538 7747 2
10579 7827 3
10631 7929 2
10672 8011 3
10713 8095 3
10750 8169 2
10763 8197 2
10816 8305 3
10876 8432 3
10972 8638 3
10974 8641 3
11008 8716 3
11080 8875 3
11084 8885 3
11090 8898 3
11093 8905 3
11226 9209 2
11236 9233 2
11265 9303 3
11299 9382 2
11313 9416 2
11334 9468 3
11340 9481 3
11379 9578 3
11400 9628 3
11476 9818 2
11484 9840 2
11494 9865 3
11507 9898 3
133 1 2
1677 159 3
1958 217 3
3014 518 3
3386 656 3
3474 691 3
3661 769 3
3728 798 3
3769 816 3
3870 861 3
4187 1012 3
4457 1151 3
5000 1460 2
5154 1555 2
5242 1611 3
5373 1696 3
5842 2022 3
5873 2045 2
6091 2209 3
6155 2259 2
6458 2503 3
6464 2508 3
6622 2641 3
6738 2742 3
6944 2927 2
7038 3014 3
7039 3015 3
7060 3034 3
7108 3079 3
7186 3154 2
7232 3198 3
7633 3602 3
7728 3702 3
7788 3767 3
7875 3862 2
7921 3912 3
8001 4002 2
8069 4079 3
8276 4320 2
8363 4424 3
8365 4426 3
8449 4529 3
8499 4590 2
8612 4732 3
8721 4872 2
8754 4915 2
8788 4960 3
8802 4978 3
8808 4986 2
8999 5243 3
9056 5321 3
9086 5363 2
9162 5471 3
9173 5486 3
9234 5573 3
9279 5639 3
9385 5794 2
9419 5845 3
9443 5881 2
9535 6021 3
9571 6076 3
9590 6105 3
9767 6386 2
9847 6517 2
9945 6679 3
9975 6729 3
10054 6865 2
10123 6985 2
10139 7012 3
10172 7071 3
10177 7079 2
10199 7118 2
10222 7160 3
10243 7198 3
10265 7237 2
10611 7891 3
10625 7919 2
10658 7984 2
10700 8067 3
10770 8210 2
10784 8239 3
10833 8341 3
10882 8445 3
10969 8631 3
11088 8893 3
11089 8896 3
11094 8906 3
11117 8960 3
11124 8974 2
11200 9150 3
11211 9176 2
11322 9437 3
11359 9527 2
11370 9556 3
11449 9751 2
11461 9780 3
11469 9802 3
11481 9831 2
11498 9874 3
11524 9942 3
1130 72 3
1546 135 3
2167 266 3
3110 552 2
3511 706 3
3887 869 3
4083 961 2
4333 1086 3
4450 1147 2
4521 1185 3
4892 1395 3
4914 1408 2
4920 1412 2
5129 1539 3
5542 1810 3
5802 1993 3
5844 2024 2
5892 2059 3
6083 2203 3
6235 2322 2
6350 2414 2
6493 2532 3
6785 2784 3
6877 2866 2
6878 2867 3
7071 3045 3
7175 3143 3
7236 3202 3
7293 3258 2
7462 3426 3
7603 3571 3
7917 3908 2
8108 4123 2
8125 4143 2
8220 4254 3
8296 4343 3
8329 4383 3
8568 4676 3
8584 4697 2
8777 4945 3
8880 5082 2
8894 5100 2
8896 5103 2
8902 5111 2
8926 5143 2
9059 5326 2
9128 5423 2
9169 5480 3
9174 5487 3
9183 5500 3
9361 5758 3
9408 5828 2
9458 5904 3
9464 5912 3
9543 6033 3
9599 6120 2
9621 6154 3
9721 6312 2
9773 6395 2
9822 6476 2
9905 6613 3
9979 6736 3
10018 6802 3
10018 6803 2
10023 6811 3
10031 6825 2
10087 6922 3
10115 6970 2
10115 6971 2
10127 6991 3
10144 7021 2
10175 7075 3
10185 7093 3
10199 7119 3
10248 7206 3
10274 7254 3
10337 7369 3
10367 7424 3
10375 7439 3
10382 7452 2
10420 7523 3
10449 7577 3
10501 7677 3
10561 7792 2
10569 7808 3
10590 7849 3
10606 7880 2
10625 7918 3
10679 8026 3
10694 8055 3
10819 8312 3
10820 8313 3
10866 8410 3
10917 8519 3
11057 8825 3
11123 8972 3
11203 9157 3
11341 9485 2
11377 9573 3
11490 9854 3
666 25 3
810 37 2
1049 62 3
1470 122 2
1656 155 2
1703 164 3
2281 295 3
2364 317 3
2656 401 3
2676 407 2
2974 504 3
3043 528 3
3057 533 3
4500 1174 3
4550 1201 3
4581 1218 2
4668 1266 3
5479 1767 3
5558 1821 2
5612 1858 3
5798 1990 3
6150 2255 3
6788 2786 3
7123 3094 3
7422 3386 3
7495 3459 2
7525 3490 3
7549 3515 3
7649 3619 3
7774 3752 3
7869 3855 3
7956 3951 3
7965 3961 2
7965 3961 2
7976 3974 3
8167 4191 3
8306 4355 2
8360 4420 3
8382 4447 3
8431 4506 3
8480 4567 3
8622 4745 3
8886 5090 3
8957 5185 3
9007 5254 2
9009 5257 2
9014 5264 3
9112 5400 3
9263 5615 2
9293 5659 3
9358 5754 3
9609 6136 3
9615 6144 3
9661 6217 2
9673 6236 3
9802 6442 3
9886 6580 3
9886 6581 3
9937 6665 3
9970 6722 2
9974 6728 3
10005 6780 3
10015 6797 2
10095 6936 3
10170 7067 3
10236 7185 3
10252 7213 2
10324 7345 3
10376 7441 3
10418 7519 3
10439 7558 3
10439 7559 3
10443 7566 3
10451 7582 3
10484 7644 3
10517 7707 3
10526 7724 3
10564 7798 3
10590 7850 3
10628 7925 2
10651 7970 3
10694 8056 3
10804 8280 3
10870 8418 3
10897 8476 2
10950 8589 2
11023 8748 3
11024 8752 3
11052 8814 2
11103 8928 3
11120 8966 2
11222 9201 3
11235 9232 2
11286 9353 3
11325 9445 2
11372 9560 3
11392 9609 3
11403 9636 3
11526 9948 2
11527 9950 3
1734 170 3
2246 286 3
2408 329 3
2939 492 3
3174 575 3
4132 985 3
4177 1007 3
4442 1143 3
4487 1167 2
4537 1194 3
4609 1233 3
4782 1331 2
4784 1332 2
4849 1370 3
4899 1399 2
5090 1515 2
5189 1577 3
5476 1765 2
6061 2186 3
6079 2200 2
6085 2205 3
6181 2279 2
6551 2581 2
6707 2715 3
6739 2743 3
6854 2845 3
6884 2872 3
7061 3035 2
7433 3397 3
7653 3623 3
7741 3716 2
7770 3747 3
7848 3832 2
7881 3868 3
7946 3940 3
7954 3949 2
7964 3960 2
8000 4000 2
8086 4098 2
8094 4107 3
8102 4117 3
8137 4157 3
8269 4311 3
8299 4347 3
8423 4497 2
8481 4568 3
8490 4579 2
8547 4650 2
8571 4680 3
8723 4875 2
8909 5120 3
9019 5271 2
9038 5297 2
9050 5313 2
9073 5345 3
9090 5369 3
9112 5400 3
9158 5465 3
9178 5493 2
9216 5548 2
9264 5616 3
9324 5704 3
9389 5800 3
9428 5858 2
9453 5896 3
9607 6132 3
9667 6227 3
9792 6427 3
9816 6465 2
9843 6510 3
9952 6691 3
10077 6905 3
10147 7026 3
10187 7097 3
10231 7176 3
10236 7185 2
10327 7350 3
10407 7498 2
10459 7596 2
10477 7631 3
10576 7821 2
10634 7935 3
10634 7936 2
10778 8228 2
10813 8300 3
10958 8607 3
11056 8822 3
11069 8850 3
11121 8968 2
11209 9170 2
11216 9187 3
11268 9310 3
11275 9325 3
11279 9335 3
11326 9448 3
11348 9500 3
11362 9535 3
11428 9698 3
11434 9712 2
11494 9865 3
863 42 3
2262 290 2
2682 409 2
2781 440 3
3014 518 2
3449 681 3
3595 741 2
3600 743 3
3749 807 3
3850 852 3
3948 897 2
4237 1037 2
4638 1249 3
5004 1462 3
5206 1588 2
5253 1618 3
5306 1652 3
5347 1679 2
5613 1859 3
5780 1977 2
6231 2319 3
6314 2385 3
6330 2398 2
6405 2459 3
6415 2467 3
6463 2507 2
6471 2514 2
6608 2629 3
6623 2642 2
6998 2977 2
7233 3199 3
7555 3521 3
7789 3768 2
7836 3819 3
7841 3824 2
8177 4203 2
8243 4280 3
8249 4288 3
8289 4335 3
8453 4534 3
8463 4546 2
8533 4633 2
8608 4727 3
8620 4742 3
8764 4928 2
8780 4949 3
8863 5059 3
8920 5135 3
8932 5152 3
9003 5249 3
9038 5297 3
9083 5359 3
9124 5416 3
9146 5448 2
9211 5540 3
9352 5745 3
9404 5823 3
9422 5849 3
9499 5966 2
9683 6251 3
9720 6311 3
9901 6605 3
9924 6644 2
9982 6742 3
10163 7055 3
10354 7400 3
10433 7548 2
10458 7594 3
10493 7661 3
10544 7760 3
10581 7832 3
10583 7835 3
10590 7850 3
10719 8106 2
10741 8151 3
10776 8223 3
10791 8253 3
10832 8339 3
10847 8371 3
10867 8413 2
10871 8422 3
10902 8487 3
10923 8531 2
10949 8588 3
11028 8759 3
11032 8769 3
11051 8810 3
11051 8812 3
11078 8871 3
11085 8886 3
11091 8900 2
11128 8983 3
11154 9044 2
11259 9287 2
11375 9566 2
11389 9602 3
11465 9791 3
11500 9879 2
11502 9886 3
11531 9959 2
1421 114 3
1744 172 3
1927 210 3
2490 352 2
2727 423 3
2762 434 3
3230 596 3
3439 677 2
3769 816 2
3852 853 2
4145 991 3
4366 1103 3
4368 1104 3
4521 1185 3
4672 1268 3
5127 1538 3
5248 1615 3
5612 1858 3
5650 1885 2
5757 1961 2
5916 2077 3
6027 2160 2
6188 2285 3
6218 2308 3
6351 2415 3
6494 2533 3
6579 2605 3
6723 2729 3
6756 2758 2
6971 2952 2
6974 2954 2
7126 3096 3
7169 3137 3
7327 3291 3
7538 3504 2
7552 3518 3
7589 3556 3
7617 3585 2
7620 3588 3
7645 3615 3
7653 3623 3
7670 3641 3
7712 3685 2
7715 3689 2
7722 3696 3
7725 3699 3
7793 3772 3
8172 4197 3
8197 4227 2
8279 4323 2
8347 4405 3
8366 4427 2
8394 4461 2
8438 4515 3
8659 4792 2
8715 4864 3
8829 5014 3
9004 5250 3
9129 5424 3
9253 5601 2
9292 5658 3
9360 5757 2
9378 5784 3
9697 6274 2
9721 6312 3
9883 6576 2
9918 6634 2
10001 6773 3
10020 6806 3
10028 6820 3
10262 7232 3
10320 7337 2
10336 7366 3
10353 7398 2
10460 7598 3
10470 7618 3
10557 7785 3
10574 7817 3
10617 7903 3
10664 7996 3
10691 8049 3
10695 8058 2
10707 8082 2
10735 8139 3
10755 8179 3
10767 8205 3
10799 8270 3
10892 8465 3
11037 8779 3
11077 8870 2
11143 9018 2
11238 9238 3
11252 9270 3
11267 9307 2
11335 9469 3
11430 9703 3
11436 9717 2
11438 9722 3
11503 9887 3
11543 9991 3
765 33 3
1703 164 3
2254 288 2
2698 414 2
2806 448 3
3459 685 2
3602 744 3
4517 1183 3
4523 1186 2
4539 1195 3
4625 1242 3
4664 1264 2
4712 1291 3
4824 1355 3
5072 1504 3
5109 1527 2
5336 1672 3
5592 1844 3
5655 1888 2
5895 2061 3
5912 2074 3
6131 2240 3
6285 2362 3
6355 2418 2
6471 2514 2
6496 2535 3
6803 2800 3
6811 2807 3
6933 2917 2
7003 2981 3
7230 3196 3
7254 3219 3
7303 3267 3
7317 3281 3
7347 3311 3
7355 3319 3
7382 3346 2
7419 3383 2
7538 3503 3
7540 3506 3
7629 3598 2
7654 3624 2
7695 3667 2
7732 3707 3
7734 3709 3
7781 3759 2
7801 3781 2
7803 3783 3
7979 3977 3
8203 4233 3
8272 4315 3
8524 4622 3
8583 4695 3
8708 4855 3
8756 4917 2
8808 4986 2
8909 5121 3
8962 5193 3
8998 5242 2
9048 5310 2
9099 5382 2
9187 5506 3
9195 5517 2
9205 5532 2
9212 5542 2
9214 5544 3
9620 6152 3
9637 6179 3
9673 6236 2
9686 6256 3
9710 6294 3
9825 6480 3
9862 6541 3
9962 6708 3
9989 6753 3
10106 6954 3
10162 7052 3
10182 7089 3
10264 7235 3
10337 7369 3
10374 7436 2
10380 7448 3
10441 7563 2
10483 7643 3
10873 8426 2
11023 8749 3
11046 8800 2
11071 8855 3
11087 8891 3
11107 8937 3
11146 9025 3
11160 9056 3
11224 9205 3
11253 9273 3
11268 9309 3
11338 9476 3
11386 9594 3
11433 9711 2
11448 9749 3
11494 9864 2
1838 191 3
2003 227 3
2080 245 2
2167 266 2
2323 306 3
2397 326 3
2419 332 3
2430 335 2
2507 357 2
2656 401 2
2959 499 2
3068 537 3
3144 564 3
3369 649 3
4093 966 3
4213 1025 2
4245 1041 3
4435 1139 2
4452 1148 3
5103 1523 2
5355 1684 3
5552 1817 3
5653 1887 2
5711 1928 2
5732 1943 3
5735 1945 2
5793 1987 3
5980 2125 3
6002 2141 2
6302 2375 3
6316 2387 2
6612 2633 3
6666 2679 2
6729 2734 2
6854 2845 3
6974 2954 2
7006 2984 2
7596 3563 3
7649 3619 3
7696 3669 3
7744 3720 2
7813 3794 2
7821 3803 2
7857 3842 3
7924 3916 2
7939 3932 2
8054 4062 2
8102 4117 3
8138 4158 2
8147 4168 3
8176 4202 3
8225 4259 3
8245 4283 3
8265 4306 2
8453 4533 3
8541 4643 3
8562 4669 3
8569 4678 2
8570 4679 2
8585 4698 2
8690 4832 2
8944 5168 3
9086 5363 2
9259 5609 2
9314 5690 2
9344 5734 3
9677 6242 3
9688 6260 3
9735 6335 3
9739 6341 3
9826 6482 3
9908 6617 3
10041 6842 3
10099 6943 3
10133 7001 2
10156 7043 3
10225 7165 2
10255 7219 2
10263 7233 2
10271 7248 2
10320 7338 3
10391 7468 2
10541 7753 3
10665 7998 3
10671 8010 2
10745 8159 3
10761 8192 2
10768 8206 3
10954 8599 3
11067 8847 2
11191 9128 3
11302 9389 2
11305 9397 3
11314 9418 3
11314 9419 2
11324 9442 3
11336 9472 3
11343 9490 3
11399 9626 2
11503 9887 3
842 40 3
2379 321 3
2472 347 2
2702 415 2
3127 558 2
3127 558 3
3160 570 2
3163 571 3
3758 811 3
4001 922 2
4128 983 3
4385 1113 3
4675 1270 3
4709 1289 3
4868 1381 3
5227 1601 2
5321 1662 3
5430 1734 2
5509 1787 3
5513 1790 3
5665 1895 3
5901 2066 2
5980 2125 2
6016 2152 3
6027 2160 3
6050 2178 3
6267 2347 2
6267 2347 2
6402 2457 3
6417 2469 3
6575 2601 3
6618 2638 3
6692 2702 3
6706 2714 3
6853 2844 3
7003 2981 2
7055 3030 3
7098 3070 2
7113 3084 3
7136 3106 2
7248 3214 2
7284 3249 3
7329 3293 2
7375 3339 2
7384 3348 3
7463 3427 2
7645 3615 3
7661 3632 2
8073 4083 3
8149 4171 3
8306 4355 3
8323 4376 2
8379 4443 3
8449 4529 3
8508 4602 3
8585 4698 3
8635 4761 2
8790 4962 2
9048 5310 3
9241 5583 3
9283 5644 3
9329 5711 2
9358 5754 3
9636 6177 3
9643 6188 3
9743 6348 3
9758 6372 3
9787 6418 3
9849 6519 2
9861 6539 3
9886 6580 3
10031 6825 2
10061 6876 3
10277 7258 3
10327 7350 3
10352 7397 2
10424 7531 2
10452 7583 3
10456 7590 2
10466 7609 3
10467 7611 3
10527 7727 2
10589 7848 2
10642 7951 2
10798 8268 3
10855 8387 3
10865 8408 3
10926 8537 2
10984 8663 3
11046 8799 3
11093 8904 3
11121 8967 3
11132 8994 3
11155 9045 3
11185 9115 3
11295 9373 3
11359 9528 2
11422 9684 2
11524 9942 3
11540 9984 3
266 4 3
1242 87 3
1557 137 3
1871 198 3
2472 347 3
2633 394 3
2879 472 3
2988 509 3
3006 515 2
3659 768 2
4024 933 3
4197 1017 3
4364 1102 3
4399 1120 2
4521 1185 2
4563 1208 3
4636 1248 3
4890 1394 2
4941 1424 2
4994 1456 2
5067 1501 3
5111 1528 3
5178 1570 3
5581 1837 3
5607 1855 2
5707 1925 3
5764 1966 3
6020 2155 3
6398 2453 3
6476 2518 3
6510 2546 3
6516 2551 3
6615 2635 3
6633 2651 2
6731 2736 3
6775 2775 3
6856 2847 2
6894 2881 3
6896 2883 3
7153 3122 3
7527 3492 3
7603 3571 3
7728 3703 3
7919 3910 3
8095 4108 3
8170 4195 3
8172 4197 3
8220 4254 3
8316 4367 2
8339 4395 3
8429 4504 2
8502 4594 3
8691 4833 3
8722 4874 3
8749 4908 3
8871 5069 3
8885 5089 3
8948 5174 3
9067 5337 3
9077 5351 2
9091 5371 2
9096 5378 2
9198 5522 2
9203 5529 3
9221 5554 2
9229 5566 3
9317 5694 3
9331 5714 3
9395 5809 3
9698 6275 3
9892 6591 2
9965 6713 2
9984 6745 3
10004 6779 3
10072 6895 2
10075 6900 3
10131 6999 3
10184 7091 3
10200 7121 3
10234 7181 2
10259 7227 3
10295 7292 3
10364 7418 2
10369 7428 3
10472 7621 2
10755 8179 3
10815 8303 2
10830 8335 2
10938 8563 3
11053 8815 2
11059 8828 3
11134 8998 2
11167 9074 3
11246 9256 3
11281 9340 3
11358 9526 3
11434 9713 3
11494 9866 2
11529 9954 3
11541 9987 2
377 8 3
2167 266 3
3146 565 2
3246 602 3
3462 686 3
3832 844 2
4068 954 2
4097 968 3
4312 1075 3
4326 1082 3
4556 1204 2
4600 1228 2
4625 1242 3
5755 1959 3
5891 2058 2
5923 2082 3
6110 2224 3
6173 2273 3
6371 2431 3
6459 2504 3
6553 2583 3
6858 2849 3
6868 2858 3
7171 3139 3
7232 3198 3
7249 3215 3
7274 3239 2
7312 3276 3
7316 3280 3
7358 3322 3
7438 3402 3
7439 3403 2
7677 3648 2
7705 3678 2
7769 3746 3
7812 3793 3
8107 4122 2
8211 4243 2
8223 4257 3
8310 4360 2
8342 4399 3
8347 4405 2
8551 4655 3
8599 4716 3
8639 4767 3
8724 4876 3
8838 5025 2
8857 5051 3
8883 5085 3
8923 5139 2
8924 5141 3
9079 5353 3
9160 5467 2
9221 5555 3
9296 5663 3
9361 5758 3
9442 5880 2
9542 6032 2
9676 6241 3
9687 6258 3
9938 6668 3
9972 6725 2
10023 6811 3
10036 6834 3
10091 6929 3
10187 7097 2
10281 7266 3
10377 7442 3
10392 7471 3
10411 7506 3
10492 7660 2
10566 7803 2
10702 8071 3
10729 8126 3
10822 8318 2
10826 8327 2
10827 8328 3
10841 8358 2
10849 8375 3
10881 8442 3
10896 8474 2
10911 8507 3
10949 8588 3
11118 8961 3
11174 9090 3
11234 9228 3
11258 9286 2
11269 9312 3
11283 9345 3
11306 9400 2
11307 9402 2
11311 9412 2
11326 9449 3
11329 9456 3
11353 9513 2
11365 9543 3
11394 9614 2
11526 9948 3
11529 9954 3
11543 9991 2
997 56 2
2147 261 3
2215 278 3
2666 404 3
2983 507 3
3379 653 2
3499 701 3
3516 708 2
3518 709 3
3807 833 3
3816 837 3
4207 1022 3
4548 1200 2
4612 1235 3
4836 1362 2
4947 1428 3
5018 1471 3
6113 2226 2
6238 2324 3
6371 2431 2
6423 2474 2
6465 2509 2
6498 2536 3
6596 2619 3
6603 2625 3
6658 2672 2
6784 2783 3
6821 2816 3
6833 2826 3
6891 2879 3
6908 2894 3
6924 2909 3
6952 2934 2
7000 2978 2
7261 3226 3
7387 3350 3
7532 3497 2
7674 3645 3
7736 3711 3
7987 3986 2
8072 4082 3
8112 4128 2
8130 4149 3
8270 4313 3
8316 4367 3
8426 4500 3
8466 4550 3
8560 4666 3
8589 4703 2
8646 4775 3
8779 4948 3
8781 4951 2
8979 5216 2
8979 5216 3
9091 5371 3
9098 5380 3
9136 5434 3
9173 5486 2
9204 5530 2
9234 5573 3
9439 5875 3
9498 5964 2
9498 5965 2
9502 5970 3
9504 5974 3
9573 6080 3
9660 6215 2
9690 6263 2
9752 6362 3
10033 6829 3
10035 6832 3
10041 6843 3
10132 7000 3
10151 7033 3
10151 7034 3
10232 7178 3
10253 7215 3
10311 7321 2
10375 7438 3
10421 7524 2
10422 7527 3
10443 7566 3
10529 7730 3
10572 7814 2
10591 7851 3
10802 8276 3
10942 8573 3
10970 8633 2
10976 8645 3
11015 8732 3
11064 8839 2
11110 8944 2
11189 9125 3
11208 9168 2
11241 9246 2
11306 9400 3
11361 9534 3
11411 9656 3
11419 9675 3
11484 9840 3
1838 191 2
1917 208 3
2130 257 3
3091 545 2
3322 631 3
3682 778 3
3959 902 2
4045 943 3
4068 954 2
4619 1239 2
4693 1280 3
4849 1370 2
4849 1370 3
4851 1371 3
4989 1453 3
5154 1555 2
5352 1682 3
5409 1720 2
5504 1784 3
5704 1923 3
5766 1967 3
5847 2026 3
5896 2062 3
6109 2223 3
6527 2561 3
6549 2579 3
6596 2619 3
6919 2904 3
6946 2929 2
7228 3194 3
7240 3206 2
7372 3336 2
7977 3975 2
7987 3986 2
8015 4018 3
8109 4125 3
8122 4140 3
8189 4217 3
8394 4461 3
8412 4483 3
8437 4514 2
8524 4622 3
8631 4756 3
8709 4857 2
9106 5392 3
9147 5449 3
9150 5453 2
9364 5763 2
9394 5807 2
9431 5863 3
9456 5901 3
9589 6104 3
9592 6109 2
9639 6183 3
9652 6202 3
9710 6294 3
9979 6737 3
10041 6842 3
10061 6877 3
10082 6913 3
10088 6924 3
10139 7012 3
10165 7058 2
10187 7097 3
10195 7111 2
10217 7150 3
10275 7256 2
10328 7351 2
10335 7364 3
10346 7385 2
10350 7392 2
10390 7466 3
10468 7614 3
10504 7683 3
10617 7903 2
10639 7946 3
10640 7948 2
10680 8028 3
10791 8254 2
10821 8317 3
10863 8405 3
10874 8428 3
10921 8528 3
10935 8558 3
10987 8670 3
11024 8752 2
11061 8834 3
11145 9023 3
11149 9032 3
11156 9048 3
11178 9099 3
11179 9100 3
11211 9174 3
11235 9231 3
11240 9243 3
11277 9331 2
11369 9552 2
11369 9553 3
11408 9648 3
11457 9772 2
421 10 3
1227 85 2
1331 100 3
1396 110 3
2130 257 3
2415 331 2
2933 490 2
2939 492 3
2959 499 3
3179 577 3
3309 626 3
3429 673 3
3590 739 3
3712 791 3
3971 908 3
3993 918 3
4047 944 2
4177 1007 3
4318 1078 3
4548 1200 3
4793 1337 2
4897 1398 3
5146 1550 2
5469 1760 3
5625 1867 2
5889 2057 3
5947 2100 3
6100 2216 3
6263 2344 3
6341 2407 3
6378 2437 3
6490 2530 2
6533 2566 3
6545 2576 3
7051 3026 2
7264 3229 3
7285 3250 2
7344 3308 2
7408 3372 3
7411 3375 3
7427 3391 3
7510 3475 3
7917 3908 3
7991 3990 3
8250 4289 3
8421 4494 2
8443 4521 3
8631 4756 2
8635 4761 3
8638 4765 2
8677 4815 3
8693 4836 2
8725 4877 2
8932 5151 2
9047 5309 3
9192 5513 3
9337 5724 3
9493 5956 2
9508 5980 3
9625 6161 2
9634 6175 2
9636 6178 2
9666 6224 2
9713 6300 3
9718 6308 3
9880 6571 3
9918 6634 3
9944 6677 3
10025 6814 3
10036 6833 3
10058 6872 3
10066 6886 3
10111 6963 3
10165 7058 2
10227 7168 3
10309 7317 2
10357 7405 3
10607 7883 3
10627 7922 3
10646 7960 2
10681 8030 3
10727 8123 3
10736 8140 3
10829 8332 3
10909 8501 2
10966 8625 3
10969 8631 3
11011 8722 3
11037 8779 2
11080 8876 3
11103 8928 3
11175 9092 3
11275 9326 2
11303 9393 2
11369 9553 3
11369 9553 3
11379 9578 2
11465 9791 3
11502 9884 2
11534 9968 3
1866 197 3
2281 295 2
2633 394 3
2695 413 2
3043 528 2
3094 546 2
3399 661 3
3567 729 3
3631 756 3
3668 772 3
3712 791 3
3902 876 3
4110 974 3
4132 985 3
4181 1009 3
4465 1155 3
4574 1214 3
4684 1275 3
4805 1344 3
4929 1417 3
5079 1508 2
5116 1531 2
5124 1536 3
5330 1668 3
5341 1675 3
5804 1995 3
5832 2015 3
5956 2107 3
6071 2194 2
6141 2248 3
6146 2252 2
6200 2294 2
6278 2356 3
6332 2400 3
6454 2500 3
6517 2552 3
6591 2615 3
6595 2618 3
6616 2636 3
6669 2682 2
6710 2718 3
6906 2892 3
6943 2926 3
7137 3107 3
7300 3264 3
7395 3358 3
7515 3480 3
7547 3513 2
7667 3638 3
7747 3723 2
7823 3805 3
7837 3820 2
7855 3840 2
7894 3883 3
8047 4054 3
8109 4125 3
8201 4231 3
8347 4405 3
8360 4420 2
8372 4435 3
8452 4532 2
8502 4594 3
8580 4692 3
8604 4722 3
8700 4845 2
8850 5042 3
8965 5197 3
8973 5207 3
9004 5250 3
9186 5504 3
9201 5526 3
9228 5565 3
9278 5637 2
9584 6096 3
9597 6117 3
9631 6169 3
9668 6228 2
9674 6238 3
9869 6553 3
10003 6778 3
10015 6798 3
10119 6977 3
10193 7107 2
10452 7584 3
10565 7800 3
10676 8019 3
10756 8181 3
10806 8284 2
10928 8542 2
11012 8725 3
11021 8744 2
11064 8839 3
11155 9046 3
11161 9059 3
11185 9115 2
11246 9257 2
11304 9395 3
11398 9623 3
11475 9816 2
11502 9886 2
2126 256 3
2790 443 3
2945 494 2
3032 524 2
3071 538 3
3135 561 2
3361 646 3
4351 1095 2
4357 1098 2
4393 1117 3
4684 1275 2
4849 1370 3
4866 1380 2
4979 1447 3
5084 1511 3
5332 1669 3
5398 1713 3
5491 1775 3
5612 1858 3
5619 1863 2
5650 1885 3
5727 1939 2
6002 2141 2
6289 2365 2
6460 2505 2
6750 2753 2
6935 2919 3
7018 2995 2
7079 3052 2
7270 3235 3
7356 3320 2
7523 3488 2
7627 3596 2
7706 3679 3
7732 3707 3
7813 3794 3
7906 3896 3
7984 3983 2
7999 3999 2
8185 4212 2
8226 4261 3
8283 4328 3
8482 4569 3
8506 4599 3
8508 4602 3
8512 4607 3
8528 4626 3
8628 4753 3
8639 4766 3
8894 5100 3
9143 5444 3
9213 5543 3
9343 5732 3
9368 5769 3
9392 5804 3
9469 5921 3
9471 5924 3
9492 5955 3
9520 5998 3
9598 6118 3
9703 6283 3
9707 6289 3
9785 6415 3
9827 6484 3
9854 6527 2
9875 6562 3
10005 6780 3
10034 6830 2
10047 6853 3
10107 6956 3
10173 7073 2
10178 7081 3
10364 7418 3
10366 7422 3
10372 7433 2
10375 7439 3
10422 7527 3
10428 7538 2
10491 7658 2
10553 7777 3
10555 7781 2
10572 7814 3
10616 7901 3
10735 8139 3
10801 8274 2
10924 8534 2
11028 8761 3
11079 8874 3
11098 8915 2
11121 8969 3
11130 8988 2
11168 9075 3
11192 9132 2
11276 9328 3
11287 9354 3
11348 9500 2
11412 9658 3
11456 9769 2
11487 9846 3
11546 9998 3
