500 20 116394
25 50 226
25 59 172
25 136 247
25 123 175
25 117 165
25 72 151
25 113 153
25 106 191
25 132 232
25 143 206
25 94 242
25 53 194
25 86 163
25 54 190
25 76 206
25 70 187
25 149 195
25 127 200
25 149 185
25 53 249
307 54 11
481 135 13
548 177 12
585 203 13
618 228 11
625 234 14
780 378 14
797 397 11
800 400 11
809 411 11
894 517 12
909 538 14
919 552 10
925 560 10
930 567 11
938 580 12
954 604 10
968 626 13
981 646 11
986 654 14
990 661 14
1023 719 14
1032 734 13
1118 912 14
1140 963 12
173 17 14
262 39 14
321 59 12
441 113 12
543 174 11
579 199 11
658 261 14
669 270 11
680 280 11
756 353 14
767 365 14
810 412 14
820 424 11
846 455 11
857 469 10
869 484 14
966 623 12
970 628 11
1006 688 12
1047 763 14
1068 804 12
1070 807 11
1111 896 12
1120 917 14
1129 938 14
290 48 10
332 63 13
371 79 12
371 79 14
436 110 14
548 177 14
549 178 12
554 181 13
575 196 12
639 245 14
643 248 13
717 314 12
793 393 11
836 443 12
865 479 11
946 591 14
970 628 12
994 668 11
999 676 12
1040 750 12
1058 783 11
1093 856 14
1130 940 11
1146 979 11
1152 995 11
162 15 12
226 29 13
443 114 12
486 138 10
504 149 14
601 215 14
644 249 13
658 261 14
800 400 12
820 423 11
906 534 11
948 595 11
1007 690 13
1020 712 12
1048 764 13
1062 792 10
1066 800 13
1079 826 11
1092 853 12
1110 894 10
1110 894 12
1113 899 10
1124 926 11
1140 964 11
1153 997 12
119 8 14
205 24 13
226 29 12
302 52 11
349 70 12
416 100 12
498 145 12
616 227 13
670 271 11
692 291 13
733 330 14
750 347 12
775 373 12
795 395 12
851 461 13
932 570 12
944 588 14
965 620 11
981 646 12
989 659 13
990 661 14
1022 717 14
1117 910 14
1127 932 14
1145 977 11
339 66 11
371 79 14
443 114 14
462 124 12
471 129 13
504 149 14
511 153 13
567 190 13
600 214 14
610 222 14
622 231 14
719 316 11
729 326 12
744 341 13
757 354 14
796 396 11
856 467 13
885 505 11
920 553 11
937 578 12
969 627 11
1050 769 13
1102 876 10
1144 974 10
1150 988 12
268 41 13
601 215 11
679 279 12
709 307 14
710 308 13
710 308 14
766 364 11
773 371 14
828 433 12
831 436 11
874 490 14
954 603 13
960 613 11
986 654 14
1010 695 12
1023 719 12
1043 755 12
1061 790 10
1064 796 14
1097 865 13
1113 900 11
1126 931 12
1142 969 11
1146 978 12
1151 991 11
271 42 13
274 43 13
451 118 12
465 126 14
498 145 13
531 166 13
546 176 13
745 342 13
787 386 11
811 413 10
828 433 13
831 436 13
906 533 11
909 537 11
925 560 10
929 566 13
964 619 13
1084 836 13
1086 840 14
1087 842 12
1107 887 13
1108 889 12
1111 895 13
1124 925 12
1126 931 14
126 9 12
274 43 13
371 79 14
527 163 13
560 185 14
571 193 11
588 205 14
596 211 11
600 214 14
635 242 10
672 273 11
685 285 11
747 344 14
866 480 13
896 519 11
902 528 11
968 625 13
973 634 12
1020 713 10
1053 775 14
1061 789 11
1066 799 12
1092 853 10
1133 946 12
1144 975 13
321 59 14
428 106 11
472 130 10
543 174 12
546 176 14
571 193 14
655 258 14
660 263 13
673 274 11
690 289 11
767 365 11
836 443 14
839 446 13
865 478 11
875 492 12
877 494 12
920 553 14
973 633 14
989 660 11
992 664 13
1016 705 14
1047 762 12
1088 846 14
1091 852 14
1113 899 13
244 34 12
302 52 11
366 77 11
486 138 11
620 230 13
725 322 11
731 328 12
732 329 12
751 348 12
759 356 14
794 394 11
800 401 11
814 417 11
938 579 12
948 595 11
1025 722 11
1053 775 13
1058 783 12
1061 790 12
1063 793 11
1065 797 11
1065 797 12
1083 834 14
1124 925 12
1140 963 11
42 1 13
94 5 12
237 32 14
324 60 13
399 92 12
474 131 14
633 240 13
787 386 12
803 404 12
879 497 14
915 546 14
919 552 12
936 576 14
990 661 14
992 665 12
1014 703 14
1019 711 13
1064 795 14
1065 798 12
1079 827 14
1080 829 12
1097 864 13
1099 869 12
1115 905 13
1123 923 14
178 18 11
456 121 14
498 145 11
605 218 13
659 262 13
662 264 13
664 266 15
827 432 12
865 479 12
870 485 11
875 492 12
894 517 14
943 587 11
968 626 10
987 656 12
994 668 13
998 674 12
1016 706 13
1027 726 14
1036 742 11
1041 751 11
1052 772 13
1082 833 11
1104 879 15
1144 975 14
145 12 12
162 15 11
183 19 10
359 74 12
386 86 11
388 87 11
484 137 11
503 148 13
545 175 11
545 175 14
568 191 14
618 228 10
720 317 11
727 324 11
774 372 12
825 430 11
840 447 12
911 540 11
959 611 13
978 642 13
998 675 13
1063 793 13
1087 842 11
1110 892 14
1132 945 12
496 144 14
533 167 11
537 170 11
568 191 11
720 317 12
724 321 10
749 346 13
772 370 15
806 407 13
810 412 13
816 419 12
893 515 11
1001 680 12
1026 724 13
1047 763 13
1050 768 11
1073 814 12
1081 830 11
1087 843 11
1101 872 11
1102 875 12
1116 906 13
1116 906 13
1134 950 13
1139 961 11
517 157 13
522 160 11
567 190 13
618 228 11
623 232 12
643 248 11
705 303 11
778 376 11
800 400 13
828 433 12
841 449 13
995 669 12
999 676 14
1016 705 12
1031 732 11
1042 753 13
1065 797 12
1077 821 11
1086 841 11
1090 850 14
1106 883 14
1128 934 10
1147 982 12
1153 996 11
1154 999 14
337 65 11
384 85 11
542 173 13
560 185 12
613 224 14
745 342 12
788 387 10
864 477 12
875 492 11
899 524 13
946 591 11
946 591 12
972 631 13
978 642 10
996 671 11
1012 699 14
1027 725 13
1060 787 11
1062 792 12
1111 895 14
1121 919 11
1140 963 11
1142 969 11
1144 974 14
1146 978 12
151 13 14
226 29 12
354 72 11
410 97 12
543 174 13
618 228 12
746 343 12
773 371 14
784 383 10
807 409 13
809 411 14
820 423 14
866 480 13
873 489 14
877 494 11
912 542 11
928 564 11
930 567 14
1054 776 13
1079 827 13
1089 848 10
1089 848 13
1094 857 12
1114 902 12
1142 970 13
111 7 12
339 66 13
382 84 10
456 121 11
633 240 13
635 242 13
702 300 13
847 456 11
848 457 11
861 473 13
870 485 14
878 496 13
921 555 12
925 560 11
940 582 10
987 656 12
1007 690 11
1013 701 12
1016 706 14
1026 723 14
1069 806 13
1077 822 11
1083 835 10
1112 897 10
1121 919 12
210 25 11
210 25 12
244 34 13
513 154 12
665 267 11
760 357 13
768 366 13
809 411 13
836 443 14
871 487 14
906 533 14
932 570 11
937 578 14
977 640 12
995 669 13
1004 684 11
1019 711 11
1053 775 11
1053 775 14
1054 777 13
1072 811 12
1073 813 14
1081 831 12
1088 845 14
1114 903 13
