200 20 42024
10 119 245
10 124 200
10 125 243
10 114 150
10 148 195
10 131 246
10 81 169
10 77 160
10 135 192
10 65 150
10 51 210
10 109 214
10 70 153
10 137 190
10 84 219
10 81 244
10 145 201
10 53 210
10 80 215
10 109 184
258 38 29
491 141 31
524 161 32
534 168 28
771 369 33
855 466 34
1039 747 35
1068 803 37
1087 843 38
1148 984 30
401 93 28
596 211 33
655 258 29
655 258 38
780 378 29
849 459 38
874 490 32
926 562 36
952 600 38
1002 682 29
151 13 31
287 47 31
332 63 33
488 139 28
758 355 37
794 394 38
842 450 28
928 565 32
941 584 37
1076 819 32
354 72 31
401 93 30
542 173 35
794 394 37
844 452 37
998 674 33
1044 757 29
1085 839 39
1091 852 36
1110 893 32
183 19 35
342 67 32
639 245 33
749 346 37
946 591 31
973 633 28
984 652 33
1113 899 30
1133 946 28
1140 964 29
222 28 28
408 96 38
474 131 38
635 242 38
787 386 31
846 455 35
883 502 37
1008 691 30
1096 862 35
1100 870 29
59 2 28
274 43 35
344 68 35
562 187 37
669 270 38
747 344 39
763 360 37
971 630 39
1041 751 30
1126 929 35
226 29 33
258 38 37
513 154 37
688 287 30
779 377 35
781 380 38
953 602 38
1025 722 28
1053 774 37
1089 848 32
162 15 28
178 18 37
615 226 31
771 369 30
933 572 36
983 650 38
1020 712 31
1057 782 31
1062 792 28
1103 877 39
241 33 33
375 81 29
583 202 37
694 293 30
803 404 30
896 520 39
953 602 28
1037 743 33
1088 845 33
1102 875 30
84 4 34
145 12 34
201 23 28
726 323 33
765 362 38
1049 766 37
1060 788 33
1068 804 29
1109 891 35
1140 965 38
151 13 31
287 47 31
636 243 36
754 351 29
900 525 34
984 651 34
1041 752 29
1088 845 28
1128 934 37
1140 964 29
773 371 37
783 382 33
794 394 30
845 453 38
847 456 39
916 548 38
954 603 32
957 608 33
959 612 36
1116 907 32
377 82 28
439 112 35
500 146 36
706 304 35
828 433 37
976 638 37
999 677 35
1004 684 35
1020 713 31
1132 945 38
382 84 37
472 130 28
474 131 28
495 143 31
791 391 29
877 494 35
927 563 36
1028 727 30
1061 790 35
1135 951 35
222 28 28
570 192 34
665 267 37
901 526 37
917 549 34
975 637 38
1010 695 35
1079 827 29
1115 904 35
1150 988 35
337 65 35
667 269 35
678 278 37
725 322 36
736 333 32
766 363 36
889 510 31
1020 712 33
1049 767 37
1092 853 30
447 116 30
496 144 35
763 360 35
853 463 30
897 521 37
933 572 37
1078 824 37
1101 873 33
1106 883 33
1148 984 34
201 23 29
354 72 28
583 202 37
629 237 32
730 327 36
798 398 38
865 478 35
890 511 35
1027 725 32
1079 826 34
500 146 30
673 274 35
785 384 29
845 454 31
871 486 39
919 551 33
1036 741 32
1058 784 29
1062 791 34
1147 982 28
