100 20 281278
5 108 157
5 64 196
5 58 211
5 141 154
5 100 157
5 132 247
5 88 166
5 85 183
5 97 161
5 133 214
5 60 203
5 85 193
5 135 178
5 134 246
5 150 166
5 135 240
5 107 211
5 119 189
5 144 151
5 101 218
4251 1044 46
5258 1621 54
7171 3139 59
9373 5776 50
10970 8633 51
8123 4141 50
8172 4197 53
9580 6091 62
10492 7659 64
10620 7909 56
2016 230 51
9020 5272 53
9649 6198 58
11458 9773 56
11496 9870 62
6072 2195 57
6972 2953 60
7968 3965 50
8850 5042 47
9099 5381 60
2740 427 62
4104 971 62
9365 5764 54
9439 5875 65
11247 9260 63
7994 3994 61
10497 7668 53
10826 8327 51
11202 9155 52
11380 9580 50
903 46 47
6775 2775 64
7003 2981 47
8960 5190 49
9450 5891 56
4316 1077 63
7995 3995 55
9778 6404 51
10318 7333 63
11142 9017 56
6052 2179 59
6382 2440 59
8122 4140 57
8736 4892 63
9051 5314 56
2936 491 51
7224 3190 57
7301 3265 60
10325 7347 51
10976 8645 54
4619 1239 47
9642 6187 64
10087 6922 57
10376 7440 52
11299 9383 50
7525 3490 52
8813 4992 46
9855 6530 48
10975 8644 56
11162 9061 63
1640 152 57
3911 880 61
8462 4545 65
9929 6652 56
11540 9984 63
4964 1438 57
5669 1898 52
6538 2570 52
7853 3837 55
11077 8869 62
4195 1016 49
7496 3460 60
9961 6706 60
10746 8161 61
11166 9072 47
8274 4317 53
8605 4723 47
9259 5609 55
10773 8216 56
11439 9725 59
2590 381 54
6604 2626 54
8584 4697 54
9840 6504 47
10058 6871 46
7742 3717 62
9587 6101 50
10044 6848 61
10381 7449 57
11361 9533 49
9704 6285 54
10672 8012 65
10683 8033 48
10817 8308 63
11341 9483 46
4341 1090 51
5307 1653 55
6869 2859 54
7646 3616 56
10455 7589 57
