200 20 46832
10 96 206
10 146 243
10 127 180
10 103 151
10 90 152
10 145 196
10 98 232
10 91 191
10 120 231
10 76 209
10 114 160
10 135 188
10 86 210
10 95 228
10 100 209
10 136 166
10 126 220
10 140 225
10 86 243
10 92 153
560 185 28
586 204 31
604 217 31
707 305 25
785 384 26
786 385 27
1023 719 27
1030 731 25
1086 840 27
1122 921 31
324 60 30
326 61 25
434 109 28
436 110 25
726 323 32
740 337 30
799 399 31
1092 854 30
1104 879 29
1146 978 29
484 137 25
537 170 30
679 279 30
786 385 27
880 498 30
975 636 27
1128 934 27
1131 942 29
1150 990 29
1154 1000 34
284 46 33
410 97 31
682 282 32
831 436 34
857 468 25
994 667 30
1015 704 34
1073 813 31
1115 904 28
1134 950 24
561 186 34
572 194 27
575 196 26
628 236 26
784 383 32
956 606 34
1010 695 34
1089 848 33
1133 948 30
1146 980 29
133 10 26
397 91 32
486 138 31
565 189 31
664 266 30
738 335 26
930 568 27
1057 782 31
1079 827 30
1092 853 31
472 130 29
546 176 31
809 411 26
884 503 27
950 598 28
984 651 33
997 673 34
1017 707 25
1085 838 29
1119 913 31
471 129 28
630 238 24
670 271 30
701 299 25
719 316 26
732 329 33
1034 738 28
1040 749 29
1094 858 28
1131 943 25
42 1 31
226 29 33
262 39 28
377 82 25
662 264 26
731 328 29
757 354 28
761 358 25
969 627 29
1065 798 28
337 65 29
472 130 32
574 195 29
638 244 25
699 297 29
881 500 28
887 507 29
949 596 28
983 649 29
1148 984 33
183 19 29
233 31 31
284 46 29
513 154 25
672 273 32
990 661 30
1049 766 31
1053 775 28
1076 819 27
1118 911 27
226 29 26
570 192 26
657 260 30
674 275 30
791 391 26
837 444 24
1018 709 28
1025 722 25
1094 858 25
1105 881 34
337 65 26
356 73 31
690 289 25
754 351 30
803 404 30
890 511 25
945 590 33
983 649 33
1024 720 33
1111 895 27
94 5 31
173 17 31
293 49 31
524 161 31
656 259 26
741 338 26
778 376 32
868 483 32
896 519 25
1042 753 27
119 8 30
318 58 25
388 87 33
681 281 26
840 447 29
892 514 26
899 523 25
1008 691 33
1021 715 26
1036 741 24
293 49 31
337 65 27
711 309 26
805 406 25
839 446 25
893 516 28
1045 759 28
1089 848 34
1108 889 31
1120 917 27
504 149 30
548 177 26
640 246 30
807 409 26
840 448 33
941 584 24
999 676 32
1079 826 30
1126 931 25
1136 955 34
590 207 28
675 276 30
744 341 32
792 392 26
800 400 25
802 403 29
825 429 32
843 451 32
937 578 28
1028 727 27
139 11 28
533 167 25
684 284 34
727 324 26
764 361 28
860 472 32
894 517 31
956 607 30
1016 705 30
1144 975 24
371 79 33
543 174 25
606 219 28
641 247 33
892 514 33
1058 784 31
1058 784 31
1087 843 29
1118 911 29
1148 984 30
