100 20 227893
5 107 204
5 102 178
5 127 247
5 141 198
5 109 223
5 65 190
5 78 208
5 69 241
5 68 223
5 75 233
5 97 169
5 99 165
5 78 233
5 83 218
5 137 187
5 74 233
5 77 204
5 133 188
5 128 239
5 141 239
7993 3993 55
8391 4458 57
8512 4606 72
10637 7941 55
11171 9082 66
2308 302 69
5013 1468 58
5738 1947 56
6991 2970 70
8418 4491 67
1277 92 73
6928 2912 72
8766 4931 66
11147 9028 53
11390 9605 65
4393 1117 69
5000 1460 72
7199 3166 57
9590 6106 58
10715 8099 65
4070 955 53
8191 4219 69
10682 8032 71
11211 9176 58
11357 9522 61
2997 512 63
5048 1489 71
10306 7311 53
10602 7873 53
11441 9731 66
7182 3150 53
7198 3165 53
8457 4539 53
8630 4755 56
8807 4985 61
3993 918 53
5657 1890 56
7139 3109 54
7454 3418 55
9471 5924 57
4666 1265 59
7630 3599 60
7902 3891 58
9422 5850 73
10850 8377 68
2945 494 58
7522 3487 55
10595 7858 61
11023 8748 66
11538 9978 64
2669 405 58
5132 1541 62
8792 4965 70
9715 6303 68
10349 7391 64
3110 552 52
3878 865 72
4219 1028 65
10123 6985 56
10732 8133 70
3805 832 73
4211 1024 58
11195 9138 69
11196 9140 57
11307 9402 55
7855 3840 72
8335 4390 57
9414 5838 63
9763 6380 69
10482 7641 67
5587 1841 55
5774 1973 61
9153 5457 69
9531 6015 67
11290 9361 57
6608 2629 63
6993 2972 71
8791 4963 58
9993 6761 54
10398 7481 63
5850 2028 71
6553 2583 62
7709 3682 53
7924 3916 66
11474 9815 59
5954 2105 55
7637 3606 56
8171 4196 55
9977 6733 64
11401 9630 69
5478 1766 53
6558 2587 61
7075 3048 54
9551 6045 55
10289 7281 69
5764 1966 69
9228 5564 68
9238 5579 55
10430 7542 58
10961 8614 71
