1000 20 2602583
50 116 186
50 96 214
50 78 155
50 89 161
50 107 250
50 78 175
50 107 192
50 115 172
50 79 243
50 144 167
50 73 210
50 84 224
50 67 161
50 108 151
50 120 242
50 140 165
50 60 158
50 81 200
50 68 223
50 121 233
2159 264 5
2682 409 6
2815 451 5
2830 456 5
3080 541 4
4159 998 5
4273 1055 6
4429 1136 5
4858 1375 5
5609 1856 5
6025 2159 6
6085 2205 5
6430 2480 6
6629 2647 6
6754 2756 5
6852 2843 4
6865 2855 6
7239 3205 5
7319 3283 6
7429 3393 6
7515 3480 5
7559 3525 5
7823 3805 5
7825 3807 4
8101 4115 5
8279 4323 6
8663 4797 5
8971 5205 4
9061 5329 5
9547 6039 6
9624 6158 4
9687 6258 5
9874 6561 5
9904 6611 5
10137 7008 6
10146 7025 4
10156 7043 5
10510 7693 5
10532 7737 6
10563 7797 6
10693 8054 4
10825 8324 5
10868 8415 6
10946 8581 5
11012 8724 5
11109 8941 6
11251 9269 6
11371 9557 6
11372 9559 5
11467 9797 5
2254 288 5
2390 324 5
2469 346 6
2556 371 5
3628 755 5
3861 857 6
4039 940 4
4201 1019 6
4243 1040 5
4907 1404 6
5167 1563 4
5269 1628 5
5520 1795 5
5646 1882 5
5667 1897 5
6019 2154 5
6459 2504 5
6785 2784 5
7254 3219 6
7460 3424 5
8036 4041 5
8090 4103 5
8219 4252 6
8291 4338 5
8404 4473 4
8420 4493 6
8446 4525 4
9092 5372 6
9361 5758 6
9403 5821 4
9625 6161 6
9645 6192 4
9660 6215 6
9774 6398 5
9991 6756 4
10023 6811 5
10202 7123 6
10275 7256 4
10471 7619 5
10639 7945 6
10740 8150 5
10803 8278 4
10959 8609 6
10986 8668 5
11033 8771 6
11068 8849 6
11209 9171 5
11260 9289 5
11404 9639 5
11533 9965 5
2273 293 6
2334 309 6
3856 855 5
4292 1065 6
4684 1275 5
4957 1434 5
4977 1446 6
5159 1558 4
5231 1604 5
5482 1769 6
5552 1817 5
6235 2322 5
6279 2357 5
6398 2453 5
6507 2544 6
6843 2835 5
7073 3046 5
7300 3264 5
7443 3407 6
7790 3769 5
7858 3843 6
7902 3891 4
7904 3894 5
8185 4212 5
8611 4731 6
8651 4782 6
8864 5060 5
9003 5249 4
9045 5306 4
9501 5969 5
9558 6056 4
9933 6659 6
9956 6698 6
9979 6736 6
10011 6790 5
10034 6831 4
10490 7656 5
10516 7705 5
10598 7865 6
10667 8001 5
10696 8059 5
10734 8137 5
11175 9091 4
11283 9344 5
11362 9536 6
11371 9557 5
11428 9699 6
11461 9780 4
11506 9895 5
11540 9984 4
1213 83 5
3193 582 4
3867 860 6
4147 992 6
4395 1118 4
5184 1574 4
5313 1657 6
5516 1792 6
5639 1877 6
6501 2539 6
6909 2895 6
6944 2927 5
7312 3276 5
7361 3325 5
7722 3696 6
7775 3753 5
7894 3883 5
8366 4427 5
8376 4439 5
8568 4676 5
8695 4839 5
8699 4844 5
8811 4990 6
9069 5340 5
9142 5442 5
9333 5717 6
9349 5741 4
9370 5772 6
9723 6316 6
9802 6443 6
9808 6452 5
9827 6483 5
10167 7061 5
10202 7123 5
10318 7334 5
10323 7343 6
10389 7464 6
10796 8264 6
10855 8387 5
10868 8415 6
10933 8553 6
10984 8663 6
10993 8683 5
11122 8970 5
11254 9276 6
11262 9294 4
11281 9339 6
11343 9488 5
11373 9562 5
11542 9989 4
2593 382 5
3371 650 5
3920 884 6
4005 924 4
4169 1003 5
4997 1458 6
5492 1776 5
5895 2061 5
6275 2354 5
6666 2679 5
6751 2754 6
6926 2910 5
7246 3212 6
7397 3360 5
7410 3374 6
7487 3451 6
7921 3912 6
8122 4139 5
8392 4459 6
8410 4481 5
8572 4681 6
8602 4719 4
8629 4754 6
8638 4765 6
8758 4920 5
9091 5371 6
9402 5820 5
9491 5954 6
9740 6342 4
9970 6721 4
10117 6973 5
10171 7068 6
10227 7169 5
10229 7172 5
10459 7597 6
10472 7621 5
10649 7966 6
10831 8337 4
10906 8496 6
10997 8692 5
11038 8782 6
11055 8819 5
11094 8907 5
11129 8987 5
11309 9407 5
11347 9498 5
11388 9598 5
11431 9705 5
11438 9722 5
11501 9883 5
1235 86 5
3569 730 5
3781 821 5
4050 945 5
4314 1076 5
4476 1161 5
4506 1177 5
4781 1330 6
5320 1661 4
5457 1752 5
5826 2011 5
6096 2213 4
6106 2221 5
6391 2448 5
6548 2578 4
7254 3219 5
7472 3436 5
7682 3654 6
8116 4133 6
8116 4133 6
8326 4379 5
8779 4948 5
8871 5069 5
9013 5262 6
9038 5296 5
9061 5329 6
9113 5401 4
9137 5435 6
9427 5857 4
9588 6102 6
9779 6406 6
10001 6773 5
10002 6775 6
10229 7173 5
10268 7243 5
10273 7251 6
10303 7306 5
10445 7570 4
10644 7956 5
10687 8042 5
10761 8193 5
10802 8276 5
11019 8740 5
11251 9268 6
11316 9424 4
11372 9559 5
11461 9780 5
11463 9785 6
11476 9819 6
11543 9991 6
1183 79 6
3273 612 5
3771 817 5
4416 1129 5
4457 1151 6
4655 1259 5
4944 1426 6
5132 1541 5
5135 1543 5
5514 1791 5
5610 1857 5
5842 2022 5
6071 2194 4
6199 2293 4
6323 2392 5
6398 2453 4
6829 2823 4
7670 3641 5
8155 4178 6
8225 4259 5
8285 4330 5
8470 4555 5
8544 4647 5
8559 4665 6
8579 4690 6
8742 4899 4
8749 4909 6
8816 4996 4
8868 5065 5
9100 5383 5
9416 5840 5
9478 5934 5
9511 5984 5
9572 6078 5
9893 6592 6
10301 7302 5
10478 7632 5
10584 7838 4
10765 8201 5
10800 8273 5
10811 8296 5
10831 8336 5
10969 8631 5
10970 8634 4
11017 8735 6
11067 8846 6
11073 8861 6
11086 8890 5
11122 8970 5
11388 9598 4
1364 105 5
1602 145 4
2084 246 5
2593 382 5
2762 434 5
2803 447 5
3026 522 5
4253 1045 5
4393 1117 5
4627 1243 6
4655 1259 5
4926 1415 5
5125 1537 6
6488 2528 6
6507 2544 5
6901 2888 6
7587 3554 6
7676 3647 6
7694 3666 4
7701 3674 6
7756 3733 6
7841 3824 6
7975 3973 5
8031 4035 6
8092 4105 5
8197 4227 6
8684 4824 6
8774 4941 6
8979 5215 5
9160 5467 6
9244 5588 4
9279 5638 4
9448 5889 6
9604 6127 5
9648 6196 5
9811 6458 6
10129 6994 4
10332 7360 5
10346 7385 5
10362 7414 5
10554 7779 5
10559 7789 5
10782 8236 4
11012 8725 5
11061 8834 5
11153 9042 5
11212 9178 4
11301 9387 5
11306 9400 4
11384 9588 5
2334 309 5
3275 613 4
3333 635 5
3402 662 5
3593 740 5
4062 951 5
4495 1171 5
4663 1263 5
5500 1781 5
5738 1947 5
5753 1958 5
5924 2083 4
6021 2156 5
6379 2438 6
6582 2607 5
6708 2716 5
6912 2898 5
7454 3418 5
7966 3962 6
8080 4091 5
8322 4375 6
8338 4394 5
8573 4683 5
8695 4839 5
8998 5242 5
9067 5337 6
9094 5375 4
9110 5397 4
9239 5580 6
9480 5937 6
9540 6028 5
9818 6469 6
9880 6570 6
9969 6719 6
10249 7208 5
10329 7353 6
10352 7397 6
10441 7562 4
10648 7964 6
10663 7993 6
10667 8001 6
10807 8287 5
10855 8388 4
10918 8520 5
10984 8664 5
11018 8738 6
11302 9389 5
11302 9391 6
11438 9722 6
11527 9949 6
3119 555 6
3288 618 6
3366 648 6
3447 680 4
3511 706 5
3976 910 6
4287 1062 5
4521 1185 5
4525 1187 4
5245 1613 6
5368 1693 6
5748 1954 5
6071 2194 6
6108 2222 5
6178 2277 5
6714 2721 5
6758 2760 6
7158 3127 5
7212 3179 5
7293 3258 6
7825 3807 5
7874 3860 4
8394 4461 6
8498 4589 5
8686 4827 6
8700 4845 6
8894 5100 5
8988 5228 5
8998 5241 5
9014 5264 4
9103 5387 5
9155 5460 6
9309 5682 5
9542 6032 5
9936 6664 5
10001 6774 6
10025 6814 4
10538 7748 4
10683 8034 5
10801 8274 6
10850 8377 5
10933 8554 4
10945 8578 6
11099 8919 5
11185 9115 6
11214 9183 6
11288 9356 5
11329 9454 5
11502 9886 4
11538 9979 4
832 39 4
1256 89 5
2059 240 6
2682 409 5
2861 466 5
2861 466 5
2924 487 6
3481 694 6
3696 784 5
4349 1094 5
4888 1393 5
5281 1636 5
5370 1694 5
5467 1759 6
6378 2437 6
6486 2526 6
6544 2575 6
6565 2593 5
6595 2618 4
7839 3822 6
7909 3899 5
7985 3984 5
8310 4360 5
8365 4426 5
8428 4503 5
8588 4702 5
8816 4996 4
8950 5176 6
8962 5192 5
9016 5267 5
9159 5466 5
9847 6516 6
9910 6620 5
10247 7204 6
10376 7440 5
10465 7608 5
10632 7931 6
10740 8149 5
10763 8196 6
10796 8265 5
10854 8385 6
10918 8521 6
11097 8913 6
11171 9082 5
11173 9087 5
11249 9264 4
11255 9279 5
11315 9421 5
11470 9804 4
11514 9916 4
4181 1009 4
4495 1171 4
4666 1265 6
4866 1380 5
4967 1440 5
5132 1541 5
5408 1719 5
5542 1810 5
6137 2245 6
6393 2449 5
6445 2492 6
6577 2603 6
6873 2862 5
6959 2941 6
6984 2964 6
7405 3369 6
7806 3786 5
8158 4181 6
8472 4557 5
8535 4635 4
8719 4869 5
8778 4947 5
8951 5177 4
9198 5522 6
9454 5897 5
9511 5984 6
9759 6373 4
9884 6577 5
9890 6588 6
10115 6971 6
10164 7057 6
10336 7366 5
10339 7372 6
10352 7397 4
10375 7438 6
10479 7634 6
10489 7653 5
10533 7739 6
10584 7838 6
10685 8037 5
10833 8342 6
10862 8402 4
11030 8765 5
11187 9119 5
11327 9450 4
11330 9457 5
11341 9485 5
11358 9525 6
11370 9556 5
11467 9795 6
4471 1158 6
4523 1186 5
4691 1279 5
5154 1555 4
5156 1556 5
5379 1700 5
5785 1981 4
6692 2702 4
6956 2938 6
7265 3230 5
7295 3259 6
7352 3316 5
7432 3396 4
7642 3612 6
7694 3666 5
7940 3934 5
7965 3961 5
8528 4626 6
8778 4946 4
8889 5094 6
9172 5485 5
9271 5627 6
9441 5878 6
9562 6063 5
9710 6295 6
9717 6306 5
9745 6351 4
9802 6443 6
10038 6837 5
10051 6860 5
10144 7022 5
10147 7026 6
10155 7041 6
10199 7118 6
10250 7210 6
10254 7217 5
10388 7463 5
10421 7525 5
10478 7633 5
10783 8237 5
10814 8302 5
10898 8479 6
10991 8679 5
11017 8735 5
11094 8908 6
11242 9248 6
11273 9321 6
11284 9346 5
11426 9694 5
11531 9960 4
1049 62 5
1270 91 5
1998 226 6
2659 402 6
3040 527 4
3179 577 6
3233 597 6
4657 1260 5
5437 1739 5
5498 1780 6
5536 1806 5
6598 2621 6
6893 2880 6
7278 3243 4
7391 3354 5
7565 3531 5
7906 3896 5
8157 4180 6
8615 4736 6
8791 4963 4
8937 5158 6
8989 5229 5
9176 5491 5
9211 5540 5
9212 5541 6
9252 5599 5
9273 5629 5
9418 5844 4
9420 5846 6
9503 5972 6
9564 6066 6
9590 6105 6
9630 6168 6
9697 6274 5
9815 6464 5
9996 6765 5
10163 7054 6
10191 7104 5
10265 7237 4
10335 7364 6
10373 7435 5
10723 8114 5
10724 8117 6
10832 8339 5
10833 8342 5
10857 8391 6
10885 8450 5
11120 8966 6
11323 9440 5
11334 9467 6
1114 70 5
1440 117 6
2787 442 5
4422 1132 6
4756 1316 5
5054 1493 5
5061 1497 6
5437 1739 6
5670 1899 5
5832 2015 4
6118 2230 5
6290 2366 5
6753 2755 5
6771 2771 6
6792 2790 5
7019 2996 5
7083 3056 4
7168 3136 4
8043 4049 5
8318 4370 6
8503 4595 4
8628 4752 4
8957 5186 5
9027 5281 4
9038 5297 4
9377 5783 5
9436 5870 6
9458 5904 4
9593 6111 6
9632 6172 5
9742 6346 5
9816 6466 6
9830 6489 6
9894 6594 6
9973 6726 5
10084 6917 5
10535 7742 5
10576 7821 4
10592 7853 6
10827 8329 5
10868 8415 6
10877 8434 5
10887 8454 5
10994 8686 5
11192 9131 4
11193 9134 5
11242 9247 5
11318 9428 5
11457 9772 5
11518 9927 5
1580 141 5
1843 192 4
2685 410 5
2867 468 6
4110 974 4
4391 1116 5
4723 1297 5
4929 1417 5
5403 1716 4
5412 1722 6
5484 1770 6
6311 2383 5
6518 2553 5
6673 2685 5
6887 2875 5
7255 3220 5
7475 3439 5
7610 3578 5
7634 3603 5
8043 4049 6
8275 4319 6
8341 4397 6
8343 4400 5
8699 4843 6
8719 4870 6
8724 4876 5
8739 4895 6
8887 5091 6
9138 5436 5
9427 5857 5
9521 6000 6
9526 6007 6
9618 6150 5
9824 6479 5
10002 6776 4
10181 7087 4
10204 7128 5
10221 7157 5
10437 7554 5
10444 7568 5
10466 7609 6
10580 7829 5
10869 8417 6
10937 8562 5
11010 8721 6
11056 8823 6
11186 9118 6
11341 9485 6
11380 9579 6
11515 9919 6
730 30 6
932 49 5
1040 61 5
3119 555 5
4249 1043 6
4403 1122 6
4534 1192 5
4594 1225 4
4760 1318 6
4789 1335 5
4969 1441 6
5262 1624 5
5270 1629 6
5292 1643 6
5913 2075 6
6631 2649 6
6677 2689 5
6683 2694 4
6747 2750 4
6922 2907 5
7060 3034 6
7086 3059 5
7204 3171 5
7280 3245 5
8172 4197 5
8190 4218 5
8343 4400 5
8370 4432 5
8422 4496 5
8519 4615 5
8614 4735 5
8649 4779 5
8718 4868 4
8865 5061 5
8870 5068 4
9348 5740 5
10075 6900 5
10303 7307 5
10417 7517 5
10727 8122 5
10789 8249 5
10818 8310 6
11032 8768 5
11087 8892 5
11110 8943 6
11297 9378 5
11313 9416 6
11426 9693 5
11502 9886 5
11537 9975 5
923 48 5
951 51 4
1656 155 6
1843 192 5
2876 471 6
3394 659 5
3590 739 6
4650 1256 6
4747 1311 6
4796 1339 5
4934 1420 5
5349 1680 5
5581 1837 6
5988 2131 6
6372 2432 6
6648 2664 5
6890 2878 5
6974 2954 5
7074 3047 4
7155 3124 5
7330 3294 5
7642 3612 5
7676 3647 6
7771 3749 5
7913 3904 5
8082 4094 6
8423 4497 5
8495 4585 5
8599 4716 5
8635 4762 4
8777 4945 5
8803 4979 5
8833 5019 5
8990 5231 5
9084 5360 4
9199 5523 5
9395 5809 5
9609 6136 6
9628 6165 4
9923 6642 6
9997 6767 6
10061 6876 5
10348 7389 5
10459 7597 5
10709 8086 5
10860 8397 5
10862 8401 5
11336 9472 5
11353 9514 5
11449 9751 5
1774 178 5
2849 462 4
3645 762 5
5214 1593 5
5626 1868 4
5739 1948 5
5930 2087 5
6363 2425 5
6400 2455 5
6520 2555 5
6578 2604 5
6742 2746 5
7049 3024 5
7122 3093 6
7677 3648 5
7689 3661 6
7703 3676 5
7949 3943 5
7974 3971 5
8023 4027 5
8115 4131 6
8408 4479 4
8804 4980 5
8936 5157 5
8951 5177 6
9024 5278 5
9110 5397 6
9160 5467 6
9163 5472 5
9186 5504 5
9273 5629 4
9308 5680 5
9503 5972 5
9742 6345 5
10135 7006 6
10179 7083 5
10323 7342 6
10465 7607 6
10561 7792 6
10659 7985 4
10746 8162 6
10747 8164 5
10765 8201 5
10873 8426 5
11081 8877 5
11186 9118 6
11295 9373 4
11317 9427 5
11409 9652 5
11479 9827 5
742 31 5
1729 169 4
2138 259 5
2138 259 6
2921 486 6
4008 925 4
4132 985 6
4349 1094 6
5143 1548 5
5295 1645 6
5687 1911 4
5760 1963 6
5848 2027 4
5901 2066 5
6024 2158 4
6031 2163 5
6282 2359 5
6371 2431 5
6833 2826 6
6988 2967 5
7004 2982 4
7065 3039 4
7150 3119 4
7582 3549 5
7766 3743 6
7905 3895 4
8375 4438 5
8494 4584 5
8512 4606 6
8920 5135 6
9203 5529 5
9305 5677 5
9338 5725 6
9456 5901 5
9485 5944 5
9606 6130 5
9768 6387 6
9923 6642 5
10230 7174 5
10343 7380 4
10547 7765 6
10569 7809 5
10618 7904 6
10684 8036 6
10964 8621 5
11039 8784 5
11164 9067 5
11326 9449 5
11499 9877 5
11512 9911 5
