200 20 50126
10 83 205
10 88 221
10 146 187
10 126 183
10 77 208
10 94 184
10 136 223
10 147 188
10 135 215
10 103 207
10 139 210
10 132 201
10 136 207
10 139 161
10 73 165
10 126 208
10 71 195
10 53 231
10 117 212
10 137 182
424 104 28
572 194 34
732 329 31
749 346 34
904 530 27
986 655 34
988 657 26
1093 855 27
1100 870 31
1148 985 30
126 9 25
530 165 34
571 193 33
593 209 27
630 238 34
865 478 25
984 652 32
1083 835 34
1127 933 29
1144 974 33
533 167 36
702 300 29
717 314 27
740 337 35
974 635 36
1055 778 31
1073 814 34
1074 815 29
1077 822 25
1148 985 31
925 560 31
975 636 27
1052 772 30
1067 802 34
1076 819 32
1080 829 30
1084 836 31
1110 894 35
1120 915 33
1154 1000 31
410 97 33
418 101 26
640 246 28
716 313 31
828 433 29
861 473 35
1046 760 30
1078 825 32
1117 908 35
1151 992 31
262 39 34
386 86 30
832 438 29
898 522 34
906 534 29
988 658 35
1076 820 32
1115 904 34
1129 938 29
1140 964 34
511 153 27
643 248 30
728 325 35
769 367 28
775 373 31
958 609 36
1069 805 34
1075 818 28
1110 893 32
1148 983 28
214 26 31
230 30 30
681 281 29
683 283 25
704 302 27
768 366 27
1038 745 32
1058 783 29
1089 848 28
1095 861 25
347 69 29
361 75 27
516 156 32
525 162 30
901 527 34
948 594 30
1025 722 27
1029 729 34
1054 776 28
1135 951 27
248 35 27
321 59 31
430 107 30
463 125 31
761 358 29
899 523 33
1107 886 27
1140 965 31
1143 972 33
1154 999 28
339 66 29
640 246 28
690 289 25
702 300 32
725 322 30
742 339 34
761 358 32
820 423 31
911 541 30
1146 979 28
265 40 34
579 199 27
808 410 34
835 441 36
887 507 29
892 514 30
893 516 27
907 535 26
971 630 27
972 632 29
743 340 28
793 393 33
909 537 30
1020 713 31
1029 729 28
1043 755 31
1099 869 31
1106 884 30
1106 884 35
1113 901 27
530 165 35
723 320 26
730 327 27
758 355 33
820 423 32
932 571 30
968 625 27
1004 685 25
1078 824 27
1133 946 35
192 21 27
284 46 31
313 56 35
590 207 34
632 239 32
693 292 26
722 319 26
981 646 34
1026 724 26
1093 856 35
119 8 34
585 203 32
738 335 35
744 341 32
759 356 33
780 378 34
926 562 25
1031 733 28
1064 796 31
1100 870 29
406 95 35
683 283 29
786 385 34
791 390 27
842 450 35
908 536 28
1041 751 26
1066 799 30
1128 936 27
1149 986 31
418 101 36
570 192 32
700 298 27
748 345 32
788 387 31
919 552 33
954 603 26
991 662 30
1095 861 36
1128 935 31
342 67 35
645 250 30
670 271 26
680 280 32
874 490 34
932 570 33
974 635 30
1012 698 33
1031 732 35
1100 870 35
248 35 26
528 164 33
555 182 28
677 277 32
687 286 33
898 522 26
944 589 34
965 620 32
1046 760 29
1053 775 30
