200 20 493743
10 112 250
10 81 153
10 115 186
10 56 201
10 74 164
10 76 181
10 150 243
10 123 155
10 89 225
10 78 212
10 138 250
10 63 199
10 73 165
10 130 198
10 103 190
10 130 217
10 125 158
10 60 156
10 77 190
10 115 247
2521 361 34
8291 4338 27
8971 5204 26
9361 5758 33
9601 6123 27
9690 6262 31
9880 6571 28
10952 8594 28
11347 9498 33
11368 9550 31
1976 221 29
4890 1394 35
5217 1595 29
7872 3858 31
8424 4498 31
8993 5235 33
10734 8137 31
10901 8484 27
11263 9298 25
11531 9959 30
230 3 29
7605 3573 29
7661 3632 32
8168 4193 30
10392 7471 31
10617 7902 28
11068 8848 34
11117 8958 25
11203 9157 32
11534 9968 29
1833 190 27
2653 400 26
6105 2220 27
7498 3463 35
7617 3585 31
9097 5379 33
9152 5456 30
10406 7496 32
10440 7560 35
11010 8720 27
1985 223 29
4010 926 35
5586 1840 31
6465 2509 31
8852 5044 33
8994 5236 28
9717 6306 33
9944 6678 27
11150 9034 28
11396 9620 26
3376 652 27
3602 744 30
4193 1015 31
6265 2346 27
8528 4627 32
9124 5417 28
10098 6940 25
10734 8136 31
10978 8651 27
11336 9472 33
4372 1106 27
5800 1992 32
6467 2510 34
9093 5373 35
9733 6332 35
10207 7133 29
10586 7842 25
10939 8565 35
11211 9176 32
11461 9781 33
3203 586 29
5646 1882 30
6293 2368 28
7367 3331 25
9115 5404 29
9818 6468 33
10371 7431 30
10569 7808 34
11316 9423 31
11530 9956 35
2718 420 33
4404 1123 28
4994 1456 29
6303 2376 33
9350 5742 34
9361 5758 30
9406 5826 30
9535 6021 34
10996 8690 31
11164 9067 33
3160 570 29
3335 636 26
3540 718 25
4165 1001 27
5382 1702 35
6210 2302 30
7225 3191 25
7874 3861 33
8494 4584 29
8874 5074 29
2927 488 27
4569 1211 28
6629 2647 33
6798 2795 34
8083 4095 26
8216 4249 35
8573 4683 32
10612 7892 33
10801 8275 30
11088 8893 28
6126 2236 26
6846 2838 27
7051 3026 31
7617 3585 27
7748 3724 35
9651 6201 30
9808 6453 26
10670 8007 29
11109 8942 28
11430 9704 34
4868 1381 35
5571 1830 35
5686 1910 31
7067 3041 29
8470 4554 33
9137 5435 33
9261 5612 29
10715 8099 33
11381 9583 27
11485 9842 33
6994 2973 33
7488 3452 31
7546 3512 30
7967 3963 28
8024 4028 32
8496 4587 35
8858 5052 29
10542 7755 27
10694 8055 33
11523 9939 30
3965 905 29
4140 989 34
4784 1332 26
5152 1554 26
7331 3295 33
9516 5991 31
10246 7203 27
10678 8023 26
10701 8069 26
11178 9098 34
2849 462 33
5485 1771 34
5686 1910 31
8443 4521 36
8874 5073 34
9066 5335 31
9738 6340 33
10167 7061 32
10833 8341 33
11205 9162 27
3160 570 31
4591 1223 35
5359 1687 35
6109 2223 34
6300 2374 27
9215 5546 30
9385 5795 34
9450 5892 35
10409 7503 29
10774 8219 35
1168 77 28
4761 1319 31
7266 3231 27
7862 3847 31
8773 4940 34
9486 5946 31
9936 6664 33
10017 6801 31
10648 7963 26
10988 8672 32
6268 2348 29
7714 3688 29
8267 4309 32
8448 4528 29
9604 6127 31
9949 6686 31
10344 7381 28
10986 8667 31
11462 9783 28
11543 9991 34
5942 2096 30
7523 3488 27
9112 5400 27
9517 5994 30
9558 6056 35
9660 6215 31
9673 6236 30
10242 7196 27
10782 8236 28
11003 8704 35
