2000 100 448264
20 87 212
20 104 157
20 71 239
20 136 216
20 83 212
20 90 230
20 80 200
20 84 213
20 68 180
20 84 191
20 100 186
20 53 225
20 120 185
20 129 161
20 146 237
20 111 245
20 100 217
20 77 194
20 55 159
20 74 245
20 81 176
20 132 181
20 92 175
20 83 240
20 74 158
20 143 196
20 103 233
20 80 181
20 75 211
20 90 204
20 133 209
20 121 196
20 136 246
20 116 213
20 76 246
20 77 167
20 72 197
20 142 164
20 114 236
20 140 216
20 104 191
20 88 223
20 91 220
20 117 218
20 88 178
20 141 155
20 88 174
20 92 201
20 61 238
20 131 216
20 85 156
20 147 192
20 137 249
20 58 163
20 53 224
20 141 238
20 143 168
20 104 188
20 147 157
20 55 169
20 66 250
20 87 167
20 64 207
20 95 226
20 92 156
20 120 226
20 135 160
20 98 201
20 140 154
20 102 192
20 74 228
20 78 150
20 81 206
20 98 239
20 125 163
20 125 203
20 149 205
20 137 150
20 59 234
20 120 199
20 126 163
20 136 156
20 73 194
20 67 218
20 63 173
20 136 232
20 72 187
20 124 193
20 119 224
20 74 150
20 82 240
20 108 242
20 112 214
20 130 245
20 54 163
20 139 176
20 83 184
20 78 183
20 118 160
20 106 162
218 27 14
296 50 14
388 87 16
527 163 14
628 236 16
685 285 16
691 290 15
691 290 18
781 380 19
858 470 14
894 517 16
929 566 16
968 626 15
1027 725 17
1059 785 18
1066 799 15
1083 834 14
1117 908 17
1122 920 16
1128 936 17
354 72 13
484 137 17
548 177 14
646 251 15
759 356 17
807 408 14
809 411 17
809 411 18
812 414 16
843 451 18
859 471 17
868 483 16
906 534 13
945 590 17
984 651 17
1014 702 18
1021 714 15
1056 780 18
1128 936 15
1144 974 16
326 61 18
342 67 17
395 90 17
432 108 15
445 115 14
504 149 15
571 193 16
664 266 18
664 266 18
739 336 18
816 419 19
818 421 18
820 424 17
837 444 15
896 520 15
939 581 13
1108 888 18
1112 897 15
1121 918 15
1124 925 15
133 10 15
382 84 18
428 106 19
517 157 14
524 161 16
641 247 18
747 344 14
767 365 15
820 423 16
822 426 17
920 553 14
964 619 18
972 631 16
991 663 18
1041 752 15
1065 798 18
1067 801 15
1077 822 18
1092 853 17
1144 975 18
241 33 18
430 107 18
463 125 14
577 197 14
577 197 18
673 274 15
730 327 17
730 327 17
751 348 18
791 391 15
826 431 16
859 471 15
903 529 14
904 530 14
999 677 16
1004 685 16
1022 716 15
1044 756 15
1099 868 15
1128 936 16
356 73 18
531 166 17
561 186 16
575 196 18
579 199 18
714 311 18
806 407 16
921 554 15
940 582 17
944 588 18
975 636 17
981 646 14
987 656 15
1009 694 16
1042 754 15
1064 795 18
1118 911 17
1124 925 17
1136 954 17
1142 968 16
201 23 16
359 74 15
406 95 18
496 144 16
660 263 17
703 301 18
857 469 15
878 496 14
901 526 17
936 577 17
950 597 14
974 635 18
979 643 16
993 666 15
1035 740 17
1069 805 18
1073 814 17
1077 821 18
1083 835 18
1097 864 18
262 39 16
408 96 13
531 166 16
557 183 15
702 300 15
706 304 14
736 333 16
803 404 19
856 467 18
906 534 18
921 555 18
1010 696 14
1024 720 15
1080 829 14
1081 830 19
1086 841 15
1087 843 13
1106 885 15
1112 898 15
1129 937 17
111 7 18
145 12 17
248 35 17
436 110 15
484 137 16
586 204 15
586 204 16
690 289 17
746 343 14
841 449 17
914 545 16
944 588 16
963 617 14
966 623 19
1004 685 18
1032 735 18
1083 835 14
1118 912 14
1120 915 14
1131 943 14
262 39 14
281 45 18
412 98 13
422 103 16
462 124 18
479 134 16
522 160 16
565 189 17
613 224 16
939 581 14
951 599 15
965 621 15
968 625 15
1058 783 16
1074 815 14
1084 836 19
1095 861 14
1134 949 16
1137 957 15
1149 987 18
496 144 18
528 164 14
543 174 15
596 211 14
633 240 15
649 253 18
687 286 18
820 424 18
849 458 18
856 467 17
952 600 14
967 624 15
975 636 14
1006 688 16
1021 715 17
1068 804 13
1084 836 17
1108 888 17
1142 969 17
1145 977 17
329 62 14
432 108 13
593 209 16
606 219 17
627 235 17
810 412 15
843 451 13
867 481 16
878 496 16
921 555 15
921 555 17
930 567 15
963 618 14
972 631 16
1004 684 16
1044 756 18
1055 778 16
1092 853 17
1095 859 14
1127 932 18
94 5 16
321 59 17
349 70 18
508 151 16
528 164 14
536 169 18
667 269 13
670 271 14
694 293 16
703 301 16
728 325 18
736 333 14
755 352 14
757 354 18
783 382 13
793 393 17
862 475 18
924 559 17
970 629 16
1103 877 13
281 45 16
361 75 13
454 120 17
462 124 14
543 174 15
623 232 16
681 281 16
732 329 18
891 513 17
938 580 18
960 613 18
963 618 18
1023 718 15
1023 718 18
1024 720 14
1028 727 14
1067 801 14
1086 840 16
1102 876 14
1143 972 18
304 53 18
465 126 17
504 149 18
517 157 15
560 185 18
783 382 14
795 395 14
831 437 17
901 526 17
950 598 18
959 612 18
978 642 14
995 670 16
1012 699 15
1035 740 14
1042 754 19
1050 768 18
1057 782 18
1063 794 19
1095 860 17
342 67 18
458 122 14
458 122 16
511 153 18
534 168 18
585 203 17
634 241 15
667 269 14
679 279 18
837 444 14
880 498 16
947 593 18
1025 721 17
1025 721 17
1046 760 19
1062 792 15
1109 891 18
1110 894 14
1123 922 18
1123 924 14
214 26 15
356 73 18
368 78 14
463 125 14
639 245 16
714 311 17
717 314 14
724 321 17
838 445 18
851 461 17
881 499 18
927 563 16
992 665 13
1001 679 17
1013 701 14
1037 743 14
1054 777 14
1082 833 15
1120 917 18
1123 924 16
237 32 18
432 108 16
660 263 15
705 303 18
785 384 17
794 394 14
804 405 18
814 416 17
834 440 16
927 563 14
1028 727 15
1047 762 15
1051 770 16
1096 863 19
1123 922 17
1124 926 15
1129 938 15
1139 962 14
1142 968 13
1145 976 16
222 28 14
434 109 17
463 125 18
486 138 14
496 144 13
624 233 18
664 266 15
726 323 18
738 335 16
840 447 15
875 491 18
876 493 17
894 517 16
909 538 17
928 564 17
1018 710 17
1045 759 14
1059 785 16
1069 806 14
1077 823 16
237 32 14
593 209 17
598 213 17
633 240 17
700 298 16
763 360 16
824 428 15
846 455 18
857 469 15
891 513 14
901 526 14
957 608 17
1011 697 15
1059 785 15
1083 834 16
1109 891 14
1118 911 15
1121 918 15
1138 960 17
1152 994 15
274 43 17
557 183 17
582 201 18
588 205 14
723 320 17
724 321 17
783 382 18
785 384 18
802 403 17
808 410 17
863 476 16
893 515 14
916 547 14
984 651 17
995 669 17
1004 685 16
1011 697 13
1058 783 17
1077 821 19
1079 827 16
42 1 18
307 54 15
359 74 15
628 236 18
670 271 18
805 406 18
840 447 16
861 474 19
865 479 15
867 481 18
882 501 15
902 528 17
909 538 18
961 614 16
1015 704 19
1026 723 18
1056 780 18
1059 785 16
1082 833 18
1085 839 16
391 88 14
458 122 14
465 126 16
571 193 15
619 229 18
652 256 14
659 262 16
726 323 17
745 342 17
829 434 18
850 460 17
877 494 13
881 499 15
886 506 14
898 522 15
971 630 17
1022 716 14
1049 767 15
1051 771 19
1099 869 18
103 6 17
230 30 18
354 72 15
359 74 13
484 137 18
542 173 14
610 222 18
667 269 15
704 302 15
807 408 16
841 449 15
844 452 17
845 453 17
877 494 16
884 504 15
935 575 16
1037 743 14
1077 823 14
1110 894 19
1134 949 14
329 62 15
414 99 14
428 106 16
479 134 17
504 149 18
524 161 17
627 235 14
658 261 16
696 295 17
704 302 14
719 316 17
791 390 17
809 411 13
916 547 15
932 570 15
988 657 18
1088 846 17
1093 856 19
1122 921 15
1128 934 17
441 113 19
472 130 16
478 133 16
490 140 15
653 257 13
705 303 18
709 307 14
715 312 19
814 416 18
831 437 17
904 530 17
1003 683 16
1022 716 19
1084 836 16
1092 854 18
1113 900 17
1116 906 18
1129 937 16
1135 952 18
1151 992 15
414 99 17
635 242 17
669 270 19
681 281 13
799 399 14
805 406 18
807 408 17
808 410 16
809 411 16
836 442 14
876 493 17
895 518 17
903 529 17
928 564 14
958 610 16
964 619 18
983 649 14
1009 694 15
1091 851 15
1147 981 14
422 103 15
462 124 16
577 197 18
633 240 19
653 257 16
672 273 17
678 278 17
757 354 14
796 396 13
796 396 13
916 547 15
923 557 19
948 595 15
999 676 19
1054 777 18
1114 903 15
1126 929 16
1126 931 15
1134 949 13
1149 986 13
178 18 17
486 138 18
558 184 16
581 200 18
643 248 16
651 255 16
662 264 16
677 277 17
760 357 16
814 417 17
827 432 14
831 436 17
883 502 14
1019 711 16
1038 745 15
1059 785 15
1061 790 19
1077 822 17
1107 886 15
1133 947 17
422 103 15
445 115 18
474 131 16
516 156 18
517 157 16
540 172 15
549 178 16
571 193 14
622 231 15
809 411 16
810 412 16
858 470 17
931 569 17
973 633 15
996 672 14
1036 741 18
1044 757 15
1078 825 18
1102 875 15
1147 981 17
173 17 18
349 70 15
517 157 14
582 201 18
660 263 14
660 263 16
707 305 18
724 321 17
799 399 18
824 428 13
836 442 17
860 472 15
877 494 16
930 567 18
959 611 14
1102 876 16
1120 915 14
1121 918 16
1128 934 18
1128 936 15
94 5 18
205 24 15
226 29 18
356 73 14
424 104 18
493 142 18
600 214 16
679 279 15
840 447 17
876 493 14
889 510 16
904 531 18
908 536 18
919 552 16
934 573 15
978 642 13
1008 691 15
1027 725 16
1043 755 14
1133 947 13
218 27 18
268 41 18
332 63 14
484 137 19
540 172 13
611 223 18
792 392 13
907 535 18
911 540 14
930 567 18
963 617 15
1021 714 17
1045 759 15
1056 779 16
1059 786 18
1091 851 17
1097 865 13
1105 882 14
1127 933 15
1136 955 15
354 72 18
557 183 13
590 207 14
598 213 15
613 224 14
690 289 15
725 322 18
730 327 18
820 423 15
870 485 14
884 504 14
890 512 18
906 533 14
965 621 17
974 635 15
983 649 17
1056 780 14
1077 823 15
1088 845 17
1125 928 18
103 6 15
103 6 16
201 23 15
255 37 15
467 127 16
530 165 18
551 179 16
634 241 14
720 317 17
746 343 16
794 394 14
950 597 17
1008 692 15
1011 697 16
1025 722 14
1074 815 17
1094 857 15
1107 887 15
1136 954 14
1151 993 18
119 8 17
371 79 18
375 81 17
410 97 18
508 151 15
508 151 17
596 211 18
614 225 17
691 290 14
707 305 17
754 351 16
842 450 19
878 495 15
906 533 16
909 537 13
995 670 16
1027 726 18
1097 864 15
1117 908 16
1123 924 13
296 50 15
332 63 15
382 84 16
393 89 14
451 118 18
496 144 17
546 176 15
583 202 15
766 363 18
807 409 15
808 410 14
866 480 14
904 531 17
983 650 18
988 658 18
1004 685 15
1039 747 19
1069 806 18
1080 828 15
1082 832 13
230 30 17
241 33 18
549 178 13
593 209 16
635 242 19
680 280 17
716 313 19
753 350 13
821 425 18
853 464 18
872 488 15
901 527 15
936 576 16
952 601 17
953 602 16
1061 790 17
1088 846 14
1100 870 18
1138 959 16
1140 965 19
103 6 16
145 12 14
316 57 18
716 313 16
777 375 13
869 484 17
871 487 14
922 556 18
968 625 14
970 628 18
970 629 14
978 642 16
1038 746 15
1046 760 15
1052 773 16
1066 799 16
1089 848 17
1091 851 13
1107 886 18
1125 927 16
504 149 18
509 152 16
522 160 17
575 196 17
652 256 19
731 328 16
753 350 13
822 426 13
823 427 14
826 431 18
875 491 16
928 564 16
954 603 17
989 660 14
992 665 17
1035 740 16
1056 779 14
1123 924 14
1138 960 16
1140 964 17
119 8 16
361 75 17
701 299 18
711 309 19
747 344 18
748 345 16
779 377 18
787 386 16
790 389 14
817 420 16
842 450 19
944 589 18
994 668 16
1045 759 13
1053 774 17
1091 852 14
1096 863 17
1111 896 18
1133 946 14
1139 962 16
111 7 14
414 99 18
549 178 19
592 208 15
734 331 18
781 380 14
786 385 14
793 393 17
798 398 16
810 412 14
881 500 18
904 530 16
916 548 17
999 677 15
1013 700 16
1047 762 17
1105 881 18
1109 890 17
1133 948 17
1136 955 15
344 68 17
498 145 18
645 250 14
671 272 16
680 280 15
884 503 17
892 514 15
897 521 18
901 526 14
929 566 18
992 665 13
1002 681 15
1010 696 15
1011 697 15
1023 718 18
1042 753 16
1077 823 17
1085 838 14
1110 893 17
1132 944 14
192 21 17
347 69 17
384 85 16
412 98 13
578 198 14
597 212 14
605 218 13
614 225 14
628 236 18
678 278 18
705 303 18
805 406 17
808 410 16
826 431 17
846 455 15
899 524 18
938 580 13
997 673 15
1046 760 19
1116 906 18
329 62 18
540 172 19
571 193 15
583 202 18
588 205 17
683 283 17
707 305 15
740 337 18
836 442 14
878 495 18
894 517 17
909 538 14
916 548 17
970 628 13
1019 711 16
1029 729 18
1038 746 15
1080 828 18
1092 853 16
1106 883 15
214 26 16
428 106 17
467 127 15
551 179 16
604 217 18
708 306 18
726 323 14
770 368 16
779 377 15
787 386 14
813 415 16
825 430 16
870 485 15
886 506 16
926 562 15
927 563 18
935 575 16
994 667 18
1019 711 14
1040 749 15
84 4 14
241 33 18
299 51 14
513 154 15
570 192 13
593 209 15
662 264 18
666 268 18
742 339 17
753 350 16
858 470 15
883 502 16
916 547 15
995 669 16
1046 760 17
1049 766 16
1074 816 17
1075 818 13
1076 820 15
1138 959 14
403 94 18
408 96 14
432 108 17
441 113 13
571 193 19
619 229 15
768 366 16
795 395 16
832 438 18
846 455 13
853 463 17
963 618 14
981 646 15
997 673 14
1005 687 14
1037 744 15
1059 785 14
1065 798 16
1135 952 17
1146 979 14
162 15 16
554 181 16
561 186 16
716 313 17
787 386 14
791 391 18
814 417 18
852 462 16
860 472 15
871 486 18
893 516 18
918 550 17
939 581 18
972 631 18
988 658 16
1032 734 18
1091 852 13
1096 863 15
1107 886 18
1148 984 17
251 36 16
371 79 15
382 84 14
675 276 17
740 337 18
742 339 19
825 429 14
860 472 14
882 501 18
883 502 15
968 626 14
972 632 13
1044 757 18
1046 761 14
1056 779 16
1057 782 18
1076 820 15
1110 894 18
1124 926 19
1138 959 19
151 13 16
210 25 14
472 130 15
483 136 17
486 138 18
513 154 18
714 311 17
736 333 16
757 354 18
783 382 14
798 398 18
880 498 17
884 504 18
886 506 19
966 622 16
987 656 16
1013 701 15
1014 703 17
1056 779 14
1078 825 16
42 1 17
410 97 14
416 100 15
586 204 14
765 362 17
806 407 18
875 492 16
881 500 14
959 612 15
1004 684 17
1027 726 14
1064 796 15
1067 801 16
1077 823 17
1085 838 16
1086 841 15
1117 910 15
1120 915 14
1130 940 19
1133 946 18
197 22 17
414 99 15
607 220 16
705 303 14
728 325 18
747 344 14
769 367 16
863 476 14
871 486 13
875 492 14
900 525 15
1003 683 17
1013 701 18
1017 707 18
1033 736 15
1058 783 14
1064 795 14
1068 803 15
1087 842 14
1109 891 18
168 16 15
197 22 15
434 109 18
439 112 14
491 141 13
669 270 15
811 413 18
840 447 14
843 451 14
944 589 14
959 612 14
997 673 19
1002 682 17
1017 707 15
1058 784 16
1075 818 17
1111 895 15
1111 896 14
1132 945 15
1133 947 16
197 22 19
210 25 19
237 32 15
248 35 17
406 95 16
469 128 15
555 182 14
719 316 15
796 396 16
803 404 18
836 443 16
875 491 18
877 494 17
944 589 14
983 650 14
1037 744 16
1058 783 17
1090 850 14
1099 868 15
1120 916 16
570 192 14
655 258 15
670 271 16
709 307 18
714 311 17
777 375 18
817 420 17
896 519 14
911 541 19
939 581 16
952 601 17
1028 727 16
1037 743 16
1062 791 16
1062 791 19
1065 797 19
1069 806 18
1092 854 16
1142 969 14
1145 976 16
422 103 19
451 118 16
474 131 16
572 194 15
590 207 15
620 230 13
691 290 13
753 350 18
775 373 15
832 438 17
850 460 16
878 496 19
897 521 18
1004 685 18
1016 706 18
1038 745 18
1113 899 14
1129 938 17
1131 941 18
1133 946 15
481 135 14
540 172 15
551 179 18
624 233 15
644 249 15
741 338 15
767 365 15
771 369 18
783 382 18
786 385 13
825 429 15
860 472 14
882 501 18
988 658 14
1007 690 14
1056 779 17
1077 823 17
1128 934 18
1128 935 14
1150 990 18
337 65 16
339 66 16
393 89 15
467 127 18
469 128 14
476 132 17
536 169 14
579 199 17
628 236 19
701 299 16
709 307 17
711 309 14
733 330 13
748 345 14
780 379 17
897 521 17
948 595 15
1007 690 16
1115 905 18
1149 986 18
145 12 15
162 15 13
173 17 18
371 79 15
416 100 14
582 201 13
624 233 14
655 258 14
724 321 17
770 368 15
796 396 15
819 422 15
862 475 18
958 610 17
1009 694 18
1025 722 16
1038 746 19
1047 762 16
1061 789 17
1154 999 15
230 30 16
636 243 16
699 297 15
768 366 16
771 369 19
779 377 18
804 405 19
911 541 16
954 603 15
1009 693 15
1040 749 17
1061 789 15
1079 826 16
1089 848 15
1101 872 15
1104 880 18
1105 882 13
1110 893 15
1149 986 16
1151 992 17
145 12 16
201 23 14
230 30 14
304 53 16
395 90 16
414 99 13
422 103 15
496 144 18
543 174 16
647 252 17
711 309 18
730 327 17
823 427 15
836 443 18
898 522 15
990 661 18
1080 829 17
1093 856 18
1100 871 17
1105 881 18
352 71 15
397 91 15
481 135 16
498 145 17
585 203 16
609 221 18
709 307 15
773 371 16
806 407 17
852 462 17
890 511 13
951 599 16
992 665 18
1024 720 14
1028 727 18
1041 751 14
1070 807 16
1093 855 15
1120 916 18
1136 955 17
222 28 15
354 72 18
375 81 18
432 108 15
592 208 19
593 209 16
594 210 15
659 262 15
666 268 17
698 296 16
786 385 16
934 573 15
942 586 18
985 653 14
1000 678 16
1022 716 17
1026 723 17
1031 732 15
1068 803 18
1107 887 16
226 29 18
364 76 15
395 90 15
503 148 15
557 183 15
601 215 15
693 292 15
740 337 16
856 467 13
910 539 17
921 554 15
933 572 17
975 636 16
976 638 16
982 648 16
1007 690 19
1053 775 14
1053 775 17
1061 789 16
1125 928 15
119 8 13
258 38 18
332 63 18
488 139 15
511 153 19
539 171 15
804 405 18
825 430 18
837 444 17
851 461 17
875 492 15
875 492 19
933 572 17
984 652 14
1003 683 16
1037 743 14
1099 868 15
1110 892 17
1129 937 17
1154 1000 18
403 94 16
451 118 15
479 134 13
493 142 14
607 220 18
666 268 15
730 327 14
791 390 15
832 438 17
866 480 18
885 505 18
892 514 18
954 603 15
1031 732 15
1049 767 17
1049 767 18
1070 808 18
1126 931 16
1126 931 18
1134 950 15
393 89 18
453 119 18
493 142 16
597 212 15
600 214 16
680 280 13
755 352 19
856 467 14
874 490 19
906 533 16
916 547 17
924 559 15
928 564 13
930 568 14
936 577 16
1028 728 17
1040 749 17
1091 851 17
1113 899 16
1123 923 15
241 33 15
403 94 16
441 113 14
531 166 15
565 189 18
629 237 17
729 326 14
875 492 17
881 500 18
947 593 17
973 634 15
983 649 15
1014 703 17
1038 745 16
1046 761 15
1050 769 14
1084 837 18
1111 895 14
1112 897 17
1113 901 18
281 45 15
474 131 17
666 268 16
683 283 18
709 307 15
782 381 14
933 572 18
936 577 15
964 619 14
1021 715 18
1025 721 14
1049 766 17
1058 783 15
1066 799 14
1078 825 16
1102 876 16
1106 883 17
1139 961 17
1140 964 18
1143 971 18
274 43 15
428 106 16
614 225 15
715 312 15
736 333 16
762 359 14
782 381 15
840 447 16
865 478 19
928 565 13
998 675 16
1012 698 17
1058 783 17
1071 810 16
1074 815 16
1100 871 17
1113 900 18
1114 903 18
1124 926 16
1126 929 15
265 40 19
443 114 14
542 173 13
600 214 18
761 358 18
799 399 18
828 433 17
871 486 19
918 550 15
980 644 13
988 658 16
1032 735 17
1061 790 16
1075 817 16
1091 851 18
1096 862 16
1104 880 16
1113 900 16
1115 905 15
1144 974 15
205 24 15
210 25 15
287 47 15
302 52 18
347 69 18
434 109 14
491 141 15
596 211 17
651 255 18
660 263 17
688 287 16
729 326 17
784 383 15
791 391 17
1041 752 18
1057 782 16
1074 816 15
1085 839 17
1145 976 18
1150 990 17
151 13 16
324 60 15
337 65 18
474 131 14
579 199 16
796 396 17
870 485 14
876 493 18
882 501 14
886 506 15
887 507 15
1027 725 17
1044 757 18
1056 780 16
1057 781 18
1086 841 14
1095 859 16
1122 920 18
1122 921 14
1135 952 14
316 57 14
334 64 14
368 78 15
401 93 19
438 111 14
509 152 15
685 285 16
744 341 19
748 345 17
793 393 16
820 423 18
908 536 15
961 615 18
974 635 15
986 655 15
991 663 14
1037 743 15
1058 783 18
1104 879 17
1119 913 18
281 45 13
310 55 14
430 107 14
441 113 15
513 154 14
605 218 15
632 239 16
636 243 13
639 245 14
690 289 17
736 333 14
755 352 16
848 457 18
893 516 17
914 545 14
977 640 13
995 669 13
1002 681 14
1015 704 15
1026 724 13
126 9 16
241 33 15
382 84 14
460 123 19
501 147 16
525 162 18
606 219 14
624 233 15
679 279 14
756 353 13
820 423 18
885 505 16
998 675 15
1011 697 17
1074 816 17
1082 832 18
1083 834 19
1084 837 18
1088 846 17
1103 878 15
460 123 14
542 173 17
656 259 15
703 301 17
750 347 17
865 479 16
866 480 13
912 542 14
925 561 13
955 605 19
969 627 13
1005 686 17
1016 705 15
1017 707 18
1031 733 16
1078 824 18
1095 859 16
1096 863 13
1104 879 16
1153 996 15
241 33 18
332 63 14
364 76 16
460 123 16
469 128 17
552 180 15
577 197 16
836 442 16
840 447 15
916 547 17
958 610 17
1028 728 16
1057 781 18
1058 784 14
1076 819 17
1094 857 18
1118 911 15
1129 938 18
1137 957 17
1152 995 16
151 13 18
326 61 18
368 78 14
408 96 18
525 162 17
561 186 17
575 196 15
736 333 14
845 454 18
857 468 18
911 541 14
945 590 16
972 632 18
979 643 14
998 675 17
999 677 15
1065 798 14
1105 881 18
1121 919 18
1139 962 14
486 138 14
528 164 16
639 245 17
655 258 13
693 292 18
738 335 15
741 338 17
780 379 15
853 464 14
868 482 18
876 493 16
968 625 16
1062 791 13
1065 797 18
1071 809 16
1088 846 17
1090 849 14
1124 925 16
1129 937 17
1135 951 15
119 8 17
268 41 17
281 45 14
352 71 16
453 119 15
460 123 18
519 158 17
524 161 18
536 169 18
814 416 18
883 502 17
899 524 14
903 529 15
933 572 16
972 631 15
1019 711 18
1048 765 17
1071 809 16
1098 866 15
1122 921 15
84 4 18
205 24 18
356 73 15
439 112 13
458 122 16
583 202 16
719 316 16
720 317 17
739 336 15
788 387 17
896 520 15
925 560 15
965 621 14
1001 679 17
1016 705 18
1057 781 16
1075 817 18
1093 855 16
1112 898 18
1132 945 15
486 138 17
632 239 15
638 244 17
675 276 13
703 301 19
704 302 15
757 354 14
877 494 17
896 519 18
962 616 17
968 626 13
996 672 16
1042 754 18
1049 767 14
1057 781 17
1078 825 17
1091 852 18
1122 920 13
1138 959 18
1146 979 15
281 45 15
290 48 14
519 158 17
597 212 14
605 218 17
647 252 13
649 253 14
724 321 16
788 387 18
854 465 14
878 495 18
884 504 16
968 625 15
1002 681 17
1042 754 17
1050 768 14
1115 905 15
1121 918 19
1136 953 16
1145 976 14
339 66 15
377 82 18
476 132 18
655 258 19
695 294 18
790 389 14
793 393 14
798 398 14
814 417 16
840 448 15
843 451 19
848 457 14
849 458 13
851 461 17
1031 733 18
1066 799 14
1113 900 17
1115 904 18
1120 916 17
1128 935 17
382 84 13
490 140 15
657 260 17
730 327 14
742 339 17
807 408 15
853 464 15
871 487 17
916 548 15
973 633 13
998 675 18
1027 725 18
1041 751 14
1044 756 18
1066 799 16
1117 910 17
1123 923 18
1141 966 18
1150 989 15
1154 1000 13
168 16 17
373 80 18
453 119 17
460 123 15
522 160 14
571 193 17
572 194 14
594 210 15
725 322 16
838 445 16
937 578 16
960 613 16
962 616 14
963 617 18
1020 712 14
1040 750 15
1100 871 18
1103 878 14
1123 923 17
1152 995 17
645 250 17
728 325 16
776 374 18
829 434 15
833 439 18
861 473 16
933 572 15
975 637 18
982 648 16
1011 697 15
1034 738 18
1034 739 18
1063 794 16
1105 881 18
1107 886 15
1116 907 18
1124 926 18
1137 956 17
1137 957 16
1153 997 15
316 57 18
318 58 17
546 176 15
625 234 19
634 241 18
795 395 19
811 413 16
868 482 14
916 548 15
946 592 17
973 634 16
1042 753 16
1056 780 16
1070 807 15
1075 818 13
1078 825 19
1087 842 18
1102 876 18
1104 880 14
1138 959 16
230 30 17
307 54 17
373 80 14
520 159 16
537 170 14
571 193 14
578 198 13
751 348 14
786 385 15
802 403 15
823 427 15
930 568 15
948 595 17
954 603 14
1019 711 15
1082 833 14
1097 865 15
1109 891 15
1127 932 19
1139 961 18
258 38 17
265 40 15
332 63 14
347 69 15
354 72 18
467 127 18
652 256 17
663 265 13
726 323 15
772 370 16
876 493 16
895 518 15
908 536 15
1017 708 15
1033 737 18
1046 761 14
1077 821 17
1084 836 17
1122 920 13
1134 949 15
205 24 14
290 48 16
332 63 17
578 198 15
627 235 15
680 280 14
703 301 15
740 337 14
883 502 16
886 506 16
914 545 15
935 575 18
988 658 16
991 662 15
1067 802 17
1080 828 17
1106 885 17
1126 929 19
1146 979 17
1151 993 15
302 52 15
371 79 14
514 155 13
542 173 17
667 269 18
725 322 18
771 369 17
937 578 17
941 584 14
963 618 18
979 643 17
1021 714 15
1033 736 15
1048 764 16
1066 799 13
1086 840 18
1103 878 18
1137 956 15
1143 972 19
1152 995 17
222 28 16
304 53 14
356 73 18
408 96 18
511 153 16
522 160 18
558 184 15
585 203 14
602 216 17
719 316 15
733 330 15
754 351 18
831 436 18
839 446 14
966 623 15
994 668 15
1028 728 18
1047 762 18
1091 852 16
1105 881 17
222 28 17
743 340 17
766 364 14
817 420 16
832 438 18
843 451 18
865 479 15
904 530 16
904 531 18
961 615 13
966 623 18
985 653 17
992 664 15
1020 713 18
1040 749 18
1089 848 17
1097 865 14
1102 875 18
1110 893 15
1152 994 16
675 276 16
747 344 15
783 382 14
792 392 19
796 396 18
814 416 15
875 492 19
928 565 18
956 607 17
963 617 14
1080 829 16
1082 832 16
1083 835 19
1086 840 14
1094 858 18
1101 874 15
1105 882 18
1122 920 15
1137 957 18
1138 959 15
296 50 16
307 54 18
403 94 15
410 97 17
432 108 18
471 129 14
582 201 16
604 217 17
726 323 16
745 342 18
766 363 17
766 364 17
766 364 17
848 457 14
850 460 16
883 502 18
896 520 15
971 630 16
1009 694 18
1017 707 15
197 22 17
299 51 16
384 85 14
426 105 15
469 128 14
620 230 13
691 290 17
723 320 16
836 442 16
868 482 15
895 518 14
952 601 16
975 637 15
990 661 18
998 675 18
1008 691 19
1020 712 15
1023 718 19
1122 921 18
1123 922 15
293 49 14
313 56 19
324 60 18
416 100 18
516 156 15
575 196 18
704 302 15
745 342 17
757 354 18
860 472 16
927 563 15
940 582 14
992 664 17
1024 720 16
1057 781 13
1057 781 16
1065 798 17
1099 868 14
1133 946 15
1150 988 15
