2000 100 535537
20 123 151
20 84 218
20 74 156
20 126 223
20 51 223
20 70 170
20 96 169
20 53 211
20 142 158
20 81 220
20 115 151
20 111 209
20 69 156
20 146 217
20 115 243
20 100 171
20 60 210
20 120 193
20 150 208
20 111 171
20 80 172
20 74 213
20 99 185
20 94 152
20 77 175
20 109 210
20 145 197
20 74 191
20 76 161
20 130 206
20 125 154
20 95 244
20 65 249
20 145 231
20 122 189
20 90 188
20 117 213
20 100 165
20 73 198
20 107 203
20 76 199
20 127 247
20 117 198
20 110 183
20 66 233
20 131 195
20 116 207
20 81 199
20 64 227
20 69 204
20 96 236
20 104 208
20 70 191
20 71 230
20 119 217
20 120 196
20 72 221
20 83 200
20 116 214
20 136 169
20 146 238
20 67 177
20 121 235
20 79 158
20 69 231
20 139 184
20 68 217
20 133 154
20 58 161
20 122 232
20 85 181
20 89 249
20 93 240
20 133 233
20 109 246
20 97 232
20 95 246
20 100 235
20 136 233
20 122 209
20 139 240
20 118 184
20 69 191
20 136 203
20 89 195
20 130 249
20 73 163
20 148 228
20 123 238
20 79 152
20 118 238
20 99 155
20 129 195
20 99 221
20 87 218
20 108 197
20 131 157
20 72 157
20 59 173
20 59 238
371 79 16
393 89 12
583 202 15
620 230 16
670 271 12
708 306 15
780 379 12
831 437 13
899 523 13
919 552 15
920 553 15
962 616 14
1022 717 14
1022 717 15
1037 743 14
1057 782 12
1097 864 15
1108 888 15
1128 935 15
1144 974 14
103 6 13
274 43 13
337 65 12
463 125 15
472 130 13
624 233 14
634 241 13
638 244 13
733 330 15
865 479 12
891 513 15
892 514 12
903 529 14
975 637 12
991 663 13
1014 703 13
1120 916 13
1136 955 12
1139 962 11
1154 999 12
42 1 11
248 35 13
316 57 15
443 114 15
491 141 13
503 148 11
503 148 14
687 286 11
805 406 12
865 478 14
900 525 13
919 551 13
1020 712 14
1032 735 15
1040 750 12
1082 833 11
1082 833 16
1107 887 12
1109 890 16
1128 934 15
438 111 12
496 144 15
539 171 15
539 171 15
664 266 16
783 382 16
799 399 12
871 486 12
921 555 13
930 567 14
959 611 12
985 653 12
999 677 12
1006 688 12
1011 697 12
1017 707 15
1018 710 13
1020 712 15
1065 798 13
1093 856 13
205 24 16
287 47 16
401 93 16
438 111 14
672 273 11
690 289 13
706 304 14
739 336 14
795 395 15
904 531 14
906 533 12
934 573 15
950 597 13
975 637 14
996 671 15
1037 743 12
1044 757 13
1068 803 15
1077 821 12
1125 928 11
368 78 12
412 98 12
500 146 12
517 157 13
533 167 15
660 263 15
691 290 15
692 291 15
840 447 14
873 489 12
941 584 12
1024 720 12
1029 729 12
1050 769 12
1065 798 14
1068 803 13
1117 909 14
1119 914 12
1140 965 12
1148 985 15
111 7 14
513 154 11
575 196 14
579 199 15
635 242 12
638 244 15
734 331 16
767 365 15
780 379 16
807 409 13
832 438 14
868 482 15
884 503 12
899 523 12
913 543 14
928 564 15
960 613 12
999 677 15
1041 752 12
1123 922 16
326 61 15
546 176 13
561 186 12
604 217 12
604 217 16
622 231 11
653 257 16
751 348 14
828 433 13
865 478 13
910 539 12
978 642 14
993 666 12
1002 682 15
1020 712 11
1044 757 11
1078 825 12
1111 896 12
1126 929 15
1140 964 15
251 36 15
334 64 14
412 98 11
454 120 12
520 159 12
551 179 11
721 318 12
950 597 12
963 617 11
995 669 14
998 674 13
1034 738 13
1048 764 15
1063 794 16
1064 795 15
1118 911 12
1123 923 13
1124 926 13
1133 946 14
1152 994 13
168 16 15
173 17 13
197 22 11
304 53 14
337 65 15
428 106 15
498 145 14
534 168 13
597 212 12
625 234 15
817 420 11
844 452 15
851 461 15
881 500 16
885 505 16
986 655 14
993 666 11
1105 882 15
1120 917 14
1123 922 15
271 42 13
316 57 16
441 113 11
542 173 11
552 180 14
610 222 14
630 238 14
766 364 14
930 567 12
936 576 14
944 588 12
996 672 13
1002 682 14
1053 775 12
1089 847 12
1095 860 15
1101 873 15
1104 879 16
1110 893 15
1149 987 15
214 26 13
284 46 15
557 183 13
564 188 15
575 196 12
624 233 15
628 236 13
651 255 13
651 255 15
675 276 13
678 278 11
765 362 15
869 484 15
875 492 11
974 635 13
981 647 14
1022 716 12
1066 800 14
1085 838 15
1113 899 16
244 34 15
337 65 13
426 105 15
524 161 12
549 178 16
690 289 14
745 342 12
802 403 13
843 451 15
862 475 13
978 641 14
991 662 16
997 673 12
1011 697 14
1020 712 12
1037 743 12
1040 749 15
1058 784 14
1069 805 13
1080 828 14
251 36 14
278 44 14
530 165 12
570 192 13
586 204 15
692 291 15
706 304 15
827 432 12
848 457 14
918 550 16
1034 738 12
1040 750 14
1044 756 11
1057 781 12
1063 793 12
1090 849 13
1100 870 14
1103 878 13
1113 900 15
1139 962 15
388 87 13
540 172 12
602 216 12
622 231 11
635 242 15
655 258 13
753 350 12
789 388 15
885 505 12
920 553 13
938 580 15
946 591 14
965 620 15
967 624 14
991 662 13
1006 689 15
1071 810 13
1088 846 12
1101 872 11
1140 964 15
268 41 13
424 104 13
445 115 12
592 208 11
596 211 15
711 309 12
731 328 15
813 415 13
813 415 15
884 503 15
906 534 13
906 534 16
950 597 15
1051 771 13
1070 808 14
1106 883 16
1114 902 13
1116 907 14
1133 948 16
1149 986 12
332 63 14
359 74 12
445 115 12
689 288 16
714 311 13
738 335 15
873 489 15
883 502 14
914 544 14
980 644 15
998 675 12
1015 704 14
1072 811 11
1079 826 14
1099 868 13
1102 876 13
1107 886 11
1133 946 15
1142 969 11
1152 995 15
42 1 12
151 13 14
414 99 14
432 108 12
543 174 12
558 184 13
644 249 14
727 324 12
814 416 12
820 423 15
838 445 14
895 518 13
925 561 13
973 634 13
978 641 15
994 667 14
1051 771 14
1063 794 12
1072 811 12
1108 888 15
201 23 15
478 133 14
571 193 13
579 199 15
605 218 11
750 347 12
805 406 14
861 473 13
888 509 12
914 544 16
920 553 14
923 557 14
1016 705 12
1036 741 12
1050 768 14
1079 826 14
1087 843 12
1092 854 11
1122 920 16
1127 933 13
111 7 12
218 27 13
513 154 11
546 176 15
574 195 14
641 247 13
680 280 15
723 320 13
759 356 14
831 437 15
930 568 16
936 576 11
936 576 12
1039 747 13
1049 766 12
1051 771 15
1052 772 14
1056 780 14
1074 815 15
1138 960 12
84 4 11
151 13 12
393 89 15
395 90 13
453 119 11
629 237 15
635 242 15
713 310 15
734 331 15
780 378 12
863 476 16
892 514 13
925 560 14
995 669 13
998 674 13
1018 710 15
1077 822 15
1082 833 11
1113 900 14
1150 988 11
59 2 13
111 7 15
157 14 15
329 62 16
511 153 15
520 159 13
634 241 12
635 242 14
702 300 16
717 314 12
729 326 15
871 487 12
883 502 12
936 576 14
1053 774 12
1059 786 14
1075 818 16
1111 896 14
1111 896 14
1130 940 14
201 23 11
337 65 11
388 87 13
408 96 16
483 136 15
592 208 15
639 245 15
765 362 15
773 371 14
783 382 13
824 428 14
952 601 13
970 629 12
1061 789 15
1063 793 13
1084 836 12
1089 847 12
1121 919 15
1138 959 15
1151 993 13
438 111 15
491 141 13
503 148 15
571 193 12
664 266 12
702 300 11
872 488 15
873 489 12
873 489 14
940 583 15
947 593 11
1042 754 12
1044 757 14
1044 757 15
1094 858 14
1109 891 16
1110 893 15
1114 902 16
1122 921 15
1153 996 15
139 11 15
244 34 15
265 40 13
498 145 14
585 203 15
609 221 16
615 226 15
627 235 15
658 261 12
659 262 13
710 308 12
772 370 16
846 455 13
879 497 12
884 503 12
928 565 15
940 582 15
986 655 13
1008 691 15
1127 932 14
248 35 14
302 52 12
364 76 14
397 91 13
519 158 13
659 262 13
679 279 13
700 298 15
752 349 15
807 409 15
832 438 16
841 449 12
864 477 14
865 479 12
881 500 15
994 667 12
1044 756 12
1113 900 11
1122 921 13
1145 977 12
359 74 12
428 106 15
471 129 14
638 244 15
689 288 15
710 308 14
747 344 14
765 362 16
833 439 12
880 498 15
959 612 12
988 658 12
1023 718 13
1026 723 13
1033 737 13
1041 751 14
1048 764 13
1099 869 12
1108 888 13
1119 914 15
552 180 14
640 246 12
666 268 12
704 302 14
795 395 13
823 427 14
830 435 15
870 485 13
916 547 12
917 549 15
918 550 13
932 570 14
956 606 14
961 614 13
1003 683 15
1034 738 15
1064 795 15
1080 829 13
1126 931 13
1127 932 12
218 27 16
530 165 13
610 222 14
616 227 12
632 239 15
666 268 13
695 294 14
775 373 13
893 515 14
907 535 16
942 586 12
968 625 15
981 646 13
988 658 12
996 671 15
1021 715 16
1022 716 14
1089 848 14
1120 916 15
1142 970 14
467 127 16
568 191 11
635 242 11
636 243 12
656 259 12
657 260 13
673 274 12
679 279 15
749 346 15
757 354 15
802 403 15
934 573 13
944 589 16
970 628 14
973 633 13
975 637 12
1070 808 12
1112 898 11
1126 931 14
1150 989 15
226 29 12
471 129 12
496 144 13
558 184 15
558 184 16
649 253 15
743 340 14
799 399 12
819 422 16
952 601 15
996 671 13
1045 758 15
1074 816 12
1112 898 12
1116 906 12
1125 928 13
1126 931 12
1148 983 12
1149 987 15
1153 997 14
42 1 12
313 56 11
313 56 15
326 61 11
537 170 11
606 219 15
640 246 11
724 321 15
884 504 14
955 605 15
971 630 14
986 654 16
1004 685 14
1038 746 12
1042 753 14
1076 819 12
1092 853 14
1119 914 12
1143 971 12
1152 995 14
42 1 15
214 26 15
324 60 14
449 117 13
620 230 12
669 270 12
710 308 15
791 390 11
800 400 13
975 636 12
976 639 13
1022 717 11
1043 755 12
1046 761 14
1060 788 15
1066 799 14
1077 822 15
1104 879 13
1126 930 14
1128 936 12
281 45 12
561 186 15
564 188 15
601 215 16
619 229 13
669 270 13
687 286 15
707 305 13
786 385 14
796 396 13
853 464 13
919 552 14
925 560 14
999 676 12
1024 720 16
1084 837 11
1098 866 13
1105 881 13
1124 925 15
1138 958 12
299 51 15
401 93 14
623 232 16
640 246 15
669 270 14
691 290 11
766 363 12
769 367 15
807 409 13
822 426 14
874 490 15
894 517 14
962 616 13
1000 678 16
1040 750 12
1046 760 13
1056 780 15
1078 825 12
1113 900 14
1131 942 13
218 27 15
430 107 14
441 113 14
486 138 11
517 157 15
609 221 12
769 367 14
806 407 14
811 413 15
833 439 13
867 481 15
933 572 15
1026 723 14
1036 741 15
1047 763 12
1074 816 16
1086 840 11
1096 862 13
1103 877 12
1125 927 13
432 108 11
449 117 13
506 150 16
657 260 12
765 362 14
797 397 12
837 444 15
871 486 11
878 495 12
882 501 13
932 571 13
945 590 14
1013 701 13
1014 702 11
1031 732 12
1065 798 12
1090 850 15
1120 915 13
1144 974 13
1150 990 15
214 26 13
226 29 12
434 109 12
460 123 13
479 134 16
652 256 14
774 372 14
793 393 14
893 516 13
934 574 14
936 577 14
1006 689 14
1046 760 13
1092 853 12
1131 942 12
1134 950 14
1138 958 15
1140 963 15
1153 996 13
1153 997 13
151 13 12
244 34 15
293 49 15
438 111 13
458 122 11
570 192 16
583 202 15
632 239 14
739 336 14
772 370 12
807 408 12
825 430 15
832 438 15
838 445 12
852 462 11
855 466 14
943 587 14
1078 824 11
1122 921 13
1122 921 15
371 79 13
388 87 11
571 193 15
707 305 12
722 319 16
737 334 13
783 382 13
801 402 11
812 414 15
840 447 12
861 474 15
868 482 14
892 514 14
906 533 14
928 565 15
937 578 13
1058 783 13
1058 783 14
1058 784 11
1097 865 12
157 14 13
241 33 13
287 47 12
391 88 14
406 95 14
472 130 16
490 140 15
562 187 11
628 236 15
636 243 15
640 246 16
693 292 13
705 303 13
720 317 15
846 455 13
927 563 14
1087 842 13
1089 848 15
1153 996 11
1154 999 14
296 50 15
430 107 15
481 135 14
519 158 15
590 207 12
683 283 16
728 325 12
753 350 14
782 381 15
857 468 14
869 484 15
893 516 12
952 600 15
1028 727 14
1035 740 14
1050 768 14
1070 808 13
1086 841 12
1103 877 16
1147 981 13
210 25 12
422 103 13
434 109 15
443 114 15
513 154 12
653 257 14
720 317 13
765 362 14
779 377 15
783 382 11
853 464 12
941 584 13
958 609 14
960 613 15
987 656 13
1038 746 12
1058 784 14
1108 889 12
1123 924 11
1140 963 12
293 49 12
307 54 13
484 137 16
540 172 16
551 179 12
565 189 14
662 264 11
789 388 15
819 422 12
915 546 14
978 642 15
981 647 12
1009 693 12
1037 743 14
1045 758 15
1062 791 12
1114 903 12
1131 942 16
1138 960 12
1142 970 12
188 20 15
281 45 16
352 71 13
557 183 14
622 231 15
649 253 15
848 457 12
884 503 11
913 543 13
996 672 15
1027 725 12
1052 772 13
1097 864 14
1099 868 15
1132 944 13
1136 954 15
1144 974 13
1151 992 13
1153 996 14
1154 1000 13
371 79 13
410 97 14
568 191 15
628 236 12
643 248 13
771 369 16
782 381 14
786 385 12
830 435 16
885 505 14
935 575 15
1010 695 12
1010 696 12
1022 716 13
1024 720 15
1052 773 13
1081 831 12
1083 834 11
1117 909 15
1137 956 12
230 30 13
339 66 11
418 101 14
543 174 13
594 210 11
773 371 11
777 375 13
808 410 14
831 437 14
874 490 16
893 515 13
899 524 12
899 524 13
973 634 15
1050 769 14
1065 797 13
1120 916 12
1136 955 14
1152 994 14
1152 995 12
371 79 13
564 188 16
574 195 14
611 223 12
638 244 15
765 362 15
800 400 11
801 402 15
812 414 11
829 434 13
833 439 14
860 472 15
868 482 15
904 531 15
1027 726 16
1028 728 14
1031 733 16
1085 839 15
1111 895 14
1151 992 13
233 31 14
604 217 14
709 307 13
843 451 12
901 526 16
929 566 12
963 618 14
986 654 14
988 657 13
989 659 13
997 673 11
1009 693 13
1030 731 14
1033 736 14
1041 752 16
1083 834 15
1088 844 13
1121 918 16
1145 977 13
1152 995 15
162 15 16
244 34 14
258 38 12
359 74 12
424 104 14
484 137 16
500 146 12
687 286 13
739 336 12
853 464 14
879 497 15
952 601 14
988 658 15
998 674 14
1036 741 14
1038 745 16
1083 835 15
1095 861 12
1146 978 15
1147 982 12
210 25 15
307 54 11
349 70 14
481 135 12
571 193 11
579 199 11
618 228 13
702 300 14
903 529 15
949 596 15
957 608 14
1011 697 14
1084 837 13
1084 837 14
1086 840 14
1108 889 12
1122 920 12
1123 923 15
1124 926 15
1126 930 15
393 89 11
513 154 15
574 195 13
611 223 12
675 276 16
687 286 15
696 295 13
744 341 13
813 415 13
875 491 14
919 551 13
928 564 14
968 626 16
984 652 12
994 667 15
1020 713 15
1076 819 16
1107 887 13
1113 900 15
1135 952 12
214 26 15
262 39 16
265 40 13
368 78 12
458 122 15
620 230 13
658 261 13
691 290 12
722 319 16
726 323 15
742 339 16
786 385 11
798 398 12
849 458 12
875 491 15
906 534 14
983 649 13
1012 698 15
1125 928 12
1135 951 13
395 90 12
509 152 13
536 169 13
539 171 14
571 193 12
638 244 15
664 266 12
694 293 15
769 367 15
919 552 16
975 636 12
1025 722 14
1066 800 12
1086 841 14
1091 851 13
1109 891 13
1121 919 14
1143 972 12
1145 976 16
1151 992 14
133 10 14
188 20 14
268 41 12
438 111 16
508 151 16
575 196 13
643 248 13
803 404 12
846 455 12
857 469 13
929 566 14
932 570 16
970 629 15
997 673 12
999 677 14
1006 688 15
1090 849 15
1098 867 16
1109 890 15
1115 904 12
324 60 13
443 114 14
560 185 13
589 206 14
609 221 14
662 264 12
702 300 13
770 368 12
770 368 13
807 408 15
814 416 11
865 478 16
870 485 14
889 510 11
929 566 13
963 617 11
987 656 14
1047 762 14
1103 878 16
1106 884 13
173 17 15
334 64 13
539 171 12
708 306 11
754 351 16
771 369 12
780 378 14
781 380 13
822 426 13
827 432 11
853 463 15
858 470 13
895 518 12
898 522 12
975 636 15
1004 684 14
1012 698 16
1063 794 15
1084 837 15
1116 906 15
168 16 12
310 55 14
520 159 13
650 254 15
744 341 15
750 347 14
791 390 12
849 459 12
884 503 13
899 524 15
932 570 15
958 610 15
1014 702 11
1084 836 14
1085 838 12
1101 873 15
1109 890 12
1127 933 15
1132 945 12
1141 967 15
226 29 13
268 41 14
349 70 16
406 95 13
486 138 13
660 263 13
706 304 13
710 308 15
722 319 15
770 368 12
946 591 15
981 647 14
986 655 15
991 662 12
1035 740 13
1039 747 12
1062 791 12
1081 831 14
1116 906 15
1135 951 11
133 10 12
329 62 12
412 98 11
436 110 11
483 136 11
520 159 12
745 342 13
766 363 11
803 404 13
814 416 11
838 445 13
934 573 13
961 614 14
1000 678 12
1022 716 14
1058 783 15
1067 802 16
1072 812 12
1099 868 13
1145 977 13
42 1 15
491 141 14
493 142 16
660 263 15
718 315 11
786 385 14
791 390 11
793 393 12
894 517 14
932 570 11
936 576 14
943 587 14
1018 710 11
1040 749 13
1048 764 13
1050 768 11
1110 892 11
1116 907 11
1133 947 12
1153 998 11
111 7 15
173 17 14
342 67 12
403 94 13
463 125 11
542 173 12
585 203 14
610 222 15
698 296 15
800 400 15
800 401 15
906 533 12
933 572 12
998 674 14
1013 701 14
1024 720 15
1029 729 15
1032 735 16
1108 888 14
1125 927 13
422 103 16
528 164 11
558 184 13
592 208 14
611 223 12
711 309 16
713 310 12
821 425 15
906 534 14
961 615 13
962 616 11
983 650 14
1044 756 16
1055 778 14
1086 841 12
1088 845 15
1108 889 15
1114 903 14
1122 921 11
1131 943 15
94 5 13
334 64 13
508 151 12
554 181 11
619 229 14
641 247 14
718 315 16
743 340 14
874 490 13
893 515 12
912 542 12
1045 759 12
1046 761 15
1060 788 13
1076 820 12
1100 871 14
1101 874 14
1108 889 14
1118 911 15
1147 982 15
393 89 15
403 94 12
597 212 11
643 248 13
704 302 13
766 363 16
787 386 14
797 397 12
863 476 12
864 477 12
897 521 12
904 530 16
970 628 12
1031 732 12
1033 737 12
1050 768 11
1105 881 15
1119 913 15
1132 945 12
1134 950 11
188 20 15
265 40 12
278 44 13
299 51 15
481 135 11
555 182 13
578 198 15
681 281 14
737 334 13
789 388 12
801 402 15
819 422 14
875 492 14
896 519 12
897 521 15
970 629 16
976 639 14
1020 712 15
1034 738 13
1037 743 11
157 14 14
484 137 14
524 161 15
554 181 11
690 289 15
795 395 14
824 428 13
869 484 15
893 516 13
901 526 14
989 660 16
1001 679 14
1008 692 15
1024 720 12
1036 742 15
1050 769 15
1089 847 15
1123 922 15
1128 936 11
1133 947 16
139 11 13
218 27 15
293 49 14
551 179 14
666 268 14
789 388 15
819 422 14
866 480 15
919 551 13
931 569 15
965 620 13
965 620 16
1008 692 12
1078 825 12
1091 851 15
1100 870 15
1101 874 13
1102 876 12
1104 879 12
1142 969 15
119 8 15
386 86 14
424 104 15
581 200 14
585 203 16
624 233 14
666 268 12
831 436 14
854 465 15
866 480 13
871 487 13
878 496 12
891 513 15
936 576 15
955 605 13
992 664 14
992 665 15
1035 740 16
1103 877 15
1131 941 14
388 87 15
391 88 14
478 133 14
516 156 11
540 172 15
549 178 12
652 256 15
695 294 14
871 486 15
898 522 15
928 565 15
966 622 12
968 626 13
1009 693 15
1014 703 15
1037 744 14
1047 762 11
1125 928 15
1148 984 12
1154 999 11
222 28 11
359 74 14
373 80 11
393 89 14
530 165 14
687 286 15
755 352 12
804 405 15
829 434 12
847 456 14
892 514 15
901 527 16
920 553 15
938 580 11
963 618 16
1048 765 14
1070 807 15
1071 809 12
1077 823 13
1140 963 12
233 31 12
287 47 12
318 58 15
377 82 13
465 126 14
543 174 15
691 290 15
776 374 14
794 394 13
861 474 12
871 486 12
908 536 14
938 580 14
1027 725 12
1045 759 11
1054 776 15
1064 795 12
1065 798 11
1070 807 14
1140 963 12
218 27 14
483 136 13
493 142 12
629 237 12
664 266 13
710 308 16
822 426 14
881 500 11
931 569 16
932 571 15
949 596 14
969 627 11
988 658 15
1002 681 12
1006 689 12
1012 699 15
1022 716 14
1055 778 15
1101 873 14
1150 988 13
255 37 15
639 245 15
672 273 13
695 294 11
709 307 13
727 324 14
816 419 15
854 465 11
891 513 14
936 577 12
958 609 16
988 657 15
988 658 14
998 674 15
1042 754 12
1044 756 14
1066 800 13
1103 877 13
1144 974 13
1144 975 15
583 202 13
611 223 13
633 240 15
690 289 13
797 397 11
897 521 13
904 530 11
999 677 12
1002 682 14
1008 691 16
1013 701 14
1015 704 13
1065 797 12
1065 798 15
1075 818 15
1082 833 12
1092 853 14
1095 859 12
1105 882 12
1109 891 14
162 15 15
344 68 15
463 125 13
536 169 12
546 176 16
562 187 14
670 271 12
825 430 14
852 462 12
951 599 14
954 604 16
965 621 14
966 622 11
1000 678 11
1087 842 13
1097 864 12
1108 889 12
1111 895 15
1125 927 14
1138 959 13
233 31 14
284 46 13
443 114 14
645 250 14
646 251 16
672 273 13
791 391 12
822 426 16
825 430 14
839 446 14
847 456 15
861 473 11
1005 687 13
1007 690 12
1015 704 15
1081 831 12
1094 857 13
1132 945 13
1136 954 16
1149 987 14
173 17 14
430 107 12
632 239 13
644 249 14
743 340 14
746 343 14
780 379 12
801 402 13
809 411 14
844 452 15
850 460 15
861 474 12
903 529 15
972 632 12
1084 837 15
1094 858 15
1105 881 14
1133 946 11
1137 956 15
1150 988 12
422 103 15
506 150 13
517 157 12
618 228 14
688 287 13
704 302 14
744 341 13
825 429 11
952 601 15
955 605 14
983 649 15
992 665 15
1024 720 13
1032 734 13
1033 736 12
1082 832 14
1087 843 15
1098 866 13
1117 909 12
1119 914 12
251 36 12
324 60 14
557 183 15
558 184 11
613 224 14
615 226 14
670 271 14
787 386 12
843 451 12
916 547 12
947 593 13
954 604 11
973 634 12
983 649 16
1012 698 15
1055 778 12
1065 798 11
1120 916 14
1133 947 14
1133 948 12
42 1 14
173 17 14
329 62 14
368 78 13
380 83 13
460 123 12
609 221 13
725 322 15
730 327 13
733 330 15
776 374 13
824 428 13
825 429 13
881 499 16
938 580 16
1017 708 13
1042 753 15
1054 777 16
1074 816 13
1117 908 13
302 52 12
397 91 14
484 137 15
741 338 11
815 418 12
892 514 15
907 535 16
929 566 13
936 577 14
948 594 16
964 619 14
964 619 16
996 671 15
1020 713 15
1038 745 12
1067 802 12
1114 903 12
1123 923 13
1138 958 14
1150 988 15
304 53 12
356 73 14
399 92 15
666 268 14
698 296 15
726 323 13
795 395 14
802 403 14
814 417 14
840 448 14
867 481 13
936 576 16
952 600 15
953 602 15
965 620 11
992 664 14
1017 707 12
1030 730 14
1038 746 12
1130 939 12
42 1 13
332 63 12
501 147 12
540 172 11
650 254 15
755 352 15
861 474 15
919 552 16
925 560 14
932 570 15
962 616 12
1002 682 15
1028 728 16
1040 749 12
1040 749 12
1062 791 12
1066 799 12
1107 886 13
1111 896 14
1122 921 12
197 22 15
296 50 15
406 95 15
418 101 12
478 133 12
539 171 14
632 239 15
644 249 15
720 317 15
800 401 13
897 521 14
904 531 14
916 547 13
945 590 14
960 613 12
1014 703 14
1042 754 15
1087 842 15
1094 857 14
1136 953 12
237 32 15
241 33 12
307 54 16
557 183 13
657 260 11
680 280 14
710 308 14
716 313 15
748 345 16
774 372 12
850 460 16
898 522 12
961 614 12
966 622 14
989 659 12
1014 702 11
1087 843 16
1094 858 12
1103 878 12
1143 971 14
347 69 11
424 104 12
467 127 12
534 168 15
623 232 16
659 262 14
902 528 12
963 617 11
976 639 13
984 651 12
1002 681 15
1017 707 12
1039 747 14
1093 856 14
1096 862 15
1099 868 15
1128 935 15
1133 948 12
1137 956 13
1144 973 12
241 33 11
329 62 14
438 111 14
460 123 12
614 225 12
633 240 14
680 280 15
692 291 13
705 303 12
717 314 13
718 315 15
797 397 14
798 398 16
824 428 12
828 433 14
841 449 16
904 531 15
984 651 14
1035 740 13
1110 893 15
119 8 15
230 30 16
233 31 13
334 64 14
478 133 14
514 155 13
610 222 15
614 225 14
828 433 16
833 439 15
848 457 13
868 483 13
1004 684 15
1023 718 12
1027 725 13
1032 735 15
1057 781 14
1101 873 16
1138 960 13
1152 995 14
84 4 13
139 11 13
168 16 16
197 22 15
214 26 13
600 214 13
602 216 13
638 244 11
643 248 16
789 388 11
815 418 14
933 572 16
963 617 14
964 619 12
1013 700 16
1045 758 11
1085 838 16
1101 873 12
1120 916 15
1139 961 14
145 12 13
173 17 13
441 113 14
534 168 14
601 215 14
834 440 14
840 448 15
875 491 15
881 499 12
881 499 16
889 510 14
987 656 13
1006 688 12
1008 691 13
1057 782 15
1059 785 12
1077 822 16
1102 876 14
1109 890 12
1144 975 15
347 69 11
673 274 13
771 369 12
906 533 13
907 535 13
910 539 12
912 542 13
917 549 11
973 634 13
973 634 14
982 648 14
997 673 15
1027 725 13
1051 770 13
1076 819 15
1089 847 12
1103 878 11
1106 884 11
1109 890 16
1133 946 13
293 49 14
414 99 14
414 99 14
511 153 13
570 192 12
614 225 15
722 319 12
791 390 15
811 413 14
820 424 13
840 448 13
880 498 13
919 552 12
972 632 12
980 644 16
1037 744 12
1107 886 12
1107 887 11
1148 983 16
1148 984 15
151 13 12
339 66 14
503 148 11
682 282 14
738 335 13
823 427 12
831 437 16
878 495 13
901 527 15
905 532 15
911 540 14
917 549 13
934 573 13
950 597 15
1038 746 12
1059 785 14
1076 820 11
1087 842 14
1129 938 13
1132 945 14
201 23 16
310 55 13
432 108 13
436 110 12
620 230 13
725 322 14
789 388 12
825 429 13
845 453 12
875 491 15
909 537 14
1012 698 14
1027 725 13
1027 726 12
1031 733 12
1051 771 14
1054 777 14
1100 870 13
1131 942 11
1144 974 15
59 2 13
366 77 13
542 173 14
653 257 12
689 288 13
744 341 13
746 343 14
749 346 15
893 515 13
899 524 13
925 560 13
961 615 14
968 625 15
972 632 12
1033 736 12
1034 738 14
1046 760 11
1076 819 15
1100 871 14
1110 894 15
525 162 14
739 336 13
822 426 12
883 502 15
898 522 13
905 532 14
939 581 14
969 627 14
999 676 13
1030 730 13
1031 732 15
1033 736 16
1041 751 11
1045 758 12
1059 785 16
1063 794 14
1070 808 12
1088 846 11
1129 938 15
1132 944 13
368 78 12
432 108 12
443 114 12
484 137 11
562 187 15
583 202 12
689 288 13
696 295 13
701 299 12
714 311 13
776 374 13
880 498 12
883 502 15
897 521 15
930 567 15
994 667 16
1094 857 11
1103 877 15
1107 886 14
1135 951 12
42 1 15
214 26 14
248 35 12
304 53 13
506 150 16
546 176 13
614 225 11
622 231 15
660 263 12
691 290 13
721 318 12
760 357 15
763 360 16
828 433 13
1011 697 11
1103 877 12
1123 924 15
1136 955 15
1145 976 12
1152 995 13
514 155 11
620 230 12
622 231 14
650 254 13
694 293 13
742 339 16
743 340 13
751 348 15
777 375 12
978 642 13
982 648 11
1028 727 11
1049 767 14
1093 856 12
1101 872 16
1131 941 13
1131 941 14
1134 950 15
1136 955 12
1142 968 12
