2000 100 472787
20 137 178
20 55 168
20 99 235
20 150 158
20 73 203
20 148 219
20 52 222
20 130 169
20 58 167
20 121 164
20 66 179
20 50 250
20 64 233
20 74 152
20 61 162
20 69 200
20 146 236
20 147 233
20 86 221
20 146 243
20 139 223
20 114 234
20 117 222
20 132 243
20 147 240
20 102 232
20 64 182
20 72 249
20 85 171
20 133 214
20 70 227
20 81 221
20 140 195
20 91 151
20 63 183
20 51 200
20 116 153
20 121 208
20 128 159
20 51 231
20 72 217
20 132 167
20 84 211
20 125 186
20 94 183
20 100 237
20 104 197
20 124 159
20 75 181
20 130 233
20 73 155
20 106 235
20 111 225
20 139 182
20 77 238
20 129 194
20 119 159
20 100 192
20 76 234
20 80 174
20 134 216
20 103 226
20 122 210
20 141 221
20 100 235
20 132 232
20 97 165
20 136 156
20 103 176
20 127 162
20 64 223
20 147 187
20 81 176
20 106 189
20 131 210
20 128 172
20 86 153
20 134 156
20 100 182
20 79 214
20 114 240
20 118 182
20 83 165
20 94 244
20 83 210
20 99 229
20 114 203
20 105 164
20 130 176
20 53 182
20 91 179
20 60 150
20 134 169
20 83 246
20 68 233
20 148 247
20 112 225
20 134 165
20 147 227
20 138 160
168 16 15
302 52 14
316 57 16
399 92 16
549 178 16
565 189 15
605 218 16
623 232 18
655 258 18
698 296 14
772 370 13
823 427 15
849 459 17
915 546 17
989 660 13
1071 809 16
1075 817 14
1095 861 17
1109 890 16
1126 930 15
368 78 16
368 78 17
375 81 13
422 103 16
636 243 13
752 349 15
836 443 15
841 449 17
854 465 14
904 531 15
958 609 16
978 642 17
1000 678 15
1076 819 16
1080 828 14
1082 833 17
1083 835 18
1120 916 17
1120 916 17
1139 961 16
318 58 13
495 143 13
498 145 14
546 176 14
586 204 18
596 211 13
645 250 14
672 273 13
673 274 14
761 358 14
768 366 16
870 485 13
872 488 17
878 495 14
890 512 14
921 554 17
957 608 17
966 623 13
1002 682 16
1110 893 16
386 86 14
531 166 17
539 171 13
571 193 17
698 296 14
827 432 14
836 442 17
841 449 13
925 561 14
930 567 13
948 594 14
982 648 17
999 676 18
1001 680 15
1016 706 13
1028 728 15
1042 754 14
1046 760 13
1054 776 18
1078 825 16
178 18 15
456 121 16
524 161 15
594 210 14
690 289 14
693 292 14
732 329 15
807 408 13
857 469 14
871 487 17
916 548 15
920 553 15
944 588 18
957 608 17
989 660 17
1030 730 15
1050 769 15
1053 774 15
1056 780 17
1133 946 17
178 18 15
467 127 15
524 161 17
574 195 18
590 207 16
609 221 15
671 272 18
688 287 13
761 358 14
791 390 13
819 422 15
832 438 13
862 475 13
874 490 16
932 571 16
968 625 16
1017 707 16
1053 774 15
1104 879 18
1108 888 17
251 36 16
274 43 13
438 111 17
560 185 14
614 225 16
684 284 18
748 345 17
771 369 16
798 398 15
864 477 16
909 538 14
920 553 16
975 636 16
1005 687 17
1044 757 14
1095 860 13
1119 914 15
1126 930 14
1151 992 16
1151 993 15
399 92 16
451 118 13
511 153 18
539 171 15
545 175 14
667 269 17
718 315 15
733 330 13
745 342 17
795 395 15
813 415 16
820 423 14
825 430 14
956 606 14
979 643 13
1016 706 16
1057 782 17
1065 797 13
1065 798 15
1152 995 14
287 47 15
472 130 17
516 156 15
585 203 16
610 222 14
610 222 14
632 239 18
641 247 14
716 313 16
800 401 17
861 474 17
872 488 15
907 535 17
941 584 13
969 627 14
995 670 17
1024 720 16
1050 769 15
1084 836 14
1144 975 14
255 37 15
255 37 16
290 48 15
410 97 16
536 169 16
627 235 17
717 314 15
844 452 15
986 655 18
1035 740 17
1058 783 13
1089 847 14
1094 858 15
1100 870 15
1108 889 15
1110 893 17
1121 919 16
1137 957 17
1139 962 14
1150 990 15
453 119 16
478 133 13
582 201 17
585 203 16
596 211 13
650 254 16
736 333 17
831 436 17
831 436 18
867 481 17
873 489 14
966 622 17
976 639 15
1054 776 13
1076 820 17
1098 867 18
1107 887 15
1122 920 17
1142 968 17
1150 989 15
162 15 15
412 98 13
560 185 16
597 212 16
670 271 17
673 274 14
702 300 15
764 361 15
842 450 14
848 457 18
900 525 17
902 528 17
920 553 15
964 619 14
1028 728 15
1074 816 17
1079 827 14
1115 904 14
1126 929 17
1141 967 15
197 22 17
393 89 15
516 156 15
539 171 16
549 178 13
660 263 13
694 293 16
757 354 15
790 389 15
849 458 17
932 571 15
940 582 17
1037 744 15
1053 774 18
1066 800 15
1080 828 15
1082 832 17
1133 946 15
1148 984 13
1153 997 17
397 91 17
460 123 13
574 195 17
713 310 14
754 351 18
816 419 15
822 426 14
839 446 17
944 588 15
953 602 13
977 640 14
1023 718 16
1028 727 17
1030 730 17
1042 753 17
1086 841 14
1104 879 15
1105 882 15
1118 912 16
1141 967 15
749 346 14
754 351 14
831 436 14
856 467 17
878 496 16
890 511 15
926 562 15
964 619 17
980 645 16
983 649 17
1017 707 17
1023 718 13
1056 780 16
1059 786 14
1070 808 17
1072 812 16
1073 814 15
1075 818 15
1095 861 16
1135 951 14
218 27 15
403 94 18
458 122 17
483 136 16
493 142 16
557 183 14
656 259 13
726 323 15
861 474 13
868 482 14
936 577 13
977 640 15
986 654 17
1006 689 16
1026 723 15
1051 771 15
1094 858 16
1128 934 16
1136 954 15
1153 997 15
366 77 16
366 77 17
412 98 13
678 278 13
756 353 18
800 401 17
848 457 15
911 540 15
925 560 15
988 658 16
998 675 15
1036 741 16
1045 759 17
1054 777 16
1057 782 16
1100 870 14
1133 947 16
1136 954 18
1150 989 15
1154 999 15
178 18 17
344 68 16
384 85 17
432 108 13
451 118 18
688 287 13
881 499 13
889 510 16
919 552 15
999 677 16
1014 702 14
1033 736 16
1049 767 18
1095 859 15
1117 910 17
1127 932 16
1138 959 17
1140 963 15
1140 965 16
1140 965 17
94 5 18
111 7 14
119 8 16
162 15 17
265 40 18
326 61 17
562 187 15
588 205 16
620 230 16
657 260 16
736 333 16
802 403 15
857 469 13
928 565 18
934 573 15
972 632 18
980 645 17
989 660 14
1047 763 17
1111 895 15
326 61 13
506 150 17
527 163 13
578 198 16
625 234 13
662 264 14
667 269 17
669 270 16
715 312 15
717 314 14
763 360 17
951 599 18
1049 766 17
1092 854 15
1110 894 16
1131 943 14
1137 956 15
1139 962 14
1140 964 15
1148 985 16
201 23 18
274 43 15
310 55 13
406 95 13
458 122 13
655 258 17
719 316 13
855 466 13
909 538 14
919 552 13
940 582 16
1028 727 13
1053 775 15
1054 776 13
1074 815 13
1077 822 13
1103 878 13
1126 930 15
1141 966 16
1144 973 15
178 18 18
349 70 13
395 90 13
463 125 16
524 161 18
592 208 17
605 218 13
788 387 16
802 403 13
808 410 14
832 438 15
884 503 15
911 541 13
917 549 18
1019 711 17
1116 906 13
1116 907 15
1119 914 14
1132 944 15
1151 992 17
248 35 18
293 49 16
316 57 14
414 99 13
438 111 14
476 132 15
607 220 15
610 222 17
768 366 17
824 428 17
855 466 15
905 532 14
909 537 14
932 571 16
1005 686 18
1009 693 15
1055 778 17
1075 817 17
1124 926 16
1133 948 17
344 68 13
438 111 17
447 116 17
593 209 13
593 209 17
663 265 13
687 286 14
762 359 15
836 442 13
836 443 13
858 470 17
888 509 16
1025 721 16
1033 736 15
1037 743 15
1065 797 15
1079 826 16
1083 834 13
1101 872 16
1143 972 17
192 21 13
332 63 16
430 107 14
481 135 17
533 167 15
646 251 13
687 286 13
751 348 17
769 367 15
852 462 17
870 485 15
979 643 13
984 651 13
1012 698 15
1014 702 16
1023 718 14
1049 767 14
1065 797 13
1114 902 18
1134 950 16
94 5 17
290 48 16
572 194 14
681 281 17
723 320 16
769 367 18
783 382 17
816 419 16
875 491 15
878 495 16
922 556 13
963 618 14
975 636 15
995 669 14
1038 745 18
1043 755 13
1093 856 16
1101 874 16
1103 877 16
1109 890 16
463 125 16
622 231 13
636 243 13
706 304 17
788 387 15
788 387 16
815 418 13
819 422 17
841 449 16
912 542 14
919 552 13
952 600 16
967 624 14
991 663 14
999 677 17
1055 778 17
1069 806 17
1083 835 13
1092 853 17
1104 880 14
334 64 17
406 95 17
528 164 18
679 279 14
684 284 13
801 402 16
805 406 15
807 408 18
809 411 17
827 432 13
851 461 13
886 506 14
887 507 13
1044 756 14
1062 792 18
1071 809 14
1091 852 17
1119 914 17
1123 924 14
1132 945 15
192 21 16
329 62 16
410 97 14
722 319 15
829 434 15
868 483 14
869 484 14
887 508 13
896 519 17
920 553 14
924 559 13
986 655 16
1004 685 15
1021 714 13
1042 754 15
1052 772 14
1056 779 13
1106 883 15
1118 912 17
1129 937 18
447 116 15
462 124 16
568 191 13
628 236 13
655 258 17
685 285 13
690 289 15
738 335 14
796 396 16
808 410 13
872 488 16
911 540 13
913 543 13
936 577 16
959 612 15
996 672 13
1046 760 13
1086 840 15
1111 895 14
1138 960 16
476 132 15
675 276 17
716 313 15
746 343 15
857 468 15
910 539 17
925 561 15
943 587 15
985 653 13
988 657 17
994 668 15
1036 741 15
1040 750 16
1083 835 18
1104 879 17
1108 889 14
1110 892 18
1133 947 18
1146 978 15
1152 994 13
274 43 17
284 46 15
443 114 13
530 165 14
606 219 17
643 248 15
651 255 13
665 267 13
703 301 17
768 366 16
812 414 13
848 457 18
897 521 15
899 524 13
908 536 17
972 631 13
1089 847 17
1102 876 13
1105 882 17
1132 945 14
133 10 13
258 38 17
316 57 14
422 103 13
552 180 17
662 264 17
667 269 14
752 349 16
756 353 17
784 383 17
838 445 13
945 590 15
961 615 18
984 651 17
1019 711 13
1073 813 17
1096 863 16
1097 864 15
1098 866 14
1128 936 13
111 7 14
205 24 15
321 59 14
403 94 17
484 137 18
511 153 14
558 184 15
561 186 16
622 231 13
717 314 18
795 395 15
840 447 13
844 452 13
852 462 14
910 539 17
950 597 14
972 631 16
1022 717 16
1040 749 13
1117 909 16
447 116 18
471 129 15
488 139 14
511 153 13
525 162 14
555 182 15
596 211 17
650 254 13
746 343 13
767 365 15
789 388 17
800 401 15
824 428 17
964 619 16
988 658 18
992 665 17
1090 849 15
1144 974 14
1149 986 14
1150 989 17
299 51 17
307 54 15
462 124 18
524 161 15
588 205 17
770 368 14
774 372 14
827 432 16
845 454 18
851 461 14
854 465 13
887 508 17
943 587 14
954 603 16
989 659 16
1050 769 13
1090 850 13
1094 857 14
1101 874 17
1134 949 16
329 62 17
453 119 17
597 212 15
613 224 17
627 235 18
662 264 14
751 348 14
769 367 15
842 450 17
921 554 14
989 659 16
1003 683 17
1004 685 15
1013 700 13
1076 819 18
1094 858 17
1099 868 15
1119 913 16
1133 947 17
1138 960 15
451 118 17
593 209 16
619 229 17
627 235 14
645 250 17
835 441 17
850 460 14
895 518 14
895 518 16
918 550 14
942 585 16
942 585 17
977 640 16
985 653 13
989 660 17
994 667 15
1064 796 17
1094 858 15
1138 960 15
1146 979 14
111 7 16
258 38 16
281 45 17
304 53 13
432 108 14
513 154 18
539 171 15
660 263 17
733 330 17
805 406 13
819 422 16
845 454 13
856 467 13
912 542 13
922 556 14
944 589 13
981 646 18
995 670 15
1119 914 15
1128 936 15
248 35 16
503 148 15
514 155 13
670 271 14
671 272 15
708 306 13
788 387 15
800 400 15
814 416 16
820 424 13
832 438 13
906 533 15
1015 704 14
1060 788 16
1069 806 17
1082 833 13
1097 864 18
1101 873 17
1106 885 17
1126 931 13
339 66 16
422 103 17
583 202 17
610 222 17
656 259 13
718 315 18
790 389 13
794 394 18
804 405 15
965 621 14
1005 687 13
1006 688 16
1016 706 13
1024 720 14
1025 721 14
1081 831 17
1089 848 14
1093 855 18
1110 893 17
1129 938 14
302 52 13
364 76 16
406 95 13
585 203 16
620 230 14
638 244 15
650 254 16
694 293 18
870 485 17
950 597 15
965 621 13
977 640 13
1000 678 13
1076 820 17
1084 836 14
1111 896 17
1131 943 15
1131 943 16
1140 963 14
1144 975 17
465 126 14
491 141 16
571 193 14
609 221 17
655 258 18
717 314 15
792 392 16
807 409 15
899 523 15
901 527 13
906 533 17
911 541 16
932 570 18
948 594 14
959 611 13
998 674 15
999 676 13
1054 777 14
1070 808 16
1127 932 16
59 2 16
290 48 17
416 100 16
424 104 17
589 206 16
616 227 15
793 393 15
803 404 13
853 464 13
995 670 17
1021 714 15
1046 761 17
1049 766 13
1071 809 16
1092 853 17
1110 892 15
1126 930 17
1131 943 13
1153 996 15
1153 997 14
339 66 14
352 71 18
445 115 17
495 143 15
627 235 15
652 256 17
713 310 16
754 351 16
797 397 13
825 430 16
835 441 15
866 480 17
915 546 14
999 677 13
999 677 16
1021 715 15
1052 773 14
1074 816 18
1124 926 16
1143 972 14
299 51 14
395 90 17
481 135 15
546 176 15
582 201 13
739 336 13
769 367 16
893 515 15
896 519 14
946 592 13
948 595 16
949 596 15
957 608 16
958 609 15
971 630 13
1044 756 14
1061 790 18
1070 808 17
1112 897 18
1150 988 18
133 10 15
388 87 13
447 116 13
460 123 18
517 157 14
579 199 17
673 274 18
691 290 15
831 436 14
860 472 17
872 488 15
937 578 14
984 652 16
1000 678 13
1028 727 18
1031 732 14
1031 732 17
1061 790 15
1127 933 17
1133 947 13
284 46 17
342 67 15
373 80 16
519 158 17
540 172 13
564 188 13
715 312 18
718 315 14
797 397 16
818 421 17
928 564 15
939 581 13
945 590 15
955 605 14
962 616 18
986 654 16
1027 725 13
1077 823 14
1095 861 14
1132 945 15
188 20 16
241 33 16
406 95 15
537 170 17
545 175 16
564 188 17
601 215 15
709 307 13
747 344 18
829 434 13
861 473 16
961 615 18
981 647 14
1026 723 14
1049 766 15
1102 876 13
1108 889 17
1114 903 13
1141 967 15
1153 997 17
59 2 13
197 22 15
361 75 14
397 91 14
454 120 15
493 142 13
568 191 14
585 203 13
746 343 15
853 464 15
860 472 18
865 478 16
881 500 17
884 503 16
911 541 16
972 632 13
1071 809 14
1091 851 17
1116 907 17
1153 998 15
248 35 16
354 72 15
546 176 16
756 353 13
802 403 17
842 450 14
857 469 15
872 488 15
921 555 13
928 564 15
931 569 14
959 611 16
982 648 13
1026 724 16
1056 779 13
1058 783 15
1104 879 16
1111 895 13
1129 938 18
1153 997 17
59 2 14
393 89 16
472 130 15
520 159 15
610 222 13
691 290 15
694 293 15
731 328 14
754 351 17
818 421 17
836 443 13
852 462 13
875 491 17
901 526 14
944 588 16
1002 681 17
1031 733 13
1059 785 16
1146 979 13
1146 979 13
218 27 17
418 101 17
503 148 15
592 208 16
600 214 14
736 333 14
751 348 15
792 392 17
950 597 13
959 611 14
968 626 18
1029 729 17
1039 748 16
1046 760 17
1060 788 17
1071 810 16
1086 840 17
1095 861 15
1131 942 15
1140 964 18
201 23 14
332 63 17
349 70 18
434 109 16
447 116 17
453 119 16
562 187 15
685 285 18
704 302 17
781 380 17
796 396 15
916 547 13
968 625 17
1020 712 14
1059 786 14
1063 794 13
1092 853 16
1130 939 13
1136 954 17
1143 971 16
111 7 16
210 25 14
393 89 15
406 95 15
424 104 15
528 164 13
609 221 14
614 225 15
666 268 15
778 376 16
806 407 13
828 433 17
868 483 13
917 549 14
948 594 15
952 600 13
954 603 15
1010 696 15
1037 744 16
1117 908 15
424 104 14
847 456 18
862 475 16
863 476 13
884 504 16
890 512 14
909 537 13
934 573 14
963 617 17
973 633 17
988 657 14
993 666 16
1014 703 13
1025 721 17
1025 722 16
1054 777 14
1071 810 13
1086 840 17
1120 915 13
1148 985 17
268 41 15
329 62 16
349 70 18
536 169 15
670 271 15
677 277 14
699 297 16
759 356 15
772 370 16
821 425 17
837 444 17
866 480 13
901 526 17
979 643 18
989 659 17
1021 714 17
1040 749 17
1058 783 14
1124 926 18
1139 962 17
356 73 17
549 178 14
726 323 14
726 323 15
778 376 13
800 401 15
850 460 16
856 467 15
857 469 13
859 471 14
916 547 16
930 568 15
953 602 17
1031 733 14
1044 756 18
1052 773 18
1054 777 17
1058 783 14
1083 834 15
1096 863 13
188 20 16
293 49 15
434 109 14
611 223 17
834 440 18
853 464 18
876 493 18
878 495 17
944 589 17
972 631 17
992 664 17
1008 692 18
1053 774 14
1066 799 17
1082 832 16
1096 863 13
1104 879 13
1120 917 13
1139 962 18
1148 984 15
313 56 18
393 89 14
430 107 18
534 168 14
598 213 16
618 228 17
674 275 13
682 282 13
830 435 18
912 542 13
976 639 16
984 652 17
1034 738 15
1062 792 14
1085 839 16
1090 849 17
1093 856 14
1144 973 17
1147 981 17
1150 989 13
192 21 15
214 26 16
377 82 13
388 87 15
596 211 17
632 239 14
771 369 17
831 437 15
917 549 17
940 583 17
980 644 17
1028 728 13
1058 783 16
1074 816 16
1084 837 16
1095 861 15
1101 872 13
1106 884 16
1122 921 18
1139 961 16
412 98 16
420 102 15
458 122 16
500 146 16
513 154 13
514 155 13
530 165 13
577 197 16
592 208 15
634 241 14
723 320 14
737 334 13
989 660 18
1012 699 15
1038 745 15
1049 767 16
1065 798 14
1094 857 16
1131 941 14
1144 975 18
299 51 14
366 77 15
585 203 17
624 233 13
663 265 16
702 300 13
731 328 14
762 359 18
785 384 14
803 404 14
1006 688 15
1062 792 18
1096 862 13
1098 866 15
1113 901 16
1122 920 16
1131 941 17
1136 954 16
1147 981 17
1153 998 17
287 47 15
520 159 17
653 257 17
705 303 14
718 315 17
761 358 16
826 431 13
832 438 13
837 444 18
856 467 15
865 479 15
981 646 17
986 655 16
1008 691 15
1009 694 14
1014 702 13
1111 895 14
1119 913 13
1148 985 15
1153 998 15
412 98 14
428 106 15
458 122 13
472 130 13
516 156 16
601 215 17
607 220 15
704 302 17
848 457 16
854 465 16
876 493 16
946 591 17
958 610 18
978 641 17
1012 699 16
1062 791 17
1114 902 15
1139 962 15
1148 985 16
1151 992 17
586 204 17
757 354 16
804 405 13
830 435 16
859 471 18
939 581 16
965 620 17
975 637 15
978 641 17
978 641 18
988 658 13
1034 738 16
1057 782 18
1066 799 15
1079 826 17
1089 848 13
1092 854 16
1110 892 16
1141 967 16
1153 997 15
377 82 13
430 107 13
589 206 15
673 274 15
682 282 13
714 311 14
748 345 16
750 347 14
793 393 17
808 410 13
825 430 16
876 493 16
890 512 14
911 540 15
956 607 17
964 619 16
998 674 17
1061 789 13
1097 865 15
1138 959 15
42 1 14
237 32 14
453 119 15
491 141 15
514 155 17
548 177 16
620 230 17
832 438 14
843 451 18
898 522 13
918 550 16
919 552 13
1010 695 17
1017 708 13
1032 735 16
1033 737 18
1052 773 13
1105 882 15
1139 962 13
1152 994 17
178 18 18
284 46 14
577 197 17
691 290 14
714 311 14
745 342 17
766 364 16
771 369 15
803 404 14
874 490 15
887 507 17
914 544 15
922 556 16
1053 775 16
1074 815 13
1093 856 17
1098 867 13
1121 918 13
1126 930 15
1147 982 17
222 28 15
299 51 15
562 187 16
624 233 13
713 310 18
719 316 14
727 324 16
795 395 14
803 404 18
826 431 16
893 515 15
919 551 14
962 616 17
1002 681 18
1049 767 17
1065 798 18
1086 841 16
1086 841 18
1115 905 13
1143 971 13
287 47 14
393 89 15
401 93 18
546 176 13
803 404 14
808 410 15
842 450 16
878 496 15
888 509 15
911 541 16
932 571 15
934 574 14
966 622 14
970 629 14
972 631 15
973 633 18
1014 703 16
1095 859 18
1102 875 16
1123 924 15
183 19 16
201 23 16
318 58 16
375 81 14
382 84 15
428 106 14
517 157 17
528 164 13
555 182 18
585 203 14
628 236 17
633 240 16
694 293 14
774 372 17
787 386 14
834 440 15
876 493 14
1027 726 17
1070 808 13
1131 941 13
42 1 18
205 24 17
380 83 16
516 156 16
539 171 13
710 308 17
787 386 17
797 397 13
820 424 16
901 526 18
910 539 16
929 566 17
970 628 13
1025 721 17
1064 796 13
1084 836 13
1125 927 14
1125 927 14
1129 937 14
1150 990 13
347 69 13
462 124 13
491 141 16
546 176 13
672 273 18
684 284 17
738 335 18
929 566 18
932 571 16
974 635 17
981 647 15
1029 729 13
1057 782 13
1080 829 15
1102 876 13
1105 881 14
1125 928 17
1125 928 18
1133 946 17
1148 984 18
430 107 16
474 131 16
479 134 13
486 138 13
682 282 13
723 320 16
794 394 17
875 491 14
880 498 13
929 566 15
1006 689 14
1038 745 15
1038 746 15
1064 796 13
1074 816 17
1085 839 16
1113 901 16
1124 926 15
1125 927 13
1137 956 16
222 28 14
324 60 14
361 75 17
382 84 18
458 122 15
614 225 17
669 270 18
773 371 13
797 397 13
877 494 17
895 518 14
954 604 14
977 640 18
1024 720 17
1037 744 13
1042 754 16
1065 798 13
1128 935 13
1139 962 16
1144 974 14
192 21 13
441 113 15
672 273 17
711 309 15
767 365 18
800 401 18
907 535 13
952 600 18
983 649 13
986 655 15
991 662 14
1022 716 16
1055 778 17
1066 800 16
1070 808 17
1072 812 17
1101 873 13
1131 941 17
1136 953 13
1151 992 17
344 68 15
349 70 18
373 80 16
439 112 18
586 204 15
658 261 16
670 271 15
687 286 17
730 327 17
740 337 17
792 392 17
908 536 17
933 572 17
943 587 16
971 630 17
975 637 15
1054 777 17
1068 804 14
1093 855 13
1094 858 16
241 33 17
453 119 18
519 158 13
548 177 15
611 223 15
632 239 17
705 303 14
724 321 13
798 398 16
800 401 17
818 421 13
856 467 14
956 606 17
968 626 17
988 658 16
989 660 14
1002 681 15
1046 761 18
1106 883 15
1120 917 15
59 2 16
244 34 17
299 51 18
356 73 15
493 142 17
647 252 13
673 274 13
756 353 15
852 462 13
878 496 17
881 500 13
952 600 14
975 636 16
999 676 13
1006 688 17
1008 692 18
1049 766 15
1057 781 14
1067 802 15
1154 1000 15
251 36 15
422 103 18
609 221 16
653 257 16
679 279 15
683 283 16
709 307 17
780 379 15
834 440 17
845 453 13
868 482 17
963 618 15
989 660 15
1020 713 15
1044 757 16
1046 760 17
1060 788 16
1085 839 16
1120 915 15
1136 953 14
262 39 18
469 128 17
483 136 15
501 147 16
659 262 16
696 295 14
726 323 15
792 392 16
807 409 16
821 425 18
856 467 17
871 487 17
884 504 17
916 547 15
920 553 17
1021 715 17
1026 723 16
1039 747 15
1120 916 14
1141 967 16
248 35 15
265 40 17
299 51 13
310 55 15
344 68 14
364 76 15
474 131 16
620 230 16
622 231 18
698 296 17
726 323 15
780 379 17
865 479 18
897 521 16
903 529 15
916 548 16
988 658 15
1013 701 16
1080 829 16
1102 875 13
151 13 16
337 65 17
368 78 14
439 112 14
557 183 18
761 358 17
844 452 17
846 455 13
850 460 15
852 462 17
879 497 16
901 527 13
911 541 16
942 585 13
1013 701 16
1030 730 17
1058 784 17
1091 852 13
1112 897 16
1114 903 17
139 11 14
222 28 16
339 66 14
432 108 13
664 266 15
688 287 13
724 321 15
725 322 13
773 371 13
821 425 14
884 503 17
941 584 14
953 602 14
970 628 18
1020 713 15
1084 837 13
1088 845 16
1095 860 17
1123 923 17
1151 992 17
255 37 14
339 66 16
509 152 16
568 191 14
656 259 17
685 285 17
718 315 14
723 320 15
848 457 16
890 512 15
905 532 15
937 578 14
957 608 18
1008 692 15
1014 703 13
1015 704 15
1034 739 14
1039 747 14
1072 811 16
1101 873 17
324 60 15
386 86 14
472 130 14
596 211 17
609 221 16
707 305 18
766 364 15
824 428 13
831 437 18
847 456 15
863 476 15
946 591 14
1036 741 15
1037 744 13
1067 802 13
1079 827 16
1117 909 16
1125 928 14
1137 957 14
1148 985 16
94 5 15
205 24 17
391 88 15
516 156 15
683 283 18
709 307 13
762 359 16
805 406 13
833 439 17
852 462 16
876 493 17
935 575 14
954 604 15
983 649 17
1009 693 15
1010 695 14
1011 697 17
1075 817 17
1077 821 16
1123 923 16
420 102 17
472 130 14
491 141 17
545 175 16
578 198 13
588 205 13
588 205 17
609 221 17
675 276 16
745 342 16
801 402 13
814 417 14
907 535 14
919 552 15
952 600 14
967 624 15
981 646 14
1002 682 17
1098 867 17
1126 929 17
139 11 14
447 116 16
476 132 13
509 152 17
560 185 16
657 260 13
859 471 15
888 509 13
893 515 16
919 551 17
956 607 13
956 607 16
1018 710 14
1042 753 17
1047 762 17
1068 803 16
1089 848 16
1090 849 17
1096 863 14
1124 925 16
151 13 14
344 68 17
439 112 14
514 155 16
531 166 15
549 178 13
646 251 14
677 277 15
681 281 16
684 284 17
757 354 13
864 477 13
865 478 15
881 499 13
973 634 14
992 665 14
1045 758 17
1072 811 17
1073 814 15
1127 932 14
188 20 15
334 64 13
347 69 13
463 125 15
539 171 18
548 177 15
611 223 13
710 308 14
834 440 16
876 493 16
906 534 13
963 618 13
1004 685 17
1027 725 13
1027 726 18
1105 881 16
1107 886 15
1113 901 16
1141 966 17
1153 998 14
302 52 17
354 72 18
443 114 13
451 118 13
481 135 17
508 151 13
543 174 15
630 238 16
669 270 15
674 275 18
708 306 15
716 313 15
796 396 15
804 405 13
813 415 17
988 658 17
1029 729 13
1080 828 14
1106 883 17
1141 966 18
73 3 17
103 6 17
332 63 17
524 161 18
590 207 13
732 329 18
780 379 15
834 440 13
858 470 16
861 473 16
865 479 13
914 544 14
966 622 16
1058 783 14
1059 785 16
1065 797 15
1089 847 15
1128 934 15
1145 976 13
1148 985 14
226 29 16
251 36 14
281 45 14
316 57 14
366 77 13
460 123 16
562 187 17
585 203 17
664 266 14
696 295 15
759 356 13
852 462 13
919 551 15
973 633 18
985 653 13
1027 726 13
1028 727 14
1074 815 16
1136 954 13
1137 957 14
248 35 17
627 235 15
714 311 13
815 418 13
845 453 14
845 454 17
893 516 14
898 522 18
936 577 16
981 647 17
989 659 14
992 664 16
1001 680 16
1021 715 16
1046 760 17
1048 765 13
1050 769 16
1064 795 15
1120 916 17
1148 983 13
197 22 18
299 51 16
451 118 17
462 124 14
490 140 17
503 148 18
546 176 14
551 179 17
570 192 15
594 210 13
711 309 14
811 413 14
877 494 18
906 533 18
944 588 14
996 672 16
999 676 15
1076 819 18
1141 967 17
1144 975 14
151 13 17
237 32 15
262 39 14
391 88 16
399 92 15
545 175 16
604 217 14
731 328 13
731 328 16
764 361 15
811 413 18
835 441 13
896 520 14
989 660 18
1028 727 14
1046 761 16
1052 772 14
1059 786 13
1130 940 15
1148 983 14
271 42 17
274 43 15
337 65 15
424 104 13
484 137 13
572 194 13
665 267 13
845 454 17
896 520 15
900 525 18
901 527 15
904 530 16
946 591 18
957 608 14
992 665 13
1030 731 17
1033 737 18
1080 828 15
1110 894 17
1143 972 15
438 111 13
575 196 15
645 250 15
750 347 16
751 348 15
848 457 16
880 498 15
914 544 15
922 556 13
944 588 13
947 593 17
982 648 13
984 651 17
987 656 13
998 674 13
999 676 17
1027 725 17
1029 729 14
1105 881 17
1151 992 17
