1000 100 250733
10 112 188
10 86 192
10 68 197
10 93 175
10 66 219
10 89 181
10 132 239
10 51 211
10 55 231
10 135 154
10 82 171
10 61 208
10 76 151
10 67 215
10 95 226
10 113 214
10 74 190
10 103 204
10 99 181
10 55 162
10 57 193
10 130 207
10 81 180
10 62 194
10 147 196
10 115 229
10 59 193
10 129 241
10 146 173
10 75 225
10 128 176
10 77 166
10 100 189
10 90 152
10 70 213
10 77 238
10 143 205
10 147 248
10 128 229
10 86 156
10 72 163
10 73 207
10 147 237
10 138 232
10 52 219
10 72 155
10 98 232
10 125 202
10 116 186
10 98 219
10 100 218
10 114 213
10 91 167
10 117 212
10 108 192
10 116 244
10 108 243
10 86 244
10 130 174
10 52 242
10 127 167
10 82 220
10 143 194
10 148 186
10 132 177
10 70 175
10 120 180
10 108 244
10 97 240
10 94 245
10 77 227
10 71 203
10 117 168
10 84 220
10 98 235
10 103 162
10 56 180
10 107 169
10 67 209
10 94 169
10 88 179
10 93 180
10 129 166
10 84 194
10 52 170
10 74 168
10 92 212
10 131 219
10 61 161
10 103 174
10 52 208
10 147 168
10 143 239
10 99 176
10 136 229
10 101 178
10 136 187
10 125 180
10 50 229
10 120 198
382 84 26
503 148 30
558 184 34
575 196 27
746 343 27
784 383 34
841 449 25
895 518 25
1002 682 26
1081 831 30
371 79 30
536 169 25
871 486 27
884 503 25
950 597 34
954 603 32
1013 700 33
1020 713 33
1090 849 26
1105 881 34
299 51 33
678 278 31
746 343 33
937 578 33
968 625 34
973 633 29
1021 714 27
1060 787 26
1077 822 25
1077 822 27
274 43 28
290 48 27
458 122 34
622 231 31
750 347 31
876 493 34
922 556 35
968 625 31
1066 800 29
1076 820 26
670 271 33
736 333 30
832 438 33
896 519 27
937 578 34
988 658 32
1084 837 31
1096 863 28
1115 904 32
1141 966 34
401 93 28
658 261 26
669 270 32
770 368 29
786 385 29
799 399 25
930 568 28
948 594 30
1083 834 27
1123 924 27
397 91 25
441 113 35
718 315 33
1016 706 25
1046 761 29
1068 803 33
1069 806 26
1077 823 34
1140 963 27
1151 991 34
810 412 25
822 426 33
961 615 34
1030 731 33
1046 761 34
1057 781 31
1077 821 27
1081 830 33
1139 961 34
1144 973 27
262 39 29
310 55 34
326 61 25
751 348 25
947 593 25
1002 681 32
1038 745 33
1046 761 28
1079 826 27
1112 898 25
393 89 33
620 230 30
647 252 28
674 275 31
787 386 32
800 401 32
876 493 28
1081 830 33
1112 897 29
1144 975 33
210 25 26
572 194 28
739 336 32
794 394 33
833 439 33
846 455 33
892 514 30
943 587 30
1019 711 28
1044 756 27
84 4 31
825 429 25
840 448 31
873 489 33
914 544 31
959 612 26
999 677 34
1027 725 33
1097 864 29
1107 886 26
644 249 31
831 437 34
871 487 34
929 566 27
941 584 31
1025 721 30
1034 739 32
1075 818 25
1095 859 27
1102 875 26
226 29 31
664 266 31
680 280 28
704 302 30
864 477 32
879 497 27
894 517 28
981 646 31
1087 843 28
1129 938 28
496 144 30
793 393 34
899 524 25
899 524 26
935 575 28
1048 764 33
1071 810 31
1106 884 34
1124 926 32
1139 961 29
500 146 33
622 231 31
664 266 27
664 266 34
768 366 34
804 405 30
958 610 27
1033 736 29
1087 842 34
1134 950 31
307 54 25
329 62 26
422 103 26
484 137 30
498 145 25
651 255 32
815 418 35
897 521 29
919 552 29
1132 944 29
483 136 31
565 189 31
729 326 26
780 378 28
865 478 25
972 632 34
1012 698 32
1086 841 25
1105 882 32
1117 908 25
445 115 26
534 168 35
717 314 28
904 530 34
928 564 30
933 572 34
957 608 28
1005 687 34
1045 759 33
1049 767 31
395 90 29
548 177 26
620 230 27
643 248 26
865 479 26
871 487 31
925 561 33
1124 926 32
1153 997 30
1153 998 33
414 99 31
479 134 35
619 229 25
763 360 33
877 494 28
921 555 30
970 628 31
983 649 30
1006 688 30
1117 910 29
139 11 30
244 34 28
443 114 34
664 266 32
852 462 25
859 471 28
949 596 32
968 626 32
1080 828 26
1118 912 33
119 8 27
384 85 35
733 330 31
828 433 29
973 633 34
1024 720 34
1052 773 25
1108 889 27
1147 982 30
1147 982 35
173 17 32
501 147 31
878 495 34
906 533 33
965 621 34
1007 690 27
1019 711 34
1073 814 32
1091 851 26
1138 960 34
629 237 32
660 263 31
666 268 34
667 269 33
683 283 31
816 419 28
956 606 31
1042 754 29
1058 783 31
1137 957 34
406 95 28
410 97 30
869 484 32
1022 716 28
1036 741 32
1048 765 28
1055 778 30
1112 898 34
1130 939 34
1150 988 32
316 57 29
471 129 26
520 159 31
659 262 27
934 574 33
979 643 28
992 664 27
1056 780 34
1061 790 29
1082 833 30
384 85 30
474 131 32
504 149 32
779 377 33
904 530 25
973 633 26
998 674 29
1071 809 27
1104 880 33
1105 882 29
344 68 29
366 77 31
504 149 32
586 204 25
592 208 31
807 408 34
914 544 26
983 650 27
1058 784 31
1102 876 26
210 25 33
361 75 27
432 108 27
503 148 28
981 646 29
1012 698 28
1015 704 33
1088 846 27
1098 866 30
1108 889 27
585 203 28
662 264 26
680 280 30
718 315 34
801 402 29
843 451 28
985 653 26
1003 683 31
1080 829 26
1117 910 33
471 129 31
562 187 30
678 278 26
679 279 33
777 375 28
939 581 33
955 605 32
1029 729 26
1127 932 31
1137 957 29
403 94 33
460 123 30
469 128 31
520 159 27
792 392 26
1025 722 29
1035 740 32
1088 846 28
1094 858 34
1113 899 28
241 33 34
672 273 33
675 276 25
805 406 26
820 424 28
896 520 34
969 627 31
1005 687 32
1113 899 31
1130 940 29
380 83 30
545 175 26
657 260 30
777 375 34
873 489 26
878 495 32
901 526 34
908 536 32
1021 715 29
1131 942 25
162 15 29
210 25 31
503 148 29
533 167 28
645 250 27
864 477 29
911 540 27
953 602 33
967 624 31
1080 829 32
539 171 32
639 245 29
696 295 29
765 362 30
822 426 34
823 427 27
826 431 27
880 498 29
1116 906 31
1137 957 26
84 4 27
388 87 28
412 98 28
620 230 34
769 367 29
786 385 29
895 518 27
1003 683 31
1048 765 31
1103 877 28
416 100 27
555 182 31
629 237 31
736 333 32
944 588 32
1056 780 33
1064 795 33
1066 800 26
1070 808 28
1110 893 30
326 61 30
498 145 34
774 372 30
851 461 25
919 552 26
924 559 27
1054 777 27
1069 805 26
1072 812 35
1110 893 29
281 45 30
307 54 34
453 119 29
463 125 28
527 163 33
718 315 28
899 523 28
1053 775 29
1097 864 25
1146 979 27
84 4 32
126 9 27
484 137 25
853 464 28
919 551 35
955 605 30
1030 731 35
1036 742 34
1040 749 29
1133 948 27
745 342 30
765 362 33
821 425 30
869 484 25
922 556 26
945 590 29
1040 749 30
1086 841 25
1124 925 33
1128 935 25
241 33 27
393 89 32
414 99 26
493 142 26
911 540 28
923 558 32
936 576 31
1087 843 32
1113 901 31
1142 968 26
302 52 32
653 257 34
656 259 27
670 271 32
680 280 28
862 475 31
946 592 29
967 624 26
974 635 28
1030 731 28
347 69 29
522 160 31
565 189 26
645 250 25
746 343 31
930 567 30
998 674 29
1038 745 26
1078 824 32
1087 843 34
214 26 34
233 31 30
403 94 34
511 153 32
704 302 26
747 344 31
945 590 27
1025 721 34
1147 982 34
1150 989 28
310 55 30
420 102 27
586 204 28
683 283 25
827 432 27
1002 681 34
1026 724 28
1083 834 33
1110 894 28
1115 905 26
218 27 28
339 66 26
371 79 32
651 255 25
728 325 35
765 362 26
881 499 31
936 577 26
988 658 27
1032 735 26
332 63 27
337 65 28
528 164 27
533 167 27
666 268 29
970 629 31
1088 846 29
1093 856 28
1116 907 27
1152 994 26
337 65 29
441 113 33
691 290 31
737 334 26
799 399 30
809 411 30
1085 839 32
1088 846 31
1089 848 33
1098 867 27
426 105 28
481 135 34
592 208 27
670 271 29
890 511 35
892 514 26
914 544 26
973 634 26
1074 816 25
1142 970 35
111 7 30
384 85 31
575 196 29
646 251 33
733 330 29
824 428 34
1073 813 31
1103 878 32
1111 895 34
1146 978 28
352 71 28
571 193 31
649 253 26
706 304 28
793 393 26
939 581 31
945 590 33
953 602 34
978 642 26
1131 943 35
853 464 29
867 481 27
881 500 26
891 513 31
944 589 34
1014 703 31
1028 727 31
1041 751 28
1071 810 28
1143 971 25
205 24 27
428 106 33
458 122 30
511 153 26
593 209 32
750 347 29
820 424 33
917 549 33
1023 718 26
1085 839 33
287 47 25
658 261 29
684 284 25
747 344 30
854 465 34
916 548 26
981 646 32
1062 791 27
1090 849 30
1153 997 28
474 131 25
504 149 34
640 246 29
721 318 27
775 373 27
936 576 31
974 635 33
994 667 31
1072 811 27
1125 927 29
139 11 27
251 36 25
555 182 27
651 255 29
729 326 28
821 425 34
977 640 33
1001 680 27
1031 732 31
1118 912 33
517 157 34
567 190 34
582 201 28
828 433 26
845 453 32
861 474 32
952 601 35
965 620 32
1043 755 29
1136 954 32
451 118 28
503 148 28
517 157 28
655 258 28
923 558 28
959 611 33
1049 766 28
1058 783 33
1074 815 25
1115 905 29
368 78 30
456 121 27
483 136 29
496 144 31
745 342 30
784 383 31
1026 723 25
1099 869 34
1121 918 28
1147 982 33
476 132 31
718 315 34
749 346 35
835 441 26
931 569 26
972 631 31
995 669 34
1008 691 30
1031 733 34
1032 735 25
210 25 28
447 116 34
596 211 28
800 400 27
842 450 27
1011 697 33
1065 798 26
1066 800 29
1125 927 29
1138 959 26
304 53 30
332 63 34
998 674 29
1096 862 25
1099 869 33
1100 870 30
1109 890 32
1133 948 29
1138 958 33
1153 996 31
329 62 31
961 615 30
976 639 34
1006 689 30
1012 698 28
1031 733 26
1049 767 31
1076 819 26
1101 872 28
1144 975 27
151 13 32
237 32 25
558 184 25
593 209 28
785 384 25
1016 706 25
1062 791 29
1073 814 30
1110 892 27
1154 999 26
293 49 30
590 207 33
762 359 25
877 494 30
893 516 30
946 591 29
1014 703 35
1041 751 31
1072 812 27
1144 973 26
296 50 32
307 54 27
364 76 28
568 191 34
704 302 27
781 380 33
842 450 34
882 501 30
1069 805 31
1082 832 29
262 39 27
265 40 31
516 156 27
530 165 32
624 233 29
787 386 29
824 428 28
840 447 28
878 496 30
1106 883 27
707 305 26
843 451 31
853 463 33
906 534 25
909 537 25
976 639 27
1041 751 27
1045 758 25
1062 792 29
1145 976 25
73 3 32
201 23 29
428 106 29
583 202 26
764 361 27
844 452 32
846 455 32
912 542 35
1060 787 30
1080 828 34
403 94 29
639 245 25
696 295 34
854 465 31
941 584 29
1010 695 25
1014 703 27
1056 780 33
1132 945 33
1139 961 27
418 101 26
533 167 34
564 188 34
832 438 28
946 592 27
988 657 28
988 658 29
1006 689 34
1099 868 34
1101 874 27
611 223 31
614 225 29
754 351 31
846 455 30
861 473 28
887 507 32
887 508 31
910 539 29
1066 799 27
1113 900 32
698 296 27
787 386 33
806 407 26
810 412 28
821 425 32
853 464 34
966 623 31
1007 690 27
1018 709 31
1018 710 25
183 19 32
818 421 33
858 470 26
906 533 28
981 647 29
1014 703 31
1019 711 29
1023 719 26
1050 768 27
1076 820 32
416 100 27
611 223 32
662 264 25
766 363 31
808 410 30
928 564 34
949 596 25
982 648 28
988 657 28
1130 939 33
313 56 30
479 134 30
590 207 31
903 529 33
911 541 26
987 656 28
999 676 33
1095 860 30
1107 886 34
1123 924 28
244 34 26
632 239 31
646 251 25
849 459 32
883 502 32
1073 813 30
1080 828 26
1095 859 30
1135 952 29
1148 984 31
248 35 26
373 80 32
534 168 26
534 168 33
780 378 35
856 467 32
946 591 30
1072 812 29
1140 964 33
1142 970 28
42 1 34
103 6 25
119 8 26
764 361 31
978 641 35
1016 705 28
1027 725 30
1128 935 30
1137 957 28
1147 982 34
401 93 27
575 196 27
638 244 32
702 300 25
716 313 27
750 347 32
816 419 27
919 552 26
1062 791 32
1114 902 26
380 83 25
539 171 28
763 360 33
906 534 29
937 578 30
994 667 27
1060 787 29
1095 860 29
1117 908 27
1128 934 27
671 272 32
758 355 34
948 594 31
976 639 28
978 642 30
983 649 28
1042 753 30
1058 783 32
1068 803 25
1089 847 32
293 49 27
380 83 33
664 266 32
763 360 27
912 542 31
973 633 26
986 655 25
1053 775 25
1091 851 26
1095 859 33
103 6 32
274 43 29
287 47 26
462 124 31
542 173 29
643 248 34
885 505 30
950 598 26
1075 817 30
1118 911 33
342 67 29
476 132 27
525 162 28
845 453 35
893 516 28
986 655 28
1057 781 26
1065 797 31
1113 901 35
1136 955 27
321 59 28
393 89 26
469 128 30
560 185 30
761 358 29
944 589 34
973 634 33
1075 818 34
1128 936 33
1152 995 28
564 188 33
600 214 26
671 272 28
709 307 30
892 514 30
958 609 27
988 658 26
1003 683 32
1058 784 30
1140 963 34
210 25 29
426 105 34
565 189 29
607 220 34
800 400 27
884 503 29
921 555 30
1023 719 29
1098 866 28
1148 985 31
449 117 32
483 136 26
602 216 31
636 243 31
665 267 28
950 598 27
955 605 26
957 608 35
1020 713 29
1067 802 32
582 201 25
598 213 31
706 304 31
807 408 33
835 441 29
864 477 30
952 601 27
986 655 29
1053 774 28
1120 917 35
715 312 25
727 324 29
742 339 28
752 349 30
763 360 34
815 418 34
946 591 25
1105 881 31
1121 919 28
1147 981 34
564 188 33
610 222 28
954 604 25
1012 698 34
1020 712 29
1040 749 25
1040 750 25
1066 799 27
1066 800 33
1092 854 28
111 7 30
488 139 26
717 314 32
740 337 30
845 454 35
946 591 27
1010 695 32
1014 703 29
1066 799 26
1150 990 28
533 167 31
555 182 35
671 272 34
698 296 31
887 508 34
904 530 33
961 615 25
1007 690 27
1061 790 32
1098 867 27
262 39 26
426 105 27
469 128 34
490 140 33
537 170 34
745 342 31
811 413 33
952 600 34
1005 687 31
1046 761 30
438 111 30
721 318 32
816 419 25
837 444 28
953 602 27
1101 873 34
1123 923 30
1138 960 34
1140 965 32
1141 966 33
755 352 29
792 392 28
914 545 29
941 584 30
977 640 33
985 653 25
1045 759 27
1052 772 29
1078 825 28
1131 943 30
