100 20 305573
5 94 173
5 60 176
5 97 211
5 147 238
5 68 166
5 113 202
5 99 152
5 114 172
5 92 234
5 106 171
5 98 199
5 97 164
5 54 245
5 100 228
5 131 207
5 104 206
5 55 157
5 54 240
5 81 236
5 122 221
808 1808 48
935 1935 61
3244 4244 67
7286 8286 54
9946 10946 57
1050 2050 54
1474 2474 67
2186 3186 55
4998 5998 58
6103 7103 62
329 1329 62
1278 2278 57
3647 4647 52
5436 6436 53
6686 7686 64
469 1469 55
2687 3687 61
4584 5584 52
6935 7935 49
9043 10043 64
2153 3153 62
2915 3915 66
3400 4400 53
3474 4474 64
4553 5553 58
2101 3101 51
2786 3786 66
4860 5860 52
5065 6065 52
5991 6991 57
1681 2681 56
3057 4057 66
7845 8845 67
9109 10109 48
9935 10935 50
525 1525 64
5603 6603 65
5758 6758 59
6511 7511 61
9018 10018 55
770 1770 57
1807 2807 67
2130 3130 63
7312 8312 55
8133 9133 63
3683 4683 50
4773 5773 54
6686 7686 55
8976 9976 67
9562 10562 49
563 1563 48
2906 3906 55
5968 6968 51
7017 8017 62
8232 9232 49
353 1353 63
5123 6123 66
7906 8906 65
8345 9345 64
9983 10983 62
1172 2172 65
2437 3437 55
3780 4780 66
5457 6457 60
8173 9173 67
27 1027 52
5384 6384 56
5786 6786 67
7754 8754 63
9614 10614 52
812 1812 51
3639 4639 63
4651 5651 67
5967 6967 60
7961 8961 63
1126 2126 63
1241 2241 62
4036 5036 55
6992 7992 62
7512 8512 66
837 1837 63
2143 3143 53
5419 6419 61
6650 7650 55
8281 9281 67
2083 3083 67
3743 4743 66
4178 5178 52
6708 7708 49
7944 8944 57
1368 2368 60
4211 5211 55
6992 7992 50
7184 8184 64
9740 10740 51
4113 5113 60
6404 7404 67
7506 8506 64
9112 10112 57
9688 10688 67
