200 100 52640
2 100 246
2 98 190
2 103 155
2 111 209
2 134 197
2 53 175
2 59 167
2 136 161
2 124 150
2 121 245
2 65 248
2 140 249
2 122 229
2 70 186
2 128 241
2 139 170
2 130 190
2 120 234
2 92 162
2 79 198
2 126 189
2 123 167
2 120 168
2 149 227
2 102 229
2 110 201
2 138 152
2 66 160
2 112 172
2 123 169
2 89 171
2 96 238
2 108 211
2 68 198
2 88 184
2 61 184
2 74 247
2 88 226
2 82 172
2 89 200
2 137 247
2 101 159
2 118 180
2 104 182
2 118 219
2 109 225
2 64 173
2 68 189
2 111 174
2 69 159
2 113 234
2 121 248
2 130 166
2 77 150
2 97 212
2 137 250
2 52 235
2 88 190
2 139 188
2 76 240
2 79 203
2 53 161
2 75 194
2 58 156
2 127 195
2 72 200
2 69 170
2 87 228
2 90 250
2 143 150
2 110 188
2 83 215
2 57 244
2 106 207
2 114 178
2 56 158
2 125 161
2 51 208
2 106 240
2 71 158
2 60 245
2 65 240
2 100 234
2 71 245
2 57 188
2 123 250
2 67 152
2 82 244
2 85 240
2 103 172
2 132 193
2 136 171
2 123 235
2 130 186
2 50 177
2 92 244
2 70 157
2 71 155
2 144 249
2 115 185
372 472 164
384 484 136
598 698 179
759 859 140
670 770 134
811 911 155
284 384 161
586 686 149
420 520 151
888 988 157
359 459 134
643 743 149
417 517 167
813 913 143
600 700 142
878 978 161
125 225 138
849 949 136
48 148 169
672 772 180
241 341 141
705 805 148
117 217 152
376 476 188
257 357 188
262 362 177
170 270 148
858 958 182
53 153 162
134 234 181
285 385 150
467 567 161
224 324 156
887 987 151
634 734 152
797 897 180
357 457 162
515 615 162
140 240 142
639 739 139
778 878 146
782 882 184
88 188 167
124 224 167
217 317 164
403 503 168
133 233 148
386 486 165
8 108 183
242 342 172
605 705 155
854 954 140
430 530 150
953 1053 152
232 332 160
824 924 142
806 906 156
857 957 172
224 324 169
551 651 169
444 544 171
464 564 171
85 185 174
97 197 168
263 363 138
877 977 166
427 527 157
729 829 184
120 220 167
214 314 154
501 601 141
567 667 184
4 104 134
191 291 161
327 427 177
409 509 164
76 176 172
129 229 169
639 739 163
762 862 179
77 177 138
684 784 168
238 338 159
354 454 154
319 419 161
539 639 136
709 809 154
769 869 137
68 168 151
638 738 159
139 239 140
391 491 151
183 283 165
988 1088 170
291 391 167
397 497 155
501 601 174
591 691 157
72 172 159
451 551 135
11 111 184
325 425 139
371 471 142
861 961 143
301 401 151
342 442 166
352 452 147
944 1044 150
333 433 138
959 1059 150
195 295 142
468 568 171
348 448 171
557 657 185
577 677 149
831 931 153
186 286 142
575 675 159
67 167 184
520 620 168
718 818 154
785 885 188
116 216 152
258 358 161
484 584 159
767 867 141
549 649 156
551 651 155
764 864 180
785 885 136
426 526 157
433 533 185
671 771 170
744 844 140
606 706 160
659 759 148
423 523 138
659 759 160
123 223 140
703 803 150
858 958 171
929 1029 159
134 234 141
307 407 156
4 104 169
423 523 176
256 356 175
831 931 175
907 1007 139
934 1034 134
290 390 158
880 980 155
330 430 152
625 725 150
367 467 176
864 964 149
268 368 150
320 420 169
172 272 140
300 400 150
191 291 147
577 677 140
339 439 139
351 451 176
557 657 175
612 712 183
587 687 162
765 865 150
151 251 145
209 309 164
170 270 154
749 849 170
456 556 152
719 819 139
23 123 160
989 1089 188
896 996 180
969 1069 135
617 717 172
688 788 134
308 408 143
603 703 168
188 288 171
815 915 171
471 571 171
473 573 145
193 293 136
526 626 185
128 228 167
189 289 136
52 152 150
595 695 176
183 283 157
934 1034 157
133 233 155
457 557 153
114 214 178
129 229 142
470 570 178
685 785 185
