1000 20 288602
50 95 245
50 62 188
50 80 247
50 86 228
50 149 205
50 76 205
50 131 187
50 143 201
50 136 181
50 136 182
50 97 180
50 148 193
50 90 196
50 80 220
50 141 240
50 88 179
50 76 154
50 124 208
50 83 246
50 92 155
43 143 5
64 164 7
69 169 6
99 199 6
110 210 6
146 246 6
214 314 5
229 329 6
240 340 6
244 344 6
251 351 6
256 356 6
281 381 6
285 385 6
292 392 6
293 393 6
309 409 5
342 442 5
356 456 6
383 483 6
403 503 5
452 552 6
481 581 7
506 606 5
533 633 6
548 648 5
604 704 5
625 725 5
626 726 6
649 749 7
654 754 6
666 766 6
667 767 5
668 768 5
731 831 6
751 851 6
768 868 5
834 934 5
837 937 6
854 954 5
860 960 7
868 968 6
888 988 6
892 992 5
913 1013 6
941 1041 6
946 1046 5
950 1050 6
951 1051 5
961 1061 7
15 115 5
24 124 5
36 136 6
40 140 6
44 144 6
53 153 5
65 165 5
111 211 6
114 214 6
120 220 5
181 281 5
182 282 6
198 298 6
221 321 5
236 336 7
244 344 6
268 368 6
297 397 6
297 397 7
315 415 6
321 421 6
332 432 6
374 474 5
384 484 5
387 487 6
403 503 6
403 503 6
426 526 6
485 585 6
486 586 5
493 593 5
496 596 6
519 619 7
522 622 6
541 641 6
549 649 5
560 660 5
567 667 6
621 721 7
642 742 5
737 837 5
744 844 5
780 880 5
795 895 5
851 951 7
864 964 6
894 994 5
911 1011 5
930 1030 5
940 1040 5
1 101 6
9 109 6
14 114 7
40 140 6
42 142 6
74 174 6
91 191 5
109 209 6
149 249 5
189 289 6
202 302 5
208 308 6
233 333 6
244 344 5
248 348 6
316 416 7
322 422 5
340 440 5
379 479 7
391 491 5
392 492 5
421 521 6
426 526 6
451 551 6
463 563 5
467 567 5
501 601 5
529 629 5
545 645 5
565 665 6
571 671 6
587 687 5
617 717 6
629 729 5
636 736 6
640 740 7
642 742 6
707 807 5
749 849 5
834 934 6
852 952 6
855 955 5
865 965 6
871 971 5
899 999 5
903 1003 6
927 1027 5
938 1038 5
953 1053 6
954 1054 5
12 112 6
19 119 6
45 145 5
47 147 5
47 147 6
86 186 5
108 208 6
119 219 5
138 238 6
149 249 5
187 287 6
191 291 7
205 305 5
227 327 5
258 358 7
280 380 7
285 385 5
288 388 6
310 410 5
358 458 5
360 460 6
370 470 6
374 474 5
377 477 6
460 560 5
494 594 6
501 601 5
559 659 5
582 682 5
586 686 5
590 690 6
601 701 5
635 735 5
692 792 6
709 809 5
734 834 6
737 837 6
754 854 5
804 904 7
816 916 6
839 939 6
882 982 6
888 988 6
899 999 5
900 1000 5
901 1001 5
966 1066 5
974 1074 6
976 1076 6
986 1086 5
26 126 6
41 141 5
69 169 6
80 180 6
113 213 6
114 214 7
121 221 6
133 233 6
204 304 6
208 308 6
214 314 6
215 315 6
219 319 5
256 356 5
269 369 6
291 391 6
308 408 5
319 419 6
323 423 5
330 430 5
373 473 6
386 486 5
397 497 5
398 498 6
405 505 6
436 536 7
449 549 6
465 565 5
489 589 5
550 650 6
580 680 7
595 695 6
615 715 6
623 723 6
660 760 5
669 769 6
697 797 5
713 813 5
746 846 5
782 882 7
787 887 6
818 918 6
851 951 7
865 965 6
872 972 7
882 982 7
904 1004 6
905 1005 6
954 1054 5
972 1072 5
16 116 5
35 135 7
56 156 5
57 157 6
62 162 5
75 175 6
77 177 5
78 178 5
126 226 5
131 231 6
133 233 7
150 250 5
152 252 5
154 254 5
158 258 5
258 358 5
262 362 6
268 368 5
270 370 5
299 399 6
381 481 5
383 483 6
395 495 6
455 555 5
459 559 5
524 624 7
529 629 6
539 639 6
555 655 5
575 675 6
586 686 6
587 687 5
593 693 6
596 696 6
606 706 7
702 802 7
734 834 5
746 846 6
790 890 5
814 914 6
815 915 6
820 920 6
838 938 5
846 946 6
871 971 6
912 1012 6
969 1069 5
994 1094 6
998 1098 6
1000 1100 5
1 101 6
5 105 6
6 106 5
13 113 5
20 120 6
35 135 7
68 168 5
84 184 7
101 201 6
120 220 6
126 226 6
160 260 6
182 282 7
226 326 5
274 374 5
306 406 5
326 426 5
330 430 6
334 434 5
354 454 5
368 468 6
370 470 7
390 490 6
415 515 6
444 544 5
458 558 6
522 622 5
556 656 5
577 677 7
614 714 5
621 721 6
629 729 5
655 755 6
666 766 7
679 779 6
765 865 6
770 870 5
812 912 6
814 914 7
820 920 7
850 950 6
860 960 5
886 986 7
891 991 7
920 1020 6
924 1024 5
934 1034 6
946 1046 6
995 1095 6
996 1096 6
25 125 5
37 137 5
44 144 6
76 176 5
116 216 6
136 236 5
169 269 7
173 273 6
199 299 5
201 301 5
209 309 7
210 310 5
218 318 5
239 339 6
252 352 6
314 414 5
314 414 6
327 427 6
345 445 6
351 451 5
385 485 6
392 492 5
394 494 5
395 495 6
408 508 6
410 510 5
422 522 7
423 523 5
452 552 6
453 553 5
472 572 6
495 595 5
503 603 6
509 609 5
576 676 5
578 678 6
600 700 5
633 733 6
633 733 7
661 761 5
755 855 6
768 868 5
772 872 7
851 951 6
876 976 6
910 1010 5
929 1029 6
931 1031 5
967 1067 5
968 1068 7
7 107 5
17 117 5
31 131 6
51 151 6
100 200 7
112 212 5
190 290 6
219 319 5
239 339 6
259 359 7
268 368 6
273 373 5
290 390 6
296 396 7
298 398 7
319 419 6
368 468 5
384 484 6
401 501 7
414 514 6
417 517 5
438 538 7
462 562 6
483 583 6
487 587 6
489 589 6
502 602 5
525 625 5
537 637 6
543 643 6
573 673 5
577 677 6
583 683 5
591 691 5
671 771 7
694 794 6
713 813 5
726 826 6
810 910 5
810 910 6
813 913 6
837 937 7
838 938 5
892 992 6
904 1004 5
925 1025 6
946 1046 6
977 1077 5
977 1077 6
999 1099 6
40 140 6
43 143 7
81 181 6
116 216 7
118 218 5
141 241 6
150 250 6
159 259 6
161 261 6
197 297 5
199 299 6
212 312 6
276 376 5
299 399 5
313 413 6
343 443 6
360 460 5
408 508 5
418 518 6
428 528 6
434 534 5
461 561 6
469 569 6
479 579 5
498 598 7
530 630 6
567 667 5
581 681 6
586 686 5
587 687 5
613 713 7
691 791 6
697 797 5
698 798 6
705 805 6
731 831 6
750 850 5
777 877 5
778 878 5
782 882 6
783 883 6
834 934 6
837 937 5
853 953 6
859 959 6
876 976 6
884 984 5
894 994 6
908 1008 6
949 1049 5
1 101 6
5 105 5
60 160 5
62 162 5
72 172 6
87 187 6
110 210 6
173 273 5
176 276 5
193 293 5
195 295 6
198 298 5
216 316 6
221 321 5
223 323 5
224 324 5
234 334 6
242 342 6
247 347 5
249 349 6
327 427 5
346 446 6
362 462 7
364 464 5
369 469 6
376 476 6
404 504 7
406 506 6
410 510 7
431 531 5
523 623 5
527 627 5
535 635 6
544 644 6
548 648 5
550 650 6
564 664 6
566 666 6
582 682 7
675 775 6
696 796 5
724 824 6
725 825 5
761 861 5
783 883 5
825 925 5
964 1064 6
970 1070 5
978 1078 6
996 1096 5
21 121 5
43 143 5
46 146 6
49 149 6
49 149 7
52 152 5
95 195 5
146 246 6
168 268 5
187 287 5
195 295 6
209 309 5
217 317 6
252 352 5
263 363 5
289 389 5
304 404 6
318 418 6
323 423 6
327 427 5
349 449 6
351 451 6
374 474 5
383 483 6
396 496 6
433 533 6
442 542 6
451 551 5
454 554 5
533 633 6
538 638 6
541 641 7
563 663 5
601 701 5
631 731 5
633 733 6
640 740 5
643 743 6
689 789 5
780 880 6
792 892 5
814 914 7
835 935 5
846 946 5
858 958 5
908 1008 5
924 1024 6
939 1039 6
958 1058 5
983 1083 7
40 140 6
43 143 5
57 157 6
60 160 6
79 179 5
85 185 5
221 321 6
239 339 6
247 347 6
255 355 6
270 370 6
282 382 7
300 400 5
320 420 6
374 474 5
380 480 5
392 492 5
439 539 6
446 546 5
448 548 5
476 576 7
487 587 6
504 604 6
505 605 7
525 625 6
537 637 6
551 651 6
660 760 6
692 792 7
694 794 5
697 797 5
711 811 6
735 835 7
745 845 6
783 883 5
788 888 6
831 931 5
850 950 5
853 953 6
863 963 6
871 971 6
903 1003 6
943 1043 6
944 1044 5
946 1046 6
961 1061 6
970 1070 6
970 1070 6
984 1084 6
998 1098 5
7 107 6
16 116 6
47 147 7
88 188 6
104 204 6
109 209 5
113 213 5
138 238 5
138 238 5
145 245 6
210 310 5
227 327 5
236 336 6
237 337 6
265 365 5
265 365 6
281 381 6
302 402 6
365 465 5
403 503 5
414 514 5
436 536 7
439 539 6
444 544 5
459 559 7
481 581 6
494 594 6
498 598 7
501 601 6
532 632 5
545 645 6
619 719 6
634 734 5
636 736 5
645 745 6
704 804 5
719 819 5
728 828 6
743 843 6
754 854 5
771 871 6
824 924 6
833 933 6
877 977 6
894 994 5
932 1032 6
957 1057 7
983 1083 5
996 1096 6
1000 1100 5
22 122 5
80 180 6
106 206 5
107 207 6
129 229 5
202 302 7
251 351 6
261 361 7
271 371 5
280 380 5
301 401 5
309 409 5
310 410 5
368 468 6
375 475 7
376 476 5
413 513 5
428 528 6
458 558 5
480 580 6
526 626 6
532 632 5
564 664 6
581 681 5
604 704 7
628 728 6
676 776 5
692 792 6
699 799 6
703 803 5
729 829 6
731 831 6
733 833 5
746 846 7
751 851 6
763 863 5
764 864 6
830 930 5
836 936 5
843 943 5
850 950 5
857 957 7
870 970 6
904 1004 7
928 1028 5
939 1039 7
955 1055 6
959 1059 6
970 1070 5
987 1087 6
13 113 6
14 114 6
35 135 6
55 155 6
58 158 5
98 198 6
110 210 6
129 229 6
145 245 5
159 259 6
162 262 5
204 304 5
238 338 5
348 448 5
361 461 6
376 476 5
396 496 5
406 506 6
440 540 5
449 549 5
458 558 5
482 582 6
503 603 5
524 624 6
530 630 5
543 643 5
563 663 5
577 677 6
603 703 6
617 717 5
622 722 6
657 757 5
676 776 6
703 803 5
704 804 7
722 822 5
725 825 5
732 832 5
735 835 6
765 865 5
792 892 5
806 906 6
848 948 6
848 948 7
870 970 5
901 1001 6
923 1023 5
963 1063 6
963 1063 7
979 1079 5
56 156 6
72 172 6
163 263 6
211 311 6
227 327 6
246 346 6
274 374 6
279 379 5
290 390 5
299 399 6
339 439 6
347 447 6
351 451 6
367 467 6
376 476 5
433 533 5
440 540 6
453 553 5
500 600 5
507 607 6
514 614 7
523 623 6
527 627 5
535 635 5
607 707 6
618 718 6
633 733 6
641 741 5
642 742 6
657 757 7
747 847 6
800 900 5
804 904 5
805 905 5
814 914 6
820 920 6
824 924 6
829 929 5
840 940 7
881 981 5
885 985 5
891 991 6
925 1025 5
935 1035 7
936 1036 5
942 1042 5
942 1042 6
965 1065 5
971 1071 5
1000 1100 6
5 105 5
6 106 5
10 110 7
112 212 6
149 249 5
150 250 5
155 255 7
189 289 6
192 292 7
224 324 7
230 330 6
281 381 6
283 383 5
296 396 5
301 401 7
304 404 7
361 461 5
368 468 6
368 468 6
382 482 6
405 505 5
437 537 6
453 553 6
474 574 6
475 575 5
483 583 7
488 588 5
498 598 5
498 598 5
516 616 6
518 618 6
598 698 6
610 710 5
617 717 6
622 722 5
639 739 5
693 793 5
715 815 6
719 819 6
771 871 6
789 889 6
828 928 6
829 929 5
840 940 6
863 963 5
921 1021 6
964 1064 5
984 1084 6
993 1093 6
996 1096 6
4 104 7
26 126 5
53 153 7
108 208 5
122 222 5
124 224 5
124 224 6
130 230 6
182 282 6
211 311 6
217 317 5
217 317 6
225 325 6
227 327 5
231 331 6
233 333 5
251 351 5
251 351 6
253 353 6
265 365 6
277 377 5
315 415 6
320 420 6
329 429 5
393 493 6
420 520 7
487 587 6
500 600 6
529 629 6
569 669 5
573 673 5
592 692 6
601 701 5
633 733 6
638 738 6
640 740 7
662 762 6
683 783 6
687 787 5
693 793 7
729 829 6
741 841 5
760 860 7
766 866 6
783 883 7
819 919 6
839 939 5
850 950 5
856 956 6
949 1049 6
3 103 5
30 130 6
67 167 6
171 271 5
232 332 6
251 351 6
264 364 6
285 385 6
288 388 5
294 394 7
314 414 7
338 438 7
371 471 5
402 502 6
416 516 5
430 530 5
440 540 6
467 567 6
509 609 5
513 613 5
544 644 6
547 647 6
563 663 5
565 665 7
566 666 6
568 668 6
584 684 6
588 688 5
635 735 5
640 740 5
667 767 6
684 784 5
698 798 5
702 802 6
712 812 5
724 824 6
739 839 5
745 845 6
761 861 6
780 880 5
791 891 6
802 902 5
847 947 5
848 948 5
861 961 6
875 975 6
886 986 5
897 997 6
938 1038 6
970 1070 5
