2000 100 5414793
20 142 228
20 123 171
20 147 169
20 57 198
20 112 235
20 80 247
20 62 198
20 118 212
20 126 166
20 132 150
20 114 201
20 116 210
20 138 214
20 139 191
20 121 235
20 72 192
20 103 223
20 70 192
20 80 226
20 86 177
20 128 171
20 104 196
20 116 176
20 85 194
20 81 204
20 87 235
20 111 225
20 62 153
20 84 177
20 134 193
20 87 238
20 91 215
20 93 163
20 64 212
20 148 155
20 130 231
20 141 157
20 141 219
20 70 198
20 147 217
20 67 245
20 127 226
20 147 205
20 95 186
20 129 230
20 145 153
20 95 223
20 126 205
20 148 197
20 133 194
20 123 169
20 143 199
20 148 172
20 92 225
20 107 171
20 123 249
20 98 209
20 92 152
20 130 217
20 146 178
20 74 242
20 129 162
20 139 227
20 108 247
20 132 236
20 132 249
20 148 235
20 116 186
20 77 187
20 88 224
20 64 176
20 55 206
20 109 218
20 106 208
20 71 186
20 87 150
20 122 249
20 71 190
20 56 215
20 139 226
20 51 231
20 54 187
20 57 223
20 149 247
20 101 177
20 98 194
20 144 180
20 127 178
20 77 242
20 82 220
20 147 213
20 65 190
20 133 186
20 58 236
20 147 181
20 121 216
20 138 234
20 125 196
20 87 233
20 103 214
278 1278 18
391 1391 15
761 1761 17
825 1825 14
1395 2395 13
3045 4045 17
3264 4264 14
4209 5209 15
4307 5307 17
5072 6072 15
5286 6286 16
5609 6609 15
6131 7131 17
6912 7912 17
7164 8164 16
7713 8713 17
8202 9202 13
8242 9242 15
9094 10094 18
9912 10912 17
537 1537 17
709 1709 17
1328 2328 18
1661 2661 16
1939 2939 17
2240 3240 17
2491 3491 18
3370 4370 16
3701 4701 16
4148 5148 17
4471 5471 17
4657 5657 18
5668 6668 13
5972 6972 18
6083 7083 14
7700 8700 13
8167 9167 14
8363 9363 18
9246 10246 17
9442 10442 14
243 1243 18
1604 2604 18
2069 3069 16
3779 4779 17
4261 5261 13
4435 5435 18
4834 5834 15
4886 5886 14
4936 5936 18
5454 6454 15
5489 6489 17
5709 6709 16
5775 6775 16
6060 7060 18
6080 7080 13
6130 7130 18
6370 7370 18
7459 8459 15
7518 8518 15
8034 9034 15
25 1025 18
513 1513 13
667 1667 17
673 1673 18
856 1856 16
903 1903 16
1127 2127 15
1138 2138 16
1865 2865 18
1948 2948 15
3129 4129 15
3628 4628 18
3968 4968 18
4643 5643 14
4968 5968 14
5808 6808 16
5892 6892 16
6030 7030 16
7052 8052 14
9986 10986 17
159 1159 18
216 1216 15
430 1430 19
586 1586 15
1444 2444 13
2105 3105 15
2140 3140 17
2215 3215 14
3762 4762 14
4157 5157 14
4678 5678 14
4925 5925 15
5159 6159 16
7313 8313 18
7664 8664 18
8158 9158 14
8402 9402 16
9101 10101 13
9181 10181 15
9271 10271 18
18 1018 18
102 1102 15
1947 2947 14
2312 3312 17
4104 5104 15
4266 5266 14
4276 5276 17
4445 5445 19
5208 6208 19
6848 7848 15
7216 8216 13
7435 8435 13
7454 8454 16
7531 8531 17
7899 8899 17
8231 9231 14
8290 9290 14
8291 9291 13
9414 10414 18
9435 10435 18
259 1259 13
320 1320 15
387 1387 14
625 1625 13
694 1694 16
954 1954 16
1069 2069 14
1158 2158 14
1874 2874 19
2962 3962 18
3101 4101 17
3265 4265 18
3956 4956 16
5551 6551 16
5922 6922 16
8410 9410 18
9199 10199 15
9330 10330 18
9354 10354 19
9675 10675 18
366 1366 18
1132 2132 16
1803 2803 18
2173 3173 18
2423 3423 15
3194 4194 16
4607 5607 17
4641 5641 15
4794 5794 16
5305 6305 18
7633 8633 14
7837 8837 14
8057 9057 17
8631 9631 14
8645 9645 19
9156 10156 18
9631 10631 15
9710 10710 14
9721 10721 18
9823 10823 15
239 1239 17
526 1526 18
847 1847 14
1070 2070 15
1164 2164 14
1229 2229 18
1507 2507 19
1634 2634 17
2957 3957 16
4019 5019 15
4546 5546 15
4552 5552 15
4977 5977 17
5774 6774 14
5838 6838 14
7205 8205 16
7371 8371 16
7910 8910 15
8445 9445 17
8822 9822 14
1773 2773 13
2215 3215 16
2339 3339 14
2898 3898 17
2939 3939 15
2975 3975 17
3043 4043 14
3061 4061 18
3970 4970 17
4394 5394 16
4705 5705 15
4779 5779 16
4958 5958 15
5557 6557 15
5664 6664 16
6328 7328 14
6713 7713 14
7991 8991 14
8164 9164 17
8958 9958 17
1439 2439 18
1480 2480 15
1959 2959 14
2774 3774 14
3060 4060 19
3173 4173 15
3963 4963 16
4100 5100 13
4237 5237 18
5877 6877 13
6363 7363 18
7068 8068 16
8236 9236 16
8509 9509 15
8775 9775 13
8778 9778 16
8881 9881 16
9176 10176 17
9899 10899 14
9971 10971 13
10 1010 15
35 1035 17
817 1817 15
2044 3044 19
2128 3128 16
2265 3265 14
2992 3992 14
2993 3993 16
3738 4738 18
4533 5533 17
4732 5732 15
6665 7665 14
6698 7698 16
6798 7798 16
7123 8123 17
7915 8915 17
8265 9265 14
8658 9658 18
9293 10293 17
9591 10591 13
102 1102 13
308 1308 13
1111 2111 17
1455 2455 14
1527 2527 14
2031 3031 17
2166 3166 14
2174 3174 14
2578 3578 14
3222 4222 15
3765 4765 14
4107 5107 15
4233 5233 17
5095 6095 13
5982 6982 17
7267 8267 18
7855 8855 18
8392 9392 15
8550 9550 16
9154 10154 18
335 1335 18
964 1964 19
1516 2516 16
2247 3247 15
2918 3918 13
3017 4017 17
3407 4407 17
3458 4458 13
3884 4884 16
5180 6180 15
5937 6937 17
6065 7065 16
6104 7104 18
6707 7707 18
6960 7960 15
7142 8142 16
7259 8259 18
7370 8370 18
9076 10076 14
9830 10830 15
1389 2389 16
1770 2770 16
2373 3373 16
2898 3898 13
2970 3970 16
3903 4903 15
4097 5097 18
4277 5277 15
4451 5451 18
5473 6473 15
5527 6527 18
5550 6550 18
5720 6720 19
6333 7333 14
7108 8108 14
7964 8964 17
9333 10333 14
9498 10498 16
9505 10505 18
9558 10558 16
456 1456 18
476 1476 19
1053 2053 13
2220 3220 16
2809 3809 18
3405 4405 18
3466 4466 15
3940 4940 15
3983 4983 15
4363 5363 18
4881 5881 16
5332 6332 17
6068 7068 17
6127 7127 17
6431 7431 18
6504 7504 14
6676 7676 14
7974 8974 15
8494 9494 14
9102 10102 14
1013 2013 15
1096 2096 17
1133 2133 18
2197 3197 16
2592 3592 16
3511 4511 14
3846 4846 15
4996 5996 13
5072 6072 16
5111 6111 14
7308 8308 17
7478 8478 17
7773 8773 18
8059 9059 17
8431 9431 17
8591 9591 16
8715 9715 15
9028 10028 15
9948 10948 16
9968 10968 17
165 1165 16
1941 2941 15
2495 3495 15
2807 3807 16
3677 4677 19
3750 4750 18
3956 4956 14
4106 5106 13
4240 5240 17
4537 5537 16
4939 5939 19
6091 7091 19
6904 7904 14
7605 8605 17
8036 9036 14
8091 9091 16
8093 9093 18
8605 9605 16
8766 9766 15
8905 9905 15
399 1399 14
666 1666 14
689 1689 15
1383 2383 14
2333 3333 15
2607 3607 18
2626 3626 18
3616 4616 18
4163 5163 16
4876 5876 16
6048 7048 18
6428 7428 18
6518 7518 16
6779 7779 15
6884 7884 17
8095 9095 13
8373 9373 16
8479 9479 16
9296 10296 14
9612 10612 18
1127 2127 18
2250 3250 19
2276 3276 15
2599 3599 18
2617 3617 18
3620 4620 18
3838 4838 16
4354 5354 14
4492 5492 15
4516 5516 18
5143 6143 15
5896 6896 16
6052 7052 18
8161 9161 13
8280 9280 14
8311 9311 16
8413 9413 15
8510 9510 15
9516 10516 15
9780 10780 16
551 1551 17
826 1826 16
990 1990 18
1045 2045 17
1530 2530 18
1745 2745 15
2194 3194 17
2421 3421 16
2692 3692 15
3257 4257 15
3411 4411 15
3735 4735 16
3923 4923 14
5520 6520 14
5610 6610 17
6440 7440 14
7033 8033 17
7176 8176 18
8127 9127 17
8672 9672 14
525 1525 14
1244 2244 16
2233 3233 15
2343 3343 16
2418 3418 16
2963 3963 17
3048 4048 16
3555 4555 17
3691 4691 15
3951 4951 19
4083 5083 17
4420 5420 16
4805 5805 13
5500 6500 17
6254 7254 16
7222 8222 16
8222 9222 15
8274 9274 14
8511 9511 18
9761 10761 14
50 1050 17
406 1406 19
496 1496 18
611 1611 15
1625 2625 18
3707 4707 19
3913 4913 16
4853 5853 16
5017 6017 17
5383 6383 16
5906 6906 17
5915 6915 16
6850 7850 14
6900 7900 16
7214 8214 14
7455 8455 18
7977 8977 17
9137 10137 17
9585 10585 16
9798 10798 14
860 1860 17
955 1955 14
1658 2658 17
2042 3042 15
2324 3324 19
3512 4512 19
3664 4664 19
3872 4872 18
5107 6107 16
5511 6511 17
6001 7001 14
6341 7341 18
7056 8056 16
7309 8309 15
7564 8564 16
7829 8829 15
9191 10191 14
9361 10361 18
9401 10401 15
9551 10551 14
353 1353 13
463 1463 14
1071 2071 16
1515 2515 13
2220 3220 15
2279 3279 17
2431 3431 17
3394 4394 14
3710 4710 14
4786 5786 19
5024 6024 16
5144 6144 15
5369 6369 15
6054 7054 19
6239 7239 13
6764 7764 18
7776 8776 16
7862 8862 13
8269 9269 15
9912 10912 14
162 1162 14
1065 2065 18
1130 2130 15
2284 3284 15
2375 3375 18
2526 3526 15
2764 3764 16
3926 4926 15
4057 5057 14
4430 5430 18
4739 5739 13
5077 6077 17
5395 6395 16
5629 6629 19
6627 7627 17
6735 7735 14
7053 8053 17
7276 8276 16
8000 9000 18
8341 9341 13
520 1520 13
1212 2212 15
1237 2237 15
1823 2823 15
2085 3085 16
2691 3691 17
2748 3748 18
2919 3919 17
3498 4498 14
3624 4624 14
4129 5129 17
4763 5763 13
6341 7341 14
6357 7357 16
7423 8423 16
7512 8512 16
8001 9001 15
8710 9710 16
8988 9988 14
9462 10462 17
134 1134 17
525 1525 17
642 1642 18
943 1943 14
1001 2001 15
1346 2346 15
1784 2784 18
2134 3134 18
2706 3706 18
2925 3925 16
3073 4073 14
3432 4432 19
4411 5411 14
5446 6446 16
5454 6454 14
5748 6748 18
5779 6779 14
6856 7856 14
9379 10379 18
9790 10790 16
110 1110 18
710 1710 15
1268 2268 13
1403 2403 16
1406 2406 18
1689 2689 17
2262 3262 14
4335 5335 13
4986 5986 15
6866 7866 14
6885 7885 19
7510 8510 14
7837 8837 13
7953 8953 17
7975 8975 15
8863 9863 14
9101 10101 17
9144 10144 19
9168 10168 17
9321 10321 14
622 1622 14
1016 2016 14
1547 2547 15
1652 2652 18
1868 2868 14
2098 3098 18
2303 3303 18
3014 4014 15
3210 4210 18
4466 5466 14
4568 5568 14
5153 6153 14
5598 6598 15
6274 7274 16
6416 7416 16
6744 7744 14
7129 8129 17
8523 9523 16
8741 9741 14
8933 9933 14
156 1156 18
182 1182 14
589 1589 18
613 1613 13
708 1708 18
1091 2091 18
1260 2260 19
1300 2300 18
1557 2557 18
1657 2657 14
1836 2836 15
2328 3328 13
3691 4691 18
4398 5398 15
7492 8492 15
7907 8907 14
8149 9149 15
8203 9203 18
8920 9920 18
9699 10699 18
412 1412 18
895 1895 16
1858 2858 15
2013 3013 15
2818 3818 17
2875 3875 17
4075 5075 14
4993 5993 18
5044 6044 16
5272 6272 15
5773 6773 14
6787 7787 17
7161 8161 14
7527 8527 13
7969 8969 16
8178 9178 16
8250 9250 16
8699 9699 18
8754 9754 15
9709 10709 18
757 1757 14
906 1906 18
1289 2289 18
1355 2355 17
2217 3217 15
3798 4798 14
3901 4901 16
3905 4905 17
4012 5012 13
4133 5133 14
4702 5702 14
4823 5823 16
6328 7328 17
6360 7360 17
6696 7696 19
7089 8089 18
7315 8315 16
7867 8867 16
7889 8889 17
9188 10188 15
186 1186 18
413 1413 14
834 1834 17
2526 3526 15
2943 3943 18
3839 4839 16
4077 5077 15
4163 5163 18
4327 5327 18
4451 5451 19
5689 6689 17
5991 6991 13
6236 7236 16
7447 8447 16
7646 8646 18
8409 9409 17
8511 9511 17
9214 10214 17
9802 10802 14
9845 10845 17
383 1383 13
394 1394 18
826 1826 18
1095 2095 16
1855 2855 19
1869 2869 14
1995 2995 17
2273 3273 14
2677 3677 17
2939 3939 15
3530 4530 14
4621 5621 15
4671 5671 14
5428 6428 19
5722 6722 15
5966 6966 18
6872 7872 14
6992 7992 14
8623 9623 16
9498 10498 17
56 1056 14
1081 2081 15
1612 2612 15
2297 3297 18
3565 4565 13
5140 6140 15
5371 6371 18
5729 6729 15
5762 6762 17
6057 7057 15
6084 7084 14
6181 7181 17
6730 7730 16
6799 7799 15
6823 7823 16
7713 8713 18
8238 9238 15
8729 9729 18
8879 9879 17
8977 9977 16
593 1593 14
910 1910 17
2378 3378 13
2821 3821 15
3475 4475 14
3813 4813 17
3820 4820 17
4007 5007 15
4709 5709 14
4801 5801 18
4884 5884 17
5464 6464 15
6015 7015 16
6735 7735 17
6792 7792 17
7024 8024 14
8054 9054 17
8578 9578 14
9379 10379 16
9440 10440 17
276 1276 17
1450 2450 16
1982 2982 15
3029 4029 17
3136 4136 16
3200 4200 18
3902 4902 17
4139 5139 14
4430 5430 16
5685 6685 14
6045 7045 16
7783 8783 16
7919 8919 18
8109 9109 18
8264 9264 16
8539 9539 16
8561 9561 18
8568 9568 17
8640 9640 14
9455 10455 14
170 1170 15
187 1187 19
453 1453 18
554 1554 13
1295 2295 19
1320 2320 14
1873 2873 19
1951 2951 16
2591 3591 14
3951 4951 16
4536 5536 14
4617 5617 17
4728 5728 15
5130 6130 16
7290 8290 17
7476 8476 17
8921 9921 18
8921 9921 18
9072 10072 18
9763 10763 16
241 1241 14
518 1518 17
720 1720 16
769 1769 16
1378 2378 16
2840 3840 13
2982 3982 18
3009 4009 15
3148 4148 15
3805 4805 16
3844 4844 15
4732 5732 14
5162 6162 18
5169 6169 15
5726 6726 14
6181 7181 18
6326 7326 17
6823 7823 16
8853 9853 16
9354 10354 18
60 1060 18
369 1369 16
374 1374 16
519 1519 16
804 1804 15
913 1913 17
2683 3683 14
3329 4329 18
3931 4931 15
4656 5656 13
4914 5914 17
5588 6588 17
5769 6769 14
5985 6985 15
6375 7375 14
7325 8325 18
7391 8391 17
8556 9556 15
9488 10488 14
9952 10952 17
469 1469 18
645 1645 13
878 1878 19
971 1971 17
1349 2349 14
2436 3436 17
2500 3500 17
2511 3511 13
2706 3706 17
2762 3762 17
3308 4308 17
3588 4588 17
4225 5225 18
5315 6315 14
5708 6708 18
6642 7642 14
6960 7960 19
7895 8895 18
8927 9927 18
9489 10489 18
225 1225 18
290 1290 14
718 1718 16
2018 3018 15
2189 3189 15
3192 4192 16
5081 6081 18
5196 6196 17
5430 6430 17
5574 6574 18
5612 6612 17
5855 6855 16
6004 7004 15
6485 7485 15
6613 7613 18
6656 7656 15
7231 8231 15
7931 8931 17
8119 9119 17
8648 9648 18
231 1231 18
2295 3295 17
3672 4672 15
4247 5247 15
4775 5775 16
5111 6111 16
5159 6159 14
5437 6437 17
5970 6970 16
6236 7236 17
6324 7324 16
6885 7885 15
7014 8014 13
7415 8415 13
8520 9520 17
8836 9836 19
8967 9967 19
9397 10397 13
9405 10405 15
9522 10522 15
198 1198 16
472 1472 17
1032 2032 18
1653 2653 18
1863 2863 18
1914 2914 18
2047 3047 16
2618 3618 14
3571 4571 17
4807 5807 15
5057 6057 18
6257 7257 17
7279 8279 15
7495 8495 14
8066 9066 16
8604 9604 18
9550 10550 16
9579 10579 17
9604 10604 14
9867 10867 14
128 1128 14
492 1492 14
515 1515 14
1208 2208 15
1295 2295 16
1696 2696 16
2318 3318 14
3004 4004 16
3517 4517 16
4547 5547 18
5094 6094 16
6544 7544 18
7415 8415 18
8208 9208 17
8469 9469 17
8864 9864 15
8945 9945 16
9207 10207 15
9309 10309 14
9700 10700 14
1105 2105 16
1131 2131 18
1423 2423 14
1470 2470 14
2114 3114 16
2634 3634 15
3484 4484 15
3872 4872 17
4180 5180 16
4894 5894 15
5803 6803 16
6537 7537 17
6650 7650 17
7742 8742 17
8056 9056 16
8679 9679 15
9011 10011 14
9251 10251 16
9541 10541 17
9560 10560 16
744 1744 15
1088 2088 15
2118 3118 15
3186 4186 16
4189 5189 14
4441 5441 15
4959 5959 19
5366 6366 18
5984 6984 19
6209 7209 15
6267 7267 16
6374 7374 18
6737 7737 17
6804 7804 14
7123 8123 16
7325 8325 15
7639 8639 17
8639 9639 17
9136 10136 15
9402 10402 18
121 1121 14
270 1270 15
1024 2024 15
1329 2329 18
1746 2746 18
1846 2846 17
1979 2979 13
2195 3195 18
2384 3384 14
2785 3785 14
3265 4265 15
3598 4598 18
3832 4832 13
4365 5365 17
4809 5809 16
7083 8083 17
7938 8938 15
8422 9422 14
8565 9565 15
8794 9794 17
651 1651 14
1602 2602 14
1738 2738 19
1840 2840 15
2057 3057 15
2849 3849 15
3089 4089 17
3232 4232 16
4294 5294 18
5747 6747 19
5895 6895 16
6257 7257 14
6822 7822 14
7418 8418 18
7474 8474 17
8040 9040 14
8192 9192 16
8235 9235 16
8696 9696 18
9780 10780 16
7 1007 14
288 1288 16
503 1503 16
540 1540 17
1157 2157 15
1243 2243 13
1687 2687 15
2538 3538 18
2738 3738 17
3440 4440 13
3531 4531 18
3607 4607 17
3614 4614 17
5013 6013 14
5257 6257 17
5802 6802 16
6388 7388 15
9125 10125 14
9299 10299 16
9593 10593 16
185 1185 13
885 1885 13
1995 2995 15
2223 3223 15
3269 4269 18
3428 4428 15
3778 4778 16
4354 5354 14
4643 5643 14
5701 6701 13
5735 6735 15
6250 7250 18
6530 7530 18
6959 7959 15
7249 8249 14
7973 8973 17
8542 9542 17
8795 9795 15
8931 9931 14
9926 10926 15
9 1009 18
763 1763 17
1312 2312 13
1466 2466 18
1636 2636 19
2090 3090 15
3086 4086 18
4648 5648 15
4771 5771 18
5919 6919 17
6234 7234 17
6435 7435 14
6506 7506 17
6687 7687 15
6735 7735 17
7810 8810 13
8233 9233 16
9467 10467 13
9489 10489 17
9916 10916 15
136 1136 15
1653 2653 15
1765 2765 14
2235 3235 18
2243 3243 16
2606 3606 18
3892 4892 19
4393 5393 14
4570 5570 18
4944 5944 16
4961 5961 16
5640 6640 18
5962 6962 17
6354 7354 14
6755 7755 14
7893 8893 18
8434 9434 18
8592 9592 19
9491 10491 18
9501 10501 17
763 1763 15
1221 2221 15
1501 2501 16
2556 3556 16
2995 3995 18
3001 4001 17
3031 4031 14
3125 4125 16
3555 4555 18
4183 5183 16
4366 5366 13
5691 6691 19
5769 6769 14
6240 7240 18
6391 7391 18
7499 8499 18
8194 9194 14
8216 9216 18
8305 9305 14
8405 9405 17
270 1270 16
684 1684 14
4346 5346 17
4827 5827 15
5261 6261 17
5499 6499 16
5776 6776 18
5937 6937 15
6017 7017 17
6067 7067 14
6103 7103 15
6468 7468 15
6736 7736 16
7671 8671 14
7941 8941 16
8956 9956 16
9118 10118 19
9231 10231 16
9538 10538 17
9825 10825 14
105 1105 18
1835 2835 16
2312 3312 18
2487 3487 16
4435 5435 16
4546 5546 14
5930 6930 19
6147 7147 18
7851 8851 17
7890 8890 15
7927 8927 16
7955 8955 17
8010 9010 14
8025 9025 18
8495 9495 15
8923 9923 15
9491 10491 16
9894 10894 18
9961 10961 16
9965 10965 19
729 1729 15
957 1957 18
974 1974 18
1382 2382 18
1421 2421 18
2560 3560 13
3605 4605 14
3681 4681 14
4190 5190 14
4310 5310 17
5595 6595 16
6022 7022 18
6444 7444 16
6548 7548 14
7024 8024 14
7025 8025 15
7327 8327 13
7651 8651 18
7941 8941 18
8534 9534 17
74 1074 17
658 1658 16
953 1953 18
965 1965 18
1271 2271 15
1543 2543 14
2136 3136 15
2538 3538 19
4061 5061 15
4712 5712 15
4898 5898 13
5732 6732 14
7078 8078 15
7132 8132 14
7275 8275 15
7413 8413 16
7757 8757 14
7851 8851 15
8523 9523 19
9727 10727 15
2012 3012 18
2070 3070 18
2381 3381 16
2620 3620 14
2622 3622 13
3201 4201 17
3319 4319 14
3663 4663 15
4337 5337 14
4604 5604 17
4953 5953 16
5200 6200 16
5454 6454 13
6581 7581 14
7253 8253 15
7564 8564 14
8433 9433 16
8503 9503 18
8735 9735 14
9431 10431 15
34 1034 15
1312 2312 16
1491 2491 16
1748 2748 18
2220 3220 17
2715 3715 16
3271 4271 18
3565 4565 17
4142 5142 18
4971 5971 15
5829 6829 19
6115 7115 14
6170 7170 16
6818 7818 16
7037 8037 14
7526 8526 18
8308 9308 15
8473 9473 18
8483 9483 18
8993 9993 17
1056 2056 14
2579 3579 15
2679 3679 17
2690 3690 15
3105 4105 16
3214 4214 18
3730 4730 14
3831 4831 17
4729 5729 15
5297 6297 18
5774 6774 18
6625 7625 14
6647 7647 16
7416 8416 16
8617 9617 13
8731 9731 15
8803 9803 18
8805 9805 16
8927 9927 16
9712 10712 16
673 1673 18
1579 2579 17
2150 3150 18
3204 4204 18
3289 4289 16
3381 4381 15
3771 4771 18
4791 5791 17
4922 5922 16
5343 6343 14
5411 6411 17
5451 6451 14
5585 6585 14
6580 7580 15
7281 8281 13
7791 8791 16
7878 8878 15
7974 8974 16
8940 9940 13
9511 10511 18
928 1928 16
1098 2098 14
2068 3068 16
2574 3574 16
2791 3791 16
3357 4357 15
3751 4751 18
4430 5430 17
4448 5448 16
4851 5851 17
4890 5890 15
4974 5974 16
5077 6077 18
5356 6356 17
6028 7028 18
6251 7251 13
7356 8356 15
8784 9784 16
9626 10626 16
9655 10655 14
200 1200 17
1055 2055 17
1451 2451 14
2496 3496 18
2602 3602 14
3370 4370 14
3870 4870 14
4143 5143 15
4955 5955 17
5121 6121 16
5564 6564 14
6544 7544 17
7263 8263 18
7705 8705 14
8499 9499 18
8666 9666 19
8670 9670 18
8676 9676 15
8736 9736 16
9276 10276 13
210 1210 14
1075 2075 17
1410 2410 14
1466 2466 18
1972 2972 16
2319 3319 14
2385 3385 13
2606 3606 15
3835 4835 15
4021 5021 16
4269 5269 17
5068 6068 17
5381 6381 15
5723 6723 15
5870 6870 14
7375 8375 14
8379 9379 15
8816 9816 14
8985 9985 17
9234 10234 18
1226 2226 16
2509 3509 15
3074 4074 17
3242 4242 15
3988 4988 14
4031 5031 19
4093 5093 18
5060 6060 16
5344 6344 17
5675 6675 14
5793 6793 18
5906 6906 17
6751 7751 14
6856 7856 17
7206 8206 16
7386 8386 18
8032 9032 18
9158 10158 14
9277 10277 18
9625 10625 16
103 1103 15
404 1404 14
1660 2660 16
1868 2868 13
2039 3039 15
2509 3509 16
2738 3738 16
4175 5175 18
4445 5445 17
4546 5546 16
6252 7252 17
6298 7298 15
6390 7390 17
6888 7888 14
6928 7928 17
7315 8315 17
7602 8602 16
8004 9004 16
9000 10000 18
9713 10713 18
805 1805 16
1375 2375 18
1720 2720 18
2201 3201 17
2252 3252 17
3335 4335 19
3823 4823 18
4666 5666 16
4686 5686 16
5811 6811 16
6130 7130 15
6615 7615 14
6721 7721 13
6834 7834 16
7951 8951 17
8269 9269 13
9009 10009 16
9419 10419 15
9751 10751 18
9971 10971 14
340 1340 18
2114 3114 17
2499 3499 14
2735 3735 14
4210 5210 17
4686 5686 16
4788 5788 18
5173 6173 17
5665 6665 16
5910 6910 18
5957 6957 16
6419 7419 16
6544 7544 18
6962 7962 18
7049 8049 13
7196 8196 18
7530 8530 14
7909 8909 13
8964 9964 14
9244 10244 14
80 1080 18
621 1621 16
918 1918 15
1311 2311 17
1610 2610 14
2734 3734 13
2739 3739 19
2885 3885 17
3553 4553 17
3895 4895 19
4648 5648 17
4674 5674 18
5181 6181 18
5560 6560 14
6414 7414 17
6483 7483 17
7370 8370 18
7503 8503 16
9492 10492 17
9765 10765 15
619 1619 13
1923 2923 18
3012 4012 15
3283 4283 17
3686 4686 15
3782 4782 15
4141 5141 14
4271 5271 13
4911 5911 17
5936 6936 14
6141 7141 16
6339 7339 17
6552 7552 13
8215 9215 17
8217 9217 14
8464 9464 14
8591 9591 16
8912 9912 17
8952 9952 15
9519 10519 19
255 1255 17
356 1356 15
606 1606 16
1097 2097 16
1659 2659 18
2107 3107 16
2940 3940 17
3504 4504 18
3797 4797 19
4119 5119 14
4926 5926 16
5439 6439 17
6465 7465 15
7133 8133 17
8026 9026 15
8032 9032 15
8520 9520 15
9220 10220 16
9593 10593 14
9798 10798 15
358 1358 17
380 1380 16
996 1996 15
2633 3633 17
2814 3814 16
2940 3940 18
3092 4092 13
3166 4166 18
3292 4292 13
3327 4327 13
3731 4731 13
4343 5343 15
5260 6260 15
5801 6801 17
6225 7225 16
7952 8952 18
7978 8978 17
8366 9366 18
8834 9834 16
9038 10038 14
775 1775 15
1388 2388 14
1936 2936 17
2791 3791 15
3182 4182 18
3388 4388 17
4146 5146 19
4302 5302 15
4877 5877 13
5122 6122 15
5587 6587 16
5994 6994 15
6130 7130 18
6238 7238 18
6521 7521 16
6637 7637 18
6929 7929 18
8544 9544 15
8560 9560 14
9805 10805 14
1054 2054 15
1190 2190 14
2017 3017 17
2032 3032 17
2081 3081 16
2753 3753 14
2993 3993 18
4975 5975 17
5449 6449 16
6003 7003 17
6053 7053 17
6213 7213 14
6595 7595 15
6731 7731 15
7115 8115 18
7209 8209 17
8223 9223 15
8513 9513 13
8797 9797 15
9552 10552 13
235 1235 16
1032 2032 16
2121 3121 18
2202 3202 14
2346 3346 14
2748 3748 15
2875 3875 14
3397 4397 13
3782 4782 14
4340 5340 18
4665 5665 15
5314 6314 18
5683 6683 17
6213 7213 14
6374 7374 14
6472 7472 13
8400 9400 14
8443 9443 16
9041 10041 14
9320 10320 18
526 1526 16
745 1745 16
968 1968 19
2656 3656 15
2904 3904 14
4034 5034 14
4208 5208 17
4378 5378 17
4507 5507 16
4911 5911 17
5167 6167 14
6872 7872 15
7283 8283 15
7772 8772 14
7815 8815 18
7980 8980 14
7980 8980 15
9370 10370 19
9514 10514 14
9855 10855 13
11 1011 19
335 1335 16
508 1508 18
1153 2153 18
1334 2334 18
2000 3000 18
2159 3159 18
2909 3909 18
3179 4179 14
4903 5903 19
5065 6065 15
5276 6276 18
5573 6573 15
7584 8584 15
8204 9204 15
8983 9983 15
9175 10175 15
9186 10186 14
9648 10648 14
9672 10672 15
158 1158 13
702 1702 17
1754 2754 14
3207 4207 17
3306 4306 19
3418 4418 18
3565 4565 15
4959 5959 16
5837 6837 14
6258 7258 13
6648 7648 18
6667 7667 16
6729 7729 17
7056 8056 18
7218 8218 15
7328 8328 18
8346 9346 17
8670 9670 16
9269 10269 15
9355 10355 14
74 1074 16
342 1342 19
537 1537 18
1217 2217 15
1679 2679 19
2199 3199 16
2676 3676 17
2960 3960 17
3012 4012 15
3487 4487 16
3846 4846 13
3925 4925 15
3960 4960 16
4442 5442 18
4589 5589 16
7415 8415 14
8512 9512 15
8996 9996 14
9005 10005 16
9797 10797 17
915 1915 16
1676 2676 15
2809 3809 17
2832 3832 18
2966 3966 15
3656 4656 17
3675 4675 14
5252 6252 13
5354 6354 15
5458 6458 16
6534 7534 17
7773 8773 16
8132 9132 16
8171 9171 14
8233 9233 16
8703 9703 19
8730 9730 17
9157 10157 15
9168 10168 15
9348 10348 19
184 1184 18
648 1648 17
1246 2246 14
3542 4542 14
4635 5635 16
4872 5872 18
4909 5909 18
5743 6743 17
6161 7161 17
6310 7310 18
6315 7315 18
6344 7344 17
6504 7504 14
7114 8114 18
7512 8512 14
8017 9017 18
8814 9814 18
9377 10377 15
9709 10709 16
9922 10922 18
719 1719 15
876 1876 17
1044 2044 14
1619 2619 14
3067 4067 16
3418 4418 13
3711 4711 18
3787 4787 15
4596 5596 15
5205 6205 14
6432 7432 16
6623 7623 18
7865 8865 18
8428 9428 14
8718 9718 16
9280 10280 14
9288 10288 18
9572 10572 17
9791 10791 17
9806 10806 17
346 1346 17
721 1721 17
894 1894 18
1179 2179 15
3506 4506 16
3872 4872 18
4029 5029 14
4048 5048 15
4195 5195 14
4297 5297 14
4625 5625 15
5416 6416 17
6266 7266 15
6635 7635 15
7180 8180 13
7624 8624 17
8373 9373 13
8894 9894 14
9498 10498 16
9950 10950 16
239 1239 16
910 1910 18
1282 2282 15
1617 2617 14
2142 3142 15
2512 3512 14
2894 3894 13
2905 3905 17
3176 4176 19
5015 6015 16
5517 6517 16
5887 6887 14
6943 7943 18
6945 7945 15
7441 8441 16
7793 8793 18
7811 8811 18
7892 8892 18
8415 9415 17
9462 10462 14
63 1063 18
580 1580 16
687 1687 17
2094 3094 17
2886 3886 18
2907 3907 16
4314 5314 14
4671 5671 18
5213 6213 15
5936 6936 16
6047 7047 17
6374 7374 14
6591 7591 14
6657 7657 18
7063 8063 15
7647 8647 18
8766 9766 19
8874 9874 17
9106 10106 15
9840 10840 15
175 1175 14
845 1845 16
1815 2815 18
2605 3605 16
2809 3809 14
3346 4346 16
4058 5058 16
4477 5477 14
4609 5609 16
4617 5617 18
4894 5894 16
5451 6451 14
7270 8270 16
7380 8380 18
7755 8755 15
8149 9149 13
8869 9869 15
8916 9916 15
9218 10218 19
9903 10903 15
38 1038 17
43 1043 17
212 1212 14
271 1271 17
456 1456 15
1985 2985 15
3756 4756 16
3867 4867 16
4020 5020 14
4271 5271 16
4636 5636 18
5140 6140 15
5371 6371 18
5587 6587 15
6219 7219 13
6319 7319 16
6762 7762 14
6900 7900 17
7634 8634 14
9000 10000 16
297 1297 18
372 1372 15
484 1484 15
1473 2473 17
1945 2945 15
2421 3421 15
2652 3652 16
3035 4035 17
3902 4902 14
3960 4960 15
4121 5121 15
4189 5189 16
4253 5253 16
4702 5702 17
4911 5911 16
5408 6408 16
5901 6901 14
6528 7528 14
8291 9291 16
9740 10740 14
150 1150 16
306 1306 17
373 1373 17
1180 2180 18
2865 3865 15
3037 4037 18
3189 4189 17
3273 4273 14
3590 4590 18
4733 5733 14
5258 6258 16
5661 6661 16
6274 7274 16
7193 8193 17
7497 8497 17
7941 8941 15
8402 9402 18
8826 9826 15
9094 10094 18
9974 10974 15
103 1103 15
789 1789 16
876 1876 17
1013 2013 16
1399 2399 17
1580 2580 19
1664 2664 15
2099 3099 15
2372 3372 19
2836 3836 16
3567 4567 15
4314 5314 17
4324 5324 14
4451 5451 16
5338 6338 16
6646 7646 14
6997 7997 16
7330 8330 16
9182 10182 16
9902 10902 15
503 1503 15
556 1556 16
608 1608 18
663 1663 15
947 1947 16
1211 2211 16
2153 3153 14
2281 3281 19
3271 4271 17
3650 4650 14
3688 4688 15
4500 5500 16
4518 5518 17
4873 5873 16
6638 7638 18
7093 8093 18
7275 8275 17
7521 8521 18
7598 8598 17
9010 10010 18
75 1075 14
547 1547 19
906 1906 17
941 1941 17
1538 2538 16
1740 2740 14
4212 5212 15
4304 5304 16
4325 5325 14
4451 5451 17
4524 5524 14
4742 5742 13
5167 6167 18
6628 7628 16
7088 8088 18
7675 8675 16
7697 8697 15
8241 9241 17
8496 9496 17
8885 9885 16
55 1055 15
659 1659 13
1023 2023 19
1521 2521 16
1919 2919 14
2181 3181 17
3569 4569 17
3756 4756 14
3833 4833 15
3977 4977 17
5740 6740 18
6256 7256 14
6459 7459 15
6534 7534 16
7577 8577 16
8018 9018 16
8820 9820 17
9274 10274 18
9432 10432 13
9985 10985 13
923 1923 18
1170 2170 16
1912 2912 15
2192 3192 14
2869 3869 16
3488 4488 16
3515 4515 16
4491 5491 16
5844 6844 17
6119 7119 14
6767 7767 15
6863 7863 18
6930 7930 17
7205 8205 18
7240 8240 15
7882 8882 16
8745 9745 18
9299 10299 17
9579 10579 18
9996 10996 16
353 1353 13
459 1459 18
955 1955 17
990 1990 17
2426 3426 15
2746 3746 17
3259 4259 17
3916 4916 13
5146 6146 18
5527 6527 18
5533 6533 16
5707 6707 18
5775 6775 17
6472 7472 17
7137 8137 16
8224 9224 14
8554 9554 16
8650 9650 17
9039 10039 14
9321 10321 14
129 1129 16
440 1440 14
535 1535 13
1545 2545 16
1767 2767 15
2125 3125 18
2388 3388 15
3076 4076 18
3097 4097 15
3125 4125 13
4451 5451 15
5027 6027 19
5317 6317 16
5940 6940 15
5974 6974 15
6355 7355 16
7294 8294 18
8345 9345 14
8937 9937 17
9276 10276 14
212 1212 17
1155 2155 17
1287 2287 13
1332 2332 15
1723 2723 16
3191 4191 13
3542 4542 16
3572 4572 17
4389 5389 15
4396 5396 14
5062 6062 17
5761 6761 13
6350 7350 14
8856 9856 15
8882 9882 15
8956 9956 14
9219 10219 14
9542 10542 18
9553 10553 18
9728 10728 17
745 1745 19
880 1880 15
1270 2270 14
2031 3031 15
2198 3198 13
2539 3539 16
2810 3810 18
3456 4456 16
3734 4734 15
3964 4964 17
4617 5617 18
4663 5663 14
5451 6451 15
6565 7565 14
6818 7818 17
7204 8204 16
7824 8824 15
8212 9212 14
9063 10063 18
9578 10578 14
