2000 100 581576
20 87 205
20 135 193
20 133 171
20 73 151
20 121 224
20 88 157
20 149 189
20 113 158
20 124 223
20 144 213
20 120 169
20 75 168
20 55 159
20 145 193
20 112 227
20 78 241
20 124 243
20 123 176
20 65 177
20 95 231
20 111 160
20 119 208
20 63 208
20 132 226
20 68 190
20 101 211
20 97 211
20 144 185
20 150 221
20 59 226
20 109 164
20 63 157
20 128 249
20 63 195
20 76 187
20 60 190
20 97 155
20 81 189
20 120 211
20 82 200
20 114 222
20 114 180
20 150 215
20 60 187
20 69 222
20 126 167
20 96 214
20 110 190
20 147 159
20 142 180
20 98 213
20 65 218
20 125 229
20 132 221
20 144 176
20 93 169
20 119 176
20 67 175
20 80 181
20 122 215
20 90 196
20 64 157
20 125 176
20 116 195
20 78 232
20 147 181
20 118 170
20 85 189
20 94 156
20 75 182
20 122 162
20 54 226
20 66 176
20 56 187
20 64 153
20 113 165
20 56 163
20 58 229
20 119 236
20 90 154
20 102 240
20 86 210
20 108 222
20 146 179
20 147 201
20 141 193
20 98 212
20 70 249
20 64 178
20 132 178
20 74 161
20 52 161
20 79 247
20 81 160
20 133 223
20 84 248
20 120 211
20 117 250
20 54 175
20 52 213
5 105 16
82 182 13
95 195 15
173 273 15
185 285 14
187 287 16
257 357 15
454 554 13
468 568 15
481 581 16
486 586 15
519 619 12
555 655 12
631 731 13
757 857 16
827 927 14
853 953 17
879 979 14
938 1038 15
993 1093 16
33 133 15
42 142 14
125 225 15
206 306 15
217 317 13
266 366 14
267 367 13
278 378 13
284 384 13
297 397 14
315 415 15
324 424 17
333 433 16
437 537 16
454 554 15
633 733 13
690 790 16
870 970 13
892 992 17
911 1011 16
123 223 14
125 225 14
148 248 17
161 261 17
290 390 17
320 420 13
323 423 16
329 429 16
341 441 14
353 453 15
387 487 16
485 585 16
493 593 14
535 635 14
648 748 15
713 813 16
722 822 15
728 828 14
748 848 14
767 867 16
21 121 12
63 163 13
140 240 16
147 247 16
189 289 15
243 343 15
249 349 12
377 477 13
410 510 13
428 528 13
439 539 13
538 638 16
627 727 12
633 733 16
689 789 13
703 803 13
741 841 13
876 976 12
954 1054 15
991 1091 12
17 117 13
70 170 14
161 261 13
198 298 16
240 340 15
243 343 15
315 415 13
403 503 16
423 523 13
463 563 13
494 594 16
537 637 16
555 655 13
768 868 16
809 909 13
878 978 15
893 993 14
941 1041 16
945 1045 13
967 1067 16
73 173 15
103 203 12
125 225 13
216 316 15
341 441 17
360 460 12
367 467 16
561 661 15
619 719 15
653 753 16
682 782 15
693 793 14
700 800 16
705 805 13
752 852 16
774 874 12
826 926 12
826 926 17
926 1026 15
947 1047 12
15 115 12
21 121 16
199 299 15
343 443 15
350 450 16
358 458 16
367 467 17
390 490 14
406 506 15
410 510 15
440 540 17
533 633 15
536 636 17
559 659 13
627 727 16
658 758 14
709 809 13
738 838 16
866 966 14
993 1093 15
17 117 12
23 123 15
58 158 13
202 302 16
213 313 17
309 409 15
323 423 16
366 466 12
454 554 16
459 559 13
501 601 17
507 607 16
553 653 15
588 688 15
602 702 16
610 710 12
645 745 16
700 800 13
884 984 14
926 1026 17
49 149 17
159 259 16
169 269 14
193 293 17
215 315 14
262 362 12
316 416 16
344 444 16
406 506 15
435 535 15
519 619 13
536 636 13
574 674 13
670 770 17
681 781 16
683 783 13
718 818 14
810 910 17
837 937 14
998 1098 15
45 145 13
207 307 15
216 316 17
237 337 15
274 374 15
324 424 13
419 519 16
431 531 15
438 538 15
439 539 13
504 604 16
520 620 15
596 696 16
616 716 16
623 723 15
744 844 16
781 881 12
875 975 12
973 1073 16
991 1091 14
90 190 14
94 194 16
164 264 14
192 292 13
213 313 14
272 372 12
289 389 13
369 469 13
371 471 16
388 488 13
396 496 14
396 496 15
403 503 13
426 526 17
550 650 13
578 678 15
695 795 14
831 931 14
908 1008 15
989 1089 13
30 130 16
128 228 13
129 229 14
254 354 13
255 355 16
269 369 12
328 428 14
331 431 15
360 460 13
367 467 13
375 475 17
455 555 17
505 605 15
701 801 15
840 940 12
892 992 14
900 1000 15
906 1006 13
979 1079 13
994 1094 14
4 104 12
43 143 16
68 168 14
93 193 15
136 236 16
148 248 17
197 297 14
260 360 16
362 462 14
462 562 13
575 675 13
596 696 14
614 714 14
615 715 16
645 745 15
769 869 13
824 924 15
909 1009 13
960 1060 16
979 1079 16
49 149 16
60 160 13
82 182 15
141 241 15
207 307 15
216 316 16
218 318 15
299 399 12
315 415 16
364 464 13
557 657 14
591 691 13
708 808 15
715 815 13
738 838 15
795 895 16
800 900 16
854 954 13
856 956 14
896 996 14
64 164 13
114 214 12
138 238 14
217 317 15
242 342 13
249 349 15
276 376 15
342 442 17
344 444 13
424 524 13
569 669 15
581 681 16
613 713 16
636 736 13
646 746 12
678 778 12
747 847 13
764 864 14
830 930 13
974 1074 13
117 217 15
152 252 14
205 305 15
207 307 13
207 307 13
316 416 17
382 482 15
401 501 15
415 515 14
420 520 14
437 537 14
512 612 14
552 652 13
557 657 16
594 694 15
648 748 14
668 768 14
731 831 16
909 1009 17
965 1065 13
14 114 14
114 214 16
134 234 17
158 258 14
161 261 14
171 271 16
172 272 16
303 403 15
360 460 12
575 675 14
629 729 15
633 733 17
747 847 14
774 874 17
816 916 14
868 968 12
875 975 13
939 1039 17
965 1065 16
976 1076 13
21 121 17
32 132 16
135 235 17
135 235 17
143 243 12
235 335 15
242 342 15
297 397 15
356 456 12
434 534 15
488 588 16
559 659 12
664 764 13
717 817 14
753 853 14
796 896 17
811 911 14
834 934 15
873 973 15
898 998 15
41 141 15
71 171 16
89 189 15
106 206 16
169 269 14
346 446 15
353 453 14
433 533 14
507 607 14
567 667 14
610 710 13
650 750 13
688 788 13
689 789 12
735 835 13
802 902 16
918 1018 17
935 1035 13
966 1066 15
991 1091 14
8 108 14
39 139 14
57 157 13
146 246 16
223 323 14
241 341 13
292 392 12
373 473 17
401 501 16
404 504 16
458 558 13
496 596 17
554 654 16
622 722 13
652 752 15
714 814 16
827 927 12
853 953 14
890 990 17
891 991 13
73 173 17
115 215 14
135 235 13
243 343 14
250 350 14
263 363 14
423 523 14
497 597 16
551 651 14
593 693 14
654 754 17
700 800 13
742 842 13
787 887 16
830 930 16
871 971 15
895 995 14
898 998 15
936 1036 15
992 1092 17
45 145 12
63 163 15
96 196 15
134 234 15
151 251 13
184 284 15
245 345 12
375 475 15
383 483 12
414 514 15
426 526 15
455 555 15
523 623 14
541 641 15
574 674 14
649 749 12
818 918 14
841 941 13
892 992 15
892 992 15
62 162 12
86 186 16
217 317 15
268 368 17
322 422 17
336 436 14
364 464 14
367 467 14
509 609 13
531 631 15
550 650 12
638 738 16
643 743 15
719 819 16
747 847 14
773 873 15
843 943 12
857 957 14
896 996 15
995 1095 13
39 139 17
115 215 13
122 222 13
124 224 16
153 253 16
158 258 16
224 324 15
237 337 12
253 353 15
265 365 15
290 390 17
390 490 17
521 621 17
612 712 13
660 760 17
696 796 13
766 866 13
887 987 12
956 1056 16
995 1095 14
44 144 13
115 215 15
147 247 13
159 259 16
168 268 14
222 322 15
334 434 17
523 623 14
555 655 15
578 678 13
617 717 17
732 832 13
750 850 15
750 850 17
840 940 17
854 954 17
924 1024 17
946 1046 15
948 1048 14
977 1077 14
28 128 14
117 217 17
262 362 14
278 378 17
298 398 12
322 422 12
403 503 12
458 558 12
481 581 14
514 614 14
524 624 15
585 685 14
686 786 16
773 873 17
775 875 12
784 884 13
838 938 14
920 1020 16
938 1038 12
975 1075 15
1 101 16
36 136 16
50 150 13
68 168 16
274 374 13
287 387 14
418 518 14
433 533 13
437 537 17
449 549 13
477 577 13
572 672 16
661 761 14
664 764 14
691 791 13
725 825 16
742 842 13
745 845 14
793 893 13
822 922 13
37 137 15
42 142 15
47 147 17
48 148 15
62 162 16
186 286 15
233 333 13
246 346 12
348 448 15
375 475 17
421 521 15
453 553 13
466 566 16
483 583 16
542 642 15
598 698 16
710 810 16
825 925 17
908 1008 12
959 1059 15
20 120 17
139 239 16
172 272 17
174 274 15
233 333 16
242 342 13
309 409 16
410 510 15
442 542 16
461 561 15
473 573 14
542 642 17
605 705 16
665 765 13
696 796 17
757 857 17
766 866 13
767 867 12
876 976 17
951 1051 17
48 148 13
72 172 17
136 236 16
163 263 12
235 335 13
260 360 13
323 423 17
324 424 12
344 444 16
418 518 16
533 633 17
631 731 13
686 786 14
715 815 16
724 824 14
753 853 13
817 917 15
821 921 14
877 977 15
976 1076 15
63 163 16
200 300 13
207 307 17
306 406 13
322 422 14
328 428 17
398 498 12
437 537 14
487 587 17
508 608 15
580 680 12
626 726 14
643 743 15
653 753 15
722 822 13
725 825 13
733 833 17
837 937 16
855 955 13
950 1050 13
125 225 13
125 225 15
237 337 17
285 385 13
310 410 17
348 448 13
363 463 14
395 495 15
428 528 16
435 535 16
440 540 15
531 631 17
664 764 14
710 810 14
727 827 12
756 856 16
763 863 15
803 903 13
812 912 16
833 933 17
69 169 13
156 256 12
220 320 15
229 329 15
249 349 13
249 349 16
325 425 14
377 477 14
448 548 17
453 553 16
545 645 16
734 834 14
766 866 15
799 899 15
803 903 15
848 948 14
928 1028 13
943 1043 14
944 1044 14
989 1089 16
6 106 13
144 244 14
270 370 15
287 387 13
305 405 13
329 429 14
333 433 15
390 490 16
405 505 12
509 609 17
521 621 15
525 625 13
552 652 12
597 697 17
643 743 12
649 749 15
755 855 13
767 867 16
813 913 14
830 930 15
3 103 14
21 121 14
90 190 16
108 208 17
133 233 13
164 264 15
164 264 15
203 303 17
255 355 16
353 453 13
396 496 16
507 607 17
676 776 17
711 811 17
759 859 17
814 914 13
833 933 15
855 955 14
857 957 15
936 1036 13
28 128 13
40 140 12
46 146 17
223 323 16
231 331 15
252 352 17
307 407 17
335 435 16
383 483 14
426 526 13
472 572 13
774 874 13
831 931 17
853 953 15
862 962 16
877 977 14
879 979 14
982 1082 14
988 1088 17
995 1095 12
39 139 14
73 173 16
132 232 14
228 328 13
270 370 12
295 395 13
319 419 15
356 456 14
465 565 15
542 642 15
611 711 14
626 726 15
681 781 14
714 814 14
735 835 16
738 838 14
822 922 17
884 984 16
939 1039 17
998 1098 13
29 129 16
154 254 14
175 275 13
189 289 12
203 303 13
220 320 15
273 373 15
288 388 12
292 392 17
305 405 16
354 454 15
402 502 13
593 693 13
696 796 17
713 813 14
817 917 12
832 932 17
838 938 16
898 998 16
977 1077 14
35 135 17
53 153 17
100 200 14
104 204 14
105 205 15
227 327 16
240 340 14
369 469 17
380 480 16
469 569 16
587 687 14
591 691 16
735 835 13
736 836 16
768 868 17
827 927 14
848 948 13
849 949 16
989 1089 15
993 1093 15
25 125 14
71 171 13
92 192 17
126 226 15
146 246 17
166 266 14
345 445 15
378 478 16
380 480 13
418 518 13
445 545 13
448 548 13
466 566 14
556 656 17
627 727 15
643 743 13
734 834 14
753 853 15
836 936 14
842 942 16
51 151 15
91 191 17
130 230 15
162 262 14
235 335 17
250 350 16
263 363 17
402 502 16
615 715 15
622 722 13
631 731 17
648 748 16
664 764 17
715 815 17
799 899 13
824 924 17
840 940 16
858 958 13
907 1007 17
943 1043 14
6 106 16
84 184 14
157 257 14
178 278 13
189 289 13
192 292 17
193 293 16
339 439 14
531 631 15
572 672 12
618 718 14
633 733 15
686 786 15
707 807 14
771 871 15
855 955 16
896 996 14
913 1013 15
925 1025 14
973 1073 16
7 107 17
80 180 15
96 196 14
103 203 13
181 281 15
210 310 15
311 411 15
323 423 14
413 513 15
441 541 12
502 602 16
660 760 15
694 794 17
706 806 16
724 824 15
773 873 16
871 971 16
932 1032 16
968 1068 14
985 1085 12
18 118 16
21 121 16
74 174 13
79 179 15
140 240 14
219 319 14
282 382 16
317 417 16
421 521 15
423 523 17
424 524 14
453 553 13
511 611 13
530 630 16
549 649 15
563 663 14
694 794 13
751 851 17
914 1014 15
976 1076 14
72 172 17
111 211 17
150 250 14
180 280 13
207 307 13
214 314 13
218 318 16
230 330 16
326 426 13
411 511 17
445 545 15
483 583 17
531 631 14
604 704 13
609 709 15
743 843 16
781 881 15
798 898 15
817 917 14
973 1073 14
26 126 16
128 228 13
168 268 15
217 317 16
236 336 17
254 354 16
286 386 12
344 444 14
358 458 17
416 516 16
424 524 15
560 660 16
562 662 14
661 761 15
680 780 14
683 783 13
755 855 12
865 965 13
923 1023 16
982 1082 14
35 135 13
50 150 14
163 263 17
172 272 13
213 313 13
279 379 14
315 415 14
348 448 14
372 472 14
384 484 14
387 487 13
411 511 15
471 571 13
502 602 13
642 742 16
779 879 17
781 881 14
808 908 13
846 946 13
937 1037 17
44 144 17
117 217 17
150 250 16
304 404 15
315 415 14
318 418 12
343 443 16
410 510 13
418 518 13
528 628 13
588 688 13
606 706 16
607 707 14
626 726 13
687 787 14
735 835 15
805 905 13
911 1011 13
948 1048 13
996 1096 13
64 164 13
88 188 14
137 237 15
189 289 15
222 322 15
397 497 16
405 505 13
424 524 13
485 585 16
655 755 13
681 781 17
692 792 13
702 802 15
731 831 14
787 887 14
799 899 16
843 943 14
946 1046 15
982 1082 14
985 1085 15
2 102 15
110 210 15
127 227 13
158 258 17
186 286 16
266 366 15
276 376 14
284 384 14
377 477 13
398 498 14
425 525 15
449 549 15
547 647 15
572 672 14
620 720 13
773 873 13
803 903 17
836 936 16
845 945 12
999 1099 17
65 165 16
106 206 12
120 220 15
163 263 14
225 325 12
265 365 14
383 483 15
483 583 13
523 623 13
532 632 15
543 643 13
658 758 15
686 786 16
702 802 17
789 889 16
800 900 14
847 947 15
908 1008 16
956 1056 15
959 1059 14
3 103 13
53 153 16
72 172 15
132 232 14
316 416 14
369 469 16
373 473 13
373 473 13
374 474 12
383 483 15
443 543 15
576 676 12
616 716 16
623 723 13
767 867 14
818 918 13
878 978 14
880 980 12
933 1033 17
966 1066 15
8 108 13
87 187 16
90 190 15
101 201 16
195 295 12
203 303 15
221 321 16
243 343 14
405 505 13
430 530 15
458 558 14
468 568 12
469 569 16
490 590 14
632 732 14
801 901 16
808 908 14
833 933 14
845 945 16
924 1024 15
59 159 15
141 241 12
171 271 16
228 328 15
350 450 17
495 595 12
549 649 14
568 668 12
668 768 17
675 775 12
677 777 17
710 810 16
757 857 15
767 867 17
795 895 15
800 900 14
812 912 13
882 982 12
918 1018 15
944 1044 16
16 116 16
47 147 15
85 185 15
235 335 15
245 345 13
278 378 15
430 530 14
444 544 13
468 568 16
530 630 12
548 648 14
569 669 14
754 854 17
793 893 15
798 898 13
807 907 13
823 923 12
853 953 12
895 995 16
929 1029 16
14 114 12
123 223 13
135 235 15
182 282 15
314 414 12
337 437 15
358 458 15
368 468 17
421 521 16
425 525 15
428 528 15
454 554 15
523 623 17
579 679 15
715 815 12
780 880 16
828 928 14
844 944 17
916 1016 12
997 1097 17
114 214 16
125 225 16
175 275 16
201 301 13
414 514 13
419 519 15
484 584 16
513 613 15
533 633 17
586 686 13
625 725 14
636 736 15
640 740 14
699 799 15
699 799 15
701 801 14
832 932 13
836 936 15
929 1029 14
957 1057 16
84 184 16
194 294 13
207 307 16
248 348 16
349 449 17
351 451 16
371 471 17
461 561 16
540 640 12
546 646 14
565 665 14
594 694 16
603 703 15
743 843 14
775 875 15
792 892 13
812 912 13
855 955 15
873 973 14
930 1030 17
13 113 14
94 194 16
134 234 15
172 272 14
290 390 16
302 402 17
334 434 16
362 462 13
369 469 16
418 518 15
526 626 15
570 670 16
600 700 14
613 713 17
762 862 14
787 887 17
821 921 14
929 1029 14
936 1036 14
986 1086 15
93 193 14
139 239 12
169 269 17
188 288 13
239 339 14
256 356 16
272 372 15
296 396 15
327 427 13
330 430 16
331 431 13
402 502 16
470 570 13
627 727 13
694 794 13
789 889 16
853 953 12
885 985 13
892 992 15
940 1040 12
1 101 15
113 213 15
131 231 15
169 269 12
174 274 16
276 376 16
307 407 12
327 427 17
385 485 16
399 499 14
509 609 14
661 761 12
667 767 14
681 781 14
699 799 16
822 922 17
836 936 16
876 976 14
889 989 12
982 1082 12
27 127 15
29 129 13
144 244 13
223 323 17
225 325 13
308 408 15
330 430 14
427 527 16
482 582 13
544 644 14
582 682 15
601 701 15
618 718 16
664 764 17
719 819 12
766 866 12
808 908 13
896 996 14
910 1010 13
957 1057 15
48 148 12
65 165 15
147 247 17
193 293 15
200 300 13
221 321 17
254 354 13
267 367 14
326 426 12
401 501 14
415 515 14
433 533 15
493 593 14
558 658 14
578 678 17
602 702 14
647 747 14
659 759 15
845 945 14
963 1063 16
2 102 15
39 139 14
58 158 13
72 172 14
218 318 13
245 345 13
303 403 16
314 414 13
375 475 15
452 552 17
645 745 13
654 754 14
703 803 12
733 833 14
742 842 15
793 893 14
854 954 16
901 1001 16
954 1054 14
958 1058 16
70 170 17
83 183 14
214 314 16
256 356 14
330 430 17
333 433 13
336 436 15
439 539 12
461 561 13
474 574 15
496 596 16
618 718 15
703 803 16
714 814 13
774 874 12
798 898 15
827 927 17
838 938 15
843 943 15
969 1069 15
7 107 14
36 136 15
74 174 16
182 282 13
214 314 14
279 379 13
284 384 13
287 387 14
337 437 15
356 456 13
428 528 15
438 538 17
464 564 12
488 588 14
498 598 13
602 702 14
607 707 16
622 722 15
934 1034 12
966 1066 17
6 106 12
14 114 16
86 186 13
159 259 14
213 313 14
280 380 16
286 386 16
347 447 13
364 464 13
443 543 13
547 647 14
630 730 16
682 782 16
695 795 13
779 879 13
802 902 16
899 999 13
912 1012 17
921 1021 14
980 1080 13
10 110 13
62 162 13
87 187 12
170 270 16
246 346 13
273 373 15
353 453 13
358 458 16
419 519 12
456 556 13
456 556 16
477 577 17
488 588 15
577 677 16
635 735 14
636 736 16
644 744 16
781 881 13
889 989 16
915 1015 14
33 133 16
46 146 15
110 210 13
172 272 15
212 312 14
220 320 16
272 372 15
331 431 17
363 463 12
396 496 15
417 517 15
506 606 17
676 776 13
677 777 14
731 831 14
741 841 16
795 895 17
826 926 15
892 992 17
987 1087 16
40 140 15
90 190 15
179 279 16
192 292 14
250 350 16
292 392 14
299 399 16
384 484 16
429 529 17
498 598 14
565 665 17
599 699 16
649 749 17
686 786 16
689 789 14
826 926 14
863 963 13
871 971 16
940 1040 15
990 1090 14
100 200 16
156 256 16
217 317 17
318 418 13
322 422 14
346 446 15
353 453 14
413 513 14
482 582 16
537 637 14
560 660 15
578 678 15
582 682 16
583 683 13
590 690 17
678 778 16
707 807 16
783 883 15
864 964 15
888 988 15
25 125 15
35 135 17
48 148 16
65 165 16
101 201 16
346 446 13
417 517 15
457 557 14
531 631 14
543 643 15
612 712 15
626 726 17
720 820 14
759 859 16
764 864 14
791 891 17
800 900 14
861 961 16
922 1022 14
946 1046 14
50 150 16
53 153 14
95 195 14
118 218 13
140 240 16
260 360 14
287 387 14
395 495 17
399 499 13
401 501 16
422 522 15
432 532 17
543 643 16
560 660 13
667 767 12
670 770 16
677 777 14
781 881 15
865 965 17
908 1008 15
20 120 16
32 132 13
53 153 13
80 180 14
240 340 13
248 348 12
307 407 14
366 466 17
369 469 16
440 540 14
471 571 14
503 603 13
513 613 15
599 699 13
613 713 16
660 760 17
762 862 13
810 910 13
922 1022 15
928 1028 13
66 166 12
100 200 13
234 334 16
255 355 15
413 513 13
448 548 14
463 563 16
475 575 12
479 579 16
528 628 15
545 645 12
636 736 16
641 741 15
679 779 15
699 799 17
787 887 15
885 985 14
914 1014 16
923 1023 14
982 1082 14
90 190 17
131 231 17
137 237 16
170 270 14
173 273 13
273 373 14
342 442 14
350 450 15
407 507 17
478 578 13
497 597 12
510 610 12
559 659 16
596 696 17
704 804 14
708 808 15
722 822 16
789 889 15
794 894 17
851 951 14
41 141 15
42 142 13
60 160 12
71 171 17
101 201 15
134 234 16
169 269 13
172 272 14
211 311 15
211 311 17
222 322 16
322 422 12
327 427 13
408 508 14
549 649 14
593 693 16
613 713 14
698 798 15
730 830 12
768 868 16
32 132 12
65 165 13
102 202 13
105 205 16
127 227 13
207 307 15
224 324 15
274 374 14
286 386 12
425 525 13
458 558 13
502 602 13
510 610 15
632 732 15
734 834 16
750 850 17
783 883 16
852 952 14
871 971 16
995 1095 13
71 171 16
83 183 17
125 225 16
130 230 15
165 265 12
280 380 16
331 431 16
345 445 13
347 447 15
452 552 17
478 578 13
502 602 15
591 691 14
612 712 15
621 721 14
713 813 13
792 892 13
808 908 13
926 1026 13
936 1036 12
80 180 13
230 330 12
274 374 15
287 387 13
316 416 15
330 430 15
382 482 13
494 594 14
497 597 15
520 620 16
577 677 15
662 762 16
682 782 14
724 824 16
725 825 17
736 836 15
751 851 12
862 962 14
888 988 13
949 1049 16
31 131 13
39 139 12
93 193 17
108 208 14
164 264 16
175 275 16
222 322 13
226 326 12
264 364 17
313 413 14
378 478 17
544 644 16
547 647 14
580 680 15
616 716 13
641 741 13
788 888 12
899 999 16
919 1019 16
956 1056 15
110 210 14
190 290 13
262 362 17
288 388 16
315 415 12
381 481 13
386 486 16
395 495 13
398 498 16
414 514 15
433 533 16
562 662 12
590 690 15
766 866 14
770 870 13
848 948 12
905 1005 14
926 1026 16
949 1049 16
967 1067 13
10 110 15
67 167 17
110 210 15
116 216 16
145 245 14
172 272 17
189 289 14
214 314 16
236 336 17
254 354 14
321 421 13
494 594 14
654 754 15
713 813 15
726 826 16
750 850 16
881 981 14
943 1043 13
962 1062 16
983 1083 15
7 107 15
130 230 16
190 290 17
193 293 17
221 321 13
275 375 13
319 419 13
354 454 14
357 457 13
387 487 13
433 533 12
486 586 17
592 692 17
668 768 17
690 790 15
698 798 17
848 948 15
910 1010 14
945 1045 16
956 1056 13
9 109 15
20 120 15
22 122 14
57 157 16
231 331 17
343 443 13
349 449 14
353 453 16
387 487 14
470 570 17
552 652 16
554 654 16
560 660 12
573 673 16
646 746 14
748 848 16
761 861 16
830 930 13
834 934 12
901 1001 13
45 145 13
58 158 15
76 176 15
124 224 14
262 362 14
268 368 17
294 394 17
345 445 15
395 495 13
421 521 16
447 547 16
551 651 17
580 680 15
588 688 12
623 723 17
840 940 16
892 992 16
938 1038 14
957 1057 16
994 1094 15
4 104 13
15 115 16
109 209 13
183 283 16
197 297 16
228 328 14
302 402 13
472 572 15
637 737 16
637 737 17
654 754 16
679 779 16
700 800 17
767 867 13
799 899 14
818 918 16
823 923 17
934 1034 16
967 1067 16
977 1077 12
68 168 17
85 185 14
118 218 16
130 230 16
163 263 13
176 276 15
183 283 16
411 511 16
468 568 15
472 572 17
639 739 17
653 753 14
712 812 16
720 820 14
743 843 14
778 878 17
781 881 13
800 900 13
943 1043 16
976 1076 12
31 131 15
112 212 14
133 233 14
248 348 12
280 380 13
401 501 16
406 506 12
463 563 12
468 568 17
470 570 16
500 600 13
593 693 15
637 737 17
694 794 14
699 799 15
719 819 16
748 848 16
909 1009 13
930 1030 13
985 1085 15
18 118 13
369 469 15
380 480 14
401 501 13
556 656 16
562 662 15
586 686 15
605 705 16
608 708 12
636 736 16
641 741 16
677 777 14
735 835 12
753 853 14
829 929 15
833 933 14
863 963 15
958 1058 17
962 1062 13
970 1070 13
104 204 16
142 242 14
200 300 15
220 320 15
226 326 15
259 359 14
312 412 13
355 455 15
360 460 14
407 507 12
456 556 14
566 666 16
629 729 13
657 757 16
700 800 13
709 809 15
802 902 13
897 997 17
916 1016 14
931 1031 15
37 137 17
71 171 17
128 228 13
153 253 13
251 351 13
259 359 13
285 385 15
362 462 13
407 507 13
467 567 17
468 568 15
610 710 14
662 762 15
680 780 15
702 802 15
751 851 13
782 882 13
790 890 17
840 940 16
988 1088 14
10 110 13
59 159 15
67 167 13
86 186 13
122 222 15
141 241 13
150 250 15
217 317 13
255 355 15
313 413 16
353 453 17
401 501 13
428 528 13
532 632 15
713 813 12
731 831 12
893 993 12
923 1023 13
963 1063 13
964 1064 13
20 120 12
23 123 13
39 139 12
131 231 17
180 280 13
208 308 15
210 310 15
238 338 13
329 429 16
454 554 13
494 594 14
505 605 16
535 635 15
553 653 15
553 653 17
560 660 14
695 795 16
709 809 17
821 921 16
839 939 13
24 124 16
28 128 17
107 207 14
163 263 15
238 338 16
290 390 15
299 399 17
341 441 13
367 467 17
434 534 12
454 554 16
475 575 17
631 731 14
646 746 13
730 830 16
837 937 14
881 981 13
883 983 17
951 1051 13
951 1051 17
74 174 14
105 205 16
144 244 16
170 270 12
216 316 15
217 317 15
231 331 13
270 370 17
318 418 12
395 495 14
462 562 15
547 647 13
613 713 14
625 725 16
651 751 13
758 858 14
810 910 13
826 926 15
841 941 17
901 1001 13
15 115 16
57 157 12
93 193 16
157 257 14
173 273 12
187 287 15
230 330 13
500 600 12
563 663 15
578 678 17
600 700 15
640 740 15
645 745 17
657 757 14
702 802 15
707 807 16
914 1014 13
915 1015 17
920 1020 13
960 1060 17
40 140 15
45 145 14
93 193 17
140 240 16
200 300 13
202 302 17
307 407 16
312 412 14
430 530 15
452 552 15
482 582 16
503 603 14
562 662 16
617 717 13
721 821 13
788 888 16
889 989 12
917 1017 13
931 1031 14
998 1098 13
6 106 15
17 117 13
99 199 14
114 214 13
134 234 14
209 309 13
222 322 14
287 387 14
296 396 15
385 485 15
387 487 15
487 587 17
647 747 13
660 760 16
682 782 16
784 884 17
800 900 13
835 935 13
846 946 16
900 1000 14
96 196 16
104 204 16
172 272 15
273 373 16
318 418 13
438 538 16
448 548 12
489 589 14
494 594 13
525 625 12
602 702 13
607 707 14
651 751 13
686 786 13
716 816 14
768 868 17
802 902 12
802 902 14
814 914 15
861 961 14
