100 20 299819
5 82 211
5 112 215
5 61 190
5 141 178
5 55 217
5 97 227
5 55 162
5 121 238
5 72 152
5 85 202
5 51 231
5 83 221
5 131 223
5 67 199
5 114 169
5 76 186
5 79 233
5 109 222
5 97 176
5 62 247
1242 2242 63
2619 3619 53
3490 4490 71
6510 7510 63
7242 8242 55
1713 2713 69
3909 4909 56
6216 7216 54
7312 8312 61
9529 10529 68
1329 2329 68
3255 4255 63
6051 7051 71
6551 7551 68
7829 8829 61
1311 2311 71
2581 3581 71
3052 4052 52
5487 6487 56
6857 7857 51
1884 2884 56
4921 5921 69
6814 7814 55
6866 7866 69
8647 9647 67
1488 2488 58
1512 2512 56
5553 6553 55
7659 8659 71
8939 9939 70
3925 4925 51
3977 4977 61
7786 8786 61
7878 8878 62
7955 8955 64
778 1778 64
1687 2687 56
2359 3359 64
3915 4915 61
4358 5358 68
2916 3916 64
2997 3997 56
6168 7168 57
8567 9567 54
8866 9866 67
723 1723 63
2601 3601 72
3650 4650 70
9553 10553 61
9943 10943 68
1433 2433 68
3573 4573 71
5223 6223 56
5624 6624 70
8957 9957 65
522 1522 67
1958 2958 55
4123 5123 53
9094 10094 61
9969 10969 56
475 1475 51
2085 3085 58
4377 5377 65
8917 9917 71
8995 9995 70
2305 3305 61
4071 5071 72
4204 5204 54
6142 7142 57
9662 10662 53
4052 5052 70
4899 5899 70
5274 6274 52
7279 8279 66
8587 9587 70
850 1850 52
4351 5351 52
5694 6694 69
6967 7967 68
7811 8811 71
193 1193 61
4920 5920 61
5666 6666 54
7705 8705 68
9188 10188 67
4439 5439 58
5756 6756 61
5975 6975 56
6081 7081 70
6600 7600 63
1717 2717 56
4083 5083 71
6802 7802 69
8077 9077 58
9485 10485 63
1247 2247 59
3524 4524 56
4931 5931 58
5310 6310 61
9854 10854 64
