1000 20 2992100
50 120 167
50 73 209
50 142 237
50 133 227
50 117 151
50 124 159
50 137 175
50 149 151
50 122 238
50 113 217
50 104 230
50 58 181
50 139 192
50 71 233
50 76 175
50 125 216
50 80 236
50 130 193
50 127 215
50 105 217
162 1162 6
606 1606 7
912 1912 5
1155 2155 6
1188 2188 5
1263 2263 5
1556 2556 5
1562 2562 5
1655 2655 6
1716 2716 6
2252 3252 5
2394 3394 6
2417 3417 5
2444 3444 5
2526 3526 6
3004 4004 6
3461 4461 7
3681 4681 6
3913 4913 5
4430 5430 6
4453 5453 5
4866 5866 6
5041 6041 5
5196 6196 5
5582 6582 5
5659 6659 6
5693 6693 5
5693 6693 6
5801 6801 6
5978 6978 5
6425 7425 6
6640 7640 5
6656 7656 6
6689 7689 6
6693 7693 5
6831 7831 5
7054 8054 5
7525 8525 5
7676 8676 5
7710 8710 5
8103 9103 6
8249 9249 5
8444 9444 5
8684 9684 5
8729 9729 5
9133 10133 6
9230 10230 5
9234 10234 5
9525 10525 6
9679 10679 6
44 1044 6
350 1350 7
652 1652 5
711 1711 6
888 1888 7
1036 2036 5
1139 2139 6
1892 2892 6
1991 2991 6
2634 3634 6
2863 3863 6
3250 4250 7
3471 4471 5
3573 4573 6
3948 4948 5
4137 5137 5
4188 5188 6
4946 5946 5
5118 6118 6
5175 6175 6
5187 6187 5
5338 6338 6
5602 6602 6
6098 7098 5
6262 7262 6
6411 7411 6
6448 7448 6
6532 7532 6
6774 7774 5
7016 8016 6
7106 8106 5
7192 8192 5
7241 8241 6
7404 8404 5
7450 8450 5
7542 8542 5
7549 8549 6
7894 8894 5
8470 9470 6
8657 9657 5
8676 9676 5
8798 9798 6
8999 9999 6
9110 10110 6
9147 10147 7
9245 10245 5
9272 10272 6
9549 10549 5
9565 10565 5
9974 10974 5
222 1222 6
403 1403 5
688 1688 6
802 1802 6
811 1811 5
1052 2052 6
1285 2285 6
1620 2620 5
1683 2683 6
1957 2957 5
1971 2971 5
2257 3257 6
2401 3401 6
2431 3431 6
2538 3538 6
2583 3583 5
2596 3596 5
2751 3751 7
3033 4033 6
3364 4364 5
3692 4692 6
3901 4901 6
3947 4947 5
4298 5298 5
4649 5649 6
5038 6038 5
5664 6664 5
5906 6906 6
5961 6961 6
6237 7237 5
6301 7301 6
6342 7342 5
6496 7496 5
6675 7675 6
6730 7730 6
6905 7905 6
7246 8246 6
7297 8297 6
7984 8984 5
8060 9060 5
8237 9237 5
8392 9392 5
8486 9486 5
8499 9499 5
8862 9862 5
9182 10182 5
9219 10219 6
9454 10454 6
9647 10647 5
9726 10726 5
406 1406 6
529 1529 6
536 1536 6
700 1700 5
711 1711 5
718 1718 6
724 1724 5
811 1811 6
959 1959 5
1398 2398 6
1478 2478 5
1542 2542 6
1866 2866 5
2267 3267 5
2625 3625 6
2627 3627 6
2671 3671 5
2683 3683 5
3184 4184 6
3480 4480 5
3671 4671 5
3878 4878 6
4031 5031 5
4058 5058 6
4086 5086 6
4115 5115 6
4121 5121 6
4337 5337 6
4534 5534 6
5369 6369 5
6016 7016 5
6170 7170 6
6450 7450 6
6870 7870 7
7030 8030 5
7129 8129 5
7172 8172 6
7206 8206 5
7280 8280 5
7602 8602 5
7794 8794 6
7796 8796 6
8171 9171 5
8392 9392 6
8750 9750 6
8760 9760 5
8889 9889 7
9377 10377 5
9874 10874 7
9968 10968 5
519 1519 5
1063 2063 6
1414 2414 5
1434 2434 6
1638 2638 5
1646 2646 6
1724 2724 5
1769 2769 5
1938 2938 5
2030 3030 6
2136 3136 5
2139 3139 5
2218 3218 5
2222 3222 7
2365 3365 5
2779 3779 6
2836 3836 5
2897 3897 5
3348 4348 5
3628 4628 5
3717 4717 5
4123 5123 6
4191 5191 6
4278 5278 6
4492 5492 5
4559 5559 6
4617 5617 6
4743 5743 6
4875 5875 5
4977 5977 5
5269 6269 6
5433 6433 6
5486 6486 6
5950 6950 7
6033 7033 5
6162 7162 5
6180 7180 5
6374 7374 5
6451 7451 5
6678 7678 5
7006 8006 5
7066 8066 5
7379 8379 5
7510 8510 5
7826 8826 6
8055 9055 5
8644 9644 6
9247 10247 6
9276 10276 7
9820 10820 6
42 1042 6
109 1109 5
226 1226 5
337 1337 5
378 1378 6
399 1399 5
448 1448 6
797 1797 5
1444 2444 7
1557 2557 6
1900 2900 7
1975 2975 6
2106 3106 6
2164 3164 5
2370 3370 5
2652 3652 7
2720 3720 5
3217 4217 6
3334 4334 5
4448 5448 5
4547 5547 5
4670 5670 6
5042 6042 5
5096 6096 5
5238 6238 5
5584 6584 6
5618 6618 6
6279 7279 6
6298 7298 6
6344 7344 6
6447 7447 6
6460 7460 5
6574 7574 6
6756 7756 5
6789 7789 6
6921 7921 7
6928 7928 6
7495 8495 6
7528 8528 6
8113 9113 6
8208 9208 6
8386 9386 6
8557 9557 6
8856 9856 5
9029 10029 5
9183 10183 5
9453 10453 5
9590 10590 6
9619 10619 5
9887 10887 6
109 1109 5
129 1129 6
297 1297 5
369 1369 6
605 1605 6
618 1618 6
792 1792 6
866 1866 6
970 1970 6
996 1996 5
1107 2107 6
1165 2165 7
1485 2485 5
1755 2755 5
1797 2797 6
1972 2972 6
2529 3529 6
2625 3625 5
2761 3761 6
3130 4130 5
3187 4187 5
3553 4553 5
3605 4605 5
3649 4649 6
4155 5155 5
4335 5335 5
4356 5356 5
4865 5865 5
5051 6051 6
5091 6091 6
5205 6205 5
5691 6691 6
5721 6721 5
6293 7293 6
6681 7681 5
7197 8197 5
7218 8218 6
7943 8943 5
8014 9014 6
8205 9205 5
8384 9384 5
8617 9617 6
8652 9652 5
8695 9695 6
8736 9736 6
8930 9930 6
8982 9982 6
9178 10178 7
9336 10336 5
9851 10851 6
189 1189 5
378 1378 6
682 1682 6
700 1700 5
705 1705 6
755 1755 7
803 1803 5
1387 2387 5
1548 2548 5
1970 2970 6
2069 3069 6
2377 3377 6
2770 3770 6
3129 4129 5
3658 4658 6
3722 4722 5
4091 5091 5
4118 5118 5
4729 5729 6
5192 6192 6
5249 6249 5
5268 6268 6
5339 6339 6
5366 6366 6
5690 6690 5
6347 7347 6
6755 7755 5
6855 7855 6
7073 8073 5
7155 8155 6
7311 8311 7
7448 8448 5
7775 8775 5
7887 8887 6
8255 9255 5
8278 9278 5
8305 9305 7
8311 9311 6
8448 9448 6
8546 9546 6
8656 9656 6
8897 9897 5
9016 10016 5
9028 10028 6
9242 10242 5
9466 10466 6
9519 10519 5
9531 10531 6
9870 10870 5
9947 10947 5
73 1073 5
610 1610 6
747 1747 5
796 1796 6
1301 2301 5
1526 2526 6
1640 2640 6
1712 2712 5
2189 3189 6
2224 3224 6
2231 3231 5
2397 3397 5
2656 3656 5
2697 3697 5
2876 3876 6
2897 3897 6
2976 3976 7
3314 4314 7
3323 4323 5
3463 4463 5
3605 4605 6
4068 5068 5
4185 5185 6
4950 5950 5
5063 6063 6
5069 6069 5
5700 6700 5
5702 6702 5
5806 6806 5
5989 6989 6
6062 7062 6
6499 7499 6
6599 7599 5
6733 7733 6
6763 7763 5
6823 7823 6
6873 7873 5
7064 8064 5
7206 8206 5
7887 8887 6
8136 9136 6
8188 9188 5
8296 9296 5
8705 9705 6
9061 10061 6
9446 10446 6
9568 10568 5
9569 10569 5
9588 10588 6
9922 10922 5
41 1041 6
337 1337 6
443 1443 5
613 1613 6
983 1983 5
1147 2147 6
1372 2372 5
2030 3030 7
2226 3226 6
2360 3360 6
2684 3684 5
3057 4057 6
3443 4443 6
3482 4482 6
4518 5518 6
4691 5691 6
4782 5782 5
4791 5791 5
4795 5795 6
4906 5906 5
5005 6005 6
5225 6225 6
5266 6266 5
5511 6511 5
5755 6755 6
5909 6909 6
5991 6991 6
6033 7033 6
6352 7352 7
6565 7565 6
6680 7680 6
6688 7688 6
7165 8165 6
7281 8281 6
7570 8570 6
7588 8588 6
7926 8926 6
8075 9075 5
8211 9211 5
8220 9220 6
8456 9456 6
8566 9566 5
8579 9579 5
8597 9597 6
8706 9706 5
8818 9818 5
9170 10170 6
9262 10262 6
9489 10489 5
9979 10979 5
102 1102 6
475 1475 5
588 1588 5
829 1829 5
1289 2289 5
1301 2301 5
1395 2395 6
1415 2415 5
1763 2763 6
1776 2776 6
1978 2978 6
2471 3471 6
2883 3883 5
2910 3910 6
2980 3980 6
3286 4286 5
3359 4359 6
3757 4757 6
3917 4917 5
4024 5024 6
4075 5075 6
4658 5658 5
4753 5753 6
4853 5853 5
4991 5991 5
5179 6179 5
5456 6456 5
5521 6521 6
5680 6680 6
5703 6703 6
5800 6800 5
5848 6848 5
6033 7033 6
6176 7176 5
6364 7364 6
6392 7392 6
6770 7770 6
6982 7982 5
6992 7992 5
7371 8371 6
7772 8772 6
7850 8850 5
7905 8905 5
7982 8982 5
8071 9071 6
8544 9544 5
8719 9719 5
8878 9878 6
8990 9990 7
9877 10877 6
3 1003 5
404 1404 5
436 1436 5
439 1439 5
478 1478 6
670 1670 7
830 1830 6
866 1866 6
992 1992 5
993 1993 5
1054 2054 5
1358 2358 6
1550 2550 5
1687 2687 5
2059 3059 5
2738 3738 5
3569 4569 6
3586 4586 6
3673 4673 6
4164 5164 5
4866 5866 6
4931 5931 6
5132 6132 6
5382 6382 6
5474 6474 5
5591 6591 5
5735 6735 6
5739 6739 5
5990 6990 6
6014 7014 5
6425 7425 6
6588 7588 6
6878 7878 5
6880 7880 5
7079 8079 5
7142 8142 6
7159 8159 5
7536 8536 6
7596 8596 5
8120 9120 5
8322 9322 6
8506 9506 7
8528 9528 5
8986 9986 5
8997 9997 5
9180 10180 6
9455 10455 6
9487 10487 5
9594 10594 5
9598 10598 5
95 1095 6
438 1438 5
646 1646 5
769 1769 6
996 1996 6
1518 2518 5
2407 3407 6
2584 3584 6
2636 3636 5
2698 3698 6
2993 3993 6
3542 4542 6
3642 4642 6
3844 4844 5
4031 5031 6
4122 5122 7
4351 5351 6
4594 5594 6
4706 5706 6
5236 6236 5
5273 6273 6
5784 6784 5
5879 6879 6
6721 7721 5
6723 7723 5
6728 7728 6
6751 7751 5
6755 7755 5
6782 7782 5
7000 8000 6
7241 8241 5
7385 8385 6
7392 8392 6
7430 8430 6
7498 8498 6
7711 8711 6
8064 9064 5
8164 9164 5
8627 9627 6
8751 9751 6
8834 9834 5
9060 10060 7
9077 10077 6
9099 10099 5
9155 10155 5
9211 10211 5
9314 10314 5
9602 10602 6
9872 10872 6
9920 10920 5
148 1148 6
197 1197 6
276 1276 6
359 1359 5
360 1360 5
431 1431 7
558 1558 6
846 1846 6
1015 2015 5
1090 2090 6
1684 2684 5
1894 2894 5
1989 2989 7
2115 3115 5
2601 3601 6
2651 3651 5
3052 4052 6
3238 4238 6
3480 4480 6
3869 4869 5
4005 5005 6
4106 5106 6
4317 5317 5
4333 5333 6
4447 5447 5
4804 5804 6
4866 5866 5
5005 6005 5
5152 6152 5
5275 6275 6
5317 6317 5
5685 6685 5
6336 7336 6
6456 7456 6
6629 7629 6
6679 7679 6
6691 7691 6
7513 8513 7
7589 8589 6
7616 8616 5
8385 9385 5
8471 9471 6
8615 9615 5
8726 9726 6
8823 9823 5
9089 10089 5
9134 10134 5
9294 10294 5
9376 10376 6
9720 10720 6
91 1091 5
247 1247 5
523 1523 5
711 1711 6
834 1834 6
1384 2384 5
1401 2401 6
1832 2832 5
1895 2895 6
2101 3101 5
2102 3102 5
2254 3254 5
2812 3812 5
2994 3994 6
3337 4337 5
3353 4353 5
3372 4372 6
3820 4820 5
3981 4981 6
3996 4996 5
4076 5076 6
4529 5529 6
4648 5648 5
4717 5717 5
5408 6408 7
5552 6552 6
5615 6615 5
5958 6958 5
6090 7090 5
6168 7168 6
6349 7349 5
6408 7408 5
6558 7558 6
7052 8052 5
7334 8334 5
7413 8413 6
7488 8488 6
7511 8511 6
7535 8535 6
7547 8547 5
7677 8677 5
7750 8750 6
8497 9497 5
8571 9571 5
8635 9635 6
8686 9686 6
9119 10119 5
9315 10315 6
9766 10766 6
9849 10849 6
381 1381 6
497 1497 5
525 1525 6
579 1579 6
1197 2197 5
1204 2204 6
1431 2431 6
1471 2471 6
1770 2770 5
1844 2844 6
1985 2985 5
2609 3609 5
2699 3699 6
2914 3914 6
3003 4003 6
3105 4105 7
3149 4149 5
3415 4415 6
3482 4482 6
4235 5235 6
4253 5253 6
4293 5293 6
4356 5356 6
4922 5922 5
5292 6292 5
5350 6350 6
5417 6417 5
5439 6439 5
5484 6484 6
5761 6761 6
6144 7144 6
6438 7438 6
6656 7656 6
6687 7687 5
6824 7824 6
6927 7927 5
7033 8033 6
7276 8276 5
7625 8625 6
7646 8646 5
8756 9756 7
8876 9876 6
9162 10162 5
9294 10294 5
9497 10497 5
9546 10546 6
9662 10662 5
9762 10762 7
9897 10897 5
9931 10931 6
299 1299 5
531 1531 6
952 1952 6
1187 2187 6
1191 2191 5
1318 2318 5
1323 2323 6
1623 2623 6
1715 2715 5
2240 3240 5
2298 3298 5
2540 3540 5
2576 3576 6
2673 3673 7
2746 3746 6
2892 3892 6
3310 4310 6
3437 4437 5
3479 4479 6
3609 4609 5
3744 4744 5
3827 4827 6
4052 5052 6
4064 5064 5
4447 5447 6
4596 5596 6
4607 5607 5
4866 5866 5
4980 5980 6
5346 6346 6
5413 6413 6
5552 6552 6
5657 6657 6
5693 6693 6
5731 6731 7
5914 6914 6
6197 7197 7
6215 7215 6
6936 7936 7
7071 8071 6
7437 8437 6
7771 8771 6
7862 8862 6
8299 9299 6
8340 9340 5
8387 9387 5
8408 9408 6
8713 9713 6
8882 9882 6
9362 10362 5
55 1055 6
757 1757 6
934 1934 6
1157 2157 5
1321 2321 5
1472 2472 5
1672 2672 6
1721 2721 5
1856 2856 6
2567 3567 5
2668 3668 5
2699 3699 5
2767 3767 6
3148 4148 5
3197 4197 5
3456 4456 6
3719 4719 5
3752 4752 6
3757 4757 5
3897 4897 5
4249 5249 6
4643 5643 6
4655 5655 6
4739 5739 6
4821 5821 5
4916 5916 6
5129 6129 6
5458 6458 6
5521 6521 6
5746 6746 5
5769 6769 6
5935 6935 6
6049 7049 5
6625 7625 6
6747 7747 5
7435 8435 5
8016 9016 6
8032 9032 5
8037 9037 5
8168 9168 6
8296 9296 5
8419 9419 6
8433 9433 6
8565 9565 6
8954 9954 5
9132 10132 6
9304 10304 5
9619 10619 6
9830 10830 5
9899 10899 6
302 1302 6
304 1304 6
544 1544 5
870 1870 6
1113 2113 5
1330 2330 5
1348 2348 6
1512 2512 6
1759 2759 6
2034 3034 5
2129 3129 6
2210 3210 5
2343 3343 6
2653 3653 5
2847 3847 5
2949 3949 5
2990 3990 6
3171 4171 5
3192 4192 5
3279 4279 6
3394 4394 6
3416 4416 6
3473 4473 6
3991 4991 6
4273 5273 7
4508 5508 5
4580 5580 6
4649 5649 5
5071 6071 6
5439 6439 5
5439 6439 6
5494 6494 5
5629 6629 5
5721 6721 6
5985 6985 6
6152 7152 6
6243 7243 5
6391 7391 6
6485 7485 6
6582 7582 7
6891 7891 6
7200 8200 5
7865 8865 5
8020 9020 6
8037 9037 6
8655 9655 6
8798 9798 5
9457 10457 5
9773 10773 6
9936 10936 6
450 1450 5
606 1606 5
1293 2293 5
2226 3226 5
2371 3371 5
2393 3393 5
2429 3429 5
3149 4149 5
3218 4218 5
3472 4472 5
3499 4499 6
3757 4757 5
3814 4814 5
3834 4834 5
3924 4924 5
3929 4929 5
4024 5024 6
4029 5029 7
4183 5183 6
4381 5381 6
4494 5494 6
4624 5624 5
4969 5969 6
5185 6185 6
5711 6711 5
5888 6888 6
5922 6922 5
6230 7230 6
6329 7329 5
6332 7332 5
6710 7710 6
6802 7802 6
7233 8233 6
7241 8241 5
7436 8436 5
7574 8574 5
7835 8835 5
7934 8934 5
7979 8979 5
8153 9153 6
8162 9162 6
8414 9414 6
8428 9428 7
8430 9430 5
8509 9509 6
8646 9646 5
9354 10354 6
9398 10398 5
9521 10521 5
9888 10888 5
