2000 20 596076
100 94 168
100 121 191
100 86 246
100 57 164
100 132 155
100 51 205
100 70 181
100 77 232
100 118 232
100 108 150
100 124 175
100 104 161
100 70 204
100 78 218
100 53 178
100 150 159
100 148 157
100 99 245
100 91 204
100 92 155
26 126 2
40 140 3
77 177 3
82 182 2
108 208 3
111 211 2
142 242 3
143 243 2
153 253 2
161 261 3
170 270 3
201 301 3
206 306 2
209 309 2
211 311 3
238 338 3
244 344 2
247 347 2
248 348 3
255 355 3
268 368 2
292 392 2
306 406 2
315 415 2
320 420 3
322 422 2
329 429 3
343 443 3
366 466 2
367 467 3
371 471 3
374 474 2
377 477 2
393 493 3
395 495 3
403 503 3
404 504 2
424 524 2
428 528 2
444 544 2
452 552 3
461 561 2
489 589 3
509 609 2
517 617 3
531 631 2
532 632 3
539 639 3
542 642 3
543 643 3
545 645 2
549 649 3
559 659 3
559 659 3
561 661 3
565 665 3
572 672 3
595 695 3
603 703 2
612 712 2
612 712 3
625 725 3
631 731 3
634 734 2
649 749 2
651 751 2
654 754 3
665 765 2
668 768 2
675 775 2
685 785 2
685 785 2
702 802 2
709 809 3
724 824 2
745 845 3
755 855 3
768 868 2
786 886 2
791 891 2
798 898 3
804 904 2
812 912 2
815 915 2
817 917 2
817 917 3
834 934 2
837 937 2
862 962 2
867 967 2
888 988 3
909 1009 3
909 1009 3
931 1031 3
934 1034 3
944 1044 2
961 1061 3
963 1063 3
968 1068 2
995 1095 3
10 110 2
11 111 2
12 112 2
19 119 3
23 123 2
27 127 3
30 130 2
43 143 2
67 167 3
81 181 3
82 182 3
109 209 2
115 215 2
124 224 3
132 232 3
141 241 2
159 259 3
167 267 3
173 273 2
180 280 3
183 283 3
201 301 2
224 324 2
225 325 3
245 345 3
257 357 2
260 360 3
262 362 2
267 367 3
269 369 3
270 370 2
271 371 2
289 389 2
292 392 2
298 398 3
306 406 2
317 417 3
328 428 2
332 432 3
335 435 3
386 486 2
394 494 2
395 495 2
395 495 3
407 507 3
425 525 2
448 548 3
451 551 2
453 553 2
508 608 2
508 608 2
518 618 2
526 626 2
549 649 2
549 649 2
551 651 2
572 672 3
584 684 2
584 684 3
591 691 2
615 715 2
621 721 3
629 729 2
654 754 2
672 772 2
698 798 2
704 804 3
709 809 3
718 818 3
728 828 2
736 836 3
738 838 2
780 880 3
786 886 2
790 890 2
794 894 3
808 908 3
815 915 2
820 920 3
821 921 2
822 922 3
856 956 3
875 975 2
880 980 3
909 1009 3
911 1011 2
920 1020 2
920 1020 2
928 1028 3
940 1040 2
944 1044 2
950 1050 2
964 1064 2
974 1074 2
979 1079 3
983 1083 3
986 1086 3
988 1088 2
994 1094 3
998 1098 3
5 105 2
42 142 3
50 150 2
66 166 3
78 178 2
91 191 3
115 215 3
116 216 3
118 218 3
120 220 3
134 234 3
151 251 3
152 252 2
160 260 3
163 263 2
169 269 3
200 300 2
200 300 2
217 317 3
239 339 2
244 344 3
250 350 3
257 357 2
260 360 3
264 364 3
266 366 3
269 369 2
274 374 2
294 394 2
305 405 3
308 408 3
314 414 3
315 415 2
364 464 2
374 474 2
382 482 3
408 508 2
412 512 2
422 522 3
431 531 3
447 547 2
456 556 3
472 572 3
478 578 2
487 587 2
489 589 2
514 614 3
519 619 2
519 619 3
544 644 3
552 652 3
553 653 3
567 667 2
569 669 2
570 670 3
572 672 2
572 672 2
586 686 2
587 687 3
612 712 3
616 716 3
640 740 3
645 745 2
663 763 3
674 774 3
679 779 3
682 782 3
685 785 2
690 790 2
692 792 3
693 793 3
694 794 2
713 813 2
725 825 3
728 828 2
733 833 2
737 837 3
763 863 2
770 870 2
776 876 3
781 881 3
800 900 3
806 906 3
812 912 2
831 931 3
855 955 2
868 968 2
870 970 2
888 988 3
894 994 3
912 1012 2
923 1023 3
924 1024 2
949 1049 2
952 1052 2
960 1060 2
963 1063 2
971 1071 2
994 1094 2
999 1099 2
5 105 3
13 113 3
38 138 2
46 146 2
63 163 2
68 168 2
85 185 2
90 190 2
94 194 2
112 212 2
116 216 2
126 226 2
134 234 3
141 241 3
154 254 2
180 280 2
180 280 3
181 281 2
195 295 2
206 306 3
230 330 2
232 332 3
235 335 3
237 337 2
245 345 3
246 346 3
251 351 2
255 355 3
256 356 2
267 367 3
275 375 2
277 377 3
289 389 2
291 391 3
295 395 3
297 397 2
309 409 3
312 412 2
318 418 3
334 434 3
359 459 3
365 465 2
366 466 2
375 475 3
386 486 2
393 493 3
402 502 2
414 514 3
417 517 3
423 523 3
432 532 3
443 543 2
458 558 3
464 564 2
471 571 3
473 573 2
494 594 3
522 622 2
525 625 2
526 626 3
534 634 2
552 652 2
578 678 3
603 703 2
637 737 3
654 754 2
659 759 3
659 759 3
663 763 2
698 798 3
711 811 3
717 817 2
721 821 2
725 825 2
736 836 3
748 848 2
754 854 2
757 857 2
762 862 3
783 883 2
797 897 2
805 905 3
806 906 3
813 913 3
819 919 3
828 928 3
834 934 2
835 935 3
844 944 3
845 945 2
858 958 2
862 962 3
897 997 2
909 1009 3
919 1019 2
922 1022 2
925 1025 2
925 1025 3
972 1072 3
994 1094 3
12 112 2
25 125 2
32 132 3
40 140 3
42 142 3
53 153 2
53 153 3
64 164 3
66 166 2
72 172 3
82 182 3
83 183 3
92 192 3
103 203 3
107 207 2
108 208 3
108 208 3
109 209 2
117 217 3
120 220 2
123 223 2
133 233 2
134 234 3
139 239 2
148 248 2
164 264 2
169 269 3
171 271 3
176 276 3
182 282 2
184 284 2
212 312 2
246 346 3
255 355 2
271 371 2
294 394 3
323 423 3
346 446 2
353 453 3
354 454 2
371 471 3
375 475 2
391 491 2
391 491 2
391 491 2
415 515 2
417 517 2
428 528 3
445 545 2
474 574 2
481 581 2
490 590 3
513 613 3
517 617 3
531 631 2
534 634 3
548 648 3
566 666 3
591 691 2
597 697 2
598 698 3
599 699 3
632 732 2
632 732 2
676 776 2
677 777 2
681 781 3
730 830 3
737 837 3
748 848 3
756 856 2
771 871 2
774 874 2
792 892 3
795 895 3
813 913 2
815 915 2
830 930 2
830 930 2
843 943 2
844 944 3
848 948 2
861 961 2
865 965 3
869 969 2
873 973 2
902 1002 2
916 1016 3
923 1023 2
938 1038 3
941 1041 2
943 1043 2
953 1053 2
956 1056 2
962 1062 2
967 1067 2
968 1068 2
975 1075 2
981 1081 2
992 1092 2
5 105 3
12 112 2
15 115 3
22 122 2
23 123 2
30 130 2
30 130 2
80 180 2
93 193 3
96 196 2
97 197 3
100 200 3
102 202 2
117 217 3
120 220 3
125 225 3
130 230 2
131 231 3
140 240 3
156 256 3
158 258 3
164 264 2
184 284 2
187 287 2
204 304 2
206 306 2
240 340 3
247 347 2
296 396 3
299 399 3
303 403 3
306 406 2
311 411 3
329 429 2
341 441 3
363 463 2
366 466 2
366 466 3
371 471 2
397 497 2
401 501 3
417 517 3
427 527 2
428 528 3
431 531 3
433 533 3
435 535 3
441 541 2
461 561 3
480 580 3
485 585 3
487 587 2
493 593 2
496 596 2
497 597 2
534 634 3
537 637 3
543 643 3
547 647 2
551 651 2
557 657 3
598 698 2
599 699 2
612 712 3
613 713 2
626 726 3
632 732 2
641 741 3
675 775 3
679 779 3
704 804 2
706 806 2
711 811 2
728 828 2
748 848 3
760 860 3
776 876 2
776 876 3
791 891 2
801 901 2
805 905 3
815 915 2
822 922 2
822 922 2
844 944 3
844 944 3
846 946 3
849 949 2
877 977 3
887 987 3
896 996 3
902 1002 3
904 1004 2
905 1005 2
906 1006 2
946 1046 2
957 1057 3
957 1057 3
980 1080 2
994 1094 2
6 106 2
22 122 2
31 131 2
39 139 2
60 160 2
68 168 3
82 182 3
108 208 2
124 224 3
126 226 3
127 227 2
127 227 3
130 230 2
147 247 3
161 261 2
161 261 3
166 266 3
170 270 2
180 280 2
192 292 3
192 292 3
203 303 3
221 321 3
245 345 3
246 346 3
253 353 2
258 358 2
270 370 2
273 373 2
283 383 3
285 385 3
287 387 2
310 410 2
321 421 2
322 422 3
322 422 3
324 424 2
326 426 3
341 441 2
354 454 3
369 469 2
382 482 3
390 490 2
421 521 2
422 522 2
429 529 2
454 554 2
461 561 2
489 589 2
491 591 2
491 591 2
503 603 2
510 610 3
514 614 2
514 614 2
516 616 2
524 624 3
538 638 2
541 641 3
541 641 3
560 660 2
576 676 2
584 684 3
597 697 3
617 717 2
627 727 2
629 729 2
649 749 3
656 756 2
659 759 3
708 808 3
713 813 3
735 835 2
737 837 3
749 849 2
773 873 2
774 874 2
808 908 2
808 908 2
814 914 2
815 915 2
815 915 3
837 937 2
843 943 2
854 954 3
858 958 2
869 969 2
869 969 3
874 974 2
879 979 2
898 998 2
901 1001 3
906 1006 2
924 1024 3
938 1038 2
940 1040 3
944 1044 3
959 1059 2
993 1093 2
996 1096 3
4 104 3
5 105 2
16 116 2
16 116 3
18 118 2
21 121 2
22 122 3
23 123 2
30 130 2
44 144 3
45 145 3
47 147 3
55 155 3
73 173 2
85 185 2
86 186 2
114 214 2
119 219 2
133 233 2
163 263 2
173 273 2
184 284 2
190 290 3
194 294 3
217 317 3
219 319 3
240 340 2
243 343 2
246 346 3
249 349 2
250 350 3
280 380 3
281 381 2
297 397 2
299 399 2
305 405 3
321 421 3
325 425 2
327 427 2
333 433 3
333 433 3
334 434 3
373 473 2
381 481 3
386 486 3
392 492 2
395 495 3
396 496 3
400 500 2
408 508 3
420 520 2
422 522 3
429 529 3
450 550 3
454 554 3
483 583 2
485 585 3
486 586 3
513 613 2
523 623 2
525 625 2
541 641 2
543 643 2
549 649 2
566 666 3
569 669 3
573 673 3
576 676 2
578 678 3
583 683 3
585 685 2
597 697 2
613 713 3
637 737 2
660 760 3
674 774 2
679 779 3
690 790 3
714 814 2
732 832 2
734 834 3
747 847 2
748 848 3
759 859 3
770 870 2
784 884 2
788 888 2
801 901 2
811 911 3
886 986 2
889 989 2
894 994 2
895 995 2
898 998 3
906 1006 2
908 1008 3
913 1013 3
921 1021 3
963 1063 2
988 1088 2
4 104 2
8 108 2
26 126 3
27 127 3
31 131 3
34 134 2
57 157 2
73 173 3
78 178 3
82 182 3
85 185 3
89 189 2
95 195 2
116 216 2
131 231 3
132 232 3
145 245 2
152 252 2
153 253 3
179 279 3
196 296 3
218 318 2
221 321 3
234 334 3
235 335 3
247 347 3
255 355 3
256 356 2
257 357 3
266 366 3
292 392 2
301 401 3
320 420 2
343 443 2
345 445 2
347 447 2
371 471 3
390 490 2
391 491 2
396 496 2
405 505 2
408 508 3
416 516 2
422 522 2
425 525 2
436 536 2
437 537 3
440 540 3
448 548 2
459 559 3
473 573 2
479 579 2
488 588 2
504 604 2
527 627 3
528 628 2
539 639 3
559 659 2
560 660 2
565 665 2
590 690 2
606 706 3
617 717 3
622 722 2
650 750 3
656 756 3
659 759 2
667 767 2
672 772 3
695 795 2
709 809 2
715 815 3
726 826 2
726 826 2
754 854 3
758 858 3
770 870 3
789 889 3
795 895 2
822 922 2
832 932 3
838 938 3
842 942 2
861 961 3
867 967 3
875 975 3
881 981 3
888 988 2
895 995 2
902 1002 3
906 1006 3
932 1032 2
944 1044 3
948 1048 3
954 1054 3
955 1055 2
962 1062 3
980 1080 2
982 1082 3
991 1091 3
16 116 3
26 126 2
27 127 2
35 135 2
39 139 2
41 141 2
47 147 3
50 150 2
53 153 3
80 180 2
87 187 3
91 191 2
114 214 2
127 227 2
149 249 3
155 255 2
163 263 3
185 285 2
221 321 2
227 327 2
227 327 2
231 331 2
237 337 2
244 344 3
248 348 2
264 364 2
278 378 3
278 378 3
287 387 3
298 398 3
305 405 2
305 405 3
318 418 2
329 429 2
346 446 2
358 458 3
373 473 2
373 473 3
375 475 3
384 484 3
405 505 3
413 513 3
420 520 2
458 558 2
463 563 2
471 571 2
479 579 3
508 608 2
522 622 2
530 630 3
539 639 2
542 642 2
545 645 3
554 654 2
562 662 2
571 671 3
575 675 2
575 675 2
580 680 2
624 724 2
625 725 3
639 739 3
647 747 3
651 751 2
657 757 2
675 775 2
687 787 2
688 788 3
716 816 2
720 820 2
730 830 2
776 876 3
794 894 2
802 902 2
805 905 3
821 921 3
829 929 3
847 947 3
854 954 3
863 963 2
867 967 2
872 972 2
875 975 3
880 980 2
881 981 2
891 991 2
891 991 2
897 997 2
906 1006 2
907 1007 3
915 1015 3
923 1023 2
930 1030 2
942 1042 3
947 1047 2
969 1069 3
988 1088 3
989 1089 3
992 1092 2
996 1096 2
8 108 3
15 115 3
19 119 2
21 121 2
21 121 3
41 141 2
45 145 3
48 148 2
48 148 3
52 152 2
85 185 2
91 191 2
94 194 3
97 197 2
98 198 3
109 209 2
133 233 2
136 236 3
140 240 3
144 244 3
145 245 3
157 257 3
164 264 3
166 266 2
171 271 2
175 275 2
196 296 2
196 296 3
197 297 3
207 307 2
214 314 3
226 326 3
228 328 2
229 329 3
232 332 2
272 372 2
274 374 3
278 378 2
279 379 2
288 388 2
296 396 2
299 399 2
312 412 2
325 425 3
342 442 3
359 459 2
359 459 3
369 469 3
372 472 2
390 490 3
397 497 2
443 543 3
448 548 3
463 563 3
471 571 2
472 572 3
491 591 2
514 614 2
516 616 3
519 619 3
547 647 2
571 671 2
582 682 2
586 686 3
587 687 2
604 704 3
610 710 2
621 721 3
628 728 3
630 730 3
685 785 2
689 789 2
697 797 3
708 808 3
727 827 2
727 827 2
730 830 3
743 843 2
756 856 2
758 858 2
758 858 3
759 859 3
770 870 2
778 878 3
786 886 2
850 950 3
852 952 2
856 956 2
857 957 3
864 964 3
870 970 3
887 987 2
895 995 2
913 1013 2
924 1024 3
944 1044 3
947 1047 3
984 1084 3
991 1091 3
998 1098 3
2 102 3
6 106 3
33 133 3
42 142 3
63 163 3
71 171 3
76 176 3
96 196 3
114 214 2
116 216 2
121 221 3
122 222 2
129 229 2
131 231 2
131 231 3
156 256 3
159 259 3
162 262 2
162 262 2
167 267 3
204 304 3
210 310 2
223 323 2
225 325 3
254 354 2
255 355 2
259 359 3
260 360 2
273 373 3
276 376 2
278 378 2
309 409 3
339 439 2
345 445 3
352 452 2
354 454 3
371 471 2
371 471 3
392 492 2
393 493 2
398 498 3
413 513 3
418 518 2
418 518 2
422 522 3
448 548 2
456 556 3
458 558 3
513 613 2
528 628 3
533 633 3
544 644 3
550 650 2
561 661 2
568 668 2
570 670 3
586 686 2
598 698 2
610 710 2
625 725 2
632 732 3
640 740 2
667 767 3
673 773 2
679 779 2
686 786 2
690 790 3
693 793 2
747 847 2
753 853 3
758 858 3
772 872 2
780 880 2
790 890 3
803 903 3
804 904 3
820 920 2
820 920 3
828 928 2
833 933 2
841 941 3
848 948 3
850 950 2
852 952 2
863 963 3
877 977 3
901 1001 2
903 1003 3
905 1005 3
919 1019 3
942 1042 3
950 1050 3
955 1055 3
957 1057 3
962 1062 3
978 1078 2
984 1084 3
985 1085 2
988 1088 2
995 1095 3
30 130 2
39 139 2
70 170 2
82 182 2
82 182 3
90 190 3
102 202 2
124 224 3
130 230 3
137 237 3
138 238 3
152 252 2
155 255 3
159 259 2
187 287 3
189 289 2
189 289 3
230 330 2
259 359 3
268 368 2
269 369 3
273 373 2
298 398 3
299 399 2
309 409 3
320 420 2
321 421 2
322 422 2
327 427 3
332 432 2
342 442 2
353 453 3
363 463 2
365 465 3
368 468 2
368 468 3
371 471 3
386 486 3
397 497 3
399 499 3
404 504 2
409 509 2
416 516 2
423 523 3
426 526 3
435 535 2
437 537 3
446 546 3
448 548 2
458 558 3
462 562 2
463 563 3
476 576 3
482 582 3
487 587 2
499 599 3
502 602 2
506 606 2
506 606 3
528 628 3
535 635 2
565 665 3
579 679 2
585 685 2
592 692 3
614 714 2
619 719 3
636 736 2
652 752 2
654 754 3
655 755 3
677 777 2
683 783 2
686 786 3
690 790 2
695 795 2
722 822 3
728 828 2
731 831 2
736 836 3
751 851 2
764 864 3
769 869 2
772 872 2
777 877 2
792 892 3
796 896 3
807 907 3
813 913 2
819 919 2
824 924 3
844 944 3
850 950 3
888 988 3
896 996 2
904 1004 2
918 1018 3
953 1053 3
973 1073 2
974 1074 3
6 106 3
22 122 3
43 143 3
75 175 3
98 198 2
119 219 2
124 224 3
124 224 3
132 232 2
167 267 2
176 276 3
178 278 2
202 302 3
204 304 3
211 311 2
211 311 2
240 340 2
245 345 2
246 346 3
253 353 3
265 365 3
288 388 3
304 404 2
304 404 3
307 407 2
313 413 2
316 416 2
337 437 2
341 441 3
346 446 3
364 464 2
365 465 3
374 474 2
386 486 2
397 497 3
401 501 2
425 525 2
425 525 2
430 530 3
457 557 2
458 558 3
460 560 2
461 561 2
469 569 3
471 571 2
481 581 2
487 587 2
494 594 2
519 619 2
524 624 2
532 632 2
532 632 2
538 638 2
548 648 3
554 654 2
569 669 2
578 678 2
581 681 3
582 682 3
593 693 2
595 695 3
597 697 3
613 713 2
615 715 2
637 737 2
645 745 3
649 749 2
650 750 3
656 756 2
663 763 2
675 775 2
680 780 3
691 791 3
693 793 3
709 809 3
712 812 3
712 812 3
718 818 3
722 822 2
743 843 2
743 843 2
743 843 3
766 866 3
769 869 2
790 890 2
804 904 2
806 906 3
815 915 2
821 921 3
828 928 2
836 936 2
844 944 2
914 1014 3
920 1020 3
925 1025 2
926 1026 3
937 1037 2
966 1066 2
972 1072 3
976 1076 3
8 108 2
27 127 2
40 140 2
40 140 2
43 143 2
49 149 2
51 151 3
54 154 2
58 158 3
74 174 2
85 185 2
94 194 2
120 220 2
123 223 2
129 229 3
141 241 2
145 245 3
185 285 3
189 289 2
203 303 3
207 307 2
208 308 2
218 318 3
225 325 2
226 326 3
229 329 3
238 338 3
241 341 2
253 353 3
265 365 2
265 365 3
285 385 3
301 401 2
309 409 2
317 417 2
328 428 3
340 440 2
349 449 2
352 452 2
365 465 2
379 479 3
386 486 3
401 501 2
402 502 2
423 523 2
439 539 3
464 564 2
476 576 2
488 588 2
503 603 2
505 605 2
508 608 2
532 632 2
534 634 2
547 647 2
568 668 3
572 672 2
574 674 2
591 691 2
609 709 3
619 719 3
624 724 3
630 730 2
641 741 3
651 751 3
662 762 2
662 762 2
665 765 3
686 786 3
690 790 3
704 804 2
712 812 3
720 820 3
731 831 2
734 834 3
758 858 3
776 876 2
783 883 2
797 897 3
830 930 3
845 945 2
854 954 3
864 964 2
879 979 2
885 985 2
891 991 3
914 1014 2
923 1023 3
935 1035 2
943 1043 3
943 1043 3
944 1044 2
944 1044 2
950 1050 2
953 1053 3
957 1057 3
958 1058 2
967 1067 3
978 1078 3
992 1092 3
1 101 2
3 103 3
6 106 2
14 114 3
20 120 3
37 137 3
38 138 2
52 152 2
58 158 2
62 162 3
67 167 3
78 178 2
79 179 3
101 201 2
102 202 2
109 209 2
109 209 2
126 226 2
128 228 2
131 231 2
143 243 3
153 253 2
157 257 3
193 293 2
213 313 3
217 317 3
217 317 3
218 318 2
238 338 2
257 357 2
257 357 3
260 360 2
276 376 2
306 406 3
317 417 2
318 418 2
323 423 3
340 440 3
344 444 2
354 454 2
359 459 2
379 479 2
379 479 2
388 488 2
388 488 3
428 528 3
436 536 2
441 541 3
459 559 3
477 577 2
493 593 3
498 598 2
513 613 3
519 619 2
520 620 2
536 636 2
538 638 3
553 653 3
564 664 2
580 680 3
628 728 3
649 749 2
658 758 3
687 787 2
687 787 3
689 789 2
689 789 3
697 797 2
717 817 3
722 822 2
739 839 2
751 851 2
782 882 2
790 890 3
792 892 3
793 893 3
794 894 2
809 909 3
812 912 3
820 920 3
822 922 3
831 931 3
839 939 3
842 942 3
844 944 2
844 944 3
893 993 2
895 995 2
904 1004 2
911 1011 2
920 1020 2
923 1023 2
925 1025 3
926 1026 2
929 1029 3
937 1037 2
947 1047 3
966 1066 3
993 1093 2
995 1095 3
2 102 3
32 132 2
41 141 3
53 153 2
54 154 3
60 160 3
60 160 3
69 169 3
70 170 2
78 178 2
92 192 2
121 221 3
127 227 2
147 247 2
151 251 3
161 261 3
163 263 3
166 266 3
167 267 2
169 269 3
195 295 2
203 303 2
213 313 2
218 318 3
232 332 2
238 338 2
241 341 2
254 354 2
261 361 3
288 388 2
288 388 3
293 393 3
306 406 2
313 413 2
329 429 3
340 440 2
343 443 2
345 445 2
352 452 2
363 463 3
379 479 2
380 480 3
394 494 2
404 504 2
404 504 3
413 513 2
417 517 2
426 526 2
428 528 2
453 553 2
470 570 2
487 587 2
495 595 3
497 597 3
498 598 2
498 598 2
507 607 3
513 613 3
521 621 2
521 621 3
530 630 3
532 632 2
532 632 3
552 652 2
565 665 2
569 669 3
570 670 2
606 706 2
613 713 3
617 717 3
649 749 3
658 758 2
674 774 2
681 781 2
697 797 2
699 799 2
702 802 3
709 809 2
713 813 3
718 818 2
720 820 2
731 831 3
732 832 3
740 840 3
776 876 2
779 879 2
793 893 2
800 900 3
802 902 2
811 911 3
836 936 2
847 947 3
859 959 2
864 964 2
867 967 2
910 1010 3
919 1019 3
921 1021 3
925 1025 3
964 1064 2
7 107 3
12 112 2
42 142 3
42 142 3
46 146 2
52 152 2
61 161 3
69 169 3
72 172 2
80 180 3
90 190 2
118 218 3
122 222 3
126 226 2
129 229 3
146 246 3
163 263 3
189 289 2
191 291 3
206 306 3
210 310 3
224 324 3
227 327 3
229 329 3
245 345 2
246 346 2
250 350 2
288 388 2
298 398 2
299 399 3
301 401 3
308 408 3
328 428 3
341 441 2
345 445 3
352 452 2
369 469 3
391 491 2
392 492 2
414 514 3
428 528 2
428 528 3
447 547 2
454 554 3
456 556 3
458 558 3
462 562 3
472 572 2
475 575 3
489 589 3
495 595 3
505 605 2
519 619 3
528 628 3
532 632 3
535 635 2
545 645 2
582 682 3
586 686 3
592 692 2
600 700 2
605 705 2
611 711 3
642 742 3
644 744 3
658 758 3
664 764 3
667 767 2
672 772 3
676 776 2
680 780 2
681 781 2
686 786 3
698 798 3
703 803 3
706 806 3
714 814 2
715 815 2
741 841 2
785 885 3
814 914 3
823 923 3
852 952 2
855 955 3
861 961 3
864 964 3
868 968 3
874 974 2
880 980 2
887 987 3
894 994 2
917 1017 3
917 1017 3
919 1019 2
920 1020 3
943 1043 2
947 1047 3
953 1053 2
955 1055 2
1000 1100 2
3 103 2
18 118 2
20 120 2
29 129 3
35 135 2
49 149 2
55 155 3
68 168 3
77 177 2
83 183 3
86 186 3
91 191 2
106 206 3
121 221 3
122 222 3
123 223 2
129 229 3
145 245 3
155 255 3
156 256 3
162 262 2
167 267 3
177 277 3
205 305 3
220 320 3
245 345 2
245 345 2
290 390 2
308 408 3
315 415 2
325 425 2
332 432 2
337 437 3
358 458 2
360 460 2
362 462 2
365 465 3
372 472 3
378 478 3
396 496 3
406 506 2
415 515 2
441 541 2
457 557 3
461 561 2
466 566 3
477 577 3
482 582 3
497 597 2
515 615 3
521 621 3
527 627 3
546 646 3
574 674 2
585 685 2
593 693 2
607 707 3
622 722 2
631 731 2
635 735 2
641 741 2
650 750 3
655 755 3
656 756 3
662 762 2
668 768 2
675 775 3
681 781 2
701 801 3
704 804 2
722 822 3
734 834 3
735 835 3
740 840 3
751 851 2
751 851 2
768 868 3
768 868 3
773 873 3
809 909 3
813 913 2
832 932 2
870 970 2
883 983 3
894 994 2
900 1000 2
901 1001 2
907 1007 2
945 1045 2
947 1047 3
951 1051 2
954 1054 3
961 1061 2
970 1070 2
973 1073 3
977 1077 3
986 1086 2
992 1092 2
992 1092 2
992 1092 2
2 102 3
7 107 2
10 110 2
11 111 3
13 113 2
25 125 3
29 129 2
52 152 2
67 167 2
87 187 3
97 197 2
100 200 2
116 216 3
121 221 3
124 224 2
133 233 3
151 251 3
160 260 2
160 260 3
164 264 3
165 265 3
213 313 3
216 316 3
220 320 3
238 338 3
253 353 2
253 353 2
257 357 2
275 375 3
281 381 3
282 382 3
288 388 2
307 407 2
308 408 3
320 420 3
333 433 3
336 436 2
344 444 3
365 465 3
379 479 2
381 481 2
385 485 3
386 486 3
394 494 2
399 499 3
400 500 2
401 501 2
401 501 3
403 503 2
465 565 2
467 567 3
477 577 3
488 588 2
490 590 3
513 613 2
520 620 3
521 621 2
524 624 3
526 626 2
560 660 3
560 660 3
565 665 2
571 671 3
584 684 3
602 702 3
604 704 2
609 709 3
614 714 2
616 716 2
634 734 2
643 743 3
658 758 2
658 758 2
663 763 3
686 786 3
691 791 3
705 805 2
708 808 2
731 831 2
737 837 3
747 847 2
749 849 2
798 898 3
802 902 3
817 917 2
817 917 3
825 925 3
839 939 3
865 965 2
883 983 3
898 998 2
911 1011 3
917 1017 2
925 1025 2
928 1028 3
932 1032 3
950 1050 3
963 1063 2
981 1081 2
987 1087 2
