200 20 60219
10 142 187
10 119 169
10 125 170
10 86 212
10 146 246
10 65 240
10 83 176
10 73 211
10 58 240
10 136 235
10 72 240
10 117 225
10 56 242
10 54 209
10 56 203
10 68 170
10 126 175
10 83 227
10 101 208
10 138 202
107 207 32
129 229 31
159 259 26
215 315 26
386 486 29
402 502 33
637 737 27
813 913 28
934 1034 34
990 1090 34
49 149 35
167 267 29
179 279 31
196 296 25
318 418 35
359 459 25
615 715 31
714 814 27
840 940 27
899 999 34
87 187 25
300 400 29
462 562 25
481 581 26
512 612 33
806 906 28
849 949 30
895 995 29
945 1045 32
952 1052 29
47 147 33
86 186 29
314 414 31
334 434 30
411 511 34
452 552 33
749 849 32
842 942 31
962 1062 31
964 1064 31
94 194 25
121 221 27
177 277 30
511 611 35
621 721 26
713 813 29
742 842 33
907 1007 31
908 1008 33
973 1073 34
14 114 26
157 257 33
174 274 31
257 357 29
416 516 28
475 575 26
649 749 32
675 775 32
858 958 27
873 973 28
18 118 35
146 246 29
171 271 33
386 486 33
402 502 33
549 649 30
617 717 25
690 790 25
816 916 30
933 1033 27
52 152 34
119 219 32
517 617 28
528 628 27
628 728 32
629 729 28
640 740 29
909 1009 31
945 1045 32
974 1074 31
9 109 30
68 168 25
117 217 30
391 491 31
598 698 25
705 805 31
841 941 30
853 953 27
932 1032 29
936 1036 32
135 235 33
183 283 25
296 396 33
302 402 26
370 470 25
387 487 25
394 494 29
567 667 32
763 863 30
781 881 33
176 276 28
186 286 27
300 400 27
359 459 33
511 611 30
673 773 26
715 815 30
763 863 33
782 882 33
895 995 25
17 117 25
27 127 29
71 171 34
261 361 33
349 449 25
364 464 25
370 470 27
537 637 32
593 693 29
607 707 34
80 180 33
181 281 34
306 406 29
350 450 27
391 491 34
415 515 29
574 674 28
928 1028 31
963 1063 27
984 1084 31
19 119 25
122 222 25
398 498 25
399 499 28
685 785 32
695 795 28
736 836 26
875 975 29
935 1035 25
944 1044 31
36 136 32
92 192 28
187 287 34
320 420 32
439 539 27
488 588 27
871 971 30
936 1036 27
991 1091 29
994 1094 33
11 111 30
31 131 32
216 316 27
399 499 28
531 631 29
590 690 26
706 806 31
789 889 29
795 895 29
991 1091 32
166 266 27
236 336 32
377 477 27
377 477 34
501 601 31
589 689 30
634 734 33
648 748 33
734 834 33
968 1068 30
16 116 32
199 299 31
209 309 33
237 337 34
398 498 32
646 746 34
767 867 31
869 969 25
874 974 25
878 978 33
37 137 29
80 180 31
322 422 29
353 453 26
438 538 26
522 622 31
558 658 31
620 720 34
627 727 25
762 862 29
50 150 31
143 243 25
200 300 33
593 693 34
625 725 34
687 787 30
854 954 28
864 964 27
873 973 31
994 1094 29
