2000 100 6205866
20 129 210
20 140 250
20 53 206
20 84 163
20 85 224
20 52 191
20 97 174
20 63 211
20 85 201
20 111 230
20 146 190
20 74 205
20 113 241
20 129 177
20 69 186
20 50 154
20 76 179
20 79 164
20 85 172
20 147 222
20 145 246
20 113 239
20 143 239
20 85 212
20 99 203
20 143 217
20 115 217
20 86 232
20 109 205
20 72 241
20 95 157
20 112 230
20 147 247
20 148 152
20 100 163
20 89 200
20 128 191
20 128 250
20 116 212
20 106 232
20 150 204
20 64 182
20 87 205
20 67 177
20 73 190
20 139 155
20 86 156
20 99 177
20 119 215
20 51 165
20 63 206
20 51 205
20 75 227
20 149 245
20 65 210
20 53 197
20 72 244
20 107 206
20 111 179
20 118 238
20 56 234
20 68 199
20 112 186
20 142 175
20 55 170
20 87 206
20 64 204
20 120 153
20 52 192
20 51 158
20 75 214
20 58 240
20 61 181
20 66 163
20 107 171
20 109 204
20 65 233
20 129 173
20 117 225
20 140 199
20 132 189
20 54 217
20 54 235
20 133 232
20 144 153
20 51 202
20 113 186
20 76 169
20 84 163
20 121 181
20 107 162
20 61 161
20 132 205
20 139 152
20 84 158
20 108 213
20 91 209
20 89 159
20 74 229
20 136 171
820 1820 15
954 1954 16
974 1974 14
1573 2573 14
1732 2732 13
2363 3363 15
2739 3739 16
3127 4127 15
3258 4258 14
3467 4467 12
3494 4494 12
4851 5851 12
5198 6198 12
5280 6280 13
6742 7742 13
6778 7778 14
8769 9769 15
8915 9915 12
9373 10373 12
9477 10477 13
553 1553 13
1618 2618 14
1965 2965 13
2057 3057 15
3509 4509 12
4483 5483 14
5401 6401 14
5513 6513 13
5571 6571 16
5797 6797 15
6296 7296 14
7143 8143 14
8451 9451 13
8479 9479 16
8495 9495 15
8509 9509 16
8798 9798 16
8961 9961 16
9195 10195 12
9975 10975 14
105 1105 14
1500 2500 15
2297 3297 15
3000 4000 13
3238 4238 13
4240 5240 14
4270 5270 12
4468 5468 13
4530 5530 15
5049 6049 13
6208 7208 12
6452 7452 14
6577 7577 12
6984 7984 15
7084 8084 16
7213 8213 14
7557 8557 12
8193 9193 12
9045 10045 16
9124 10124 13
684 1684 12
861 1861 13
2006 3006 15
2419 3419 16
2569 3569 15
3684 4684 15
3692 4692 13
3812 4812 14
3818 4818 13
5307 6307 13
6051 7051 13
6137 7137 14
6165 7165 14
6240 7240 13
6321 7321 16
6378 7378 15
7293 8293 16
7385 8385 16
7848 8848 15
9473 10473 13
76 1076 12
530 1530 16
1192 2192 12
1742 2742 16
2825 3825 15
3414 4414 16
3853 4853 14
4920 5920 14
5163 6163 12
5178 6178 13
6688 7688 13
7597 8597 15
7690 8690 16
7935 8935 15
8230 9230 14
8363 9363 16
8634 9634 15
9291 10291 12
9449 10449 13
9894 10894 12
339 1339 12
392 1392 12
656 1656 16
1072 2072 15
1225 2225 13
1302 2302 13
1797 2797 16
1813 2813 14
2559 3559 15
3731 4731 14
4465 5465 14
4513 5513 16
5052 6052 16
5154 6154 15
5226 6226 14
5579 6579 13
7004 8004 12
7237 8237 12
9234 10234 14
9242 10242 13
279 1279 16
632 1632 16
918 1918 16
1650 2650 13
2606 3606 14
3355 4355 14
3967 4967 12
4259 5259 13
4832 5832 13
4999 5999 16
5037 6037 13
5680 6680 13
6035 7035 12
6364 7364 13
6547 7547 12
6883 7883 14
7979 8979 16
8554 9554 12
8942 9942 16
9937 10937 13
221 1221 16
378 1378 12
940 1940 14
1022 2022 16
1788 2788 15
2720 3720 15
2846 3846 12
3690 4690 15
4372 5372 15
4921 5921 13
5114 6114 16
6374 7374 14
6440 7440 12
6873 7873 13
7056 8056 12
7468 8468 16
7960 8960 13
8148 9148 13
8694 9694 15
8842 9842 13
315 1315 16
437 1437 12
757 1757 13
1357 2357 12
1851 2851 12
2121 3121 15
2171 3171 16
3423 4423 12
3428 4428 15
6220 7220 13
6828 7828 12
7164 8164 13
7381 8381 13
7447 8447 13
7659 8659 15
7753 8753 14
7888 8888 14
9045 10045 16
9303 10303 12
9998 10998 14
325 1325 16
796 1796 16
1905 2905 14
1973 2973 13
2110 3110 15
3459 4459 16
4452 5452 12
4634 5634 14
5055 6055 15
5235 6235 16
5716 6716 14
6379 7379 15
6839 7839 12
7113 8113 12
7531 8531 15
8138 9138 13
8932 9932 14
9180 10180 16
9206 10206 13
9838 10838 13
552 1552 14
1117 2117 15
2138 3138 16
3742 4742 13
4486 5486 15
4597 5597 12
4964 5964 13
5281 6281 13
6353 7353 13
6470 7470 13
6585 7585 14
7735 8735 12
8163 9163 13
8393 9393 16
8770 9770 13
9245 10245 15
9385 10385 15
9519 10519 13
9688 10688 16
9702 10702 13
306 1306 16
574 1574 13
784 1784 16
1085 2085 14
1285 2285 15
1462 2462 12
2513 3513 14
2992 3992 12
3071 4071 14
3154 4154 16
3185 4185 13
4548 5548 16
4613 5613 12
4752 5752 16
6453 7453 12
6697 7697 12
6975 7975 16
7758 8758 14
7950 8950 16
8513 9513 15
4 1004 16
630 1630 13
1965 2965 12
2635 3635 14
4282 5282 16
5002 6002 14
5017 6017 16
5269 6269 13
5867 6867 13
6293 7293 15
6488 7488 14
6792 7792 14
6884 7884 12
8405 9405 16
8444 9444 14
8487 9487 14
8577 9577 14
8632 9632 13
9041 10041 14
9458 10458 16
347 1347 12
583 1583 14
1759 2759 12
2439 3439 12
2636 3636 13
2924 3924 12
3496 4496 16
5003 6003 14
5152 6152 16
6160 7160 12
7114 8114 12
7244 8244 15
7357 8357 12
7471 8471 13
7741 8741 15
7824 8824 13
9067 10067 12
9173 10173 14
9314 10314 13
9349 10349 16
92 1092 16
929 1929 13
962 1962 16
2165 3165 14
2201 3201 12
3009 4009 16
3324 4324 15
3896 4896 13
4155 5155 14
4245 5245 16
4720 5720 12
5664 6664 14
6054 7054 12
6603 7603 13
7310 8310 16
7716 8716 14
8666 9666 14
9597 10597 14
9900 10900 15
9983 10983 15
1147 2147 15
1446 2446 15
2252 3252 16
3043 4043 15
3046 4046 13
3196 4196 15
3204 4204 12
3351 4351 16
3942 4942 16
5202 6202 12
7152 8152 13
7984 8984 15
8524 9524 13
8637 9637 12
8658 9658 14
8683 9683 15
8721 9721 13
8805 9805 14
8829 9829 14
9178 10178 16
411 1411 15
2046 3046 16
2146 3146 16
2616 3616 13
2842 3842 13
3070 4070 13
3758 4758 12
4918 5918 12
5471 6471 15
5566 6566 13
6079 7079 12
6136 7136 13
6394 7394 16
6823 7823 15
7088 8088 14
7657 8657 16
8408 9408 13
9108 10108 16
9566 10566 13
9677 10677 12
392 1392 12
405 1405 14
750 1750 13
1877 2877 14
2100 3100 12
2102 3102 12
2134 3134 15
2548 3548 14
3272 4272 16
3902 4902 15
3972 4972 15
5155 6155 15
5668 6668 15
6326 7326 14
6971 7971 15
7307 8307 14
8276 9276 16
8489 9489 12
9380 10380 16
9722 10722 13
312 1312 13
732 1732 16
1653 2653 13
2912 3912 16
3035 4035 12
3925 4925 13
3971 4971 13
4400 5400 13
4537 5537 16
4918 5918 15
5059 6059 16
5798 6798 15
6691 7691 16
7241 8241 13
7734 8734 16
8362 9362 14
8517 9517 14
8979 9979 12
9073 10073 12
9187 10187 12
38 1038 16
47 1047 15
756 1756 16
1350 2350 12
1502 2502 16
1540 2540 16
1863 2863 14
4421 5421 14
4504 5504 15
4647 5647 12
4801 5801 16
5284 6284 14
7093 8093 13
7196 8196 13
7514 8514 12
7894 8894 12
8403 9403 14
8760 9760 14
9190 10190 14
9927 10927 14
199 1199 13
307 1307 16
360 1360 15
691 1691 13
1496 2496 15
1965 2965 15
2714 3714 15
3314 4314 14
3935 4935 15
4054 5054 16
4513 5513 12
4566 5566 12
5389 6389 12
6033 7033 15
6179 7179 14
6838 7838 12
7068 8068 15
7127 8127 13
7819 8819 12
7877 8877 14
973 1973 12
1388 2388 12
1668 2668 16
1989 2989 12
2044 3044 15
2063 3063 14
2366 3366 13
2383 3383 14
2597 3597 16
3411 4411 12
3579 4579 14
3788 4788 15
4324 5324 16
4754 5754 13
5135 6135 12
6465 7465 13
7890 8890 13
8706 9706 14
9490 10490 13
9943 10943 15
137 1137 15
588 1588 14
750 1750 12
1114 2114 16
1554 2554 13
2706 3706 15
2783 3783 13
2884 3884 12
3178 4178 12
3243 4243 16
4142 5142 12
4574 5574 14
4619 5619 16
5038 6038 13
6555 7555 14
7333 8333 13
7977 8977 16
8427 9427 14
8728 9728 14
8826 9826 15
1255 2255 16
2519 3519 14
3081 4081 15
3573 4573 15
3659 4659 13
3720 4720 13
4257 5257 13
4365 5365 12
4381 5381 13
4582 5582 13
4983 5983 14
5885 6885 12
6504 7504 16
7137 8137 12
7860 8860 12
8128 9128 13
8468 9468 12
9251 10251 15
9322 10322 15
9438 10438 13
212 1212 13
261 1261 14
712 1712 12
1778 2778 12
2086 3086 14
2319 3319 12
2639 3639 14
2807 3807 13
4386 5386 12
4791 5791 12
4853 5853 13
4949 5949 15
5278 6278 14
5762 6762 14
6250 7250 14
6847 7847 14
8169 9169 16
8570 9570 12
9742 10742 13
9942 10942 16
180 1180 14
1101 2101 15
1249 2249 15
1458 2458 13
1499 2499 16
1678 2678 13
2856 3856 13
3431 4431 16
3494 4494 13
5612 6612 12
5915 6915 16
6154 7154 12
6216 7216 14
6879 7879 16
7643 8643 12
7747 8747 13
7942 8942 12
8998 9998 14
9037 10037 14
9605 10605 13
849 1849 15
924 1924 12
1305 2305 12
1339 2339 13
1937 2937 13
2074 3074 12
2803 3803 12
2822 3822 16
3562 4562 15
3700 4700 16
4288 5288 13
4319 5319 14
5253 6253 15
5841 6841 15
6332 7332 12
6438 7438 12
7036 8036 13
8395 9395 16
8489 9489 14
9671 10671 12
18 1018 15
270 1270 16
617 1617 14
732 1732 13
893 1893 15
983 1983 13
1946 2946 15
3057 4057 13
3477 4477 13
3892 4892 13
3942 4942 13
4312 5312 16
6606 7606 14
6974 7974 15
7008 8008 12
7391 8391 12
7519 8519 16
8513 9513 14
8995 9995 15
9872 10872 12
479 1479 14
733 1733 16
1014 2014 14
1225 2225 16
1251 2251 12
1496 2496 16
1789 2789 15
1899 2899 14
2464 3464 14
3001 4001 13
3786 4786 15
4134 5134 15
4362 5362 14
6357 7357 13
6488 7488 16
6531 7531 13
7053 8053 16
7826 8826 16
9803 10803 16
9879 10879 12
903 1903 14
1661 2661 16
2169 3169 15
2617 3617 14
2900 3900 15
2909 3909 14
3154 4154 15
4035 5035 16
4659 5659 15
5034 6034 15
5323 6323 14
6296 7296 16
6337 7337 12
6907 7907 15
7112 8112 15
7891 8891 12
7968 8968 13
8616 9616 14
9237 10237 12
9761 10761 15
293 1293 12
670 1670 12
726 1726 15
1019 2019 14
1320 2320 12
1525 2525 15
1584 2584 13
2465 3465 12
3099 4099 12
3413 4413 14
4025 5025 15
4762 5762 15
4778 5778 15
5113 6113 14
5685 6685 12
6998 7998 16
7734 8734 12
8864 9864 14
8931 9931 15
9860 10860 16
84 1084 16
549 1549 12
1166 2166 14
1175 2175 13
1447 2447 15
1603 2603 12
2953 3953 12
3052 4052 13
3328 4328 16
3792 4792 12
3963 4963 16
5313 6313 14
5315 6315 15
5322 6322 16
7513 8513 14
7659 8659 12
7783 8783 15
8267 9267 13
9142 10142 15
9917 10917 16
3 1003 14
1049 2049 16
1349 2349 13
1865 2865 16
1914 2914 16
1945 2945 15
2224 3224 12
2609 3609 12
3077 4077 15
4268 5268 14
4419 5419 13
5334 6334 15
5573 6573 16
5749 6749 14
5773 6773 14
5785 6785 16
6151 7151 16
6885 7885 15
8907 9907 15
9623 10623 13
304 1304 12
313 1313 12
1544 2544 16
2904 3904 14
3881 4881 13
4279 5279 14
4295 5295 12
4347 5347 16
4783 5783 13
5260 6260 14
6094 7094 16
6180 7180 14
7411 8411 16
7746 8746 14
7838 8838 13
7985 8985 16
8027 9027 12
8157 9157 14
8587 9587 12
9886 10886 13
787 1787 15
2308 3308 16
2960 3960 12
3280 4280 15
3483 4483 13
3587 4587 14
4107 5107 12
4500 5500 12
5345 6345 12
5588 6588 13
6471 7471 14
6507 7507 16
6573 7573 13
6752 7752 16
7079 8079 16
7674 8674 14
8428 9428 15
9018 10018 12
9596 10596 15
9816 10816 14
644 1644 15
716 1716 15
2259 3259 13
2910 3910 15
3163 4163 12
4404 5404 12
4538 5538 12
5116 6116 16
5384 6384 13
5408 6408 14
5872 6872 13
6276 7276 14
6563 7563 15
6846 7846 15
7485 8485 13
8441 9441 16
8793 9793 12
9376 10376 16
9446 10446 13
9801 10801 15
119 1119 15
750 1750 14
899 1899 13
964 1964 12
1356 2356 16
1953 2953 13
2530 3530 15
3214 4214 16
4051 5051 15
5734 6734 15
6687 7687 16
7252 8252 16
8050 9050 13
8124 9124 15
8491 9491 13
8526 9526 12
8799 9799 13
8897 9897 12
9051 10051 15
9396 10396 13
612 1612 15
651 1651 15
1568 2568 16
1927 2927 13
2601 3601 14
2926 3926 16
3251 4251 12
3751 4751 16
3851 4851 12
4511 5511 12
5013 6013 16
6484 7484 15
6598 7598 15
7210 8210 16
7885 8885 13
7918 8918 14
8109 9109 13
9372 10372 16
9570 10570 13
9585 10585 16
18 1018 13
712 1712 15
934 1934 13
1239 2239 16
1628 2628 13
1857 2857 15
2294 3294 14
2732 3732 16
3135 4135 15
3475 4475 13
3481 4481 13
4517 5517 14
4689 5689 14
5009 6009 16
7217 8217 15
7956 8956 16
8054 9054 16
8278 9278 13
8414 9414 14
8682 9682 13
63 1063 12
468 1468 13
501 1501 12
845 1845 12
1088 2088 12
1099 2099 13
1142 2142 12
1392 2392 13
1460 2460 14
2180 3180 16
3738 4738 12
4041 5041 16
4167 5167 12
4385 5385 15
6228 7228 15
6514 7514 12
8008 9008 15
8159 9159 13
9354 10354 15
9942 10942 13
1395 2395 15
1999 2999 12
2935 3935 16
3759 4759 14
4086 5086 15
4341 5341 14
5027 6027 15
5217 6217 14
5366 6366 13
6926 7926 13
7225 8225 16
7229 8229 13
7242 8242 13
7810 8810 14
7947 8947 13
8189 9189 16
8400 9400 13
8400 9400 14
8890 9890 15
9619 10619 15
758 1758 15
1065 2065 12
3113 4113 14
3528 4528 15
3874 4874 13
3974 4974 15
4574 5574 14
4729 5729 16
5260 6260 14
5488 6488 13
5933 6933 12
6058 7058 16
6563 7563 15
6667 7667 15
6688 7688 14
6914 7914 13
7551 8551 14
7674 8674 14
8096 9096 16
8851 9851 13
1984 2984 12
2440 3440 13
2694 3694 15
3541 4541 14
4562 5562 15
4611 5611 14
5122 6122 16
5287 6287 12
5433 6433 12
5609 6609 15
6084 7084 14
6623 7623 15
6801 7801 15
7157 8157 13
7599 8599 13
7895 8895 16
7953 8953 12
8976 9976 13
9046 10046 16
9741 10741 16
76 1076 14
453 1453 12
838 1838 13
1546 2546 15
2716 3716 16
3156 4156 14
3248 4248 12
3514 4514 13
3901 4901 15
4862 5862 16
4987 5987 16
5612 6612 14
5722 6722 12
5816 6816 16
6410 7410 12
7225 8225 16
7733 8733 13
8826 9826 12
9603 10603 14
9739 10739 13
261 1261 16
536 1536 15
1085 2085 16
1171 2171 15
1850 2850 15
1908 2908 12
2939 3939 12
3042 4042 14
3344 4344 15
4685 5685 14
4951 5951 15
5292 6292 15
5300 6300 15
5455 6455 13
5497 6497 13
6815 7815 16
9292 10292 16
9428 10428 15
9442 10442 14
9489 10489 13
88 1088 16
730 1730 14
1066 2066 16
3038 4038 15
3075 4075 15
3118 4118 15
3575 4575 15
4400 5400 13
4504 5504 14
4748 5748 16
4996 5996 16
5480 6480 13
6397 7397 13
6476 7476 13
6617 7617 13
6831 7831 13
8497 9497 15
9299 10299 14
9358 10358 16
9371 10371 12
268 1268 13
637 1637 16
1704 2704 14
2043 3043 14
2114 3114 13
2701 3701 13
4416 5416 13
4892 5892 14
4922 5922 12
5057 6057 12
5622 6622 15
5938 6938 14
6689 7689 16
6976 7976 13
7968 8968 15
8166 9166 15
8334 9334 13
8829 9829 15
9166 10166 16
9264 10264 13
285 1285 13
744 1744 13
2159 3159 14
2280 3280 13
2429 3429 13
2465 3465 12
3617 4617 16
4009 5009 15
5525 6525 15
5684 6684 14
5713 6713 12
6929 7929 14
7022 8022 16
7242 8242 16
8064 9064 13
9543 10543 13
9669 10669 12
9672 10672 16
9717 10717 16
9824 10824 16
429 1429 13
540 1540 14
842 1842 13
989 1989 16
1119 2119 12
1624 2624 15
1794 2794 12
2067 3067 13
2427 3427 16
2892 3892 13
3593 4593 12
3697 4697 12
3821 4821 14
4153 5153 16
5842 6842 12
6326 7326 14
7957 8957 12
7965 8965 16
8936 9936 13
9898 10898 16
49 1049 15
1238 2238 16
1755 2755 13
2792 3792 13
3193 4193 16
3763 4763 13
3855 4855 13
4515 5515 14
4640 5640 15
5056 6056 14
5828 6828 12
5931 6931 15
7037 8037 16
7096 8096 13
7099 8099 15
7861 8861 13
8270 9270 12
9112 10112 14
9571 10571 12
9575 10575 14
401 1401 16
431 1431 16
988 1988 12
1950 2950 15
2085 3085 13
2456 3456 16
2809 3809 14
3061 4061 16
3713 4713 13
4548 5548 16
5081 6081 14
5275 6275 16
5304 6304 12
5945 6945 13
6947 7947 12
7686 8686 16
8629 9629 16
8964 9964 12
9257 10257 12
9390 10390 12
976 1976 13
1441 2441 12
2187 3187 16
2406 3406 15
2696 3696 13
3195 4195 14
3795 4795 14
3834 4834 16
3843 4843 13
4022 5022 14
4574 5574 15
6171 7171 16
6284 7284 14
6433 7433 13
7098 8098 15
8252 9252 16
8256 9256 15
8303 9303 13
8329 9329 13
8359 9359 13
378 1378 15
542 1542 13
1078 2078 14
3408 4408 15
4226 5226 16
4923 5923 13
6678 7678 15
6748 7748 14
6897 7897 12
6958 7958 15
7347 8347 13
7874 8874 16
7902 8902 16
7975 8975 12
8026 9026 16
8175 9175 14
8752 9752 15
8888 9888 12
9263 10263 16
9581 10581 14
799 1799 15
2741 3741 16
2962 3962 13
3569 4569 16
3573 4573 12
3713 4713 16
5014 6014 16
6116 7116 15
6849 7849 14
7405 8405 13
7505 8505 13
7602 8602 15
7775 8775 12
8107 9107 12
8230 9230 16
8580 9580 16
8804 9804 15
9332 10332 16
9580 10580 15
9934 10934 15
788 1788 14
2610 3610 13
3065 4065 13
3377 4377 15
3406 4406 13
3677 4677 14
3822 4822 14
3845 4845 16
3871 4871 14
4435 5435 15
4550 5550 14
4609 5609 15
5684 6684 13
5960 6960 13
6679 7679 14
7498 8498 15
9126 10126 16
9310 10310 15
9381 10381 12
9392 10392 15
57 1057 12
436 1436 16
554 1554 16
1103 2103 13
1312 2312 12
2156 3156 15
2181 3181 14
2420 3420 13
3597 4597 12
4126 5126 16
4731 5731 13
6065 7065 12
6220 7220 16
6567 7567 12
7098 8098 13
7146 8146 12
7860 8860 16
9075 10075 15
9213 10213 12
9603 10603 15
670 1670 14
1033 2033 12
1112 2112 15
1256 2256 15
1379 2379 12
1977 2977 14
2928 3928 16
3310 4310 16
3469 4469 15
4609 5609 13
5081 6081 15
5167 6167 15
5994 6994 16
6007 7007 12
6099 7099 12
6582 7582 15
6973 7973 16
7569 8569 15
7648 8648 16
9088 10088 15
862 1862 16
873 1873 12
1332 2332 16
1621 2621 13
4163 5163 16
4492 5492 14
4546 5546 14
5051 6051 13
5164 6164 14
5418 6418 16
5681 6681 14
6033 7033 16
6165 7165 12
6423 7423 15
7269 8269 16
8113 9113 13
8137 9137 12
9318 10318 16
9672 10672 14
9918 10918 13
303 1303 13
663 1663 14
3260 4260 13
3968 4968 14
4338 5338 13
4602 5602 16
4646 5646 16
4767 5767 16
5572 6572 16
5710 6710 13
5744 6744 14
6254 7254 15
6693 7693 15
7498 8498 15
7567 8567 13
8087 9087 14
8134 9134 15
8700 9700 14
9795 10795 13
9920 10920 12
1158 2158 12
1856 2856 16
2124 3124 15
2769 3769 15
3482 4482 12
4221 5221 14
4296 5296 14
5346 6346 16
5694 6694 14
5920 6920 15
6386 7386 12
6748 7748 13
6921 7921 15
7619 8619 16
7926 8926 14
7949 8949 14
8150 9150 15
8232 9232 14
8748 9748 13
9393 10393 13
95 1095 12
1026 2026 16
1284 2284 12
1872 2872 13
2356 3356 16
2527 3527 12
2669 3669 16
2791 3791 13
3020 4020 16
3536 4536 12
4775 5775 12
5634 6634 16
6177 7177 13
6987 7987 12
7610 8610 13
8075 9075 15
9422 10422 13
9454 10454 12
9803 10803 16
9998 10998 13
215 1215 12
433 1433 16
767 1767 13
898 1898 13
1009 2009 14
1475 2475 12
1597 2597 14
1921 2921 15
4689 5689 15
5151 6151 15
6048 7048 16
6359 7359 15
6719 7719 14
6815 7815 14
6835 7835 13
7402 8402 15
8702 9702 13
8826 9826 14
9008 10008 15
9443 10443 13
124 1124 12
319 1319 16
362 1362 14
854 1854 16
1109 2109 13
1607 2607 15
1756 2756 14
3746 4746 13
5466 6466 13
5498 6498 14
6008 7008 13
6281 7281 16
6327 7327 12
6406 7406 12
7094 8094 14
7764 8764 15
7956 8956 16
8349 9349 13
8394 9394 13
8962 9962 15
86 1086 13
183 1183 14
1130 2130 13
1319 2319 14
2294 3294 14
3060 4060 16
4662 5662 14
5198 6198 16
5452 6452 12
5901 6901 13
7042 8042 15
7261 8261 16
7265 8265 16
7288 8288 16
7877 8877 12
8088 9088 12
8320 9320 14
8936 9936 15
9165 10165 16
9286 10286 16
1010 2010 16
1342 2342 14
1775 2775 13
1781 2781 13
2165 3165 15
2545 3545 15
3099 4099 12
3300 4300 16
3573 4573 16
3668 4668 13
4042 5042 12
5369 6369 15
5815 6815 14
6173 7173 13
7412 8412 15
8280 9280 16
8844 9844 12
9330 10330 12
9620 10620 13
9798 10798 14
229 1229 13
291 1291 16
774 1774 16
919 1919 12
1375 2375 14
1523 2523 13
1758 2758 13
2016 3016 12
2353 3353 12
3692 4692 15
3824 4824 15
4023 5023 14
4911 5911 14
6532 7532 14
6816 7816 14
7129 8129 14
7258 8258 16
8311 9311 13
8821 9821 14
9231 10231 15
1226 2226 15
1478 2478 16
2444 3444 13
3246 4246 13
3289 4289 16
3854 4854 15
4255 5255 14
4322 5322 16
4681 5681 15
4878 5878 12
5803 6803 12
5978 6978 15
6097 7097 15
6409 7409 12
6662 7662 13
7794 8794 13
8151 9151 15
8942 9942 15
8970 9970 13
8987 9987 13
268 1268 14
650 1650 16
1032 2032 14
1235 2235 14
1699 2699 12
2241 3241 16
3796 4796 12
4169 5169 15
4762 5762 16
4898 5898 16
5235 6235 13
5319 6319 15
7337 8337 16
7512 8512 15
7672 8672 13
7920 8920 12
8494 9494 16
8673 9673 15
9021 10021 13
9196 10196 13
75 1075 14
705 1705 14
1421 2421 14
2011 3011 12
3482 4482 13
3494 4494 16
3537 4537 15
5481 6481 12
6047 7047 13
6285 7285 13
6380 7380 14
6864 7864 14
7150 8150 16
7813 8813 15
7973 8973 14
8420 9420 15
8541 9541 14
9249 10249 12
9695 10695 16
9830 10830 13
58 1058 16
230 1230 14
339 1339 16
594 1594 16
1578 2578 14
2700 3700 14
2848 3848 13
3515 4515 13
5171 6171 12
5281 6281 16
5610 6610 16
5625 6625 15
6181 7181 15
6432 7432 12
7000 8000 14
7217 8217 14
7385 8385 14
9156 10156 15
9343 10343 12
9380 10380 16
946 1946 15
1775 2775 12
2129 3129 16
2349 3349 15
2435 3435 13
2768 3768 16
3017 4017 13
3808 4808 16
3812 4812 14
4871 5871 12
5989 6989 13
6032 7032 14
6294 7294 12
6751 7751 13
6812 7812 13
7423 8423 15
7553 8553 16
8043 9043 13
8897 9897 13
9749 10749 15
435 1435 15
1506 2506 15
1610 2610 12
2035 3035 13
2446 3446 12
2965 3965 14
3101 4101 12
3555 4555 14
3803 4803 13
4126 5126 13
4234 5234 14
4557 5557 16
4561 5561 13
5237 6237 15
6027 7027 13
6295 7295 15
8938 9938 12
9085 10085 16
9644 10644 13
9749 10749 13
1197 2197 12
1680 2680 16
1874 2874 12
2071 3071 16
2332 3332 14
2579 3579 14
2596 3596 13
2943 3943 16
3777 4777 16
3892 4892 13
4201 5201 16
4705 5705 15
5970 6970 16
6625 7625 12
7460 8460 16
7589 8589 12
8667 9667 12
8721 9721 12
8863 9863 16
9898 10898 13
775 1775 14
782 1782 16
1107 2107 16
1592 2592 14
2108 3108 12
2806 3806 16
2808 3808 16
2889 3889 14
3041 4041 15
3695 4695 14
5598 6598 12
5696 6696 12
5849 6849 13
6099 7099 12
7026 8026 14
7492 8492 13
7880 8880 14
8389 9389 12
8550 9550 15
8738 9738 16
769 1769 12
1445 2445 12
2221 3221 15
2607 3607 12
3466 4466 13
3800 4800 15
3829 4829 16
4124 5124 16
4281 5281 14
4762 5762 16
5471 6471 14
6073 7073 15
6736 7736 14
6809 7809 14
6971 7971 13
7633 8633 15
7669 8669 16
7850 8850 13
9006 10006 16
9639 10639 14
93 1093 13
248 1248 16
312 1312 15
560 1560 13
1572 2572 12
2355 3355 16
2586 3586 15
2659 3659 15
4932 5932 16
5466 6466 15
6376 7376 13
6401 7401 13
6523 7523 13
6631 7631 16
6720 7720 13
7743 8743 14
8557 9557 14
8995 9995 14
9487 10487 12
9752 10752 13
736 1736 14
1231 2231 14
1375 2375 15
2297 3297 13
2418 3418 14
2578 3578 16
2724 3724 12
2906 3906 16
3120 4120 16
3389 4389 16
3700 4700 13
3725 4725 13
4800 5800 15
5249 6249 15
6400 7400 12
7602 8602 15
8468 9468 16
8573 9573 16
9223 10223 14
9935 10935 12
532 1532 16
805 1805 12
2769 3769 15
2938 3938 12
2952 3952 15
3702 4702 12
4686 5686 14
4822 5822 16
4831 5831 14
5277 6277 15
5481 6481 15
5903 6903 13
6323 7323 15
6510 7510 13
6666 7666 12
6666 7666 13
7008 8008 12
7107 8107 14
7450 8450 16
9347 10347 15
1237 2237 15
1633 2633 16
2463 3463 14
2640 3640 15
2947 3947 15
3458 4458 12
3605 4605 12
4050 5050 14
4225 5225 13
5551 6551 13
5594 6594 13
5840 6840 14
5964 6964 15
6222 7222 16
6248 7248 14
6777 7777 14
7100 8100 13
7298 8298 15
7951 8951 14
9239 10239 16
22 1022 12
852 1852 13
1734 2734 15
1757 2757 12
2493 3493 15
2674 3674 14
3572 4572 13
4070 5070 16
5543 6543 14
5737 6737 16
6109 7109 16
6141 7141 12
6418 7418 15
6439 7439 16
6653 7653 15
6946 7946 13
8217 9217 15
9277 10277 13
9856 10856 16
9862 10862 14
88 1088 16
117 1117 16
1265 2265 15
1322 2322 14
1482 2482 16
3130 4130 13
3511 4511 12
3715 4715 16
3935 4935 13
4214 5214 15
4914 5914 14
5700 6700 14
6041 7041 14
6383 7383 15
8217 9217 16
8237 9237 15
8275 9275 16
9094 10094 12
9240 10240 13
9701 10701 14
272 1272 15
1747 2747 16
1828 2828 16
2484 3484 15
3474 4474 12
3642 4642 14
4065 5065 16
5484 6484 13
6160 7160 13
6742 7742 15
7045 8045 14
7374 8374 15
7402 8402 15
7473 8473 16
7676 8676 15
7689 8689 14
8594 9594 12
8760 9760 12
9366 10366 13
9547 10547 13
1230 2230 16
1527 2527 12
1878 2878 13
1958 2958 16
2165 3165 12
3909 4909 13
4167 5167 14
4343 5343 14
4541 5541 14
5310 6310 14
5677 6677 14
5734 6734 13
6709 7709 13
6872 7872 12
7159 8159 16
7647 8647 13
9357 10357 14
9677 10677 12
9705 10705 16
9728 10728 13
1190 2190 14
1952 2952 13
2443 3443 12
2493 3493 13
2905 3905 16
3450 4450 13
3718 4718 13
3719 4719 12
3800 4800 14
4056 5056 16
4268 5268 13
4633 5633 14
5215 6215 15
6349 7349 15
6573 7573 15
6915 7915 16
7433 8433 12
8387 9387 15
8871 9871 13
9442 10442 13
137 1137 16
394 1394 14
702 1702 15
1005 2005 13
1015 2015 13
1822 2822 14
1951 2951 12
2097 3097 14
3024 4024 16
3995 4995 13
4355 5355 13
5610 6610 15
5714 6714 13
5854 6854 15
7005 8005 13
7035 8035 16
7176 8176 13
8098 9098 13
8518 9518 16
8550 9550 14
15 1015 14
345 1345 13
1269 2269 16
1552 2552 15
2000 3000 12
2029 3029 14
2034 3034 12
2584 3584 12
2718 3718 16
4971 5971 16
5680 6680 15
5806 6806 15
6038 7038 16
6139 7139 14
7398 8398 14
7840 8840 16
8162 9162 16
8349 9349 14
8922 9922 14
9207 10207 13
55 1055 13
730 1730 12
982 1982 16
1067 2067 15
1414 2414 14
1600 2600 13
1699 2699 13
2757 3757 13
3258 4258 15
3289 4289 12
4092 5092 15
6192 7192 12
6993 7993 16
7154 8154 12
7965 8965 12
8166 9166 13
8178 9178 15
8357 9357 14
8582 9582 12
8698 9698 13
749 1749 15
782 1782 13
1237 2237 16
2594 3594 15
2969 3969 15
3902 4902 13
5639 6639 15
5979 6979 14
6362 7362 13
6399 7399 16
6640 7640 12
7602 8602 14
7726 8726 15
8650 9650 14
8809 9809 14
9034 10034 15
9247 10247 13
9264 10264 13
9516 10516 13
9591 10591 12
89 1089 13
801 1801 12
846 1846 15
1404 2404 15
2013 3013 13
2182 3182 16
3317 4317 14
3469 4469 14
4116 5116 12
4227 5227 16
5253 6253 13
5325 6325 13
5631 6631 15
6596 7596 12
6958 7958 15
7074 8074 14
7281 8281 12
9174 10174 12
9525 10525 16
9928 10928 15
604 1604 12
1292 2292 15
1487 2487 16
1528 2528 13
2210 3210 16
2623 3623 14
3385 4385 15
3655 4655 13
4547 5547 14
5572 6572 15
5805 6805 13
6676 7676 14
6772 7772 15
7065 8065 15
7076 8076 12
7415 8415 14
7418 8418 13
8267 9267 12
8730 9730 16
9278 10278 14
597 1597 12
2094 3094 16
2765 3765 12
2773 3773 15
3134 4134 14
3141 4141 13
3262 4262 14
3599 4599 14
4548 5548 12
4665 5665 14
4982 5982 12
5815 6815 13
5840 6840 14
7104 8104 16
7467 8467 13
7715 8715 13
8171 9171 16
8503 9503 13
9277 10277 13
9942 10942 12
67 1067 14
222 1222 16
1015 2015 15
1842 2842 14
1968 2968 13
2267 3267 12
2438 3438 16
3425 4425 14
4021 5021 15
4029 5029 13
4055 5055 12
5227 6227 13
5308 6308 12
5999 6999 15
6178 7178 16
8178 9178 12
8571 9571 13
8809 9809 15
9483 10483 16
9742 10742 14
216 1216 13
556 1556 13
602 1602 12
957 1957 15
1597 2597 14
2075 3075 15
3353 4353 15
4400 5400 13
4828 5828 15
5784 6784 15
6049 7049 13
6278 7278 12
6462 7462 12
7292 8292 12
7559 8559 16
7817 8817 16
7846 8846 15
8560 9560 15
8581 9581 12
9124 10124 16
706 1706 13
785 1785 12
1364 2364 16
1801 2801 16
1972 2972 14
2658 3658 14
3090 4090 14
3346 4346 13
3733 4733 16
3967 4967 14
4940 5940 15
5191 6191 15
5315 6315 14
6492 7492 13
6691 7691 16
7158 8158 13
7274 8274 15
8382 9382 12
8440 9440 13
9288 10288 12
893 1893 15
1790 2790 13
3164 4164 15
3353 4353 16
3469 4469 16
4399 5399 16
4617 5617 14
4668 5668 13
4791 5791 16
5068 6068 16
6031 7031 16
6045 7045 13
6106 7106 13
6632 7632 16
6905 7905 12
7419 8419 12
7434 8434 16
8821 9821 13
9107 10107 15
9975 10975 13
17 1017 12
513 1513 12
525 1525 14
2323 3323 16
2645 3645 16
3471 4471 16
3803 4803 16
4721 5721 14
4925 5925 13
4961 5961 16
5802 6802 14
5842 6842 15
6264 7264 14
6482 7482 12
6652 7652 16
6708 7708 13
6995 7995 16
7869 8869 16
8969 9969 14
9559 10559 13
194 1194 14
474 1474 14
1236 2236 16
1911 2911 12
1986 2986 16
2461 3461 15
2988 3988 14
3555 4555 12
4023 5023 13
4574 5574 15
5961 6961 13
6256 7256 13
7179 8179 12
7478 8478 13
7769 8769 13
8035 9035 16
8068 9068 13
8792 9792 13
9051 10051 16
9768 10768 14
990 1990 13
1164 2164 16
1360 2360 13
2391 3391 13
2468 3468 14
3277 4277 14
3507 4507 16
3554 4554 12
3670 4670 12
4490 5490 13
4978 5978 15
5361 6361 16
5885 6885 12
7056 8056 12
7413 8413 14
7469 8469 14
7822 8822 12
9051 10051 13
9184 10184 14
9879 10879 16
101 1101 14
225 1225 16
230 1230 13
337 1337 13
762 1762 16
2024 3024 14
2569 3569 15
2929 3929 13
3855 4855 16
4250 5250 16
4866 5866 15
5244 6244 15
5295 6295 14
6334 7334 12
6984 7984 14
7137 8137 15
7455 8455 13
7710 8710 12
8449 9449 13
9003 10003 15
967 1967 13
1314 2314 16
2459 3459 13
2531 3531 14
3870 4870 15
4021 5021 12
4569 5569 13
4897 5897 15
4997 5997 15
5321 6321 15
5776 6776 15
6142 7142 12
6433 7433 16
6759 7759 13
6896 7896 16
6944 7944 12
7715 8715 15
8094 9094 15
8625 9625 16
9142 10142 13
