200 20 554646
10 92 219
10 81 232
10 122 199
10 59 162
10 55 225
10 108 170
10 75 153
10 50 157
10 112 237
10 118 172
10 124 159
10 51 245
10 97 210
10 67 207
10 60 230
10 143 219
10 116 228
10 96 199
10 118 189
10 112 209
727 1727 33
3049 4049 31
3816 4816 37
3943 4943 32
4673 5673 36
5937 6937 27
6544 7544 35
7083 8083 31
8638 9638 37
9746 10746 37
280 1280 32
3228 4228 29
3727 4727 29
4139 5139 34
6501 7501 27
6818 7818 38
7241 8241 36
8422 9422 31
9253 10253 32
9814 10814 37
179 1179 38
3254 4254 33
4294 5294 37
7094 8094 33
7232 8232 35
7615 8615 28
7797 8797 34
8356 9356 37
8748 9748 33
8918 9918 29
1413 2413 37
2530 3530 30
4441 5441 29
4624 5624 34
5053 6053 36
5565 6565 34
6193 7193 38
7486 8486 29
8159 9159 35
8427 9427 34
745 1745 29
1470 2470 37
2323 3323 29
2857 3857 31
3282 4282 29
5285 6285 29
5943 6943 27
6416 7416 28
7968 8968 32
9570 10570 38
1446 2446 31
1856 2856 37
2080 3080 36
4530 5530 27
4919 5919 36
5221 6221 27
5595 6595 34
5607 6607 28
7119 8119 37
8459 9459 28
1 1001 28
928 1928 34
1711 2711 28
4447 5447 38
4472 5472 28
5130 6130 28
7198 8198 37
7824 8824 27
7954 8954 37
8327 9327 32
1321 2321 38
2175 3175 34
2521 3521 34
3313 4313 32
3517 4517 28
3563 4563 30
3753 4753 33
4143 5143 29
5027 6027 30
8731 9731 32
1441 2441 36
2622 3622 37
2808 3808 32
5075 6075 33
5455 6455 34
6611 7611 32
6879 7879 37
7480 8480 30
7706 8706 34
7883 8883 35
158 1158 31
1058 2058 27
1363 2363 28
4192 5192 36
4661 5661 36
5798 6798 35
6120 7120 31
6998 7998 34
7346 8346 34
8398 9398 34
390 1390 37
3019 4019 29
3155 4155 30
3206 4206 31
3970 4970 37
5014 6014 27
7194 8194 28
9049 10049 36
9091 10091 27
9594 10594 31
693 1693 31
892 1892 38
1839 2839 37
2243 3243 37
4155 5155 34
4445 5445 37
5940 6940 37
6052 7052 28
7509 8509 32
9214 10214 29
1 1001 28
23 1023 31
2244 3244 38
6304 7304 33
6589 7589 37
7220 8220 35
7885 8885 28
8400 9400 35
8483 9483 31
8838 9838 33
100 1100 36
1390 2390 28
2499 3499 36
3541 4541 29
6559 7559 38
7217 8217 28
7562 8562 28
8179 9179 28
9428 10428 30
9620 10620 29
2465 3465 32
2853 3853 30
3955 4955 28
3991 4991 29
4905 5905 31
5752 6752 32
6079 7079 35
8126 9126 35
9499 10499 27
9783 10783 29
1132 2132 28
2092 3092 28
2481 3481 28
2507 3507 35
3436 4436 32
6121 7121 34
6122 7122 30
6710 7710 36
7094 8094 37
7739 8739 29
268 1268 35
1613 2613 34
1835 2835 37
2785 3785 37
3668 4668 36
4119 5119 36
6712 7712 37
7209 8209 35
7381 8381 34
9323 10323 32
141 1141 29
1105 2105 35
3671 4671 31
3712 4712 30
4505 5505 31
4784 5784 29
5766 6766 27
6428 7428 38
8281 9281 30
9725 10725 33
1459 2459 37
2204 3204 34
2808 3808 30
4513 5513 38
4623 5623 34
5902 6902 28
6644 7644 37
6842 7842 30
7326 8326 33
9251 10251 34
1170 2170 27
1496 2496 29
3419 4419 36
3915 4915 28
4293 5293 28
4936 5936 35
7613 8613 29
7680 8680 35
8391 9391 31
8950 9950 28
