200 20 620390
10 102 212
10 58 224
10 56 227
10 104 195
10 90 163
10 138 193
10 128 232
10 77 204
10 134 155
10 124 198
10 69 189
10 66 202
10 136 223
10 107 194
10 50 228
10 129 199
10 133 207
10 63 219
10 109 167
10 59 198
192 1192 30
446 1446 32
2713 3713 25
4098 5098 29
4415 5415 30
5093 6093 28
5186 6186 25
5771 6771 32
8497 9497 25
9733 10733 30
118 1118 30
1625 2625 25
1739 2739 29
2664 3664 24
4290 5290 31
7003 8003 25
7403 8403 25
7627 8627 23
8624 9624 33
9685 10685 28
144 1144 24
345 1345 24
405 1405 26
891 1891 33
2543 3543 32
3115 4115 31
3296 4296 25
4027 5027 30
7381 8381 25
7894 8894 28
708 1708 24
1426 2426 31
1921 2921 33
3678 4678 30
4575 5575 26
4623 5623 31
6162 7162 24
7209 8209 26
8256 9256 25
8472 9472 31
3202 4202 26
3292 4292 26
5163 6163 33
5727 6727 25
6522 7522 31
6875 7875 26
7304 8304 27
7334 8334 26
9177 10177 24
9503 10503 27
1330 2330 25
2793 3793 24
4094 5094 27
6224 7224 25
6948 7948 28
6985 7985 27
8006 9006 28
8355 9355 28
8387 9387 24
9640 10640 26
947 1947 24
1107 2107 27
1843 2843 30
2259 3259 32
2806 3806 28
3056 4056 32
3341 4341 30
6353 7353 25
7214 8214 30
8306 9306 28
1039 2039 29
1422 2422 26
1466 2466 25
1575 2575 29
1964 2964 27
4597 5597 30
6945 7945 28
8084 9084 31
8143 9143 24
8530 9530 26
2466 3466 32
2611 3611 26
3161 4161 30
3289 4289 32
3634 4634 24
4363 5363 29
6668 7668 24
8579 9579 27
8984 9984 25
9191 10191 28
161 1161 30
226 1226 28
521 1521 24
844 1844 26
845 1845 24
2868 3868 24
3783 4783 29
6856 7856 24
7521 8521 29
8776 9776 27
1073 2073 26
1689 2689 26
1790 2790 26
3266 4266 24
3907 4907 27
5198 6198 26
5759 6759 24
6423 7423 28
6884 7884 23
8637 9637 24
181 1181 33
1166 2166 33
1608 2608 28
1816 2816 31
1888 2888 25
2355 3355 29
5984 6984 24
6291 7291 25
7019 8019 27
7801 8801 28
1993 2993 28
4122 5122 28
4356 5356 28
5224 6224 29
6653 7653 30
6905 7905 29
7768 8768 25
8008 9008 29
8354 9354 33
9560 10560 32
1097 2097 23
1289 2289 23
1702 2702 27
4210 5210 23
4500 5500 32
5266 6266 26
5421 6421 26
6993 7993 25
9868 10868 28
9871 10871 25
1267 2267 26
1560 2560 29
3304 4304 24
3579 4579 31
4551 5551 26
5819 6819 26
6252 7252 33
6503 7503 25
7917 8917 29
9288 10288 24
1120 2120 27
1766 2766 25
3198 4198 30
3411 4411 27
3589 4589 31
8036 9036 32
8605 9605 24
8772 9772 28
8949 9949 29
9133 10133 33
2376 3376 25
2678 3678 23
4326 5326 29
4990 5990 27
6608 7608 24
6985 7985 26
7363 8363 31
7373 8373 33
8558 9558 24
9551 10551 28
1558 2558 25
2479 3479 31
2648 3648 24
3519 4519 24
4130 5130 32
7280 8280 30
7356 8356 30
8779 9779 30
9142 10142 25
9518 10518 32
771 1771 28
2132 3132 28
2266 3266 32
3324 4324 30
3986 4986 25
4437 5437 27
5790 6790 25
6141 7141 25
8538 9538 32
9264 10264 25
2056 3056 31
2757 3757 27
2819 3819 30
3170 4170 30
4671 5671 30
5399 6399 32
5604 6604 26
6475 7475 26
8437 9437 24
9287 10287 32
