2000 100 5358925
20 110 209
20 81 250
20 89 175
20 102 158
20 132 226
20 95 170
20 144 223
20 105 235
20 106 233
20 116 244
20 135 201
20 90 230
20 150 171
20 121 201
20 125 200
20 116 175
20 138 198
20 64 154
20 136 206
20 80 164
20 59 151
20 111 246
20 97 223
20 73 161
20 130 192
20 74 221
20 107 179
20 84 197
20 131 182
20 88 161
20 146 154
20 75 234
20 113 152
20 97 165
20 121 219
20 135 201
20 94 186
20 95 232
20 150 241
20 116 156
20 109 200
20 72 236
20 117 185
20 101 180
20 59 163
20 108 159
20 85 176
20 92 186
20 89 219
20 125 182
20 61 205
20 107 208
20 147 242
20 111 227
20 88 202
20 73 193
20 117 236
20 139 168
20 94 168
20 104 155
20 117 154
20 80 242
20 68 186
20 74 199
20 101 215
20 62 160
20 126 157
20 109 157
20 71 246
20 116 154
20 146 229
20 144 194
20 132 168
20 81 243
20 118 224
20 123 158
20 66 160
20 77 171
20 79 166
20 150 230
20 57 203
20 97 215
20 57 154
20 111 216
20 50 206
20 102 220
20 112 190
20 145 240
20 60 242
20 118 222
20 95 155
20 117 208
20 59 195
20 123 209
20 50 247
20 53 186
20 133 218
20 57 174
20 96 173
20 97 163
1045 2045 19
1197 2197 15
1716 2716 14
1883 2883 15
2122 3122 16
2144 3144 17
2579 3579 19
3101 4101 19
3238 4238 19
4652 5652 18
6061 7061 16
6108 7108 18
6387 7387 18
7417 8417 18
8451 9451 15
8606 9606 16
9330 10330 16
9424 10424 18
9677 10677 14
9793 10793 19
527 1527 19
686 1686 17
1080 2080 18
1478 2478 19
2334 3334 19
2364 3364 16
4473 5473 15
4657 5657 15
5015 6015 15
5127 6127 19
5441 6441 19
5496 6496 14
5582 6582 16
6044 7044 16
6127 7127 15
6702 7702 19
6927 7927 17
7484 8484 14
8733 9733 16
9695 10695 17
248 1248 18
640 1640 16
1844 2844 16
2104 3104 17
2920 3920 14
3637 4637 14
4507 5507 16
4949 5949 15
5062 6062 17
5529 6529 17
7814 8814 14
8216 9216 18
8263 9263 14
8285 9285 14
8377 9377 17
8388 9388 18
9055 10055 14
9238 10238 16
9543 10543 18
9582 10582 14
812 1812 15
940 1940 19
1377 2377 17
2375 3375 15
2911 3911 17
3661 4661 19
3715 4715 18
4393 5393 17
5060 6060 16
5166 6166 18
5416 6416 14
5955 6955 16
6662 7662 19
7163 8163 15
7476 8476 17
7868 8868 14
7948 8948 17
9146 10146 18
9286 10286 17
9743 10743 17
260 1260 15
288 1288 14
633 1633 17
657 1657 18
2276 3276 18
4440 5440 16
4513 5513 18
4789 5789 17
4939 5939 16
5083 6083 18
5750 6750 17
5754 6754 18
5809 6809 18
5997 6997 16
6611 7611 15
7374 8374 18
7773 8773 16
7887 8887 17
8865 9865 15
9680 10680 18
314 1314 14
1038 2038 15
1201 2201 19
1327 2327 16
1567 2567 15
3083 4083 14
3087 4087 18
3538 4538 19
3623 4623 19
5639 6639 18
5705 6705 19
6165 7165 14
7207 8207 16
7364 8364 17
7838 8838 17
8247 9247 19
8447 9447 16
8827 9827 16
9416 10416 19
9720 10720 16
87 1087 17
1403 2403 15
1757 2757 16
2095 3095 14
2585 3585 14
2598 3598 15
3399 4399 17
3493 4493 15
4256 5256 18
4261 5261 19
4587 5587 16
5795 6795 14
6015 7015 17
6937 7937 15
8395 9395 18
8456 9456 17
8511 9511 19
8634 9634 14
8743 9743 15
9224 10224 16
381 1381 14
925 1925 17
1421 2421 16
2229 3229 18
2473 3473 18
2726 3726 15
2855 3855 16
3711 4711 15
3769 4769 14
4345 5345 18
4419 5419 18
4825 5825 19
5408 6408 18
6526 7526 17
7568 8568 14
7901 8901 16
7968 8968 14
8323 9323 18
8499 9499 16
9820 10820 14
267 1267 14
1005 2005 16
2507 3507 15
3347 4347 18
3415 4415 16
5006 6006 19
5230 6230 18
5398 6398 14
5577 6577 16
5897 6897 15
5998 6998 14
6630 7630 18
7214 8214 14
8294 9294 16
8737 9737 14
8895 9895 17
8930 9930 18
8944 9944 15
8972 9972 14
9648 10648 14
1550 2550 17
1603 2603 14
1976 2976 16
2092 3092 16
2157 3157 15
2418 3418 16
2460 3460 19
2471 3471 17
2981 3981 15
3107 4107 19
3417 4417 17
4671 5671 19
4675 5675 17
4821 5821 15
6440 7440 15
6717 7717 16
6788 7788 15
7683 8683 19
7768 8768 16
9233 10233 15
693 1693 17
733 1733 15
812 1812 17
2026 3026 15
2187 3187 15
2373 3373 16
2582 3582 14
2612 3612 14
2890 3890 16
3239 4239 14
3288 4288 18
3907 4907 17
5145 6145 19
5357 6357 17
5412 6412 17
5493 6493 14
5520 6520 14
5697 6697 16
6988 7988 16
7049 8049 19
822 1822 15
1145 2145 14
2056 3056 15
2195 3195 19
2623 3623 19
2946 3946 18
3240 4240 14
3450 4450 15
4956 5956 15
6801 7801 17
7350 8350 15
7565 8565 19
8924 9924 18
9412 10412 18
9438 10438 14
9471 10471 15
9628 10628 18
9653 10653 19
9829 10829 15
9855 10855 15
532 1532 17
2046 3046 19
2620 3620 18
3215 4215 17
3289 4289 19
4419 5419 15
5246 6246 14
6157 7157 17
6827 7827 14
6921 7921 18
7254 8254 14
7347 8347 14
7818 8818 15
7958 8958 14
7990 8990 15
8059 9059 14
8742 9742 18
8807 9807 15
9611 10611 14
9685 10685 18
1150 2150 17
1655 2655 15
1981 2981 16
2107 3107 14
2953 3953 15
3421 4421 19
3708 4708 17
3999 4999 14
4528 5528 18
4573 5573 15
5293 6293 16
5460 6460 19
5558 6558 17
5593 6593 14
5869 6869 17
6340 7340 14
6884 7884 16
8798 9798 16
9220 10220 14
9840 10840 17
614 1614 18
895 1895 16
1134 2134 17
1917 2917 16
2310 3310 15
2690 3690 19
2819 3819 18
2929 3929 17
2945 3945 15
3372 4372 18
4580 5580 18
4746 5746 15
5746 6746 16
6282 7282 16
6661 7661 15
7036 8036 17
7079 8079 14
7455 8455 17
8147 9147 14
8927 9927 19
185 1185 19
1168 2168 15
2024 3024 18
2058 3058 17
2067 3067 15
2720 3720 16
3215 4215 18
3673 4673 19
3705 4705 16
4385 5385 18
5316 6316 18
6234 7234 19
6509 7509 15
6772 7772 16
6936 7936 15
7024 8024 17
8074 9074 18
9042 10042 15
9616 10616 14
9849 10849 17
1162 2162 19
1381 2381 19
1717 2717 18
2166 3166 17
2264 3264 18
4155 5155 14
5573 6573 16
5672 6672 14
6067 7067 18
6841 7841 16
6841 7841 19
7002 8002 16
7009 8009 14
7051 8051 14
7108 8108 18
7516 8516 16
7592 8592 18
7640 8640 14
8312 9312 14
8673 9673 15
947 1947 15
1152 2152 17
1506 2506 18
1580 2580 19
1947 2947 16
2144 3144 19
2292 3292 18
3131 4131 18
4714 5714 17
5255 6255 14
6857 7857 18
6950 7950 17
7254 8254 17
7818 8818 16
7852 8852 14
7954 8954 18
8080 9080 14
9516 10516 17
9520 10520 18
9803 10803 19
765 1765 16
1811 2811 14
2086 3086 18
2291 3291 18
2715 3715 19
2780 3780 15
3685 4685 14
3880 4880 15
4132 5132 16
4484 5484 14
5030 6030 15
5098 6098 16
5140 6140 19
5975 6975 15
6223 7223 15
7424 8424 17
8363 9363 14
8680 9680 14
8719 9719 16
9374 10374 18
341 1341 16
900 1900 17
924 1924 16
1346 2346 18
1691 2691 15
1909 2909 15
1947 2947 16
1963 2963 17
1969 2969 17
2908 3908 16
3768 4768 18
3859 4859 19
3978 4978 15
4508 5508 18
4669 5669 14
7056 8056 14
7720 8720 19
8878 9878 17
8950 9950 14
9370 10370 16
1007 2007 17
1286 2286 17
1635 2635 19
1935 2935 16
2109 3109 18
3689 4689 16
3784 4784 19
4154 5154 15
4383 5383 14
5169 6169 16
6128 7128 16
6416 7416 15
6590 7590 15
6793 7793 19
6910 7910 16
7498 8498 18
7874 8874 14
8342 9342 19
9082 10082 17
9247 10247 16
1073 2073 14
1184 2184 17
1663 2663 14
1756 2756 16
2316 3316 18
2429 3429 14
3445 4445 18
3548 4548 15
5681 6681 14
6279 7279 17
6455 7455 18
6714 7714 16
6891 7891 15
7168 8168 17
7291 8291 17
7407 8407 16
7718 8718 14
7933 8933 15
8566 9566 16
9468 10468 17
25 1025 15
207 1207 16
638 1638 17
708 1708 15
1607 2607 14
1652 2652 17
1909 2909 19
3819 4819 14
3952 4952 18
3982 4982 14
4001 5001 16
4171 5171 15
5379 6379 15
7046 8046 19
7238 8238 19
7775 8775 17
7912 8912 19
8973 9973 14
9242 10242 17
9765 10765 15
728 1728 14
1276 2276 17
1469 2469 15
1762 2762 14
2517 3517 15
2595 3595 19
3185 4185 17
3421 4421 14
3510 4510 16
4628 5628 15
4851 5851 14
5216 6216 15
5550 6550 19
7203 8203 16
7219 8219 18
7482 8482 18
8188 9188 16
8714 9714 16
9112 10112 17
9622 10622 18
178 1178 18
821 1821 15
946 1946 14
1115 2115 15
1506 2506 18
2192 3192 16
2217 3217 19
2993 3993 14
3581 4581 18
4151 5151 15
4312 5312 18
4447 5447 19
4589 5589 19
4957 5957 15
6375 7375 17
6658 7658 19
6674 7674 16
7250 8250 18
8823 9823 15
9806 10806 19
46 1046 19
687 1687 17
953 1953 18
1180 2180 19
1231 2231 14
1520 2520 18
1784 2784 14
2378 3378 18
2654 3654 19
3349 4349 19
3819 4819 17
3896 4896 18
6005 7005 15
6411 7411 15
6656 7656 15
6737 7737 15
7332 8332 16
8538 9538 16
9567 10567 15
9887 10887 19
139 1139 16
798 1798 15
965 1965 14
999 1999 19
1774 2774 17
1941 2941 19
2668 3668 14
2904 3904 14
3064 4064 18
4571 5571 17
4902 5902 18
5126 6126 18
5275 6275 17
5994 6994 17
7039 8039 14
7794 8794 14
7883 8883 16
8226 9226 15
8706 9706 14
8962 9962 14
869 1869 17
1029 2029 16
1570 2570 14
1690 2690 17
1699 2699 17
2932 3932 19
2970 3970 14
3241 4241 18
3692 4692 19
4174 5174 16
5140 6140 15
5792 6792 18
5845 6845 16
8238 9238 19
8809 9809 18
8895 9895 17
9009 10009 15
9078 10078 17
9209 10209 15
9842 10842 16
399 1399 18
596 1596 16
733 1733 18
912 1912 15
2656 3656 14
2930 3930 15
2959 3959 18
3694 4694 15
3852 4852 15
5525 6525 16
6126 7126 18
7082 8082 19
7140 8140 16
7415 8415 18
8015 9015 15
8861 9861 16
8921 9921 16
9703 10703 19
9824 10824 15
9974 10974 14
700 1700 17
872 1872 17
1721 2721 15
2124 3124 16
2346 3346 17
2386 3386 15
2491 3491 16
3531 4531 15
3882 4882 16
4581 5581 15
5912 6912 18
6511 7511 14
7282 8282 18
7510 8510 15
7609 8609 14
8071 9071 15
8270 9270 15
8580 9580 19
9120 10120 16
9259 10259 14
208 1208 15
275 1275 18
1037 2037 17
1206 2206 18
2146 3146 14
2814 3814 15
2834 3834 18
2888 3888 17
3030 4030 16
3675 4675 14
4765 5765 15
5099 6099 16
5181 6181 16
5990 6990 18
6060 7060 14
7225 8225 19
7955 8955 18
8164 9164 15
8738 9738 17
9749 10749 14
657 1657 18
710 1710 17
829 1829 16
1051 2051 17
1873 2873 15
1969 2969 14
2425 3425 16
2851 3851 18
3947 4947 14
4874 5874 18
5165 6165 19
6397 7397 18
6634 7634 19
6798 7798 18
7081 8081 15
7082 8082 17
7924 8924 18
8858 9858 16
9435 10435 16
9909 10909 15
556 1556 17
1382 2382 17
1852 2852 14
3163 4163 14
3210 4210 17
3392 4392 16
3795 4795 18
3806 4806 17
5543 6543 17
5963 6963 16
6518 7518 19
6790 7790 18
6971 7971 16
7120 8120 16
7258 8258 16
7330 8330 19
7771 8771 16
8569 9569 18
9426 10426 16
9863 10863 14
784 1784 18
1408 2408 18
2520 3520 17
2595 3595 16
2773 3773 15
2889 3889 16
3670 4670 16
3838 4838 18
4481 5481 16
4700 5700 14
4703 5703 14
5350 6350 14
5772 6772 18
6845 7845 15
8058 9058 19
8195 9195 18
8251 9251 19
8936 9936 17
9228 10228 19
9622 10622 17
1171 2171 17
2160 3160 14
2328 3328 15
2531 3531 16
2981 3981 17
3614 4614 19
4048 5048 18
4670 5670 17
4757 5757 15
5006 6006 16
6738 7738 15
7237 8237 15
7302 8302 16
7464 8464 17
7893 8893 16
8573 9573 14
8803 9803 18
8899 9899 19
9182 10182 19
9732 10732 17
1085 2085 16
1111 2111 18
1400 2400 16
2096 3096 14
2798 3798 19
3428 4428 18
3744 4744 18
4007 5007 18
4528 5528 15
4616 5616 15
5250 6250 16
6285 7285 17
7545 8545 19
8035 9035 14
8529 9529 15
9142 10142 17
9312 10312 19
9707 10707 14
9708 10708 14
9740 10740 14
1583 2583 15
2005 3005 15
2114 3114 15
2424 3424 16
2424 3424 16
2587 3587 19
2996 3996 19
3415 4415 19
3416 4416 14
4663 5663 19
4848 5848 17
5418 6418 14
6257 7257 15
6293 7293 15
6674 7674 18
7351 8351 18
8275 9275 15
8903 9903 16
9590 10590 16
9931 10931 14
614 1614 14
1438 2438 14
1770 2770 18
2752 3752 18
3337 4337 18
3808 4808 15
4094 5094 17
4825 5825 18
5128 6128 16
5298 6298 18
6817 7817 14
7088 8088 18
7292 8292 16
8130 9130 17
9013 10013 14
9428 10428 16
9676 10676 15
9814 10814 14
9871 10871 16
9932 10932 17
838 1838 14
1844 2844 14
1857 2857 14
2168 3168 19
2826 3826 19
2943 3943 17
3785 4785 18
4174 5174 14
4462 5462 18
4488 5488 16
4519 5519 14
4748 5748 14
4964 5964 14
5259 6259 15
5655 6655 18
7808 8808 15
8647 9647 14
8991 9991 14
9515 10515 15
9932 10932 18
37 1037 17
230 1230 15
367 1367 14
424 1424 14
480 1480 15
1202 2202 18
2766 3766 19
3858 4858 15
4299 5299 16
4393 5393 14
4763 5763 17
4864 5864 18
5276 6276 17
5540 6540 14
6664 7664 19
8016 9016 17
8208 9208 18
8505 9505 15
8686 9686 16
9669 10669 18
88 1088 14
1569 2569 14
1573 2573 16
2161 3161 17
2355 3355 18
2706 3706 14
3725 4725 19
4143 5143 16
4313 5313 17
5524 6524 14
5730 6730 19
5734 6734 15
6433 7433 18
6809 7809 17
6878 7878 14
7277 8277 19
7441 8441 15
8731 9731 16
9346 10346 18
9916 10916 18
394 1394 14
997 1997 18
1594 2594 17
2707 3707 15
3101 4101 14
3317 4317 15
5056 6056 18
5903 6903 15
6077 7077 17
6208 7208 18
6328 7328 19
6659 7659 15
6782 7782 15
6802 7802 15
7193 8193 17
7398 8398 14
7698 8698 18
8649 9649 14
9171 10171 14
9946 10946 16
160 1160 18
248 1248 15
834 1834 15
1318 2318 19
1611 2611 14
2139 3139 16
3784 4784 14
3921 4921 16
4635 5635 17
5109 6109 19
6276 7276 16
6408 7408 16
6549 7549 18
6646 7646 15
6839 7839 14
7345 8345 14
8662 9662 18
9038 10038 14
9776 10776 16
9937 10937 18
84 1084 16
532 1532 16
1249 2249 18
1311 2311 15
1988 2988 18
3163 4163 16
3955 4955 18
4012 5012 18
4087 5087 17
4975 5975 15
5179 6179 18
5350 6350 14
5895 6895 17
6757 7757 14
7555 8555 16
7850 8850 16
8144 9144 16
9312 10312 16
9466 10466 14
9607 10607 17
164 1164 14
1034 2034 16
2015 3015 17
2416 3416 18
2443 3443 15
2480 3480 16
2588 3588 17
5006 6006 17
5743 6743 15
5789 6789 17
5996 6996 14
7113 8113 15
7446 8446 19
7497 8497 16
7677 8677 14
8476 9476 17
8877 9877 17
9815 10815 17
9856 10856 18
9948 10948 17
430 1430 16
758 1758 17
1641 2641 18
2546 3546 19
3366 4366 18
3476 4476 18
4167 5167 14
4776 5776 16
5269 6269 15
5327 6327 17
6182 7182 14
6350 7350 16
7647 8647 18
7808 8808 19
7810 8810 15
8556 9556 16
9240 10240 19
9293 10293 14
9503 10503 15
9934 10934 17
212 1212 18
1925 2925 18
2270 3270 17
2788 3788 14
3289 4289 17
3718 4718 17
4334 5334 19
5146 6146 17
5633 6633 19
5918 6918 15
6143 7143 17
6540 7540 19
6544 7544 16
6911 7911 18
7111 8111 18
7549 8549 18
8578 9578 17
8851 9851 19
8904 9904 14
9506 10506 18
184 1184 15
206 1206 19
313 1313 16
1922 2922 17
2550 3550 16
2578 3578 15
2641 3641 16
3400 4400 16
3971 4971 17
4069 5069 18
4220 5220 17
5348 6348 16
6401 7401 14
6649 7649 18
7085 8085 17
7601 8601 14
7622 8622 14
7787 8787 19
7910 8910 16
9597 10597 14
159 1159 15
213 1213 16
598 1598 19
987 1987 18
1633 2633 15
1978 2978 17
2577 3577 14
3168 4168 14
4063 5063 17
4529 5529 14
4637 5637 19
4760 5760 18
4791 5791 18
5265 6265 17
5556 6556 15
6001 7001 17
6862 7862 14
6891 7891 19
7382 8382 14
7629 8629 14
205 1205 17
623 1623 15
1061 2061 19
1131 2131 15
1247 2247 17
1513 2513 16
2701 3701 14
4312 5312 17
4437 5437 19
4776 5776 17
5099 6099 14
5749 6749 18
6131 7131 19
6536 7536 18
7304 8304 14
8186 9186 16
8525 9525 16
9053 10053 15
9347 10347 16
9611 10611 19
107 1107 15
497 1497 15
570 1570 15
744 1744 15
1312 2312 15
1734 2734 16
1818 2818 16
2420 3420 19
2655 3655 19
3767 4767 19
4948 5948 18
5029 6029 15
6334 7334 16
7106 8106 18
8068 9068 19
9015 10015 16
9093 10093 14
9199 10199 17
9478 10478 18
9597 10597 14
529 1529 14
1171 2171 19
1467 2467 15
2072 3072 19
2221 3221 19
2226 3226 17
2468 3468 19
2735 3735 16
3293 4293 15
4051 5051 14
5668 6668 19
5754 6754 16
6649 7649 19
6652 7652 15
6654 7654 16
7396 8396 19
7924 8924 18
8329 9329 15
9186 10186 17
9235 10235 17
42 1042 14
355 1355 14
670 1670 15
672 1672 14
837 1837 17
1870 2870 18
2362 3362 16
2556 3556 18
3184 4184 15
3989 4989 17
4698 5698 17
5069 6069 18
5474 6474 18
7950 8950 16
8097 9097 17
8129 9129 16
8239 9239 18
8951 9951 15
9026 10026 15
9828 10828 15
699 1699 14
1297 2297 17
1574 2574 15
2283 3283 15
3942 4942 18
4271 5271 14
5063 6063 16
5123 6123 18
5489 6489 14
5503 6503 14
5677 6677 16
5810 6810 15
6062 7062 15
6222 7222 16
6285 7285 15
6295 7295 17
6782 7782 19
7009 8009 18
7915 8915 14
8934 9934 16
41 1041 18
137 1137 19
475 1475 18
821 1821 15
1334 2334 17
2792 3792 16
2938 3938 16
3034 4034 14
3747 4747 14
3753 4753 18
4445 5445 17
4912 5912 15
5424 6424 17
5660 6660 15
7393 8393 17
7471 8471 16
7770 8770 15
8394 9394 18
9115 10115 19
9909 10909 15
9 1009 16
1421 2421 16
1979 2979 18
2532 3532 14
2840 3840 17
3173 4173 14
3531 4531 15
3709 4709 17
3907 4907 18
3994 4994 18
4897 5897 16
5054 6054 15
5325 6325 16
5573 6573 18
6557 7557 16
7112 8112 18
7254 8254 16
8310 9310 17
8458 9458 19
9339 10339 16
151 1151 16
573 1573 14
765 1765 17
1666 2666 18
2907 3907 14
3567 4567 15
4582 5582 18
4626 5626 17
5307 6307 18
5569 6569 16
6593 7593 15
6939 7939 14
7251 8251 18
7426 8426 19
8200 9200 14
8616 9616 17
9495 10495 16
9608 10608 18
9757 10757 17
9998 10998 17
621 1621 16
1421 2421 19
2514 3514 19
2907 3907 17
2982 3982 15
3025 4025 16
3259 4259 15
3358 4358 19
4399 5399 17
5396 6396 18
5522 6522 18
5579 6579 17
6929 7929 18
7908 8908 19
8114 9114 17
8290 9290 15
8344 9344 18
8875 9875 16
9238 10238 16
9449 10449 17
395 1395 14
1196 2196 17
1796 2796 18
1957 2957 14
2767 3767 16
3004 4004 16
3928 4928 18
3947 4947 17
4225 5225 19
4802 5802 17
5077 6077 16
5531 6531 14
6255 7255 18
6306 7306 19
6343 7343 14
7764 8764 16
8280 9280 17
9190 10190 14
9582 10582 17
9859 10859 14
146 1146 15
806 1806 18
1179 2179 18
1379 2379 18
1867 2867 18
2709 3709 15
3736 4736 17
3923 4923 17
3999 4999 14
4002 5002 16
4283 5283 14
5603 6603 16
5853 6853 17
6632 7632 17
7017 8017 18
7830 8830 19
8010 9010 17
8013 9013 16
8298 9298 15
9511 10511 15
726 1726 17
833 1833 15
941 1941 18
2273 3273 19
3563 4563 15
3832 4832 16
4005 5005 16
4174 5174 15
4210 5210 14
4316 5316 16
4635 5635 17
4861 5861 15
5696 6696 17
5710 6710 18
6080 7080 17
7455 8455 18
7661 8661 16
8611 9611 19
8792 9792 14
9915 10915 14
248 1248 16
1295 2295 17
1688 2688 15
1956 2956 15
2173 3173 16
2516 3516 14
2694 3694 17
3219 4219 15
3270 4270 16
3550 4550 16
3610 4610 18
4670 5670 16
5480 6480 16
5642 6642 19
7034 8034 18
7598 8598 14
7954 8954 18
8034 9034 18
8124 9124 14
8774 9774 15
80 1080 17
315 1315 16
937 1937 14
1465 2465 19
1554 2554 16
1968 2968 16
2042 3042 19
2059 3059 15
4857 5857 16
4885 5885 15
5418 6418 18
5912 6912 19
5980 6980 19
6164 7164 19
6936 7936 17
7518 8518 18
7638 8638 19
8352 9352 16
8954 9954 19
9577 10577 15
806 1806 14
1260 2260 15
2138 3138 17
2937 3937 14
3197 4197 15
3944 4944 14
4155 5155 17
4370 5370 14
5338 6338 17
5562 6562 18
5567 6567 16
6306 7306 17
6442 7442 17
6924 7924 19
6959 7959 14
7400 8400 17
7569 8569 15
8681 9681 19
8781 9781 15
9557 10557 14
45 1045 19
465 1465 18
686 1686 15
1685 2685 17
2023 3023 19
2385 3385 18
3674 4674 15
4497 5497 14
4824 5824 15
5895 6895 19
6380 7380 18
6451 7451 16
6913 7913 19
7688 8688 19
8259 9259 15
8985 9985 14
9462 10462 15
9813 10813 15
9881 10881 19
9983 10983 14
246 1246 19
665 1665 15
1237 2237 14
1585 2585 17
2036 3036 18
2294 3294 17
3706 4706 15
3959 4959 19
4992 5992 14
5347 6347 14
5625 6625 17
5914 6914 16
6542 7542 19
6714 7714 18
7009 8009 18
7110 8110 18
7669 8669 18
8152 9152 19
9394 10394 15
9945 10945 14
469 1469 16
700 1700 17
1306 2306 19
1344 2344 16
1915 2915 14
1963 2963 18
3314 4314 18
6389 7389 15
6407 7407 18
6449 7449 16
6886 7886 14
7724 8724 17
7878 8878 16
8092 9092 18
8571 9571 15
8828 9828 17
9448 10448 16
9474 10474 18
9711 10711 15
9900 10900 16
24 1024 15
470 1470 19
564 1564 15
655 1655 17
957 1957 14
1398 2398 19
1441 2441 18
2213 3213 14
4734 5734 17
4811 5811 17
4822 5822 15
6643 7643 14
7304 8304 18
7709 8709 18
7811 8811 18
7886 8886 18
8546 9546 14
8909 9909 16
9194 10194 17
9231 10231 14
95 1095 16
1312 2312 16
2485 3485 17
2617 3617 14
3428 4428 18
3606 4606 15
3789 4789 18
3919 4919 16
4602 5602 17
4722 5722 17
5023 6023 18
6842 7842 15
8426 9426 14
8576 9576 14
8660 9660 15
8720 9720 17
8967 9967 17
9067 10067 16
9299 10299 18
9564 10564 15
1117 2117 19
1663 2663 14
1881 2881 18
2481 3481 14
2598 3598 17
3413 4413 17
3481 4481 17
3998 4998 17
4179 5179 16
5023 6023 17
5258 6258 18
6600 7600 16
6776 7776 16
7329 8329 16
7851 8851 15
8070 9070 14
8233 9233 18
8341 9341 15
8706 9706 14
9353 10353 14
774 1774 14
801 1801 19
1152 2152 14
2288 3288 18
2559 3559 18
3248 4248 17
4271 5271 19
4277 5277 14
4677 5677 19
4907 5907 18
4977 5977 16
5190 6190 18
5535 6535 14
5977 6977 17
6045 7045 14
6551 7551 16
6815 7815 18
6962 7962 14
7660 8660 15
8722 9722 19
161 1161 18
219 1219 17
1755 2755 19
2512 3512 17
3072 4072 19
3271 4271 17
4920 5920 15
5195 6195 16
7164 8164 14
7273 8273 16
7282 8282 18
7526 8526 16
7682 8682 14
8213 9213 14
9023 10023 14
9106 10106 15
9141 10141 18
9246 10246 16
9314 10314 14
9440 10440 18
64 1064 17
168 1168 17
200 1200 15
2089 3089 15
2184 3184 15
2291 3291 15
3192 4192 18
5302 6302 18
6161 7161 18
6285 7285 14
6737 7737 17
6938 7938 16
7039 8039 18
7424 8424 18
8110 9110 17
8214 9214 18
8730 9730 18
8917 9917 16
9296 10296 18
9659 10659 17
516 1516 14
597 1597 14
976 1976 18
2869 3869 14
3484 4484 19
3901 4901 16
4023 5023 16
5123 6123 15
7085 8085 17
7406 8406 15
7764 8764 14
8086 9086 18
8195 9195 14
8476 9476 15
8644 9644 18
8684 9684 17
9042 10042 19
9346 10346 15
9952 10952 18
9964 10964 14
478 1478 15
664 1664 18
1314 2314 14
2508 3508 15
2916 3916 19
3025 4025 14
3189 4189 18
4292 5292 18
4310 5310 19
4316 5316 16
4891 5891 17
5513 6513 19
6270 7270 18
6465 7465 16
6840 7840 19
7468 8468 14
7732 8732 14
8780 9780 15
8929 9929 15
8972 9972 17
1331 2331 16
1972 2972 16
3464 4464 15
4032 5032 19
4724 5724 16
4729 5729 16
4793 5793 18
4803 5803 17
4812 5812 19
5301 6301 18
6434 7434 16
6786 7786 16
6839 7839 16
7048 8048 18
7324 8324 14
7623 8623 17
7870 8870 17
8403 9403 14
9339 10339 18
9520 10520 17
1069 2069 19
1639 2639 19
2102 3102 15
2420 3420 16
3539 4539 14
3903 4903 14
3906 4906 19
4141 5141 18
4691 5691 15
4899 5899 15
5041 6041 19
5500 6500 17
5669 6669 18
6132 7132 18
7090 8090 17
7484 8484 18
7523 8523 17
7830 8830 14
8390 9390 16
9466 10466 15
5 1005 14
1393 2393 17
1402 2402 15
2152 3152 17
2306 3306 17
2620 3620 16
2719 3719 14
3852 4852 18
3866 4866 15
4305 5305 17
4973 5973 14
6135 7135 18
6426 7426 16
6967 7967 16
7722 8722 17
7762 8762 18
8316 9316 18
8338 9338 14
9647 10647 15
9656 10656 19
1009 2009 18
1898 2898 16
2565 3565 17
3421 4421 17
3542 4542 18
3846 4846 18
4741 5741 18
4898 5898 18
5088 6088 15
5194 6194 15
5793 6793 18
6022 7022 15
6772 7772 15
7302 8302 17
7417 8417 15
7693 8693 18
7899 8899 16
8086 9086 15
8698 9698 16
8988 9988 18
166 1166 16
899 1899 15
1240 2240 18
1473 2473 18
1863 2863 19
2619 3619 15
3062 4062 17
3241 4241 16
3386 4386 16
3747 4747 14
3916 4916 14
4138 5138 15
5052 6052 14
5101 6101 17
5153 6153 18
6591 7591 17
7531 8531 19
7567 8567 14
8338 9338 17
9870 10870 16
92 1092 18
988 1988 18
2019 3019 17
2020 3020 19
2333 3333 14
2724 3724 18
3066 4066 18
3338 4338 15
3538 4538 14
3799 4799 17
3913 4913 17
4141 5141 19
5054 6054 14
5614 6614 17
6445 7445 15
6678 7678 15
7199 8199 18
7634 8634 15
8556 9556 18
9538 10538 19
209 1209 18
712 1712 16
970 1970 16
1688 2688 18
2078 3078 16
2288 3288 16
2420 3420 15
2588 3588 14
3970 4970 15
4167 5167 14
4775 5775 17
5128 6128 14
5846 6846 15
6953 7953 15
7333 8333 19
7462 8462 18
7795 8795 18
7823 8823 15
9398 10398 14
9665 10665 14
648 1648 15
1451 2451 14
1911 2911 14
2410 3410 14
2466 3466 14
2658 3658 18
2881 3881 14
3040 4040 19
3625 4625 17
4636 5636 19
4756 5756 17
5302 6302 14
5473 6473 19
5929 6929 19
6626 7626 15
6760 7760 16
7392 8392 17
7786 8786 16
7932 8932 18
8297 9297 18
802 1802 14
850 1850 14
1933 2933 15
2670 3670 14
3222 4222 16
3417 4417 18
3701 4701 16
4315 5315 15
5315 6315 16
6329 7329 19
6512 7512 19
6815 7815 16
7542 8542 14
7948 8948 14
8038 9038 16
8107 9107 15
8780 9780 18
8856 9856 18
9007 10007 14
9817 10817 16
68 1068 16
216 1216 15
504 1504 17
792 1792 18
1438 2438 16
1595 2595 19
1796 2796 14
2471 3471 15
2481 3481 18
3422 4422 14
3872 4872 16
4054 5054 17
4815 5815 16
5331 6331 15
5614 6614 17
7186 8186 17
7386 8386 16
8197 9197 14
9629 10629 16
9880 10880 19
52 1052 15
190 1190 17
613 1613 14
1662 2662 18
2204 3204 15
2492 3492 14
3441 4441 17
3492 4492 15
4156 5156 14
4320 5320 17
4549 5549 14
4684 5684 17
4851 5851 19
4895 5895 14
7101 8101 17
8309 9309 18
8948 9948 15
9110 10110 16
9218 10218 14
9468 10468 19
228 1228 16
283 1283 15
1084 2084 17
1133 2133 17
1926 2926 16
2554 3554 15
3382 4382 15
3386 4386 15
3393 4393 16
4820 5820 17
4852 5852 15
5498 6498 15
6834 7834 17
7263 8263 17
7304 8304 17
7788 8788 14
8545 9545 14
9392 10392 18
9419 10419 16
9628 10628 17
101 1101 15
258 1258 18
429 1429 18
454 1454 17
1179 2179 14
2060 3060 14
2896 3896 17
3960 4960 14
4039 5039 18
4216 5216 18
4400 5400 17
4567 5567 15
5033 6033 16
6658 7658 15
6803 7803 14
7341 8341 16
8153 9153 15
8857 9857 16
9247 10247 19
9371 10371 19
132 1132 17
608 1608 16
848 1848 16
1275 2275 15
1442 2442 14
1453 2453 14
1666 2666 18
2505 3505 15
3019 4019 18
3436 4436 18
3519 4519 18
4182 5182 15
4567 5567 18
5015 6015 14
5179 6179 18
6679 7679 14
7637 8637 16
7802 8802 16
9346 10346 14
9543 10543 16
437 1437 17
1642 2642 18
1655 2655 16
2209 3209 16
2561 3561 16
2906 3906 14
3108 4108 17
3812 4812 18
4054 5054 16
4394 5394 16
5027 6027 17
5256 6256 17
6025 7025 18
6757 7757 14
6844 7844 16
8410 9410 14
8523 9523 17
8826 9826 15
9052 10052 19
9849 10849 16
586 1586 14
800 1800 16
981 1981 14
1026 2026 14
1035 2035 18
1135 2135 16
1891 2891 16
4973 5973 14
5023 6023 17
5089 6089 15
5376 6376 14
5613 6613 18
6068 7068 16
6189 7189 16
7429 8429 15
8107 9107 16
8919 9919 14
8942 9942 17
9495 10495 18
9502 10502 19
247 1247 19
369 1369 17
437 1437 18
1242 2242 16
1552 2552 14
1990 2990 17
2623 3623 15
2738 3738 18
2741 3741 17
2782 3782 15
3381 4381 15
3458 4458 18
4399 5399 15
4638 5638 14
5599 6599 15
8582 9582 18
9144 10144 15
9558 10558 17
9703 10703 17
9873 10873 15
43 1043 18
478 1478 14
527 1527 19
1526 2526 18
1952 2952 16
2053 3053 16
2235 3235 18
3011 4011 19
3020 4020 17
3242 4242 18
3447 4447 19
3475 4475 18
3889 4889 19
4095 5095 18
5182 6182 17
5276 6276 19
5354 6354 14
6146 7146 16
8466 9466 17
9133 10133 18
862 1862 16
2164 3164 18
2274 3274 14
2332 3332 19
2545 3545 15
2805 3805 17
3541 4541 15
3592 4592 15
3696 4696 15
3785 4785 14
5509 6509 16
5697 6697 16
6539 7539 19
6649 7649 19
7041 8041 17
7186 8186 15
9190 10190 16
9444 10444 19
9478 10478 17
9700 10700 17
2 1002 16
121 1121 18
660 1660 16
753 1753 14
895 1895 19
1255 2255 17
1467 2467 19
1815 2815 14
1834 2834 18
4196 5196 16
5021 6021 14
6270 7270 16
6394 7394 14
6418 7418 14
6530 7530 16
6793 7793 18
7385 8385 19
7632 8632 16
8571 9571 18
8772 9772 14
207 1207 16
459 1459 17
2984 3984 17
3289 4289 17
3591 4591 18
3626 4626 18
3725 4725 19
4203 5203 17
4537 5537 14
4776 5776 14
5033 6033 15
5515 6515 17
5973 6973 16
7389 8389 15
7481 8481 14
7624 8624 15
8642 9642 19
9208 10208 17
9722 10722 17
9802 10802 18
186 1186 14
234 1234 14
792 1792 16
1438 2438 19
1693 2693 14
1921 2921 18
2002 3002 15
2420 3420 16
2541 3541 14
2865 3865 19
3163 4163 18
4595 5595 16
5904 6904 16
6197 7197 17
7010 8010 18
7243 8243 19
7268 8268 14
7360 8360 16
7933 8933 14
9124 10124 17
1710 2710 14
1805 2805 17
2674 3674 18
3020 4020 17
3498 4498 16
3757 4757 18
4755 5755 16
5155 6155 16
5771 6771 18
6322 7322 14
6396 7396 17
6728 7728 15
7320 8320 18
7836 8836 18
7885 8885 14
7937 8937 17
7973 8973 17
8722 9722 15
8871 9871 14
9836 10836 14
629 1629 16
704 1704 19
919 1919 16
1465 2465 14
1500 2500 15
1523 2523 17
1847 2847 16
2129 3129 17
2478 3478 15
3903 4903 16
4090 5090 18
4466 5466 18
5758 6758 19
5765 6765 14
7983 8983 18
8001 9001 18
8417 9417 14
8681 9681 16
8939 9939 14
9925 10925 15
134 1134 15
2340 3340 17
2901 3901 15
3288 4288 14
3789 4789 16
4287 5287 17
4323 5323 17
4784 5784 14
4909 5909 15
5247 6247 19
5681 6681 17
5973 6973 16
6833 7833 17
6915 7915 14
7810 8810 18
8069 9069 14
8092 9092 19
8564 9564 18
8759 9759 19
9772 10772 15
