100 20 32315
5 106 227
5 133 222
5 101 190
5 82 216
5 141 168
5 105 151
5 112 196
5 150 208
5 96 231
5 70 179
5 62 202
5 54 190
5 56 214
5 84 213
5 144 237
5 132 182
5 60 167
5 110 231
5 92 235
5 131 194
306 406 58
442 542 64
705 805 48
906 1006 61
913 1013 49
311 411 66
327 427 52
434 534 59
487 587 52
542 642 59
12 112 64
180 280 50
310 410 62
900 1000 60
988 1088 51
248 348 64
509 609 53
510 610 55
809 909 53
932 1032 61
16 116 61
236 336 50
551 651 67
825 925 53
985 1085 61
76 176 53
87 187 48
271 371 62
800 900 48
993 1093 50
315 415 52
431 531 57
577 677 60
777 877 63
925 1025 51
199 299 55
695 795 49
707 807 59
749 849 51
791 891 63
318 418 54
382 482 53
482 582 65
580 680 61
733 833 57
6 106 62
154 254 67
550 650 53
729 829 55
874 974 53
75 175 52
76 176 57
164 264 67
294 394 58
748 848 62
348 448 57
382 482 56
389 489 67
512 612 57
778 878 61
164 264 66
190 290 50
800 900 55
912 1012 67
933 1033 52
255 355 58
499 599 59
843 943 66
940 1040 55
962 1062 66
122 222 50
331 431 64
764 864 54
809 909 66
865 965 64
143 243 58
273 373 66
318 418 59
529 629 67
748 848 51
64 164 60
216 316 63
323 423 51
464 564 54
733 833 65
187 287 66
227 327 61
782 882 49
810 910 49
995 1095 57
397 497 59
640 740 64
791 891 59
830 930 49
998 1098 62
161 261 67
487 587 50
531 631 50
608 708 50
771 871 60
