100 20 31726
5 70 180
5 71 199
5 142 177
5 130 249
5 73 204
5 129 191
5 129 249
5 50 185
5 141 190
5 88 197
5 64 205
5 103 160
5 61 165
5 97 166
5 135 201
5 124 211
5 147 188
5 102 157
5 141 192
5 129 197
35 135 56
230 330 65
827 927 67
897 997 64
966 1066 57
483 583 56
630 730 55
753 853 65
878 978 63
952 1052 67
322 422 69
379 479 62
450 550 52
688 788 51
690 790 61
7 107 60
420 520 61
731 831 58
756 856 70
869 969 67
90 190 70
277 377 69
393 493 58
419 519 53
942 1042 51
237 337 64
476 576 56
543 643 56
565 665 68
695 795 57
372 472 54
637 737 52
751 851 55
777 877 58
965 1065 65
1 101 66
246 346 67
512 612 64
716 816 62
925 1025 65
60 160 64
76 176 59
304 404 57
423 523 70
585 685 70
231 331 54
305 405 57
771 871 61
800 900 57
908 1008 70
368 468 54
464 564 58
606 706 50
674 774 51
819 919 62
214 314 63
391 491 56
537 637 58
753 853 54
787 887 54
243 343 68
529 629 69
605 705 69
651 751 50
824 924 67
31 131 69
282 382 69
403 503 57
685 785 50
740 840 53
157 257 63
174 274 52
658 758 69
732 832 69
903 1003 63
93 193 64
118 218 70
494 594 67
610 710 60
872 972 69
10 110 54
248 348 67
361 461 63
748 848 53
923 1023 60
735 835 63
759 859 63
842 942 67
910 1010 67
945 1045 70
41 141 54
79 179 56
275 375 66
532 632 51
684 784 62
421 521 70
636 736 62
798 898 63
810 910 68
949 1049 70
