1000 100 327553
10 148 157
10 123 166
10 147 243
10 131 162
10 137 150
10 114 231
10 82 250
10 109 201
10 76 153
10 81 248
10 89 235
10 99 184
10 131 156
10 113 221
10 101 241
10 92 182
10 107 238
10 125 192
10 62 161
10 107 193
10 53 182
10 92 190
10 136 169
10 147 250
10 136 151
10 112 250
10 96 245
10 76 157
10 68 154
10 92 173
10 91 168
10 127 221
10 102 202
10 93 194
10 145 191
10 76 224
10 111 183
10 80 243
10 87 226
10 112 187
10 90 220
10 100 198
10 119 173
10 124 176
10 65 168
10 103 207
10 57 197
10 58 155
10 149 157
10 103 216
10 127 248
10 125 198
10 104 155
10 82 243
10 59 204
10 105 164
10 92 172
10 115 187
10 77 153
10 82 230
10 143 182
10 106 222
10 101 158
10 90 163
10 125 151
10 70 249
10 74 231
10 94 195
10 113 192
10 116 241
10 142 178
10 63 185
10 55 164
10 75 198
10 116 211
10 125 213
10 112 190
10 95 226
10 121 163
10 137 201
10 67 156
10 57 245
10 74 212
10 61 164
10 112 152
10 116 220
10 87 223
10 57 216
10 149 214
10 76 182
10 92 218
10 53 218
10 56 221
10 89 203
10 100 169
10 109 222
10 78 207
10 147 227
10 141 196
10 128 172
177 277 24
189 289 24
471 571 30
490 590 31
572 672 31
733 833 27
747 847 23
772 872 25
990 1090 32
993 1093 29
142 242 32
235 335 24
391 491 27
416 516 30
439 539 28
520 620 28
557 657 29
813 913 29
862 962 29
985 1085 25
97 197 31
122 222 30
462 562 26
511 611 24
651 751 29
663 763 30
691 791 29
737 837 32
844 944 30
917 1017 25
19 119 29
45 145 23
53 153 29
314 414 28
420 520 29
446 546 32
459 559 24
544 644 24
735 835 23
872 972 30
34 134 30
270 370 25
315 415 24
487 587 25
561 661 25
574 674 28
749 849 32
841 941 32
909 1009 29
932 1032 23
12 112 26
459 559 32
547 647 25
559 659 28
566 666 28
612 712 29
613 713 26
686 786 28
687 787 31
838 938 28
88 188 28
121 221 31
221 321 32
248 348 25
456 556 24
485 585 26
679 779 31
842 942 25
942 1042 25
977 1077 26
141 241 23
224 324 29
405 505 23
446 546 31
706 806 29
753 853 31
874 974 25
877 977 31
895 995 26
967 1067 28
90 190 26
134 234 31
472 572 31
532 632 32
575 675 26
628 728 32
736 836 29
779 879 26
780 880 23
868 968 31
152 252 26
310 410 27
331 431 29
428 528 31
674 774 30
760 860 23
838 938 30
891 991 28
931 1031 31
998 1098 27
209 309 24
237 337 29
289 389 29
450 550 26
635 735 26
646 746 25
865 965 30
887 987 24
921 1021 27
926 1026 23
137 237 24
234 334 26
292 392 24
415 515 26
440 540 26
566 666 28
776 876 24
793 893 31
963 1063 26
971 1071 27
20 120 25
238 338 27
358 458 26
413 513 32
444 544 27
445 545 31
645 745 30
744 844 27
921 1021 28
941 1041 26
54 154 32
68 168 26
133 233 32
160 260 24
738 838 25
829 929 29
898 998 31
910 1010 27
930 1030 30
963 1063 27
27 127 31
172 272 23
356 456 30
473 573 26
513 613 31
639 739 24
646 746 23
716 816 31
724 824 31
985 1085 27
37 137 28
57 157 25
277 377 25
378 478 23
557 657 25
586 686 28
644 744 27
716 816 24
812 912 23
916 1016 31
108 208 24
138 238 27
159 259 24
257 357 24
328 428 28
344 444 32
558 658 31
662 762 30
796 896 27
973 1073 30
37 137 29
87 187 25
114 214 23
227 327 25
232 332 27
251 351 26
312 412 28
755 855 28
854 954 29
938 1038 26
43 143 31
138 238 29
187 287 24
471 571 24
590 690 26
752 852 25
854 954 31
959 1059 23
965 1065 26
999 1099 29
47 147 24
82 182 31
126 226 26
288 388 31
466 566 25
480 580 32
634 734 25
694 794 30
813 913 31
827 927 24
141 241 31
326 426 25
348 448 29
373 473 25
390 490 29
484 584 25
881 981 23
917 1017 23
960 1060 29
969 1069 25
63 163 23
151 251 31
165 265 31
284 384 25
297 397 31
432 532 30
432 532 31
676 776 28
761 861 28
767 867 32
178 278 24
198 298 30
391 491 26
518 618 28
557 657 29
563 663 24
671 771 28
778 878 30
807 907 25
917 1017 30
162 262 27
265 365 25
308 408 27
368 468 29
494 594 29
531 631 26
548 648 27
634 734 31
848 948 30
912 1012 25
25 125 26
135 235 31
165 265 26
197 297 27
314 414 28
789 889 26
929 1029 28
954 1054 29
991 1091 25
991 1091 28
355 455 31
357 457 32
454 554 31
545 645 25
607 707 28
745 845 23
785 885 25
831 931 23
842 942 27
898 998 32
86 186 26
117 217 29
162 262 26
218 318 31
237 337 30
311 411 31
562 662 24
688 788 27
711 811 31
782 882 32
196 296 25
321 421 31
349 449 24
379 479 28
532 632 23
622 722 29
641 741 31
704 804 29
875 975 28
915 1015 26
110 210 23
161 261 29
255 355 32
261 361 29
491 591 28
534 634 27
561 661 27
614 714 24
641 741 24
690 790 25
5 105 24
397 497 23
452 552 30
501 601 26
550 650 27
668 768 28
702 802 24
842 942 24
922 1022 27
975 1075 28
400 500 25
424 524 23
487 587 30
490 590 24
534 634 29
836 936 28
885 985 31
927 1027 25
962 1062 28
966 1066 31
41 141 26
333 433 32
444 544 23
484 584 26
542 642 25
634 734 27
643 743 25
686 786 28
807 907 24
879 979 28
46 146 27
108 208 25
149 249 27
220 320 26
260 360 29
338 438 31
374 474 26
513 613 29
581 681 29
643 743 25
23 123 28
47 147 31
211 311 29
357 457 26
377 477 26
385 485 23
627 727 31
661 761 31
737 837 24
810 910 26
126 226 27
208 308 26
225 325 28
328 428 25
497 597 23
561 661 32
666 766 31
694 794 27
762 862 27
935 1035 29
2 102 24
283 383 27
346 446 32
366 466 23
587 687 28
622 722 31
726 826 29
854 954 30
938 1038 27
944 1044 23
62 162 23
85 185 29
218 318 30
239 339 31
452 552 25
595 695 23
612 712 31
622 722 25
792 892 25
977 1077 25
27 127 25
185 285 24
297 397 23
304 404 26
466 566 27
630 730 26
742 842 25
777 877 26
852 952 31
917 1017 28
106 206 32
152 252 31
253 353 32
284 384 27
347 447 30
477 577 24
594 694 30
743 843 25
822 922 24
883 983 28
159 259 26
257 357 25
355 455 27
526 626 28
528 628 29
577 677 27
717 817 32
726 826 30
949 1049 24
969 1069 26
9 109 26
24 124 31
103 203 24
490 590 25
530 630 25
556 656 31
587 687 25
657 757 29
836 936 32
997 1097 30
135 235 30
163 263 26
175 275 26
217 317 31
515 615 23
538 638 24
571 671 28
726 826 28
879 979 31
915 1015 27
28 128 29
142 242 25
230 330 31
301 401 29
398 498 25
455 555 30
685 785 28
701 801 30
738 838 27
987 1087 31
23 123 31
169 269 29
259 359 29
270 370 29
538 638 29
546 646 28
562 662 24
710 810 27
888 988 24
949 1049 32
33 133 32
43 143 28
65 165 24
134 234 26
205 305 24
355 455 30
403 503 25
539 639 24
717 817 28
916 1016 26
79 179 32
290 390 27
294 394 31
310 410 29
640 740 29
708 808 23
740 840 31
747 847 24
810 910 27
1000 1100 25
29 129 29
51 151 25
94 194 27
156 256 31
179 279 24
513 613 29
619 719 25
660 760 32
771 871 29
875 975 30
12 112 32
87 187 27
157 257 26
205 305 25
219 319 24
408 508 28
566 666 32
594 694 31
654 754 28
665 765 27
4 104 32
162 262 25
336 436 29
357 457 30
667 767 26
804 904 27
852 952 31
864 964 32
868 968 23
990 1090 29
77 177 31
140 240 28
155 255 26
351 451 31
360 460 28
464 564 25
618 718 24
657 757 32
877 977 31
923 1023 27
5 105 25
299 399 29
480 580 31
592 692 25
699 799 24
699 799 28
766 866 30
823 923 30
858 958 25
881 981 29
176 276 25
453 553 24
481 581 27
522 622 26
754 854 28
772 872 25
835 935 27
950 1050 32
951 1051 29
978 1078 28
195 295 28
222 322 31
382 482 32
527 627 28
575 675 24
579 679 28
664 764 26
678 778 30
689 789 27
769 869 23
5 105 27
105 205 25
157 257 30
258 358 25
398 498 27
423 523 26
438 538 25
498 598 31
863 963 29
947 1047 28
139 239 23
140 240 29
174 274 28
201 301 25
242 342 27
446 546 23
606 706 26
642 742 25
725 825 24
947 1047 31
124 224 27
249 349 26
355 455 27
391 491 28
590 690 30
634 734 25
664 764 32
676 776 32
677 777 27
677 777 31
4 104 26
50 150 24
52 152 26
173 273 27
269 369 26
620 720 30
740 840 27
741 841 31
791 891 25
833 933 23
272 372 26
684 784 31
687 787 31
713 813 23
729 829 25
794 894 28
840 940 30
872 972 24
944 1044 31
980 1080 28
60 160 24
167 267 24
288 388 24
296 396 25
313 413 23
350 450 26
579 679 30
610 710 27
711 811 27
990 1090 29
31 131 29
144 244 28
329 429 23
411 511 28
534 634 31
560 660 24
778 878 25
804 904 27
909 1009 27
913 1013 28
72 172 31
149 249 27
301 401 31
366 466 28
434 534 23
534 634 28
619 719 27
812 912 28
911 1011 23
946 1046 25
349 449 24
425 525 24
444 544 25
513 613 29
593 693 24
708 808 31
811 911 28
837 937 29
940 1040 28
984 1084 29
9 109 31
16 116 23
34 134 23
120 220 27
218 318 28
318 418 31
433 533 31
614 714 28
751 851 32
780 880 23
3 103 31
217 317 25
351 451 26
400 500 31
448 548 27
463 563 29
540 640 25
720 820 27
754 854 26
908 1008 27
64 164 31
133 233 30
280 380 31
674 774 30
682 782 27
765 865 26
794 894 32
810 910 32
818 918 26
898 998 30
10 110 31
21 121 32
159 259 29
172 272 31
236 336 28
249 349 25
287 387 28
293 393 26
626 726 31
875 975 32
50 150 30
221 321 31
224 324 26
299 399 26
354 454 24
442 542 24
492 592 27
658 758 31
756 856 24
959 1059 27
38 138 32
123 223 28
244 344 26
285 385 28
329 429 29
602 702 23
635 735 29
656 756 32
664 764 25
993 1093 26
18 118 31
158 258 23
185 285 31
326 426 31
379 479 28
420 520 28
549 649 26
549 649 26
628 728 26
822 922 32
216 316 23
233 333 25
317 417 24
419 519 24
425 525 23
728 828 23
739 839 23
850 950 32
892 992 29
985 1085 32
199 299 27
236 336 23
321 421 32
485 585 26
715 815 24
716 816 27
734 834 26
782 882 27
799 899 32
835 935 27
343 443 23
362 462 23
384 484 32
403 503 25
440 540 32
582 682 27
588 688 31
740 840 29
889 989 26
910 1010 27
20 120 26
26 126 25
44 144 25
105 205 31
686 786 29
731 831 31
747 847 30
765 865 30
785 885 25
921 1021 27
127 227 24
212 312 26
446 546 31
450 550 29
465 565 24
643 743 26
678 778 25
771 871 29
822 922 25
901 1001 25
1 101 24
40 140 28
57 157 32
128 228 30
224 324 31
256 356 26
400 500 27
699 799 32
909 1009 23
936 1036 27
67 167 30
108 208 31
150 250 28
234 334 30
379 479 30
423 523 24
674 774 25
774 874 27
840 940 25
904 1004 30
15 115 31
227 327 32
322 422 26
580 680 31
648 748 24
722 822 31
863 963 27
920 1020 32
943 1043 31
944 1044 30
179 279 31
394 494 28
542 642 31
608 708 25
614 714 24
652 752 27
765 865 30
829 929 31
864 964 25
942 1042 28
83 183 25
101 201 30
248 348 23
428 528 28
701 801 25
712 812 23
725 825 24
843 943 29
989 1089 32
990 1090 31
25 125 28
49 149 28
480 580 25
481 581 31
582 682 30
649 749 28
769 869 25
808 908 32
874 974 24
974 1074 31
133 233 28
147 247 32
361 461 26
381 481 26
731 831 25
733 833 26
748 848 32
884 984 32
954 1054 24
995 1095 23
9 109 23
120 220 31
206 306 32
253 353 29
275 375 23
342 442 29
737 837 30
827 927 31
904 1004 32
923 1023 27
126 226 32
165 265 26
278 378 31
370 470 23
585 685 24
597 697 29
772 872 29
792 892 27
837 937 24
967 1067 32
135 235 27
136 236 26
303 403 23
550 650 32
607 707 23
720 820 23
793 893 23
937 1037 26
945 1045 31
975 1075 31
2 102 23
36 136 32
145 245 28
193 293 31
362 462 30
423 523 25
616 716 27
801 901 30
816 916 23
965 1065 28
54 154 27
208 308 26
313 413 25
363 463 30
411 511 31
473 573 29
668 768 30
861 961 23
879 979 25
920 1020 31
39 139 26
81 181 25
108 208 25
229 329 24
312 412 30
313 413 23
536 636 27
643 743 28
716 816 29
724 824 25
11 111 30
76 176 23
216 316 29
471 571 23
490 590 24
559 659 29
585 685 29
686 786 28
739 839 31
981 1081 28
173 273 29
235 335 27
283 383 25
490 590 27
677 777 25
744 844 31
774 874 30
898 998 28
937 1037 29
941 1041 25
64 164 26
260 360 26
312 412 23
335 435 23
347 447 28
595 695 31
615 715 23
711 811 27
853 953 32
985 1085 27
74 174 28
166 266 28
491 591 25
574 674 27
740 840 31
752 852 31
817 917 31
850 950 27
978 1078 27
993 1093 29
36 136 30
112 212 24
123 223 24
149 249 27
246 346 28
374 474 28
440 540 26
455 555 28
463 563 25
728 828 25
92 192 31
197 297 30
316 416 32
354 454 24
435 535 32
480 580 27
631 731 26
658 758 24
855 955 29
974 1074 27
38 138 27
148 248 23
321 421 28
417 517 25
434 534 25
476 576 24
495 595 29
794 894 24
837 937 25
860 960 29
46 146 28
381 481 27
409 509 23
432 532 31
544 644 26
635 735 27
646 746 27
744 844 31
845 945 25
944 1044 23
87 187 28
225 325 28
296 396 24
351 451 29
403 503 25
545 645 25
617 717 23
647 747 27
677 777 25
882 982 26
22 122 30
135 235 23
160 260 25
321 421 27
396 496 29
538 638 29
558 658 25
764 864 32
810 910 28
871 971 25
75 175 23
247 347 29
321 421 25
368 468 31
464 564 28
545 645 24
579 679 31
792 892 29
906 1006 24
982 1082 26
16 116 31
57 157 28
199 299 24
283 383 24
362 462 31
753 853 27
779 879 30
827 927 29
949 1049 23
957 1057 31
231 331 23
375 475 28
403 503 28
493 593 31
495 595 24
563 663 31
639 739 23
675 775 29
730 830 26
832 932 23
