1000 20 2914713
50 61 172
50 108 189
50 115 185
50 109 184
50 50 238
50 138 240
50 57 236
50 115 187
50 94 234
50 119 204
50 73 198
50 66 178
50 118 195
50 64 242
50 128 167
50 131 150
50 65 181
50 80 181
50 141 191
50 86 161
214 1214 7
219 1219 6
740 1740 5
746 1746 7
798 1798 6
875 1875 5
1104 2104 7
1159 2159 5
1171 2171 5
1375 2375 5
1388 2388 5
1786 2786 5
1956 2956 6
2466 3466 6
2656 3656 6
2860 3860 7
3299 4299 6
3321 4321 6
3672 4672 6
3706 4706 6
3722 4722 6
3881 4881 6
4074 5074 5
4531 5531 6
5192 6192 5
5209 6209 6
5487 6487 6
5818 6818 6
5954 6954 5
6526 7526 5
6881 7881 6
6909 7909 5
6988 7988 7
6994 7994 6
7192 8192 7
7320 8320 5
7413 8413 6
7731 8731 6
8005 9005 6
8661 9661 6
8681 9681 6
8699 9699 6
8745 9745 5
8946 9946 6
9028 10028 5
9382 10382 5
9401 10401 6
9417 10417 6
9572 10572 7
9716 10716 6
57 1057 6
159 1159 5
616 1616 6
838 1838 5
883 1883 5
926 1926 5
1043 2043 5
1051 2051 6
1106 2106 5
1325 2325 5
1619 2619 6
1744 2744 5
2007 3007 7
2239 3239 6
2310 3310 5
2494 3494 5
2571 3571 6
3272 4272 5
3355 4355 6
3548 4548 6
4123 5123 6
4455 5455 5
4468 5468 6
4577 5577 6
4613 5613 5
4945 5945 7
5091 6091 6
5373 6373 6
5569 6569 7
6056 7056 6
6119 7119 6
6201 7201 6
6424 7424 7
6474 7474 6
6630 7630 5
6769 7769 6
6905 7905 5
7111 8111 5
7405 8405 5
7935 8935 6
8018 9018 6
8096 9096 6
8149 9149 5
8233 9233 6
8270 9270 6
8362 9362 7
9407 10407 5
9430 10430 5
9606 10606 6
9800 10800 5
48 1048 6
130 1130 5
142 1142 7
149 1149 6
230 1230 5
324 1324 5
505 1505 6
538 1538 5
925 1925 6
1103 2103 6
1144 2144 6
1690 2690 7
1930 2930 5
2088 3088 7
2845 3845 7
3208 4208 5
3250 4250 6
3549 4549 5
3693 4693 6
3812 4812 6
3914 4914 6
4057 5057 6
4415 5415 7
4469 5469 6
4742 5742 6
4849 5849 5
4924 5924 6
5045 6045 5
5318 6318 6
5404 6404 5
6373 7373 6
6665 7665 5
6839 7839 5
6999 7999 7
7274 8274 6
7375 8375 6
7611 8611 5
7852 8852 7
7902 8902 6
8089 9089 5
8171 9171 6
8194 9194 6
8436 9436 6
8900 9900 5
9073 10073 5
9080 10080 5
9096 10096 7
9231 10231 6
9408 10408 5
9946 10946 6
285 1285 7
747 1747 5
1296 2296 5
1369 2369 5
1728 2728 6
1957 2957 6
1964 2964 6
2216 3216 5
2526 3526 6
2531 3531 6
3264 4264 5
3459 4459 6
3675 4675 5
3765 4765 6
4042 5042 5
4058 5058 5
4288 5288 6
4608 5608 6
4625 5625 5
4848 5848 6
5238 6238 5
5689 6689 6
6303 7303 5
6319 7319 6
6465 7465 6
6593 7593 7
6619 7619 5
6725 7725 7
7524 8524 5
7730 8730 5
8028 9028 7
8103 9103 5
8165 9165 6
8342 9342 6
8359 9359 5
8390 9390 6
8433 9433 5
8613 9613 7
8739 9739 6
8839 9839 6
8890 9890 6
9125 10125 5
9225 10225 5
9257 10257 7
9576 10576 5
9603 10603 5
9795 10795 6
9855 10855 7
9936 10936 6
9941 10941 6
23 1023 5
91 1091 6
445 1445 6
685 1685 5
875 1875 6
1216 2216 6
1229 2229 6
1287 2287 5
1550 2550 5
1559 2559 6
1673 2673 5
2036 3036 5
2791 3791 7
2795 3795 6
2798 3798 6
2959 3959 5
3060 4060 6
3099 4099 5
3390 4390 5
3390 4390 5
3706 4706 6
4143 5143 6
4174 5174 5
4252 5252 6
4252 5252 6
4358 5358 5
4789 5789 6
5324 6324 6
5369 6369 6
5464 6464 6
5573 6573 5
6009 7009 6
6257 7257 6
6385 7385 7
6517 7517 5
6640 7640 6
6820 7820 5
6852 7852 6
6879 7879 5
6879 7879 5
7343 8343 6
7784 8784 6
7847 8847 5
7855 8855 6
7868 8868 5
8417 9417 5
8896 9896 6
9518 10518 6
9692 10692 6
9941 10941 5
13 1013 7
22 1022 5
522 1522 6
1290 2290 5
1830 2830 6
2070 3070 6
2119 3119 6
2449 3449 5
2728 3728 6
2908 3908 7
3102 4102 5
3144 4144 5
3221 4221 6
3484 4484 5
3599 4599 5
3876 4876 6
3995 4995 6
4134 5134 6
4282 5282 5
4911 5911 7
5011 6011 5
5115 6115 6
5564 6564 6
5932 6932 5
6098 7098 6
6340 7340 6
6385 7385 7
6584 7584 5
6731 7731 6
6941 7941 6
7188 8188 5
7294 8294 6
7347 8347 5
7555 8555 6
8039 9039 6
8050 9050 6
8054 9054 6
8112 9112 5
8238 9238 5
8612 9612 6
8785 9785 5
8897 9897 5
9012 10012 5
9169 10169 6
9463 10463 6
9599 10599 6
9600 10600 6
9699 10699 5
9828 10828 5
9957 10957 6
499 1499 5
506 1506 6
711 1711 5
742 1742 6
1167 2167 6
1491 2491 5
1725 2725 6
1738 2738 6
2149 3149 6
2356 3356 6
2521 3521 6
2622 3622 6
2880 3880 7
2911 3911 6
3036 4036 7
3091 4091 6
3120 4120 6
3330 4330 7
3478 4478 6
3861 4861 7
4220 5220 6
4392 5392 6
4492 5492 6
4709 5709 5
4731 5731 6
4817 5817 6
4969 5969 5
5377 6377 6
5381 6381 6
5464 6464 7
5865 6865 7
6152 7152 6
6228 7228 5
6351 7351 6
6700 7700 6
6722 7722 6
7000 8000 6
7477 8477 5
7512 8512 5
7537 8537 6
7946 8946 5
8165 9165 6
8645 9645 7
8678 9678 5
8968 9968 6
9218 10218 6
9618 10618 6
9786 10786 5
9792 10792 6
9957 10957 5
383 1383 6
441 1441 5
715 1715 5
848 1848 6
855 1855 6
1075 2075 6
1291 2291 5
1428 2428 5
1436 2436 6
1461 2461 5
1621 2621 5
1714 2714 6
2115 3115 5
2127 3127 5
2480 3480 6
2533 3533 6
2566 3566 5
2594 3594 6
2750 3750 7
3129 4129 5
3446 4446 6
3511 4511 6
3549 4549 6
3869 4869 6
3892 4892 5
4176 5176 6
4256 5256 6
4575 5575 5
4640 5640 7
4752 5752 5
4794 5794 5
4938 5938 5
5041 6041 6
5151 6151 6
5324 6324 5
5370 6370 5
5716 6716 7
6138 7138 5
6394 7394 6
6396 7396 5
6723 7723 6
7056 8056 5
7173 8173 5
7369 8369 5
7974 8974 6
8016 9016 5
8053 9053 5
8808 9808 5
8960 9960 6
9590 10590 5
71 1071 6
244 1244 6
373 1373 5
1140 2140 6
1543 2543 6
1803 2803 6
1885 2885 5
2099 3099 6
2299 3299 6
2316 3316 7
2425 3425 6
2630 3630 6
3089 4089 6
3701 4701 7
3708 4708 5
3718 4718 5
3758 4758 6
3917 4917 6
3943 4943 7
4002 5002 7
4106 5106 7
4224 5224 5
4410 5410 5
4418 5418 5
4968 5968 6
5181 6181 5
5323 6323 5
5751 6751 6
5810 6810 6
5881 6881 6
6107 7107 6
6338 7338 5
6390 7390 6
6472 7472 6
6545 7545 5
6780 7780 5
6936 7936 6
7336 8336 5
7390 8390 6
7595 8595 6
7925 8925 6
8123 9123 5
8182 9182 7
8323 9323 6
8578 9578 6
8710 9710 6
8960 9960 6
8964 9964 6
9531 10531 6
9814 10814 5
25 1025 5
315 1315 6
680 1680 5
684 1684 5
799 1799 7
1144 2144 5
1756 2756 7
1972 2972 6
2278 3278 6
2340 3340 6
2920 3920 6
3890 4890 6
4612 5612 5
4654 5654 6
4729 5729 6
5056 6056 5
5071 6071 5
5325 6325 5
5427 6427 5
5477 6477 6
5635 6635 5
5770 6770 5
6002 7002 5
6313 7313 5
6747 7747 7
6865 7865 6
7004 8004 7
7143 8143 5
7214 8214 5
7290 8290 5
7518 8518 7
7577 8577 5
7629 8629 6
8258 9258 6
8376 9376 6
8460 9460 5
8484 9484 6
8604 9604 5
8635 9635 5
8870 9870 5
8923 9923 6
9039 10039 6
9140 10140 5
9190 10190 5
9246 10246 5
9453 10453 6
9644 10644 7
9862 10862 6
9965 10965 6
9987 10987 5
46 1046 6
85 1085 7
321 1321 5
324 1324 5
453 1453 7
747 1747 5
1292 2292 5
1294 2294 5
1825 2825 5
2010 3010 5
2150 3150 5
2314 3314 6
2639 3639 5
2769 3769 5
2956 3956 6
3363 4363 5
3562 4562 6
3754 4754 5
4815 5815 5
5349 6349 5
5474 6474 6
5607 6607 5
5775 6775 5
6084 7084 6
6573 7573 6
6704 7704 5
6779 7779 6
6948 7948 6
7088 8088 6
7101 8101 5
7187 8187 6
7321 8321 5
7342 8342 5
7426 8426 6
7511 8511 5
7723 8723 5
7744 8744 6
7976 8976 6
7978 8978 5
8093 9093 6
8307 9307 6
8446 9446 5
8501 9501 5
8893 9893 6
9084 10084 6
9299 10299 6
9778 10778 5
9787 10787 5
9820 10820 6
9892 10892 7
465 1465 6
660 1660 5
707 1707 5
942 1942 6
1180 2180 7
1565 2565 7
1896 2896 6
2094 3094 5
2367 3367 6
2546 3546 5
2819 3819 5
2905 3905 6
3124 4124 6
3256 4256 6
3350 4350 5
3509 4509 5
3680 4680 6
3693 4693 5
3796 4796 6
3998 4998 7
4846 5846 5
5211 6211 6
5219 6219 6
5726 6726 6
5890 6890 6
5915 6915 5
6020 7020 7
6483 7483 7
6549 7549 5
6737 7737 6
6754 7754 6
6813 7813 6
6859 7859 7
6936 7936 6
6950 7950 7
7206 8206 6
7478 8478 5
7699 8699 5
8473 9473 5
8854 9854 7
9015 10015 6
9038 10038 7
9054 10054 6
9178 10178 5
9345 10345 7
9351 10351 6
9549 10549 6
9849 10849 5
9850 10850 5
9906 10906 6
614 1614 7
647 1647 6
1051 2051 5
1088 2088 6
1148 2148 6
1646 2646 6
1809 2809 5
2104 3104 6
2134 3134 6
2454 3454 6
2497 3497 6
2719 3719 6
2791 3791 6
2842 3842 5
2853 3853 5
3060 4060 5
3082 4082 6
3255 4255 6
3270 4270 5
3382 4382 6
3580 4580 5
3724 4724 6
3783 4783 5
4455 5455 5
4570 5570 5
4592 5592 5
4946 5946 7
5051 6051 6
5560 6560 5
5595 6595 5
6170 7170 5
6378 7378 6
6469 7469 5
6673 7673 5
6926 7926 6
7052 8052 5
7105 8105 5
7265 8265 6
7579 8579 5
7649 8649 6
7801 8801 6
8083 9083 5
8983 9983 6
9039 10039 6
9126 10126 6
9174 10174 5
9219 10219 5
9434 10434 5
9570 10570 6
9658 10658 7
44 1044 6
68 1068 6
170 1170 6
283 1283 7
719 1719 5
767 1767 7
804 1804 6
1165 2165 6
1171 2171 5
1212 2212 5
1237 2237 6
1508 2508 5
1742 2742 7
2376 3376 6
2396 3396 7
2485 3485 6
2600 3600 5
2722 3722 6
2725 3725 6
2782 3782 7
3134 4134 6
3172 4172 6
3272 4272 6
3273 4273 7
3966 4966 6
4064 5064 6
4192 5192 5
4242 5242 5
4263 5263 6
4809 5809 5
4863 5863 5
5387 6387 6
6218 7218 5
6493 7493 6
6735 7735 5
6940 7940 5
7013 8013 5
7163 8163 6
7296 8296 6
7405 8405 5
7509 8509 6
7645 8645 6
7901 8901 5
8402 9402 5
8730 9730 6
8774 9774 6
8809 9809 5
9356 10356 6
9440 10440 5
9724 10724 6
67 1067 5
136 1136 6
267 1267 7
304 1304 6
349 1349 5
592 1592 6
1088 2088 5
1100 2100 7
1152 2152 6
1340 2340 7
1483 2483 5
1551 2551 6
1635 2635 6
1966 2966 5
2025 3025 7
2245 3245 5
2274 3274 6
2321 3321 5
2418 3418 6
2915 3915 5
2987 3987 5
3048 4048 6
3604 4604 5
3687 4687 7
3844 4844 7
4250 5250 5
4556 5556 5
4945 5945 6
5306 6306 6
5410 6410 5
5556 6556 6
5743 6743 5
5925 6925 6
6362 7362 5
6488 7488 6
7060 8060 6
7100 8100 5
8104 9104 5
8156 9156 5
8497 9497 6
8941 9941 5
8975 9975 6
9020 10020 5
9292 10292 6
9316 10316 6
9323 10323 5
9515 10515 5
9588 10588 5
9797 10797 6
9966 10966 5
138 1138 5
1029 2029 5
1056 2056 7
1075 2075 5
1104 2104 5
1291 2291 6
1308 2308 5
1406 2406 5
1600 2600 6
1776 2776 6
1929 2929 6
2161 3161 5
2511 3511 5
2552 3552 6
2898 3898 6
3042 4042 7
3212 4212 6
3369 4369 6
3492 4492 6
3832 4832 5
4158 5158 5
4217 5217 6
4476 5476 5
4697 5697 6
4842 5842 6
4968 5968 5
5020 6020 6
5283 6283 6
5689 6689 5
5740 6740 6
6955 7955 6
7030 8030 7
7032 8032 5
7051 8051 7
7101 8101 7
7128 8128 5
7301 8301 6
7552 8552 5
7740 8740 5
7855 8855 6
7913 8913 6
7973 8973 6
8189 9189 7
8249 9249 6
8320 9320 6
8787 9787 6
8888 9888 5
9505 10505 6
9618 10618 5
9656 10656 6
42 1042 6
233 1233 7
286 1286 6
481 1481 6
779 1779 5
1118 2118 7
1306 2306 7
1329 2329 6
1729 2729 5
1907 2907 7
1914 2914 6
2047 3047 5
2485 3485 6
2528 3528 6
2600 3600 5
2800 3800 6
2910 3910 6
2998 3998 5
3123 4123 6
3252 4252 7
3446 4446 6
3491 4491 6
3825 4825 6
3851 4851 5
4239 5239 6
4267 5267 5
4282 5282 7
4488 5488 5
4564 5564 7
5135 6135 5
5208 6208 6
5796 6796 6
5889 6889 6
6045 7045 6
6075 7075 5
6205 7205 7
6462 7462 5
7564 8564 5
7576 8576 6
7656 8656 5
7743 8743 7
8230 9230 6
8354 9354 5
8514 9514 5
8562 9562 6
8776 9776 6
8921 9921 6
9031 10031 5
9375 10375 6
9612 10612 5
240 1240 6
309 1309 6
543 1543 5
691 1691 6
798 1798 6
865 1865 6
1110 2110 5
1127 2127 6
1208 2208 6
1404 2404 5
1897 2897 7
2113 3113 5
2218 3218 7
2434 3434 5
2748 3748 5
2830 3830 5
2929 3929 6
2977 3977 5
3035 4035 6
3621 4621 5
3775 4775 6
3876 4876 6
4704 5704 6
4842 5842 7
5139 6139 5
5346 6346 6
5502 6502 6
5533 6533 5
5544 6544 5
5720 6720 6
6374 7374 5
6500 7500 6
6801 7801 6
6838 7838 7
6901 7901 5
6937 7937 6
6996 7996 5
7144 8144 6
7251 8251 6
7446 8446 5
7502 8502 6
7600 8600 5
8284 9284 5
8427 9427 5
8799 9799 6
9006 10006 6
9405 10405 5
9407 10407 5
9782 10782 6
9893 10893 6
88 1088 5
401 1401 7
532 1532 6
540 1540 6
550 1550 6
628 1628 5
656 1656 6
658 1658 7
695 1695 5
747 1747 6
882 1882 6
913 1913 7
1243 2243 5
1479 2479 5
1614 2614 7
2462 3462 6
2707 3707 6
3033 4033 6
3115 4115 6
3146 4146 6
3296 4296 6
3394 4394 5
3475 4475 6
3634 4634 6
3911 4911 6
4500 5500 5
4837 5837 6
5396 6396 5
5678 6678 6
6079 7079 6
6681 7681 7
6935 7935 5
6985 7985 7
7206 8206 5
7288 8288 7
7590 8590 5
7650 8650 6
7655 8655 7
7684 8684 5
8156 9156 5
8301 9301 5
8439 9439 6
9047 10047 5
9101 10101 5
9221 10221 6
9283 10283 7
9372 10372 6
9606 10606 6
9646 10646 5
9912 10912 6
2 1002 5
496 1496 5
941 1941 5
1245 2245 5
1488 2488 5
1712 2712 5
1737 2737 5
1826 2826 5
1860 2860 5
1921 2921 5
2157 3157 6
2393 3393 6
2557 3557 5
2579 3579 5
2730 3730 6
2780 3780 7
2995 3995 5
2996 3996 5
3088 4088 5
3282 4282 5
3367 4367 6
3935 4935 5
3965 4965 5
4103 5103 7
4483 5483 6
4504 5504 5
4561 5561 6
4801 5801 6
5010 6010 5
5494 6494 5
5549 6549 6
5734 6734 5
5776 6776 6
6227 7227 7
6239 7239 7
6578 7578 6
6650 7650 6
6870 7870 6
7046 8046 6
7166 8166 6
7507 8507 6
7708 8708 7
7953 8953 6
7999 8999 5
8060 9060 6
8376 9376 6
8915 9915 6
9047 10047 6
9198 10198 5
9682 10682 5
