200 20 591643
10 109 221
10 103 228
10 94 205
10 139 246
10 142 151
10 143 178
10 101 222
10 143 246
10 108 199
10 73 169
10 75 165
10 107 239
10 128 154
10 80 234
10 52 163
10 96 180
10 98 243
10 82 246
10 141 227
10 142 162
594 1594 32
1596 2596 29
2499 3499 26
2776 3776 27
3791 4791 33
4660 5660 32
5208 6208 34
5930 6930 35
6207 7207 30
9435 10435 27
733 1733 26
2518 3518 28
2896 3896 27
3059 4059 27
3355 4355 34
6162 7162 30
6887 7887 32
8331 9331 29
8442 9442 28
9904 10904 31
496 1496 33
2551 3551 35
3519 4519 33
4336 5336 25
5011 6011 26
5277 6277 26
5397 6397 27
6495 7495 32
7895 8895 31
7922 8922 28
1301 2301 33
2331 3331 29
2585 3585 25
3032 4032 28
5891 6891 25
6938 7938 30
7732 8732 26
8471 9471 27
9440 10440 30
9448 10448 27
575 1575 25
1278 2278 30
1840 2840 29
2620 3620 32
3366 4366 34
3980 4980 26
4912 5912 28
5423 6423 31
6642 7642 29
7344 8344 28
128 1128 27
198 1198 25
254 1254 26
868 1868 34
3252 4252 25
4497 5497 32
4843 5843 29
7688 8688 31
8814 9814 28
9458 10458 31
151 1151 31
1234 2234 35
1537 2537 29
2559 3559 25
3125 4125 33
5944 6944 30
6118 7118 34
7202 8202 32
7788 8788 31
8129 9129 31
487 1487 33
1750 2750 28
3889 4889 30
5015 6015 33
5258 6258 35
6339 7339 31
6502 7502 28
8109 9109 29
8563 9563 27
9734 10734 25
171 1171 27
695 1695 31
3588 4588 31
4147 5147 34
4813 5813 25
5080 6080 25
6430 7430 30
7011 8011 25
7691 8691 32
9424 10424 32
1695 2695 33
3502 4502 25
3533 4533 31
6309 7309 25
7027 8027 34
7175 8175 32
7768 8768 34
8906 9906 34
9550 10550 29
9671 10671 32
320 1320 33
1366 2366 31
1917 2917 32
2032 3032 26
2956 3956 32
5241 6241 25
6102 7102 31
6834 7834 32
8360 9360 27
9511 10511 25
631 1631 28
901 1901 34
1085 2085 25
1469 2469 30
1475 2475 28
4130 5130 33
4713 5713 27
5612 6612 29
5777 6777 25
9816 10816 27
923 1923 33
2065 3065 33
4566 5566 28
4990 5990 28
5111 6111 32
5354 6354 32
5543 6543 27
5561 6561 31
6351 7351 25
9436 10436 30
1913 2913 34
2056 3056 25
2319 3319 28
4754 5754 34
6207 7207 27
6375 7375 28
6441 7441 30
6897 7897 31
9224 10224 34
9333 10333 34
3125 4125 27
3730 4730 31
4916 5916 28
6009 7009 33
7469 8469 30
8460 9460 29
8816 9816 30
9247 10247 32
9816 10816 29
9970 10970 28
30 1030 33
153 1153 27
1572 2572 31
2179 3179 27
2917 3917 29
4918 5918 32
7688 8688 32
8298 9298 34
8724 9724 26
9119 10119 34
957 1957 33
1179 2179 26
2779 3779 28
2824 3824 28
3327 4327 32
6302 7302 27
6658 7658 27
6749 7749 34
8205 9205 31
9712 10712 32
1250 2250 33
1701 2701 33
2669 3669 32
4270 5270 30
4276 5276 27
6190 7190 30
6660 7660 30
7616 8616 29
8059 9059 28
9021 10021 31
193 1193 26
697 1697 28
2636 3636 26
5277 6277 25
6818 7818 29
7821 8821 29
8468 9468 26
8583 9583 27
8877 9877 32
9124 10124 28
557 1557 26
1197 2197 34
1367 2367 26
2562 3562 28
4581 5581 27
4716 5716 34
5071 6071 25
5531 6531 30
5773 6773 31
9393 10393 32
