500 20 1414631
25 122 206
25 127 171
25 78 174
25 146 200
25 109 209
25 137 171
25 107 192
25 69 224
25 86 182
25 81 190
25 59 189
25 141 186
25 94 177
25 136 162
25 123 218
25 120 232
25 108 179
25 123 217
25 117 166
25 56 175
383 1383 10
1264 2264 11
1434 2434 13
1604 2604 12
2138 3138 11
2594 3594 12
2989 3989 14
3110 4110 15
3416 4416 12
4412 5412 13
4783 5783 12
5355 6355 13
6013 7013 14
6147 7147 13
6525 7525 14
6587 7587 12
6704 7704 11
6951 7951 11
7568 8568 13
7573 8573 13
7670 8670 14
8002 9002 10
8863 9863 13
9467 10467 12
9887 10887 11
62 1062 12
363 1363 13
894 1894 12
1535 2535 14
1599 2599 14
1658 2658 10
2091 3091 14
2651 3651 12
2657 3657 13
3857 4857 11
4128 5128 14
5115 6115 11
5173 6173 11
5177 6177 11
5188 6188 11
5343 6343 11
5835 6835 14
5866 6866 13
6139 7139 14
6215 7215 12
7241 8241 12
7621 8621 12
7735 8735 14
9243 10243 10
9479 10479 14
61 1061 14
452 1452 12
644 1644 11
812 1812 13
1561 2561 11
1585 2585 13
2199 3199 14
2574 3574 10
2596 3596 15
3885 4885 10
3934 4934 11
4404 5404 14
4628 5628 13
5200 6200 10
5363 6363 14
5986 6986 12
6161 7161 12
7257 8257 12
8242 9242 11
8427 9427 12
8489 9489 11
8628 9628 12
9113 10113 13
9592 10592 13
9831 10831 10
57 1057 13
104 1104 11
500 1500 14
532 1532 13
732 1732 12
746 1746 12
760 1760 11
760 1760 11
1423 2423 12
1736 2736 10
1888 2888 14
3356 4356 10
3407 4407 13
3638 4638 14
4067 5067 14
4134 5134 14
4743 5743 11
6352 7352 11
6404 7404 13
7374 8374 12
7512 8512 13
7864 8864 12
9370 10370 12
9442 10442 14
9653 10653 11
166 1166 14
425 1425 10
941 1941 10
1030 2030 12
1275 2275 14
1345 2345 13
1628 2628 14
1769 2769 11
2084 3084 14
2208 3208 13
2961 3961 14
3617 4617 10
3709 4709 15
4190 5190 11
4596 5596 14
5387 6387 12
5924 6924 14
6611 7611 13
6635 7635 14
6970 7970 12
7379 8379 14
8025 9025 12
8194 9194 14
8817 9817 12
9075 10075 13
483 1483 11
1293 2293 14
2080 3080 14
2103 3103 13
2295 3295 13
2668 3668 14
2887 3887 12
3490 4490 13
4457 5457 12
4733 5733 11
4885 5885 12
4898 5898 12
4938 5938 11
5091 6091 12
5326 6326 14
5509 6509 13
5870 6870 13
6134 7134 12
6359 7359 13
6776 7776 12
6916 7916 13
8059 9059 14
9752 10752 13
9913 10913 13
9927 10927 13
1214 2214 14
1637 2637 12
2492 3492 11
2881 3881 13
3227 4227 13
3312 4312 12
3317 4317 12
4240 5240 10
4274 5274 14
4327 5327 14
4835 5835 11
6498 7498 11
6557 7557 12
6795 7795 14
6815 7815 11
7346 8346 11
7470 8470 13
7678 8678 14
7929 8929 12
7964 8964 12
8410 9410 14
8548 9548 14
9253 10253 12
9725 10725 14
9938 10938 11
1080 2080 11
1372 2372 14
1851 2851 13
2309 3309 11
2445 3445 13
2593 3593 14
2781 3781 12
2834 3834 12
3191 4191 14
3366 4366 14
3547 4547 13
3891 4891 12
4026 5026 12
4048 5048 13
4080 5080 14
4118 5118 11
4303 5303 10
4556 5556 14
4730 5730 12
5379 6379 10
6990 7990 14
7148 8148 13
8973 9973 13
9337 10337 13
9416 10416 13
59 1059 13
409 1409 11
1553 2553 13
1688 2688 13
2177 3177 10
3764 4764 12
4261 5261 13
4426 5426 11
4426 5426 14
4700 5700 13
4752 5752 10
4986 5986 12
5681 6681 14
6120 7120 12
6460 7460 12
6507 7507 14
6527 7527 12
6938 7938 14
7270 8270 14
7274 8274 10
7419 8419 13
7464 8464 14
8233 9233 12
8813 9813 14
9675 10675 13
718 1718 13
783 1783 14
1252 2252 12
1315 2315 11
1420 2420 12
2242 3242 13
2772 3772 13
3079 4079 12
3600 4600 13
4430 5430 12
5593 6593 10
6559 7559 13
6691 7691 14
6750 7750 14
7309 8309 12
7692 8692 11
8267 9267 11
8334 9334 12
8425 9425 15
8543 9543 11
8552 9552 11
8814 9814 11
9132 10132 14
9469 10469 13
9721 10721 13
710 1710 12
1475 2475 13
2181 3181 13
2499 3499 13
2921 3921 10
3686 4686 12
3729 4729 12
4283 5283 11
4288 5288 11
4462 5462 12
4481 5481 13
4653 5653 11
4883 5883 14
4918 5918 14
5665 6665 11
6018 7018 11
7232 8232 14
7241 8241 11
7253 8253 11
7974 8974 14
8114 9114 12
8741 9741 14
8776 9776 12
8970 9970 14
9040 10040 11
419 1419 10
424 1424 11
1463 2463 13
2037 3037 13
2814 3814 14
3326 4326 12
3491 4491 13
3960 4960 13
4019 5019 13
4803 5803 11
4906 5906 11
5060 6060 11
5739 6739 14
5951 6951 13
6470 7470 11
6699 7699 13
6747 7747 11
6812 7812 12
8348 9348 11
8348 9348 13
8424 9424 12
8602 9602 12
8690 9690 13
9529 10529 12
9584 10584 13
178 1178 12
198 1198 14
362 1362 14
632 1632 14
1706 2706 14
2557 3557 11
3160 4160 11
3429 4429 11
3625 4625 11
3956 4956 14
4010 5010 12
4235 5235 14
5299 6299 14
5389 6389 14
5688 6688 14
5758 6758 14
6208 7208 11
6653 7653 12
7400 8400 13
7891 8891 12
8134 9134 12
8722 9722 14
8928 9928 13
9575 10575 13
9639 10639 13
75 1075 12
539 1539 13
598 1598 13
864 1864 11
1890 2890 15
2632 3632 13
3006 4006 11
3054 4054 14
3183 4183 12
4437 5437 14
4685 5685 14
5257 6257 12
5373 6373 11
6302 7302 11
6326 7326 12
6814 7814 12
6845 7845 12
7223 8223 13
7498 8498 12
9048 10048 11
9203 10203 14
9681 10681 13
9746 10746 14
9826 10826 12
9826 10826 14
229 1229 14
836 1836 10
1163 2163 11
1324 2324 11
1688 2688 10
2609 3609 11
2627 3627 11
2755 3755 12
3043 4043 14
3044 4044 12
3834 4834 11
4631 5631 13
5458 6458 12
5533 6533 14
6052 7052 13
6724 7724 12
7000 8000 14
7938 8938 12
7973 8973 12
8252 9252 12
8500 9500 14
8555 9555 10
9113 10113 14
9226 10226 14
9298 10298 11
911 1911 13
1709 2709 11
1916 2916 11
2103 3103 11
2162 3162 10
3656 4656 12
3816 4816 11
4349 5349 11
4898 5898 14
4942 5942 13
5062 6062 12
5469 6469 11
5481 6481 10
5572 6572 12
6555 7555 10
7225 8225 12
7630 8630 12
8118 9118 13
8270 9270 13
8310 9310 14
8433 9433 12
8606 9606 12
8800 9800 12
9099 10099 11
9466 10466 13
3 1003 11
993 1993 11
1334 2334 11
1584 2584 14
1728 2728 14
1897 2897 11
2333 3333 10
2575 3575 11
2812 3812 13
3282 4282 11
3577 4577 13
4162 5162 14
4163 5163 12
4221 5221 12
4282 5282 13
4788 5788 12
5010 6010 13
5124 6124 12
6062 7062 14
6835 7835 12
7294 8294 14
7300 8300 11
8327 9327 14
8816 9816 14
9963 10963 12
1699 2699 14
2032 3032 11
2208 3208 10
2247 3247 14
3849 4849 13
4031 5031 10
4551 5551 11
5105 6105 12
5106 6106 11
5476 6476 11
5911 6911 13
6905 7905 13
6923 7923 11
6937 7937 12
7022 8022 11
7084 8084 13
7408 8408 11
7414 8414 14
7514 8514 13
8153 9153 13
8417 9417 11
8731 9731 12
9274 10274 14
9481 10481 11
9616 10616 14
568 1568 12
1325 2325 14
1739 2739 14
1992 2992 13
2428 3428 12
2496 3496 13
2767 3767 14
2792 3792 12
3000 4000 12
3044 4044 11
3193 4193 14
3261 4261 11
3432 4432 12
4300 5300 11
4445 5445 11
4789 5789 15
5213 6213 13
6316 7316 13
6399 7399 14
6489 7489 14
6491 7491 11
6759 7759 12
9271 10271 14
9827 10827 12
9879 10879 12
72 1072 12
232 1232 11
476 1476 12
792 1792 12
1991 2991 11
4081 5081 12
4892 5892 12
5999 6999 14
6144 7144 11
6443 7443 14
6612 7612 13
6837 7837 12
6903 7903 12
6906 7906 13
6930 7930 12
7048 8048 13
7164 8164 11
7278 8278 11
7836 8836 13
7840 8840 14
8005 9005 14
8145 9145 11
8377 9377 12
9129 10129 11
9588 10588 11
