2000 100 5764225
20 54 238
20 112 219
20 50 179
20 143 230
20 126 218
20 62 174
20 82 238
20 51 203
20 87 153
20 118 230
20 139 237
20 92 156
20 140 167
20 145 187
20 62 219
20 95 222
20 107 226
20 138 202
20 133 214
20 130 184
20 91 193
20 103 201
20 72 200
20 67 248
20 100 155
20 57 185
20 59 155
20 81 185
20 132 228
20 140 201
20 60 153
20 59 217
20 108 227
20 75 222
20 62 186
20 111 219
20 77 155
20 100 230
20 74 208
20 132 237
20 123 241
20 119 159
20 64 155
20 104 205
20 92 166
20 85 198
20 98 176
20 110 185
20 128 172
20 109 245
20 148 215
20 65 202
20 82 195
20 97 220
20 113 169
20 128 238
20 68 234
20 106 244
20 111 214
20 81 196
20 148 196
20 107 181
20 92 237
20 125 216
20 140 162
20 92 203
20 108 171
20 123 150
20 52 170
20 60 244
20 50 222
20 91 167
20 52 166
20 67 249
20 72 244
20 108 222
20 51 221
20 118 249
20 52 216
20 123 245
20 144 218
20 125 248
20 52 224
20 138 218
20 108 230
20 97 191
20 61 162
20 59 188
20 112 191
20 65 230
20 94 215
20 115 164
20 136 237
20 59 176
20 61 178
20 102 196
20 82 233
20 146 197
20 75 205
20 108 167
620 1620 15
784 1784 14
1504 2504 15
1549 2549 15
2114 3114 17
2733 3733 18
3324 4324 15
3657 4657 14
3693 4693 15
3963 4963 14
4144 5144 14
5288 6288 15
5893 6893 17
6362 7362 13
7128 8128 15
7176 8176 18
7644 8644 15
8157 9157 16
8244 9244 13
9622 10622 17
159 1159 15
240 1240 13
345 1345 17
362 1362 14
443 1443 14
511 1511 15
812 1812 14
995 1995 14
1858 2858 13
3727 4727 14
4373 5373 13
5272 6272 14
5294 6294 15
5668 6668 16
6350 7350 14
6525 7525 15
7031 8031 15
7586 8586 15
8056 9056 14
8134 9134 15
930 1930 14
1618 2618 16
1743 2743 18
1924 2924 15
3111 4111 13
3174 4174 13
3187 4187 18
4262 5262 14
4930 5930 15
5191 6191 17
5475 6475 16
5675 6675 16
6643 7643 16
7010 8010 16
7737 8737 17
8081 9081 14
8247 9247 17
8266 9266 13
9068 10068 16
9455 10455 15
136 1136 15
185 1185 18
407 1407 13
503 1503 15
2777 3777 15
3485 4485 17
4138 5138 16
4170 5170 13
4514 5514 17
5006 6006 16
7138 8138 16
7224 8224 13
7361 8361 17
7368 8368 15
8446 9446 13
8473 9473 15
8890 9890 13
9016 10016 14
9400 10400 13
9910 10910 14
123 1123 16
553 1553 16
679 1679 18
1097 2097 13
1368 2368 13
1702 2702 17
2030 3030 17
2391 3391 16
3540 4540 13
4643 5643 15
5778 6778 17
6034 7034 18
6443 7443 14
6746 7746 15
6805 7805 14
7744 8744 15
8052 9052 17
8225 9225 16
8933 9933 17
9493 10493 16
657 1657 13
1016 2016 17
1280 2280 16
1377 2377 13
1514 2514 13
3232 4232 15
3397 4397 17
5364 6364 18
5375 6375 14
6304 7304 17
7021 8021 15
7108 8108 14
7312 8312 15
7752 8752 18
8113 9113 15
8285 9285 13
8546 9546 13
8793 9793 14
9047 10047 16
9321 10321 14
37 1037 15
1226 2226 13
1439 2439 15
1997 2997 15
2564 3564 13
2631 3631 13
2730 3730 15
3692 4692 15
4592 5592 16
5315 6315 15
6576 7576 13
6731 7731 15
7125 8125 18
7770 8770 13
8458 9458 16
8925 9925 14
9098 10098 15
9183 10183 18
9249 10249 17
9738 10738 16
188 1188 15
711 1711 16
953 1953 13
990 1990 16
1466 2466 14
2046 3046 13
2521 3521 14
3349 4349 13
3520 4520 18
3647 4647 17
4145 5145 17
4169 5169 14
4856 5856 17
5190 6190 16
6156 7156 16
6702 7702 14
7368 8368 14
8777 9777 13
9080 10080 17
9702 10702 14
557 1557 13
782 1782 14
879 1879 18
1388 2388 13
1410 2410 16
1553 2553 14
1776 2776 16
2796 3796 16
3163 4163 15
4229 5229 13
4696 5696 13
4700 5700 14
5154 6154 14
5772 6772 15
6485 7485 14
7617 8617 17
8596 9596 13
8824 9824 17
9655 10655 15
9838 10838 14
183 1183 14
1355 2355 14
1593 2593 15
1952 2952 16
2014 3014 13
2397 3397 16
2915 3915 14
3187 4187 15
3418 4418 17
3487 4487 16
4205 5205 16
4346 5346 16
4529 5529 13
6357 7357 16
7052 8052 14
7165 8165 17
7641 8641 13
8034 9034 18
9114 10114 13
9606 10606 13
973 1973 14
1429 2429 16
1573 2573 17
1664 2664 14
1696 2696 17
2374 3374 13
2720 3720 14
3243 4243 17
4205 5205 13
4243 5243 14
4347 5347 15
4573 5573 17
4665 5665 15
5318 6318 18
5934 6934 14
6028 7028 17
6066 7066 15
6729 7729 13
7843 8843 14
9732 10732 13
49 1049 14
134 1134 13
1080 2080 13
2852 3852 16
3580 4580 14
3898 4898 16
4127 5127 16
4540 5540 13
4563 5563 18
4843 5843 14
6584 7584 14
6612 7612 13
6861 7861 13
6960 7960 17
7153 8153 16
7533 8533 13
7777 8777 15
8305 9305 16
9000 10000 13
9139 10139 14
149 1149 16
863 1863 15
1148 2148 15
1269 2269 13
1439 2439 16
2260 3260 15
2323 3323 13
3215 4215 14
3565 4565 17
3609 4609 16
4329 5329 16
6071 7071 15
6736 7736 14
6902 7902 17
7357 8357 17
8032 9032 16
8577 9577 17
8817 9817 16
9282 10282 17
9989 10989 17
316 1316 13
763 1763 16
813 1813 15
2275 3275 17
2774 3774 14
3439 4439 13
3776 4776 13
3907 4907 13
3976 4976 15
4014 5014 14
4026 5026 16
4217 5217 17
5242 6242 15
5701 6701 18
5715 6715 15
6404 7404 17
6489 7489 16
6796 7796 16
7216 8216 15
8526 9526 18
385 1385 15
1597 2597 15
1676 2676 15
1729 2729 14
2325 3325 16
3678 4678 14
3692 4692 17
4154 5154 13
4573 5573 13
5074 6074 17
5226 6226 17
5314 6314 15
6078 7078 15
6181 7181 18
7314 8314 17
7561 8561 15
7880 8880 14
8119 9119 16
8360 9360 17
8588 9588 17
59 1059 17
364 1364 16
1298 2298 14
1387 2387 13
1513 2513 13
2303 3303 15
2580 3580 13
2792 3792 16
3033 4033 15
3181 4181 15
3541 4541 16
4684 5684 13
4744 5744 13
4836 5836 17
6021 7021 15
7940 8940 13
7983 8983 15
8715 9715 13
8815 9815 13
9509 10509 13
8 1008 17
380 1380 18
739 1739 15
821 1821 15
880 1880 15
1177 2177 18
1561 2561 15
1822 2822 16
2329 3329 17
2812 3812 17
2838 3838 14
4389 5389 16
4834 5834 17
5413 6413 18
6139 7139 13
8267 9267 15
8330 9330 14
8474 9474 16
8554 9554 14
9042 10042 17
178 1178 15
363 1363 18
2428 3428 17
2508 3508 13
3275 4275 18
3282 4282 17
3579 4579 15
4010 5010 16
4250 5250 18
4266 5266 13
5072 6072 15
6071 7071 16
6119 7119 14
6481 7481 17
6736 7736 15
7337 8337 15
7388 8388 15
7573 8573 17
8403 9403 16
9140 10140 16
772 1772 17
896 1896 17
1191 2191 17
1377 2377 13
2012 3012 14
2070 3070 14
2101 3101 17
3161 4161 17
5343 6343 16
5395 6395 18
5651 6651 15
6283 7283 15
6620 7620 16
6846 7846 17
7415 8415 14
7470 8470 14
7743 8743 15
7806 8806 15
7875 8875 17
8149 9149 16
635 1635 14
694 1694 14
991 1991 14
1307 2307 14
1894 2894 15
2851 3851 16
3734 4734 13
3739 4739 13
3957 4957 16
4512 5512 16
4611 5611 15
4823 5823 16
4983 5983 18
5836 6836 17
6175 7175 16
6280 7280 14
6640 7640 18
7438 8438 17
7717 8717 13
9637 10637 13
653 1653 16
775 1775 17
1300 2300 16
2669 3669 15
3104 4104 13
4318 5318 16
4703 5703 15
4991 5991 16
5007 6007 16
5040 6040 16
5475 6475 18
6023 7023 18
6703 7703 15
7421 8421 17
8944 9944 16
9096 10096 14
9149 10149 13
9668 10668 13
9757 10757 14
9897 10897 17
56 1056 17
215 1215 17
445 1445 17
683 1683 15
3178 4178 13
3744 4744 13
3753 4753 13
3932 4932 18
4140 5140 13
4605 5605 17
4841 5841 15
4994 5994 14
6479 7479 13
6563 7563 14
7160 8160 16
7637 8637 14
8428 9428 18
9104 10104 17
9378 10378 16
9719 10719 15
23 1023 18
436 1436 18
782 1782 13
1350 2350 17
1603 2603 15
1911 2911 17
2352 3352 15
2662 3662 17
3021 4021 17
3793 4793 14
4573 5573 13
5158 6158 15
5292 6292 17
5758 6758 16
6700 7700 17
7455 8455 13
8128 9128 14
8303 9303 14
9625 10625 14
9745 10745 17
262 1262 16
398 1398 14
564 1564 16
949 1949 15
1813 2813 18
2850 3850 14
3193 4193 18
4618 5618 16
5119 6119 16
5197 6197 14
5302 6302 13
7328 8328 15
7972 8972 15
8060 9060 14
8169 9169 14
9144 10144 18
9341 10341 16
9429 10429 17
9764 10764 17
9848 10848 18
435 1435 13
500 1500 15
1602 2602 15
1604 2604 17
2113 3113 16
2208 3208 16
3895 4895 14
4228 5228 15
4387 5387 15
4633 5633 16
5243 6243 16
5740 6740 13
5826 6826 16
7328 8328 13
7772 8772 15
8155 9155 17
8184 9184 13
8798 9798 16
9692 10692 13
9780 10780 17
938 1938 14
1219 2219 16
1277 2277 16
2508 3508 15
2723 3723 14
2798 3798 14
2963 3963 15
4623 5623 14
4924 5924 17
5272 6272 16
5470 6470 17
6825 7825 16
6845 7845 16
7068 8068 15
7595 8595 16
7847 8847 14
7912 8912 13
7986 8986 16
9058 10058 14
9120 10120 15
33 1033 18
1670 2670 17
1753 2753 17
1775 2775 17
1990 2990 15
2181 3181 16
2301 3301 18
2691 3691 13
2746 3746 17
3321 4321 13
5159 6159 18
5718 6718 16
6267 7267 15
6695 7695 15
6889 7889 17
6901 7901 15
7433 8433 17
7507 8507 13
8703 9703 14
9484 10484 15
239 1239 17
734 1734 17
984 1984 13
1650 2650 15
3703 4703 15
3713 4713 16
3883 4883 15
6631 7631 15
6737 7737 15
7108 8108 14
7210 8210 15
7227 8227 13
7585 8585 15
7815 8815 13
7839 8839 15
8100 9100 16
8405 9405 17
8946 9946 15
8949 9949 17
9781 10781 16
396 1396 15
424 1424 14
597 1597 18
852 1852 14
2237 3237 18
2307 3307 14
2485 3485 18
2506 3506 16
3690 4690 16
3696 4696 17
3742 4742 14
5011 6011 14
6292 7292 17
7028 8028 17
7178 8178 13
7555 8555 15
7685 8685 14
8257 9257 16
9292 10292 18
9917 10917 14
579 1579 15
749 1749 16
2377 3377 14
3776 4776 17
4169 5169 14
4312 5312 18
4417 5417 13
5770 6770 13
6087 7087 15
6555 7555 14
6649 7649 18
7511 8511 15
7747 8747 13
7750 8750 14
8186 9186 18
8190 9190 17
8213 9213 15
8216 9216 14
9002 10002 17
9319 10319 15
46 1046 13
257 1257 16
1089 2089 14
1352 2352 17
1460 2460 13
2430 3430 14
2818 3818 16
3157 4157 15
3430 4430 16
3520 4520 16
4758 5758 18
5097 6097 16
5742 6742 15
6160 7160 14
6663 7663 15
6709 7709 16
7420 8420 16
8519 9519 15
8952 9952 15
9077 10077 16
287 1287 17
961 1961 15
1114 2114 16
1383 2383 17
1406 2406 15
1493 2493 15
1617 2617 13
1851 2851 16
1932 2932 17
2591 3591 13
3068 4068 18
4184 5184 15
4393 5393 13
4924 5924 18
5041 6041 13
7464 8464 13
7763 8763 13
8685 9685 14
8894 9894 14
9079 10079 15
1187 2187 15
1212 2212 15
1772 2772 16
2352 3352 13
2408 3408 18
3663 4663 16
4429 5429 16
4631 5631 16
4828 5828 13
5471 6471 14
5652 6652 17
6370 7370 16
6868 7868 14
7225 8225 13
8127 9127 16
8641 9641 14
8814 9814 18
8979 9979 14
9434 10434 15
9624 10624 16
158 1158 16
723 1723 17
977 1977 14
1374 2374 18
1446 2446 13
1980 2980 16
2053 3053 13
2222 3222 13
2867 3867 18
2979 3979 17
3119 4119 17
3543 4543 18
3663 4663 15
5740 6740 13
6074 7074 14
7289 8289 17
7866 8866 18
8558 9558 15
8794 9794 17
8988 9988 17
645 1645 15
1459 2459 18
2111 3111 16
2870 3870 14
2922 3922 14
4080 5080 17
4146 5146 14
4193 5193 18
4529 5529 14
5299 6299 17
5521 6521 16
6852 7852 17
6943 7943 13
7641 8641 14
7853 8853 16
8035 9035 14
8284 9284 13
8908 9908 14
9439 10439 17
9531 10531 18
212 1212 16
330 1330 16
385 1385 14
1206 2206 15
1715 2715 15
3022 4022 13
3979 4979 16
4280 5280 14
4360 5360 13
4635 5635 15
5148 6148 15
5169 6169 13
5466 6466 17
5569 6569 17
6949 7949 13
7080 8080 13
7522 8522 14
8750 9750 16
9314 10314 15
9573 10573 14
222 1222 15
292 1292 14
2020 3020 16
2201 3201 15
2337 3337 16
2934 3934 17
3485 4485 18
3683 4683 18
3823 4823 17
4070 5070 13
4120 5120 14
4734 5734 14
6195 7195 18
7147 8147 17
7598 8598 16
8042 9042 17
8421 9421 14
8613 9613 13
8662 9662 15
8735 9735 16
388 1388 13
557 1557 14
945 1945 15
1454 2454 18
1929 2929 14
3278 4278 15
4346 5346 16
4531 5531 13
5741 6741 16
5913 6913 18
6758 7758 16
7772 8772 15
7963 8963 14
8039 9039 13
8320 9320 17
9490 10490 16
9711 10711 13
9771 10771 14
9909 10909 16
9935 10935 16
69 1069 15
729 1729 15
1402 2402 16
2915 3915 16
3348 4348 13
3375 4375 15
3791 4791 14
4403 5403 16
4417 5417 15
4729 5729 14
5267 6267 16
6067 7067 14
6081 7081 18
6676 7676 18
7171 8171 17
7336 8336 15
8210 9210 17
8406 9406 15
8964 9964 16
9248 10248 16
298 1298 14
391 1391 18
1366 2366 17
1719 2719 13
1750 2750 14
2132 3132 17
2802 3802 15
4062 5062 15
4066 5066 17
4153 5153 18
4725 5725 13
5839 6839 15
5959 6959 18
7301 8301 14
7995 8995 17
8601 9601 15
8790 9790 17
9172 10172 15
9456 10456 17
9778 10778 15
657 1657 16
986 1986 17
2905 3905 15
3195 4195 17
4512 5512 13
4778 5778 14
4941 5941 14
5234 6234 13
5746 6746 14
6183 7183 13
6413 7413 13
6979 7979 16
7300 8300 13
8137 9137 14
8730 9730 14
8883 9883 14
9082 10082 17
9260 10260 13
9486 10486 17
9799 10799 16
218 1218 15
264 1264 17
1099 2099 14
1276 2276 13
1747 2747 15
2000 3000 17
3100 4100 14
4442 5442 18
4637 5637 18
5083 6083 14
5813 6813 17
6706 7706 15
6893 7893 13
7636 8636 17
8840 9840 15
9119 10119 18
9324 10324 16
9403 10403 14
9423 10423 13
9491 10491 17
483 1483 18
888 1888 18
919 1919 14
2346 3346 15
2751 3751 15
3494 4494 14
3538 4538 13
3998 4998 17
4193 5193 14
6085 7085 13
6550 7550 17
6622 7622 15
6699 7699 15
6781 7781 13
7216 8216 18
7324 8324 16
9060 10060 17
9251 10251 18
9257 10257 13
9773 10773 15
880 1880 13
1179 2179 16
3311 4311 13
3733 4733 14
3803 4803 17
4225 5225 14
4229 5229 14
4412 5412 14
4818 5818 18
5103 6103 14
5308 6308 14
5498 6498 16
6173 7173 13
6872 7872 14
7092 8092 16
7448 8448 13
8349 9349 14
8934 9934 14
9342 10342 14
9443 10443 15
609 1609 14
1837 2837 15
2143 3143 15
3100 4100 15
3118 4118 16
3216 4216 14
3456 4456 13
3524 4524 13
3685 4685 15
3801 4801 13
4690 5690 15
4724 5724 16
5001 6001 16
6094 7094 17
6915 7915 16
7074 8074 14
7208 8208 17
8220 9220 15
8951 9951 16
9255 10255 13
66 1066 14
252 1252 15
468 1468 14
731 1731 16
1884 2884 17
2285 3285 18
2434 3434 14
2613 3613 13
2944 3944 17
3562 4562 17
3670 4670 16
4002 5002 13
4022 5022 14
4966 5966 17
5111 6111 13
6440 7440 17
7093 8093 14
7511 8511 17
8356 9356 18
8760 9760 17
862 1862 17
1863 2863 16
2241 3241 14
3346 4346 14
3440 4440 14
3702 4702 16
4131 5131 13
4388 5388 16
5243 6243 13
5693 6693 14
5912 6912 15
6740 7740 15
7877 8877 14
8270 9270 15
8272 9272 17
8345 9345 13
8673 9673 16
8674 9674 18
8892 9892 17
9878 10878 16
178 1178 16
414 1414 17
828 1828 17
2070 3070 13
2123 3123 16
2213 3213 14
2376 3376 16
2448 3448 15
4172 5172 15
5719 6719 17
6503 7503 13
7178 8178 14
7729 8729 15
7891 8891 14
7892 8892 15
8281 9281 13
8880 9880 13
9217 10217 13
9820 10820 18
9885 10885 14
110 1110 16
481 1481 14
746 1746 15
830 1830 15
1112 2112 18
1137 2137 13
1773 2773 13
3172 4172 16
3230 4230 14
3341 4341 18
3720 4720 15
3829 4829 14
3896 4896 13
4329 5329 18
5233 6233 16
5318 6318 15
8246 9246 13
8288 9288 17
8390 9390 15
9430 10430 16
319 1319 17
346 1346 14
653 1653 13
938 1938 15
1233 2233 14
1651 2651 17
1997 2997 17
2899 3899 16
2934 3934 15
2969 3969 18
5188 6188 13
5232 6232 16
5423 6423 16
7290 8290 18
7912 8912 17
8389 9389 18
8650 9650 15
9010 10010 17
9396 10396 17
9592 10592 15
136 1136 17
617 1617 17
669 1669 14
767 1767 16
897 1897 16
1028 2028 13
1380 2380 17
1429 2429 15
2129 3129 18
2491 3491 15
2540 3540 15
3301 4301 14
3696 4696 15
4855 5855 18
5091 6091 17
6929 7929 17
7265 8265 16
7361 8361 13
8218 9218 15
9770 10770 13
76 1076 15
1166 2166 16
2685 3685 17
2951 3951 16
3094 4094 16
3372 4372 15
3745 4745 13
3977 4977 17
4327 5327 16
4525 5525 17
5394 6394 13
5668 6668 14
6020 7020 14
6064 7064 17
7578 8578 17
7992 8992 15
8267 9267 15
8309 9309 14
8771 9771 17
9120 10120 16
672 1672 14
918 1918 13
963 1963 16
1312 2312 14
1988 2988 16
1997 2997 14
2074 3074 16
2519 3519 13
2697 3697 17
3011 4011 13
3574 4574 16
4114 5114 15
4966 5966 16
5814 6814 13
5976 6976 15
6211 7211 17
7930 8930 15
8945 9945 17
9221 10221 16
9609 10609 13
175 1175 13
585 1585 13
1177 2177 14
1976 2976 14
2958 3958 18
3127 4127 16
4757 5757 15
5887 6887 14
5932 6932 14
6094 7094 13
6288 7288 15
6547 7547 16
6792 7792 17
7108 8108 16
7149 8149 13
7320 8320 14
7658 8658 18
7769 8769 15
8839 9839 17
9995 10995 17
1907 2907 18
2166 3166 16
2213 3213 17
2448 3448 14
2513 3513 17
2710 3710 15
3340 4340 16
3378 4378 13
3567 4567 17
4195 5195 17
4515 5515 13
4832 5832 18
4910 5910 13
6947 7947 16
7502 8502 14
7866 8866 15
8077 9077 15
8264 9264 14
8714 9714 15
9356 10356 16
156 1156 14
271 1271 13
839 1839 15
955 1955 17
1153 2153 17
1829 2829 15
2379 3379 15
2479 3479 15
2676 3676 18
2771 3771 15
4380 5380 15
4633 5633 13
5187 6187 17
5799 6799 15
5998 6998 15
6178 7178 16
6343 7343 15
6367 7367 17
8140 9140 16
9894 10894 17
341 1341 18
492 1492 15
1324 2324 15
1371 2371 16
1810 2810 16
2887 3887 16
3571 4571 15
6310 7310 17
6359 7359 14
7150 8150 15
7203 8203 13
7318 8318 14
7357 8357 17
7539 8539 16
7716 8716 14
8710 9710 16
8810 9810 13
9483 10483 14
9548 10548 15
9824 10824 17
98 1098 13
215 1215 17
1501 2501 18
3392 4392 17
3494 4494 15
3972 4972 16
4044 5044 15
4563 5563 14
4706 5706 14
5288 6288 17
5421 6421 14
5769 6769 14
6565 7565 13
6764 7764 17
7102 8102 15
7165 8165 17
7606 8606 17
8101 9101 13
8129 9129 17
9489 10489 16
463 1463 16
579 1579 13
1116 2116 14
2146 3146 16
3017 4017 16
4439 5439 18
4774 5774 17
5729 6729 14
6955 7955 14
7018 8018 14
7535 8535 16
7619 8619 15
8278 9278 17
8454 9454 14
8665 9665 15
9112 10112 14
9367 10367 16
9654 10654 13
9817 10817 16
9834 10834 18
618 1618 15
697 1697 13
1013 2013 14
1497 2497 15
1999 2999 17
2661 3661 15
2682 3682 18
2774 3774 15
3626 4626 13
3819 4819 17
3842 4842 15
4223 5223 16
5031 6031 18
5218 6218 16
6787 7787 15
7431 8431 16
8402 9402 15
8682 9682 16
9159 10159 14
9693 10693 17
683 1683 16
712 1712 17
731 1731 13
1348 2348 18
1410 2410 18
1891 2891 17
2073 3073 14
3011 4011 16
3680 4680 13
4272 5272 16
4429 5429 14
4435 5435 15
5131 6131 16
6860 7860 17
7338 8338 16
7396 8396 13
7773 8773 16
7781 8781 14
8205 9205 15
9582 10582 15
1092 2092 15
1694 2694 16
2794 3794 18
3849 4849 17
5106 6106 15
5114 6114 16
5131 6131 14
5436 6436 17
5847 6847 15
6000 7000 13
6580 7580 16
6812 7812 18
7025 8025 17
7546 8546 13
7906 8906 13
8697 9697 17
9237 10237 14
9421 10421 16
9579 10579 16
9948 10948 15
1696 2696 15
1790 2790 18
3377 4377 14
3848 4848 16
4058 5058 13
4280 5280 17
4434 5434 16
4581 5581 14
5067 6067 15
5994 6994 14
6548 7548 16
6795 7795 16
6956 7956 13
7668 8668 18
8602 9602 17
8866 9866 14
8970 9970 16
9066 10066 15
9171 10171 17
9848 10848 13
31 1031 15
730 1730 14
1659 2659 13
1887 2887 15
2931 3931 14
4951 5951 15
5559 6559 17
5668 6668 15
6299 7299 15
6691 7691 18
6980 7980 16
7776 8776 13
8163 9163 15
8300 9300 13
8335 9335 15
8599 9599 15
8730 9730 16
8793 9793 17
8924 9924 17
9212 10212 16
173 1173 14
310 1310 13
740 1740 14
849 1849 15
1569 2569 13
3596 4596 15
3741 4741 16
4700 5700 17
6977 7977 13
6980 7980 15
7082 8082 17
7180 8180 15
7526 8526 17
7865 8865 13
7869 8869 13
9156 10156 17
9353 10353 17
9371 10371 13
9638 10638 14
9707 10707 17
479 1479 15
606 1606 15
1125 2125 17
2878 3878 17
3195 4195 17
4313 5313 16
5070 6070 16
5385 6385 16
5463 6463 13
5582 6582 17
6474 7474 17
6840 7840 16
6846 7846 18
7044 8044 17
8410 9410 14
8440 9440 13
9072 10072 13
9439 10439 15
9584 10584 13
9947 10947 18
239 1239 13
556 1556 17
1387 2387 13
2037 3037 14
3061 4061 17
3132 4132 13
3190 4190 18
3333 4333 14
4147 5147 14
4328 5328 15
4350 5350 17
5048 6048 17
5987 6987 13
6243 7243 13
6406 7406 13
7012 8012 15
7344 8344 14
7928 8928 16
8840 9840 13
9389 10389 13
931 1931 13
1091 2091 14
2783 3783 18
2905 3905 14
3067 4067 17
3156 4156 14
3195 4195 14
4098 5098 15
4590 5590 15
6004 7004 17
6058 7058 14
6210 7210 15
6951 7951 17
7158 8158 17
7170 8170 15
7601 8601 15
7612 8612 17
9392 10392 16
9443 10443 13
9648 10648 14
1212 2212 17
1387 2387 17
1703 2703 17
2163 3163 15
2548 3548 18
2748 3748 15
3607 4607 13
4570 5570 17
4708 5708 16
5365 6365 14
5773 6773 14
6424 7424 14
7347 8347 13
7474 8474 14
7544 8544 13
7967 8967 14
8263 9263 16
8602 9602 15
8935 9935 18
9570 10570 18
185 1185 14
1412 2412 13
2092 3092 13
3720 4720 15
3754 4754 16
3855 4855 16
3951 4951 14
4247 5247 16
5519 6519 15
6991 7991 16
7028 8028 16
7147 8147 13
8037 9037 18
8189 9189 13
8907 9907 17
9183 10183 17
9443 10443 17
9595 10595 17
9638 10638 17
9697 10697 15
3 1003 13
419 1419 17
844 1844 15
1316 2316 14
2106 3106 15
3951 4951 13
4222 5222 15
4278 5278 15
4902 5902 16
5330 6330 17
5609 6609 15
6394 7394 15
6593 7593 17
6649 7649 16
7355 8355 13
7675 8675 16
7927 8927 16
8106 9106 13
8205 9205 13
8451 9451 13
323 1323 18
526 1526 16
822 1822 17
1707 2707 15
2425 3425 15
2631 3631 18
2913 3913 16
3549 4549 18
4032 5032 14
4045 5045 14
4253 5253 16
4316 5316 16
4463 5463 16
4465 5465 17
4564 5564 18
5747 6747 17
6949 7949 15
7137 8137 16
8185 9185 17
8669 9669 18
326 1326 13
596 1596 14
1671 2671 14
2167 3167 13
2401 3401 15
2500 3500 16
3650 4650 17
3751 4751 17
4663 5663 13
4778 5778 13
5018 6018 15
6036 7036 16
6607 7607 13
6641 7641 14
7268 8268 18
8214 9214 17
9181 10181 15
9297 10297 14
9727 10727 17
9871 10871 17
206 1206 13
1408 2408 16
1720 2720 14
1975 2975 15
2005 3005 13
3133 4133 13
3359 4359 16
3664 4664 17
4280 5280 16
4286 5286 14
4552 5552 16
5296 6296 16
5824 6824 16
6689 7689 13
6742 7742 15
8271 9271 13
8813 9813 14
9494 10494 17
9544 10544 16
9586 10586 13
203 1203 13
391 1391 18
489 1489 18
545 1545 16
1254 2254 15
1351 2351 16
1698 2698 18
2187 3187 14
2795 3795 14
3482 4482 17
3634 4634 15
4368 5368 16
5329 6329 15
5903 6903 14
7832 8832 17
7843 8843 16
7890 8890 16
8586 9586 18
9541 10541 13
9685 10685 15
1536 2536 17
2336 3336 18
3563 4563 16
3872 4872 13
4711 5711 14
5292 6292 17
5380 6380 13
5463 6463 18
5510 6510 17
5855 6855 13
6202 7202 13
7090 8090 14
7249 8249 15
9020 10020 16
9112 10112 13
9184 10184 17
9444 10444 14
9505 10505 16
9511 10511 14
9842 10842 15
40 1040 15
110 1110 17
590 1590 15
1243 2243 13
1806 2806 16
3185 4185 14
3325 4325 16
3526 4526 15
3716 4716 16
3968 4968 15
3974 4974 15
4045 5045 16
4378 5378 17
5434 6434 14
6621 7621 13
6762 7762 14
7005 8005 17
7260 8260 14
9136 10136 16
9436 10436 15
220 1220 15
1958 2958 16
2071 3071 18
3053 4053 16
3208 4208 13
3920 4920 13
5272 6272 14
5276 6276 18
5360 6360 18
6004 7004 16
6008 7008 15
6380 7380 15
7094 8094 16
7143 8143 15
7650 8650 13
8055 9055 16
8212 9212 15
8762 9762 16
8980 9980 18
8982 9982 13
823 1823 15
1200 2200 14
1289 2289 15
2760 3760 17
2768 3768 14
3539 4539 18
3598 4598 16
3900 4900 13
4719 5719 14
5542 6542 13
6138 7138 16
6518 7518 14
6644 7644 17
7208 8208 16
8815 9815 14
9084 10084 17
9132 10132 15
9143 10143 17
9414 10414 14
9419 10419 15
375 1375 17
1880 2880 16
3403 4403 16
4011 5011 15
4415 5415 17
4910 5910 18
4993 5993 18
5525 6525 18
5992 6992 18
6125 7125 16
6442 7442 15
6719 7719 16
7059 8059 17
7308 8308 18
7836 8836 14
7943 8943 13
7967 8967 15
8178 9178 17
8216 9216 13
9281 10281 17
157 1157 13
263 1263 13
703 1703 15
2303 3303 15
3102 4102 15
3105 4105 16
4086 5086 15
4309 5309 13
4443 5443 18
4605 5605 14
5697 6697 17
5810 6810 13
6071 7071 15
6216 7216 15
6375 7375 16
6596 7596 17
7566 8566 15
8264 9264 14
8692 9692 14
9247 10247 13
581 1581 15
1914 2914 13
2117 3117 14
2138 3138 14
2292 3292 17
2939 3939 13
3312 4312 16
4017 5017 15
4296 5296 15
5259 6259 17
6359 7359 15
6899 7899 14
7182 8182 18
7561 8561 13
7887 8887 13
8232 9232 15
8415 9415 16
9217 10217 16
9338 10338 14
9701 10701 16
1318 2318 16
1327 2327 14
2964 3964 18
3853 4853 13
4996 5996 17
5031 6031 14
5504 6504 14
6061 7061 17
7533 8533 17
7710 8710 13
7784 8784 16
7996 8996 14
8100 9100 13
8306 9306 16
8656 9656 14
9317 10317 16
9537 10537 13
9857 10857 13
9861 10861 18
9944 10944 13
1909 2909 14
2009 3009 14
2677 3677 13
2892 3892 13
3193 4193 14
4760 5760 16
5039 6039 17
5415 6415 15
6104 7104 14
6494 7494 13
6526 7526 16
7258 8258 16
7627 8627 18
7838 8838 15
8214 9214 17
8528 9528 13
8932 9932 16
9059 10059 17
9431 10431 16
9736 10736 14
1187 2187 18
1248 2248 13
1824 2824 15
1954 2954 16
2090 3090 14
2483 3483 17
2882 3882 14
2897 3897 13
3473 4473 13
4175 5175 17
4567 5567 15
5563 6563 18
6621 7621 14
6641 7641 14
6697 7697 18
6958 7958 13
6986 7986 13
7744 8744 13
8355 9355 15
9604 10604 13
428 1428 17
584 1584 15
857 1857 17
1501 2501 13
3047 4047 14
4323 5323 18
4561 5561 15
5322 6322 16
5714 6714 18
6656 7656 18
6904 7904 15
7524 8524 16
7680 8680 14
8585 9585 18
8750 9750 16
8780 9780 14
9023 10023 14
9027 10027 14
9551 10551 15
9999 10999 16
135 1135 15
375 1375 14
1403 2403 17
1877 2877 15
3297 4297 16
3847 4847 14
4797 5797 14
5465 6465 16
6082 7082 14
6153 7153 15
6941 7941 15
7218 8218 17
7415 8415 14
7812 8812 15
8022 9022 15
8986 9986 14
9186 10186 17
9303 10303 16
9642 10642 17
9710 10710 14
1203 2203 15
1495 2495 17
1615 2615 14
2691 3691 14
3479 4479 13
3831 4831 16
4643 5643 13
4762 5762 14
5066 6066 16
5856 6856 13
5965 6965 17
6075 7075 18
6164 7164 16
6233 7233 13
6436 7436 18
8188 9188 13
8636 9636 16
9360 10360 18
9788 10788 13
9789 10789 17
269 1269 14
582 1582 13
1093 2093 13
2041 3041 15
2064 3064 14
2141 3141 17
3634 4634 15
3872 4872 17
6338 7338 17
6439 7439 14
6460 7460 16
7312 8312 14
7434 8434 14
7690 8690 17
8516 9516 17
8704 9704 18
9349 10349 14
9711 10711 13
9905 10905 13
9983 10983 13
525 1525 15
632 1632 14
1691 2691 16
1816 2816 16
1891 2891 13
2213 3213 13
2247 3247 14
2575 3575 13
2603 3603 13
2813 3813 18
4216 5216 18
6082 7082 17
6560 7560 16
6785 7785 16
6793 7793 17
7261 8261 16
7670 8670 15
7796 8796 17
8494 9494 14
9817 10817 18
508 1508 17
572 1572 13
1618 2618 13
1886 2886 14
1938 2938 16
2444 3444 16
2699 3699 17
2801 3801 16
2949 3949 15
2953 3953 15
4609 5609 17
4875 5875 14
6266 7266 14
6528 7528 16
7993 8993 17
8016 9016 17
8035 9035 17
8216 9216 15
8296 9296 17
8902 9902 13
667 1667 16
1772 2772 16
1935 2935 15
2286 3286 15
2300 3300 13
2319 3319 16
3050 4050 15
4088 5088 16
4917 5917 16
5154 6154 16
5670 6670 17
5955 6955 14
7019 8019 17
7246 8246 17
7404 8404 15
7652 8652 15
7927 8927 16
8699 9699 17
8883 9883 16
9230 10230 18
285 1285 18
657 1657 13
2153 3153 14
2294 3294 17
3947 4947 16
4696 5696 15
5183 6183 14
5413 6413 14
5720 6720 15
5976 6976 16
6370 7370 17
6530 7530 17
6588 7588 17
7027 8027 16
8323 9323 15
8405 9405 17
8435 9435 13
9712 10712 17
9773 10773 16
9913 10913 17
394 1394 15
399 1399 16
863 1863 16
1700 2700 17
2357 3357 16
2597 3597 15
3637 4637 17
3680 4680 18
5210 6210 16
5557 6557 17
6720 7720 15
7130 8130 16
7261 8261 13
7272 8272 14
8573 9573 15
8612 9612 17
8633 9633 15
9307 10307 17
9392 10392 15
9422 10422 13
568 1568 16
735 1735 16
1442 2442 15
1713 2713 17
2490 3490 15
2599 3599 17
2816 3816 16
3377 4377 14
3595 4595 15
4514 5514 15
5264 6264 14
6468 7468 15
7092 8092 14
7099 8099 16
7730 8730 15
8416 9416 17
8750 9750 15
8911 9911 14
9036 10036 14
9175 10175 14
212 1212 15
1624 2624 18
1944 2944 18
2810 3810 13
3056 4056 17
3099 4099 16
3139 4139 14
3359 4359 14
3622 4622 17
3788 4788 15
5145 6145 14
5402 6402 17
7745 8745 16
7828 8828 17
7954 8954 14
8520 9520 17
9222 10222 14
9476 10476 14
9703 10703 16
9907 10907 17
16 1016 17
228 1228 17
260 1260 15
471 1471 18
774 1774 16
995 1995 13
2375 3375 13
2834 3834 13
3600 4600 14
4127 5127 13
4352 5352 15
4603 5603 18
4669 5669 16
4730 5730 13
5444 6444 15
6089 7089 15
6475 7475 13
7011 8011 15
8692 9692 14
9356 10356 14
812 1812 14
1355 2355 15
2417 3417 13
2879 3879 17
2960 3960 13
3259 4259 15
3704 4704 16
3771 4771 13
4356 5356 18
4750 5750 17
4866 5866 13
5054 6054 13
5172 6172 13
5254 6254 17
5650 6650 15
6266 7266 16
6336 7336 17
7875 8875 15
8464 9464 17
9885 10885 17
339 1339 14
397 1397 13
542 1542 17
565 1565 16
912 1912 15
994 1994 16
1231 2231 17
1941 2941 16
1942 2942 16
2490 3490 14
2514 3514 13
2708 3708 14
3728 4728 13
5037 6037 17
5188 6188 13
6362 7362 14
7024 8024 15
7487 8487 15
8714 9714 17
9682 10682 18
647 1647 14
707 1707 15
825 1825 14
1868 2868 17
2018 3018 14
2018 3018 17
2678 3678 17
3277 4277 14
4157 5157 13
5170 6170 16
5508 6508 18
5761 6761 16
7353 8353 13
7447 8447 15
7978 8978 14
8083 9083 15
9070 10070 15
9462 10462 15
9745 10745 13
9745 10745 13
