50 20 13638
3 78 240
3 51 231
3 98 190
3 50 248
3 78 250
3 148 216
3 71 178
3 96 158
3 69 217
3 121 245
2 75 210
2 148 209
2 140 159
2 87 173
2 95 247
2 68 203
2 132 152
2 56 194
2 133 242
2 86 175
195 295 105
373 473 117
647 747 122
11 111 119
320 420 94
900 1000 96
190 290 105
845 945 102
999 1099 108
46 146 87
553 653 105
913 1013 91
181 281 117
237 337 91
322 422 119
109 209 103
184 284 117
464 564 96
20 120 119
224 324 112
389 489 91
522 622 92
639 739 119
922 1022 117
335 435 117
704 804 95
765 865 116
119 219 89
278 378 114
577 677 115
129 229 152
275 375 153
461 561 182
926 1026 139
289 389 159
824 924 159
216 316 173
881 981 173
541 641 167
802 902 160
275 375 167
698 798 165
213 313 152
845 945 149
652 752 148
921 1021 172
94 194 145
772 872 148
328 428 142
573 673 175
