2000 100 599247
20 85 241
20 137 162
20 132 181
20 131 193
20 117 151
20 112 208
20 137 231
20 80 196
20 57 193
20 147 180
20 118 151
20 95 192
20 58 231
20 69 229
20 74 162
20 150 158
20 107 187
20 140 171
20 136 222
20 68 154
20 119 223
20 74 194
20 139 200
20 120 191
20 54 205
20 81 238
20 116 190
20 97 157
20 106 169
20 119 249
20 139 232
20 116 197
20 66 200
20 77 180
20 107 210
20 118 250
20 54 221
20 148 232
20 129 158
20 85 236
20 132 172
20 147 225
20 82 237
20 117 189
20 65 224
20 101 245
20 61 190
20 83 165
20 140 229
20 133 181
20 117 228
20 58 203
20 83 154
20 66 176
20 58 247
20 57 176
20 121 193
20 141 213
20 145 191
20 88 155
20 110 230
20 146 248
20 72 178
20 68 199
20 52 175
20 145 205
20 139 164
20 110 227
20 125 239
20 132 194
20 66 207
20 67 197
20 134 210
20 75 170
20 69 231
20 83 197
20 119 214
20 130 172
20 129 199
20 109 150
20 75 204
20 62 190
20 102 231
20 121 163
20 64 191
20 111 188
20 128 245
20 149 213
20 122 185
20 147 164
20 50 218
20 101 161
20 118 205
20 106 190
20 78 166
20 132 216
20 60 231
20 52 206
20 67 193
20 131 191
29 129 15
40 140 15
42 142 15
44 144 12
81 181 15
92 192 13
96 196 16
119 219 13
131 231 13
132 232 15
154 254 12
275 375 15
415 515 15
430 530 15
450 550 14
450 550 15
453 553 13
616 716 14
878 978 15
942 1042 14
21 121 16
194 294 14
231 331 17
285 385 13
285 385 15
319 419 14
353 453 14
379 479 12
418 518 12
449 549 15
456 556 13
468 568 16
508 608 14
536 636 13
577 677 12
771 871 14
772 872 16
797 897 12
940 1040 15
984 1084 12
26 126 15
53 153 12
57 157 15
271 371 14
297 397 17
366 466 12
369 469 13
412 512 12
414 514 12
514 614 17
609 709 14
653 753 14
662 762 12
754 854 17
774 874 16
788 888 17
811 911 13
857 957 12
954 1054 17
957 1057 16
96 196 16
169 269 16
184 284 13
273 373 16
282 382 13
284 384 13
341 441 12
343 443 13
360 460 14
464 564 13
482 582 14
494 594 12
548 648 16
556 656 13
646 746 14
827 927 14
873 973 17
876 976 14
891 991 16
907 1007 12
14 114 16
166 266 14
166 266 14
182 282 17
235 335 16
254 354 12
270 370 13
358 458 13
405 505 14
414 514 17
445 545 12
542 642 12
572 672 13
593 693 13
705 805 16
870 970 17
880 980 14
882 982 14
946 1046 13
976 1076 13
38 138 13
42 142 14
62 162 15
123 223 17
148 248 14
244 344 13
251 351 14
392 492 13
396 496 13
461 561 12
499 599 13
519 619 14
529 629 14
720 820 15
721 821 16
748 848 13
749 849 16
917 1017 14
935 1035 16
972 1072 16
82 182 14
99 199 15
134 234 13
272 372 15
293 393 14
302 402 16
380 480 13
449 549 16
531 631 15
567 667 12
589 689 14
658 758 16
661 761 13
706 806 12
711 811 14
818 918 13
826 926 16
850 950 13
851 951 14
874 974 16
16 116 14
84 184 16
111 211 13
138 238 13
144 244 13
175 275 15
183 283 13
207 307 17
224 324 15
370 470 15
407 507 12
543 643 16
561 661 14
567 667 17
745 845 12
790 890 13
793 893 15
935 1035 13
956 1056 16
963 1063 15
103 203 12
106 206 13
188 288 15
229 329 15
250 350 14
260 360 12
291 391 12
420 520 17
426 526 15
462 562 13
535 635 13
659 759 15
666 766 13
779 879 16
826 926 12
834 934 16
857 957 13
864 964 12
876 976 13
941 1041 15
89 189 16
109 209 17
189 289 12
222 322 15
241 341 15
287 387 15
323 423 16
371 471 13
377 477 13
396 496 17
573 673 12
588 688 13
658 758 14
708 808 12
753 853 14
777 877 12
823 923 13
934 1034 16
952 1052 16
984 1084 14
67 167 14
142 242 13
269 369 14
276 376 14
342 442 16
380 480 16
453 553 13
476 576 14
478 578 14
652 752 12
699 799 13
715 815 13
750 850 14
756 856 14
800 900 13
804 904 14
862 962 12
934 1034 16
959 1059 13
972 1072 15
106 206 13
162 262 15
178 278 16
202 302 17
245 345 14
298 398 13
304 404 13
489 589 13
507 607 13
534 634 14
535 635 16
655 755 13
662 762 12
705 805 14
709 809 17
755 855 15
821 921 14
851 951 15
977 1077 14
982 1082 15
19 119 14
84 184 13
93 193 14
150 250 15
329 429 15
404 504 12
490 590 16
587 687 13
590 690 16
633 733 14
725 825 16
726 826 12
805 905 13
813 913 13
887 987 16
891 991 13
893 993 16
901 1001 12
954 1054 16
998 1098 13
37 137 12
50 150 13
62 162 13
80 180 15
98 198 13
132 232 14
264 364 15
290 390 15
330 430 17
367 467 17
461 561 16
592 692 15
611 711 15
633 733 14
718 818 16
864 964 16
867 967 14
889 989 17
909 1009 16
911 1011 14
92 192 13
128 228 15
161 261 15
200 300 12
218 318 12
218 318 13
236 336 14
329 429 14
398 498 16
418 518 13
443 543 17
568 668 16
594 694 16
650 750 12
675 775 14
691 791 15
793 893 14
852 952 16
922 1022 14
930 1030 14
3 103 15
38 138 13
73 173 15
109 209 14
350 450 12
395 495 16
550 650 13
550 650 16
643 743 12
671 771 13
673 773 12
691 791 14
709 809 16
765 865 13
793 893 16
803 903 15
809 909 12
901 1001 15
902 1002 13
990 1090 15
20 120 14
30 130 15
102 202 17
106 206 12
118 218 13
128 228 17
155 255 13
208 308 17
245 345 15
272 372 14
385 485 13
582 682 15
641 741 16
704 804 15
722 822 12
746 846 13
877 977 13
888 988 15
910 1010 14
959 1059 13
176 276 15
235 335 13
236 336 12
240 340 17
312 412 12
335 435 16
427 527 15
447 547 13
478 578 14
518 618 17
520 620 16
537 637 13
541 641 16
580 680 15
610 710 14
614 714 13
635 735 16
694 794 17
747 847 14
927 1027 13
18 118 14
79 179 14
114 214 12
246 346 13
262 362 14
484 584 17
490 590 12
550 650 13
656 756 13
657 757 12
668 768 12
705 805 15
744 844 15
815 915 12
837 937 17
863 963 16
876 976 14
905 1005 12
905 1005 13
941 1041 12
24 124 13
50 150 16
94 194 17
293 393 17
354 454 15
379 479 13
404 504 12
511 611 15
545 645 16
579 679 13
606 706 12
615 715 16
736 836 15
821 921 13
824 924 16
829 929 13
879 979 16
919 1019 15
950 1050 16
971 1071 14
47 147 17
56 156 15
214 314 16
233 333 17
343 443 12
352 452 14
418 518 13
504 604 16
515 615 14
553 653 17
597 697 15
602 702 17
748 848 14
769 869 15
799 899 14
822 922 15
862 962 15
876 976 16
886 986 17
937 1037 16
24 124 16
47 147 15
82 182 15
139 239 16
171 271 16
254 354 13
301 401 14
319 419 14
461 561 16
609 709 14
708 808 13
788 888 13
844 944 12
870 970 17
871 971 17
908 1008 13
917 1017 17
942 1042 13
987 1087 13
999 1099 13
30 130 16
111 211 14
156 256 13
182 282 14
203 303 14
339 439 16
354 454 13
435 535 15
553 653 16
601 701 12
668 768 14
695 795 13
778 878 16
815 915 14
815 915 16
863 963 15
906 1006 14
911 1011 12
913 1013 14
931 1031 16
24 124 13
40 140 13
88 188 17
93 193 12
187 287 13
241 341 12
331 431 15
385 485 15
399 499 12
487 587 12
516 616 15
530 630 14
597 697 16
648 748 17
670 770 12
679 779 14
749 849 12
799 899 17
926 1026 12
972 1072 16
82 182 16
82 182 16
84 184 12
107 207 13
127 227 14
136 236 15
239 339 16
345 445 13
356 456 15
373 473 12
393 493 14
551 651 13
619 719 16
663 763 12
747 847 13
813 913 13
826 926 16
848 948 13
973 1073 13
975 1075 14
35 135 17
64 164 15
132 232 14
162 262 14
193 293 12
202 302 12
300 400 14
413 513 17
518 618 16
719 819 14
745 845 14
797 897 14
824 924 14
867 967 15
870 970 13
881 981 15
899 999 16
972 1072 15
975 1075 16
990 1090 12
1 101 16
9 109 13
82 182 12
96 196 17
158 258 16
238 338 14
253 353 17
295 395 12
305 405 13
341 441 15
424 524 15
443 543 15
515 615 15
620 720 12
746 846 12
764 864 16
770 870 14
792 892 14
807 907 12
975 1075 12
56 156 14
126 226 14
145 245 16
242 342 15
273 373 13
341 441 15
361 461 14
381 481 16
516 616 17
525 625 17
546 646 15
577 677 16
640 740 13
768 868 12
814 914 16
822 922 15
868 968 15
874 974 13
928 1028 14
987 1087 13
10 110 14
28 128 12
110 210 16
137 237 14
144 244 16
156 256 16
364 464 17
367 467 13
383 483 14
438 538 15
457 557 14
478 578 15
604 704 15
610 710 13
648 748 14
763 863 16
812 912 16
824 924 13
857 957 17
887 987 15
21 121 16
69 169 14
143 243 15
164 264 15
176 276 14
186 286 16
244 344 14
316 416 13
347 447 14
372 472 15
377 477 13
391 491 13
442 542 16
473 573 15
557 657 15
748 848 13
757 857 16
808 908 13
915 1015 15
993 1093 13
39 139 17
124 224 13
158 258 15
214 314 12
354 454 12
419 519 15
499 599 17
521 621 15
594 694 13
597 697 15
610 710 14
760 860 13
771 871 14
802 902 15
847 947 14
883 983 15
955 1055 15
978 1078 12
979 1079 12
989 1089 14
1 101 16
107 207 14
199 299 13
217 317 16
232 332 12
286 386 17
296 396 13
299 399 14
364 464 15
423 523 12
436 536 13
534 634 15
579 679 12
639 739 15
672 772 16
775 875 14
866 966 14
917 1017 17
936 1036 17
984 1084 13
4 104 15
20 120 13
28 128 13
134 234 12
218 318 15
219 319 12
219 319 14
261 361 16
317 417 16
434 534 13
447 547 14
456 556 15
457 557 15
491 591 16
518 618 12
667 767 15
732 832 16
740 840 16
844 944 15
926 1026 13
57 157 13
58 158 15
79 179 12
133 233 14
351 451 16
393 493 15
519 619 16
586 686 16
620 720 14
664 764 12
716 816 14
761 861 17
772 872 16
778 878 16
872 972 16
883 983 13
932 1032 13
935 1035 16
982 1082 12
991 1091 13
45 145 13
150 250 14
197 297 16
275 375 12
367 467 14
371 471 17
447 547 12
498 598 12
502 602 15
578 678 14
617 717 15
695 795 16
722 822 14
746 846 15
795 895 13
807 907 16
825 925 14
879 979 13
891 991 12
969 1069 16
34 134 16
41 141 17
102 202 14
243 343 16
414 514 17
422 522 17
509 609 13
521 621 16
640 740 15
688 788 15
735 835 12
822 922 15
829 929 13
846 946 14
852 952 15
919 1019 14
947 1047 13
956 1056 12
997 1097 16
1000 1100 12
44 144 13
82 182 15
110 210 17
163 263 12
177 277 15
202 302 15
213 313 16
268 368 12
383 483 13
443 543 16
539 639 14
544 644 13
555 655 15
638 738 16
658 758 15
856 956 13
857 957 14
892 992 12
931 1031 13
976 1076 12
27 127 13
107 207 13
143 243 16
169 269 13
182 282 14
209 309 14
224 324 13
298 398 13
313 413 12
317 417 15
381 481 15
412 512 13
513 613 13
516 616 14
608 708 14
711 811 14
736 836 16
738 838 13
811 911 14
855 955 15
49 149 16
73 173 17
116 216 12
121 221 15
127 227 15
194 294 16
232 332 13
329 429 17
349 449 17
360 460 15
367 467 16
409 509 15
462 562 14
707 807 17
736 836 13
779 879 17
813 913 17
892 992 15
961 1061 12
969 1069 14
12 112 13
39 139 13
74 174 13
112 212 17
113 213 13
139 239 14
206 306 14
220 320 12
302 402 15
522 622 16
624 724 17
667 767 17
682 782 13
713 813 13
722 822 13
857 957 14
869 969 13
880 980 16
889 989 14
970 1070 15
28 128 12
38 138 17
45 145 15
163 263 12
205 305 14
269 369 15
328 428 13
480 580 15
487 587 13
497 597 13
508 608 16
526 626 17
561 661 13
602 702 16
614 714 14
673 773 16
726 826 13
726 826 14
764 864 14
987 1087 14
48 148 16
97 197 13
109 209 13
117 217 16
167 267 15
198 298 16
249 349 15
270 370 12
292 392 14
301 401 16
318 418 13
375 475 14
471 571 15
589 689 14
666 766 13
693 793 14
722 822 15
833 933 13
845 945 13
919 1019 16
102 202 12
107 207 14
118 218 15
312 412 15
432 532 12
591 691 15
612 712 14
644 744 15
672 772 14
690 790 16
704 804 14
705 805 17
706 806 13
716 816 17
720 820 14
792 892 13
885 985 15
945 1045 13
959 1059 17
988 1088 16
110 210 13
157 257 14
166 266 16
199 299 13
273 373 15
285 385 15
327 427 13
356 456 16
441 541 14
501 601 15
558 658 13
626 726 16
689 789 14
693 793 14
700 800 14
719 819 12
726 826 15
826 926 16
959 1059 15
987 1087 17
101 201 14
165 265 15
232 332 15
257 357 14
281 381 12
302 402 12
321 421 16
350 450 17
418 518 14
429 529 13
566 666 15
589 689 14
618 718 16
700 800 13
710 810 16
792 892 15
891 991 17
901 1001 15
938 1038 16
997 1097 16
33 133 16
97 197 17
115 215 17
162 262 13
195 295 14
222 322 14
423 523 15
462 562 16
471 571 14
495 595 13
681 781 15
736 836 13
893 993 14
902 1002 14
905 1005 16
931 1031 12
939 1039 17
955 1055 15
955 1055 15
992 1092 13
8 108 13
59 159 16
103 203 12
216 316 16
227 327 14
276 376 16
302 402 12
344 444 17
433 533 17
567 667 12
607 707 14
610 710 12
631 731 16
634 734 12
695 795 16
746 846 13
776 876 15
805 905 12
851 951 15
936 1036 15
4 104 15
24 124 14
26 126 16
89 189 14
177 277 15
391 491 12
445 545 13
459 559 15
503 603 16
518 618 14
560 660 14
635 735 13
658 758 15
676 776 13
679 779 14
683 783 12
716 816 15
926 1026 13
970 1070 14
973 1073 13
5 105 12
17 117 15
19 119 13
25 125 12
53 153 14
59 159 16
106 206 16
146 246 15
149 249 14
265 365 16
315 415 15
402 502 13
423 523 13
533 633 16
599 699 13
701 801 13
730 830 16
742 842 12
872 972 13
977 1077 14
24 124 13
53 153 17
68 168 16
195 295 12
218 318 14
260 360 16
331 431 16
383 483 14
385 485 17
404 504 17
487 587 14
539 639 17
577 677 13
680 780 15
814 914 13
893 993 13
898 998 17
907 1007 15
945 1045 15
991 1091 13
26 126 13
89 189 15
160 260 14
191 291 14
249 349 14
309 409 13
378 478 13
404 504 16
411 511 15
432 532 14
436 536 16
530 630 14
571 671 12
600 700 16
651 751 13
677 777 16
746 846 14
834 934 12
919 1019 12
935 1035 14
82 182 16
154 254 15
169 269 12
179 279 16
263 363 14
377 477 13
380 480 15
414 514 15
422 522 15
425 525 15
521 621 14
526 626 15
602 702 13
607 707 16
754 854 12
758 858 13
866 966 17
899 999 15
977 1077 12
984 1084 14
5 105 14
16 116 15
18 118 17
69 169 12
97 197 13
110 210 14
141 241 14
159 259 16
165 265 15
226 326 14
357 457 14
380 480 16
417 517 14
447 547 15
573 673 13
586 686 15
745 845 12
862 962 14
879 979 15
903 1003 17
2 102 12
93 193 13
116 216 14
150 250 17
151 251 16
251 351 16
269 369 13
376 476 13
383 483 15
389 489 12
440 540 14
667 767 13
691 791 14
705 805 16
734 834 14
789 889 13
802 902 12
968 1068 14
993 1093 13
996 1096 14
82 182 16
97 197 15
113 213 15
137 237 13
140 240 13
219 319 12
298 398 14
360 460 14
405 505 16
408 508 12
454 554 16
490 590 14
516 616 13
590 690 13
625 725 14
724 824 16
847 947 17
904 1004 13
915 1015 14
940 1040 16
7 107 13
220 320 17
287 387 16
385 485 14
399 499 14
425 525 16
428 528 15
579 679 12
603 703 17
616 716 12
631 731 13
684 784 15
756 856 13
773 873 14
810 910 15
828 928 12
847 947 15
865 965 13
951 1051 12
960 1060 12
9 109 14
120 220 15
159 259 14
206 306 14
213 313 16
247 347 13
254 354 15
268 368 14
344 444 13
432 532 15
510 610 13
518 618 17
627 727 15
668 768 14
738 838 17
804 904 13
820 920 15
830 930 13
878 978 13
955 1055 15
20 120 16
149 249 12
154 254 14
195 295 15
244 344 14
362 462 13
396 496 15
440 540 15
452 552 14
512 612 14
518 618 12
623 723 13
628 728 17
654 754 17
728 828 14
741 841 13
751 851 13
773 873 15
775 875 13
873 973 14
48 148 13
67 167 16
107 207 15
127 227 12
181 281 16
209 309 13
285 385 14
320 420 15
579 679 16
588 688 14
605 705 12
610 710 12
672 772 14
675 775 16
706 806 15
709 809 14
752 852 14
833 933 13
893 993 16
951 1051 16
168 268 13
174 274 12
177 277 15
203 303 14
249 349 14
257 357 13
266 366 13
287 387 13
297 397 16
398 498 14
414 514 14
442 542 14
516 616 12
562 662 15
650 750 14
762 862 16
774 874 13
790 890 14
803 903 16
983 1083 13
69 169 13
73 173 13
160 260 14
221 321 13
270 370 13
335 435 17
348 448 15
365 465 13
406 506 16
407 507 13
427 527 14
543 643 15
592 692 13
608 708 13
673 773 15
728 828 13
792 892 16
807 907 15
852 952 12
873 973 14
47 147 16
76 176 13
78 178 13
93 193 16
104 204 14
151 251 14
184 284 16
216 316 14
248 348 15
428 528 13
439 539 16
480 580 13
509 609 16
650 750 14
652 752 15
700 800 12
705 805 16
795 895 16
854 954 12
946 1046 13
10 110 17
22 122 15
41 141 12
52 152 13
212 312 14
369 469 13
370 470 14
519 619 16
583 683 16
592 692 16
599 699 14
652 752 12
671 771 15
699 799 15
724 824 12
725 825 16
772 872 16
777 877 17
846 946 17
851 951 14
10 110 14
33 133 12
113 213 16
123 223 12
180 280 14
189 289 16
257 357 15
373 473 15
446 546 17
474 574 13
509 609 12
614 714 14
616 716 15
666 766 13
735 835 13
775 875 15
918 1018 16
923 1023 16
949 1049 12
949 1049 14
75 175 14
111 211 15
124 224 12
125 225 14
170 270 12
191 291 13
191 291 14
278 378 15
285 385 14
314 414 12
399 499 13
446 546 16
513 613 15
621 721 13
741 841 16
867 967 13
869 969 13
896 996 16
929 1029 13
967 1067 12
94 194 16
135 235 12
162 262 15
264 364 16
296 396 13
307 407 16
330 430 15
387 487 12
438 538 15
473 573 13
480 580 13
494 594 14
552 652 14
584 684 14
621 721 13
627 727 15
674 774 16
731 831 13
743 843 16
914 1014 12
47 147 13
111 211 14
139 239 12
220 320 13
250 350 13
300 400 15
350 450 14
359 459 13
365 465 16
437 537 15
521 621 13
531 631 13
535 635 17
589 689 16
602 702 12
723 823 13
775 875 14
832 932 17
897 997 15
928 1028 14
27 127 12
76 176 14
94 194 12
158 258 14
193 293 14
214 314 16
240 340 14
243 343 15
249 349 14
443 543 12
446 546 13
573 673 12
583 683 15
604 704 15
657 757 17
702 802 15
706 806 17
714 814 16
881 981 14
914 1014 14
7 107 13
25 125 14
64 164 16
107 207 14
114 214 16
191 291 17
202 302 14
243 343 16
342 442 17
396 496 16
433 533 13
487 587 12
589 689 14
828 928 16
858 958 14
868 968 15
879 979 13
891 991 14
954 1054 12
972 1072 12
62 162 13
102 202 13
171 271 17
221 321 17
232 332 15
286 386 14
289 389 13
289 389 14
310 410 12
371 471 16
384 484 17
469 569 14
484 584 14
595 695 13
607 707 15
613 713 17
623 723 12
636 736 13
817 917 16
841 941 16
5 105 14
57 157 12
61 161 16
87 187 15
91 191 13
110 210 14
128 228 13
213 313 13
280 380 15
285 385 16
310 410 12
360 460 15
540 640 13
578 678 13
597 697 15
759 859 16
916 1016 13
953 1053 15
954 1054 13
977 1077 15
44 144 13
58 158 15
66 166 14
164 264 15
299 399 12
350 450 15
355 455 12
359 459 17
544 644 12
594 694 17
595 695 15
630 730 16
690 790 12
758 858 15
759 859 16
767 867 13
769 869 16
788 888 13
873 973 15
954 1054 15
13 113 16
95 195 12
115 215 13
139 239 15
230 330 13
282 382 13
331 431 15
364 464 15
403 503 13
435 535 14
481 581 14
492 592 14
500 600 13
508 608 16
513 613 12
514 614 17
581 681 12
609 709 14
876 976 12
972 1072 15
8 108 16
130 230 14
134 234 13
250 350 12
252 352 12
381 481 14
398 498 12
446 546 12
448 548 17
460 560 15
511 611 16
559 659 15
583 683 16
599 699 14
735 835 17
829 929 15
861 961 14
901 1001 13
930 1030 13
988 1088 14
55 155 12
72 172 15
93 193 16
142 242 15
143 243 13
154 254 16
183 283 14
237 337 13
305 405 12
402 502 14
564 664 13
701 801 15
775 875 15
807 907 16
817 917 15
835 935 14
846 946 16
873 973 16
906 1006 14
952 1052 16
14 114 15
115 215 13
135 235 15
192 292 16
227 327 13
245 345 13
265 365 13
318 418 15
328 428 14
332 432 16
378 478 17
404 504 12
634 734 14
661 761 15
668 768 13
725 825 15
759 859 14
836 936 14
979 1079 12
996 1096 12
57 157 16
112 212 13
112 212 16
146 246 16
147 247 15
179 279 17
182 282 13
240 340 15
378 478 16
385 485 16
457 557 15
467 567 14
502 602 14
504 604 14
556 656 16
649 749 15
710 810 15
783 883 15
840 940 15
961 1061 12
50 150 13
209 309 12
326 426 15
434 534 13
483 583 16
513 613 14
564 664 15
600 700 17
641 741 16
653 753 14
663 763 12
670 770 13
670 770 15
745 845 15
764 864 17
846 946 16
857 957 16
911 1011 17
919 1019 15
988 1088 15
4 104 14
134 234 13
200 300 15
287 387 15
319 419 15
325 425 14
422 522 16
453 553 13
553 653 12
563 663 14
574 674 15
614 714 17
627 727 14
680 780 14
737 837 14
840 940 12
851 951 14
907 1007 15
933 1033 16
964 1064 14
61 161 12
76 176 16
148 248 17
272 372 17
274 374 13
293 393 15
353 453 13
424 524 12
424 524 16
469 569 14
531 631 12
674 774 12
719 819 16
738 838 15
754 854 13
884 984 16
942 1042 17
950 1050 12
974 1074 13
991 1091 16
106 206 16
114 214 12
122 222 12
148 248 17
190 290 15
302 402 17
307 407 13
345 445 15
430 530 15
549 649 14
565 665 16
652 752 13
703 803 16
753 853 15
756 856 12
866 966 15
875 975 13
910 1010 15
946 1046 17
968 1068 16
113 213 12
180 280 14
202 302 12
210 310 13
248 348 16
256 356 15
269 369 17
271 371 13
358 458 13
394 494 16
448 548 16
473 573 15
543 643 13
550 650 16
623 723 17
638 738 16
812 912 12
834 934 15
963 1063 12
984 1084 13
145 245 16
162 262 17
201 301 13
225 325 14
232 332 14
250 350 15
262 362 17
308 408 14
385 485 15
391 491 15
494 594 15
593 693 15
653 753 12
707 807 14
844 944 14
851 951 16
870 970 14
904 1004 14
917 1017 16
968 1068 15
13 113 14
35 135 13
65 165 15
99 199 13
121 221 15
234 334 16
298 398 12
319 419 16
323 423 13
323 423 15
423 523 16
493 593 16
643 743 13
700 800 16
718 818 13
740 840 16
767 867 15
862 962 15
901 1001 14
934 1034 13
169 269 14
224 324 17
271 371 15
284 384 13
342 442 14
343 443 13
368 468 15
376 476 15
524 624 13
627 727 15
681 781 12
689 789 12
698 798 15
704 804 15
758 858 17
823 923 15
860 960 15
912 1012 15
942 1042 15
960 1060 14
19 119 13
32 132 12
36 136 15
119 219 16
122 222 17
126 226 14
155 255 17
176 276 16
187 287 15
192 292 14
215 315 14
383 483 14
466 566 13
569 669 17
580 680 17
613 713 15
797 897 12
839 939 16
980 1080 14
991 1091 14
9 109 15
31 131 14
63 163 14
118 218 14
216 316 15
226 326 16
349 449 12
382 482 15
416 516 13
417 517 12
463 563 17
503 603 14
522 622 12
585 685 13
601 701 13
614 714 13
679 779 17
709 809 14
751 851 16
827 927 12
21 121 13
138 238 12
157 257 13
202 302 16
264 364 16
410 510 16
422 522 13
454 554 14
496 596 16
508 608 14
546 646 14
557 657 13
595 695 14
653 753 12
749 849 12
752 852 14
850 950 12
885 985 13
892 992 16
962 1062 16
10 110 14
80 180 17
116 216 16
127 227 15
139 239 15
162 262 15
170 270 17
189 289 14
344 444 16
391 491 13
393 493 12
403 503 15
411 511 15
497 597 13
614 714 16
626 726 15
808 908 15
812 912 13
819 919 15
955 1055 13
46 146 16
179 279 12
244 344 14
271 371 16
370 470 15
414 514 13
434 534 15
439 539 16
462 562 15
506 606 14
528 628 15
565 665 14
587 687 14
687 787 13
774 874 13
789 889 15
805 905 15
903 1003 13
961 1061 14
986 1086 13
71 171 14
90 190 14
91 191 17
137 237 12
152 252 16
199 299 15
258 358 12
281 381 15
378 478 14
451 551 15
466 566 13
543 643 13
600 700 15
618 718 15
657 757 17
759 859 16
770 870 13
798 898 14
885 985 13
895 995 12
11 111 14
54 154 14
125 225 17
131 231 15
184 284 16
244 344 13
283 383 14
290 390 13
539 639 13
625 725 14
651 751 12
663 763 12
678 778 14
704 804 16
751 851 15
753 853 15
824 924 17
838 938 15
889 989 16
974 1074 15
7 107 16
96 196 16
172 272 15
241 341 16
268 368 12
305 405 14
348 448 15
378 478 14
393 493 13
435 535 16
437 537 15
466 566 13
596 696 14
695 795 16
715 815 15
740 840 12
760 860 12
895 995 16
930 1030 12
934 1034 12
37 137 12
62 162 14
117 217 13
199 299 14
257 357 12
258 358 14
336 436 16
353 453 13
373 473 16
410 510 14
459 559 15
494 594 14
638 738 17
684 784 13
685 785 16
737 837 16
824 924 16
840 940 13
921 1021 15
931 1031 12
106 206 13
187 287 14
194 294 15
195 295 16
196 296 16
219 319 13
286 386 16
294 394 15
412 512 13
502 602 12
509 609 16
542 642 13
595 695 16
684 784 15
726 826 12
762 862 13
767 867 13
806 906 12
854 954 15
955 1055 13
79 179 17
138 238 13
158 258 13
172 272 12
182 282 17
307 407 13
371 471 16
375 475 15
432 532 14
433 533 17
506 606 13
507 607 13
508 608 12
544 644 14
547 647 13
748 848 15
770 870 12
770 870 14
837 937 15
964 1064 12
49 149 16
63 163 13
136 236 14
279 379 17
295 395 16
460 560 16
461 561 15
465 565 13
475 575 14
511 611 17
544 644 15
548 648 13
639 739 14
651 751 12
691 791 13
694 794 12
711 811 14
807 907 15
847 947 15
932 1032 13
8 108 16
21 121 15
40 140 12
69 169 14
73 173 14
148 248 16
169 269 15
170 270 17
371 471 16
385 485 12
425 525 12
513 613 17
546 646 15
558 658 15
585 685 13
657 757 16
671 771 16
778 878 12
948 1048 12
979 1079 15
6 106 13
37 137 12
120 220 12
163 263 12
214 314 14
273 373 15
288 388 15
300 400 14
363 463 14
406 506 16
425 525 12
479 579 12
525 625 16
661 761 14
718 818 15
826 926 16
918 1018 16
919 1019 14
985 1085 16
993 1093 12
4 104 13
58 158 14
63 163 16
94 194 17
221 321 16
296 396 16
356 456 12
361 461 16
390 490 16
455 555 14
679 779 12
698 798 12
701 801 13
789 889 16
825 925 15
856 956 13
878 978 16
905 1005 13
947 1047 14
972 1072 15
