200 20 57679
10 116 211
10 104 151
10 137 175
10 84 223
10 112 204
10 79 193
10 100 239
10 108 179
10 65 244
10 120 171
10 65 248
10 75 228
10 73 236
10 104 244
10 103 191
10 104 192
10 139 234
10 96 220
10 69 156
10 57 221
121 221 30
299 399 27
402 502 30
546 646 28
675 775 33
688 788 27
760 860 35
878 978 31
915 1015 34
948 1048 30
36 136 27
300 400 27
422 522 31
425 525 27
507 607 26
683 783 28
804 904 27
847 947 30
854 954 27
921 1021 29
14 114 32
45 145 32
54 154 28
211 311 30
721 821 35
803 903 34
863 963 32
899 999 26
916 1016 27
950 1050 29
148 248 36
244 344 31
338 438 26
365 465 30
594 694 35
608 708 27
737 837 34
875 975 34
926 1026 31
950 1050 28
57 157 27
78 178 33
124 224 31
468 568 32
480 580 35
707 807 34
728 828 31
831 931 34
848 948 35
950 1050 30
2 102 34
54 154 27
149 249 34
296 396 30
436 536 28
604 704 28
708 808 31
838 938 29
846 946 34
870 970 27
232 332 33
289 389 26
347 447 27
460 560 33
515 615 29
650 750 26
786 886 33
818 918 27
945 1045 27
969 1069 31
49 149 34
110 210 34
186 286 29
215 315 30
327 427 32
596 696 29
819 919 26
880 980 35
922 1022 34
992 1092 34
52 152 33
192 292 27
272 372 30
370 470 30
390 490 31
439 539 31
462 562 27
641 741 31
756 856 30
1000 1100 35
26 126 35
102 202 34
129 229 32
245 345 25
298 398 28
313 413 29
332 432 26
355 455 29
444 544 28
459 559 31
319 419 32
382 482 31
433 533 33
500 600 26
513 613 33
563 663 32
639 739 35
854 954 29
859 959 30
966 1066 28
137 237 29
232 332 26
232 332 27
366 466 29
479 579 33
494 594 31
589 689 32
871 971 27
896 996 34
919 1019 32
15 115 34
128 228 27
173 273 33
270 370 34
285 385 26
295 395 34
448 548 29
567 667 34
601 701 27
696 796 35
60 160 34
98 198 35
108 208 32
432 532 35
480 580 35
504 604 33
538 638 31
931 1031 35
945 1045 25
984 1084 29
104 204 33
148 248 27
417 517 32
424 524 35
455 555 25
474 574 34
492 592 35
637 737 29
797 897 28
894 994 34
8 108 31
21 121 35
61 161 26
108 208 27
141 241 32
180 280 32
568 668 27
599 699 34
681 781 36
843 943 33
1 101 34
97 197 31
155 255 25
200 300 31
383 483 32
400 500 30
433 533 26
517 617 30
614 714 29
928 1028 36
29 129 26
169 269 35
178 278 27
284 384 30
486 586 26
496 596 31
605 705 28
664 764 30
728 828 26
912 1012 27
164 264 34
223 323 28
387 487 26
533 633 30
605 705 30
689 789 29
755 855 26
949 1049 33
965 1065 30
990 1090 31
99 199 29
196 296 32
263 363 35
343 443 35
368 468 28
495 595 31
565 665 28
651 751 29
819 919 30
949 1049 32
