1000 100 312889
10 139 159
10 118 243
10 59 171
10 144 229
10 69 180
10 96 230
10 90 226
10 83 220
10 88 240
10 86 178
10 133 173
10 130 241
10 53 208
10 92 234
10 105 182
10 122 219
10 129 199
10 125 171
10 120 229
10 62 156
10 114 190
10 53 160
10 78 184
10 100 248
10 63 178
10 134 240
10 57 225
10 75 196
10 55 163
10 108 193
10 71 202
10 72 228
10 113 159
10 123 163
10 50 222
10 116 201
10 66 182
10 63 184
10 67 180
10 73 247
10 150 205
10 127 166
10 97 247
10 131 166
10 148 156
10 118 179
10 90 187
10 58 203
10 148 182
10 63 163
10 94 175
10 122 178
10 101 180
10 88 229
10 120 220
10 91 225
10 65 159
10 101 227
10 130 215
10 108 245
10 91 168
10 132 151
10 117 200
10 150 165
10 60 196
10 94 155
10 96 211
10 136 174
10 75 224
10 126 236
10 52 222
10 79 220
10 85 162
10 109 188
10 103 195
10 149 214
10 71 202
10 137 175
10 90 212
10 114 195
10 71 215
10 91 216
10 79 246
10 133 220
10 78 185
10 92 206
10 141 202
10 70 204
10 117 207
10 71 217
10 92 198
10 102 215
10 72 197
10 75 154
10 59 160
10 117 160
10 78 193
10 125 166
10 96 167
10 57 192
54 154 32
102 202 30
122 222 31
400 500 31
647 747 26
729 829 24
781 881 26
807 907 28
939 1039 25
985 1085 28
50 150 27
73 173 29
97 197 25
138 238 24
246 346 30
354 454 24
408 508 27
722 822 26
755 855 31
932 1032 32
119 219 33
189 289 28
382 482 31
507 607 26
542 642 29
556 656 26
705 805 31
746 846 33
772 872 30
970 1070 33
106 206 25
169 269 24
242 342 25
327 427 32
359 459 24
548 648 30
586 686 26
870 970 31
905 1005 32
975 1075 28
279 379 28
405 505 25
541 641 32
592 692 31
631 731 27
657 757 30
801 901 26
826 926 31
873 973 31
889 989 24
86 186 26
107 207 30
293 393 30
296 396 26
394 494 26
700 800 27
911 1011 25
946 1046 29
947 1047 30
975 1075 31
51 151 26
56 156 26
78 178 27
118 218 24
170 270 27
186 286 33
463 563 32
528 628 29
625 725 25
788 888 25
29 129 27
133 233 28
182 282 28
196 296 26
213 313 28
373 473 30
374 474 30
787 887 31
806 906 28
947 1047 25
68 168 24
227 327 30
301 401 31
601 701 27
611 711 27
660 760 28
710 810 28
764 864 31
790 890 27
965 1065 29
53 153 33
72 172 30
104 204 26
143 243 24
296 396 25
456 556 32
546 646 26
640 740 24
867 967 27
998 1098 23
5 105 29
22 122 27
299 399 30
448 548 24
586 686 26
586 686 27
618 718 23
748 848 30
900 1000 30
995 1095 29
57 157 29
67 167 28
246 346 26
300 400 31
324 424 29
390 490 30
896 996 32
922 1022 30
944 1044 27
964 1064 28
53 153 27
210 310 28
297 397 32
312 412 27
313 413 23
707 807 26
827 927 33
854 954 28
915 1015 25
998 1098 25
96 196 23
105 205 28
191 291 24
251 351 25
283 383 27
324 424 28
393 493 24
687 787 28
875 975 24
919 1019 28
71 171 28
106 206 29
177 277 31
318 418 28
433 533 31
454 554 33
521 621 25
552 652 29
813 913 33
864 964 28
138 238 28
157 257 28
169 269 24
322 422 27
435 535 31
553 653 31
698 798 24
753 853 27
787 887 32
879 979 24
221 321 31
256 356 26
263 363 30
308 408 31
392 492 28
459 559 27
552 652 27
918 1018 30
950 1050 29
961 1061 24
95 195 24
144 244 28
277 377 29
347 447 27
459 559 25
506 606 32
582 682 30
661 761 32
685 785 31
747 847 28
286 386 30
347 447 30
358 458 27
364 464 24
481 581 31
523 623 25
723 823 29
790 890 31
812 912 28
843 943 28
222 322 28
235 335 31
482 582 32
545 645 24
612 712 29
625 725 29
798 898 26
799 899 29
940 1040 27
986 1086 24
262 362 32
376 476 26
530 630 25
590 690 25
713 813 29
731 831 30
767 867 31
832 932 30
932 1032 25
961 1061 31
169 269 28
245 345 26
435 535 32
527 627 26
649 749 25
711 811 30
711 811 32
875 975 25
963 1063 30
965 1065 29
342 442 30
377 477 27
527 627 27
581 681 24
592 692 31
676 776 25
864 964 27
908 1008 25
934 1034 28
942 1042 30
130 230 27
274 374 24
309 409 32
347 447 28
433 533 26
657 757 30
666 766 31
710 810 28
715 815 24
942 1042 28
49 149 25
146 246 24
190 290 30
581 681 31
588 688 25
598 698 25
800 900 25
837 937 29
844 944 33
944 1044 25
99 199 28
120 220 30
221 321 32
415 515 29
560 660 25
575 675 24
806 906 32
887 987 30
918 1018 31
995 1095 30
1 101 32
46 146 23
455 555 30
478 578 25
479 579 24
520 620 28
738 838 33
743 843 29
818 918 30
864 964 29
98 198 31
119 219 31
158 258 26
249 349 32
280 380 29
432 532 25
742 842 28
785 885 24
886 986 24
886 986 26
20 120 24
44 144 27
100 200 27
454 554 23
490 590 32
578 678 31
604 704 25
661 761 30
790 890 27
887 987 27
306 406 32
350 450 26
412 512 28
558 658 27
668 768 26
773 873 32
884 984 23
894 994 27
908 1008 32
940 1040 30
195 295 29
516 616 24
613 713 32
629 729 27
730 830 30
784 884 28
812 912 27
873 973 27
910 1010 29
966 1066 28
44 144 31
73 173 24
127 227 28
137 237 24
276 376 29
346 446 32
383 483 25
433 533 24
513 613 30
906 1006 31
11 111 25
81 181 32
108 208 26
288 388 32
426 526 26
581 681 31
639 739 29
716 816 28
722 822 32
793 893 24
8 108 26
22 122 24
69 169 25
502 602 26
533 633 25
650 750 25
797 897 33
873 973 27
898 998 29
910 1010 26
159 259 27
228 328 28
300 400 28
664 764 32
740 840 26
744 844 31
782 882 30
906 1006 32
910 1010 24
952 1052 28
299 399 32
305 405 26
327 427 24
366 466 25
399 499 33
604 704 28
607 707 32
622 722 25
931 1031 28
955 1055 31
167 267 30
185 285 28
205 305 27
374 474 31
387 487 31
519 619 30
574 674 25
665 765 28
774 874 24
820 920 30
67 167 29
131 231 32
168 268 24
203 303 25
326 426 25
532 632 27
708 808 24
724 824 25
849 949 28
997 1097 32
62 162 25
87 187 27
116 216 27
194 294 28
213 313 25
303 403 31
311 411 28
545 645 32
558 658 26
888 988 23
92 192 29
147 247 24
249 349 26
291 391 28
411 511 27
617 717 28
739 839 25
787 887 28
806 906 26
844 944 28
214 314 28
271 371 24
334 434 26
355 455 30
439 539 31
622 722 27
654 754 26
899 999 28
906 1006 30
982 1082 31
64 164 32
91 191 29
102 202 25
496 596 30
591 691 28
632 732 30
690 790 32
740 840 28
875 975 29
987 1087 28
11 111 27
40 140 24
148 248 29
256 356 26
271 371 25
275 375 33
484 584 31
536 636 31
655 755 27
984 1084 29
39 139 28
348 448 31
494 594 27
617 717 31
666 766 26
719 819 25
719 819 30
755 855 29
796 896 27
805 905 24
46 146 24
124 224 26
139 239 29
160 260 29
176 276 24
186 286 25
218 318 31
259 359 28
882 982 30
972 1072 29
100 200 29
249 349 26
297 397 27
343 443 26
489 589 31
715 815 26
797 897 24
881 981 32
885 985 23
904 1004 26
14 114 27
27 127 28
101 201 24
240 340 29
372 472 31
426 526 33
683 783 32
751 851 30
787 887 26
990 1090 26
173 273 26
179 279 32
204 304 31
372 472 28
557 657 27
605 705 29
741 841 33
864 964 24
902 1002 31
956 1056 28
22 122 27
25 125 26
85 185 28
256 356 23
410 510 26
565 665 31
620 720 32
704 804 29
749 849 27
893 993 31
57 157 29
65 165 28
321 421 28
339 439 31
441 541 27
459 559 28
518 618 27
528 628 33
690 790 32
972 1072 31
132 232 25
233 333 31
410 510 33
428 528 29
438 538 30
516 616 29
629 729 25
802 902 27
817 917 30
826 926 28
182 282 31
241 341 28
363 463 33
421 521 28
565 665 31
682 782 25
787 887 23
815 915 33
901 1001 28
916 1016 26
63 163 27
99 199 30
259 359 26
291 391 28
335 435 27
423 523 27
659 759 26
697 797 25
724 824 25
873 973 24
129 229 26
172 272 25
265 365 31
364 464 23
368 468 32
695 795 27
809 909 26
859 959 31
918 1018 28
961 1061 30
40 140 30
56 156 32
119 219 26
147 247 28
166 266 24
328 428 25
379 479 32
624 724 29
816 916 24
951 1051 28
34 134 28
223 323 29
354 454 28
425 525 32
507 607 26
517 617 29
703 803 30
801 901 31
875 975 23
984 1084 32
225 325 24
385 485 23
432 532 24
464 564 24
473 573 28
597 697 24
606 706 31
623 723 32
746 846 28
982 1082 26
31 131 27
37 137 32
76 176 29
178 278 28
203 303 28
455 555 25
495 595 31
711 811 31
768 868 25
978 1078 26
90 190 25
296 396 28
312 412 25
410 510 32
434 534 28
451 551 32
532 632 32
535 635 24
577 677 28
953 1053 29
258 358 30
289 389 25
515 615 23
595 695 24
600 700 29
677 777 26
775 875 33
798 898 31
928 1028 32
948 1048 25
22 122 24
35 135 25
134 234 29
225 325 25
279 379 33
280 380 31
299 399 28
798 898 24
905 1005 30
918 1018 33
24 124 32
72 172 25
144 244 28
262 362 27
398 498 25
500 600 30
510 610 29
534 634 29
806 906 27
815 915 28
38 138 30
122 222 30
124 224 27
277 377 31
373 473 24
405 505 24
455 555 29
624 724 29
641 741 30
891 991 28
235 335 30
247 347 32
361 461 25
412 512 27
432 532 28
454 554 26
596 696 24
604 704 28
704 804 26
737 837 28
83 183 31
152 252 27
190 290 24
296 396 25
409 509 28
616 716 24
623 723 26
645 745 25
682 782 29
945 1045 32
44 144 28
99 199 30
282 382 26
437 537 25
453 553 23
461 561 28
495 595 32
529 629 31
567 667 31
777 877 32
4 104 24
72 172 26
172 272 26
233 333 24
355 455 25
357 457 30
360 460 28
406 506 32
565 665 28
566 666 29
86 186 30
258 358 27
323 423 23
444 544 30
518 618 25
534 634 33
569 669 25
858 958 28
937 1037 26
992 1092 28
50 150 27
83 183 29
187 287 25
245 345 25
269 369 28
435 535 31
462 562 32
509 609 29
881 981 29
978 1078 30
34 134 24
86 186 27
163 263 29
266 366 24
345 445 24
476 576 26
628 728 25
632 732 23
787 887 30
944 1044 26
32 132 24
269 369 25
406 506 24
535 635 25
543 643 32
544 644 24
558 658 26
622 722 29
698 798 25
721 821 25
232 332 29
385 485 30
452 552 31
467 567 28
517 617 28
641 741 24
839 939 33
853 953 27
950 1050 33
983 1083 28
117 217 27
119 219 25
150 250 24
187 287 25
494 594 23
606 706 26
659 759 29
776 876 25
806 906 25
903 1003 28
34 134 27
177 277 26
232 332 28
762 862 24
780 880 30
786 886 24
800 900 29
932 1032 25
986 1086 28
999 1099 26
72 172 29
74 174 26
116 216 25
170 270 30
366 466 29
522 622 32
536 636 25
629 729 27
751 851 29
896 996 30
273 373 32
322 422 27
324 424 28
371 471 28
475 575 25
574 674 30
642 742 33
682 782 25
948 1048 31
992 1092 29
71 171 32
216 316 29
255 355 26
399 499 30
419 519 27
452 552 29
459 559 23
688 788 32
736 836 32
888 988 32
49 149 28
92 192 26
174 274 30
229 329 23
296 396 28
508 608 23
654 754 28
828 928 28
871 971 28
959 1059 24
196 296 28
368 468 24
369 469 32
372 472 24
394 494 32
621 721 31
681 781 24
749 849 26
771 871 28
945 1045 30
187 287 25
272 372 33
298 398 31
343 443 24
424 524 25
580 680 32
727 827 25
739 839 24
765 865 33
871 971 32
331 431 31
403 503 29
542 642 32
650 750 28
695 795 26
784 884 28
794 894 28
804 904 30
825 925 29
890 990 25
113 213 28
123 223 32
126 226 32
130 230 32
244 344 31
269 369 28
660 760 31
737 837 27
899 999 25
919 1019 32
23 123 24
38 138 24
180 280 30
426 526 33
473 573 29
532 632 25
567 667 28
758 858 27
957 1057 24
975 1075 28
20 120 31
24 124 25
195 295 24
226 326 31
408 508 26
424 524 32
509 609 30
542 642 25
607 707 30
611 711 28
120 220 32
352 452 29
369 469 31
426 526 24
553 653 26
616 716 24
627 727 32
821 921 26
890 990 27
997 1097 25
96 196 29
142 242 33
190 290 33
446 546 30
461 561 26
563 663 29
719 819 27
909 1009 30
930 1030 26
975 1075 27
89 189 29
108 208 27
147 247 28
154 254 25
158 258 32
200 300 30
282 382 29
705 805 30
854 954 29
871 971 33
50 150 26
261 361 29
335 435 24
362 462 32
380 480 25
447 547 26
652 752 28
880 980 25
933 1033 25
979 1079 25
7 107 25
120 220 31
207 307 26
306 406 24
417 517 27
569 669 29
585 685 24
636 736 32
690 790 26
943 1043 24
258 358 31
270 370 25
280 380 30
353 453 32
557 657 26
589 689 26
609 709 24
611 711 27
625 725 27
909 1009 27
13 113 24
13 113 30
59 159 29
187 287 24
286 386 27
368 468 24
548 648 24
624 724 27
795 895 29
950 1050 24
8 108 32
38 138 24
77 177 30
212 312 32
217 317 26
317 417 24
324 424 28
455 555 25
698 798 27
772 872 23
5 105 24
70 170 31
118 218 32
195 295 30
247 347 31
519 619 32
715 815 28
727 827 30
750 850 32
908 1008 23
335 435 32
352 452 31
357 457 24
430 530 32
547 647 24
561 661 25
662 762 31
690 790 24
781 881 25
999 1099 32
81 181 24
150 250 26
376 476 27
405 505 25
438 538 26
488 588 32
570 670 26
693 793 27
818 918 25
875 975 23
396 496 28
509 609 27
519 619 32
689 789 27
756 856 24
759 859 29
767 867 25
798 898 27
965 1065 29
996 1096 27
112 212 27
219 319 24
225 325 30
228 328 24
447 547 24
501 601 30
505 605 25
672 772 27
780 880 25
868 968 31
6 106 26
11 111 23
31 131 25
176 276 29
230 330 25
287 387 32
585 685 25
644 744 25
747 847 31
872 972 31
141 241 25
204 304 27
206 306 23
221 321 32
262 362 26
633 733 28
662 762 26
702 802 33
780 880 29
782 882 32
228 328 23
242 342 32
505 605 27
515 615 32
612 712 32
622 722 31
654 754 28
814 914 32
885 985 26
907 1007 31
