200 100 579464
2 102 166
2 140 169
2 64 202
2 78 203
2 93 241
2 137 223
2 131 153
2 100 187
2 88 169
2 116 171
2 51 230
2 57 167
2 136 190
2 57 185
2 128 238
2 72 171
2 90 172
2 67 207
2 140 217
2 76 244
2 62 233
2 113 184
2 145 203
2 145 183
2 114 181
2 110 186
2 87 223
2 69 234
2 94 195
2 54 155
2 51 236
2 103 245
2 118 206
2 150 210
2 95 154
2 117 222
2 141 250
2 124 179
2 56 154
2 124 188
2 126 159
2 94 224
2 116 235
2 111 211
2 126 166
2 98 181
2 150 235
2 110 175
2 150 171
2 51 223
2 93 169
2 118 228
2 108 191
2 79 162
2 109 167
2 61 188
2 52 236
2 122 198
2 108 202
2 52 208
2 149 194
2 110 196
2 83 243
2 73 166
2 124 243
2 148 231
2 100 219
2 73 181
2 119 164
2 67 220
2 113 153
2 121 231
2 114 197
2 141 177
2 119 177
2 149 157
2 89 188
2 145 241
2 135 212
2 119 215
2 130 157
2 70 183
2 50 224
2 89 238
2 131 239
2 104 232
2 50 154
2 114 239
2 82 193
2 92 250
2 110 246
2 111 243
2 68 208
2 145 196
2 82 183
2 119 234
2 83 194
2 106 177
2 76 198
2 104 229
3773 4773 166
8613 9613 158
5781 6781 169
9969 10969 169
5468 6468 144
6027 7027 186
7449 8449 169
8868 9868 172
6565 7565 192
6674 7674 140
7751 8751 148
9537 10537 152
6777 7777 153
7655 8655 152
7067 8067 142
9314 10314 140
517 1517 161
6840 7840 158
7841 8841 171
9889 10889 169
1047 2047 149
7775 8775 182
3190 4190 167
6062 7062 154
790 1790 176
9849 10849 180
1239 2239 185
9793 10793 169
684 1684 146
6565 7565 192
3465 4465 150
8070 9070 171
7805 8805 172
9713 10713 142
5382 6382 189
8009 9009 173
370 1370 187
8263 9263 158
6758 7758 165
9071 10071 188
940 1940 181
4988 5988 147
165 1165 184
8093 9093 181
1696 2696 156
8068 9068 177
4941 5941 159
8726 9726 151
6187 7187 161
6970 7970 153
2507 3507 177
9772 10772 162
2259 3259 167
4923 5923 191
1519 2519 156
6719 7719 152
651 1651 180
8281 9281 151
1142 2142 155
5431 6431 137
7740 8740 142
9893 10893 169
4517 5517 144
7157 8157 165
1424 2424 180
8550 9550 173
5687 6687 172
9577 10577 189
2105 3105 154
8030 9030 154
5745 6745 149
7808 8808 160
5513 6513 150
9839 10839 150
2946 3946 140
4524 5524 153
884 1884 140
3892 4892 154
5119 6119 163
9103 10103 174
1071 2071 159
9755 10755 141
2889 3889 183
4555 5555 180
5148 6148 163
5393 6393 164
3800 4800 161
7254 8254 174
2953 3953 143
8089 9089 166
4489 5489 181
7762 8762 174
77 1077 155
7024 8024 175
3400 4400 153
3558 4558 162
2258 3258 139
5886 6886 171
4111 5111 151
5277 6277 174
160 1160 162
9674 10674 169
2542 3542 165
8072 9072 166
3635 4635 166
6058 7058 176
5927 6927 162
9960 10960 162
2359 3359 167
9930 10930 167
5321 6321 158
6964 7964 188
2724 3724 177
3572 4572 146
1474 2474 189
2343 3343 151
4259 5259 144
5063 6063 151
4343 5343 140
7753 8753 150
6826 7826 161
8836 9836 147
2672 3672 153
5907 6907 170
1248 2248 174
5417 6417 187
1121 2121 156
5307 6307 147
2164 3164 164
4700 5700 186
4751 5751 182
9876 10876 174
5061 6061 151
5318 6318 170
5245 6245 181
9479 10479 137
2140 3140 164
7873 8873 140
2187 3187 174
5388 6388 156
8325 9325 149
8627 9627 144
574 1574 148
6002 7002 177
5098 6098 150
9306 10306 147
1894 2894 154
7540 8540 177
1659 2659 151
2456 3456 175
4688 5688 157
5612 6612 148
1895 2895 176
4264 5264 184
2263 3263 170
4443 5443 141
3045 4045 158
5447 6447 184
3809 4809 189
8841 9841 163
1582 2582 157
5779 6779 157
108 1108 183
8722 9722 177
360 1360 137
3824 4824 156
4328 5328 167
6413 7413 141
160 1160 144
7607 8607 185
1329 2329 184
4116 5116 140
6866 7866 138
7670 8670 154
5591 6591 160
6225 7225 191
67 1067 169
3320 4320 192
3985 4985 167
6931 7931 138
44 1044 180
3378 4378 149
4337 5337 151
8854 9854 167
7451 8451 187
8179 9179 181
6206 7206 175
7899 8899 165
713 1713 171
4482 5482 174
5653 6653 154
8913 9913 174
7412 8412 189
9843 10843 163
7555 8555 153
9353 10353 165
3509 4509 152
6287 7287 147
4658 5658 184
8101 9101 191
