200 20 638386
10 114 171
10 114 168
10 96 241
10 106 201
10 63 173
10 149 206
10 62 209
10 69 186
10 83 219
10 124 201
10 99 213
10 62 173
10 58 154
10 139 212
10 83 158
10 60 224
10 60 213
10 60 248
10 79 211
10 145 150
163 1163 33
3232 4232 32
3566 4566 28
4007 5007 32
4327 5327 25
5604 6604 30
6394 7394 32
7165 8165 24
8783 9783 32
9711 10711 29
376 1376 31
637 1637 33
3514 4514 26
3733 4733 27
4243 5243 25
5811 6811 30
5901 6901 32
6071 7071 26
8906 9906 27
9529 10529 31
2190 3190 25
2361 3361 26
2641 3641 32
2678 3678 26
4863 5863 31
7565 8565 26
8077 9077 27
8544 9544 27
8570 9570 30
9924 10924 29
1325 2325 28
1536 2536 28
1823 2823 27
3680 4680 30
4930 5930 29
6010 7010 26
6678 7678 25
7336 8336 33
7934 8934 28
9380 10380 33
139 1139 33
435 1435 26
2174 3174 26
4532 5532 32
5687 6687 31
6363 7363 25
6828 7828 31
8397 9397 24
8901 9901 24
9780 10780 24
2168 3168 31
2199 3199 24
3489 4489 25
3561 4561 28
4060 5060 24
4552 5552 26
5566 6566 30
7642 8642 29
8124 9124 27
8358 9358 25
379 1379 32
485 1485 27
1023 2023 25
1081 2081 28
1477 2477 24
2418 3418 25
6978 7978 32
7101 8101 32
8346 9346 31
9945 10945 33
17 1017 26
1222 2222 31
2797 3797 29
3301 4301 30
3587 4587 31
6416 7416 24
7475 8475 32
7644 8644 27
8893 9893 30
9563 10563 31
1062 2062 32
1966 2966 32
2140 3140 27
3333 4333 25
3571 4571 28
6177 7177 29
6402 7402 29
6999 7999 26
7938 8938 33
9437 10437 28
1112 2112 33
1918 2918 31
4538 5538 30
4620 5620 29
5814 6814 29
8244 9244 28
9274 10274 33
9323 10323 33
9646 10646 32
9813 10813 29
1238 2238 32
2490 3490 29
2936 3936 26
5497 6497 32
7200 8200 25
7224 8224 27
8529 9529 27
8760 9760 32
9146 10146 31
9946 10946 33
2126 3126 30
2851 3851 32
3788 4788 28
4255 5255 25
4635 5635 33
5104 6104 24
5949 6949 30
7392 8392 30
8618 9618 25
8911 9911 27
1247 2247 27
1337 2337 25
1895 2895 32
3051 4051 32
4166 5166 33
4971 5971 30
6505 7505 30
8730 9730 28
9604 10604 32
9963 10963 25
573 1573 32
1412 2412 31
2107 3107 27
2305 3305 28
4076 5076 29
6801 7801 33
7754 8754 33
8192 9192 25
8537 9537 26
8887 9887 31
1843 2843 31
4041 5041 30
4451 5451 25
4670 5670 27
4948 5948 29
5331 6331 29
6487 7487 32
6649 7649 28
7373 8373 24
9162 10162 24
927 1927 26
1591 2591 25
3363 4363 33
5586 6586 33
7255 8255 27
7459 8459 31
7647 8647 30
7815 8815 32
8500 9500 26
9815 10815 27
570 1570 29
1938 2938 32
2954 3954 24
5047 6047 28
5150 6150 32
6736 7736 26
6744 7744 32
7216 8216 27
7507 8507 26
9317 10317 27
616 1616 27
736 1736 30
2124 3124 32
2579 3579 26
2646 3646 30
6572 7572 28
7336 8336 32
9048 10048 31
9105 10105 32
9737 10737 33
268 1268 33
292 1292 32
523 1523 32
1028 2028 24
1192 2192 32
1328 2328 30
5304 6304 25
5393 6393 25
6650 7650 29
8116 9116 26
1800 2800 27
2108 3108 29
2824 3824 33
4571 5571 32
6069 7069 26
6214 7214 26
6361 7361 25
7609 8609 24
8960 9960 24
9886 10886 26
