500 20 137321
25 60 241
25 111 181
25 50 243
25 64 232
25 136 174
25 128 225
25 121 207
25 136 238
25 56 245
25 117 173
25 114 161
25 86 220
25 66 172
25 58 228
25 96 248
25 106 198
25 112 209
25 90 238
25 114 192
25 140 173
51 151 15
77 177 13
138 238 13
160 260 15
199 299 12
229 329 12
241 341 12
288 388 11
300 400 12
313 413 14
386 486 14
605 705 11
622 722 12
625 725 15
642 742 12
682 782 13
730 830 14
748 848 13
781 881 11
788 888 13
803 903 14
821 921 15
917 1017 13
942 1042 14
951 1051 15
54 154 12
74 174 11
90 190 14
151 251 14
168 268 12
199 299 14
210 310 10
288 388 11
379 479 12
433 533 13
443 543 13
471 571 14
552 652 15
560 660 12
675 775 11
703 803 13
714 814 13
727 827 14
741 841 14
783 883 12
794 894 13
796 896 15
929 1029 13
976 1076 14
992 1092 12
24 124 15
27 127 14
40 140 12
104 204 14
152 252 11
179 279 14
193 293 11
293 393 14
421 521 15
425 525 13
482 582 13
496 596 13
519 619 13
524 624 14
579 679 13
674 774 15
736 836 11
762 862 11
814 914 13
819 919 11
837 937 13
881 981 13
919 1019 13
944 1044 14
947 1047 14
31 131 13
46 146 14
105 205 14
107 207 12
156 256 15
191 291 14
205 305 14
255 355 14
267 367 12
352 452 12
418 518 14
420 520 13
468 568 14
478 578 11
558 658 11
622 722 13
644 744 14
644 744 15
679 779 14
784 884 13
836 936 14
904 1004 12
957 1057 11
963 1063 12
998 1098 14
44 144 12
87 187 12
121 221 14
237 337 14
308 408 11
390 490 11
412 512 14
440 540 10
442 542 12
486 586 11
493 593 12
532 632 12
537 637 13
556 656 11
576 676 11
647 747 12
699 799 15
720 820 11
794 894 13
820 920 14
877 977 11
892 992 11
912 1012 14
923 1023 14
970 1070 12
20 120 11
23 123 11
73 173 14
93 193 14
115 215 14
151 251 12
203 303 14
254 354 11
283 383 14
292 392 12
343 443 11
348 448 11
369 469 13
406 506 15
449 549 13
517 617 14
542 642 13
552 652 13
610 710 14
764 864 13
784 884 13
852 952 11
863 963 14
894 994 11
947 1047 15
34 134 14
83 183 12
124 224 11
242 342 11
287 387 13
301 401 14
334 434 11
429 529 11
475 575 14
482 582 12
505 605 15
533 633 14
542 642 13
633 733 13
645 745 12
649 749 11
699 799 12
705 805 12
763 863 14
799 899 15
857 957 12
899 999 11
919 1019 11
952 1052 14
974 1074 13
72 172 14
81 181 12
133 233 12
141 241 11
143 243 14
150 250 13
151 251 12
154 254 15
186 286 13
219 319 11
235 335 15
246 346 14
334 434 13
340 440 12
357 457 12
358 458 14
394 494 15
405 505 15
449 549 14
732 832 12
749 849 11
817 917 15
911 1011 10
947 1047 14
954 1054 14
72 172 12
103 203 14
106 206 14
150 250 14
193 293 13
255 355 15
264 364 11
318 418 10
330 430 13
331 431 14
348 448 12
415 515 12
459 559 13
504 604 14
540 640 14
548 648 12
577 677 11
577 677 11
837 937 12
856 956 12
861 961 12
873 973 13
892 992 14
894 994 15
999 1099 13
30 130 13
34 134 13
76 176 12
109 209 14
131 231 14
203 303 14
273 373 14
282 382 12
308 408 11
327 427 14
345 445 10
397 497 13
422 522 12
433 533 12
446 546 11
590 690 13
597 697 12
599 699 15
607 707 11
635 735 13
660 760 12
694 794 13
738 838 13
754 854 13
781 881 13
56 156 12
60 160 14
113 213 15
140 240 12
230 330 12
276 376 12
280 380 15
355 455 13
410 510 13
429 529 13
461 561 11
487 587 14
602 702 14
638 738 14
742 842 12
751 851 12
777 877 14
785 885 14
789 889 15
859 959 12
894 994 14
918 1018 15
945 1045 12
975 1075 12
985 1085 11
12 112 15
77 177 14
103 203 14
124 224 14
148 248 13
249 349 15
266 366 14
287 387 13
312 412 13
319 419 14
369 469 14
427 527 13
529 629 13
599 699 11
610 710 13
702 802 12
767 867 14
775 875 15
866 966 15
904 1004 11
919 1019 11
941 1041 11
982 1082 13
984 1084 15
988 1088 14
2 102 12
47 147 12
50 150 11
204 304 13
302 402 12
335 435 13
358 458 13
368 468 14
377 477 11
423 523 14
480 580 12
511 611 13
540 640 12
605 705 11
696 796 13
756 856 13
757 857 14
803 903 14
837 937 11
859 959 11
859 959 12
864 964 13
927 1027 11
955 1055 11
992 1092 14
10 110 15
15 115 11
39 139 11
42 142 15
90 190 13
118 218 14
126 226 12
185 285 12
195 295 13
330 430 13
398 498 13
441 541 13
469 569 11
488 588 14
554 654 15
610 710 13
704 804 11
733 833 11
833 933 13
834 934 12
843 943 12
857 957 13
920 1020 15
945 1045 10
998 1098 12
6 106 12
6 106 13
36 136 11
198 298 11
235 335 14
238 338 14
243 343 12
283 383 13
422 522 13
422 522 15
457 557 12
460 560 14
465 565 14
498 598 15
500 600 14
600 700 13
657 757 12
663 763 13
671 771 14
681 781 11
683 783 14
774 874 11
830 930 12
874 974 12
913 1013 13
58 158 13
89 189 14
94 194 12
113 213 14
132 232 13
140 240 14
163 263 12
183 283 11
217 317 15
261 361 12
269 369 14
328 428 11
342 442 15
350 450 14
449 549 12
591 691 10
656 756 12
683 783 15
707 807 12
800 900 13
801 901 12
865 965 11
869 969 11
902 1002 13
961 1061 14
24 124 11
41 141 12
78 178 14
113 213 15
145 245 14
197 297 12
251 351 11
267 367 11
292 392 12
297 397 11
331 431 13
399 499 13
401 501 14
443 543 12
528 628 12
529 629 13
535 635 12
658 758 12
673 773 15
773 873 11
798 898 15
854 954 14
856 956 15
919 1019 13
921 1021 11
8 108 12
72 172 15
163 263 11
238 338 11
260 360 14
273 373 13
308 408 13
370 470 12
377 477 15
380 480 12
429 529 13
438 538 13
492 592 14
620 720 15
636 736 13
639 739 14
671 771 13
725 825 14
762 862 12
804 904 13
830 930 14
895 995 15
931 1031 12
943 1043 12
966 1066 13
32 132 12
112 212 13
142 242 11
207 307 14
293 393 11
313 413 12
372 472 12
423 523 14
458 558 11
508 608 14
563 663 12
643 743 13
656 756 14
720 820 11
734 834 13
764 864 15
825 925 11
827 927 13
845 945 11
897 997 14
933 1033 13
934 1034 11
946 1046 10
953 1053 11
975 1075 11
65 165 10
202 302 12
205 305 12
215 315 11
295 395 11
356 456 11
399 499 14
405 505 12
414 514 12
511 611 15
537 637 11
587 687 12
592 692 11
608 708 11
664 764 14
678 778 10
728 828 12
750 850 14
795 895 12
818 918 14
837 937 13
861 961 12
919 1019 11
941 1041 11
984 1084 12
