1000 100 2620960
10 146 231
10 97 226
10 63 207
10 65 224
10 88 202
10 73 211
10 118 158
10 69 218
10 134 201
10 83 192
10 65 203
10 56 231
10 117 205
10 107 162
10 134 215
10 137 170
10 105 218
10 96 219
10 83 211
10 66 245
10 114 165
10 106 185
10 122 225
10 137 165
10 94 232
10 116 187
10 104 199
10 89 225
10 63 150
10 125 150
10 136 220
10 133 204
10 137 221
10 119 203
10 148 239
10 83 192
10 149 202
10 142 183
10 74 192
10 112 211
10 66 239
10 73 205
10 133 195
10 56 195
10 68 205
10 109 231
10 85 230
10 82 217
10 67 198
10 144 247
10 141 194
10 77 177
10 105 230
10 62 151
10 123 185
10 140 173
10 81 197
10 125 238
10 106 218
10 80 180
10 71 181
10 68 169
10 85 164
10 105 153
10 59 202
10 52 247
10 118 186
10 86 173
10 66 218
10 63 154
10 73 196
10 84 236
10 85 198
10 139 168
10 104 235
10 119 171
10 114 228
10 96 207
10 63 218
10 125 173
10 93 235
10 81 221
10 146 153
10 137 190
10 119 222
10 145 248
10 50 214
10 78 206
10 54 219
10 142 240
10 117 205
10 137 210
10 53 207
10 98 230
10 95 243
10 80 233
10 106 157
10 137 185
10 126 168
10 62 237
1200 1000 26
1967 1767 23
2112 1812 32
3157 2957 27
3945 3745 26
6918 6718 29
8647 8447 26
8665 8465 28
8795 8595 30
9370 9170 31
306 6 28
1284 1084 26
3738 3538 31
6024 5824 29
6418 6218 31
6541 6341 32
7295 7095 24
8076 7876 25
10025 9825 29
10080 9880 32
1084 884 29
1872 1572 23
2884 2684 28
4708 4508 26
5316 5016 27
6297 6097 27
7236 6936 31
7696 7496 30
8322 8022 29
8340 8040 26
1870 1670 29
2635 2435 28
3652 3452 29
5411 5211 28
5754 5554 31
8109 7909 24
8532 8332 32
9393 9193 27
9729 9529 28
10012 9812 23
205 5 29
1439 1239 25
2362 2162 29
2452 2252 29
3708 3408 28
4074 3774 28
4252 4052 29
6676 6476 24
7198 6998 25
8603 8403 32
2070 1870 29
2272 2072 25
3269 3069 32
4485 4285 26
4794 4594 24
5179 4979 29
6937 6737 31
8063 7863 24
8454 8254 30
9354 9154 24
226 26 26
695 495 26
1900 1700 30
2551 2351 28
2610 2410 25
2823 2623 23
5956 5756 23
7499 7299 30
8562 8262 30
9507 9307 25
1305 1105 31
1402 1202 31
1774 1574 32
2019 1819 30
2332 2132 30
2880 2580 28
3174 2874 23
4403 4203 26
4857 4657 26
5881 5681 24
1134 834 28
1987 1787 28
2381 2181 26
2578 2378 29
2735 2535 30
3468 3168 29
5704 5504 29
5946 5746 30
6549 6349 31
7600 7400 28
947 747 25
2184 1984 29
3732 3532 30
3754 3554 32
5775 5575 27
6330 6130 27
6605 6405 28
8400 8100 30
8442 8242 31
9609 9409 24
490 290 32
1318 1118 23
1321 1121 32
3941 3741 27
4086 3886 31
5280 4980 28
5334 5034 28
6358 6158 31
7169 6969 25
7302 7002 31
1101 901 29
1642 1442 29
2148 1948 23
3167 2967 25
6387 6187 26
6574 6374 27
8202 7902 29
8394 8194 29
8976 8776 31
9521 9321 26
299 99 25
497 297 26
1702 1502 24
4631 4431 26
6257 6057 28
6261 6061 28
6604 6404 32
6886 6686 25
9654 9454 29
9936 9636 31
1595 1395 25
3132 2832 31
3690 3390 26
5229 5029 31
5555 5355 24
8124 7824 26
8448 8248 23
8520 8320 29
8776 8576 32
9462 9262 28
850 650 23
1615 1415 29
2105 1905 26
4079 3879 29
6328 6128 29
6475 6275 24
6563 6363 32
8705 8505 32
9090 8890 29
9987 9787 25
579 379 28
1697 1497 28
3730 3530 27
4037 3837 32
5189 4989 32
8219 8019 23
8369 8169 25
8409 8209 27
9198 8898 27
10116 9816 31
282 82 23
363 163 28
972 772 27
1530 1230 23
5321 5121 30
5947 5747 30
7281 7081 29
7302 7102 31
7362 7162 24
8003 7803 32
773 573 24
5310 5010 29
6654 6454 31
6781 6581 24
7116 6916 28
9322 9122 32
9753 9553 32
9899 9699 32
10110 9810 26
10137 9937 31
324 124 28
2679 2479 26
2973 2773 25
3114 2914 24
3213 3013 25
4438 4238 25
7401 7201 29
8863 8663 23
9505 9305 24
10093 9893 27
832 632 32
1343 1143 32
2028 1728 29
2487 2287 23
3142 2942 26
3305 3105 24
5119 4919 23
5193 4993 29
5869 5669 27
9477 9277 28
2088 1788 24
3234 3034 30
3311 3111 27
3449 3249 29
4019 3819 28
6766 6566 32
7212 6912 26
7392 7192 23
7877 7677 26
9202 9002 24
1018 818 23
1680 1380 25
2758 2558 28
4230 4030 30
5478 5278 31
6397 6197 24
7666 7466 23
8244 8044 23
8860 8660 24
9660 9360 27
509 309 23
1162 962 28
1817 1617 25
2790 2590 29
2997 2797 32
4116 3916 28
4727 4527 23
6739 6539 24
7483 7283 24
8549 8349 29
774 474 28
2009 1809 25
2913 2713 27
3270 3070 23
4138 3938 28
4726 4526 25
5599 5399 23
6041 5841 26
7869 7669 25
8536 8336 25
2105 1905 25
2471 2271 23
3693 3493 28
4839 4639 25
5484 5284 29
5556 5256 27
6197 5997 25
7398 7198 24
9143 8943 27
9191 8991 27
1641 1441 28
1644 1444 25
2093 1893 25
2886 2586 31
4735 4535 27
6083 5883 25
7566 7366 25
9315 9115 25
9505 9305 24
9742 9542 23
1342 1142 28
1793 1593 30
2605 2405 27
2959 2759 23
3653 3453 26
3712 3512 30
5232 5032 23
5659 5459 25
5771 5571 24
8649 8449 23
1276 1076 25
1605 1405 31
1816 1616 29
3171 2971 24
3499 3299 28
6274 6074 30
6756 6456 30
8850 8650 24
9522 9222 32
10035 9835 32
1181 981 31
1464 1164 29
1482 1282 25
2555 2355 27
2677 2477 25
2689 2489 31
2760 2460 24
5602 5402 25
7770 7470 32
7953 7753 26
1008 708 32
1059 859 27
2034 1834 31
4895 4695 30
5034 4834 28
5519 5319 26
5851 5651 26
6634 6434 29
7243 7043 31
9120 8820 31
1638 1338 28
1919 1719 24
3258 3058 27
4380 4080 23
4636 4436 26
5398 5198 31
5572 5372 28
5974 5774 24
6755 6555 32
6829 6629 25
372 172 26
2383 2183 25
2875 2675 31
2910 2610 30
3310 3110 30
3598 3398 23
4512 4312 23
7104 6804 27
9787 9587 26
9843 9643 28
2206 2006 27
2268 2068 32
4115 3915 30
4408 4208 30
4410 4110 23
5112 4812 28
5945 5745 26
8310 8110 23
8435 8235 24
10116 9816 26
1955 1755 32
2031 1831 28
2328 2028 26
2496 2296 23
4128 3928 26
4368 4168 29
6977 6777 25
7404 7104 26
9313 9113 26
9945 9745 27
1125 925 25
1452 1252 31
3618 3318 29
3999 3799 28
4446 4246 28
4588 4388 31
4680 4480 31
4833 4633 32
5657 5457 29
8209 8009 24
2019 1819 28
2766 2466 32
5782 5582 26
5802 5502 29
6913 6713 25
6978 6678 26
7612 7412 31
8163 7963 31
9905 9705 31
10175 9975 27
1384 1184 24
1453 1253 24
1495 1295 31
3874 3674 28
4871 4671 24
5635 5435 31
5791 5591 25
6483 6283 31
8827 8627 29
9013 8813 32
552 352 24
906 706 28
1506 1206 32
1566 1366 28
1605 1405 30
1882 1682 25
6419 6219 24
6453 6253 28
8159 7959 25
9292 9092 30
538 338 31
1039 839 27
3059 2859 25
4176 3876 23
4585 4385 30
4828 4628 32
5404 5204 26
5447 5247 25
6564 6364 29
6775 6575 31
415 215 24
4450 4250 32
4651 4451 28
4686 4486 26
4737 4537 25
5369 5169 25
5791 5591 25
5908 5708 23
7649 7449 30
9437 9237 28
508 308 29
1365 1165 23
1764 1464 29
3264 3064 32
4245 4045 30
4566 4366 23
5313 5113 32
8520 8320 28
9702 9402 24
9724 9524 31
1168 968 31
1513 1313 32
1650 1450 30
1852 1652 24
4308 4008 29
8161 7961 29
8250 8050 30
8449 8249 31
8667 8467 27
9829 9629 24
1831 1631 32
4224 4024 25
4603 4403 24
8077 7877 26
8286 7986 32
8466 8166 25
8710 8510 26
9027 8827 32
9346 9146 26
10077 9877 23
885 685 23
1512 1312 24
1512 1312 27
3081 2881 23
3468 3168 23
4401 4201 25
5382 5082 25
8280 7980 27
8952 8752 28
9942 9642 24
1273 1073 31
3501 3301 30
3529 3329 25
5130 4930 24
6009 5809 25
6702 6402 28
6930 6730 24
7207 7007 31
7509 7309 29
10068 9868 32
375 175 23
2295 2095 30
2995 2795 23
3069 2869 30
4729 4529 26
6365 6165 25
7486 7286 29
9198 8898 30
9846 9646 24
10296 9996 27
510 210 26
2332 2132 27
2634 2334 27
4164 3864 23
5959 5759 24
6180 5980 25
7710 7410 28
8424 8224 30
8614 8414 28
9025 8825 31
1385 1185 30
2593 2393 25
2844 2544 26
3256 3056 32
4780 4580 29
5280 5080 28
6245 6045 32
6762 6562 25
8832 8632 25
9232 9032 26
1061 861 25
1300 1100 32
1524 1324 23
2262 1962 29
4806 4606 24
5322 5022 26
7474 7274 32
8014 7814 25
9784 9584 24
10157 9957 25
2687 2487 28
3085 2885 31
4174 3974 31
4806 4606 28
5470 5270 25
5640 5340 31
6834 6534 32
7878 7578 24
8413 8213 30
9534 9334 24
322 122 32
2862 2662 30
2903 2703 25
3311 3111 25
3399 3199 26
5387 5187 29
8200 8000 27
9186 8986 31
9582 9282 27
10107 9907 27
1266 1066 32
2451 2251 24
3667 3467 24
5148 4948 25
7342 7142 30
7675 7475 23
8100 7900 31
8682 8482 24
8855 8655 30
9897 9697 27
3508 3308 29
4306 4106 29
4314 4014 28
4710 4410 24
6882 6582 24
7719 7519 25
7727 7527 23
8524 8324 23
9651 9451 25
9737 9537 31
408 208 29
1549 1349 28
1645 1445 26
2799 2599 31
3339 3139 32
5136 4836 32
5807 5607 24
6095 5895 25
7525 7325 28
8217 8017 24
1763 1563 32
1818 1618 24
2725 2525 27
4416 4116 29
4710 4510 27
4714 4514 31
5933 5733 27
6749 6549 26
8310 8110 29
9865 9665 28
343 143 29
2832 2632 28
2898 2598 24
2925 2725 31
4330 4130 26
4785 4585 27
5454 5154 23
6832 6632 31
7242 7042 30
8536 8336 30
1872 1572 24
4643 4443 30
4806 4506 29
5808 5608 27
6045 5845 24
6904 6704 28
7428 7228 28
7662 7462 26
9757 9557 27
9900 9600 27
1175 975 24
3077 2877 29
3090 2790 29
4217 4017 31
4559 4359 30
5506 5306 27
5875 5675 24
7455 7255 29
9018 8818 24
9957 9757 24
703 503 26
862 662 25
2752 2552 29
2812 2612 23
3456 3256 24
4635 4435 30
4717 4517 31
6102 5902 27
8436 8236 28
8831 8631 31
291 91 27
4323 4123 26
4854 4554 28
4926 4726 25
4971 4771 31
6072 5772 30
8250 7950 32
8975 8775 23
9078 8878 29
10099 9899 23
564 264 28
1588 1388 28
2508 2308 25
4147 3947 24
4686 4486 29
5188 4988 24
5585 5385 27
6606 6306 30
8375 8175 32
9691 9491 28
558 358 24
888 688 27
2752 2552 25
3425 3225 28
3588 3288 30
5287 5087 26
5349 5149 32
6396 6196 28
9744 9544 29
9895 9695 26
208 8 23
1992 1692 31
3029 2829 30
3269 3069 28
3816 3616 32
4097 3897 23
5797 5597 23
8998 8798 25
9192 8992 32
10027 9827 32
3660 3460 31
3810 3610 25
4137 3937 23
4185 3985 28
4709 4509 26
5079 4879 26
8052 7752 27
9306 9106 27
9409 9209 24
9425 9225 28
473 273 30
1122 922 28
1998 1698 32
2694 2394 24
4150 3950 28
6471 6271 30
7749 7549 32
8376 8176 27
8397 8197 26
9371 9171 24
463 263 32
2071 1871 27
2271 2071 31
3131 2931 30
3886 3686 28
4254 4054 25
5109 4909 24
7788 7588 28
8494 8294 29
9069 8869 23
364 164 31
508 308 27
816 616 31
1239 1039 31
1799 1599 30
4119 3919 32
4764 4564 30
8905 8705 32
9181 8981 27
9513 9313 30
2103 1903 30
2532 2232 27
4842 4542 29
4962 4662 25
7308 7008 28
7752 7552 26
8095 7895 32
8130 7930 27
8904 8704 27
10139 9939 25
279 79 28
1259 1059 25
2494 2294 26
2585 2385 32
3798 3598 25
4728 4428 32
6670 6470 28
9738 9438 30
9991 9791 32
10116 9816 31
678 478 26
1257 1057 28
3367 3167 31
4632 4332 26
5730 5530 28
6252 6052 27
7087 6887 26
7966 7766 32
8274 8074 24
9096 8896 24
2157 1957 24
2802 2502 31
3283 3083 27
4522 4322 25
4704 4504 26
4921 4721 31
7032 6732 30
7611 7411 25
7834 7634 29
10045 9845 31
969 769 30
969 769 32
1289 1089 24
2934 2734 30
4803 4603 28
6600 6300 25
6603 6403 26
6790 6590 23
7266 7066 32
8103 7903 23
1750 1550 31
2439 2239 29
2453 2253 27
3561 3361 27
4207 4007 31
4368 4168 29
5718 5418 27
6172 5972 31
6797 6597 31
7035 6835 29
540 340 24
1457 1257 23
1770 1470 32
2117 1917 24
3238 3038 27
3336 3036 26
4277 4077 28
4302 4002 24
5680 5480 24
9048 8748 32
456 256 31
2611 2411 24
4936 4736 30
6360 6160 26
6659 6459 28
7338 7038 29
7666 7466 28
8274 8074 27
8637 8437 24
9693 9493 30
3503 3303 32
3898 3698 28
4152 3852 25
4534 4334 28
4998 4698 24
5202 5002 27
5490 5290 24
7165 6965 29
9094 8894 29
10067 9867 31
275 75 29
400 200 23
546 346 32
658 458 29
3402 3202 31
4104 3804 28
6600 6300 26
7095 6895 27
7523 7323 27
9661 9461 29
371 171 29
1013 813 30
1369 1169 32
2568 2268 25
2826 2626 26
2913 2713 25
2928 2628 27
5709 5509 27
6377 6177 25
7619 7419 28
357 157 23
414 114 25
774 574 28
1167 967 28
2691 2491 31
4014 3714 23
5413 5213 29
5826 5626 23
7135 6935 25
9245 9045 27
214 14 30
939 739 26
1015 815 26
2063 1863 32
5557 5357 25
5592 5292 24
6136 5936 31
6967 6767 27
7627 7427 27
8088 7888 24
2859 2659 25
3071 2871 28
4277 4077 28
5345 5145 23
5437 5237 27
5656 5456 27
6299 6099 26
7228 7028 31
7434 7234 24
7541 7341 25
1188 888 25
1330 1130 26
1446 1146 24
2051 1851 23
2637 2437 24
5059 4859 26
5087 4887 24
6883 6683 26
6961 6761 26
8974 8774 31
766 566 32
1081 881 31
1170 870 28
3342 3142 25
4188 3888 30
4769 4569 23
6583 6383 27
7506 7206 30
7699 7499 24
7738 7538 26
816 516 28
1321 1121 29
2784 2584 30
3807 3607 23
5961 5761 29
7281 7081 27
7800 7500 26
8196 7896 31
8825 8625 28
9425 9225 28
1626 1426 31
2043 1843 27
2094 1794 30
3486 3186 32
3899 3699 32
5377 5177 23
6096 5896 29
7326 7026 25
8297 8097 31
9600 9400 28
748 548 26
2434 2234 29
6204 5904 31
6946 6746 27
7368 7168 29
8716 8516 28
9078 8778 23
9582 9382 31
10139 9939 30
10146 9846 24
739 539 24
1834 1634 27
2970 2670 32
3381 3181 28
3600 3400 31
4954 4754 28
5425 5225 25
5959 5759 28
8628 8328 26
10159 9959 24
1704 1504 31
1791 1591 28
3569 3369 27
3855 3655 31
4530 4230 25
5427 5227 24
6552 6352 26
7281 7081 24
7822 7622 31
8142 7842 24
804 604 30
819 619 31
1128 828 28
2497 2297 26
3143 2943 30
3339 3139 26
5471 5271 25
6774 6474 28
7851 7651 29
9250 9050 24
4021 3821 29
4596 4396 24
5245 5045 25
5351 5151 30
5442 5242 23
7153 6953 28
7998 7798 27
8100 7900 28
8205 8005 28
9847 9647 32
529 329 28
593 393 27
4302 4002 31
4493 4293 30
5950 5750 28
6586 6386 24
8373 8173 30
8556 8356 28
9743 9543 30
9883 9683 31
456 156 30
493 293 24
673 473 25
1146 846 28
1218 918 25
1933 1733 31
8700 8400 30
9540 9240 25
10065 9865 28
10099 9899 24
661 461 28
1674 1374 24
1902 1702 25
2062 1862 27
2460 2160 32
4354 4154 29
4620 4320 25
7783 7583 30
8442 8142 27
9623 9423 29
383 183 26
1384 1184 29
1948 1748 24
3582 3382 31
3858 3658 30
4443 4243 31
8107 7907 30
8788 8588 27
9203 9003 28
10037 9837 28
457 257 27
2575 2375 32
3769 3569 27
4320 4020 24
5434 5234 31
5495 5295 31
5508 5208 27
7614 7414 28
9736 9536 29
9953 9753 25
636 336 31
1171 971 31
1747 1547 23
2064 1764 29
2593 2393 27
8148 7948 31
8904 8704 29
9515 9315 32
9868 9668 31
9958 9758 31
414 214 26
1207 1007 25
1918 1718 30
2410 2210 29
3646 3446 30
4733 4533 30
5058 4858 28
7591 7391 28
8796 8596 29
9420 9220 31
1497 1297 24
3171 2971 25
4258 4058 29
4639 4439 26
5101 4901 29
5423 5223 29
5664 5364 32
6094 5894 23
8398 8198 25
9154 8954 28
737 537 27
2638 2438 24
3879 3679 31
4049 3849 27
4149 3949 26
4230 3930 31
4711 4511 25
6535 6335 28
8091 7891 28
8376 8176 24
509 309 25
1033 833 29
1362 1062 25
3495 3295 26
3828 3528 25
4674 4474 26
5015 4815 25
7397 7197 24
8339 8139 24
9065 8865 29
