200 20 46223
10 94 188
10 118 178
10 79 155
10 90 159
10 144 213
10 69 211
10 60 155
10 73 218
10 90 186
10 148 237
10 107 174
10 129 209
10 82 192
10 67 211
10 126 240
10 135 211
10 77 182
10 83 191
10 80 196
10 76 211
269 69 37
287 87 29
612 412 33
744 444 33
846 546 32
869 669 29
935 735 33
1037 837 28
1092 892 30
1199 999 37
419 219 34
431 231 32
600 400 32
616 416 29
630 330 35
853 653 36
877 677 32
1029 829 35
1139 939 30
1167 967 28
564 264 34
784 584 32
882 682 33
922 722 37
929 729 31
997 797 29
1032 832 32
1073 873 29
1164 964 36
1168 968 29
498 198 38
563 363 31
625 425 37
696 396 35
850 650 34
889 689 36
967 767 30
1109 909 36
1143 943 36
1164 864 30
299 99 38
425 225 33
442 242 39
474 274 31
707 507 37
709 509 28
881 681 37
936 636 32
1038 838 29
1127 927 29
336 136 30
474 174 30
667 467 30
700 500 37
849 649 37
919 719 29
1017 817 37
1086 786 30
1122 822 39
1134 934 34
221 21 38
271 71 37
312 12 32
342 42 28
714 414 33
775 575 28
822 522 36
847 647 37
909 709 30
1236 936 37
201 1 36
408 208 28
443 243 37
515 315 38
574 374 30
645 445 35
645 445 38
748 548 33
904 704 37
1083 883 31
247 47 31
262 62 36
345 145 34
498 298 29
587 387 36
649 449 36
727 527 29
1062 862 30
1146 846 33
1272 972 31
227 27 30
240 40 32
336 36 34
437 237 37
467 267 33
713 513 35
939 739 34
945 745 39
1003 803 34
1266 966 32
343 143 30
390 90 35
432 132 32
510 210 32
617 417 32
1033 833 35
1050 750 38
1096 896 30
1098 898 28
1146 946 31
343 143 35
402 202 38
712 512 32
756 556 35
831 631 29
873 673 31
880 680 37
906 606 34
973 773 38
1092 892 36
306 106 31
387 187 30
537 337 35
622 422 32
876 676 39
953 753 30
972 772 28
1031 831 29
1044 844 30
1183 983 33
403 203 30
786 486 35
874 674 35
930 730 32
952 752 32
1009 809 28
1083 883 39
1087 887 31
1141 941 36
1260 960 33
414 114 33
432 232 38
437 237 34
465 265 33
486 286 36
652 452 28
841 641 37
1137 937 28
1141 941 36
1176 876 32
209 9 38
394 194 28
426 126 35
461 261 38
491 291 33
582 382 37
619 419 34
636 336 34
852 552 29
1134 934 29
436 236 35
501 301 36
521 321 38
585 385 35
605 405 28
772 572 37
815 615 36
1041 841 34
1080 880 33
1091 891 39
282 82 31
300 100 37
339 139 38
455 255 30
540 240 38
582 382 31
900 600 38
925 725 33
925 725 37
958 758 34
209 9 39
229 29 29
251 51 34
379 179 37
405 205 28
545 345 35
779 579 31
971 771 32
1182 982 35
1194 994 30
214 14 31
264 64 38
333 133 28
636 436 31
661 461 30
682 482 31
787 587 33
946 746 39
949 749 39
979 779 39
