2000 100 529907
20 93 165
20 58 216
20 107 222
20 54 210
20 63 177
20 50 250
20 56 240
20 137 199
20 79 212
20 114 221
20 141 197
20 67 237
20 147 187
20 128 246
20 142 193
20 140 211
20 93 233
20 103 154
20 69 247
20 117 232
20 117 207
20 132 197
20 144 189
20 145 216
20 62 213
20 127 183
20 110 196
20 73 194
20 53 242
20 93 223
20 79 245
20 147 193
20 123 222
20 122 191
20 125 198
20 116 198
20 54 198
20 147 219
20 70 209
20 71 174
20 97 218
20 62 178
20 93 164
20 115 176
20 113 178
20 74 206
20 50 182
20 96 240
20 109 163
20 100 157
20 138 194
20 106 168
20 83 213
20 113 232
20 133 220
20 58 245
20 137 152
20 73 244
20 61 217
20 136 194
20 94 249
20 96 155
20 133 216
20 102 237
20 78 158
20 81 213
20 88 203
20 51 187
20 61 165
20 123 196
20 121 243
20 120 235
20 85 249
20 53 226
20 91 245
20 75 192
20 85 249
20 81 244
20 69 250
20 101 173
20 71 157
20 54 177
20 73 166
20 133 170
20 113 174
20 70 195
20 96 153
20 132 228
20 132 150
20 73 230
20 58 184
20 113 207
20 111 153
20 142 164
20 54 154
20 104 215
20 88 201
20 98 193
20 64 216
20 115 167
205 5 13
207 7 15
241 41 15
255 55 12
312 112 16
435 235 12
535 335 12
600 300 13
639 439 12
639 439 14
780 580 14
904 704 16
924 724 13
1050 750 14
1079 879 15
1105 905 13
1143 943 15
1158 958 12
1181 981 12
1218 918 14
307 107 13
325 125 15
345 145 12
396 96 12
409 209 14
455 255 11
486 286 12
498 198 13
551 351 16
643 443 13
651 451 13
651 451 14
870 670 14
876 576 15
887 687 12
965 765 13
1013 813 14
1114 914 16
1158 858 13
1164 864 16
259 59 13
310 110 12
330 30 14
343 143 12
459 259 16
562 362 16
663 463 14
690 490 12
714 414 15
742 542 14
786 586 15
849 649 12
897 697 16
898 698 14
903 703 12
957 757 14
983 783 13
1017 817 14
1060 860 15
1200 1000 15
220 20 12
328 128 12
385 185 15
429 229 16
555 355 13
589 389 15
625 425 15
721 521 16
749 549 16
750 550 12
789 589 15
826 626 14
829 629 16
843 643 16
846 646 12
918 718 16
934 734 13
954 754 14
967 767 16
1129 929 16
321 121 13
547 347 14
549 349 14
553 353 15
583 383 14
611 411 15
636 436 13
646 446 15
649 449 14
678 478 14
697 497 13
766 566 12
785 585 15
811 611 13
969 769 12
985 785 13
1035 835 12
1096 896 12
1113 913 14
1194 994 16
231 31 14
233 33 16
310 110 12
331 131 14
354 54 13
415 215 16
444 244 12
541 341 16
696 396 16
705 505 16
721 521 16
724 524 12
739 539 13
745 545 13
894 594 12
953 753 16
967 767 16
978 678 12
984 784 12
1008 708 15
253 53 13
384 184 11
412 212 12
433 233 14
456 156 14
775 575 12
823 623 14
865 665 12
892 692 15
893 693 12
923 723 13
928 728 12
964 764 12
1139 939 14
1146 846 12
1150 950 15
1167 967 15
1185 985 12
1187 987 14
1194 994 15
237 37 12
301 101 15
306 6 13
313 113 12
347 147 11
480 280 15
515 315 13
561 361 16
583 383 15
616 416 14
660 460 12
721 521 13
822 622 13
826 626 13
883 683 14
1025 825 14
1027 827 12
1122 822 14
1169 969 14
1242 942 13
303 103 16
336 136 15
342 42 15
388 188 12
460 260 12
467 267 15
495 295 13
516 316 14
844 644 16
990 790 14
1050 750 14
1073 873 14
1098 898 13
1098 898 15
1132 932 12
1141 941 14
1143 943 16
1153 953 12
1163 963 12
1176 976 12
245 45 13
269 69 13
312 12 15
466 266 13
531 331 13
545 345 15
570 370 15
645 445 12
675 475 13
694 494 15
798 598 15
826 626 16
843 643 12
930 730 16
954 654 14
972 672 16
979 779 13
1068 868 16
1092 892 14
1155 955 15
257 57 14
285 85 15
331 131 12
426 226 13
431 231 14
489 289 15
495 295 15
582 382 12
637 437 16
700 500 13
706 506 13
720 520 15
747 547 16
823 623 13
834 634 14
955 755 15
984 684 14
1014 714 15
1032 732 15
1125 925 12
229 29 13
396 96 15
473 273 14
516 216 14
546 346 14
562 362 12
579 379 15
580 380 12
581 381 13
609 409 14
690 490 16
732 532 14
847 647 14
847 647 14
858 658 16
972 772 13
987 787 13
1029 829 15
1147 947 15
1162 962 16
351 151 14
366 166 13
367 167 13
367 167 14
391 191 16
420 120 14
443 243 16
534 234 14
595 395 16
600 400 12
701 501 12
765 565 13
821 621 14
943 743 14
1002 802 15
1023 823 14
1025 825 16
1093 893 15
1158 958 14
1195 995 13
241 41 13
318 118 16
462 262 15
501 301 16
504 304 16
522 322 12
636 336 14
756 456 15
765 565 14
795 595 15
816 616 12
849 649 16
921 721 12
924 624 14
999 799 15
1006 806 14
1059 859 14
1104 904 15
1188 888 15
1197 997 16
201 1 16
289 89 13
318 118 12
328 128 16
365 165 13
424 224 16
546 246 12
699 499 13
719 519 15
743 543 12
748 548 13
928 728 15
933 733 15
1002 802 14
1017 817 16
1074 874 15
1107 907 13
1167 967 14
1194 894 16
1197 997 15
239 39 15
432 232 16
498 198 16
541 341 16
557 357 12
648 448 16
679 479 13
684 484 13
691 491 12
706 506 13
767 567 13
771 571 15
807 607 14
813 613 14
837 637 12
858 558 13
928 728 13
1055 855 13
1093 893 13
1175 975 15
241 41 12
243 43 15
318 18 11
414 214 12
515 315 13
546 246 11
633 433 13
709 509 16
736 536 13
753 553 16
829 629 16
846 546 12
882 682 13
883 683 15
924 624 15
1096 896 15
1098 898 15
1126 926 13
1150 950 14
1152 952 14
226 26 12
340 140 15
342 42 13
360 60 13
449 249 13
479 279 16
485 285 13
493 293 12
511 311 13
588 388 15
784 584 12
809 609 12
829 629 12
845 645 13
948 748 16
964 764 14
1030 830 16
1032 732 15
1099 899 12
1206 906 14
249 49 12
317 117 16
495 295 16
688 488 12
715 515 13
737 537 12
762 462 16
768 568 14
867 667 13
921 721 15
940 740 12
966 666 16
972 672 13
976 776 12
1061 861 12
1150 950 16
1150 950 16
1159 959 12
1175 975 16
1212 912 12
252 52 16
310 110 14
333 133 14
354 54 12
537 337 14
541 341 15
648 348 14
744 544 15
793 593 14
845 645 15
876 676 14
903 703 16
924 724 14
949 749 16
1060 860 14
1068 768 12
1107 907 15
1125 925 15
1167 967 14
1200 900 14
276 76 11
311 111 13
370 170 13
406 206 13
409 209 12
474 174 15
648 348 12
649 449 16
664 464 16
670 470 12
715 515 13
750 550 14
925 725 13
946 746 16
959 759 12
966 766 13
1087 887 14
1115 915 12
1200 900 15
1212 912 16
255 55 15
342 42 16
347 147 12
415 215 16
507 307 16
610 410 12
667 467 13
689 489 12
787 587 12
828 628 13
838 638 13
942 642 12
976 776 14
1015 815 15
1026 726 16
1067 867 15
1111 911 15
1138 938 15
1143 943 16
1194 894 12
208 8 14
366 166 15
461 261 12
509 309 15
533 333 12
568 368 12
576 376 15
586 386 12
653 453 13
666 366 13
750 550 13
785 585 13
827 627 12
921 721 15
957 757 16
1005 805 14
1086 886 13
1169 969 13
1188 888 12
1278 978 12
257 57 13
352 152 15
521 321 13
621 421 12
661 461 15
665 465 12
798 498 14
821 621 13
822 522 15
856 656 15
863 663 11
863 663 13
913 713 13
960 760 14
1041 841 15
1056 856 15
1077 877 16
1080 880 14
1087 887 13
1133 933 14
233 33 13
259 59 15
287 87 11
313 113 13
337 137 14
353 153 12
381 181 12
401 201 12
406 206 12
502 302 14
516 316 12
703 503 15
798 598 12
910 710 14
931 731 16
967 767 12
972 772 13
996 796 13
1038 838 15
1060 860 15
255 55 14
281 81 13
306 6 16
307 107 14
412 212 14
451 251 16
529 329 15
713 513 14
726 526 12
789 589 11
796 596 16
859 659 15
942 642 15
953 753 14
955 755 15
959 759 15
1008 808 13
1078 878 15
1146 846 13
1206 906 16
229 29 15
268 68 15
286 86 13
355 155 12
376 176 15
415 215 11
466 266 14
466 266 14
786 586 12
790 590 13
798 598 14
807 607 13
822 622 13
843 643 14
903 703 14
939 739 12
972 672 14
1110 810 16
1134 934 14
1134 934 14
202 2 13
247 47 13
253 53 16
288 88 14
571 371 16
629 429 16
685 485 14
841 641 15
856 656 15
889 689 12
945 745 13
990 690 14
1003 803 13
1066 866 16
1067 867 15
1073 873 16
1108 908 15
1193 993 13
1212 912 12
1296 996 13
228 28 16
231 31 12
263 63 12
329 129 13
358 158 15
389 189 12
435 235 13
445 245 15
478 278 15
511 311 13
721 521 14
750 550 15
767 567 13
768 468 13
846 646 13
905 705 12
941 741 16
948 648 15
1121 921 11
1143 943 15
227 27 12
237 37 12
330 30 16
413 213 16
475 275 13
497 297 13
539 339 14
670 470 13
725 525 12
754 554 14
766 566 12
864 564 14
888 688 14
930 730 12
1018 818 12
1069 869 15
1116 816 15
1169 969 16
1272 972 14
1284 984 15
315 115 13
355 155 13
507 307 12
547 347 15
576 376 15
580 380 14
661 461 16
667 467 14
670 470 14
702 502 16
765 565 14
817 617 13
838 638 11
909 709 15
945 745 15
1006 806 13
1037 837 16
1151 951 12
1284 984 15
1296 996 14
271 71 13
318 118 12
366 66 16
379 179 13
394 194 12
401 201 14
406 206 16
558 358 16
641 441 13
648 348 14
675 475 14
721 521 15
735 535 12
807 607 13
811 611 14
816 516 11
850 650 14
865 665 14
1032 832 14
1236 936 14
219 19 14
258 58 12
376 176 14
388 188 14
454 254 12
460 260 14
509 309 15
553 353 14
615 415 16
621 421 16
631 431 15
652 452 12
703 503 16
841 641 15
861 661 16
868 668 13
982 782 12
999 799 13
1128 828 14
1164 864 14
205 5 16
220 20 13
300 100 12
313 113 13
331 131 13
391 191 12
403 203 16
448 248 15
541 341 14
768 468 15
792 492 14
796 596 13
855 655 15
857 657 12
868 668 14
874 674 16
912 612 14
1047 847 14
1122 822 14
1188 888 13
207 7 14
273 73 15
313 113 12
330 30 12
375 175 16
393 193 12
407 207 16
453 253 12
516 316 16
575 375 14
576 276 12
627 427 14
666 366 12
850 650 15
964 764 15
1001 801 13
1033 833 15
1099 899 12
1152 952 14
1260 960 12
214 14 13
220 20 16
316 116 14
405 205 12
467 267 14
492 192 13
588 388 16
598 398 12
629 429 13
633 433 12
691 491 15
720 520 15
828 528 13
879 679 14
900 600 14
924 724 16
1003 803 12
1068 768 13
1163 963 11
1164 864 14
312 112 12
313 113 13
325 125 12
340 140 12
414 214 12
546 246 14
681 481 14
751 551 14
766 566 13
826 626 13
841 641 14
864 664 13
976 776 11
1060 860 15
1119 919 16
1131 931 14
1140 940 16
1176 976 14
1212 912 12
1296 996 12
238 38 14
346 146 15
448 248 14
466 266 13
498 198 15
570 270 16
579 379 15
645 445 16
755 555 12
807 607 13
831 631 16
846 546 14
894 694 14
904 704 15
1017 817 16
1031 831 15
1098 898 13
1119 919 12
1198 998 12
1296 996 16
215 15 14
319 119 16
358 158 14
366 166 13
456 156 15
460 260 14
467 267 12
504 304 16
540 340 14
631 431 16
658 458 12
659 459 13
749 549 14
760 560 12
862 662 16
1024 824 14
1032 832 12
1068 768 13
1078 878 14
1146 946 12
208 8 15
258 58 15
262 62 15
395 195 14
455 255 12
460 260 14
492 192 14
525 325 12
618 418 13
654 454 16
672 372 15
726 526 15
747 547 13
762 562 13
765 565 13
791 591 13
822 522 13
837 637 13
989 789 14
1108 908 15
226 26 14
282 82 13
357 157 12
406 206 14
498 298 12
586 386 12
600 400 12
643 443 14
736 536 14
766 566 12
795 595 12
831 631 12
888 688 15
903 703 16
922 722 15
954 754 15
970 770 16
1032 732 12
1059 859 13
1242 942 13
250 50 15
474 274 16
483 283 16
497 297 14
529 329 12
567 367 15
654 354 14
695 495 13
695 495 15
804 604 14
810 510 14
834 534 12
894 594 14
897 697 15
939 739 12
1086 786 12
1086 786 16
1123 923 13
1188 888 14
1290 990 16
208 8 12
213 13 12
220 20 13
298 98 13
304 104 16
353 153 16
423 223 14
526 326 15
562 362 16
571 371 15
612 312 16
777 577 15
832 632 16
853 653 14
863 663 14
870 670 14
1025 825 16
1073 873 15
1080 780 14
1260 960 12
217 17 13
391 191 12
412 212 12
471 271 15
526 326 16
531 331 15
543 343 15
685 485 14
736 536 14
736 536 15
765 565 14
804 504 13
875 675 15
924 624 13
939 739 14
967 767 15
1005 805 12
1084 884 13
1191 991 15
1206 906 16
352 152 13
381 181 15
513 313 14
528 228 13
570 370 14
571 371 11
579 379 15
592 392 14
600 300 14
607 407 14
623 423 13
629 429 15
654 354 13
664 464 13
736 536 14
738 538 16
888 688 14
1168 968 14
1188 988 12
1218 918 14
342 42 14
364 164 12
411 211 16
451 251 14
511 311 16
514 314 14
523 323 13
546 246 13
617 417 16
641 441 12
880 680 12
909 709 14
912 612 12
987 787 12
991 791 14
1059 859 16
1063 863 16
1152 952 16
1156 956 13
1158 958 11
232 32 12
247 47 14
255 55 14
390 190 15
411 211 13
448 248 15
484 284 16
636 336 16
648 348 15
665 465 15
690 390 13
694 494 12
714 414 15
960 760 14
979 779 16
1002 802 13
1008 708 16
1067 867 15
1188 888 13
1272 972 14
235 35 12
262 62 12
277 77 16
399 199 14
411 211 14
456 156 13
462 162 12
541 341 15
640 440 12
738 438 15
761 561 14
856 656 14
876 676 12
916 716 16
924 624 12
946 746 13
975 775 14
1056 756 15
1092 892 14
1147 947 15
275 75 12
367 167 15
493 293 12
498 198 13
510 210 16
550 350 16
563 363 12
648 348 12
784 584 14
805 605 16
852 552 14
876 576 13
959 759 13
963 763 12
1023 823 13
1032 832 14
1062 862 12
1063 863 12
1068 768 16
1200 900 15
222 22 15
267 67 15
281 81 12
287 87 12
324 24 14
337 137 13
370 170 14
487 287 14
522 222 16
531 331 14
575 375 14
654 354 12
744 544 12
831 631 14
948 748 12
961 761 13
1014 814 13
1049 849 15
1115 915 14
1266 966 13
223 23 12
228 28 15
269 69 14
357 157 12
367 167 15
424 224 12
433 233 15
444 244 15
483 283 13
501 301 12
612 412 13
649 449 12
653 453 14
750 450 13
815 615 13
845 645 15
939 739 15
983 783 14
1011 811 14
1272 972 16
220 20 16
340 140 14
381 181 16
531 331 15
538 338 14
648 348 13
652 452 13
666 366 15
714 514 16
756 556 11
790 590 12
798 498 13
801 601 12
839 639 13
915 715 12
936 736 13
954 754 15
961 761 15
1020 720 15
1176 876 14
201 1 14
203 3 15
216 16 12
333 133 12
389 189 16
415 215 12
430 230 13
599 399 15
678 478 15
744 544 15
748 548 13
820 620 14
833 633 13
931 731 16
959 759 13
1026 726 12
1103 903 15
1135 935 16
1163 963 13
1177 977 14
268 68 13
330 30 14
345 145 14
432 232 12
433 233 15
451 251 15
495 295 16
540 340 12
582 282 13
582 282 16
595 395 14
613 413 16
641 441 15
822 622 16
1080 780 15
1086 886 16
1107 907 14
1110 910 13
1182 982 16
1183 983 13
267 67 16
281 81 12
325 125 16
367 167 16
396 196 12
460 260 16
582 282 16
591 391 13
593 393 14
623 423 14
814 614 16
857 657 14
888 688 13
972 772 13
1007 807 15
1037 837 12
1129 929 12
1185 985 12
1206 906 13
1224 924 14
217 17 15
276 76 16
286 86 13
317 117 14
333 133 16
346 146 15
377 177 15
509 309 14
529 329 14
582 282 14
604 404 13
745 545 16
796 596 12
839 639 12
847 647 14
880 680 14
939 739 13
978 678 14
1002 702 16
1182 982 12
417 217 16
454 254 15
501 301 16
594 294 14
649 449 15
665 465 15
723 523 14
730 530 14
774 474 14
882 582 16
1008 708 14
1011 811 12
1014 714 12
1055 855 14
1093 893 14
1129 929 12
1139 939 16
1146 946 16
1165 965 13
1169 969 12
226 26 11
288 88 12
301 101 15
445 245 16
456 156 12
521 321 14
544 344 15
588 388 13
616 416 13
652 452 12
745 545 13
762 462 16
809 609 16
870 570 13
877 677 15
967 767 13
995 795 15
1029 829 13
1108 908 12
1170 970 14
262 62 14
411 211 14
480 180 14
523 323 12
570 270 13
591 391 16
601 401 15
603 403 15
670 470 16
675 475 15
689 489 14
707 507 12
730 530 14
791 591 16
879 679 12
930 730 12
959 759 15
981 781 12
1000 800 15
1194 994 16
207 7 15
232 32 12
288 88 12
312 112 14
325 125 15
365 165 13
377 177 12
521 321 13
551 351 12
592 392 12
605 405 12
635 435 14
655 455 15
690 390 14
708 408 14
759 559 16
767 567 15
786 586 15
1020 820 13
1102 902 16
269 69 14
289 89 16
384 184 12
423 223 12
511 311 16
520 320 15
549 349 13
565 365 13
583 383 16
663 463 13
679 479 16
780 480 12
934 734 16
961 761 11
1036 836 16
1048 848 15
1155 955 13
1194 894 12
1198 998 15
1206 906 14
321 121 12
330 30 13
366 66 15
370 170 12
402 102 16
426 226 14
513 313 13
600 300 13
641 441 15
726 426 15
742 542 14
790 590 15
858 558 12
864 564 14
925 725 12
930 630 15
981 781 13
1068 868 12
1195 995 13
1197 997 14
210 10 13
263 63 12
295 95 14
360 60 15
438 138 14
486 286 13
491 291 16
504 204 12
511 311 12
511 311 15
599 399 13
629 429 14
702 502 16
736 536 15
795 595 12
822 522 14
907 707 13
936 636 12
1089 889 12
1254 954 13
270 70 15
274 74 13
359 159 15
379 179 14
521 321 16
555 355 12
574 374 14
708 408 12
711 511 15
743 543 14
766 566 13
879 679 13
915 715 13
918 718 12
958 758 12
983 783 13
990 690 15
1036 836 14
1125 925 13
1163 963 15
235 35 16
251 51 12
267 67 15
280 80 15
348 48 13
408 108 12
507 307 14
532 332 16
609 409 14
717 517 14
768 468 15
779 579 16
822 522 14
838 638 13
863 663 15
964 764 12
987 787 15
1092 792 12
1104 804 15
1151 951 14
203 3 15
250 50 14
292 92 15
300 100 15
357 157 14
424 224 15
426 226 12
474 274 15
562 362 11
576 276 12
600 300 13
630 330 13
648 348 14
720 520 13
736 536 16
750 550 13
793 593 15
946 746 16
984 684 11
1019 819 14
221 21 13
225 25 12
267 67 13
371 171 12
391 191 13
402 202 13
425 225 14
562 362 12
670 470 12
695 495 14
928 728 14
941 741 12
982 782 16
990 790 15
1005 805 16
1108 908 15
1116 916 16
1121 921 16
1133 933 12
1174 974 14
241 41 14
342 142 12
347 147 15
391 191 14
391 191 14
399 199 14
409 209 13
478 278 15
529 329 16
571 371 12
579 379 15
636 436 13
671 471 14
709 509 16
859 659 13
870 570 12
1044 844 14
1061 861 14
1102 902 14
1107 907 12
227 27 13
329 129 16
423 223 13
478 278 16
487 287 14
622 422 12
729 529 13
773 573 15
795 595 13
796 596 13
880 680 14
895 695 16
934 734 13
1071 871 15
1080 880 13
1127 927 13
1144 944 14
1152 952 13
1173 973 14
1179 979 16
288 88 15
337 137 12
341 141 15
390 90 12
413 213 14
445 245 13
521 321 14
547 347 15
552 252 13
604 404 15
646 446 14
687 487 14
744 544 13
756 556 13
892 692 15
935 735 15
1039 839 15
1049 849 15
1086 786 12
1236 936 15
219 19 15
283 83 12
372 172 16
396 196 12
442 242 15
475 275 14
556 356 13
573 373 13
575 375 12
577 377 13
714 414 12
773 573 13
855 655 15
882 682 16
901 701 13
907 707 15
1074 874 12
1127 927 15
1152 852 12
1206 906 12
258 58 16
327 127 14
492 292 15
577 377 14
699 499 14
714 414 16
730 530 16
733 533 15
751 551 15
792 492 13
840 540 12
852 552 13
852 652 15
885 685 12
888 588 16
889 689 16
897 697 13
929 729 15
971 771 14
1043 843 12
205 5 12
283 83 15
348 148 15
349 149 13
378 178 16
379 179 15
401 201 14
426 126 12
467 267 12
550 350 16
576 376 14
612 412 12
659 459 13
857 657 11
1002 702 16
1015 815 15
1045 845 14
1062 862 16
1159 959 13
1167 967 16
301 101 13
354 154 14
501 301 15
557 357 13
558 258 16
559 359 15
603 403 12
699 499 13
739 539 14
763 563 15
789 589 13
797 597 14
813 613 16
1037 837 12
1103 903 15
1115 915 15
1143 943 13
1146 946 14
1163 963 14
1206 906 13
271 71 14
312 12 14
365 165 14
498 298 13
582 282 12
586 386 14
618 318 13
799 599 13
822 522 16
844 644 16
865 665 16
913 713 13
942 642 14
1008 708 12
1093 893 13
1122 822 13
1158 858 16
1163 963 13
1170 870 13
1180 980 14
353 153 12
418 218 14
492 292 16
516 316 13
573 373 14
609 409 15
639 439 13
677 477 16
678 378 15
701 501 13
738 438 15
844 644 13
889 689 15
893 693 12
929 729 14
936 636 12
948 648 15
953 753 12
979 779 13
1192 992 16
307 107 15
364 164 11
409 209 14
445 245 16
471 271 12
523 323 12
541 341 14
545 345 15
774 474 16
867 667 12
894 594 14
906 706 16
910 710 14
988 788 12
1039 839 14
1062 762 14
1075 875 14
1085 885 16
1107 907 15
1126 926 16
252 52 16
276 76 15
371 171 12
373 173 14
402 202 14
600 300 15
609 409 12
690 390 16
727 527 15
733 533 15
811 611 15
838 638 15
906 606 14
924 724 12
940 740 13
970 770 16
1003 803 12
1069 869 13
1074 874 16
1145 945 16
234 34 16
306 106 15
510 210 12
531 331 14
534 234 14
553 353 16
630 330 14
678 478 14
747 547 12
768 468 13
851 651 16
862 662 14
966 666 15
975 775 12
984 784 16
1029 829 12
1050 750 14
1089 889 15
1122 922 15
1158 958 11
255 55 16
263 63 15
321 121 15
394 194 12
399 199 12
426 226 12
447 247 16
498 298 12
505 305 16
544 344 13
627 427 13
774 574 16
807 607 16
840 640 13
888 588 15
952 752 13
1002 702 12
1158 858 16
1158 958 15
1165 965 15
383 183 15
477 277 13
539 339 12
563 363 12
573 373 13
666 466 16
702 502 13
723 523 13
755 555 15
823 623 13
852 552 12
868 668 16
1018 818 13
1060 860 15
1062 762 15
1086 786 15
1101 901 12
1127 927 12
1135 935 13
1158 958 12
201 1 14
201 1 16
312 12 12
331 131 13
349 149 11
354 54 12
403 203 13
407 207 12
478 278 15
564 364 12
582 382 14
601 401 14
654 354 16
753 553 15
828 628 12
948 648 16
1021 821 14
1059 859 13
1114 914 12
1159 959 13
299 99 14
324 24 12
354 54 15
462 262 13
479 279 16
534 334 14
623 423 12
660 360 12
684 484 13
864 664 13
870 570 13
904 704 12
910 710 15
936 736 14
1006 806 14
1056 856 16
1099 899 15
1131 931 13
1163 963 13
1182 882 12
340 140 15
369 169 16
409 209 13
448 248 14
471 271 15
478 278 14
496 296 15
711 511 16
756 556 14
763 563 13
768 468 12
781 581 11
840 540 15
840 540 15
899 699 16
942 742 15
960 760 14
1009 809 14
1180 980 11
1182 982 13
222 22 12
258 58 14
312 112 16
461 261 16
527 327 12
541 341 12
581 381 15
699 499 15
700 500 15
711 511 16
901 701 12
901 701 12
970 770 14
1031 831 12
1053 853 13
1068 868 13
1097 897 12
1127 927 12
1129 929 13
1236 936 15
238 38 12
342 42 12
379 179 16
390 190 12
489 289 14
553 353 16
569 369 12
629 429 14
648 448 13
649 449 14
736 536 13
784 584 14
811 611 16
819 619 14
863 663 12
936 736 15
1086 886 14
1140 840 13
1151 951 16
1224 924 13
208 8 14
279 79 14
333 133 12
445 245 15
493 293 16
535 335 15
601 401 12
634 434 16
636 336 15
762 462 13
799 599 15
871 671 16
915 715 13
1024 824 15
1026 726 13
1032 732 16
1056 856 12
1084 884 15
1087 887 12
1134 834 15
334 134 13
451 251 16
465 265 14
480 280 12
481 281 12
588 388 15
597 397 12
621 421 12
635 435 15
757 557 14
868 668 14
875 675 15
1026 826 13
1032 832 15
1068 868 13
1085 885 12
1103 903 11
1122 922 15
1131 931 15
1173 973 15
247 47 12
298 98 14
343 143 15
408 108 15
468 168 13
498 198 14
517 317 13
612 312 15
657 457 15
748 548 13
761 561 13
762 562 12
829 629 14
888 588 14
889 689 13
900 600 15
960 660 14
984 784 15
1048 848 15
1120 920 14
251 51 13
277 77 12
315 115 15
335 135 13
498 298 14
510 310 12
582 282 16
592 392 12
606 306 14
708 508 14
732 432 13
735 535 12
773 573 12
840 540 14
880 680 16
894 594 14
907 707 13
1002 702 13
1155 955 13
1212 912 12
207 7 13
239 39 13
330 30 14
345 145 15
418 218 13
425 225 13
433 233 15
569 369 14
711 511 14
719 519 14
750 550 14
816 516 12
891 691 12
917 717 16
990 790 14
1033 833 14
1069 869 14
1104 804 12
1134 934 15
1182 982 14
303 103 16
342 42 16
346 146 14
426 126 13
451 251 15
508 308 15
727 527 15
738 538 12
822 622 14
863 663 12
864 664 12
887 687 13
928 728 13
955 755 14
1000 800 12
1018 818 14
1041 841 16
1080 780 13
1120 920 14
1139 939 14
208 8 12
321 121 14
372 172 16
390 190 12
393 193 13
393 193 16
460 260 12
493 293 14
516 216 13
565 365 14
569 369 15
579 379 16
603 403 15
769 569 12
834 534 14
976 776 12
1164 964 15
1173 973 13
1176 876 12
1206 906 15
264 64 14
289 89 12
294 94 12
333 133 16
405 205 15
466 266 13
481 281 16
527 327 13
561 361 13
707 507 15
760 560 12
772 572 16
781 581 12
793 593 14
882 582 16
882 682 12
1068 768 13
1069 869 16
1080 880 16
1104 804 13
382 182 14
684 384 12
708 408 15
713 513 12
736 536 16
739 539 15
777 577 16
905 705 15
931 731 13
1005 805 15
1024 824 15
1039 839 13
1068 768 15
1093 893 16
1115 915 12
1134 934 13
1157 957 15
1163 963 16
1260 960 13
1266 966 13
208 8 13
214 14 13
315 115 14
330 30 12
360 160 14
375 175 12
474 274 13
513 313 15
515 315 15
568 368 12
607 407 16
712 512 13
730 530 16
766 566 14
767 567 13
851 651 14
1002 802 15
1019 819 14
1044 744 14
1114 914 13
204 4 12
292 92 14
342 142 13
418 218 15
450 250 13
478 278 13
622 422 12
683 483 14
684 484 15
702 502 14
718 518 15
778 578 13
778 578 15
891 691 15
954 754 16
972 672 15
991 791 13
1032 732 16
1074 874 13
1183 983 12
288 88 15
305 105 13
309 109 16
418 218 14
439 239 12
468 168 14
486 186 12
499 299 16
520 320 14
564 264 16
576 276 13
624 324 15
736 536 14
831 631 15
837 637 15
847 647 14
855 655 14
900 600 12
1019 819 16
1128 828 12
204 4 12
231 31 15
234 34 13
291 91 14
292 92 14
545 345 12
569 369 13
594 294 16
647 447 15
726 426 14
730 530 12
743 543 13
747 547 14
748 548 16
850 650 14
891 691 13
954 654 15
957 757 12
959 759 14
1159 959 13
205 5 16
324 124 14
426 126 12
498 298 12
517 317 13
627 427 13
645 445 13
652 452 12
673 473 15
715 515 14
742 542 14
766 566 13
822 522 11
864 664 12
877 677 15
882 682 16
888 688 16
899 699 16
1032 732 15
1272 972 12
