100 20 21877
5 138 230
5 122 240
5 96 242
5 87 160
5 139 222
5 141 202
5 76 190
5 61 200
5 50 227
5 111 192
5 81 174
5 101 206
5 124 186
5 116 192
5 52 202
5 108 238
5 99 205
5 61 162
5 108 187
5 53 210
639 439 54
657 457 58
825 625 59
949 749 72
1125 925 63
366 66 53
561 361 64
611 411 72
766 566 70
1174 974 58
309 109 57
569 369 71
797 597 65
1095 895 65
1278 978 58
659 459 67
701 501 61
901 701 62
966 766 71
1158 958 71
265 65 68
709 509 60
733 533 58
877 677 63
934 734 54
325 125 67
491 291 54
540 240 71
1032 832 68
1092 792 58
401 201 69
589 389 73
624 424 59
948 648 70
1147 947 59
237 37 65
423 223 63
427 227 62
1069 869 61
1139 939 63
294 94 62
415 215 63
501 301 72
502 302 68
719 519 54
426 226 65
562 362 66
666 466 55
749 549 53
819 619 53
324 24 55
699 499 61
802 602 54
900 700 55
996 696 57
327 127 63
654 454 55
785 585 65
873 673 54
1047 847 55
299 99 73
301 101 69
625 425 64
667 467 65
901 701 69
297 97 72
425 225 70
599 399 52
711 511 69
1011 811 59
300 100 54
360 60 66
910 710 60
924 624 71
1012 812 54
238 38 68
448 248 63
451 251 60
732 432 70
1128 828 63
253 53 64
605 405 54
619 419 71
912 612 60
982 782 60
244 44 66
244 44 66
456 256 70
520 320 63
564 364 72
274 74 64
291 91 66
417 217 58
851 651 68
1013 813 61
498 298 53
576 276 73
646 446 55
693 493 61
1169 969 66
