1000 20 2365090
50 51 239
50 102 209
50 131 171
50 99 173
50 66 217
50 138 172
50 97 188
50 129 195
50 113 204
50 73 188
50 139 186
50 113 159
50 61 152
50 90 158
50 58 230
50 82 236
50 50 155
50 130 167
50 118 198
50 91 173
533 333 6
1032 732 5
1050 850 6
1103 903 5
1331 1131 7
1380 1180 6
1510 1310 6
2004 1704 6
2217 2017 6
2663 2463 6
2857 2657 5
2916 2716 5
3005 2805 5
3165 2965 6
3258 3058 6
3857 3657 6
3961 3761 6
4032 3732 6
4067 3867 5
4122 3822 6
4251 4051 5
4795 4595 5
4800 4600 6
5346 5146 7
5484 5184 5
5566 5366 6
5688 5388 6
5775 5575 6
5819 5619 5
5895 5695 6
5985 5785 5
6337 6137 6
6843 6643 6
7107 6907 6
7246 7046 7
7276 7076 5
7319 7119 5
7709 7509 6
8004 7704 5
8412 8112 6
8461 8261 7
9419 9219 6
9447 9247 6
9462 9262 5
9511 9311 5
9738 9538 6
9895 9695 6
9922 9722 6
10176 9976 6
10177 9977 7
381 181 7
409 209 5
568 368 5
601 401 7
676 476 6
826 626 5
870 570 6
1103 903 7
1530 1330 5
1788 1588 6
2260 2060 5
2526 2326 6
3172 2972 5
3287 3087 7
3478 3278 6
3549 3349 7
3894 3694 5
4152 3952 5
4194 3894 7
4296 4096 6
4463 4263 6
4566 4366 7
4795 4595 7
5160 4960 6
5173 4973 7
5377 5177 5
5563 5363 7
5874 5574 7
5970 5670 5
6580 6380 7
6831 6631 6
7227 7027 5
7247 7047 5
7276 7076 6
7281 7081 5
7607 7407 7
7613 7413 6
7672 7472 7
7777 7577 5
7950 7750 6
8073 7873 7
8644 8444 5
8742 8542 5
8789 8589 7
8820 8520 6
8982 8682 6
9834 9634 6
9977 9777 6
10110 9910 6
10138 9938 6
606 306 7
876 676 6
903 703 7
910 710 7
1104 904 5
1193 993 6
1272 972 5
1278 1078 7
1283 1083 6
1348 1148 5
1392 1192 7
1633 1433 5
1743 1543 5
1782 1582 6
2230 2030 6
2323 2123 6
2638 2438 5
2679 2479 6
3441 3241 6
3507 3307 6
3822 3522 7
3912 3712 6
4073 3873 6
4092 3792 5
4499 4299 6
4914 4714 6
4973 4773 5
5112 4812 7
5280 4980 7
6127 5927 7
6528 6328 5
6691 6491 6
6768 6468 6
6778 6578 7
6897 6697 5
6929 6729 6
7506 7206 6
7572 7372 6
7608 7308 6
7809 7609 6
8106 7906 7
8107 7907 5
8263 8063 6
8375 8175 7
8730 8430 6
9186 8886 6
9441 9241 6
9526 9326 5
9622 9422 5
9725 9525 6
371 171 6
663 463 6
811 611 7
1029 829 7
1077 877 6
1257 1057 5
1451 1251 7
1659 1459 6
1687 1487 6
2034 1834 6
2219 2019 7
2268 2068 6
2269 2069 5
2467 2267 7
2645 2445 6
2935 2735 6
2959 2759 5
3492 3192 6
3529 3329 6
3629 3429 6
3642 3442 6
3816 3616 5
4331 4131 6
4416 4116 6
4531 4331 7
4560 4360 7
4615 4415 6
4626 4426 7
4845 4645 7
5400 5100 6
5712 5512 5
6047 5847 7
6149 5949 5
6883 6683 6
6978 6678 7
6993 6793 6
7054 6854 6
7086 6886 5
7117 6917 7
7218 6918 7
7218 7018 6
8092 7892 5
8835 8635 6
8968 8768 5
9516 9216 7
9532 9332 7
9881 9681 6
10009 9809 5
10035 9835 5
10114 9914 7
768 468 7
827 627 7
839 639 5
916 716 6
1092 792 7
1300 1100 5
1323 1123 6
2017 1817 6
2201 2001 6
2286 2086 6
2458 2258 6
2589 2389 7
3276 3076 6
3597 3397 6
3904 3704 6
4451 4251 7
4465 4265 7
4723 4523 6
4923 4723 5
5550 5350 5
5676 5376 6
5784 5484 6
6203 6003 6
6435 6235 6
6649 6449 6
6793 6593 7
7053 6853 6
7134 6934 5
7259 7059 6
7777 7577 5
7817 7617 7
8112 7812 5
8281 8081 6
8451 8251 5
8622 8422 6
8716 8516 6
8742 8442 7
8925 8725 7
9058 8858 5
9174 8874 6
9316 9116 6
9375 9175 7
9928 9728 5
9987 9787 7
10086 9886 7
10101 9901 7
10144 9944 6
10182 9882 7
10260 9960 7
10278 9978 5
250 50 5
318 18 7
355 155 7
864 564 6
973 773 7
1027 827 5
1114 914 6
2254 2054 6
2514 2314 6
2530 2330 5
2845 2645 6
2982 2682 7
3007 2807 5
3069 2869 5
3144 2844 6
3711 3511 5
3745 3545 7
3989 3789 6
4104 3804 6
4368 4168 5
4462 4262 7
4875 4675 7
4974 4774 6
5009 4809 6
5046 4746 7
5159 4959 6
5467 5267 7
5475 5275 7
5727 5527 6
5803 5603 5
5968 5768 6
6143 5943 5
6281 6081 6
6678 6378 7
6730 6530 5
6731 6531 6
7548 7348 7
7636 7436 7
7783 7583 6
8069 7869 7
8289 8089 5
8316 8116 5
8460 8260 5
9066 8866 6
9336 9136 5
9462 9262 6
9582 9382 6
9827 9627 5
9831 9631 5
9917 9717 7
738 438 5
791 591 5
823 623 6
1024 824 6
1486 1286 5
1500 1300 6
2267 2067 7
2406 2106 6
2478 2178 6
2572 2372 7
2598 2298 7
3004 2804 6
3276 3076 5
3276 3076 6
3817 3617 6
3838 3638 6
3882 3582 6
4008 3708 7
4050 3850 5
4110 3910 5
4337 4137 6
4641 4441 7
4949 4749 5
5022 4822 5
5368 5168 7
5448 5148 7
5518 5318 6
5839 5639 6
5866 5666 6
6355 6155 6
6600 6400 6
6754 6554 5
7104 6804 5
7147 6947 7
7211 7011 5
7368 7068 6
7422 7122 6
7955 7755 5
8145 7945 6
8532 8332 7
8538 8238 5
8835 8635 7
8983 8783 7
9402 9202 5
9455 9255 5
9471 9271 6
9543 9343 6
9762 9562 6
9799 9599 7
9832 9632 6
315 115 5
659 459 6
777 577 5
899 699 6
957 757 5
1552 1352 7
1596 1296 6
1765 1565 7
1875 1675 6
1902 1702 5
2328 2128 7
2361 2161 6
2469 2269 6
2553 2353 5
2800 2600 6
3211 3011 5
3396 3096 6
3503 3303 5
3755 3555 7
4019 3819 7
4144 3944 7
4179 3979 5
4222 4022 6
4391 4191 7
4673 4473 6
5052 4752 6
5484 5284 5
5652 5452 5
5987 5787 7
6460 6260 6
6784 6584 5
6798 6598 7
6852 6652 6
7080 6780 6
7117 6917 5
7303 7103 5
7353 7153 7
7757 7557 6
7800 7600 7
7909 7709 7
8243 8043 7
8469 8269 6
8469 8269 7
8506 8306 6
9207 9007 6
9328 9128 6
9365 9165 6
9381 9181 5
9966 9666 6
10068 9768 6
349 149 5
877 677 6
1132 932 6
1383 1183 5
1601 1401 6
1704 1404 7
1781 1581 7
1861 1661 6
2457 2257 6
2842 2642 6
2860 2660 6
3099 2899 6
3280 3080 5
3654 3354 7
3942 3642 6
3958 3758 7
3989 3789 6
3994 3794 5
4015 3815 7
4495 4295 6
4542 4242 6
5155 4955 6
5191 4991 5
5442 5242 6
5688 5488 7
5873 5673 5
6732 6432 5
6751 6551 6
7147 6947 6
7211 7011 5
7355 7155 5
7372 7172 5
7512 7212 6
8011 7811 5
8052 7852 5
8163 7963 7
8290 8090 5
8668 8468 6
8785 8585 7
8898 8698 6
9096 8896 6
9232 9032 5
9633 9433 5
9754 9554 6
9774 9474 6
9847 9647 5
9975 9775 6
10013 9813 6
10123 9923 5
10157 9957 7
621 421 6
1296 1096 5
1512 1212 6
1810 1610 6
1896 1696 7
2058 1758 5
2089 1889 7
2291 2091 6
2451 2251 5
2992 2792 6
3173 2973 5
3339 3139 6
3442 3242 6
4390 4190 6
4477 4277 7
4569 4369 7
5039 4839 6
5158 4958 5
5442 5242 7
5639 5439 7
6017 5817 6
6052 5852 7
6103 5903 5
6204 5904 7
6310 6110 5
6415 6215 5
6745 6545 5
6863 6663 5
7071 6871 6
7108 6908 7
7117 6917 6
7164 6864 6
7176 6976 6
7318 7118 7
7458 7158 5
7749 7549 6
7751 7551 5
7818 7518 5
7907 7707 5
8142 7942 7
8179 7979 7
8239 8039 5
8338 8138 6
8499 8299 5
8844 8544 6
8903 8703 6
8950 8750 5
9186 8886 6
9377 9177 6
9634 9434 6
383 183 6
642 342 7
702 402 7
840 640 7
1351 1151 6
1440 1140 6
1480 1280 6
1575 1375 7
1861 1661 7
2275 2075 6
2304 2104 5
2401 2201 6
2741 2541 7
2871 2671 7
2880 2680 6
2965 2765 6
3197 2997 6
3222 3022 7
3333 3133 5
4068 3868 7
4269 4069 5
4747 4547 5
4980 4680 7
5304 5004 6
5457 5257 6
5502 5302 6
5803 5603 5
6180 5880 7
6891 6691 6
6931 6731 6
6983 6783 6
7320 7120 6
7576 7376 7
7677 7477 7
7741 7541 6
7864 7664 7
7879 7679 6
8043 7843 5
8172 7972 5
8181 7981 6
8242 8042 7
8351 8151 5
8467 8267 7
8639 8439 5
8715 8515 6
8728 8528 7
8844 8644 7
9273 9073 6
9360 9060 6
10068 9768 6
672 472 6
915 715 5
945 745 6
1314 1014 7
1542 1242 7
1651 1451 6
2106 1806 6
2148 1948 6
2298 1998 6
2443 2243 7
2661 2461 7
2770 2570 6
2975 2775 5
3360 3060 7
3743 3543 6
3783 3583 6
4104 3904 7
4644 4444 6
4648 4448 6
5483 5283 6
6003 5803 6
6061 5861 5
6072 5772 7
6246 5946 7
6372 6172 6
6430 6230 6
6443 6243 6
6522 6322 7
6617 6417 6
6888 6688 6
7098 6798 6
7318 7118 6
7355 7155 5
7590 7390 6
7639 7439 6
7727 7527 6
8209 8009 5
8223 8023 6
8241 8041 6
8343 8143 5
8441 8241 6
8506 8306 6
8716 8516 6
8921 8721 6
8927 8727 6
9573 9373 6
9774 9474 6
9822 9622 5
9885 9685 5
10284 9984 6
275 75 5
351 151 6
351 151 7
697 497 6
1177 977 5
1307 1107 6
1529 1329 5
1955 1755 6
2089 1889 6
2206 2006 5
2526 2226 6
2727 2527 6
2983 2783 6
3010 2810 5
3217 3017 6
3275 3075 5
3624 3324 6
3683 3483 7
4020 3820 7
4062 3762 6
4246 4046 6
4267 4067 7
4387 4187 7
4608 4408 6
4705 4505 5
4853 4653 7
4967 4767 5
5022 4722 7
5034 4834 6
5076 4776 6
5080 4880 6
5307 5107 7
5580 5380 5
5772 5572 5
5897 5697 6
6202 6002 6
6297 6097 5
6467 6267 5
7036 6836 5
7445 7245 5
7521 7321 5
7918 7718 6
7935 7735 5
8101 7901 6
8118 7918 6
8129 7929 7
8676 8476 6
8795 8595 6
9569 9369 5
9749 9549 6
402 202 6
1470 1170 5
1593 1393 6
1656 1356 6
1870 1670 6
2343 2143 6
2364 2064 7
2397 2197 5
2419 2219 5
3004 2804 6
3228 2928 6
3323 3123 6
3331 3131 7
3540 3340 7
3556 3356 6
3616 3416 6
3643 3443 5
3793 3593 5
3798 3598 5
3861 3661 6
4162 3962 5
4368 4168 6
4408 4208 6
4513 4313 6
4932 4732 5
5153 4953 6
5327 5127 6
5352 5052 7
5475 5275 6
5482 5282 7
5571 5371 6
5603 5403 6
5634 5334 6
5801 5601 6
5837 5637 5
6049 5849 6
6280 6080 5
6870 6570 7
6903 6703 7
7505 7305 7
7845 7645 6
8019 7819 6
8496 8296 6
9060 8760 6
9069 8869 5
9611 9411 6
9771 9571 6
9810 9610 6
10045 9845 6
10068 9768 6
256 56 6
822 522 5
913 713 5
1174 974 5
1398 1098 6
2039 1839 6
2729 2529 7
2743 2543 6
3035 2835 7
3081 2881 7
3118 2918 6
3408 3108 7
4104 3804 6
4185 3985 6
4416 4216 6
4537 4337 6
4581 4381 5
4962 4762 5
5034 4834 5
5071 4871 7
5459 5259 7
5623 5423 7
5693 5493 6
5777 5577 7
5790 5590 5
6196 5996 5
6468 6268 6
6484 6284 6
6522 6322 7
7047 6847 6
7057 6857 5
7117 6917 6
7164 6964 7
7530 7330 7
7740 7540 5
7774 7574 5
7842 7542 6
7969 7769 7
8044 7844 5
8100 7900 6
8283 8083 6
8314 8114 7
8566 8366 5
8772 8472 6
9054 8854 6
9322 9122 6
9618 9418 6
9816 9616 6
9999 9799 7
10026 9826 7
279 79 5
513 313 6
688 488 7
762 562 6
822 522 6
1029 829 6
1056 856 7
1104 904 6
1205 1005 5
2107 1907 5
2140 1940 7
2382 2082 6
2409 2209 7
2427 2227 7
2478 2278 5
2524 2324 6
2728 2528 6
2730 2530 6
2926 2726 6
3347 3147 6
3603 3403 6
3654 3354 6
3673 3473 5
3882 3682 7
4086 3886 5
4197 3997 7
4276 4076 5
4282 4082 5
4302 4002 7
4699 4499 7
4956 4656 5
5178 4978 7
5427 5227 6
6161 5961 5
6371 6171 6
6737 6537 7
6960 6760 6
7008 6808 7
7174 6974 5
7312 7112 7
7823 7623 7
8610 8310 6
8701 8501 6
9060 8760 5
9108 8908 5
9497 9297 6
9906 9706 6
9984 9684 5
9990 9790 6
9991 9791 5
271 71 6
492 192 6
1204 1004 5
1572 1272 5
1612 1412 5
1697 1497 6
1836 1536 5
1990 1790 6
2139 1939 6
2291 2091 5
2352 2052 6
2763 2563 7
2776 2576 7
3010 2810 5
3072 2872 6
3155 2955 7
3275 3075 6
3976 3776 6
4103 3903 6
4482 4282 7
5167 4967 6
5185 4985 6
5302 5102 7
5309 5109 5
5431 5231 5
5442 5142 6
5485 5285 7
5599 5399 5
5898 5698 6
6232 6032 7
6361 6161 6
6375 6175 7
6624 6424 7
6828 6628 7
7048 6848 7
7127 6927 7
7372 7172 5
7500 7200 5
7521 7321 7
7692 7392 7
7725 7525 6
7779 7579 7
7859 7659 7
7979 7779 5
8503 8303 6
9317 9117 6
9408 9108 6
9667 9467 6
9987 9787 6
10128 9828 7
306 6 5
684 484 6
1026 826 5
1169 969 7
1173 973 7
1495 1295 7
1785 1585 6
1803 1603 5
2046 1746 7
2134 1934 5
2314 2114 5
2566 2366 7
2719 2519 7
2753 2553 7
2995 2795 6
3088 2888 6
3304 3104 7
3924 3624 7
4096 3896 7
4615 4415 6
4725 4525 6
4991 4791 5
5166 4866 6
5223 5023 5
5566 5366 7
5685 5485 6
5776 5576 6
5921 5721 5
6109 5909 5
6364 6164 6
6396 6196 5
6485 6285 7
6648 6448 6
6720 6420 5
7243 7043 6
7359 7159 6
7437 7237 6
7459 7259 6
7488 7288 6
7944 7744 6
8124 7824 5
8440 8240 6
8621 8421 6
8891 8691 6
9072 8872 6
9407 9207 6
9699 9499 7
9996 9696 7
10039 9839 6
10114 9914 6
402 102 6
460 260 7
532 332 6
555 355 7
858 658 5
1159 959 5
1485 1285 5
1543 1343 6
1686 1386 6
1828 1628 6
1962 1662 5
2044 1844 6
2178 1878 6
2189 1989 6
2707 2507 7
2865 2665 5
2951 2751 5
3033 2833 7
3454 3254 6
4229 4029 5
4263 4063 5
4714 4514 6
4744 4544 6
5272 5072 7
5341 5141 6
5691 5491 7
5695 5495 6
5860 5660 6
5869 5669 6
5887 5687 7
5921 5721 6
5955 5755 5
6160 5960 6
6348 6048 6
6499 6299 7
7231 7031 7
7360 7160 6
7452 7252 7
7596 7296 6
7602 7402 6
7863 7663 5
8034 7734 6
8141 7941 5
8344 8144 5
8448 8148 6
8603 8403 5
8625 8425 6
9106 8906 7
9414 9114 6
9982 9782 6
393 193 6
503 303 6
762 562 6
1002 802 6
1409 1209 6
1593 1393 5
1659 1459 5
1858 1658 5
1924 1724 6
2128 1928 6
2134 1934 6
2397 2197 5
2485 2285 7
2625 2425 7
2627 2427 6
2917 2717 7
3067 2867 6
3515 3315 7
3594 3394 6
3654 3454 6
3811 3611 5
3939 3739 7
4315 4115 6
4416 4216 7
4435 4235 6
4554 4354 7
4668 4368 7
5284 5084 5
5295 5095 5
5976 5676 5
6064 5864 5
6354 6054 7
6767 6567 6
6900 6600 6
7300 7100 6
7453 7253 6
7535 7335 7
7539 7339 6
7897 7697 6
8026 7826 7
8166 7966 5
8329 8129 6
8475 8275 6
8559 8359 6
9065 8865 6
9343 9143 6
9414 9114 5
9445 9245 7
9456 9156 5
9798 9598 6
