2000 20 4582348
100 112 223
100 77 211
100 60 195
100 85 234
100 95 218
100 88 193
100 84 155
100 138 230
100 150 232
100 123 237
100 134 156
100 138 221
100 119 175
100 133 248
100 120 230
100 114 215
100 105 220
100 69 233
100 75 160
100 61 250
245 45 2
330 30 3
340 140 3
401 201 3
430 230 3
537 337 3
660 360 3
747 547 3
1157 957 3
1339 1139 3
1521 1321 3
1529 1329 3
1758 1558 2
1854 1554 3
1863 1663 3
1945 1745 3
1986 1686 3
2061 1861 3
2328 2028 3
2386 2186 3
2400 2200 3
2412 2112 3
2495 2295 3
2755 2555 3
2759 2559 3
2835 2635 3
2962 2762 3
3121 2921 2
3384 3084 3
3564 3264 3
3579 3379 2
3718 3518 2
3813 3613 3
3835 3635 2
3921 3721 3
3929 3729 2
4253 4053 2
4338 4038 3
4465 4265 2
4474 4274 3
4540 4340 3
4602 4302 3
4620 4320 3
4636 4436 2
4990 4790 3
5039 4839 3
5159 4959 3
5184 4984 3
5191 4991 2
5244 4944 2
5255 5055 3
5262 4962 3
5298 5098 3
5421 5221 2
5447 5247 2
5620 5420 3
5643 5443 2
5663 5463 2
5688 5388 3
5766 5566 3
5873 5673 2
6138 5838 3
6378 6178 3
6432 6132 3
6504 6204 3
6640 6440 2
6757 6557 3
6815 6615 3
6985 6785 2
7047 6847 3
7075 6875 2
7101 6901 3
7247 7047 3
7379 7179 2
7410 7210 3
7657 7457 3
7865 7665 3
8100 7800 3
8127 7927 3
8135 7935 3
8311 8111 3
8437 8237 3
8829 8629 3
8879 8679 2
8904 8604 3
8955 8755 3
9000 8700 3
9183 8983 3
9231 9031 3
9450 9250 3
9600 9300 3
9610 9410 2
9705 9505 3
9727 9527 2
9754 9554 3
9757 9557 3
9774 9574 3
9895 9695 3
10072 9872 3
10086 9886 2
307 107 3
598 398 2
623 423 2
648 348 2
660 360 2
833 633 2
1137 937 2
1308 1108 2
1392 1092 3
1409 1209 2
1419 1219 3
1523 1323 3
1530 1330 3
1578 1278 3
1879 1679 3
1985 1785 3
2020 1820 2
2028 1828 2
2053 1853 3
2057 1857 3
2203 2003 3
2317 2117 3
2515 2315 2
2518 2318 2
2659 2459 3
2820 2520 3
2866 2666 3
2887 2687 2
3090 2890 2
3120 2820 3
3256 3056 2
3322 3122 3
3336 3036 3
3345 3145 3
3402 3102 2
3478 3278 3
3869 3669 3
4314 4014 3
4348 4148 2
4555 4355 2
4657 4457 3
4751 4551 2
4930 4730 3
4965 4765 2
5010 4710 2
5105 4905 3
5106 4906 3
5113 4913 3
5231 5031 3
5394 5094 3
5489 5289 2
5511 5311 2
5548 5348 2
5586 5286 2
5788 5588 3
5806 5606 2
5861 5661 3
5999 5799 3
6006 5806 2
6027 5827 3
6039 5839 2
6078 5778 3
6172 5972 2
6178 5978 3
6381 6181 3
6401 6201 3
6438 6238 3
6570 6270 2
6655 6455 2
6672 6372 3
7036 6836 2
7213 7013 3
7287 7087 3
7569 7369 2
7584 7384 3
7626 7326 2
7635 7435 3
7638 7338 3
7831 7631 3
8235 8035 2
8310 8010 2
8586 8286 2
8601 8401 3
8609 8409 3
8712 8412 2
8809 8609 3
8856 8556 3
9179 8979 3
9183 8983 2
9353 9153 3
9443 9243 2
9478 9278 3
9533 9333 3
9748 9548 2
9791 9591 3
9978 9678 3
10126 9926 3
10128 9828 2
10138 9938 3
10296 9996 2
207 7 2
303 103 3
412 212 3
469 269 3
522 222 3
582 282 2
990 690 3
1039 839 3
1149 949 3
1230 930 2
1336 1136 2
1615 1415 3
1763 1563 3
1811 1611 3
1830 1530 3
1949 1749 3
2064 1764 2
2064 1764 3
2076 1776 3
2085 1885 2
2250 2050 3
2340 2040 3
2573 2373 3
2639 2439 3
2688 2488 3
2772 2472 3
2824 2624 3
2856 2556 3
3019 2819 3
3030 2730 3
3287 3087 3
3357 3157 3
3372 3172 3
3490 3290 3
3559 3359 3
3696 3496 2
3725 3525 3
3763 3563 3
3786 3586 3
3946 3746 2
4026 3726 2
4044 3844 3
4050 3850 3
4324 4124 3
4482 4282 2
4548 4248 3
4632 4432 2
4728 4528 3
4782 4582 3
4829 4629 2
4833 4633 3
4890 4590 3
5055 4855 3
5151 4951 2
5219 5019 3
5363 5163 3
5428 5228 3
5513 5313 3
5605 5405 3
5688 5488 3
5787 5587 2
5958 5758 3
5964 5764 3
5967 5767 3
6099 5899 3
6108 5808 2
6417 6217 2
6462 6162 3
6486 6286 2
6630 6430 3
6738 6538 3
6742 6542 3
7200 6900 3
7235 7035 3
7240 7040 3
7309 7109 2
7327 7127 3
7545 7345 3
7624 7424 3
7680 7480 3
7945 7745 3
8131 7931 3
8185 7985 3
8267 8067 3
8448 8148 3
8481 8281 3
8539 8339 3
8592 8392 3
8773 8573 3
8973 8773 3
9114 8914 2
9180 8980 3
9204 9004 3
9355 9155 2
9657 9457 3
9783 9583 3
9851 9651 3
9894 9694 2
10035 9835 3
10077 9877 3
211 11 2
232 32 3
264 64 3
382 182 3
461 261 3
623 423 3
631 431 2
761 561 2
912 612 2
961 761 3
996 696 3
1008 808 3
1071 871 3
1170 970 3
1248 948 3
1595 1395 2
1707 1507 2
1726 1526 3
1734 1534 3
1737 1537 3
1865 1665 3
1897 1697 3
1963 1763 3
2023 1823 3
2220 1920 3
2471 2271 2
2563 2363 2
2862 2562 3
3084 2784 2
3245 3045 3
3299 3099 3
3408 3108 2
3735 3535 3
3810 3510 3
3816 3616 3
3852 3552 3
3876 3576 3
3879 3679 2
3969 3769 2
4068 3768 2
4181 3981 2
4207 4007 2
4233 4033 2
4266 4066 2
4296 4096 3
4438 4238 2
4499 4299 3
4579 4379 3
4677 4477 2
4876 4676 3
4968 4668 2
5101 4901 3
5149 4949 3
5172 4972 3
5319 5119 3
5325 5125 3
5355 5155 2
5357 5157 2
5453 5253 3
5604 5404 2
5639 5439 3
5646 5346 3
5736 5436 2
5758 5558 2
5849 5649 2
5977 5777 3
6001 5801 2
6246 5946 3
6303 6103 3
6561 6361 3
6649 6449 3
6673 6473 3
7294 7094 3
7299 7099 3
7367 7167 2
7440 7140 3
7453 7253 2
7457 7257 3
7668 7468 2
7831 7631 3
8050 7850 3
8214 7914 3
8328 8028 3
8467 8267 3
8482 8282 3
8662 8462 3
8971 8771 3
8976 8676 2
9007 8807 3
9063 8863 3
9174 8974 2
9300 9100 3
9487 9287 3
9646 9446 2
9735 9535 3
9738 9538 2
9774 9574 3
9965 9765 2
9993 9793 3
10200 9900 2
203 3 2
251 51 2
251 51 3
337 137 2
493 293 3
634 434 3
673 473 3
681 481 3
681 481 3
761 561 3
780 580 3
851 651 3
977 777 3
1023 823 3
1023 823 3
1044 744 3
1277 1077 3
1355 1155 3
1398 1198 3
1411 1211 3
1474 1274 3
1482 1282 2
1491 1291 2
1665 1465 3
1702 1502 3
1872 1572 3
2148 1948 3
2337 2137 3
2593 2393 3
2615 2415 3
2739 2539 3
2760 2460 3
2820 2620 3
2929 2729 3
3037 2837 3
3222 2922 2
3341 3141 3
3353 3153 3
3390 3090 3
3504 3204 2
3535 3335 3
3910 3710 2
3930 3630 2
3954 3654 3
3999 3799 3
4167 3967 3
4209 4009 3
4240 4040 3
4469 4269 3
4521 4321 2
4548 4348 3
4591 4391 3
4642 4442 2
4809 4609 3
4878 4578 3
4923 4723 3
4962 4662 3
5154 4954 2
5173 4973 2
5475 5275 2
5655 5455 3
5680 5480 3
5814 5614 3
5849 5649 3
5868 5668 3
5923 5723 2
5955 5755 3
6108 5908 2
6274 6074 2
6316 6116 2
6381 6181 2
6450 6150 2
6765 6565 2
6837 6637 3
6894 6594 3
6918 6718 2
6976 6776 2
7002 6802 3
7138 6938 3
7146 6946 3
7229 7029 3
7493 7293 3
7497 7297 2
7689 7489 3
7729 7529 2
7746 7446 3
7933 7733 2
7995 7795 3
8079 7879 3
8428 8228 3
8485 8285 3
8500 8300 2
8514 8214 3
8705 8505 3
8784 8484 3
9006 8706 2
9366 9166 3
9597 9397 3
9672 9372 3
9984 9784 2
547 347 2
556 356 3
630 330 3
691 491 2
766 566 3
1051 851 2
1144 944 3
1332 1132 2
1347 1147 3
1438 1238 2
1446 1146 3
1620 1420 2
1734 1434 3
1775 1575 3
1792 1592 3
1830 1630 3
1865 1665 3
1944 1744 3
1978 1778 3
1997 1797 2
2039 1839 3
2261 2061 3
2344 2144 3
2352 2152 2
2397 2197 3
2449 2249 2
2476 2276 3
2584 2384 3
2635 2435 3
2664 2364 2
2681 2481 3
3084 2784 3
3113 2913 2
3371 3171 2
3516 3216 3
3771 3571 3
3772 3572 3
3780 3580 3
3939 3739 3
4031 3831 3
4152 3852 3
4236 4036 3
4389 4189 3
4474 4274 3
4765 4565 3
5064 4864 3
5310 5110 3
5323 5123 3
5344 5144 3
5524 5324 2
5706 5406 3
5728 5528 3
5783 5583 3
5807 5607 3
6004 5804 3
6037 5837 3
6075 5875 3
6093 5893 2
6269 6069 3
6427 6227 3
6528 6228 3
6589 6389 3
6805 6605 2
6832 6632 3
6832 6632 3
7233 7033 2
7254 6954 2
7308 7008 3
7451 7251 2
7572 7372 3
7817 7617 2
7872 7572 3
7947 7747 2
8110 7910 3
8321 8121 3
8356 8156 3
8422 8222 3
8469 8269 3
8541 8341 3
8595 8395 3
8619 8419 3
8692 8492 3
8748 8548 3
8783 8583 3
8841 8641 2
8883 8683 3
9009 8809 3
9012 8712 2
9036 8836 2
9145 8945 3
9279 9079 3
9475 9275 3
9487 9287 3
9523 9323 2
9624 9324 3
9816 9616 3
9840 9640 2
9928 9728 2
9957 9757 2
9978 9778 3
402 202 3
475 275 3
489 289 3
492 192 3
504 204 3
552 352 3
768 568 3
785 585 2
820 620 3
905 705 3
1109 909 3
1163 963 2
1188 988 3
1215 1015 3
1224 924 3
1452 1252 3
1501 1301 3
1536 1336 3
1716 1416 3
1821 1621 2
2064 1864 3
2172 1972 3
2273 2073 2
2487 2287 3
2767 2567 3
2871 2671 2
2896 2696 3
3340 3140 2
3651 3451 2
3739 3539 3
3755 3555 2
3804 3604 3
4168 3968 3
4463 4263 2
4473 4273 3
4507 4307 2
4539 4339 3
4613 4413 2
4654 4454 3
4786 4586 3
4819 4619 3
4860 4660 3
4875 4675 3
4899 4699 3
4907 4707 3
4917 4717 3
4929 4729 3
4948 4748 2
5257 5057 3
5334 5034 3
5489 5289 3
5718 5518 3
5847 5647 3
5925 5725 3
6240 6040 2
6259 6059 3
6342 6042 3
6353 6153 3
6427 6227 3
6432 6232 2
6438 6238 2
6447 6247 2
6631 6431 3
6949 6749 3
6982 6782 3
7085 6885 3
7101 6901 2
7257 7057 3
7380 7180 2
7517 7317 3
7554 7354 2
7669 7469 3
7835 7635 2
7933 7733 3
8086 7886 2
8091 7891 2
8418 8218 3
8497 8297 2
8521 8321 2
8566 8366 2
8589 8389 2
8794 8594 2
8910 8710 3
8934 8634 2
9012 8812 3
9048 8848 3
9132 8832 3
9141 8941 3
9222 8922 2
9403 9203 3
9516 9316 3
9558 9258 3
9701 9501 3
9789 9589 2
9802 9602 3
9809 9609 3
9823 9623 3
10080 9780 2
10139 9939 3
10169 9969 2
503 303 3
531 331 3
543 343 2
558 358 2
591 391 3
1185 985 3
1386 1186 3
1498 1298 3
1607 1407 3
1711 1511 3
1737 1537 3
1745 1545 3
1775 1575 3
1878 1678 3
1915 1715 2
2020 1820 3
2178 1878 3
2214 2014 3
2242 2042 3
2271 2071 3
2389 2189 2
2442 2142 2
2549 2349 2
2844 2644 3
2884 2684 3
3012 2712 2
3185 2985 3
3210 3010 3
3311 3111 3
3557 3357 2
3574 3374 3
3750 3450 2
3755 3555 3
3851 3651 3
3859 3659 3
3889 3689 2
3911 3711 3
4018 3818 3
4045 3845 3
4318 4118 3
4348 4148 3
4399 4199 2
4402 4202 3
4492 4292 2
4593 4393 3
4609 4409 3
4686 4486 3
4709 4509 2
4768 4568 3
4828 4628 3
5057 4857 3
5166 4866 2
5201 5001 2
5298 4998 2
5536 5336 3
5571 5371 2
5670 5470 3
6273 6073 3
6366 6066 3
6379 6179 3
6419 6219 3
6646 6446 3
6676 6476 3
6708 6508 3
6714 6514 3
6943 6743 3
6953 6753 3
7161 6961 3
7167 6967 3
7251 7051 3
7385 7185 3
7398 7198 3
7410 7210 3
7563 7363 3
7626 7426 2
7764 7464 3
7959 7759 2
8007 7807 3
8019 7819 3
8224 8024 2
8244 8044 3
8388 8188 3
8448 8248 3
8572 8372 2
8640 8440 3
8688 8488 2
8999 8799 2
9057 8857 3
9185 8985 3
9190 8990 3
9282 9082 3
9351 9151 3
9421 9221 3
9552 9252 3
9581 9381 3
9606 9306 3
9642 9442 3
9840 9540 2
9873 9673 2
9917 9717 3
244 44 3
280 80 3
357 157 3
519 319 2
697 497 2
863 663 3
1193 993 3
1255 1055 3
1399 1199 3
1458 1158 3
1588 1388 3
1794 1494 3
1989 1789 3
1996 1796 2
2170 1970 3
2196 1996 3
2245 2045 3
2251 2051 3
2262 1962 3
2305 2105 2
2583 2383 3
2638 2438 3
2711 2511 3
2742 2442 2
3114 2814 3
3144 2944 3
3268 3068 3
3312 3012 3
3642 3442 2
3648 3348 3
3732 3432 3
3771 3571 3
3823 3623 2
4068 3768 2
4068 3868 3
4147 3947 2
4278 3978 3
4348 4148 2
4564 4364 3
4650 4350 3
4786 4586 2
4903 4703 3
5025 4825 2
5034 4734 3
5153 4953 2
5247 5047 2
5296 5096 3
5418 5218 3
5471 5271 3
5734 5534 3
6066 5766 3
6081 5881 3
6186 5986 2
6259 6059 3
6394 6194 3
6655 6455 3
6659 6459 2
6840 6640 2
6917 6717 2
6929 6729 2
6951 6751 3
7104 6804 2
7131 6931 3
7279 7079 3
7279 7079 3
7299 7099 2
7422 7122 3
7431 7231 2
7433 7233 2
7512 7212 3
7548 7348 2
7603 7403 3
7697 7497 3
7743 7543 2
7888 7688 2
7899 7699 3
7921 7721 2
8031 7831 2
8082 7882 2
8139 7939 2
8206 8006 3
8487 8287 3
8608 8408 3
8761 8561 3
8789 8589 2
8847 8647 3
8910 8710 2
8919 8719 3
8992 8792 2
9150 8950 2
9204 9004 2
9361 9161 3
9383 9183 2
9529 9329 3
9552 9352 2
9785 9585 2
9894 9594 2
9942 9742 3
9948 9748 2
10189 9989 2
211 11 2
268 68 3
286 86 3
312 112 3
331 131 3
412 212 3
859 659 2
1473 1273 3
1534 1334 2
1635 1435 3
1674 1374 2
1734 1434 3
2008 1808 2
2049 1849 3
2086 1886 3
2208 1908 3
2232 2032 3
2233 2033 2
2298 1998 2
2404 2204 2
2526 2326 3
2585 2385 3
2608 2408 2
2706 2506 3
2731 2531 3
2770 2570 2
2777 2577 3
2919 2719 3
3054 2854 3
3059 2859 3
3184 2984 2
3280 3080 3
3316 3116 2
3433 3233 3
3523 3323 2
3678 3478 2
3783 3583 3
3792 3492 3
3851 3651 3
4018 3818 2
4174 3974 2
4236 4036 2
4248 3948 2
4581 4381 3
4609 4409 3
4613 4413 3
4662 4362 3
4680 4380 3
4779 4579 3
4786 4586 3
4863 4663 2
4962 4662 3
4980 4680 2
4991 4791 3
5181 4981 3
5428 5228 2
5441 5241 2
5471 5271 2
5767 5567 3
6048 5848 3
6166 5966 3
6192 5892 2
6330 6030 3
6343 6143 2
6390 6090 2
6540 6340 3
6805 6605 2
6882 6682 3
6887 6687 2
7062 6862 3
7104 6904 3
7149 6949 3
7227 7027 3
7305 7105 3
7319 7119 2
7479 7279 3
7569 7369 3
7629 7429 3
7683 7483 3
7758 7458 2
7807 7607 2
7975 7775 2
8118 7918 3
8160 7960 3
8441 8241 2
8508 8308 3
8556 8256 3
8668 8468 2
8783 8583 3
8910 8610 3
9100 8900 2
9281 9081 3
9336 9036 3
9574 9374 3
9715 9515 3
9745 9545 3
9816 9616 2
9963 9763 2
9963 9763 3
10059 9859 2
220 20 2
324 124 3
456 156 3
531 331 2
797 597 3
1129 929 2
1305 1105 3
1336 1136 3
1410 1110 3
1542 1242 3
1691 1491 2
1792 1592 3
1854 1654 3
1926 1726 2
1950 1650 3
1971 1771 3
2136 1836 3
2219 2019 2
2316 2016 2
2341 2141 3
2419 2219 3
2581 2381 2
2621 2421 3
2831 2631 2
2872 2672 3
2964 2764 3
3029 2829 2
3215 3015 3
3342 3142 3
3396 3096 3
3439 3239 3
3594 3294 3
3708 3408 3
3777 3577 3
3798 3598 3
3880 3680 2
3931 3731 3
4006 3806 3
4038 3738 3
4191 3991 3
4272 3972 3
4283 4083 3
4387 4187 3
4583 4383 2
4667 4467 2
4690 4490 2
4733 4533 3
4843 4643 2
4981 4781 2
5081 4881 2
5429 5229 3
5626 5426 2
5722 5522 2
5829 5629 3
5835 5635 3
6084 5884 3
6168 5868 3
6270 5970 2
6348 6148 3
6567 6367 3
6645 6445 2
6953 6753 2
7182 6982 3
7266 6966 3
7342 7142 3
7360 7160 3
7557 7357 3
7649 7449 2
7696 7496 3
7876 7676 3
7932 7632 2
8214 7914 3
8226 7926 3
8230 8030 2
8248 8048 3
8343 8143 3
8391 8191 3
8403 8203 3
8439 8239 2
8472 8272 2
8545 8345 2
8836 8636 3
9024 8724 3
9060 8760 2
9101 8901 3
9131 8931 3
9147 8947 2
9312 9012 2
9369 9169 3
9418 9218 2
9504 9304 2
9534 9234 3
9678 9378 3
9712 9512 2
9713 9513 3
9817 9617 2
9863 9663 3
9904 9704 3
10182 9882 3
10183 9983 3
288 88 2
360 60 2
417 217 3
532 332 2
534 234 2
661 461 3
671 471 3
996 696 2
1097 897 3
1139 939 3
1252 1052 2
1253 1053 2
1368 1168 2
1387 1187 3
1547 1347 3
1554 1354 3
1571 1371 3
1588 1388 3
1655 1455 3
1769 1569 3
1879 1679 2
2016 1816 3
2022 1822 3
2044 1844 3
2190 1990 3
2243 2043 3
2304 2104 3
2399 2199 3
2502 2202 3
2676 2476 3
2705 2505 3
2713 2513 2
2736 2536 3
3042 2842 2
3048 2748 3
3101 2901 3
3120 2920 3
3245 3045 3
3342 3042 3
3551 3351 3
3666 3366 3
3765 3565 2
3948 3648 3
4152 3852 3
4155 3955 2
4155 3955 2
4259 4059 3
4308 4008 3
4420 4220 3
4494 4194 3
4685 4485 3
4702 4502 3
4732 4532 3
4788 4488 2
4870 4670 3
4955 4755 3
5063 4863 2
5069 4869 3
5107 4907 3
5121 4921 3
5136 4836 2
5160 4860 2
5187 4987 3
5307 5107 3
5409 5209 2
5735 5535 3
5754 5454 2
5964 5664 2
5977 5777 3
6054 5854 2
6139 5939 3
6267 6067 2
6455 6255 3
6546 6246 2
6654 6454 3
6702 6402 2
6874 6674 2
7000 6800 3
7197 6997 2
7260 7060 3
7295 7095 3
7392 7192 2
7438 7238 3
7458 7158 3
7543 7343 2
7809 7609 3
8157 7957 3
8499 8299 2
8701 8501 3
8759 8559 3
8813 8613 2
9163 8963 3
9178 8978 3
9198 8998 3
9256 9056 3
9461 9261 3
9664 9464 3
9665 9465 2
9793 9593 2
10137 9937 2
325 125 2
492 292 2
547 347 3
706 506 3
810 510 3
829 629 3
885 685 2
1005 805 3
1029 829 3
1061 861 3
1084 884 2
1213 1013 3
1216 1016 2
1260 1060 3
1356 1056 2
1362 1062 2
1369 1169 2
1759 1559 3
1822 1622 3
1985 1785 3
2008 1808 2
2046 1746 3
2106 1906 3
2344 2144 3
2347 2147 3
2986 2786 2
3043 2843 2
3089 2889 2
3192 2992 2
3300 3100 3
3327 3127 2
3393 3193 2
3562 3362 3
3688 3488 3
3832 3632 3
3838 3638 3
3901 3701 3
3909 3709 3
3955 3755 3
4117 3917 2
4121 3921 3
4137 3937 3
4139 3939 3
4152 3952 3
4182 3882 2
4206 4006 3
4336 4136 2
4510 4310 3
4512 4212 2
4518 4318 3
4834 4634 2
4870 4670 3
4923 4723 2
4963 4763 3
5033 4833 2
5125 4925 3
5409 5209 2
5664 5364 3
5673 5473 3
5688 5488 3
5721 5521 3
5730 5430 3
5880 5680 3
5917 5717 3
6042 5742 3
6054 5854 3
6169 5969 3
6252 5952 3
6841 6641 3
7077 6877 2
7139 6939 3
7572 7372 3
7603 7403 3
7620 7320 2
7752 7552 2
7759 7559 3
7805 7605 3
7848 7648 2
7937 7737 3
7938 7738 2
8287 8087 2
8351 8151 3
8401 8201 3
8599 8399 3
8703 8503 3
8775 8575 2
8829 8629 3
8955 8755 2
8963 8763 3
9142 8942 2
9168 8868 3
9312 9112 3
9373 9173 2
9396 9096 3
9555 9355 3
9558 9258 3
9763 9563 3
9819 9619 3
9858 9658 3
9930 9630 3
385 185 3
397 197 3
418 218 2
424 224 2
435 235 3
459 259 3
833 633 3
882 582 3
941 741 2
1084 884 3
1104 804 3
1281 1081 3
1306 1106 3
1320 1120 3
1360 1160 3
1456 1256 3
1626 1326 2
1791 1591 3
1793 1593 2
1853 1653 3
1888 1688 2
1953 1753 3
1974 1674 3
2232 1932 3
2253 2053 3
2277 2077 2
2351 2151 2
2405 2205 2
2652 2352 3
2866 2666 3
2914 2714 2
3270 2970 3
3274 3074 3
3342 3142 3
3485 3285 3
3486 3186 3
3786 3586 3
3907 3707 3
3954 3654 3
4014 3814 3
4152 3852 2
4260 4060 3
4278 3978 3
4309 4109 3
4380 4080 3
4398 4198 3
4463 4263 2
4497 4297 2
4565 4365 3
4660 4460 2
4749 4549 2
4872 4572 3
4931 4731 2
4932 4632 3
5074 4874 3
5157 4957 3
5203 5003 3
5634 5334 3
5686 5486 2
5787 5587 3
5842 5642 2
5862 5662 3
6034 5834 2
6135 5935 3
6197 5997 3
6348 6148 3
6414 6114 3
6431 6231 3
6454 6254 3
6630 6430 2
6679 6479 3
6718 6518 3
6726 6426 2
6765 6565 3
6774 6574 3
6791 6591 2
6917 6717 3
7159 6959 3
7200 7000 3
7354 7154 3
7410 7210 2
7613 7413 3
7745 7545 2
7834 7634 2
7842 7642 3
7847 7647 2
7935 7735 3
8124 7824 2
8440 8240 3
8542 8342 3
9136 8936 3
9137 8937 3
9353 9153 2
9369 9169 2
9545 9345 3
9605 9405 3
9738 9438 3
9795 9595 3
9924 9624 2
10194 9894 3
243 43 2
262 62 3
479 279 2
594 394 3
979 779 2
1054 854 2
1066 866 3
1102 902 2
1383 1183 3
1415 1215 2
1428 1228 3
1578 1278 3
1635 1435 3
1644 1444 3
1804 1604 3
1854 1554 2
2027 1827 2
2028 1828 3
2215 2015 3
2320 2120 3
2407 2207 3
2463 2263 3
2487 2287 3
2604 2304 3
2622 2322 3
2776 2576 3
2835 2635 2
2857 2657 2
2973 2773 3
2988 2788 3
3102 2902 2
3114 2814 3
3151 2951 3
3271 3071 3
3732 3532 3
3912 3712 3
3916 3716 3
4009 3809 2
4077 3877 3
4243 4043 2
4678 4478 3
4710 4410 2
4801 4601 3
4897 4697 3
5088 4888 3
5170 4970 3
5338 5138 3
5466 5266 3
5467 5267 2
5616 5316 3
5664 5364 2
5771 5571 3
5784 5484 3
5784 5484 3
5934 5634 3
6001 5801 2
6034 5834 3
6213 6013 3
6276 6076 3
6346 6146 3
6357 6157 2
6419 6219 3
6486 6286 3
6532 6332 3
6583 6383 3
6765 6565 2
6859 6659 2
6951 6751 3
7081 6881 3
7265 7065 2
7293 7093 3
7308 7108 3
7553 7353 3
7683 7483 3
7830 7630 3
7872 7572 3
7879 7679 3
7926 7726 3
8304 8004 3
8464 8264 2
8472 8272 3
8478 8178 2
8514 8314 2
8539 8339 3
8620 8420 3
8729 8529 2
8835 8635 3
9021 8821 3
9051 8851 3
9101 8901 3
9133 8933 3
9364 9164 3
9367 9167 3
9483 9283 2
9492 9192 2
9493 9293 2
9702 9502 2
9847 9647 3
9955 9755 3
10175 9975 3
562 362 2
643 443 2
711 511 3
847 647 3
889 689 3
1182 982 2
1188 888 3
1319 1119 2
1323 1123 3
1341 1141 3
1553 1353 3
1633 1433 3
1709 1509 2
1818 1618 3
1845 1645 2
1870 1670 3
1942 1742 3
2019 1819 3
2116 1916 3
2242 2042 2
2409 2209 3
2418 2218 2
2424 2124 2
2581 2381 3
2785 2585 3
2800 2600 3
2964 2664 2
3228 3028 2
3348 3048 2
3397 3197 3
3516 3316 3
3607 3407 2
3781 3581 3
3821 3621 3
3929 3729 3
3951 3751 3
4080 3780 3
4104 3804 3
4122 3922 3
4167 3967 2
4198 3998 3
4414 4214 3
4464 4164 3
4542 4342 3
4559 4359 3
4650 4350 2
4691 4491 3
4707 4507 2
4722 4422 3
4949 4749 3
5046 4846 2
5232 5032 3
5235 5035 3
5332 5132 3
5388 5088 3
5571 5371 3
5579 5379 3
5585 5385 2
5765 5565 3
5796 5596 3
5937 5737 3
5968 5768 2
5992 5792 3
6359 6159 2
6492 6292 3
6640 6440 3
6646 6446 2
6793 6593 3
6868 6668 2
7011 6811 2
7347 7147 3
7458 7158 3
7719 7519 3
7739 7539 3
7745 7545 3
7789 7589 3
7849 7649 3
7978 7778 3
8287 8087 2
8367 8167 2
8603 8403 3
8620 8420 3
8682 8382 3
8767 8567 3
8991 8791 3
9037 8837 2
9051 8851 2
9178 8978 3
9189 8989 3
9256 9056 3
9321 9121 3
9325 9125 3
9513 9313 3
9535 9335 2
9609 9409 3
9630 9430 2
9707 9507 3
9723 9523 3
9736 9536 3
9927 9727 3
214 14 3
352 152 2
402 202 3
574 374 2
606 306 2
630 330 2
955 755 3
1095 895 2
1139 939 3
1162 962 2
1251 1051 2
1348 1148 3
1434 1134 3
1464 1264 3
1483 1283 3
1500 1300 2
1536 1236 3
1589 1389 2
1667 1467 3
1695 1495 3
1782 1582 3
1867 1667 2
1951 1751 3
2106 1806 3
2200 2000 3
2242 2042 3
2319 2119 3
2382 2182 2
2389 2189 3
2550 2250 3
2653 2453 2
2910 2710 3
3088 2888 3
3114 2814 2
3183 2983 3
3227 3027 2
3465 3265 2
3534 3334 3
3537 3337 3
3653 3453 3
3675 3475 3
3793 3593 3
3822 3622 3
3948 3648 3
3987 3787 3
4109 3909 3
4194 3894 3
4345 4145 2
4347 4147 2
4398 4098 3
4589 4389 2
4641 4441 2
4653 4453 2
4746 4546 3
4827 4627 3
5135 4935 2
5155 4955 3
5309 5109 3
5335 5135 2
5340 5140 2
5626 5426 2
5640 5440 3
5712 5412 3
5831 5631 2
5862 5662 2
5963 5763 3
5986 5786 3
6246 6046 3
6424 6224 3
6424 6224 3
6515 6315 3
6672 6472 3
6713 6513 2
6972 6672 2
7054 6854 3
7087 6887 3
7236 6936 3
7344 7044 3
7440 7140 3
7536 7336 3
7614 7414 3
7745 7545 3
7992 7692 3
8045 7845 3
8269 8069 3
8379 8179 3
8524 8324 2
8538 8338 3
8671 8471 3
8893 8693 3
9053 8853 2
9061 8861 3
9126 8826 3
9299 9099 3
9507 9307 2
9600 9300 2
9778 9578 3
9915 9715 3
10057 9857 3
10068 9768 3
299 99 2
381 181 3
456 256 2
729 529 2
971 771 3
1109 909 3
1345 1145 3
1528 1328 3
1669 1469 3
1699 1499 3
1816 1616 3
1909 1709 3
1936 1736 3
2021 1821 2
2052 1752 3
2094 1894 3
2184 1884 3
2202 1902 3
2244 1944 3
2248 2048 2
2463 2263 2
2489 2289 3
2574 2374 3
2616 2316 3
2784 2484 3
3097 2897 3
3292 3092 3
3324 3124 3
3381 3181 3
3463 3263 3
3478 3278 2
3513 3313 3
3636 3436 3
3714 3514 2
3822 3622 3
3883 3683 2
3941 3741 3
3978 3678 3
4035 3835 3
4224 4024 3
4247 4047 3
4320 4120 3
4543 4343 3
4815 4615 3
5005 4805 3
5100 4900 3
5199 4999 3
5452 5252 3
5526 5326 3
5543 5343 3
5631 5431 3
5670 5370 3
5742 5442 3
5781 5581 3
6033 5833 2
6057 5857 3
6071 5871 2
6101 5901 2
6310 6110 3
6401 6201 3
6465 6265 2
6595 6395 2
6642 6342 3
6768 6468 3
6889 6689 3
7021 6821 3
7023 6823 3
7212 6912 2
7288 7088 3
7525 7325 2
7555 7355 2
7743 7543 2
7746 7446 3
7944 7644 3
7987 7787 2
8032 7832 2
8098 7898 2
8257 8057 2
8280 8080 3
8376 8076 3
8391 8191 3
8416 8216 2
8477 8277 3
8585 8385 3
8596 8396 2
8682 8482 3
8728 8528 2
8907 8707 3
8925 8725 2
9041 8841 3
9111 8911 2
9198 8998 2
9313 9113 3
9391 9191 3
9394 9194 3
9479 9279 3
9552 9352 3
9910 9710 3
10095 9895 3
10230 9930 3
441 241 3
576 376 3
744 544 3
781 581 3
847 647 3
855 655 2
977 777 3
1081 881 2
1098 798 3
1113 913 3
1165 965 2
1266 966 3
1525 1325 3
1843 1643 3
1893 1693 3
1963 1763 3
2106 1806 2
2369 2169 3
2428 2228 3
2743 2543 3
2818 2618 2
2878 2678 3
2981 2781 2
3054 2754 3
3163 2963 3
3202 3002 3
3858 3558 2
4002 3702 2
4026 3726 3
4219 4019 2
4260 3960 3
4380 4180 3
4521 4321 3
4537 4337 3
4745 4545 3
4792 4592 3
4813 4613 2
4846 4646 3
5113 4913 3
5178 4878 3
5195 4995 3
5293 5093 2
5323 5123 3
5439 5239 2
5478 5278 3
5553 5353 3
5640 5440 3
5831 5631 3
5897 5697 3
5904 5704 3
6234 5934 2
6426 6226 3
6612 6312 2
6612 6412 3
6696 6396 3
6739 6539 3
6753 6553 2
6882 6682 2
6918 6618 2
7095 6895 3
7264 7064 2
7311 7111 2
7344 7144 2
7350 7150 3
7482 7282 3
7775 7575 2
7882 7682 2
8304 8104 3
8322 8122 2
8371 8171 3
8376 8076 2
8433 8233 3
8512 8312 3
8531 8331 3
8550 8350 3
8616 8416 2
8652 8352 3
8779 8579 3
8865 8665 3
8934 8734 3
8974 8774 3
9052 8852 2
9090 8790 3
9162 8962 2
9199 8999 2
9300 9100 3
9333 9133 3
9379 9179 2
9444 9244 3
9541 9341 3
9574 9374 2
9589 9389 3
9687 9487 2
9720 9420 2
9805 9605 3
9843 9643 3
9942 9642 3
9964 9764 3
10098 9798 3
10260 9960 2
229 29 3
283 83 3
346 146 3
407 207 3
546 246 2
609 409 2
755 555 3
810 510 3
861 661 3
924 624 2
931 731 2
967 767 3
1042 842 2
1230 930 3
1303 1103 3
1512 1212 3
1518 1218 2
1595 1395 3
1597 1397 3
1620 1420 3
1633 1433 3
1860 1560 2
1997 1797 3
1998 1698 3
2027 1827 3
2056 1856 3
2130 1830 3
2218 2018 3
2359 2159 3
2542 2342 2
2557 2357 3
2627 2427 2
2695 2495 3
2827 2627 2
3103 2903 2
3343 3143 3
3495 3295 3
3503 3303 2
3568 3368 3
3587 3387 3
3633 3433 3
3675 3475 2
3873 3673 3
3935 3735 3
3937 3737 3
4077 3877 3
4309 4109 3
4423 4223 2
4494 4294 3
4512 4312 3
4589 4389 3
4693 4493 3
4749 4549 3
4779 4579 3
4831 4631 3
4841 4641 3
4997 4797 3
5075 4875 3
5088 4888 2
5121 4921 3
5242 5042 3
5339 5139 3
5545 5345 3
5548 5348 3
5568 5368 2
5797 5597 2
5976 5676 3
6006 5806 2
6183 5983 3
6375 6175 3
6522 6222 3
6525 6325 3
6643 6443 3
6870 6670 3
6895 6695 2
6959 6759 2
7038 6738 3
7074 6774 3
7289 7089 3
7428 7228 3
7743 7543 2
7771 7571 2
7776 7576 3
7793 7593 2
7866 7666 3
7975 7775 3
8023 7823 3
8208 7908 2
8231 8031 3
8286 8086 2
8620 8420 2
8628 8328 3
8779 8579 3
8842 8642 2
8992 8792 2
9215 9015 2
9411 9211 3
9493 9293 3
9540 9240 3
9804 9504 3
