200 100 435039
2 114 218
2 94 194
2 125 187
2 143 157
2 137 161
2 75 241
2 142 179
2 137 205
2 115 168
2 83 164
2 50 207
2 139 248
2 143 209
2 134 215
2 56 227
2 106 157
2 50 186
2 78 174
2 137 153
2 79 171
2 99 162
2 103 186
2 97 223
2 136 184
2 79 173
2 136 240
2 72 180
2 103 207
2 112 242
2 99 210
2 114 239
2 52 198
2 80 247
2 53 239
2 134 214
2 113 192
2 71 216
2 122 195
2 64 175
2 63 188
2 96 198
2 121 151
2 98 206
2 70 248
2 150 175
2 117 182
2 141 150
2 76 227
2 106 157
2 139 164
2 110 168
2 58 179
2 142 244
2 58 196
2 77 199
2 56 173
2 67 249
2 138 155
2 55 213
2 82 197
2 137 224
2 121 162
2 99 227
2 137 235
2 150 185
2 70 208
2 59 226
2 68 224
2 66 186
2 138 203
2 106 228
2 145 151
2 132 213
2 122 244
2 135 236
2 122 181
2 115 197
2 76 234
2 108 153
2 106 199
2 110 209
2 76 181
2 127 178
2 90 241
2 101 225
2 116 237
2 147 193
2 78 159
2 53 219
2 103 158
2 147 249
2 85 183
2 57 207
2 53 224
2 102 224
2 112 173
2 143 236
2 135 192
2 58 171
2 56 241
2711 2511 150
2955 2755 173
1884 1684 157
4314 4014 170
5333 5133 161
7969 7769 140
363 163 155
10075 9875 157
4671 4471 140
9831 9631 161
3447 3247 150
4909 4709 158
234 34 179
8598 8398 149
1003 803 175
8688 8488 148
1530 1230 166
6325 6125 168
895 695 164
7935 7735 164
4756 4556 142
5649 5449 152
2803 2603 191
9850 9650 173
253 53 171
4021 3821 176
3095 2895 179
7501 7301 190
1631 1431 185
2328 2128 161
7542 7242 157
8902 8702 157
3246 3046 181
9035 8835 161
1002 702 159
8629 8429 155
5875 5675 153
8727 8527 153
4746 4446 140
6987 6787 171
3433 3233 162
8219 8019 153
2417 2217 172
8145 7945 185
1470 1170 166
3129 2929 149
1972 1772 161
4308 4108 184
6721 6521 152
8373 8173 141
2797 2597 173
5842 5642 190
567 367 180
8911 8711 179
3571 3371 148
6991 6791 196
2958 2758 176
5982 5782 187
2317 2117 179
5806 5606 188
3859 3659 140
8880 8580 162
3516 3216 180
8009 7809 196
3309 3109 173
4722 4422 190
1899 1699 180
6348 6048 167
6249 6049 179
9257 9057 175
6334 6134 167
7074 6774 175
5333 5133 178
6456 6156 196
2689 2489 173
6552 6352 143
2074 1874 144
6987 6787 175
5604 5304 167
9865 9665 181
5814 5514 145
7452 7152 181
366 66 151
3438 3138 151
996 696 191
2178 1978 143
6781 6581 149
9955 9755 182
4005 3805 142
6274 6074 175
2032 1832 163
8866 8666 168
4441 4241 150
6540 6340 150
5346 5146 144
5993 5793 184
5328 5128 157
5742 5442 157
2641 2441 164
3175 2975 164
780 580 168
6696 6396 154
2153 1953 176
3900 3700 162
1414 1214 193
8867 8667 182
2993 2793 166
4099 3899 161
4378 4178 147
9516 9316 147
2077 1877 143
2751 2551 169
3659 3459 164
6684 6484 191
2592 2292 147
9657 9457 155
5866 5666 154
9768 9468 185
3481 3281 149
3612 3312 158
3066 2866 177
4462 4262 157
2980 2780 155
9051 8851 162
471 271 170
4195 3995 153
4848 4648 159
7950 7650 177
1597 1397 185
6906 6706 148
9011 8811 178
9957 9757 173
1932 1732 179
9492 9192 186
859 659 188
7861 7661 168
10007 9807 145
10272 9972 148
652 452 172
739 539 158
207 7 171
3634 3434 176
492 292 151
6502 6302 151
1918 1718 148
5262 4962 178
648 448 175
2994 2694 163
5613 5413 195
6123 5923 141
6346 6146 179
6564 6364 145
3384 3084 171
7740 7440 150
8872 8672 194
10071 9871 163
2609 2409 153
4287 4087 153
2519 2319 185
8142 7842 196
4588 4388 186
7398 7198 148
4685 4485 167
5280 4980 158
261 61 157
7943 7743 155
4422 4222 144
8253 8053 144
2307 2107 168
4566 4266 169
3027 2827 168
9756 9556 195
2364 2164 164
6138 5838 190
1771 1571 159
9917 9717 148
1835 1635 176
6101 5901 179
8965 8765 141
9171 8971 158
3305 3105 173
6699 6499 180
2693 2493 150
3930 3630 183
6915 6715 194
7236 7036 178
5149 4949 150
5874 5574 160
844 644 144
4069 3869 152
7055 6855 169
8886 8586 161
2373 2173 175
8454 8154 152
2824 2624 151
8337 8137 161
4060 3860 170
4191 3991 144
7818 7618 168
9028 8828 147
