1000 20 2380903
50 54 218
50 122 179
50 131 230
50 128 237
50 58 155
50 74 186
50 74 177
50 86 204
50 105 200
50 116 219
50 134 207
50 120 189
50 73 193
50 111 228
50 140 155
50 68 224
50 137 234
50 117 246
50 102 209
50 85 239
429 229 5
514 314 7
528 328 5
1329 1129 5
1399 1199 6
1584 1284 6
1667 1467 6
1956 1756 5
2178 1978 6
2395 2195 5
2411 2211 5
2472 2272 7
2629 2429 6
2826 2526 5
2839 2639 6
3175 2975 5
4132 3932 5
4248 4048 5
4369 4169 7
4437 4237 5
4524 4224 6
5255 5055 5
5302 5102 6
5338 5138 6
5493 5293 6
5755 5555 5
5869 5669 6
6155 5955 5
6286 6086 5
6294 5994 6
6437 6237 6
6503 6303 6
6601 6401 5
6647 6447 5
6792 6592 7
6832 6632 6
7393 7193 6
7638 7338 6
7732 7532 5
7939 7739 5
8119 7919 5
8226 7926 6
8259 8059 7
8688 8488 6
9001 8801 7
9009 8809 6
9047 8847 6
9065 8865 7
10021 9821 6
10155 9955 6
642 342 7
1119 919 5
1180 980 5
1283 1083 7
1715 1515 6
2058 1758 6
2163 1963 6
2802 2502 5
2806 2606 5
2833 2633 5
2838 2638 6
2839 2639 7
3066 2766 6
3990 3790 6
4374 4074 5
4420 4220 7
4515 4315 5
4552 4352 5
4589 4389 5
4641 4441 7
4716 4416 6
4852 4652 6
4895 4695 6
5007 4807 7
5010 4710 7
5153 4953 6
5226 5026 5
5538 5338 6
5550 5250 5
5841 5641 5
5988 5788 5
6153 5953 5
6226 6026 6
6234 5934 5
7272 6972 6
7573 7373 5
8106 7906 6
8232 7932 7
8343 8143 5
8358 8158 5
8566 8366 6
8592 8292 5
8610 8410 6
8727 8527 6
9025 8825 5
9135 8935 5
9394 9194 5
9569 9369 6
9597 9397 7
9628 9428 5
251 51 6
702 402 5
1164 864 5
1194 994 5
2187 1987 5
2697 2497 7
3280 3080 6
3300 3100 6
3684 3484 5
3786 3486 5
3927 3727 6
4167 3967 6
4284 3984 6
4287 4087 6
4387 4187 5
4403 4203 7
4678 4478 6
4813 4613 5
4841 4641 5
4919 4719 5
5001 4801 5
5123 4923 5
6049 5849 5
6183 5983 5
6258 6058 6
6276 6076 5
6462 6162 5
6527 6327 6
6532 6332 5
6762 6462 5
6792 6592 6
6978 6778 5
6996 6696 6
7081 6881 5
7147 6947 5
7255 7055 6
7375 7175 5
7563 7363 5
7785 7585 5
7855 7655 6
8010 7810 6
8128 7928 6
8148 7848 5
8434 8234 6
8746 8546 6
9001 8801 5
9113 8913 6
9444 9244 5
9503 9303 6
10045 9845 5
437 237 6
462 162 6
851 651 6
901 701 6
961 761 6
1044 744 7
1119 919 7
1147 947 6
1217 1017 6
1559 1359 6
1791 1591 6
2065 1865 6
2266 2066 5
2273 2073 6
2448 2148 5
2514 2214 5
2949 2749 6
3108 2808 7
3131 2931 7
3564 3264 6
4552 4352 6
5310 5110 6
5548 5348 7
5551 5351 5
5761 5561 5
6054 5854 6
6444 6244 5
6796 6596 5
6843 6643 5
6951 6751 5
7015 6815 6
7201 7001 7
7362 7062 6
7908 7608 5
7908 7708 6
7995 7795 5
8255 8055 7
8332 8132 6
8544 8344 6
8898 8598 6
9175 8975 5
9370 9170 7
9502 9302 5
9576 9276 7
9627 9427 5
9711 9511 5
9721 9521 6
9804 9504 5
9995 9795 5
9996 9696 6
268 68 7
381 181 6
408 208 6
547 347 7
575 375 5
733 533 5
898 698 6
1285 1085 6
1363 1163 5
1491 1291 5
1813 1613 5
1845 1645 6
1854 1654 5
1947 1747 5
2175 1975 5
2379 2179 6
2838 2538 6
2913 2713 6
2940 2640 6
3287 3087 6
3300 3100 5
3334 3134 6
3371 3171 7
3730 3530 6
3846 3646 5
3981 3781 5
4530 4330 6
5280 5080 7
5521 5321 7
5535 5335 6
5622 5322 5
5835 5635 5
6078 5778 7
6400 6200 7
6474 6174 7
6531 6331 7
7026 6826 5
7186 6986 6
7375 7175 6
7764 7564 5
8044 7844 5
8623 8423 6
8652 8452 7
8857 8657 5
8970 8670 7
9012 8712 6
9315 9115 5
9846 9646 5
9906 9606 6
9909 9709 6
229 29 6
517 317 6
615 415 6
678 378 6
867 667 7
1272 972 5
1341 1141 6
1450 1250 6
1471 1271 6
1767 1567 6
2184 1984 5
2311 2111 5
2523 2323 5
2742 2442 5
2767 2567 5
2999 2799 5
3013 2813 5
3195 2995 6
3238 3038 6
3311 3111 6
3347 3147 6
3420 3120 5
4111 3911 5
4122 3822 6
4170 3870 5
4565 4365 5
5601 5401 6
5668 5468 7
6172 5972 6
6582 6382 5
6666 6366 6
7342 7142 5
7572 7272 5
7685 7485 6
7817 7617 7
8004 7804 5
8407 8207 6
8500 8300 6
8578 8378 5
9035 8835 6
9043 8843 5
9100 8900 7
9118 8918 5
9156 8956 6
9161 8961 6
9264 9064 6
9539 9339 6
9761 9561 6
9769 9569 5
9965 9765 5
383 183 5
550 350 5
781 581 5
1045 845 6
1419 1219 5
1961 1761 5
2041 1841 5
2047 1847 5
2286 1986 5
2472 2272 5
2727 2527 7
2776 2576 5
2779 2579 5
2952 2752 5
3112 2912 5
3359 3159 7
3729 3529 6
4431 4231 5
4474 4274 5
4485 4285 6
4493 4293 7
5004 4704 5
5220 4920 6
5277 5077 5
5350 5150 5
5531 5331 6
5785 5585 6
5833 5633 6
5857 5657 5
5895 5695 5
5925 5725 5
6156 5956 7
6228 6028 6
6255 6055 6
7069 6869 7
7536 7336 5
7691 7491 6
7713 7513 6
7723 7523 5
7834 7634 5
7959 7759 6
8005 7805 5
8736 8536 6
8938 8738 6
9211 9011 5
9504 9304 5
9624 9424 7
9645 9445 5
9748 9548 5
9930 9630 6
366 66 6
822 622 6
1061 861 6
1227 1027 5
1252 1052 6
2017 1817 5
2052 1752 5
2165 1965 6
2412 2212 6
2453 2253 5
2657 2457 7
2826 2626 6
2843 2643 5
2903 2703 5
3267 3067 5
3360 3060 5
3498 3198 6
3552 3352 5
3742 3542 6
4081 3881 7
4284 3984 7
4517 4317 7
4569 4369 6
4765 4565 6
4830 4630 5
5458 5258 6
5539 5339 6
5597 5397 6
5859 5659 6
5916 5716 7
6239 6039 5
6258 5958 6
6607 6407 7
6726 6426 6
6840 6540 6
7506 7306 6
7542 7342 5
7683 7483 6
7775 7575 6
7905 7705 6
8394 8194 6
8733 8533 7
8941 8741 5
9353 9153 7
9432 9232 6
9468 9168 5
9678 9478 6
9804 9604 5
10059 9859 5
10167 9967 6
960 660 6
1048 848 6
1205 1005 5
1212 912 5
1350 1050 7
1428 1128 6
1789 1589 5
1913 1713 7
2016 1716 7
2112 1912 6
2266 2066 6
2448 2148 5
2448 2248 5
3113 2913 5
3552 3352 5
3606 3406 6
3715 3515 5
3888 3588 6
4510 4310 6
4693 4493 6
4722 4422 6
4971 4771 5
5484 5184 5
5543 5343 6
5805 5605 6
5983 5783 5
6031 5831 6
6130 5930 6
6166 5966 5
6649 6449 6
6791 6591 5
6910 6710 6
7101 6901 5
7134 6834 5
7194 6894 6
7231 7031 5
7398 7098 6
8063 7863 6
8500 8300 5
8615 8415 6
8845 8645 5
8862 8562 5
8919 8719 5
8923 8723 7
8981 8781 5
9178 8978 6
9318 9118 5
9527 9327 6
10097 9897 7
10290 9990 6
240 40 6
750 550 5
919 719 5
934 734 6
1026 726 5
1036 836 5
1300 1100 6
1426 1226 5
1476 1176 5
1669 1469 6
1846 1646 6
1991 1791 7
2100 1900 7
2142 1942 6
2179 1979 6
2472 2272 5
2608 2408 6
2643 2443 5
3511 3311 6
3664 3464 5
3996 3696 5
4023 3823 6
4398 4098 6
4417 4217 5
4677 4477 7
4769 4569 5
4875 4675 6
5159 4959 5
5603 5403 5
5627 5427 5
5710 5510 6
5872 5672 6
5940 5740 7
5994 5694 6
6099 5899 6
6637 6437 6
6663 6463 5
7033 6833 7
7146 6946 5
7173 6973 5
7189 6989 6
7620 7420 6
7654 7454 6
7722 7422 6
7809 7609 6
8303 8103 5
8502 8202 6
8803 8603 6
9879 9679 7
10218 9918 5
389 189 5
711 511 6
921 721 6
1579 1379 6
1848 1548 6
2319 2119 7
2653 2453 7
2802 2502 7
2813 2613 6
3150 2850 6
3193 2993 5
3444 3144 5
3505 3305 6
3619 3419 7
3767 3567 7
3953 3753 5
4050 3750 5
4164 3864 6
4234 4034 5
4271 4071 5
4398 4098 7
4579 4379 6
4759 4559 5
4799 4599 5
4842 4642 6
5125 4925 6
5203 5003 5
5259 5059 7
5457 5257 6
5556 5356 6
5921 5721 6
6276 6076 6
6297 6097 6
6513 6313 5
6533 6333 5
6671 6471 5
7050 6750 6
7288 7088 5
7290 7090 6
7378 7178 6
7624 7424 6
7758 7558 6
7818 7518 6
8045 7845 6
8092 7892 6
8632 8432 6
8670 8470 6
8885 8685 6
9031 8831 6
10150 9950 6
493 293 5
555 355 6
665 465 5
804 604 5
1098 898 5
1155 955 5
1185 985 6
1211 1011 6
1357 1157 6
1438 1238 6
1651 1451 5
1692 1492 6
1824 1624 7
2050 1850 5
2113 1913 7
2184 1884 6
2643 2443 6
2676 2376 7
2707 2507 6
2718 2518 7
2823 2623 7
3156 2856 6
3217 3017 5
3497 3297 7
3574 3374 6
3672 3472 7
3701 3501 5
4134 3934 6
4480 4280 7
4545 4345 5
4948 4748 6
5263 5063 6
5610 5410 5
6173 5973 6
6307 6107 5
6863 6663 6
6936 6636 6
7266 6966 6
7315 7115 6
7350 7050 5
7404 7104 7
7792 7592 7
7813 7613 5
8271 8071 5
8392 8192 5
8424 8224 7
8688 8388 5
8748 8448 5
9355 9155 7
9696 9496 7
228 28 7
249 49 5
300 100 6
441 241 6
532 332 6
582 282 6
606 406 7
735 535 7
901 701 6
1303 1103 5
1471 1271 5
1697 1497 5
1866 1566 6
2076 1876 6
2565 2365 6
2716 2516 7
2767 2567 6
3528 3228 5
3630 3330 6
3648 3348 5
3678 3478 5
3959 3759 5
4137 3937 5
4331 4131 5
4474 4274 6
4476 4276 6
4549 4349 5
4735 4535 6
4782 4482 5
4846 4646 5
4989 4789 5
5106 4806 7
5164 4964 7
5262 4962 6
5531 5331 6
5704 5504 5
5850 5650 6
6867 6667 5
7197 6997 7
7311 7111 5
7339 7139 6
7852 7652 5
8159 7959 6
8331 8131 7
8466 8266 5
8597 8397 5
8919 8719 6
9349 9149 6
9648 9348 5
10002 9702 7
408 208 6
844 644 6
1123 923 7
1188 988 7
1302 1002 6
1408 1208 7
2016 1716 6
2182 1982 5
2656 2456 5
2760 2460 5
3241 3041 5
3360 3160 6
3462 3262 5
3592 3392 6
3600 3400 5
3610 3410 5
4074 3774 7
4239 4039 5
4353 4153 5
4492 4292 6
4632 4332 6
4635 4435 7
4714 4514 5
4963 4763 5
5243 5043 6
5309 5109 5
5460 5260 6
5639 5439 5
5837 5637 5
6102 5802 5
6209 6009 6
6263 6063 6
6270 6070 6
6657 6457 5
6888 6688 6
6897 6697 6
7113 6913 6
7884 7584 6
8046 7846 5
8281 8081 6
8370 8170 7
8391 8191 6
8410 8210 5
8805 8605 5
9263 9063 6
9269 9069 6
9294 8994 5
9729 9529 5
9792 9492 5
10174 9974 6
594 294 6
641 441 6
669 469 6
723 523 7
1009 809 6
1021 821 5
1128 928 5
1265 1065 6
1489 1289 5
1575 1375 5
1585 1385 6
1776 1476 5
1798 1598 5
2089 1889 6
2290 2090 6
2317 2117 6
2508 2208 5
2688 2488 6
3274 3074 5
3606 3406 5
3700 3500 7
3761 3561 7
4063 3863 6
4273 4073 5
4452 4152 5
4578 4378 6
5227 5027 5
5320 5120 5
5859 5659 7
6726 6426 6
6757 6557 6
6844 6644 5
7068 6868 6
7341 7141 5
7527 7327 5
7594 7394 7
7902 7602 6
7944 7744 7
8196 7896 6
8328 8028 5
8529 8329 6
8616 8316 5
8815 8615 5
9125 8925 7
9174 8874 5
9202 9002 5
9294 8994 7
9630 9430 6
9792 9492 5
10110 9810 6
456 256 7
479 279 7
857 657 5
971 771 5
1231 1031 6
1273 1073 6
1350 1050 7
1488 1288 6
1686 1386 5
1704 1404 6
1956 1656 6
2129 1929 6
2155 1955 6
2200 2000 6
2277 2077 5
2463 2263 5
2656 2456 5
3066 2766 6
3186 2886 5
3403 3203 6
3510 3210 7
3595 3395 5
4575 4375 5
4894 4694 5
5536 5336 5
5859 5659 5
5970 5770 5
6035 5835 5
6161 5961 5
6413 6213 6
6471 6271 5
6795 6595 5
6888 6588 6
7103 6903 5
7121 6921 5
7146 6946 5
7314 7014 6
7740 7440 5
7864 7664 6
7925 7725 6
8004 7804 5
8010 7810 5
9306 9006 6
9345 9145 5
9385 9185 7
9465 9265 5
9485 9285 5
9833 9633 5
10011 9811 5
10066 9866 5
557 357 6
881 681 5
1132 932 6
1331 1131 5
1410 1110 6
1613 1413 7
1674 1474 7
1793 1593 5
1819 1619 6
2250 1950 6
2349 2149 5
2737 2537 5
2791 2591 5
3234 3034 6
3275 3075 6
3492 3192 6
3611 3411 6
3844 3644 6
4134 3834 5
4606 4406 7
4789 4589 6
5027 4827 6
5041 4841 6
5190 4990 6
5325 5125 5
5751 5551 5
5907 5707 5
5913 5713 6
5928 5628 5
5974 5774 5
6000 5800 6
6321 6121 6
6619 6419 5
6634 6434 6
7056 6756 5
7749 7549 5
7817 7617 5
8202 7902 5
8490 8290 6
8502 8202 6
8625 8425 5
8730 8430 6
9025 8825 6
9192 8992 5
9279 9079 6
9408 9208 6
9582 9282 6
9912 9712 6
9996 9796 5
10165 9965 5
336 136 7
1293 1093 6
1326 1126 6
1608 1308 5
1939 1739 6
1945 1745 6
2040 1840 6
2434 2234 6
2448 2248 6
2635 2435 5
2653 2453 6
2934 2634 7
3039 2839 5
3336 3136 5
3399 3199 6
3408 3208 5
3549 3349 7
3617 3417 6
4398 4198 6
4583 4383 6
4836 4636 5
5339 5139 6
5956 5756 6
5977 5777 6
6114 5814 6
6210 5910 6
6228 6028 6
6231 6031 6
6316 6116 6
6545 6345 6
6639 6439 7
6789 6589 5
6882 6682 5
6996 6696 5
7121 6921 7
7152 6952 5
7234 7034 6
7290 6990 5
7683 7483 5
7930 7730 5
8015 7815 6
8211 8011 6
8265 8065 5
8476 8276 5
8477 8277 6
8727 8527 5
8739 8539 6
8946 8646 7
10032 9832 5
10151 9951 7
217 17 5
222 22 6
667 467 7
762 562 5
792 492 5
880 680 7
1011 811 6
1122 822 6
1253 1053 5
1318 1118 5
1549 1349 6
1956 1656 6
2322 2022 5
2406 2106 6
2430 2130 5
2472 2272 6
2544 2244 6
2736 2436 7
2801 2601 7
2874 2674 5
3084 2884 5
3390 3090 7
4110 3910 7
4456 4256 6
4560 4260 5
4650 4350 5
4723 4523 6
5656 5456 5
5779 5579 5
6035 5835 6
6245 6045 7
6252 5952 6
6267 6067 6
6299 6099 6
6378 6078 6
6718 6518 5
6784 6584 5
7248 6948 7
7265 7065 5
7600 7400 5
7860 7560 5
7980 7780 6
8501 8301 6
8903 8703 6
8976 8676 7
9342 9142 5
9460 9260 7
9845 9645 6
9886 9686 6
10068 9868 5
262 62 6
348 148 6
378 178 6
678 478 5
857 657 5
858 558 5
1069 869 5
1648 1448 5
1810 1610 5
1861 1661 7
1921 1721 6
2136 1836 6
2189 1989 6
2355 2155 6
2669 2469 5
2808 2508 6
2916 2616 6
3125 2925 6
3531 3331 5
3570 3270 6
3591 3391 6
3706 3506 5
3761 3561 5
3774 3574 6
3839 3639 7
4290 4090 6
4842 4542 6
4927 4727 7
6103 5903 5
6255 6055 5
6341 6141 5
6429 6229 6
6858 6558 6
7087 6887 5
7143 6943 6
7699 7499 6
8013 7813 6
8023 7823 6
8028 7728 5
8382 8182 5
8704 8504 5
8994 8794 6
9009 8809 5
9245 9045 5
9259 9059 5
9342 9142 6
9348 9148 5
9372 9072 5
9837 9637 6
9954 9654 6
