500 20 1061260
25 149 242
25 134 164
25 98 217
25 67 184
25 102 197
25 90 215
25 93 244
25 106 180
25 67 164
25 115 150
25 148 162
25 135 172
25 121 197
25 141 233
25 79 220
25 118 225
25 125 173
25 91 181
25 58 216
25 128 155
251 51 11
462 262 12
859 659 11
1494 1194 15
2007 1807 12
2074 1874 13
2833 2633 14
3451 3251 13
3623 3423 14
3910 3710 14
4248 4048 15
4264 4064 12
4770 4570 11
5335 5135 12
5741 5541 13
6645 6445 11
6832 6632 13
6989 6789 11
7014 6714 11
7399 7199 12
7797 7597 15
8155 7955 11
8472 8272 11
8933 8733 14
9915 9715 14
414 114 11
576 276 12
738 538 13
942 642 13
942 642 14
1092 892 13
2581 2381 12
4065 3865 13
4501 4301 12
4705 4505 13
5255 5055 12
5629 5429 11
5691 5491 15
5967 5767 11
6339 6139 14
6795 6595 15
7348 7148 15
7901 7701 15
8314 8114 12
8440 8240 12
8477 8277 12
8862 8562 15
8955 8755 13
9526 9326 12
9685 9485 13
526 326 13
594 294 13
1302 1002 15
1529 1329 11
1642 1442 13
2022 1722 14
2028 1728 11
2202 1902 14
2491 2291 15
2879 2679 15
2883 2683 14
3137 2937 14
3942 3742 12
4205 4005 14
4234 4034 15
4252 4052 12
4595 4395 12
5494 5294 13
5568 5268 14
5895 5695 13
5931 5731 15
7355 7155 13
7393 7193 14
7775 7575 14
8341 8141 14
760 560 14
1896 1696 14
1947 1747 12
2242 2042 13
2542 2342 13
2553 2353 13
2827 2627 15
3132 2932 11
4074 3774 12
4257 4057 14
4512 4312 12
5013 4813 15
6041 5841 12
6514 6314 11
7092 6792 13
7177 6977 12
7227 7027 12
7521 7321 11
7768 7568 13
7973 7773 14
8586 8386 14
8863 8663 13
9787 9587 14
9925 9725 12
9959 9759 14
213 13 14
803 603 12
1114 914 15
1513 1313 14
1647 1447 12
1671 1471 13
1949 1749 11
2283 2083 13
2382 2082 12
2928 2728 11
3936 3736 14
4737 4537 11
4861 4661 13
5013 4813 14
5508 5208 13
5617 5417 11
5748 5548 15
5831 5631 13
6193 5993 11
7158 6958 12
7290 6990 14
8160 7860 13
8472 8272 15
8941 8741 14
9882 9682 13
255 55 14
417 217 13
744 444 11
1647 1447 11
1725 1525 11
1782 1482 12
1929 1729 13
2164 1964 14
2368 2168 11
2580 2280 13
3054 2754 14
3209 3009 12
3587 3387 11
3805 3605 12
4153 3953 12
4936 4736 13
5201 5001 12
6328 6128 13
6569 6369 15
6733 6533 12
6756 6456 13
7683 7483 14
8947 8747 13
9052 8852 12
9448 9248 13
390 190 14
621 421 13
2115 1915 15
2278 2078 13
2298 2098 14
2518 2318 14
3234 3034 14
3430 3230 12
3705 3505 14
3715 3515 14
4845 4645 15
4849 4649 13
4949 4749 12
5091 4891 14
5119 4919 13
5653 5453 11
5961 5761 14
6577 6377 14
6585 6385 15
7126 6926 11
7151 6951 13
7738 7538 12
8080 7880 13
9107 8907 12
9205 9005 11
631 431 14
915 715 11
936 636 14
1932 1732 12
2028 1828 13
2556 2356 11
2787 2587 15
2988 2688 14
3030 2830 15
3336 3136 12
4073 3873 12
4632 4432 15
4650 4450 12
4727 4527 15
5199 4999 11
6145 5945 14
6559 6359 11
7020 6820 13
7683 7483 13
7812 7512 13
8191 7991 13
8441 8241 11
8748 8448 13
9135 8935 11
9972 9772 13
964 764 11
1350 1150 13
2856 2656 13
3282 2982 14
3454 3254 14
3646 3446 12
3765 3565 11
4630 4430 11
4674 4474 12
4812 4612 12
4839 4639 13
4921 4721 13
5526 5326 14
5566 5366 11
5626 5426 12
6394 6194 15
6576 6276 13
7776 7576 15
7854 7554 11
8310 8010 14
8496 8296 11
8868 8568 14
9349 9149 14
9851 9651 12
10074 9874 12
490 290 11
804 504 11
832 632 13
1548 1348 12
2334 2034 14
2586 2386 12
3114 2814 14
4236 3936 14
4781 4581 14
5616 5416 12
5909 5709 14
6005 5805 15
6024 5724 13
6153 5953 11
7326 7126 11
7332 7132 11
7660 7460 15
7721 7521 14
7841 7641 13
8488 8288 11
8526 8326 15
8877 8677 12
8880 8680 15
8927 8727 13
9244 9044 11
267 67 11
697 497 11
1248 948 14
1327 1127 13
1486 1286 15
1577 1377 14
1614 1414 13
1630 1430 14
2481 2281 15
2952 2752 13
3114 2814 13
4264 4064 13
4401 4201 12
4669 4469 15
5261 5061 14
5638 5438 11
5868 5568 14
6184 5984 13
6186 5886 13
7389 7189 11
7863 7663 13
7887 7687 11
8586 8286 11
9057 8857 12
9772 9572 13
232 32 11
378 178 11
792 592 11
2232 1932 15
2341 2141 15
2688 2388 15
2899 2699 15
3234 2934 15
3280 3080 14
3288 2988 12
3775 3575 15
4047 3847 13
4213 4013 13
4326 4026 15
5658 5358 14
6210 6010 13
6701 6501 12
6859 6659 12
7735 7535 13
7907 7707 11
8128 7928 11
8171 7971 12
8701 8501 13
9839 9639 14
9889 9689 12
815 615 11
1824 1624 15
1896 1696 13
2440 2240 13
2583 2383 11
2670 2370 14
2928 2728 12
3132 2932 14
3243 3043 11
3647 3447 14
3683 3483 13
4302 4102 12
4321 4121 11
4809 4609 11
4980 4780 12
5001 4801 13
5212 5012 14
5673 5473 12
6438 6138 13
6523 6323 14
6637 6437 13
7110 6910 14
7242 6942 15
8536 8336 12
9094 8894 14
486 186 12
846 646 13
997 797 14
1017 817 14
1071 871 12
2867 2667 14
2886 2686 12
3304 3104 11
3327 3127 15
3400 3200 12
3844 3644 12
4162 3962 12
4277 4077 14
4362 4162 12
4385 4185 12
4971 4771 15
5806 5606 11
6678 6478 12
6688 6488 13
8058 7858 12
8340 8140 12
8500 8300 12
8507 8307 12
8679 8479 15
10155 9955 14
377 177 14
592 392 14
774 474 12
1117 917 13
1199 999 11
1684 1484 12
2232 2032 13
3301 3101 12
3414 3114 13
3666 3466 12
3731 3531 13
3906 3606 12
5350 5150 11
5668 5468 14
5763 5563 14
5941 5741 14
6005 5805 14
6115 5915 13
6772 6572 12
7680 7380 14
7954 7754 14
8220 8020 12
8580 8280 14
9072 8772 15
9803 9603 12
342 142 13
492 192 14
930 630 14
1177 977 13
1495 1295 13
2269 2069 11
2400 2200 12
2421 2221 12
2434 2234 14
2670 2370 13
2820 2620 15
3718 3518 11
3895 3695 14
4255 4055 13
5071 4871 12
5904 5604 11
6334 6134 13
6345 6145 13
7402 7202 12
7741 7541 14
8587 8387 14
8634 8434 11
9210 8910 13
9497 9297 14
9594 9394 15
947 747 12
1083 883 11
1373 1173 11
1602 1402 12
1680 1480 13
2370 2070 15
2865 2665 14
3105 2905 12
3712 3512 13
4315 4115 12
4971 4771 14
5458 5258 14
6120 5920 12
7035 6835 14
7302 7002 11
7746 7446 11
7979 7779 13
8278 8078 15
8441 8241 15
8747 8547 14
9168 8868 12
9571 9371 14
9683 9483 13
9720 9520 15
10138 9938 15
1056 856 12
1714 1514 11
2392 2192 14
2490 2190 12
2614 2414 13
2773 2573 15
3029 2829 11
3094 2894 13
3852 3552 13
4111 3911 13
5519 5319 13
5529 5329 13
5749 5549 12
5867 5667 12
6839 6639 12
7098 6898 11
8080 7880 13
8471 8271 12
8730 8530 11
8748 8448 15
8754 8554 12
9148 8948 13
9543 9343 15
10097 9897 12
10180 9980 11
312 112 13
1516 1316 14
1548 1348 12
1678 1478 15
1864 1664 13
1984 1784 12
2159 1959 12
2748 2548 15
3954 3654 13
4674 4474 13
4710 4510 13
4756 4556 13
4783 4583 13
4913 4713 13
5315 5115 13
5380 5180 13
5430 5130 14
5829 5629 15
5845 5645 15
6192 5992 11
6307 6107 15
6436 6236 13
7282 7082 13
8188 7988 14
9589 9389 13
604 404 13
1050 750 14
1369 1169 14
2217 2017 13
2471 2271 11
2555 2355 11
2907 2707 14
3835 3635 15
3993 3793 14
4014 3714 12
4317 4117 14
5146 4946 12
5255 5055 14
5687 5487 11
5802 5602 12
6900 6700 12
7140 6940 14
8736 8436 12
8826 8526 15
8991 8791 11
9300 9100 12
9457 9257 15
9622 9422 11
9625 9425 15
9981 9781 13
