500 20 123054
25 142 196
25 132 188
25 119 241
25 128 194
25 73 208
25 84 157
25 67 163
25 68 172
25 90 201
25 93 207
25 116 160
25 73 183
25 105 247
25 56 175
25 133 157
25 64 151
25 124 214
25 128 239
25 141 179
25 144 165
210 10 10
282 82 10
293 93 11
295 95 10
317 117 13
389 189 11
405 205 13
425 225 11
472 272 12
522 322 11
527 327 10
585 385 11
618 418 12
618 418 13
665 465 11
683 483 11
705 505 11
708 408 11
771 571 13
887 687 13
995 795 12
1003 803 12
1059 859 13
1157 957 12
1242 942 10
217 17 10
298 98 12
303 103 10
305 105 12
341 141 10
357 157 12
472 272 13
477 277 10
495 295 12
511 311 13
570 270 10
593 393 13
709 509 11
802 602 13
862 662 13
882 682 10
1005 805 12
1014 714 12
1066 866 10
1081 881 13
1132 932 10
1167 967 13
1194 994 12
1198 998 12
1212 912 11
234 34 11
301 101 13
318 118 14
437 237 11
486 186 10
522 222 10
593 393 11
633 433 11
646 446 11
658 458 11
669 469 11
723 523 10
741 541 10
747 547 10
801 601 11
817 617 12
844 644 13
895 695 12
1002 702 11
1056 756 10
1083 883 13
1117 917 10
1132 932 11
1155 955 10
1161 961 10
240 40 12
264 64 13
322 122 12
333 133 13
370 170 11
388 188 10
412 212 11
429 229 11
462 162 12
485 285 10
534 334 10
567 367 11
593 393 10
594 294 12
732 432 13
792 592 12
797 597 12
825 625 10
828 528 11
850 650 12
870 570 12
922 722 12
1038 738 14
1129 929 12
1167 967 10
234 34 13
238 38 12
336 36 11
443 243 11
543 343 13
623 423 11
630 430 13
642 342 12
659 459 11
757 557 13
766 566 12
767 567 14
780 580 13
810 610 11
814 614 13
817 617 10
828 628 10
835 635 12
924 724 12
996 696 11
1080 880 11
1098 898 10
1108 908 14
1144 944 11
1153 953 12
228 28 10
305 105 13
318 118 13
342 42 12
390 190 14
396 96 10
413 213 12
503 303 10
522 322 11
547 347 10
570 270 12
585 385 12
594 294 13
732 532 13
791 591 11
816 516 13
828 628 13
899 699 12
919 719 11
1054 854 11
1102 902 13
1103 903 14
1110 910 13
1163 963 10
1167 967 12
318 118 10
353 153 10
371 171 10
447 247 11
479 279 11
511 311 12
534 334 14
624 324 10
624 324 10
774 474 11
814 614 11
889 689 10
893 693 13
900 600 10
904 704 12
911 711 11
985 785 13
1013 813 11
1031 831 11
1129 929 13
1144 944 10
1164 864 12
1185 985 10
1193 993 11
1242 942 12
281 81 13
283 83 10
300 100 12
401 201 12
413 213 10
468 268 13
527 327 11
569 369 14
570 370 13
592 392 11
640 440 11
773 573 13
805 605 12
813 613 10
817 617 14
822 622 10
822 622 13
858 558 12
954 654 12
987 787 11
1051 851 10
1060 860 12
1060 860 13
1096 896 12
1105 905 11
269 69 11
322 122 13
345 145 13
366 66 10
468 268 11
508 308 12
522 222 12
635 435 11
649 449 10
691 491 12
702 402 11
735 535 12
759 559 11
795 595 10
833 633 12
857 657 11
864 564 10
921 721 13
953 753 12
1032 832 12
1039 839 12
1056 756 11
1063 863 12
1180 980 11
1186 986 11
215 15 12
233 33 14
238 38 13
267 67 10
391 191 12
400 200 10
427 227 13
433 233 13
465 265 10
517 317 10
528 228 11
538 338 12
550 350 10
564 364 11
576 276 12
594 394 13
600 300 13
603 403 11
630 330 11
654 354 11
922 722 10
984 684 10
1044 844 13
1152 952 10
1248 948 10
286 86 11
287 87 10
295 95 11
306 106 13
373 173 11
405 205 13
445 245 11
445 245 12
469 269 13
597 397 10
604 404 11
669 469 12
738 538 10
774 474 11
778 578 11
822 622 11
828 528 10
870 570 13
894 694 13
999 799 10
1042 842 12
1098 798 11
1098 898 10
1110 910 13
1129 929 13
271 71 11
279 79 13
387 187 10
414 214 12
443 243 10
448 248 10
493 293 11
508 308 10
522 222 11
597 397 11
624 324 14
645 445 13
705 505 13
726 426 12
771 571 12
774 474 10
828 528 13
864 664 12
865 665 10
885 685 11
987 787 13
1020 820 11
1036 836 11
1131 931 13
1278 978 13
202 2 11
216 16 13
420 220 13
437 237 10
516 216 10
531 331 13
540 340 10
567 367 10
609 409 12
619 419 11
726 526 10
732 532 14
742 542 10
817 617 12
865 665 11
865 665 12
888 688 13
936 636 12
1069 869 12
1109 909 10
1121 921 13
1131 931 13
1169 969 12
1242 942 11
1248 948 10
268 68 12
286 86 10
315 115 13
327 127 12
330 130 10
401 201 12
403 203 12
495 295 11
537 337 11
597 397 11
601 401 13
619 419 13
640 440 12
696 396 12
705 505 12
736 536 12
846 546 10
939 739 11
984 684 10
996 696 10
1026 726 10
1061 861 10
1084 884 11
1169 969 11
1236 936 10
234 34 10
301 101 11
306 6 11
318 18 11
324 24 13
331 131 13
366 66 12
519 319 10
588 288 11
630 330 12
636 336 11
648 348 10
653 453 12
702 402 13
715 515 11
791 591 13
798 598 13
802 602 10
814 614 12
821 621 14
946 746 13
973 773 13
1008 708 10
1023 823 12
1147 947 14
226 26 10
239 39 10
299 99 11
389 189 12
405 205 10
462 262 12
582 282 13
679 479 13
733 533 12
820 620 12
825 625 10
828 528 13
841 641 13
864 664 10
891 691 12
895 695 10
957 757 12
1002 702 11
1068 868 10
1072 872 13
1117 917 13
1137 937 12
1147 947 11
1161 961 10
1200 900 13
237 37 10
263 63 13
268 68 12
276 76 12
305 105 11
381 181 12
515 315 13
516 316 13
631 431 11
640 440 12
665 465 12
665 465 13
731 531 12
760 560 10
760 560 11
808 608 14
832 632 10
858 658 13
861 661 12
901 701 10
1047 847 11
1071 871 11
1091 891 11
1157 957 12
1181 981 12
283 83 14
286 86 13
337 137 14
353 153 13
381 181 13
420 220 12
467 267 14
547 347 10
647 447 13
706 506 12
797 597 13
799 599 11
828 528 13
843 643 12
876 676 13
924 624 11
927 727 10
936 736 13
952 752 10
972 772 13
984 784 10
1098 798 10
1110 910 13
1206 906 13
1224 924 13
208 8 10
208 8 13
233 33 12
343 143 11
377 177 14
396 96 11
411 211 13
426 226 11
443 243 11
505 305 12
516 316 11
648 448 13
659 459 11
666 466 12
696 496 12
780 480 11
792 492 13
852 652 11
883 683 13
1065 865 11
1073 873 12
1104 804 12
1122 822 11
1138 938 10
1149 949 10
255 55 10
300 100 10
306 6 10
348 48 11
498 198 11
510 210 12
594 394 13
601 401 12
611 411 11
703 503 12
715 515 10
831 631 11
874 674 11
900 700 13
918 718 10
941 741 13
946 746 11
1021 821 11
1074 874 11
1086 886 13
1152 852 11
1152 952 10
1164 964 10
1180 980 11
1212 912 12
