2000 20 487372
100 122 155
100 138 205
100 125 230
100 147 201
100 119 197
100 112 207
100 130 169
100 123 156
100 119 247
100 113 168
100 57 208
100 134 199
100 50 221
100 137 213
100 129 216
100 67 206
100 106 220
100 76 243
100 121 230
100 127 183
202 2 3
205 5 3
213 13 2
217 17 2
247 47 3
262 62 3
311 111 3
321 121 2
337 137 3
348 148 3
348 148 3
352 152 3
361 161 3
369 169 3
378 78 2
397 197 3
407 207 3
424 224 2
424 224 3
448 248 2
473 273 3
499 299 3
502 302 3
509 309 3
527 327 3
540 240 3
544 344 3
544 344 3
546 346 2
550 350 3
564 264 3
570 370 2
585 385 3
594 294 2
612 412 2
623 423 2
623 423 3
631 431 3
654 354 3
663 463 2
664 464 3
673 473 2
676 476 2
684 384 3
687 487 2
715 515 3
717 517 2
720 520 3
747 547 2
769 569 3
783 583 2
792 492 2
796 596 2
796 596 3
815 615 2
825 625 3
857 657 2
857 657 2
861 661 3
864 564 3
874 674 3
903 703 2
913 713 3
929 729 2
933 733 2
933 733 3
960 760 3
961 761 3
970 770 3
971 771 3
978 678 2
996 696 3
1011 811 2
1011 811 2
1012 812 3
1020 820 2
1024 824 3
1044 844 3
1050 750 3
1057 857 3
1062 862 3
1104 904 2
1104 904 2
1105 905 3
1111 911 3
1114 914 3
1121 921 3
1122 822 3
1125 925 3
1128 928 3
1129 929 3
1134 934 3
1140 840 2
1140 940 2
1146 846 3
1161 961 3
1176 976 3
1197 997 2
1206 906 3
1236 936 2
214 14 3
216 16 3
226 26 3
239 39 3
247 47 2
257 57 3
259 59 3
262 62 3
268 68 3
275 75 3
287 87 2
292 92 3
312 12 2
359 159 3
379 179 3
385 185 3
391 191 2
396 96 3
396 196 2
448 248 2
459 259 2
467 267 3
480 180 2
483 283 3
491 291 3
492 192 2
492 292 3
492 292 3
510 310 3
515 315 2
517 317 3
519 319 3
532 332 3
544 344 3
579 379 3
582 282 3
585 385 2
587 387 3
603 403 2
604 404 2
612 412 2
636 436 3
653 453 2
666 366 3
687 487 2
689 489 2
691 491 3
708 508 2
720 520 3
726 426 3
729 529 3
730 530 3
730 530 3
747 547 3
779 579 3
803 603 3
813 613 2
827 627 2
838 638 3
864 564 2
891 691 3
893 693 3
909 709 3
910 710 2
912 712 3
922 722 2
936 636 3
939 739 3
954 754 2
966 766 3
970 770 3
972 672 2
981 781 2
984 684 3
985 785 3
1011 811 2
1011 811 3
1017 817 2
1020 820 3
1025 825 3
1031 831 3
1035 835 3
1044 744 2
1045 845 2
1053 853 2
1068 768 2
1072 872 2
1097 897 3
1113 913 3
1121 921 3
1144 944 2
1144 944 3
1149 949 2
1149 949 3
1150 950 2
1151 951 2
1168 968 3
1170 970 2
1192 992 3
1194 994 3
210 10 2
214 14 3
217 17 3
240 40 3
241 41 3
247 47 3
265 65 3
269 69 3
273 73 3
279 79 2
303 103 3
322 122 2
331 131 2
335 135 2
336 36 2
340 140 3
348 148 3
354 54 3
360 160 2
385 185 3
391 191 2
394 194 2
403 203 3
438 238 2
475 275 2
483 283 2
485 285 3
492 192 2
493 293 3
498 198 2
535 335 2
538 338 3
551 351 3
555 355 2
565 365 3
569 369 3
577 377 3
583 383 3
588 388 3
623 423 3
639 439 3
647 447 3
648 348 2
661 461 3
664 464 2
670 470 3
671 471 2
681 481 2
691 491 2
719 519 3
725 525 2
726 526 3
730 530 2
730 530 2
730 530 3
750 450 2
760 560 3
762 462 3
774 474 3
802 602 2
810 610 3
811 611 3
822 622 2
826 626 2
834 534 2
837 637 2
845 645 3
846 546 3
867 667 3
888 588 2
912 612 2
915 715 2
915 715 3
924 624 3
936 636 2
937 737 3
946 746 2
982 782 2
1019 819 3
1021 821 3
1032 832 3
1035 835 2
1041 841 2
1044 744 2
1062 762 2
1062 862 3
1071 871 2
1074 774 3
1080 780 3
1081 881 3
1108 908 2
1109 909 2
1121 921 3
1140 840 2
1145 945 3
1159 959 3
1164 864 3
1170 870 3
1179 979 3
1248 948 2
211 11 2
214 14 3
216 16 2
258 58 3
271 71 2
271 71 2
280 80 3
285 85 2
310 110 3
316 116 2
347 147 2
360 160 2
366 166 2
378 78 2
378 78 2
378 78 3
382 182 3
396 96 2
401 201 2
408 108 3
427 227 2
427 227 3
430 230 2
453 253 3
459 259 2
463 263 2
466 266 2
480 180 3
480 180 3
489 289 3
490 290 3
504 204 3
516 216 2
522 322 2
523 323 2
552 252 3
563 363 2
571 371 3
594 294 3
601 401 2
603 403 3
633 433 2
642 442 3
654 354 2
657 457 3
666 366 2
679 479 2
696 496 2
715 515 3
720 420 3
724 524 3
731 531 3
732 532 2
749 549 2
756 556 2
765 565 3
780 480 2
786 486 2
792 592 2
792 592 3
809 609 3
813 613 3
821 621 3
827 627 3
865 665 3
876 676 2
886 686 2
889 689 3
897 697 3
904 704 2
919 719 2
924 724 3
925 725 3
939 739 3
941 741 2
951 751 3
953 753 3
957 757 3
970 770 3
979 779 3
983 783 3
987 787 3
997 797 2
1035 835 2
1036 836 2
1037 837 3
1038 838 3
1068 868 3
1071 871 3
1080 880 2
1098 798 3
1098 898 3
1103 903 3
1158 958 3
1169 969 2
1177 977 2
1200 900 2
1212 912 2
1212 912 3
1218 918 2
208 8 3
237 37 3
262 62 3
288 88 2
301 101 3
309 109 3
311 111 3
349 149 3
354 154 3
355 155 3
376 176 2
399 199 2
399 199 3
409 209 3
412 212 3
421 221 3
426 126 3
429 229 3
454 254 2
455 255 2
455 255 2
462 162 2
462 262 3
475 275 2
480 180 3
492 292 2
493 293 3
496 296 3
510 310 2
510 310 2
510 310 3
517 317 3
522 322 2
527 327 2
533 333 3
537 337 3
562 362 2
577 377 3
612 412 2
628 428 3
631 431 2
643 443 3
647 447 3
654 454 2
657 457 3
664 464 3
676 476 3
678 478 2
678 478 3
690 390 3
690 490 2
696 396 2
702 502 2
705 505 2
714 514 3
715 515 3
720 520 3
724 524 3
756 556 3
759 559 3
762 462 2
762 462 3
769 569 2
797 597 2
804 504 3
823 623 3
826 626 3
850 650 2
851 651 2
852 652 3
856 656 2
911 711 2
918 618 3
923 723 3
934 734 3
940 740 2
941 741 3
960 660 3
966 766 2
999 799 2
1025 825 3
1029 829 3
1068 768 3
1071 871 2
1085 885 3
1114 914 3
1116 916 2
1129 929 3
1131 931 3
1137 937 3
1146 846 3
1146 946 2
1161 961 3
1164 964 3
1194 894 3
1195 995 3
1199 999 3
1199 999 3
1218 918 3
1278 978 3
201 1 3
201 1 3
219 19 3
247 47 3
253 53 3
263 63 3
279 79 3
281 81 3
316 116 3
341 141 3
353 153 3
355 155 2
357 157 3
361 161 2
367 167 3
372 172 3
375 175 2
375 175 3
385 185 2
391 191 2
409 209 3
412 212 3
427 227 2
438 238 3
496 296 3
519 319 3
523 323 2
526 326 3
532 332 3
544 344 2
546 246 3
562 362 3
563 363 3
581 381 3
586 386 3
595 395 3
609 409 3
612 312 2
628 428 3
630 430 2
637 437 3
640 440 2
642 342 3
666 466 2
671 471 3
708 408 3
712 512 3
717 517 3
731 531 3
733 533 3
735 535 3
761 561 3
768 468 2
771 571 2
777 577 3
781 581 3
783 583 3
795 595 2
795 595 3
811 611 2
816 616 2
821 621 2
827 627 3
847 647 3
862 662 2
864 564 2
867 667 3
876 576 3
888 688 3
904 704 2
911 711 3
934 734 2
941 741 3
943 743 2
990 690 2
993 793 3
1005 805 3
1015 815 2
1018 818 3
1020 820 3
1042 842 2
1056 856 3
1062 862 3
1072 872 3
1072 872 3
1080 780 2
1085 885 2
1089 889 2
1099 899 3
1107 907 2
1114 914 3
1141 941 2
1150 950 2
1153 953 3
1164 964 2
1167 967 3
1188 888 2
1212 912 2
1224 924 3
1236 936 3
239 39 3
249 49 3
255 55 3
258 58 2
298 98 2
303 103 2
317 117 3
342 42 2
354 154 2
354 154 3
360 60 2
361 161 3
372 72 3
376 176 3
387 187 3
388 188 2
389 189 2
432 132 3
461 261 3
469 269 3
472 272 2
475 275 3
480 180 3
483 283 2
498 298 3
504 304 2
511 311 3
514 314 3
517 317 2
539 339 2
546 246 2
549 349 3
558 358 3
558 358 3
564 364 3
573 373 3
582 382 3
594 394 3
605 405 3
624 424 2
636 336 3
636 336 3
649 449 3
651 451 2
666 366 2
672 472 2
673 473 3
690 490 3
691 491 2
708 508 2
711 511 2
735 535 3
742 542 3
750 450 2
756 556 3
763 563 3
779 579 2
780 480 3
792 592 3
804 604 2
821 621 2
834 534 2
840 540 3
846 546 3
856 656 2
858 658 3
876 576 3
882 582 3
893 693 3
894 594 2
895 695 3
898 698 2
898 698 2
918 618 2
924 624 2
937 737 3
948 648 3
948 748 3
949 749 3
972 672 3
990 690 3
1057 857 3
1074 774 2
1078 878 3
1122 822 3
1123 923 2
1134 834 2
1137 937 3
1140 940 2
1144 944 3
1146 846 3
1147 947 2
1149 949 2
1156 956 3
1169 969 3
1173 973 3
1182 882 3
1218 918 3
1224 924 3
1248 948 2
203 3 3
240 40 3
263 63 3
264 64 2
265 65 3
274 74 2
287 87 3
295 95 2
301 101 3
316 116 2
318 18 3
330 130 3
333 133 3
348 48 2
349 149 2
360 60 3
377 177 3
399 199 2
417 217 3
424 224 2
450 150 3
450 150 3
456 156 3
477 277 2
477 277 3
478 278 3
479 279 2
504 204 3
505 305 3
509 309 3
552 252 3
564 264 3
576 376 3
580 380 2
582 282 3
594 394 2
606 306 2
612 412 2
613 413 3
618 418 2
622 422 3
631 431 2
639 439 3
639 439 3
640 440 3
646 446 3
652 452 2
660 460 2
660 460 3
675 475 2
687 487 3
730 530 2
743 543 2
750 450 3
790 590 3
796 596 3
819 619 3
831 631 3
845 645 2
865 665 2
870 570 2
870 670 3
887 687 3
894 594 3
903 703 2
904 704 3
906 606 2
919 719 2
930 630 3
930 730 2
936 636 3
965 765 2
970 770 2
972 772 2
1002 802 2
1003 803 2
1053 853 2
1059 859 2
1061 861 2
1067 867 2
1090 890 3
1098 898 3
1115 915 3
1126 926 3
1134 834 2
1135 935 3
1143 943 3
1146 846 3
1149 949 3
1156 956 3
1158 958 3
1162 962 3
1167 967 2
1173 973 2
1176 976 2
1200 1000 2
1206 906 2
1224 924 2
1254 954 2
1278 978 2
221 21 2
226 26 3
238 38 3
238 38 3
247 47 3
252 52 3
257 57 2
275 75 3
301 101 3
312 12 2
312 112 3
317 117 2
318 18 2
329 129 2
334 134 3
340 140 3
341 141 2
354 154 2
372 172 2
375 175 2
384 84 3
403 203 2
407 207 2
408 208 3
432 232 2
432 232 3
444 244 2
456 156 3
462 262 3
467 267 3
479 279 3
490 290 2
511 311 3
525 325 2
528 328 2
540 340 3
563 363 3
564 264 2
571 371 3
575 375 3
576 376 3
591 391 2
605 405 2
606 306 3
612 412 3
616 416 3
660 360 3
661 461 3
672 372 3
699 499 2
705 505 2
705 505 2
708 508 3
732 532 2
775 575 2
778 578 3
786 586 2
808 608 2
810 610 2
817 617 3
834 534 3
837 637 3
845 645 2
846 646 2
852 552 2
870 570 3
905 705 3
916 716 3
927 727 3
931 731 2
936 636 3
936 736 3
937 737 3
946 746 3
947 747 2
972 772 3
987 787 3
989 789 3
990 690 3
1017 817 3
1036 836 3
1085 885 2
1086 786 2
1086 886 2
1095 895 3
1105 905 3
1116 816 3
1132 932 2
1133 933 3
1137 937 2
1140 840 2
1141 941 3
1146 846 3
1156 956 3
1164 964 3
1181 981 3
1187 987 2
1187 987 2
1200 900 3
1272 972 3
202 2 2
215 15 2
225 25 3
231 31 3
233 33 3
234 34 2
262 62 2
275 75 3
275 75 3
301 101 3
310 110 2
312 112 3
339 139 3
340 140 3
341 141 3
342 142 3
347 147 3
351 151 3
391 191 2
397 197 3
400 200 2
403 203 3
435 235 3
459 259 2
461 261 2
465 265 3
465 265 3
480 180 2
484 284 3
502 302 3
507 307 3
515 315 3
516 216 3
522 222 3
546 346 3
549 349 3
551 351 2
564 264 3
567 367 2
567 367 3
573 373 3
581 381 3
583 383 3
586 386 2
598 398 2
600 400 3
612 412 3
619 419 3
658 458 2
684 384 3
684 484 3
714 514 2
724 524 3
732 432 3
738 538 3
741 541 3
749 549 3
750 450 3
766 566 3
780 580 2
781 581 3
789 589 2
792 592 2
796 596 2
803 603 3
805 605 2
825 625 2
827 627 3
853 653 3
888 688 2
894 694 3
899 699 2
903 703 2
906 706 2
907 707 3
924 624 2
924 624 3
925 725 3
940 740 2
946 746 3
961 761 3
965 765 3
985 785 3
995 795 3
1008 708 3
1020 720 3
1026 826 3
1029 829 2
1033 833 3
1042 842 3
1068 768 2
1081 881 2
1102 902 3
1108 908 3
1116 916 2
1140 840 3
1146 946 2
1150 950 2
1176 976 2
1254 954 2
215 15 3
229 29 3
243 43 3
246 46 3
259 59 2
265 65 2
276 76 2
319 119 2
333 133 2
334 134 3
339 139 2
354 154 3
365 165 3
366 66 3
366 66 3
366 166 2
388 188 2
403 203 3
413 213 2
419 219 3
444 144 3
466 266 3
468 168 3
497 297 2
497 297 2
504 204 2
507 307 2
516 216 2
522 322 2
549 349 2
565 365 3
587 387 2
587 387 2
591 391 3
621 421 3
646 446 2
649 449 3
660 460 2
664 464 2
673 473 2
678 378 3
684 384 2
712 512 2
712 512 3
725 525 3
738 438 3
738 538 3
747 547 2
748 548 2
749 549 2
753 553 2
756 456 3
777 577 3
799 599 2
801 601 2
805 605 3
825 625 3
829 629 2
834 534 3
840 640 2
840 640 2
859 659 3
864 564 2
870 570 3
876 676 3
883 683 3
886 686 3
897 697 2
899 699 3
903 703 2
904 704 3
922 722 3
942 642 3
964 764 3
971 771 2
976 776 2
981 781 3
990 790 2
994 794 3
1042 842 3
1042 842 3
1056 756 2
1056 856 3
1059 859 3
1074 774 3
1086 886 3
1090 890 3
1101 901 2
1120 920 2
1122 922 3
1144 944 2
1149 949 3
1158 958 2
1169 969 2
1173 973 2
1181 981 3
1199 999 3
1200 1000 3
1236 936 2
1254 954 3
203 3 3
216 16 2
216 16 3
229 29 3
261 61 2
269 69 3
276 76 2
283 83 2
310 110 3
312 12 2
312 12 3
330 30 2
331 131 3
348 48 3
354 154 2
359 159 2
361 161 3
364 164 3
372 172 3
391 191 3
406 206 2
411 211 3
411 211 3
439 239 3
447 247 2
471 271 3
472 272 3
474 174 3
486 186 3
496 296 3
498 298 2
510 310 3
528 328 2
528 328 3
537 337 2
552 252 2
564 264 3
565 365 3
567 367 3
568 368 2
575 375 3
594 294 2
595 395 3
595 395 3
619 419 3
621 421 3
642 442 3
648 448 3
669 469 3
690 490 3
718 518 3
718 518 3
732 532 3
737 537 3
757 557 2
785 585 3
786 586 3
811 611 2
815 615 3
834 534 3
858 658 2
885 685 3
891 691 3
894 694 3
900 700 2
905 705 3
906 706 2
911 711 3
941 741 3
943 743 2
943 743 3
946 746 2
971 771 3
984 684 3
989 789 2
990 790 2
990 790 3
1012 812 3
1023 823 3
1030 830 3
1044 844 2
1069 869 3
1074 874 2
1074 874 3
1074 874 3
1091 891 2
1103 903 3
1127 927 2
1131 931 3
1133 933 3
1146 846 3
1158 858 3
1158 858 3
1163 963 3
1170 870 3
1186 986 2
1191 991 2
1199 999 2
1278 978 2
1284 984 2
209 9 3
210 10 3
210 10 3
216 16 3
247 47 3
273 73 3
273 73 3
275 75 2
309 109 3
312 12 3
329 129 3
333 133 2
335 135 3
340 140 3
343 143 3
348 148 3
354 54 2
364 164 3
365 165 2
378 78 3
382 182 3
391 191 3
396 196 3
411 211 2
415 215 2
473 273 2
484 284 3
491 291 3
496 296 3
503 303 3
522 322 2
525 325 2
559 359 3
565 365 3
571 371 2
581 381 2
582 282 3
595 395 3
609 409 3
609 409 3
611 411 2
612 312 2
622 422 3
634 434 2
636 436 2
643 443 3
645 445 2
665 465 3
666 366 3
666 466 2
688 488 3
694 494 3
695 495 3
707 507 3
714 414 3
724 524 3
743 543 2
744 444 3
744 544 3
771 571 3
772 572 3
781 581 3
801 601 3
804 504 3
805 605 3
807 607 2
831 631 3
841 641 3
852 652 3
881 681 3
895 695 3
901 701 2
934 734 2
967 767 2
991 791 2
993 793 2
997 797 3
997 797 3
1000 800 3
1025 825 3
1036 836 3
1044 744 3
1071 871 3
1071 871 3
1074 774 2
1077 877 3
1080 780 3
1080 880 2
1089 889 2
1096 896 2
1098 798 2
1098 898 3
1117 917 3
1129 929 2
1139 939 2
1158 858 3
1171 971 3
1188 888 3
1194 894 2
1206 906 3
211 11 3
238 38 2
244 44 3
259 59 3
283 83 2
286 86 2
301 101 2
304 104 2
309 109 2
331 131 3
336 36 3
337 137 2
342 142 3
361 161 3
378 78 2
378 178 2
411 211 2
430 230 3
441 241 2
454 254 3
460 260 3
462 262 3
468 268 3
481 281 3
487 287 2
490 290 3
495 295 2
498 198 2
505 305 3
510 310 3
516 316 3
520 320 3
541 341 3
552 352 3
553 353 2
564 364 3
583 383 3
592 392 2
594 294 2
601 401 2
624 424 3
636 436 3
648 348 3
648 448 3
651 451 2
665 465 3
667 467 2
672 472 3
690 390 2
696 396 3
699 499 3
711 511 2
712 512 3
744 544 3
787 587 3
791 591 2
795 595 3
815 615 3
816 516 2
822 522 3
859 659 3
870 670 2
874 674 3
909 709 2
916 716 3
919 719 3
921 721 3
925 725 3
927 727 2
935 735 3
943 743 3
967 767 3
969 769 3
989 789 3
1013 813 3
1042 842 2
1047 847 2
1048 848 2
1049 849 2
1056 756 3
1079 879 3
1079 879 3
1091 891 2
1104 804 2
1104 904 2
1125 925 2
1128 828 3
1129 929 2
1129 929 3
1131 931 3
1146 846 2
1176 976 2
1179 979 3
1180 980 2
1191 991 3
1197 997 2
1206 906 2
1242 942 2
1272 972 3
1284 984 2
204 4 3
229 29 2
243 43 3
258 58 3
283 83 3
283 83 3
295 95 3
301 101 2
318 118 2
330 30 3
334 134 3
347 147 3
354 154 2
365 165 2
366 166 3
379 179 3
390 190 2
399 199 3
408 108 3
417 217 3
435 235 3
436 236 3
436 236 3
441 241 3
457 257 2
462 162 3
466 266 2
468 168 3
468 268 3
472 272 2
474 174 3
502 302 3
517 317 3
523 323 3
526 326 2
528 328 2
535 335 3
559 359 3
568 368 3
593 393 2
597 397 2
598 398 3
601 401 2
612 312 2
636 436 3
641 441 3
665 465 3
667 467 2
694 494 2
697 497 3
702 502 3
703 503 2
708 508 2
709 509 2
733 533 3
738 538 2
747 547 2
750 450 3
757 557 3
760 560 2
789 589 2
791 591 3
808 608 3
855 655 3
861 661 3
868 668 3
870 670 3
904 704 2
905 705 2
921 721 2
927 727 3
954 754 2
958 758 3
967 767 3
978 678 3
978 778 3
1002 702 2
1002 702 3
1025 825 3
1026 826 3
1036 836 3
1047 847 3
1056 756 3
1083 883 3
1105 905 3
1117 917 2
1123 923 3
1128 928 3
1138 938 3
1149 949 2
1150 950 3
1150 950 3
1155 955 2
1156 956 3
1158 858 3
1161 961 3
1164 864 3
1194 894 3
1199 999 3
1212 912 2
210 10 3
213 13 3
226 26 2
228 28 2
247 47 3
267 67 2
310 110 3
311 111 3
321 121 2
324 24 3
325 125 3
331 131 2
347 147 3
361 161 3
364 164 3
366 166 3
372 72 2
377 177 3
384 84 3
391 191 2
396 196 2
411 211 3
421 221 3
462 262 3
465 265 3
474 174 2
478 278 2
481 281 3
485 285 3
486 186 3
495 295 3
510 310 3
522 322 2
541 341 3
552 352 3
555 355 3
567 367 3
589 389 3
611 411 2
613 413 3
637 437 2
642 342 2
655 455 3
675 475 2
678 478 2
688 488 2
695 495 3
699 499 3
725 525 2
726 526 2
732 532 2
754 554 2
762 462 2
762 462 3
775 575 3
779 579 2
784 584 3
805 605 3
811 611 2
813 613 2
821 621 2
840 540 2
862 662 3
864 664 2
875 675 3
888 588 3
893 693 2
893 693 2
922 722 2
925 725 2
930 630 3
942 742 3
971 771 3
975 775 3
990 790 3
1007 807 2
1007 807 2
1007 807 2
1015 815 2
1021 821 3
1032 732 3
1053 853 2
1059 859 3
1084 884 3
1086 886 3
1095 895 3
1098 798 3
1101 901 3
1109 909 2
1117 917 3
1132 932 3
1134 934 3
1140 840 3
1144 944 2
1153 953 3
1156 956 3
1157 957 3
1179 979 3
1212 912 2
1224 924 2
208 8 2
211 11 3
214 14 3
220 20 3
240 40 3
243 43 3
252 52 2
282 82 3
293 93 3
304 104 3
324 24 2
329 129 3
331 131 2
352 152 3
369 169 3
372 172 3
382 182 2
402 102 3
414 114 3
444 144 2
454 254 2
456 256 3
459 259 2
459 259 3
477 277 3
489 289 2
504 304 2
513 313 3
517 317 3
521 321 3
522 222 3
523 323 3
547 347 3
556 356 2
564 364 2
565 365 3
573 373 3
573 373 3
582 282 3
586 386 2
594 294 3
622 422 2
630 430 3
636 336 2
636 336 3
642 342 2
660 460 3
663 463 3
664 464 2
685 485 3
690 490 2
696 396 3
703 503 3
709 509 3
772 572 2
785 585 2
797 597 2
805 605 3
810 610 2
841 641 3
844 644 3
851 651 2
853 653 3
858 558 2
868 668 3
891 691 3
892 692 3
899 699 2
906 706 2
915 715 2
915 715 3
945 745 3
952 752 3
954 654 3
972 672 2
1006 806 3
1025 825 3
1026 726 3
1029 829 2
1039 839 3
1044 844 3
1047 847 3
1051 851 2
1062 862 2
1069 869 3
1072 872 3
1084 884 3
1099 899 2
1110 910 2
1115 915 3
1116 916 2
1127 927 2
1129 929 2
1131 931 3
1157 957 2
1162 962 3
1163 963 3
1171 971 2
1183 983 3
1242 942 2
207 7 2
222 22 2
226 26 3
252 52 3
252 52 3
273 73 3
277 77 2
280 80 3
300 100 2
318 118 3
334 134 3
389 189 3
400 200 2
407 207 2
414 214 2
417 217 3
419 219 3
427 227 2
456 156 2
474 174 3
498 198 3
498 298 3
503 303 2
510 210 2
510 210 3
510 210 3
525 325 3
525 325 3
528 228 3
546 346 3
546 346 3
550 350 3
552 252 3
561 361 3
569 369 2
579 379 3
598 398 3
599 399 3
610 410 3
645 445 2
648 348 2
648 348 3
648 448 3
652 452 3
657 457 3
659 459 3
676 476 3
679 479 3
687 487 2
690 490 3
697 497 3
718 518 3
720 520 3
725 525 3
732 532 3
738 438 3
749 549 3
756 456 2
774 474 2
783 583 2
792 592 2
804 604 3
807 607 2
808 608 2
810 510 2
810 610 2
826 626 3
831 631 3
856 656 2
857 657 3
886 686 2
891 691 2
894 694 3
921 721 2
930 730 3
936 636 3
958 758 3
961 761 3
1001 801 3
1001 801 3
1008 808 3
1020 720 3
1032 832 3
1048 848 3
1053 853 3
1059 859 3
1061 861 3
1062 762 2
1073 873 2
1097 897 3
1104 804 2
1104 904 2
1108 908 3
1111 911 3
1121 921 3
1128 928 2
1128 928 3
1161 961 3
1171 971 2
1254 954 2
208 8 3
257 57 2
292 92 2
317 117 2
331 131 2
339 139 2
341 141 2
360 60 2
369 169 3
377 177 3
379 179 3
384 84 2
387 187 3
399 199 3
405 205 3
423 223 3
442 242 2
447 247 3
454 254 3
456 256 2
463 263 3
467 267 2
480 280 3
495 295 3
497 297 3
504 204 3
505 305 3
510 310 2
517 317 3
528 328 3
540 340 3
570 370 2
582 382 2
594 294 3
597 397 2
605 405 3
636 436 3
640 440 2
642 342 3
645 445 3
669 469 3
670 470 2
678 478 3
689 489 3
690 390 2
702 402 2
707 507 2
732 432 2
739 539 3
744 544 2
768 468 3
784 584 3
785 585 3
789 589 3
790 590 3
804 604 3
809 609 2
811 611 3
813 613 2
831 631 3
845 645 2
846 646 2
851 651 3
858 658 3
864 664 3
869 669 3
874 674 3
877 677 3
897 697 2
918 618 2
936 636 3
959 759 3
978 678 3
984 784 3
995 795 3
995 795 3
1012 812 2
1050 750 2
1051 851 2
1059 859 3
1062 762 3
1072 872 2
1078 878 3
1092 792 3
1099 899 2
1104 904 2
1108 908 2
1111 911 3
1116 816 2
1116 916 3
1125 925 2
1125 925 3
1128 928 2
1176 876 2
1191 991 3
1197 997 2
1197 997 3
1198 998 3
1224 924 3
1284 984 3
211 11 3
231 31 3
234 34 2
234 34 3
235 35 3
245 45 2
253 53 3
262 62 3
270 70 3
287 87 2
289 89 3
292 92 2
312 112 2
345 145 2
361 161 3
370 170 2
378 78 2
390 90 3
390 190 2
420 220 2
433 233 3
437 237 3
445 245 3
465 265 3
471 271 3
492 292 2
525 325 2
528 328 2
529 329 2
532 332 2
534 234 3
537 337 3
549 349 3
553 353 2
558 258 3
564 264 3
569 369 3
571 371 2
571 371 3
579 379 3
593 393 2
600 400 3
603 403 3
609 409 3
611 411 3
617 417 3
621 421 3
628 428 3
641 441 2
660 460 3
663 463 2
723 523 2
731 531 3
735 535 2
749 549 2
759 559 3
759 559 3
783 583 3
789 589 2
791 591 2
793 593 3
823 623 3
825 625 3
843 643 2
846 546 3
875 675 2
880 680 3
897 697 3
899 699 3
905 705 3
917 717 3
942 642 3
971 771 3
972 772 3
976 776 2
978 678 2
1003 803 2
1006 806 3
1007 807 3
1027 827 2
1027 827 2
1029 829 3
1048 848 2
1048 848 2
1049 849 3
1062 762 3
1063 863 3
1068 868 2
1087 887 2
1134 834 3
1140 840 3
1143 943 2
1152 952 2
1162 962 3
1194 894 3
1194 894 3
1198 998 2
1212 912 3
1236 936 2
1248 948 3
