1000 100 268230
10 63 183
10 51 195
10 104 232
10 95 226
10 136 172
10 124 164
10 75 200
10 137 176
10 126 160
10 121 213
10 111 239
10 55 237
10 108 225
10 90 192
10 96 152
10 79 189
10 131 223
10 133 162
10 61 229
10 134 181
10 133 216
10 95 151
10 81 166
10 77 208
10 73 150
10 66 165
10 124 227
10 128 250
10 113 183
10 59 241
10 52 240
10 113 232
10 122 150
10 57 165
10 105 202
10 106 210
10 82 246
10 52 234
10 86 244
10 70 160
10 138 219
10 53 163
10 63 190
10 74 171
10 96 243
10 72 195
10 79 176
10 150 158
10 51 248
10 55 209
10 63 167
10 86 183
10 61 170
10 71 209
10 83 169
10 87 234
10 69 235
10 111 219
10 115 204
10 102 210
10 88 180
10 77 181
10 136 227
10 66 229
10 111 213
10 50 186
10 106 224
10 122 213
10 148 203
10 72 172
10 62 154
10 96 245
10 105 183
10 59 198
10 72 172
10 139 235
10 139 165
10 82 244
10 104 207
10 149 247
10 99 161
10 150 223
10 77 220
10 95 177
10 113 176
10 95 237
10 57 239
10 59 228
10 138 249
10 141 155
10 137 246
10 91 202
10 75 159
10 56 211
10 71 213
10 58 205
10 137 250
10 125 229
10 96 231
10 68 164
357 157 31
577 377 31
664 464 25
763 563 30
839 639 28
856 656 27
934 734 25
979 779 24
1013 813 25
1149 949 26
222 22 29
449 249 30
593 393 28
621 421 28
623 423 28
630 430 23
798 498 25
811 611 30
954 654 25
1163 963 31
323 123 31
575 375 28
588 288 30
605 405 32
612 412 31
732 532 24
820 620 29
939 739 29
1133 933 31
1290 990 25
219 19 26
251 51 30
378 178 30
726 426 23
792 492 27
869 669 31
876 676 31
910 710 31
930 730 27
1156 956 25
303 103 28
342 42 28
449 249 27
495 295 24
595 395 27
637 437 25
828 628 29
856 656 23
900 600 23
1091 891 31
280 80 26
359 159 28
443 243 25
449 249 32
465 265 32
567 367 25
642 442 28
713 513 27
825 625 27
1050 850 27
276 76 30
561 361 25
702 502 28
736 536 29
930 630 32
1014 814 29
1023 823 28
1056 756 26
1089 889 28
1128 928 32
229 29 27
336 36 29
345 145 23
393 193 23
443 243 31
515 315 23
898 698 24
922 722 30
1067 867 28
1189 989 31
568 368 29
627 427 28
749 549 27
761 561 26
840 640 32
891 691 23
910 710 26
929 729 32
966 666 26
1195 995 32
235 35 25
649 449 29
927 727 27
930 630 30
931 731 24
981 781 24
1128 828 25
1170 970 25
1191 991 28
1254 954 26
211 11 28
285 85 29
509 309 25
540 240 25
606 406 28
657 457 23
660 460 25
772 572 27
887 687 30
1102 902 23
336 36 26
425 225 25
575 375 27
583 383 28
783 583 30
924 624 29
1025 825 28
1167 967 26
1176 976 30
1284 984 23
310 110 32
484 284 29
600 400 30
723 523 24
731 531 28
815 615 25
931 731 30
1095 895 30
1189 989 25
1236 936 25
221 21 30
390 90 26
408 208 29
435 235 32
492 292 31
547 347 23
595 395 23
751 551 28
1062 862 31
1098 798 25
241 41 27
258 58 32
299 99 27
361 161 27
486 286 26
496 296 31
556 356 31
742 542 27
1139 939 28
1260 960 26
221 21 25
226 26 28
233 33 24
343 143 28
354 154 29
441 241 27
533 333 25
673 473 30
837 637 23
1026 726 24
281 81 30
300 100 23
453 253 23
501 301 23
729 529 29
744 544 26
773 573 30
832 632 25
864 564 31
1060 860 27
270 70 31
315 115 31
328 128 25
345 145 26
702 402 25
975 775 31
1043 843 29
1074 774 25
1081 881 30
1138 938 30
436 236 26
448 248 29
714 414 28
870 670 26
885 685 26
935 735 27
970 770 25
1020 720 31
1146 946 28
1260 960 25
267 67 32
275 75 23
277 77 23
334 134 31
523 323 25
601 401 31
653 453 30
661 461 32
863 663 28
977 777 25
235 35 28
372 172 23
472 272 32
474 274 28
552 252 32
646 446 26
729 529 25
919 719 29
1021 821 26
1097 897 31
268 68 26
328 128 31
565 365 32
678 378 24
694 494 24
765 565 31
967 767 23
1026 726 31
1027 827 27
1084 884 32
289 89 24
366 166 24
587 387 23
591 391 23
738 538 30
822 622 30
954 754 23
1000 800 28
1159 959 30
1242 942 25
231 31 31
433 233 27
629 429 32
691 491 29
813 613 32
876 676 25
877 677 30
947 747 26
997 797 23
1055 855 30
318 18 27
543 343 31
678 478 30
703 503 29
720 520 31
940 740 28
1111 911 29
1116 816 28
1122 822 24
1224 924 25
247 47 24
360 160 32
417 217 27
720 520 32
808 608 24
831 631 23
832 632 26
901 701 24
1185 985 30
1212 912 31
227 27 29
450 150 31
493 293 31
720 420 25
786 486 30
856 656 25
909 709 23
954 654 31
1147 947 26
1230 930 23
209 9 24
283 83 31
351 151 25
769 569 28
883 683 25
942 742 24
1026 726 29
1039 839 24
1078 878 31
1266 966 25
304 104 23
365 165 31
466 266 26
477 277 31
705 505 26
886 686 28
1009 809 31
1050 850 27
1062 762 28
1089 889 31
233 33 27
251 51 30
351 151 31
552 352 23
690 490 30
709 509 24
934 734 28
1072 872 24
1170 870 29
1170 870 32
215 15 28
249 49 26
570 270 30
744 544 26
796 596 31
997 797 31
1020 820 25
1116 916 29
1182 882 29
1194 894 29
249 49 31
319 119 24
438 138 28
473 273 31
573 373 30
1037 837 29
1042 842 28
1123 923 25
1132 932 28
1169 969 26
285 85 23
489 289 24
493 293 24
534 334 27
549 349 24
664 464 32
693 493 32
1146 946 24
1164 964 26
1206 906 25
323 123 28
387 187 26
468 268 27
469 269 24
483 283 32
582 282 25
586 386 23
873 673 32
976 776 32
1086 886 29
438 238 28
441 241 27
534 234 31
552 352 25
576 376 23
587 387 29
588 288 31
663 463 24
1050 850 24
1278 978 27
336 36 23
354 154 31
431 231 31
586 386 27
689 489 24
759 559 23
759 559 25
796 596 31
1128 928 28
1180 980 30
466 266 25
583 383 23
611 411 29
750 550 32
828 628 27
846 646 28
984 784 28
997 797 28
1008 808 31
1051 851 24
411 211 32
480 180 28
550 350 28
757 557 30
823 623 27
960 760 25
987 787 27
1020 820 24
1117 917 28
1186 986 28
201 1 24
275 75 30
679 479 28
684 484 29
742 542 24
783 583 27
822 522 28
1014 714 31
1017 817 25
1150 950 31
334 134 27
366 166 27
376 176 32
383 183 24
399 199 26
587 387 26
611 411 25
1087 887 30
1146 946 31
1188 888 27
279 79 32
307 107 24
417 217 23
437 237 26
439 239 28
532 332 23
577 377 31
630 430 28
1002 802 24
1254 954 24
203 3 26
342 42 31
522 322 30
523 323 29
654 454 27
701 501 25
925 725 27
945 745 24
948 648 30
1043 843 30
285 85 30
298 98 29
312 12 30
353 153 30
391 191 23
625 425 30
796 596 26
1121 921 25
1152 852 27
1155 955 30
292 92 29
321 121 29
367 167 29
432 232 23
456 256 32
492 292 30
606 406 25
771 571 28
845 645 28
1123 923 28
437 237 23
459 259 28
639 439 32
649 449 30
864 664 31
912 612 30
945 745 32
990 790 26
1003 803 27
1182 982 32
221 21 29
225 25 26
397 197 28
432 232 24
451 251 32
676 476 29
804 604 27
1083 883 24
1144 944 25
1194 894 32
493 293 25
600 400 29
600 400 32
609 409 30
612 312 24
719 519 30
737 537 25
742 542 26
918 718 23
1159 959 31
239 39 29
321 121 25
378 178 25
406 206 31
426 226 31
712 512 30
888 588 25
1049 849 27
1163 963 32
1164 964 31
232 32 23
239 39 29
503 303 25
772 572 32
858 558 24
935 735 27
941 741 25
964 764 31
1011 811 25
1212 912 31
257 57 30
264 64 32
299 99 23
439 239 26
697 497 27
714 414 30
875 675 30
903 703 27
1068 868 32
1206 906 25
277 77 31
347 147 28
409 209 24
449 249 31
453 253 30
562 362 28
757 557 31
912 712 31
921 721 31
1008 808 24
561 361 31
681 481 25
798 598 31
832 632 24
838 638 25
869 669 26
954 754 30
1060 860 23
1113 913 30
1167 967 26
225 25 28
292 92 24
331 131 23
375 175 31
564 364 28
679 479 28
730 530 27
787 587 25
1134 934 29
1173 973 27
342 42 30
429 229 27
441 241 28
444 244 29
581 381 32
791 591 29
953 753 31
990 790 27
1036 836 30
1197 997 25
209 9 27
265 65 24
378 178 23
703 503 26
719 519 29
924 624 31
1079 879 28
1092 792 31
1134 934 23
1224 924 25
220 20 23
237 37 29
357 157 29
624 324 30
1039 839 25
1047 847 26
1067 867 25
1167 967 23
1171 971 31
1182 982 30
349 149 25
390 190 23
663 463 30
725 525 24
875 675 24
901 701 26
901 701 32
929 729 30
959 759 31
1002 802 26
372 172 32
450 150 32
544 344 24
625 425 27
664 464 26
687 487 32
820 620 29
882 682 30
899 699 27
1023 823 30
579 379 30
605 405 32
709 509 32
715 515 23
850 650 31
942 642 26
979 779 25
1024 824 23
1066 866 32
1090 890 26
321 121 24
486 286 26
631 431 25
724 524 30
819 619 23
855 655 31
942 642 31
1041 841 30
1127 927 25
1200 900 30
318 18 28
395 195 23
523 323 27
648 348 31
681 481 31
690 390 31
703 503 26
930 730 25
981 781 24
1157 957 26
405 205 24
424 224 25
529 329 32
720 420 28
834 634 23
948 748 25
967 767 30
995 795 29
1086 886 32
1104 804 27
330 130 25
414 114 25
426 126 29
513 313 31
589 389 28
795 595 30
989 789 30
1068 868 28
1080 780 26
1278 978 29
430 230 23
442 242 31
505 305 26
598 398 28
612 412 27
691 491 30
906 706 29
1023 823 24
1029 829 29
1116 816 30
255 55 32
306 6 26
355 155 28
400 200 30
567 367 25
605 405 24
771 571 26
1065 865 28
1066 866 26
1092 792 32
335 135 32
384 84 31
391 191 23
393 193 24
424 224 31
426 126 29
664 464 25
1032 832 28
1054 854 32
1200 1000 25
208 8 23
255 55 30
409 209 25
533 333 26
588 388 23
684 484 30
785 585 24
958 758 31
1019 819 27
1117 917 28
261 61 32
279 79 27
435 235 27
497 297 24
564 364 31
840 540 24
869 669 27
1084 884 23
1107 907 25
1144 944 31
233 33 25
263 63 26
267 67 28
455 255 23
570 270 26
640 440 29
663 463 31
1030 830 23
1107 907 24
1125 925 30
301 101 30
641 441 31
741 541 25
742 542 29
803 603 27
805 605 23
828 528 31
834 534 27
905 705 31
1284 984 28
306 6 23
507 307 29
629 429 25
658 458 31
681 481 29
1008 708 28
1068 768 27
1074 774 23
1140 840 31
1198 998 23
289 89 24
329 129 30
531 331 32
642 342 24
697 497 24
810 610 31
912 712 23
957 757 24
1095 895 28
1158 858 31
234 34 24
348 148 28
433 233 25
556 356 25
751 551 26
773 573 31
936 636 25
1127 927 27
1164 964 27
1284 984 26
229 29 29
268 68 32
550 350 32
677 477 25
681 481 24
690 390 25
721 521 26
834 534 30
935 735 32
1198 998 28
237 37 24
349 149 30
448 248 32
455 255 25
616 416 25
731 531 26
750 450 24
948 648 28
1086 786 29
1254 954 30
215 15 24
309 109 24
325 125 28
443 243 31
527 327 24
880 680 28
943 743 23
1000 800 27
1062 862 32
1197 997 28
253 53 25
399 199 23
633 433 29
741 541 28
821 621 32
928 728 24
948 748 29
996 796 25
1051 851 24
1224 924 25
213 13 25
255 55 28
370 170 29
605 405 27
666 466 28
742 542 31
808 608 28
916 716 30
939 739 26
964 764 23
268 68 32
379 179 29
387 187 26
514 314 29
577 377 29
858 658 23
1032 732 29
1038 738 25
1078 878 25
1149 949 25
222 22 25
275 75 24
569 369 25
862 662 31
910 710 31
918 718 30
1032 732 31
1037 837 24
1102 902 31
1206 906 27
297 97 27
317 117 31
387 187 31
441 241 28
472 272 31
551 351 31
702 502 25
838 638 28
1102 902 28
1181 981 32
232 32 29
573 373 25
610 410 26
678 478 31
762 462 29
838 638 26
1131 931 26
1145 945 24
1182 882 25
1200 1000 24
219 19 32
239 39 24
547 347 29
690 490 29
751 551 24
787 587 27
1013 813 32
1103 903 28
1161 961 32
1200 900 31
270 70 23
271 71 28
291 91 27
366 66 26
577 377 29
605 405 29
948 748 23
969 769 25
1024 824 25
1026 726 32
353 153 24
426 126 30
432 232 26
603 403 25
742 542 31
912 612 29
922 722 26
942 642 31
1141 941 27
1149 949 24
311 111 30
318 18 23
335 135 30
549 349 32
624 324 30
733 533 24
767 567 26
768 468 25
948 648 23
1150 950 27
213 13 24
379 179 32
467 267 24
501 301 23
546 246 26
547 347 25
883 683 24
906 706 32
1062 862 24
1175 975 29
219 19 26
330 30 31
414 114 27
576 276 25
624 324 31
748 548 30
803 603 32
850 650 29
925 725 32
1097 897 32
261 61 28
455 255 30
469 269 31
534 334 30
689 489 30
732 432 28
862 662 29
912 712 26
917 717 26
1179 979 26
246 46 25
293 93 32
516 216 24
651 451 24
653 453 28
748 548 26
960 660 29
994 794 31
1026 726 29
1248 948 32
268 68 30
390 90 32
396 196 23
425 225 30
435 235 23
471 271 30
618 418 31
856 656 30
936 736 28
1165 965 25
243 43 23
415 215 29
450 150 29
469 269 24
481 281 32
514 314 29
703 503 27
873 673 31
954 654 28
1008 808 30
321 121 29
333 133 26
408 208 23
415 215 23
425 225 32
628 428 27
742 542 23
748 548 31
923 723 24
1119 919 23
306 6 29
346 146 30
361 161 27
450 150 30
463 263 29
594 294 23
843 643 32
1101 901 28
1181 981 24
1218 918 30
342 142 24
369 169 25
413 213 26
622 422 30
684 384 24
731 531 28
984 684 28
1110 910 24
1140 940 28
1189 989 25
294 94 26
384 84 32
775 575 32
868 668 29
892 692 26
912 712 31
1033 833 31
1054 854 28
1102 902 26
1105 905 30
411 211 27
431 231 30
516 216 27
593 393 30
747 547 25
828 628 25
930 630 29
1014 814 30
1044 744 32
1075 875 30
231 31 28
322 122 23
324 24 32
397 197 32
576 276 23
682 482 27
727 527 30
1056 756 23
1149 949 26
1199 999 24
241 41 25
259 59 25
363 163 28
448 248 32
636 436 30
808 608 30
933 733 31
1113 913 29
1143 943 29
1145 945 29
508 308 32
510 210 23
520 320 26
624 424 23
648 348 25
684 384 24
720 420 28
811 611 29
1206 906 25
1248 948 32
