500 20 1271436
25 84 243
25 92 199
25 59 220
25 57 166
25 72 230
25 98 236
25 129 212
25 102 164
25 104 213
25 123 207
25 88 181
25 86 179
25 86 195
25 55 234
25 128 215
25 121 175
25 140 204
25 89 201
25 119 226
25 75 167
723 523 10
744 444 12
1044 744 10
1067 867 10
2266 2066 10
2418 2218 10
2436 2236 11
2525 2325 10
2614 2414 10
3448 3248 10
3553 3353 10
4402 4202 10
4817 4617 11
5051 4851 12
5356 5156 10
5764 5564 11
5860 5660 11
6148 5948 9
6993 6793 9
7101 6901 12
8212 8012 9
8248 8048 11
8598 8298 9
8934 8634 11
9102 8802 11
312 112 11
354 154 13
946 746 12
1398 1098 13
1464 1164 12
1559 1359 10
1864 1664 11
2052 1752 12
2315 2115 13
2350 2150 10
3331 3131 11
3737 3537 9
4373 4173 11
4812 4612 10
5322 5022 9
5959 5759 13
6610 6410 9
6707 6507 11
6969 6769 13
6991 6791 11
7239 7039 11
7602 7402 11
8356 8156 9
8593 8393 11
9108 8808 12
246 46 10
286 86 11
531 331 9
592 392 11
942 742 10
1900 1700 12
2208 1908 10
2273 2073 11
2286 1986 11
2346 2146 12
2646 2346 12
3835 3635 10
4890 4590 11
5251 5051 10
5382 5082 10
6449 6249 11
6617 6417 10
7171 6971 10
7206 7006 10
7649 7449 11
7743 7543 11
8512 8312 10
8754 8554 11
9217 9017 13
9952 9752 10
762 462 13
1098 898 10
1306 1106 11
1542 1342 12
2141 1941 11
2415 2215 12
2686 2486 11
2987 2787 12
3259 3059 9
3262 3062 11
4014 3814 12
4080 3780 11
4201 4001 13
4746 4446 9
5010 4710 9
6849 6649 10
7109 6909 10
7188 6988 12
7533 7333 11
8001 7801 11
8255 8055 11
9089 8889 11
9358 9158 10
9647 9447 10
9828 9628 10
526 326 9
1201 1001 9
1441 1241 13
1446 1246 9
1679 1479 12
1859 1659 11
2381 2181 10
3046 2846 9
3570 3370 12
5187 4987 9
5191 4991 11
5320 5120 12
5394 5094 12
5417 5217 11
6287 6087 10
6313 6113 12
6786 6486 12
7108 6908 12
7852 7652 9
8418 8118 10
8890 8690 10
9059 8859 12
9211 9011 11
9286 9086 12
9300 9100 9
1284 984 9
1662 1362 10
1740 1440 11
2292 1992 9
2363 2163 9
2976 2676 9
2988 2688 11
3078 2778 10
3621 3421 9
3683 3483 13
3925 3725 9
4871 4671 12
4963 4763 9
5404 5204 11
5641 5441 12
5718 5518 12
6111 5911 12
6624 6324 11
7902 7602 13
8183 7983 11
8440 8240 10
8578 8378 13
8670 8370 11
9028 8828 10
9169 8969 9
264 64 11
947 747 9
981 781 11
1319 1119 9
1645 1445 11
1800 1600 9
2134 1934 12
2616 2316 9
3233 3033 12
3246 2946 12
4385 4185 13
4470 4170 10
4980 4780 13
5994 5694 12
6459 6259 10
7067 6867 11
7434 7134 9
7583 7383 11
7830 7630 12
8220 8020 10
8598 8398 13
9145 8945 11
9269 9069 12
9427 9227 10
9564 9264 11
280 80 11
462 262 10
502 302 10
630 430 11
900 700 11
1068 768 11
1990 1790 12
2259 2059 9
2775 2575 9
3191 2991 10
3353 3153 10
3768 3568 12
4379 4179 10
4750 4550 11
4753 4553 11
4977 4777 12
5236 5036 13
6268 6068 10
6625 6425 10
6863 6663 9
6879 6679 10
7003 6803 9
7248 6948 13
7563 7363 10
9587 9387 12
535 335 12
635 435 11
643 443 9
1607 1407 9
2724 2424 11
2772 2572 10
3229 3029 12
3382 3182 11
3384 3184 12
3511 3311 11
3714 3514 13
3809 3609 10
4180 3980 10
4219 4019 9
4571 4371 12
5265 5065 10
5613 5413 12
6670 6470 13
6840 6640 9
7236 7036 11
7665 7465 12
8034 7734 11
9463 9263 12
9544 9344 11
9702 9402 11
663 463 10
1132 932 10
3168 2868 12
3875 3675 12
4259 4059 12
4314 4114 10
4720 4520 12
5124 4824 13
5346 5146 12
5395 5195 9
5567 5367 13
5625 5425 10
5659 5459 13
5950 5750 10
6581 6381 10
6876 6676 9
7284 6984 11
7405 7205 9
8037 7837 13
8351 8151 9
8385 8185 12
8880 8680 12
9505 9305 12
10090 9890 11
10185 9985 11
691 491 9
757 557 12
845 645 13
1831 1631 11
2269 2069 9
2435 2235 11
2769 2569 11
2797 2597 12
3648 3448 11
4113 3913 10
4159 3959 12
4361 4161 11
5239 5039 10
5406 5106 10
5514 5214 11
5526 5226 12
5611 5411 12
5970 5670 13
6181 5981 12
6587 6387 13
6636 6436 13
7977 7777 12
8461 8261 10
9549 9349 9
9839 9639 12
258 58 11
1402 1202 9
1584 1284 10
3581 3381 13
3612 3412 10
5413 5213 11
6400 6200 9
6499 6299 11
6556 6356 9
6823 6623 13
6988 6788 9
7162 6962 10
7282 7082 9
7347 7147 13
7385 7185 13
7672 7472 12
7704 7504 10
8290 8090 11
8340 8040 12
8766 8466 9
9606 9406 12
9720 9420 13
9828 9528 12
9937 9737 12
10108 9908 10
214 14 12
852 552 11
1113 913 12
2403 2203 9
2583 2383 12
3390 3090 11
3931 3731 11
3958 3758 10
4224 4024 10
4525 4325 12
4713 4513 12
4858 4658 12
5454 5254 10
6113 5913 11
6426 6126 11
6750 6450 12
6970 6770 13
7417 7217 13
7499 7299 12
8356 8156 13
8403 8203 12
9095 8895 10
9215 9015 11
9888 9688 11
10107 9907 12
1368 1068 13
1830 1630 13
2495 2295 10
2530 2330 9
2553 2353 11
2807 2607 10
3468 3168 12
4041 3841 9
4044 3744 11
4063 3863 12
4283 4083 12
5323 5123 9
5764 5564 11
5820 5620 10
6202 6002 9
6330 6030 11
6628 6428 10
6739 6539 9
7404 7104 9
7501 7301 10
8212 8012 9
8361 8161 12
8421 8221 10
8934 8634 10
9753 9553 9
541 341 9
585 385 12
864 664 9
1847 1647 10
2388 2088 12
3274 3074 9
3435 3235 13
4475 4275 11
4480 4280 13
5224 5024 12
5262 4962 10
5740 5540 12
5824 5624 12
5835 5635 10
5860 5660 12
6997 6797 9
7554 7254 12
8088 7788 12
8295 8095 12
8479 8279 12
9016 8816 9
9023 8823 10
9723 9523 11
9876 9676 11
9929 9729 11
538 338 10
981 781 10
1037 837 10
1821 1621 9
2326 2126 9
2865 2665 11
3673 3473 11
4381 4181 9
4902 4702 9
5034 4734 10
5221 5021 10
5401 5201 13
5470 5270 9
5514 5314 12
5970 5770 10
6173 5973 12
6426 6226 9
6448 6248 9
6655 6455 10
7378 7178 11
7437 7237 12
7588 7388 11
8165 7965 9
8851 8651 12
8868 8668 10
375 175 13
479 279 13
979 779 9
1054 854 12
1433 1233 12
1530 1330 12
2057 1857 10
2164 1964 12
2187 1987 10
2241 2041 10
2543 2343 10
2757 2557 13
3387 3187 9
3972 3772 12
4317 4117 11
4380 4080 11
5064 4864 10
6237 6037 12
6731 6531 12
6751 6551 10
7836 7536 9
8602 8402 12
8931 8731 13
9847 9647 11
9994 9794 12
589 389 10
891 691 9
951 751 10
1204 1004 12
1482 1282 12
1698 1498 13
2166 1966 12
2602 2402 11
3054 2854 9
4165 3965 10
4419 4219 9
4432 4232 12
4447 4247 10
5803 5603 12
6882 6682 12
7180 6980 12
7575 7375 11
9012 8812 9
9132 8932 13
9208 9008 11
9252 8952 10
9383 9183 11
9754 9554 11
9816 9616 12
9820 9620 13
235 35 9
846 646 10
1072 872 10
1337 1137 10
1695 1495 11
1882 1682 10
1945 1745 11
1990 1790 10
2295 2095 12
2652 2452 12
2793 2593 10
2796 2596 11
3570 3270 12
3930 3630 10
4005 3805 10
4098 3898 12
4189 3989 12
4522 4322 12
5619 5419 10
6711 6511 10
7349 7149 11
7657 7457 12
8034 7834 12
8861 8661 10
9640 9440 11
225 25 11
604 404 12
1667 1467 10
1938 1638 9
2555 2355 12
2701 2501 11
2861 2661 12
3537 3337 12
4121 3921 10
4247 4047 10
4289 4089 9
4359 4159 11
4416 4216 9
5182 4982 10
5574 5374 11
5701 5501 10
5952 5652 11
5988 5688 11
6306 6106 12
6958 6758 10
7789 7589 10
8533 8333 11
9342 9142 13
9694 9494 10
9876 9676 13
