500 20 117358
25 146 202
25 82 193
25 133 237
25 141 170
25 65 217
25 72 159
25 98 199
25 110 156
25 65 184
25 107 166
25 150 247
25 59 213
25 116 156
25 68 192
25 83 189
25 98 241
25 96 159
25 87 180
25 73 237
25 55 204
203 3 12
225 25 13
250 50 11
402 102 13
450 250 13
496 296 10
603 403 11
677 477 12
679 479 13
682 482 12
689 489 13
696 496 10
702 502 10
724 524 13
774 474 11
795 595 12
858 658 12
874 674 11
929 729 13
970 770 11
1057 857 10
1117 917 10
1139 939 10
1152 852 13
1248 948 10
208 8 10
213 13 12
294 94 11
327 127 11
397 197 11
487 287 12
579 379 14
586 386 11
636 336 10
648 448 12
657 457 13
690 490 12
742 542 10
837 637 12
877 677 14
936 736 10
945 745 12
1009 809 13
1054 854 10
1057 857 11
1072 872 11
1074 874 12
1080 780 14
1158 858 10
1198 998 13
204 4 12
241 41 12
322 122 11
384 184 11
408 208 12
427 227 13
520 320 14
551 351 10
551 351 12
621 421 12
636 336 14
637 437 12
664 464 11
677 477 13
681 481 10
750 550 10
820 620 12
828 528 12
923 723 11
1029 829 12
1092 792 13
1093 893 11
1168 968 11
1248 948 11
1266 966 13
246 46 14
262 62 14
301 101 14
343 143 13
354 154 12
361 161 12
383 183 10
468 168 10
486 186 13
505 305 11
513 313 11
545 345 14
570 370 12
583 383 10
604 404 12
673 473 10
699 499 13
723 523 14
723 523 14
789 589 14
803 603 10
913 713 14
1044 744 13
1092 792 14
1114 914 13
269 69 10
309 109 12
324 24 10
346 146 12
375 175 14
426 126 11
461 261 12
489 289 12
492 192 11
516 216 10
528 228 13
531 331 11
534 234 11
541 341 13
634 434 14
646 446 12
702 502 12
709 509 10
753 553 12
774 574 14
851 651 13
867 667 13
909 709 11
1068 768 11
1113 913 12
204 4 14
291 91 11
306 106 13
343 143 13
375 175 12
467 267 11
474 174 13
489 289 10
498 298 10
580 380 14
711 511 14
772 572 11
774 474 12
778 578 12
835 635 10
880 680 11
911 711 13
921 721 10
978 678 14
987 787 13
993 793 10
1086 786 11
1086 786 12
1151 951 10
1200 1000 13
232 32 13
234 34 11
269 69 11
318 118 13
348 148 12
369 169 10
397 197 14
438 238 13
474 274 13
528 328 12
564 364 14
591 391 12
634 434 10
663 463 10
681 481 11
808 608 11
868 668 10
888 688 12
911 711 10
966 666 12
977 777 13
1054 854 10
1096 896 10
1138 938 11
1224 924 12
205 5 10
217 17 12
407 207 12
426 226 13
478 278 13
519 319 12
648 448 12
659 459 13
678 378 12
738 538 10
748 548 11
802 602 11
837 637 12
906 606 13
947 747 13
960 760 10
985 785 10
990 690 14
1036 836 14
1041 841 10
1102 902 11
1102 902 13
1133 933 12
1151 951 13
1272 972 12
201 1 13
202 2 12
215 15 13
282 82 12
304 104 12
315 115 14
345 145 14
357 157 11
396 96 13
402 102 12
490 290 13
496 296 10
549 349 14
601 401 14
606 406 10
743 543 12
792 592 11
840 540 13
901 701 12
960 660 14
1003 803 11
1101 901 11
1128 828 13
1153 953 13
1175 975 14
307 107 12
396 196 10
417 217 13
463 263 14
504 304 12
571 371 14
601 401 11
606 306 11
647 447 13
747 547 10
750 450 13
786 586 11
791 591 13
816 616 12
845 645 13
877 677 10
885 685 13
889 689 14
917 717 11
924 624 13
1007 807 10
1068 768 13
1089 889 13
1107 907 11
1135 935 12
231 31 11
306 6 13
309 109 12
327 127 14
389 189 13
395 195 13
477 277 11
546 346 12
677 477 12
732 432 13
738 538 11
741 541 12
762 462 13
795 595 14
858 558 11
862 662 11
867 667 12
876 576 13
930 630 13
963 763 11
966 766 13
1086 786 12
1140 940 13
1182 982 11
1206 906 12
268 68 12
268 68 13
281 81 11
282 82 12
295 95 13
341 141 13
486 186 13
492 192 10
520 320 13
528 328 13
582 282 10
601 401 13
629 429 11
708 408 12
721 521 11
759 559 13
808 608 12
815 615 12
822 622 12
831 631 10
954 654 12
955 755 12
1003 803 12
1019 819 11
1272 972 11
298 98 11
372 172 12
539 339 13
543 343 10
555 355 13
564 264 12
592 392 12
600 400 10
652 452 10
678 478 12
679 479 13
687 487 10
732 432 10
737 537 13
787 587 12
815 615 11
907 707 10
933 733 12
963 763 12
977 777 12
999 799 10
1080 880 13
1107 907 13
1170 870 11
1195 995 10
321 121 12
325 125 12
347 147 11
360 160 12
378 178 13
460 260 11
483 283 11
517 317 14
615 415 14
726 526 13
877 677 13
882 582 12
894 594 10
907 707 13
948 648 11
969 769 11
996 696 13
1047 847 13
1067 867 13
1090 890 12
1104 804 12
1153 953 10
1177 977 14
1260 960 12
1296 996 12
207 7 11
211 11 13
225 25 13
229 29 11
351 151 13
363 163 10
394 194 12
438 238 11
483 283 11
486 186 13
501 301 14
583 383 12
583 383 12
618 318 13
706 506 13
775 575 13
833 633 12
835 635 14
853 653 12
915 715 10
987 787 12
1060 860 14
1078 878 11
1095 895 14
1121 921 10
211 11 11
237 37 11
250 50 10
292 92 11
312 112 11
318 18 11
366 166 12
383 183 12
412 212 11
420 220 13
435 235 10
467 267 13
537 337 12
592 392 11
630 430 10
738 538 10
814 614 13
822 622 12
841 641 13
880 680 13
888 588 11
930 630 11
973 773 13
1128 828 13
1206 906 10
219 19 10
223 23 12
257 57 12
261 61 13
346 146 11
349 149 14
406 206 13
564 264 11
594 394 10
613 413 12
636 336 13
699 499 11
738 438 12
750 550 12
807 607 11
815 615 10
822 622 10
916 716 10
967 767 10
978 778 12
1008 708 11
1120 920 10
1163 963 12
1164 864 11
1200 900 11
382 182 11
384 184 12
394 194 10
397 197 11
513 313 13
569 369 10
579 379 12
592 392 11
654 354 13
676 476 11
774 574 11
817 617 14
822 522 11
855 655 11
882 582 13
900 700 11
941 741 14
945 745 13
1002 802 12
1043 843 11
1051 851 11
1059 859 12
1110 810 13
1198 998 10
1284 984 10
216 16 12
265 65 13
277 77 10
333 133 11
336 136 13
342 42 12
393 193 14
394 194 13
427 227 14
438 138 11
474 274 12
474 274 12
501 301 10
504 304 11
703 503 11
816 616 12
838 638 11
840 540 10
886 686 10
1044 844 11
1067 867 13
1102 902 11
1134 834 13
1152 852 12
1159 959 12
251 51 11
331 131 11
430 230 12
441 241 14
451 251 11
481 281 10
485 285 11
523 323 14
537 337 12
577 377 10
606 306 14
709 509 13
732 432 14
750 550 12
772 572 10
780 580 10
828 628 14
835 635 13
940 740 13
978 778 12
1049 849 11
1050 850 12
1176 876 12
1179 979 11
1180 980 11
