200 20 48158
10 123 193
10 117 238
10 62 229
10 150 198
10 75 173
10 135 224
10 56 217
10 112 217
10 81 170
10 137 231
10 121 168
10 80 233
10 128 168
10 112 152
10 93 202
10 55 231
10 114 159
10 103 217
10 52 187
10 78 206
251 51 27
366 166 33
381 181 28
411 211 26
423 223 30
654 454 31
670 470 32
834 634 28
1165 965 29
1186 986 33
207 7 28
371 171 26
426 126 27
455 255 32
648 448 30
663 463 31
707 507 35
780 480 33
787 587 26
1066 866 32
208 8 32
550 350 28
708 508 28
737 537 27
744 544 30
946 746 28
949 749 27
954 754 27
1005 805 33
1074 774 33
256 56 25
303 103 30
349 149 31
455 255 25
666 466 31
933 733 32
1149 949 27
1188 888 31
1188 988 35
1284 984 26
234 34 34
274 74 25
395 195 32
528 328 33
568 368 32
779 579 29
799 599 28
869 669 25
913 713 25
1164 864 29
453 253 28
457 257 34
581 381 30
637 437 32
642 342 27
811 611 27
889 689 34
907 707 27
966 666 28
1073 873 32
274 74 29
363 163 32
474 274 26
546 246 33
660 360 28
737 537 32
738 438 27
755 555 27
946 746 33
1045 845 30
269 69 28
274 74 29
324 124 33
623 423 25
635 435 25
690 390 28
861 661 32
1080 880 26
1090 890 33
1117 917 29
375 175 31
387 187 27
597 397 29
647 447 30
763 563 31
955 755 31
978 778 28
1021 821 33
1141 941 27
1174 974 33
335 135 31
393 193 27
462 162 26
507 307 33
534 334 25
613 413 28
664 464 26
732 432 26
786 486 29
1116 916 28
211 11 34
457 257 27
471 271 32
575 375 30
912 712 28
1049 849 28
1090 890 33
1122 822 28
1145 945 34
1284 984 28
403 203 33
543 343 30
658 458 27
660 460 29
701 501 30
723 523 32
1043 843 28
1074 874 33
1146 946 30
1151 951 31
472 272 30
561 361 29
822 522 33
839 639 28
881 681 33
909 709 29
947 747 26
1001 801 31
1055 855 27
1086 886 34
315 115 26
364 164 28
417 217 27
545 345 28
616 416 32
679 479 29
779 579 27
790 590 27
1099 899 33
1182 882 26
342 142 35
631 431 25
652 452 33
672 472 31
726 526 29
785 585 30
820 620 35
822 522 34
844 644 31
1194 894 25
222 22 25
243 43 34
311 111 33
575 375 33
696 496 28
726 526 28
795 595 30
954 754 30
995 795 27
1115 915 32
299 99 27
330 30 34
360 160 31
375 175 34
433 233 32
487 287 26
672 472 29
695 495 26
771 571 33
901 701 32
256 56 32
402 102 29
408 208 29
461 261 28
504 204 25
515 315 34
555 355 31
820 620 30
923 723 26
1152 852 32
208 8 28
286 86 29
355 155 33
505 305 27
587 387 32
942 742 31
958 758 35
1038 738 31
1152 952 33
1158 858 26
205 5 32
209 9 26
259 59 28
274 74 28
282 82 29
605 405 32
947 747 34
971 771 34
1038 838 29
1069 869 33
