2000 20 5230050
100 117 189
100 136 250
100 118 231
100 111 225
100 78 233
100 101 166
100 97 159
100 67 186
100 116 164
100 57 156
100 86 172
100 96 199
100 66 178
100 106 238
100 60 213
100 85 214
100 75 222
100 54 156
100 89 160
100 107 206
538 338 2
545 345 2
617 417 2
624 424 3
641 441 3
667 467 2
810 510 3
834 634 2
1067 867 2
1105 905 3
1156 956 2
1188 888 2
1215 1015 2
1391 1191 2
1419 1219 2
1557 1357 3
1584 1384 3
1666 1466 2
1690 1490 3
1725 1525 2
1927 1727 2
2107 1907 2
2278 2078 2
2334 2034 3
2371 2171 2
2520 2320 3
2568 2368 2
2682 2482 2
2775 2575 3
2953 2753 2
3079 2879 2
3118 2918 3
3162 2862 2
3204 3004 3
3271 3071 2
3313 3113 2
3322 3122 2
3414 3214 3
3735 3535 2
4021 3821 2
4428 4128 3
4483 4283 3
4512 4312 2
5034 4734 2
5052 4852 2
5133 4933 2
5140 4940 3
5232 5032 2
5293 5093 2
5297 5097 2
5427 5227 2
5514 5214 3
5556 5256 2
5825 5625 2
5863 5663 3
5875 5675 2
5901 5701 3
6029 5829 2
6168 5968 2
6282 5982 3
6325 6125 2
6349 6149 2
6382 6182 3
6466 6266 2
6559 6359 2
6582 6382 3
6604 6404 2
6983 6783 3
7007 6807 2
7026 6826 3
7093 6893 2
7207 7007 2
7373 7173 2
7546 7346 3
7571 7371 2
7591 7391 3
7717 7517 3
7786 7586 2
7818 7618 3
7860 7660 2
7911 7711 2
8010 7810 2
8170 7970 3
8424 8124 3
8470 8270 2
8670 8470 3
8772 8472 2
8813 8613 2
8928 8628 2
9034 8834 3
9324 9124 3
9349 9149 3
9496 9296 2
9540 9340 3
9588 9288 2
9708 9408 3
9732 9432 2
9898 9698 2
10109 9909 2
10174 9974 2
239 39 2
255 55 2
436 236 2
437 237 3
750 450 3
1059 859 2
1254 1054 2
1363 1163 3
1440 1240 3
1537 1337 2
1882 1682 2
1981 1781 2
2004 1804 2
2086 1886 3
2087 1887 2
2248 2048 2
2296 2096 2
2335 2135 2
2471 2271 2
2475 2275 3
2583 2383 3
2619 2419 2
2623 2423 2
2639 2439 3
2723 2523 2
3022 2822 2
3091 2891 3
3195 2995 2
3214 3014 3
3430 3230 2
3594 3294 3
3636 3336 2
4163 3963 2
4212 4012 2
4266 4066 3
4318 4118 3
4365 4165 2
4492 4292 2
4575 4375 2
4629 4429 2
5070 4770 2
5142 4842 3
5417 5217 2
5555 5355 2
5638 5438 3
5802 5502 2
6039 5839 2
6197 5997 3
6498 6198 2
6509 6309 2
6558 6358 3
6561 6361 2
6610 6410 2
6618 6418 2
6625 6425 2
6647 6447 3
6672 6472 2
6723 6523 2
6775 6575 2
6981 6781 3
7061 6861 2
7299 7099 2
7451 7251 2
7624 7424 2
7698 7498 3
7849 7649 2
7863 7663 2
8089 7889 3
8171 7971 3
8220 8020 2
8293 8093 3
8374 8174 3
8415 8215 2
8488 8288 3
8497 8297 3
8700 8500 2
8712 8412 2
8801 8601 2
8931 8731 3
8963 8763 2
9018 8818 2
9021 8821 3
9025 8825 3
9054 8854 2
9141 8941 3
9156 8856 2
9210 9010 3
9244 9044 2
9244 9044 2
9370 9170 3
9636 9336 2
9705 9505 3
9874 9674 2
9937 9737 3
10039 9839 2
10104 9804 2
10105 9905 3
10129 9929 3
10177 9977 3
10200 10000 2
204 4 2
247 47 2
317 117 3
331 131 2
331 131 3
390 90 2
456 256 2
559 359 2
685 485 2
796 596 2
820 620 3
1127 927 3
1134 934 2
1227 1027 2
1230 1030 2
1252 1052 2
1443 1243 2
1494 1194 3
1614 1314 3
1903 1703 3
1991 1791 2
2050 1850 2
2109 1909 2
2113 1913 2
2310 2110 2
2315 2115 2
2494 2294 2
2601 2401 2
2770 2570 2
2790 2490 3
2911 2711 3
3063 2863 2
3085 2885 2
3205 3005 2
3310 3110 2
3333 3133 2
3339 3139 2
3359 3159 3
3515 3315 2
3541 3341 2
3857 3657 2
3864 3564 3
4009 3809 2
4185 3985 3
4213 4013 2
4221 4021 3
4413 4213 2
4477 4277 3
4632 4432 2
4704 4504 2
4799 4599 2
4861 4661 3
5022 4722 3
5221 5021 3
5249 5049 3
5279 5079 2
5428 5228 2
5699 5499 2
5727 5527 2
5897 5697 3
5925 5725 2
5928 5628 2
6132 5832 2
6208 6008 2
6237 6037 2
6377 6177 2
6430 6230 2
6589 6389 2
6653 6453 2
6666 6466 2
6723 6523 3
6808 6608 2
6839 6639 2
6949 6749 3
6985 6785 2
7237 7037 2
7350 7050 2
7351 7151 3
7407 7207 2
7431 7231 3
7571 7371 3
7596 7396 2
8349 8149 2
8463 8263 2
8567 8367 2
8621 8421 3
8704 8504 2
8723 8523 2
8751 8551 2
8777 8577 3
8892 8692 2
8937 8737 3
8973 8773 2
9023 8823 3
9033 8833 2
9503 9303 2
9694 9494 2
9910 9710 2
10151 9951 2
10157 9957 3
339 139 2
342 142 2
427 227 2
448 248 3
514 314 2
760 560 3
777 577 3
817 617 2
822 622 2
1066 866 2
1099 899 2
1363 1163 2
1385 1185 3
1444 1244 2
1498 1298 2
1498 1298 3
1588 1388 2
1813 1613 2
1830 1630 2
1924 1724 2
1926 1726 3
1959 1759 3
2125 1925 2
2583 2383 2
2597 2397 3
2698 2498 3
2796 2596 2
2803 2603 2
2820 2520 3
2854 2654 2
3180 2880 2
3372 3072 2
3378 3178 2
3437 3237 2
3507 3307 2
3625 3425 2
3865 3665 2
3876 3576 3
3905 3705 2
3934 3734 2
4023 3823 2
4101 3901 2
4233 4033 2
4265 4065 2
4434 4234 3
4439 4239 2
4489 4289 2
4518 4318 3
4605 4405 2
4680 4480 3
4758 4558 3
4810 4610 3
4847 4647 3
4848 4548 2
4863 4663 2
4913 4713 2
5182 4982 3
5317 5117 3
5400 5200 3
5445 5245 2
5517 5317 2
5598 5398 3
5616 5416 2
5755 5555 3
5759 5559 2
5850 5550 2
5899 5699 3
6006 5806 2
6105 5905 2
6157 5957 2
6240 5940 2
6359 6159 2
6593 6393 3
6657 6457 3
6822 6622 2
6823 6623 3
6939 6739 3
7008 6808 3
7043 6843 3
7098 6898 2
7236 7036 3
7236 7036 3
7335 7135 3
7938 7738 2
8074 7874 3
8121 7921 2
8223 8023 2
8268 7968 2
8375 8175 3
8559 8359 3
8969 8769 2
9071 8871 3
9090 8890 2
9097 8897 2
9304 9104 2
9601 9401 2
9945 9745 2
10042 9842 2
10073 9873 2
10080 9780 3
205 5 3
256 56 2
282 82 2
328 128 2
376 176 2
413 213 3
600 400 2
619 419 2
702 402 3
775 575 3
882 582 2
948 748 2
1319 1119 3
1474 1274 2
1518 1318 3
1620 1320 2
1642 1442 2
1657 1457 2
1701 1501 3
1833 1633 2
2161 1961 3
2219 2019 2
2476 2276 2
2526 2226 3
2599 2399 2
2680 2480 2
2694 2394 2
2884 2684 2
3018 2818 2
3053 2853 2
3071 2871 3
3078 2878 2
3131 2931 2
3150 2850 2
3347 3147 2
3453 3253 3
3633 3433 2
3738 3538 3
3852 3552 3
3886 3686 2
3984 3684 2
4089 3889 2
4401 4201 3
4740 4440 2
4915 4715 2
5016 4816 2
5020 4820 2
5051 4851 2
5055 4855 2
5117 4917 2
5167 4967 2
5298 5098 3
5398 5198 2
5431 5231 2
5562 5262 2
5577 5377 2
5598 5398 2
5611 5411 2
5700 5500 2
5752 5552 2
5777 5577 2
5896 5696 2
6208 6008 2
6273 6073 3
6329 6129 2
6359 6159 2
6492 6292 2
6760 6560 2
6771 6571 2
6778 6578 2
6915 6715 3
7021 6821 2
7024 6824 2
7224 7024 3
7291 7091 2
7339 7139 2
7451 7251 2
7753 7553 2
8082 7782 2
8092 7892 2
8116 7916 3
8208 8008 3
8231 8031 3
8328 8128 3
8583 8383 2
8760 8560 3
8831 8631 2
8879 8679 2
9117 8917 2
9186 8886 2
9192 8992 2
9275 9075 2
9295 9095 2
9406 9206 3
9443 9243 3
9870 9670 3
9871 9671 2
10008 9708 2
10019 9819 2
10036 9836 3
514 314 3
528 328 2
803 603 3
837 637 2
888 588 2
1013 813 3
1081 881 2
1626 1426 2
1710 1410 3
1752 1452 2
1758 1558 2
1854 1654 2
1983 1783 2
2155 1955 2
2161 1961 2
2196 1996 2
2301 2101 2
2424 2224 2
2451 2251 2
2541 2341 2
2591 2391 3
2598 2298 2
2640 2440 2
2704 2504 2
2706 2506 2
2799 2599 3
2859 2659 2
2886 2586 2
2899 2699 2
2911 2711 3
2911 2711 3
2931 2731 3
2969 2769 2
3025 2825 3
3112 2912 3
3546 3246 2
3625 3425 3
3658 3458 3
3718 3518 2
3850 3650 2
3887 3687 2
4043 3843 2
4050 3750 2
4139 3939 2
4146 3946 2
4227 4027 2
4323 4123 2
4395 4195 2
4422 4122 2
4504 4304 2
4651 4451 2
4680 4380 3
4793 4593 3
4882 4682 3
5070 4870 2
5207 5007 3
5268 4968 2
5326 5126 2
5344 5144 3
5422 5222 2
5506 5306 2
5519 5319 2
5661 5461 2
5721 5521 3
5773 5573 3
6163 5963 3
6175 5975 3
6198 5898 2
6234 5934 3
6491 6291 2
6561 6361 3
6612 6412 3
6792 6492 2
6913 6713 3
6961 6761 3
7050 6750 2
7090 6890 2
7585 7385 3
7711 7511 3
8016 7716 3
8146 7946 2
8177 7977 2
8373 8173 2
8442 8142 2
8494 8294 3
8569 8369 3
8611 8411 3
8707 8507 2
8847 8647 3
8935 8735 2
8938 8738 2
8943 8743 3
9069 8869 2
9084 8884 3
9145 8945 2
9234 8934 3
9491 9291 2
9664 9464 2
9816 9616 2
10101 9901 3
203 3 3
240 40 3
259 59 2
330 130 3
492 192 3
549 349 3
558 258 3
568 368 3
595 395 2
611 411 3
771 571 2
822 522 2
1002 802 3
1140 940 2
1174 974 2
1242 942 2
1243 1043 2
1377 1177 3
1449 1249 2
1452 1152 3
1578 1278 2
1583 1383 2
1608 1308 3
1638 1438 2
1901 1701 2
2131 1931 3
2260 2060 2
2313 2113 2
2358 2058 2
2418 2118 2
2647 2447 2
2813 2613 2
2860 2660 3
2915 2715 2
2998 2798 2
3030 2830 2
3453 3253 3
3523 3323 3
3850 3650 2
4044 3744 3
4224 3924 2
4344 4044 2
4834 4634 2
4875 4675 2
4959 4759 2
4960 4760 2
5022 4822 3
5037 4837 2
5055 4855 2
5118 4918 2
5284 5084 2
5319 5119 2
5637 5437 3
5692 5492 2
6043 5843 2
6084 5784 3
6153 5953 2
6192 5892 2
6438 6238 2
6523 6323 3
6603 6403 2
6813 6613 2
6891 6691 3
7041 6841 2
7086 6886 2
7102 6902 2
7191 6991 2
7230 6930 3
7230 7030 2
7332 7132 2
7416 7216 2
7459 7259 3
7500 7300 2
7567 7367 3
7630 7430 2
7722 7422 2
7764 7464 2
7903 7703 3
7975 7775 3
8065 7865 3
8088 7788 3
8418 8118 2
8437 8237 2
8455 8255 2
8603 8403 3
8643 8443 2
8646 8446 2
8691 8491 2
8699 8499 2
9048 8848 3
9240 9040 3
9287 9087 3
9360 9160 2
9558 9258 3
9649 9449 2
9687 9487 3
9749 9549 3
9931 9731 2
10180 9980 2
10230 9930 2
444 144 2
480 180 3
798 598 3
1120 920 2
1158 958 3
1363 1163 2
1500 1200 2
1519 1319 2
1589 1389 3
1635 1435 2
2003 1803 2
2161 1961 2
2287 2087 3
2493 2293 3
2521 2321 2
2568 2268 3
2589 2389 3
2632 2432 2
2650 2450 2
2795 2595 3
2883 2683 2
3003 2803 3
3081 2881 3
3244 3044 2
3264 3064 3
3377 3177 3
3519 3319 2
3772 3572 2
3927 3727 3
3960 3660 2
3976 3776 2
4007 3807 2
4007 3807 3
4050 3750 3
4110 3910 3
4168 3968 2
4236 3936 3
4344 4044 3
4399 4199 3
4461 4261 2
4464 4164 2
4474 4274 2
4486 4286 2
4645 4445 2
4673 4473 3
4747 4547 2
4797 4597 2
5005 4805 2
5206 5006 3
5245 5045 3
5385 5185 3
5391 5191 2
5395 5195 2
5428 5228 2
5539 5339 3
5659 5459 2
5694 5494 3
5731 5531 3
5797 5597 3
6016 5816 2
6017 5817 3
6041 5841 2
6249 6049 2
6370 6170 3
6465 6265 2
6490 6290 3
6577 6377 2
6585 6385 2
6828 6628 2
6855 6655 2
7206 6906 3
7235 7035 3
7278 6978 2
7356 7056 3
7386 7186 2
7387 7187 2
7405 7205 3
7420 7220 2
7547 7347 3
7689 7489 2
7777 7577 2
8136 7836 2
8256 8056 2
8497 8297 3
8592 8292 3
8604 8404 2
8611 8411 2
8703 8503 2
8892 8692 2
9046 8846 2
9114 8814 3
9167 8967 2
9309 9109 3
9453 9253 2
9539 9339 2
9702 9502 2
9883 9683 2
9886 9686 3
10032 9732 3
10189 9989 2
342 42 2
379 179 2
385 185 3
432 232 2
462 262 3
569 369 2
617 417 3
627 427 2
738 538 2
881 681 2
1139 939 3
1217 1017 2
1236 1036 2
1241 1041 2
1381 1181 2
1409 1209 2
1428 1228 2
1491 1291 3
1740 1540 2
1848 1648 2
1896 1596 2
1938 1638 2
2025 1825 2
2046 1846 3
2091 1891 3
2141 1941 2
2208 2008 2
2347 2147 3
2407 2207 3
2577 2377 3
2844 2544 2
2913 2713 2
2921 2721 3
3151 2951 3
3399 3199 3
3574 3374 2
3576 3376 3
3832 3632 3
3916 3716 2
4313 4113 3
4482 4182 2
4566 4266 2
4609 4409 2
4837 4637 2
4932 4632 3
5029 4829 3
5338 5138 3
5458 5258 3
5527 5327 3
5574 5274 3
5607 5407 3
5759 5559 2
5820 5520 3
5915 5715 3
5958 5758 3
6034 5834 2
6048 5748 3
6189 5989 2
6291 6091 2
6343 6143 2
6415 6215 3
6528 6228 2
6564 6364 2
6840 6640 3
6942 6742 2
6978 6678 2
7056 6756 2
7193 6993 3
7260 7060 2
7341 7141 2
7398 7198 2
7416 7216 2
7434 7234 3
7829 7629 2
7889 7689 3
7919 7719 2
7938 7738 2
7989 7789 2
7998 7698 2
8080 7880 3
8116 7916 2
8205 8005 2
8236 8036 2
8341 8141 3
8652 8452 3
8661 8461 2
8676 8376 3
8766 8466 2
8778 8578 2
8915 8715 3
8947 8747 2
8989 8789 3
9046 8846 3
9105 8905 2
9125 8925 2
9142 8942 2
9217 9017 2
9781 9581 3
9816 9516 2
10032 9732 3
238 38 2
261 61 2
516 316 3
568 368 2
705 505 3
921 721 2
1296 996 3
1326 1026 2
1373 1173 2
1491 1291 2
1643 1443 3
1686 1486 3
1737 1537 2
1986 1686 2
2001 1801 2
2076 1776 2
2101 1901 2
2130 1830 2
2140 1940 3
2331 2131 2
2363 2163 2
2397 2197 2
2537 2337 2
2691 2491 3
2751 2551 2
2784 2484 2
2843 2643 3
2856 2656 2
2902 2702 3
3088 2888 3
3115 2915 2
3184 2984 3
3303 3103 2
3315 3115 2
3477 3277 2
3534 3234 2
3660 3360 2
3677 3477 3
3702 3402 3
3725 3525 2
3997 3797 3
4026 3726 2
4335 4135 2
4410 4210 2
4455 4255 3
4523 4323 2
4716 4416 2
4756 4556 3
4812 4612 3
4890 4590 2
5056 4856 3
5088 4888 3
5167 4967 2
5195 4995 3
5508 5308 2
5950 5750 2
6017 5817 2
6118 5918 2
6211 6011 2
6424 6224 2
6641 6441 2
6671 6471 3
6694 6494 2
6779 6579 2
6973 6773 3
6984 6784 3
6988 6788 3
7026 6826 2
7278 6978 2
7444 7244 2
7468 7268 2
7525 7325 2
7583 7383 3
7591 7391 2
7617 7417 3
7655 7455 3
7663 7463 3
7751 7551 3
7834 7634 2
7836 7536 2
7881 7681 2
7926 7626 2
8147 7947 2
8147 7947 2
8223 8023 2
8326 8126 2
8346 8146 2
8532 8332 2
8628 8328 2
8812 8612 2
8843 8643 3
9246 8946 3
9347 9147 2
9539 9339 2
9664 9464 2
9689 9489 2
9732 9532 2
9754 9554 3
9816 9616 2
9879 9679 2
355 155 3
539 339 3
657 457 2
855 655 3
1242 942 2
1254 1054 3
1354 1154 2
1413 1213 3
1420 1220 2
1535 1335 3
1655 1455 2
1732 1532 3
1759 1559 2
1793 1593 3
1847 1647 2
1918 1718 3
1918 1718 3
1984 1784 2
2009 1809 2
2103 1903 2
2194 1994 2
2376 2076 2
2419 2219 2
2616 2416 2
2771 2571 2
2867 2667 3
2967 2767 2
3018 2718 2
3112 2912 3
3113 2913 2
3306 3106 2
3450 3150 3
3487 3287 3
3511 3311 2
3640 3440 2
3667 3467 2
3724 3524 3
3803 3603 2
4075 3875 2
4620 4320 3
4701 4501 2
4798 4598 2
4800 4500 2
4800 4600 3
4902 4602 3
5013 4813 3
5118 4818 3
5232 4932 3
5573 5373 2
5695 5495 2
5722 5522 2
5723 5523 3
5850 5650 2
5881 5681 2
5911 5711 3
5922 5722 3
6009 5809 3
6121 5921 2
6193 5993 2
6431 6231 2
6487 6287 2
6493 6293 3
6631 6431 2
6642 6342 3
6642 6442 2
6681 6481 3
6727 6527 2
6930 6730 2
6969 6769 2
7032 6832 2
7049 6849 3
7069 6869 3
7086 6886 2
7087 6887 3
7157 6957 2
7259 7059 3
7659 7459 3
7666 7466 2
7885 7685 2
8273 8073 2
8275 8075 3
8403 8203 2
8464 8264 2
8478 8178 2
8611 8411 2
8716 8516 2
8725 8525 3
8829 8629 2
9017 8817 3
9078 8778 2
9306 9106 3
9408 9108 2
9408 9108 3
9535 9335 3
9637 9437 3
9690 9490 2
9709 9509 2
9834 9634 2
10019 9819 2
10167 9967 2
328 128 2
352 152 2
413 213 2
429 229 3
468 268 2
478 278 3
571 371 2
724 524 2
726 526 2
837 637 2
961 761 2
961 761 3
973 773 3
1271 1071 2
1395 1195 3
1431 1231 2
1569 1369 2
1612 1412 2
1713 1513 2
1764 1464 3
1855 1655 2
1950 1750 3
1990 1790 3
2152 1952 2
2182 1982 2
2976 2776 2
3081 2881 2
3108 2808 2
3435 3235 2
3511 3311 2
3592 3392 3
3701 3501 3
3756 3456 2
3792 3592 3
3840 3540 2
3841 3641 3
3892 3692 2
4084 3884 2
4194 3994 2
4245 4045 2
4426 4226 2
4596 4396 3
4661 4461 2
4800 4500 3
4840 4640 2
5082 4882 2
5381 5181 2
5622 5422 3
5634 5334 2
5709 5509 2
5791 5591 2
5977 5777 2
6052 5852 3
6053 5853 2
6151 5951 3
6174 5974 2
6192 5992 2
6225 6025 3
6285 6085 2
6371 6171 2
6546 6246 3
6586 6386 2
6755 6555 2
6798 6498 2
7029 6829 2
7073 6873 2
7147 6947 2
7192 6992 2
7206 6906 2
7246 7046 2
7320 7120 3
7440 7240 2
7446 7246 2
7497 7297 2
7666 7466 2
7878 7578 3
7902 7702 2
8027 7827 3
8275 8075 2
8334 8134 2
8417 8217 2
8508 8308 3
8525 8325 3
8616 8416 2
8782 8582 3
8800 8600 2
8823 8623 2
8856 8556 3
8886 8686 2
9121 8921 2
9126 8826 3
9282 9082 2
9384 9184 2
9677 9477 2
9694 9494 2
9697 9497 2
9733 9533 2
9930 9630 2
10056 9856 2
10248 9948 2
204 4 2
292 92 2
294 94 3
558 358 2
691 491 2
774 474 3
1072 872 2
1117 917 2
1129 929 2
1140 840 3
1260 960 3
1613 1413 2
1914 1714 3
1944 1644 3
1995 1795 2
2080 1880 2
2098 1898 3
2329 2129 3
2349 2149 2
2442 2142 2
2477 2277 2
2591 2391 3
2694 2494 3
2706 2406 2
2740 2540 2
2826 2526 3
2878 2678 2
2949 2749 3
3023 2823 3
3048 2848 3
3084 2784 2
3187 2987 2
3267 3067 2
3477 3277 3
3558 3258 2
3580 3380 2
3618 3418 2
3957 3757 3
4002 3702 3
4014 3714 3
4017 3817 2
4027 3827 2
4068 3768 2
4200 4000 3
4212 4012 3
4366 4166 2
4417 4217 2
4458 4258 3
4505 4305 3
4572 4272 3
4620 4320 2
4746 4446 3
4771 4571 3
4779 4579 3
4891 4691 3
5223 5023 2
5388 5188 2
5551 5351 2
5586 5286 2
5595 5395 3
5616 5416 2
5676 5376 2
5718 5418 3
6007 5807 3
6342 6042 3
6480 6280 2
6541 6341 2
6660 6360 2
6666 6366 2
6670 6470 2
6747 6547 2
6906 6706 2
6952 6752 3
6982 6782 3
6993 6793 3
7026 6726 2
7110 6810 2
7212 7012 3
7229 7029 2
7249 7049 3
7281 7081 3
7379 7179 2
7416 7216 2
8013 7813 2
8100 7800 2
8134 7934 2
8254 8054 3
8417 8217 3
8517 8317 2
8662 8462 3
8730 8530 2
9112 8912 2
9138 8938 3
9444 9144 2
9516 9216 2
9719 9519 2
9778 9578 3
9802 9602 3
9834 9534 2
9975 9775 2
497 297 3
603 403 2
648 348 2
917 717 2
1128 828 2
1139 939 2
1150 950 2
1156 956 2
1463 1263 2
1686 1486 3
1707 1507 2
1751 1551 2
1800 1500 2
1941 1741 3
1944 1644 2
2027 1827 3
2134 1934 3
2231 2031 2
2518 2318 2
2563 2363 2
2586 2386 3
2597 2397 2
2597 2397 3
2697 2497 3
2734 2534 2
2841 2641 2
3090 2890 3
3330 3030 3
3401 3201 2
3401 3201 3
3527 3327 3
3732 3532 2
3921 3721 2
3975 3775 3
4012 3812 3
4074 3874 2
4150 3950 2
4230 4030 3
4356 4056 2
4452 4252 2
4739 4539 3
4781 4581 3
4813 4613 2
4974 4774 3
5010 4710 2
5229 5029 3
5508 5208 3
5539 5339 2
5605 5405 2
5703 5503 3
5754 5554 2
5776 5576 2
6125 5925 2
6129 5929 2
6239 6039 2
6397 6197 2
6545 6345 2
6633 6433 2
6646 6446 2
6738 6438 2
6760 6560 2
6808 6608 2
6940 6740 3
7120 6920 3
7212 6912 2
7395 7195 2
7449 7249 2
7737 7537 3
7749 7549 2
7803 7603 2
7933 7733 2
7974 7674 3
8062 7862 3
8068 7868 2
8127 7927 2
8170 7970 3
8304 8004 3
8449 8249 2
8491 8291 2
8537 8337 3
8697 8497 3
8769 8569 2
8823 8623 3
9023 8823 3
9042 8842 3
9071 8871 2
9222 9022 3
9245 9045 2
9378 9078 2
9444 9244 3
9580 9380 3
9595 9395 2
9654 9454 2
9702 9502 3
9816 9516 3
9821 9621 3
9945 9745 2
10073 9873 3
10140 9940 2
10159 9959 2
558 358 3
634 434 2
723 523 2
825 625 2
851 651 3
984 684 2
1263 1063 2
1309 1109 2
1336 1136 3
1486 1286 2
1650 1350 2
1671 1471 2
1915 1715 2
2056 1856 3
2275 2075 2
2425 2225 3
2620 2420 3
2621 2421 2
2794 2594 2
2877 2677 2
2880 2680 3
3167 2967 2
3407 3207 2
3426 3226 2
3545 3345 2
3574 3374 2
3834 3534 2
3946 3746 3
4032 3732 2
4041 3841 2
4284 4084 2
4338 4138 3
4404 4204 2
4458 4258 2
4639 4439 3
4704 4504 2
4728 4528 2
5015 4815 2
5161 4961 3
5226 4926 3
5236 5036 2
5491 5291 2
5515 5315 2
5615 5415 2
5644 5444 2
5679 5479 2
5910 5710 3
5949 5749 2
6042 5742 2
6192 5892 3
6323 6123 2
6354 6154 2
6649 6449 2
6651 6451 2
6708 6408 2
6790 6590 2
6875 6675 3
7043 6843 3
7119 6919 3
7206 7006 2
7258 7058 2
7362 7162 3
7503 7303 2
7543 7343 2
7552 7352 3
7932 7632 2
7933 7733 3
8043 7843 2
8070 7770 3
8183 7983 2
8497 8297 2
8517 8317 2
8556 8256 2
8620 8420 2
8653 8453 2
8753 8553 2
8884 8684 3
8947 8747 3
8982 8782 2
9006 8806 3
9021 8821 2
9072 8772 2
9079 8879 2
9085 8885 3
9090 8890 2
9120 8920 2
9138 8838 2
9156 8856 2
9282 8982 2
9306 9106 3
9317 9117 3
9379 9179 2
9540 9340 2
9606 9406 2
9624 9324 3
9751 9551 2
9899 9699 3
9990 9690 2
10098 9798 3
10122 9822 2
342 42 2
371 171 3
397 197 2
432 132 2
492 192 2
661 461 3
858 658 2
1085 885 3
1475 1275 2
1614 1314 2
1629 1429 3
1633 1433 2
1651 1451 3
1800 1500 3
1848 1548 3
1884 1584 3
1889 1689 2
2016 1816 2
2093 1893 3
2128 1928 2
2141 1941 2
2154 1854 3
2277 2077 2
2437 2237 3
2479 2279 2
2481 2281 3
2561 2361 3
2647 2447 2
2670 2370 3
2740 2540 3
2836 2636 2
3025 2825 2
3335 3135 2
3593 3393 2
3597 3397 2
3624 3324 3
3798 3598 3
3891 3691 3
4049 3849 2
4075 3875 3
4083 3883 3
4103 3903 2
4290 3990 2
4489 4289 3
4491 4291 2
4602 4302 2
4677 4477 2
4684 4484 3
4713 4513 3
4794 4594 3
4901 4701 2
4905 4705 2
4927 4727 3
5087 4887 2
5251 5051 2
5257 5057 2
5329 5129 3
5421 5221 2
5547 5347 3
5649 5449 3
5650 5450 2
5663 5463 2
5676 5476 3
5801 5601 2
5855 5655 2
5957 5757 2
5988 5788 2
6113 5913 2
6192 5992 2
6708 6408 2
6984 6784 3
7134 6934 2
7164 6964 3
7717 7517 3
7788 7488 3
7883 7683 3
8093 7893 3
8109 7909 2
8263 8063 2
8266 8066 2
8387 8187 2
8478 8178 2
8497 8297 2
8589 8389 2
8598 8298 2
8683 8483 3
8790 8490 3
8916 8716 3
8932 8732 2
9054 8854 2
9088 8888 2
9232 9032 2
9342 9142 3
9413 9213 2
9480 9280 2
9711 9511 3
9882 9682 2
9886 9686 2
9937 9737 2
10047 9847 2
235 35 3
324 24 3
510 210 3
581 381 3
635 435 2
858 558 3
907 707 2
924 624 2
929 729 3
943 743 2
945 745 2
978 778 2
983 783 3
1170 870 2
1660 1460 3
1671 1471 2
1689 1489 2
1690 1490 3
1747 1547 2
1782 1482 3
1845 1645 2
1859 1659 3
1863 1663 2
1866 1566 3
2128 1928 3
2154 1854 2
2323 2123 2
2575 2375 3
2590 2390 2
2626 2426 2
2661 2461 2
2751 2551 2
3060 2860 2
3183 2983 2
3270 2970 2
3378 3078 2
3613 3413 3
3753 3553 2
4162 3962 3
4165 3965 2
4389 4189 2
4396 4196 3
4599 4399 2
4607 4407 2
4662 4462 3
4731 4531 3
4872 4672 3
4875 4675 2
4878 4578 2
4915 4715 2
4986 4786 3
5010 4710 3
5056 4856 3
5310 5010 2
5531 5331 3
5545 5345 3
5609 5409 3
5802 5602 2
5803 5603 3
5826 5626 2
5868 5668 3
6407 6207 2
6426 6226 3
6432 6132 2
6493 6293 3
6703 6503 3
6901 6701 3
6919 6719 3
6979 6779 2
6983 6783 2
7215 7015 3
7231 7031 3
7237 7037 3
7379 7179 3
7507 7307 2
7763 7563 2
7894 7694 3
7975 7775 2
8020 7820 2
8093 7893 2
8175 7975 2
8289 8089 3
8418 8218 2
8424 8224 3
8430 8130 3
8478 8178 2
8542 8342 2
8611 8411 2
8622 8322 3
8655 8455 2
8703 8503 3
8982 8682 2
9063 8863 3
9085 8885 3
9111 8911 2
9124 8924 2
9563 9363 3
9754 9554 3
10114 9914 2
10158 9858 3
377 177 2
451 251 2
467 267 2
514 314 3
527 327 3
532 332 3
599 399 2
641 441 3
780 580 3
856 656 2
924 624 2
1231 1031 2
1397 1197 2
1594 1394 3
1752 1552 3
1879 1679 3
1942 1742 3
1961 1761 2
2064 1864 2
2273 2073 2
2364 2164 3
2479 2279 3
2502 2202 3
2562 2262 2
2611 2411 3
2633 2433 2
2661 2461 2
2677 2477 3
2935 2735 2
2999 2799 2
3037 2837 2
3042 2742 3
3121 2921 2
3391 3191 3
3395 3195 3
3526 3326 2
3685 3485 3
3963 3763 2
4162 3962 2
4224 4024 2
4235 4035 2
4380 4180 2
4487 4287 3
4493 4293 2
4554 4354 3
4583 4383 2
4763 4563 2
4769 4569 3
4804 4604 2
5151 4951 2
5164 4964 3
5303 5103 2
5338 5138 2
5430 5130 2
5580 5280 2
5608 5408 2
5953 5753 2
6192 5892 3
6366 6066 3
6619 6419 3
6673 6473 2
6777 6577 3
6814 6614 3
6858 6658 2
6870 6670 3
6923 6723 2
6949 6749 3
7039 6839 2
7054 6854 2
7194 6894 3
7218 6918 3
7251 7051 2
7320 7120 2
7509 7309 3
7581 7381 2
7777 7577 3
7943 7743 2
7962 7662 3
8013 7813 2
8071 7871 2
8241 8041 3
8268 7968 3
8322 8122 3
8351 8151 3
8386 8186 3
8611 8411 2
8769 8569 2
8879 8679 2
9076 8876 3
9093 8893 2
9154 8954 3
9245 9045 2
9391 9191 2
9407 9207 3
9654 9354 2
9760 9560 2
9852 9552 3
9855 9655 2
9996 9796 2
10185 9985 2
265 65 2
421 221 2
430 230 3
444 144 2
534 234 3
678 478 2
684 384 3
820 620 2
826 626 2
937 737 2
948 648 3
1102 902 2
1134 934 3
1338 1138 2
1809 1609 3
1833 1633 3
1878 1578 2
2038 1838 2
2267 2067 3
2277 2077 2
2862 2662 2
3084 2884 2
3221 3021 3
3327 3127 2
3348 3148 2
3564 3364 3
3612 3412 2
3693 3493 3
3701 3501 3
3757 3557 2
3759 3559 3
3847 3647 3
3982 3782 2
4041 3841 3
4079 3879 3
4081 3881 3
4113 3913 2
4129 3929 2
4254 4054 2
4359 4159 3
4378 4178 3
4516 4316 2
4535 4335 2
4696 4496 2
4990 4790 2
5003 4803 2
5229 5029 2
5230 5030 2
5367 5167 3
5369 5169 2
5431 5231 3
5526 5326 2
5543 5343 3
5628 5328 2
5731 5531 3
5847 5647 2
5941 5741 2
6160 5960 2
6189 5989 3
6207 6007 2
6228 6028 2
6285 6085 2
6372 6072 3
6772 6572 2
6888 6688 3
6901 6701 2
7127 6927 2
7270 7070 3
7320 7120 2
7362 7062 2
7407 7207 2
7435 7235 2
7477 7277 3
7672 7472 2
7960 7760 2
8088 7788 3
8118 7818 3
8139 7939 3
8400 8100 3
8769 8569 2
8770 8570 3
8850 8550 2
8877 8677 3
9373 9173 2
9432 9232 2
9480 9280 2
9594 9294 2
9629 9429 3
9636 9336 2
9658 9458 3
9697 9497 3
9750 9550 3
9825 9625 2
9837 9637 2
9874 9674 2
9912 9712 2
9951 9751 3
9969 9769 2
10134 9934 2
10137 9937 2
215 15 2
251 51 2
286 86 3
358 158 2
424 224 3
450 150 3
510 210 3
573 373 3
642 442 3
743 543 2
1007 807 2
1015 815 2
1021 821 3
1038 738 2
1211 1011 2
1235 1035 2
1266 1066 2
1273 1073 2
1444 1244 3
1642 1442 3
1783 1583 3
1843 1643 2
1920 1720 3
2004 1804 3
2014 1814 2
2322 2122 2
2346 2046 3
2350 2150 3
2399 2199 2
2591 2391 2
2625 2425 3
2634 2434 2
2667 2467 2
2701 2501 2
3030 2830 2
3075 2875 2
3090 2790 3
3096 2896 2
3124 2924 3
3347 3147 3
3783 3583 2
3903 3703 2
4026 3726 2
4479 4279 3
4582 4382 2
4626 4426 3
4867 4667 3
4896 4696 2
4979 4779 2
5027 4827 2
5175 4975 2
5226 4926 3
5353 5153 2
5548 5348 2
5601 5401 2
5652 5352 3
5939 5739 2
6198 5898 2
6346 6146 3
6364 6164 2
6418 6218 2
6456 6156 2
6569 6369 2
6580 6380 2
7164 6964 2
7374 7174 3
7381 7181 2
7421 7221 2
7626 7426 2
7672 7472 2
7701 7501 3
7701 7501 3
7800 7500 2
7842 7642 2
7944 7644 2
8009 7809 3
8235 8035 3
8328 8028 3
8395 8195 2
8417 8217 2
8458 8258 2
8622 8422 3
8643 8443 3
8700 8400 2
8752 8552 3
9034 8834 3
9084 8884 3
9133 8933 3
9220 9020 2
9342 9142 3
9363 9163 3
9546 9346 3
9575 9375 2
9588 9288 2
9612 9412 2
9714 9514 2
9760 9560 2
9834 9634 2
10006 9806 2
10049 9849 3
