500 100 117339
5 118 172
5 134 236
5 89 165
5 136 220
5 115 230
5 140 241
5 129 184
5 65 227
5 98 224
5 126 205
5 123 244
5 53 212
5 81 227
5 137 230
5 53 169
5 60 243
5 129 227
5 76 221
5 94 245
5 67 237
5 100 177
5 51 196
5 100 163
5 132 232
5 114 168
5 125 155
5 146 182
5 123 222
5 65 165
5 120 160
5 99 153
5 58 204
5 69 182
5 62 241
5 50 244
5 114 219
5 95 208
5 97 230
5 137 158
5 96 236
5 133 158
5 78 192
5 114 172
5 71 154
5 142 246
5 101 196
5 139 227
5 57 214
5 120 249
5 59 250
5 145 247
5 53 226
5 143 241
5 143 201
5 134 207
5 148 210
5 67 187
5 145 217
5 129 167
5 76 153
5 54 240
5 91 206
5 90 190
5 113 177
5 118 182
5 124 217
5 150 240
5 74 217
5 85 163
5 82 230
5 98 169
5 125 188
5 57 227
5 58 202
5 100 150
5 122 194
5 124 198
5 64 243
5 102 176
5 148 243
5 100 244
5 54 184
5 109 222
5 87 174
5 134 155
5 97 172
5 63 240
5 131 249
5 88 229
5 118 250
5 126 225
5 85 225
5 58 200
5 141 244
5 103 185
5 122 229
5 77 244
5 119 240
5 97 232
5 85 191
684 384 66
789 589 59
1102 902 57
1103 903 72
1254 954 68
417 217 68
703 503 61
1026 826 65
1033 833 72
1189 989 69
439 239 72
660 460 58
678 378 70
911 711 55
1165 965 60
471 271 64
514 314 68
780 580 69
996 696 61
1092 892 56
226 26 56
505 305 67
529 329 72
738 438 75
1032 832 62
369 169 61
369 169 74
781 581 55
787 587 61
983 783 62
237 37 70
322 122 61
391 191 75
829 629 65
1020 720 66
355 155 61
718 518 74
781 581 68
787 587 57
894 594 62
390 190 65
721 521 68
768 568 68
905 705 57
1125 925 75
640 440 59
768 568 64
1127 927 65
1127 927 72
1167 967 76
205 5 61
229 29 60
527 327 76
865 665 73
977 777 65
618 418 70
754 554 67
888 588 66
935 735 71
978 678 54
388 188 55
583 383 72
621 421 70
708 508 74
726 526 75
352 152 71
443 243 65
850 650 62
858 558 68
970 770 65
259 59 68
726 526 56
797 597 76
937 737 68
941 741 61
360 160 75
459 259 75
642 442 60
915 715 55
930 630 69
237 37 75
276 76 62
649 449 66
976 776 55
1086 886 60
227 27 68
408 208 73
615 415 58
663 463 61
819 619 65
334 134 58
568 368 56
598 398 73
724 524 59
1057 857 66
474 174 75
675 475 69
821 621 65
1086 886 56
1140 840 76
226 26 71
396 96 69
528 328 71
689 489 54
996 796 73
265 65 71
645 445 56
648 448 58
937 737 69
978 778 73
869 669 74
1086 886 65
1115 915 62
1144 944 55
1169 969 74
360 60 55
376 176 55
553 353 63
757 557 59
911 711 70
244 44 61
323 123 65
951 751 73
1008 708 64
1029 829 71
366 66 57
715 515 66
756 556 66
1176 976 67
1224 924 56
293 93 76
357 157 72
491 291 67
1015 815 76
1140 940 69
463 263 61
523 323 64
900 700 75
1005 805 55
1026 726 59
498 198 64
545 345 61
792 592 76
1044 844 65
1071 871 57
421 221 57
623 423 69
823 623 58
925 725 63
1037 837 72
672 472 72
825 625 74
970 770 63
1087 887 68
1121 921 64
475 275 75
486 186 59
772 572 61
823 623 60
959 759 63
347 147 61
575 375 72
655 455 65
748 548 54
881 681 68
340 140 70
378 178 56
472 272 68
485 285 66
729 529 75
616 416 60
754 554 65
883 683 72
994 794 68
1180 980 54
226 26 56
347 147 61
419 219 71
442 242 72
781 581 57
366 66 66
565 365 71
739 539 62
957 757 62
961 761 68
312 12 64
444 144 60
545 345 58
574 374 64
911 711 72
406 206 68
677 477 64
846 646 68
987 787 70
1102 902 69
454 254 64
498 298 70
636 436 55
886 686 57
918 618 72
274 74 57
298 98 71
318 18 62
851 651 60
1272 972 72
319 119 73
397 197 69
600 300 59
846 646 70
1086 886 58
580 380 66
933 733 68
1127 927 70
1164 964 76
1192 992 59
527 327 73
799 599 76
801 601 67
923 723 66
965 765 64
360 60 61
528 228 65
813 613 61
951 751 56
1192 992 64
501 301 67
643 443 58
936 736 59
972 672 54
1073 873 71
276 76 74
472 272 65
582 382 71
892 692 73
993 793 72
616 416 75
696 496 67
1155 955 63
1179 979 58
1230 930 65
558 358 70
619 419 68
660 460 76
1050 750 70
1182 882 57
555 355 70
594 394 67
690 390 64
748 548 60
810 610 59
417 217 57
705 505 66
918 718 57
1171 971 58
1194 994 69
282 82 70
522 222 63
747 547 55
1150 950 69
1199 999 64
222 22 72
673 473 61
780 580 64
906 706 60
952 752 66
502 302 54
563 363 58
594 294 62
603 403 76
1103 903 58
327 127 65
690 390 66
869 669 55
874 674 61
1153 953 68
255 55 61
564 364 57
625 425 66
768 468 73
910 710 71
276 76 59
334 134 63
420 220 66
591 391 61
1200 1000 64
294 94 62
425 225 76
527 327 68
593 393 76
699 499 76
413 213 64
490 290 72
915 715 67
922 722 58
1049 849 67
412 212 65
666 466 70
895 695 58
955 755 62
1110 810 72
357 157 55
857 657 76
871 671 59
1169 969 67
1242 942 56
366 66 72
432 232 69
575 375 74
985 785 73
1002 802 58
431 231 67
570 270 63
821 621 71
919 719 68
996 696 72
288 88 67
777 577 61
1003 803 74
1020 720 57
1200 900 61
234 34 60
241 41 57
337 137 75
555 355 55
1188 888 68
594 294 66
682 482 61
757 557 75
942 742 75
1155 955 55
511 311 65
589 389 75
720 420 71
1001 801 68
1168 968 73
233 33 56
717 517 71
732 532 65
940 740 57
984 684 74
511 311 70
624 424 62
665 465 65
1053 853 61
1072 872 67
729 529 71
774 574 68
841 641 54
978 678 73
1113 913 68
585 385 69
606 306 72
910 710 75
1180 980 56
1192 992 61
318 118 62
713 513 61
777 577 71
889 689 74
895 695 73
237 37 55
324 124 59
948 648 61
960 660 70
982 782 61
304 104 69
526 326 72
901 701 56
911 711 71
1224 924 57
274 74 76
450 150 56
532 332 68
822 622 76
958 758 75
429 229 68
789 589 62
832 632 75
965 765 70
1188 888 71
279 79 75
411 211 60
892 692 74
966 666 60
1036 836 71
211 11 55
317 117 54
371 171 66
477 277 66
501 301 59
423 223 61
654 454 75
741 541 64
868 668 59
1155 955 69
659 459 69
888 688 64
917 717 68
1140 840 68
1185 985 69
497 297 71
988 788 66
994 794 59
1164 964 60
1175 975 57
202 2 73
591 391 71
811 611 58
907 707 59
1102 902 73
304 104 70
425 225 60
822 622 70
887 687 67
1140 840 67
432 232 73
744 544 57
919 719 63
1098 798 57
1140 940 66
393 193 59
471 271 70
831 631 56
882 682 71
1104 904 76
215 15 69
275 75 68
383 183 64
563 363 61
780 580 74
384 84 60
450 150 57
665 465 68
915 715 66
989 789 66
618 318 60
640 440 75
816 516 64
1176 876 74
1224 924 58
400 200 59
406 206 60
407 207 65
996 696 61
1194 894 71
397 197 65
1000 800 57
1110 910 54
1147 947 57
1167 967 71
276 76 61
367 167 74
435 235 57
755 555 67
1080 780 74
465 265 72
544 344 71
706 506 71
714 514 59
936 636 69
426 126 62
477 277 75
486 186 69
508 308 76
1107 907 62
262 62 57
761 561 68
863 663 57
989 789 55
1206 906 76
256 56 67
321 121 75
804 604 67
972 672 58
1134 934 75
592 392 70
736 536 54
736 536 60
847 647 55
864 664 57
472 272 67
520 320 73
540 340 60
661 461 58
865 665 60
238 38 55
309 109 64
537 337 70
699 499 60
1038 838 76
426 226 66
719 519 57
809 609 62
900 600 61
1167 967 57
213 13 68
430 230 63
695 495 57
779 579 74
871 671 56
