100 20 26329
5 100 243
5 81 198
5 76 206
5 68 211
5 101 182
5 122 230
5 103 187
5 116 200
5 93 163
5 108 248
5 82 211
5 50 183
5 121 196
5 141 173
5 124 177
5 123 222
5 89 202
5 91 176
5 99 161
5 50 155
231 31 60
407 207 55
483 283 66
649 449 60
1189 989 56
217 17 59
324 124 50
507 307 64
894 594 57
894 594 64
334 134 51
528 328 57
592 392 54
688 488 52
959 759 54
343 143 54
689 489 56
781 581 49
828 528 66
1137 937 49
297 97 49
462 162 57
912 612 58
937 737 58
1002 702 65
336 36 60
516 316 52
540 340 62
546 346 55
1077 877 49
586 386 65
918 718 64
1002 802 60
1159 959 55
1194 894 52
731 531 62
774 574 66
858 658 51
1063 863 51
1116 816 64
450 250 56
582 382 48
628 428 58
883 683 58
1254 954 55
361 161 57
396 96 54
815 615 62
1019 819 62
1098 798 52
318 118 54
744 444 62
816 516 52
936 736 54
1056 856 66
360 160 57
414 214 59
757 557 48
840 640 51
1158 858 49
299 99 57
474 174 54
509 309 65
526 326 53
696 496 48
426 126 48
463 263 56
917 717 55
979 779 60
1164 864 56
454 254 48
492 192 54
903 703 52
955 755 52
1140 940 50
492 292 54
538 338 51
714 514 48
888 588 53
1090 890 52
257 57 54
475 275 52
711 511 56
834 634 64
1053 853 55
221 21 62
466 266 64
622 422 49
636 336 59
1149 949 64
609 409 57
642 442 55
1054 854 65
1169 969 62
1189 989 54
420 220 66
504 204 55
623 423 52
841 641 55
1296 996 57
