2000 20 5131996
100 147 170
100 66 151
100 55 200
100 59 181
100 141 204
100 52 170
100 114 183
100 89 190
100 58 231
100 51 247
100 95 243
100 134 193
100 82 157
100 120 216
100 58 155
100 149 199
100 52 154
100 57 193
100 66 219
100 141 207
400 200 2
543 343 2
600 400 3
633 433 3
636 336 3
863 663 2
870 570 2
1293 1093 2
1374 1174 2
1410 1110 3
1659 1459 3
1673 1473 2
1686 1486 3
1913 1713 2
2074 1874 3
2115 1915 3
2167 1967 3
2302 2102 3
2328 2028 2
2347 2147 2
2417 2217 2
2523 2323 2
2556 2256 2
2958 2658 2
2985 2785 3
3114 2914 3
3135 2935 2
3238 3038 3
3241 3041 3
3281 3081 2
3319 3119 3
3346 3146 2
3369 3169 2
3393 3193 2
3435 3235 3
3522 3322 2
3702 3402 3
3955 3755 2
3970 3770 3
4041 3841 2
4114 3914 2
4251 4051 2
4343 4143 2
4380 4080 2
4647 4447 2
4723 4523 2
4806 4606 2
5059 4859 2
5136 4936 2
5418 5118 3
5424 5224 2
5495 5295 2
5521 5321 2
5566 5366 3
5743 5543 2
5836 5636 3
5866 5666 2
5975 5775 2
6042 5842 3
6175 5975 2
6229 6029 2
6232 6032 2
6336 6036 2
6438 6238 2
6485 6285 2
6574 6374 3
6628 6428 2
6641 6441 2
6724 6524 2
6769 6569 2
6798 6598 3
6816 6516 2
7043 6843 3
7069 6869 2
7131 6931 2
7361 7161 3
7497 7297 2
7600 7400 2
7755 7555 2
7830 7630 3
7849 7649 2
7878 7678 2
8052 7852 3
8440 8240 3
8458 8258 2
8724 8524 3
8837 8637 2
8944 8744 2
9300 9100 2
9349 9149 3
9372 9172 2
9405 9205 2
9411 9211 2
9447 9247 2
9540 9240 2
9838 9638 2
9939 9739 2
10057 9857 3
10074 9874 2
10170 9870 2
211 11 3
474 274 3
847 647 2
852 652 3
918 618 2
1029 829 3
1074 874 2
1093 893 2
1164 964 3
1234 1034 3
1241 1041 2
1330 1130 3
1404 1204 2
1434 1134 3
1614 1414 2
1635 1435 2
1698 1498 2
1817 1617 2
1837 1637 2
2131 1931 3
2285 2085 2
2352 2152 3
2542 2342 2
2561 2361 2
2766 2566 3
2793 2593 3
2950 2750 3
3138 2938 2
3235 3035 3
3273 3073 2
3274 3074 3
3285 3085 3
3385 3185 2
3695 3495 3
3708 3408 2
3789 3589 2
4036 3836 3
4072 3872 2
4191 3991 2
4233 4033 2
4258 4058 2
4285 4085 2
4381 4181 2
4656 4356 3
4662 4462 3
4673 4473 2
4876 4676 2
4990 4790 3
5197 4997 2
5429 5229 2
5921 5721 2
5923 5723 3
5955 5755 3
6030 5830 3
6047 5847 3
6125 5925 2
6204 6004 2
6213 6013 2
6295 6095 3
6311 6111 2
6516 6316 2
6636 6436 3
6738 6538 2
6802 6602 2
6888 6688 2
6958 6758 2
7119 6919 3
7175 6975 3
7191 6991 2
7192 6992 3
7511 7311 2
7684 7484 2
7740 7440 2
7801 7601 2
7865 7665 2
7924 7724 2
8074 7874 2
8117 7917 3
8166 7866 3
8237 8037 3
8248 8048 2
8260 8060 3
8280 7980 2
8549 8349 2
8597 8397 2
8671 8471 2
8698 8498 2
8704 8504 2
8721 8521 3
9042 8842 3
9150 8850 3
9498 9198 3
9583 9383 3
9603 9403 2
9635 9435 3
9725 9525 3
9954 9654 3
10023 9823 2
10167 9967 2
10179 9979 2
234 34 2
306 6 2
348 48 2
363 163 2
365 165 2
426 226 2
498 298 2
558 358 3
601 401 2
609 409 3
750 450 3
851 651 3
901 701 2
966 766 3
971 771 3
972 672 3
1053 853 2
1105 905 3
1206 1006 2
1246 1046 2
1361 1161 3
1373 1173 3
1468 1268 3
1579 1379 3
1678 1478 2
1692 1492 2
1769 1569 2
1873 1673 3
1933 1733 2
2033 1833 2
2212 2012 3
2248 2048 3
2256 1956 3
2268 1968 3
2517 2317 2
2622 2422 2
2697 2497 3
2793 2593 2
3157 2957 3
3255 3055 2
3310 3110 2
3437 3237 2
3462 3262 3
3508 3308 3
3528 3328 2
3579 3379 2
3879 3679 2
3903 3703 3
4229 4029 2
4318 4118 2
4380 4080 3
4427 4227 2
4534 4334 3
4535 4335 3
4770 4570 2
4797 4597 2
4813 4613 2
4867 4667 2
5118 4918 3
5247 5047 2
5272 5072 3
5531 5331 2
5574 5274 3
5613 5413 3
5999 5799 3
6100 5900 3
6207 6007 3
6390 6190 2
6405 6205 3
6420 6120 2
6426 6226 3
6621 6421 2
6829 6629 2
6856 6656 2
6885 6685 2
6973 6773 2
6996 6796 2
7171 6971 3
7188 6988 2
7216 7016 2
7354 7154 2
7601 7401 2
7883 7683 2
7926 7726 2
7965 7765 2
8229 8029 2
8303 8103 2
8418 8118 3
8442 8142 3
8448 8148 2
8718 8518 2
9139 8939 2
9198 8898 2
9318 9118 2
9342 9042 3
9519 9319 3
9876 9576 2
10091 9891 2
10119 9919 2
10200 9900 2
371 171 2
396 196 3
671 471 2
715 515 3
816 616 3
856 656 3
1023 823 2
1119 919 3
1164 864 2
1241 1041 2
1572 1272 2
1692 1492 2
1781 1581 2
1806 1506 3
2008 1808 2
2097 1897 2
2148 1848 3
2364 2164 3
2401 2201 2
2433 2233 2
2451 2251 2
2529 2329 2
2573 2373 3
2610 2310 2
2626 2426 3
2772 2572 2
2782 2582 3
2796 2596 2
2831 2631 3
2907 2707 2
3057 2857 3
3312 3112 3
3478 3278 3
3520 3320 3
3537 3337 3
3603 3403 2
3624 3424 3
3647 3447 2
3759 3559 2
3780 3580 2
3864 3564 3
3919 3719 2
3957 3757 2
4083 3883 3
4134 3934 2
4239 4039 2
4282 4082 3
4288 4088 3
4325 4125 2
4392 4092 2
4395 4195 3
4488 4188 2
4630 4430 3
4654 4454 2
4779 4579 3
4843 4643 3
4939 4739 3
4950 4650 2
5011 4811 2
5194 4994 2
5287 5087 3
5316 5116 3
5362 5162 2
5369 5169 2
5488 5288 2
5495 5295 3
5589 5389 2
5664 5364 2
6078 5778 3
6137 5937 2
6197 5997 2
6234 6034 2
6651 6451 2
6874 6674 2
6889 6689 2
7044 6744 2
7200 6900 2
7429 7229 2
7500 7200 3
7582 7382 2
7908 7608 2
7967 7767 2
8139 7939 3
8182 7982 3
8207 8007 2
8434 8234 2
8725 8525 3
8766 8466 2
9004 8804 3
9066 8766 2
9144 8844 3
9233 9033 3
9378 9178 2
9736 9536 2
9783 9583 3
9823 9623 2
9887 9687 2
9988 9788 2
10134 9934 2
10170 9970 2
256 56 2
526 326 3
547 347 3
647 447 2
694 494 2
1127 927 3
1171 971 2
1180 980 3
1235 1035 3
1293 1093 2
1300 1100 3
1324 1124 2
1425 1225 3
1471 1271 3
1626 1326 2
1807 1607 2
1836 1636 2
1899 1699 3
2034 1734 3
2100 1800 2
2125 1925 2
2184 1984 3
2271 2071 3
2305 2105 2
2470 2270 2
2628 2428 2
2988 2788 2
2999 2799 3
3190 2990 3
3198 2898 2
3215 3015 2
3228 3028 2
3232 3032 2
3399 3199 2
3426 3226 2
3504 3304 3
3755 3555 3
3789 3589 2
4083 3883 2
4132 3932 3
4149 3949 2
4247 4047 3
4313 4113 3
4345 4145 2
4541 4341 3
4543 4343 2
4845 4645 3
4950 4650 3
4950 4750 2
5033 4833 3
5037 4837 3
5165 4965 2
5248 5048 2
5388 5088 3
5429 5229 2
5472 5272 3
5479 5279 2
5775 5575 3
5777 5577 3
5868 5668 2
5871 5671 2
5957 5757 2
6031 5831 2
6131 5931 2
6648 6448 2
6726 6426 2
6838 6638 2
6947 6747 3
6961 6761 2
7011 6811 3
7223 7023 2
7225 7025 3
7253 7053 3
7254 7054 2
7318 7118 3
7362 7062 2
7410 7110 3
7437 7237 2
7578 7378 2
7680 7380 3
7894 7694 2
8159 7959 2
8218 8018 2
8257 8057 2
8458 8258 3
8538 8338 2
8662 8462 2
8859 8659 3
8871 8671 2
9179 8979 2
9240 9040 3
9252 8952 3
9331 9131 2
9409 9209 2
9622 9422 2
9714 9514 2
9771 9571 2
9883 9683 2
9960 9760 2
10041 9841 2
204 4 2
376 176 2
694 494 2
730 530 3
753 553 2
837 637 2
897 697 3
929 729 2
951 751 3
997 797 3
1009 809 2
1069 869 3
1099 899 2
1125 925 3
1267 1067 3
1407 1207 3
1431 1231 3
1437 1237 3
1603 1403 2
1743 1543 2
1839 1639 3
1873 1673 2
1885 1685 3
1956 1656 2
2016 1716 2
2082 1782 2
2095 1895 3
2128 1928 2
2208 1908 2
2236 2036 2
2316 2116 2
2440 2240 2
2465 2265 3
2519 2319 2
2663 2463 2
2790 2490 2
3061 2861 2
3169 2969 2
3210 2910 2
3221 3021 3
3226 3026 2
3228 2928 3
3319 3119 2
3401 3201 2
3546 3346 3
3731 3531 2
3732 3432 2
3760 3560 2
3946 3746 2
3973 3773 2
4066 3866 2
4245 4045 2
4375 4175 2
4386 4086 2
4435 4235 2
4615 4415 2
4716 4416 3
4804 4604 2
4917 4717 3
4949 4749 3
5028 4828 3
5057 4857 2
5399 5199 2
5399 5199 3
5418 5218 2
5460 5260 2
5694 5394 3
5749 5549 3
6100 5900 2
6436 6236 3
6528 6328 3
6592 6392 3
6655 6455 3
6785 6585 3
6816 6616 3
6882 6582 2
7066 6866 2
7169 6969 2
7212 6912 3
7380 7180 3
7540 7340 2
7680 7480 3
7809 7609 2
7901 7701 3
7912 7712 2
7942 7742 3
8124 7824 3
8277 8077 2
8301 8101 2
8314 8114 3
8887 8687 2
9048 8748 2
9249 9049 2
9318 9118 2
9450 9250 3
9556 9356 3
9845 9645 2
10002 9802 2
10063 9863 2
10179 9979 3
202 2 3
439 239 2
538 338 2
711 511 2
766 566 2
934 734 3
1001 801 2
1187 987 2
1249 1049 2
1278 978 3
1314 1114 2
1367 1167 2
1468 1268 2
1702 1502 2
1866 1666 3
1956 1656 2
2085 1885 2
2085 1885 2
2187 1987 2
2580 2280 3
2699 2499 3
2746 2546 2
2803 2603 3
2959 2759 2
3006 2706 3
3070 2870 3
3090 2790 2
3156 2856 2
3172 2972 3
3364 3164 2
3622 3422 2
3720 3420 2
3976 3776 2
3979 3779 2
3983 3783 2
4176 3876 3
4465 4265 3
4485 4285 2
4512 4312 3
4536 4336 2
4548 4248 2
4713 4513 2
4721 4521 3
4777 4577 3
4961 4761 2
5043 4843 2
5121 4921 2
5201 5001 2
5326 5126 3
5376 5176 3
5502 5202 2
5551 5351 2
5784 5484 2
5793 5593 2
5851 5651 2
5860 5660 2
5979 5779 2
6072 5772 2
6173 5973 2
6240 5940 2
6310 6110 2
6354 6054 3
6378 6078 2
6396 6196 2
6541 6341 2
6696 6396 2
6810 6610 2
6936 6736 3
7139 6939 3
7283 7083 3
7356 7156 3
7446 7246 2
7606 7406 2
7607 7407 2
7612 7412 2
7671 7471 2
7819 7619 2
7827 7627 3
7924 7724 3
7931 7731 2
7960 7760 2
8045 7845 3
8139 7939 3
8235 8035 2
8244 8044 3
8400 8100 3
8471 8271 3
8479 8279 2
8550 8250 2
8631 8431 3
8788 8588 2
9103 8903 3
9285 9085 3
9389 9189 3
9660 9360 3
9989 9789 2
10132 9932 2
10141 9941 2
10156 9956 2
10179 9979 2
222 22 3
237 37 2
402 202 2
425 225 2
721 521 3
760 560 3
786 486 2
852 652 2
887 687 3
927 727 2
1193 993 3
1308 1108 2
1319 1119 2
1420 1220 2
1470 1170 2
1491 1291 2
1579 1379 2
1611 1411 2
1809 1609 3
1834 1634 2
1905 1705 3
2039 1839 2
2328 2128 2
2560 2360 3
2711 2511 3
2868 2668 3
2886 2586 2
2964 2664 2
3016 2816 2
3292 3092 2
3388 3188 2
3549 3349 3
4043 3843 2
4157 3957 3
4236 4036 2
4281 4081 2
4374 4174 3
4384 4184 3
4475 4275 3
4525 4325 2
4619 4419 3
4641 4441 3
4789 4589 2
4895 4695 2
4968 4668 3
4985 4785 2
5068 4868 2
5123 4923 2
5149 4949 3
5430 5130 2
5523 5323 2
5536 5336 2
5625 5425 2
5728 5528 2
5809 5609 3
5941 5741 2
5952 5752 2
6010 5810 2
6085 5885 3
6258 5958 2
6354 6054 2
6445 6245 3
6606 6306 3
6635 6435 2
6708 6508 2
6793 6593 2
6999 6799 2
7029 6829 3
7093 6893 3
7144 6944 3
7307 7107 2
7434 7234 3
7481 7281 3
7705 7505 2
7811 7611 3
7854 7654 3
7930 7730 3
8007 7807 2
8283 8083 2
8334 8134 2
8434 8234 2
8446 8246 3
8527 8327 2
8826 8526 3
8909 8709 2
8947 8747 3
8987 8787 2
9076 8876 2
9204 8904 3
9336 9036 3
9432 9132 3
9533 9333 2
9621 9421 3
9768 9568 3
9837 9637 3
9928 9728 3
9942 9742 3
9985 9785 3
10075 9875 3
10284 9984 3
283 83 3
403 203 2
426 126 2
546 346 3
697 497 2
717 517 3
749 549 2
753 553 3
796 596 2
871 671 2
936 636 3
954 654 2
1093 893 2
1194 894 2
1265 1065 3
1317 1117 3
1343 1143 2
1380 1080 3
1503 1303 2
1563 1363 3
1594 1394 2
1672 1472 2
2123 1923 3
2167 1967 2
2176 1976 3
2442 2242 3
2565 2365 2
2574 2374 3
2668 2468 2
2767 2567 3
2865 2665 2
2975 2775 3
3031 2831 2
3081 2881 3
3336 3136 2
3450 3150 3
3487 3287 3
3552 3252 3
4020 3820 2
4026 3726 2
4039 3839 2
4246 4046 2
4397 4197 2
4465 4265 2
4510 4310 2
4524 4224 3
4603 4403 2
4639 4439 2
4660 4460 3
4818 4618 3
5241 5041 3
5248 5048 2
5393 5193 3
5411 5211 2
5416 5216 2
5721 5521 2
5855 5655 2
5872 5672 2
5877 5677 2
5950 5750 2
5971 5771 2
5986 5786 2
6033 5833 2
6222 5922 2
6237 6037 3
6247 6047 2
6390 6190 2
6396 6096 2
6522 6322 3
6691 6491 3
6736 6536 2
6871 6671 3
6964 6764 2
6991 6791 3
7032 6832 2
7477 7277 2
7551 7351 2
7569 7369 3
7855 7655 2
7858 7658 3
7945 7745 2
8295 8095 2
8391 8191 3
8442 8242 2
8537 8337 2
8681 8481 3
8686 8486 3
8733 8533 3
8763 8563 2
8808 8608 2
8868 8668 2
8995 8795 3
8999 8799 2
9444 9244 3
9540 9240 3
9636 9336 2
9731 9531 2
9750 9450 2
9807 9607 2
9990 9790 2
258 58 3
477 277 2
629 429 3
671 471 3
804 604 2
1048 848 3
1051 851 2
1074 774 3
1161 961 3
1179 979 2
1206 906 2
1396 1196 3
1462 1262 2
1475 1275 2
1494 1294 2
1612 1412 3
1618 1418 2
1789 1589 2
1890 1590 3
1948 1748 3
2011 1811 2
2100 1900 3
2143 1943 3
2172 1972 3
2274 2074 3
2571 2371 2
2736 2436 2
2988 2688 3
3013 2813 3
3061 2861 2
3172 2972 2
3217 3017 2
3349 3149 2
3595 3395 3
3624 3324 3
3822 3622 2
3941 3741 2
4041 3841 2
4059 3859 2
4074 3874 2
4146 3946 2
4284 4084 2
4287 4087 3
4333 4133 2
4445 4245 2
4661 4461 3
4762 4562 2
4894 4694 3
4983 4783 2
4992 4792 3
5031 4831 2
5161 4961 3
5166 4966 2
5178 4978 3
5304 5004 2
5460 5160 2
5605 5405 3
5777 5577 3
5778 5478 2
5973 5773 2
6310 6110 3
6378 6078 2
6487 6287 2
6606 6406 2
6839 6639 3
6953 6753 2
7158 6858 3
7195 6995 2
7236 7036 2
7258 7058 2
7287 7087 2
7488 7188 2
7541 7341 3
7590 7290 3
7605 7405 3
7663 7463 2
7723 7523 2
7734 7434 2
7775 7575 2
7961 7761 2
7973 7773 2
8171 7971 2
8190 7990 2
8273 8073 3
8331 8131 3
8484 8184 3
8800 8600 2
8824 8624 2
8884 8684 2
9095 8895 3
9259 9059 2
9335 9135 3
9360 9060 2
9415 9215 2
9585 9385 2
9653 9453 3
9843 9643 3
10000 9800 3
10191 9991 2
10278 9978 2
298 98 2
441 241 3
477 277 2
666 366 3
748 548 2
859 659 2
1410 1210 3
1470 1170 2
1481 1281 2
1584 1384 3
1613 1413 2
1638 1338 3
1728 1528 2
1728 1528 2
1786 1586 2
1875 1675 2
2092 1892 2
2236 2036 3
2350 2150 2
2449 2249 2
2610 2410 3
2664 2364 2
2848 2648 2
2875 2675 3
2897 2697 2
2988 2688 3
3048 2748 2
3168 2868 2
3225 3025 2
3267 3067 2
3468 3268 3
3684 3484 2
3708 3408 3
4366 4166 3
4715 4515 2
4830 4530 3
4878 4578 3
4959 4759 3
5101 4901 2
5111 4911 2
5244 4944 2
5400 5100 2
5400 5100 3
5424 5124 2
5436 5136 2
5487 5287 2
5806 5606 3
5885 5685 2
5962 5762 2
6071 5871 3
6132 5832 2
6149 5949 2
6167 5967 3
6229 6029 2
6354 6054 3
6394 6194 2
6546 6246 2
6613 6413 2
6652 6452 2
6666 6366 2
6696 6396 2
6738 6538 3
6858 6658 2
6918 6618 2
7123 6923 2
7266 7066 2
7278 6978 2
7285 7085 2
7325 7125 2
7349 7149 2
7359 7159 3
7440 7140 3
7465 7265 2
7536 7236 2
7563 7363 3
7744 7544 2
7872 7672 2
8080 7880 3
8317 8117 3
8394 8194 2
8440 8240 2
8581 8381 3
8584 8384 3
8598 8298 2
8631 8431 2
8729 8529 3
9126 8926 2
9186 8886 3
9437 9237 3
9483 9283 2
9564 9364 2
9666 9466 2
9731 9531 2
9906 9706 2
9919 9719 2
9976 9776 3
9985 9785 2
10035 9835 2
10066 9866 2
10186 9986 3
285 85 2
549 349 3
571 371 3
576 276 2
617 417 2
724 524 2
804 504 2
906 606 3
910 710 2
1048 848 3
1164 864 2
1189 989 2
1253 1053 3
1389 1189 2
1504 1304 3
1822 1622 3
2130 1830 3
2187 1987 3
2211 2011 2
2226 2026 3
2269 2069 2
2423 2223 2
2448 2248 2
2590 2390 2
2850 2550 3
2872 2672 3
3039 2839 3
3078 2878 2
3384 3084 3
3537 3337 3
3581 3381 3
3713 3513 2
3742 3542 2
3774 3474 2
3821 3621 2
3911 3711 2
3989 3789 2
4219 4019 3
4261 4061 2
4368 4068 3
4415 4215 3
4444 4244 3
4536 4236 3
4555 4355 2
4668 4368 2
4884 4684 3
4965 4765 2
4993 4793 2
5381 5181 2
5430 5230 2
5448 5148 2
5556 5256 3
5717 5517 2
5718 5518 2
5841 5641 2
5892 5692 2
6126 5926 2
6227 6027 3
6378 6178 3
6441 6241 3
6670 6470 2
7085 6885 3
7224 7024 2
7269 7069 3
7307 7107 2
7348 7148 2
7410 7210 2
7474 7274 2
7507 7307 2
7519 7319 2
7620 7320 3
7758 7458 3
7995 7795 2
8061 7861 2
8283 8083 3
8284 8084 2
8285 8085 3
8400 8200 3
8452 8252 3
8517 8317 3
8556 8356 3
8718 8518 3
8736 8436 2
8748 8548 2
8811 8611 2
8811 8611 3
8833 8633 2
8907 8707 2
8909 8709 3
8970 8670 2
9349 9149 2
9425 9225 3
9477 9277 2
9495 9295 2
9598 9398 3
9654 9454 2
9840 9640 2
9887 9687 2
9894 9594 2
10132 9932 2
391 191 3
448 248 2
480 180 3
529 329 2
631 431 2
766 566 2
1263 1063 2
1362 1062 3
1398 1098 3
1439 1239 2
1445 1245 2
1539 1339 2
1541 1341 2
1842 1642 3
1870 1670 2
2020 1820 3
2176 1976 3
2245 2045 3
2373 2173 2
2435 2235 3
2448 2248 2
2451 2251 3
2573 2373 2
2593 2393 3
2644 2444 3
2704 2504 3
2721 2521 2
2831 2631 2
3009 2809 2
3011 2811 3
3246 3046 2
3286 3086 2
3379 3179 3
3456 3156 3
3621 3421 2
3657 3457 3
3693 3493 3
4131 3931 2
4162 3962 3
4171 3971 3
4265 4065 2
4309 4109 2
4386 4186 3
4446 4246 2
4509 4309 2
4747 4547 2
5028 4828 3
5063 4863 2
5101 4901 3
5232 5032 2
5424 5124 2
5454 5154 2
5549 5349 3
5614 5414 2
5640 5440 2
5664 5464 2
5928 5728 2
6007 5807 2
6294 5994 2
6480 6180 2
6489 6289 2
6570 6370 3
6603 6403 2
6708 6408 3
6777 6577 3
6829 6629 3
6957 6757 3
6983 6783 3
7005 6805 3
7018 6818 3
7267 7067 2
7390 7190 2
7421 7221 3
7425 7225 2
7428 7228 2
7498 7298 3
7738 7538 2
7823 7623 3
7883 7683 2
7902 7702 3
7938 7738 3
8031 7831 2
8057 7857 2
8209 8009 3
8266 8066 3
8351 8151 2
8359 8159 3
8394 8194 3
8586 8286 2
8604 8404 2
8766 8566 3
8956 8756 3
9047 8847 2
9084 8884 2
9157 8957 3
9335 9135 2
10033 9833 2
10067 9867 3
10119 9919 2
10200 9900 3
301 101 2
379 179 2
493 293 3
538 338 3
606 406 2
629 429 2
635 435 3
675 475 2
832 632 3
1403 1203 3
1753 1553 3
1758 1458 2
1767 1567 3
1776 1476 2
1835 1635 2
2115 1915 2
2275 2075 2
2296 2096 2
2327 2127 3
2355 2155 3
2397 2197 3
2418 2218 3
2469 2269 2
2477 2277 3
2749 2549 3
2779 2579 2
2790 2590 3
2842 2642 3
2967 2767 2
2979 2779 2
2982 2682 2
3017 2817 2
3126 2926 2
3378 3178 3
3436 3236 3
3636 3436 3
3918 3718 3
3929 3729 3
4057 3857 2
4103 3903 3
4195 3995 2
4203 4003 3
4278 3978 2
4342 4142 2
4475 4275 2
4548 4248 2
4614 4414 3
5002 4802 2
5149 4949 2
5253 5053 3
5297 5097 2
5388 5088 2
5544 5244 3
5609 5409 3
5725 5525 3
5785 5585 2
5839 5639 3
6054 5854 2
6144 5944 3
6252 5952 2
6285 6085 3
6372 6072 2
6557 6357 2
6695 6495 3
6723 6523 3
6768 6468 2
7047 6847 3
7335 7135 2
7506 7206 2
7595 7395 2
7657 7457 2
7739 7539 3
7788 7588 3
7919 7719 3
7972 7772 2
8025 7825 3
8133 7933 3
8273 8073 2
8502 8302 2
8511 8311 3
8604 8404 3
8719 8519 3
8727 8527 2
8729 8529 2
8760 8560 2
8766 8566 2
9004 8804 3
9263 9063 2
9263 9063 3
9348 9148 3
9460 9260 3
9528 9228 3
9535 9335 2
9581 9381 3
9857 9657 2
9930 9730 2
9995 9795 2
9996 9696 3
10165 9965 2
10179 9979 2
384 84 2
649 449 3
783 583 2
871 671 2
976 776 2
1015 815 3
1152 852 2
1187 987 3
1195 995 3
1259 1059 2
1307 1107 2
1740 1440 3
1747 1547 2
1895 1695 3
1983 1783 2
1997 1797 2
2202 1902 3
2208 2008 2
2253 2053 3
2278 2078 2
2399 2199 3
2484 2284 2
2664 2364 2
2706 2406 2
2741 2541 2
2759 2559 3
2844 2644 2
2865 2665 2
3228 3028 2
3335 3135 2
3361 3161 2
3402 3202 3
3563 3363 2
3581 3381 3
3615 3415 3
3681 3481 3
3813 3613 2
3840 3540 2
3865 3665 2
4403 4203 3
4709 4509 3
4819 4619 2
4921 4721 3
4997 4797 2
4999 4799 3
5101 4901 3
5145 4945 2
5248 5048 2
5259 5059 2
5309 5109 2
5427 5227 3
5731 5531 2
5784 5584 3
5802 5602 2
5875 5675 3
5955 5755 2
6279 6079 2
6331 6131 3
6381 6181 3
6461 6261 2
6505 6305 2
6707 6507 2
6834 6634 2
6923 6723 2
6963 6763 2
7410 7110 2
7488 7188 3
7505 7305 2
7708 7508 2
7757 7557 3
7855 7655 3
8058 7758 2
8117 7917 3
8139 7939 2
8320 8120 2
8375 8175 3
8562 8262 2
8586 8286 3
8653 8453 3
8753 8553 3
8802 8602 3
8836 8636 2
8881 8681 3
8896 8696 2
9124 8924 2
9165 8965 3
9216 9016 2
9265 9065 3
9313 9113 3
9427 9227 3
9504 9304 2
9528 9228 3
9807 9607 3
9838 9638 2
9882 9582 2
9960 9660 3
10075 9875 3
10116 9816 2
10158 9858 2
10254 9954 3
318 118 2
322 122 2
360 60 2
366 66 3
373 173 2
457 257 2
471 271 3
514 314 3
528 228 3
738 538 2
877 677 3
930 730 2
966 666 2
1026 826 2
1077 877 2
1335 1135 2
1404 1204 3
1617 1417 3
1648 1448 3
2535 2335 2
2673 2473 2
2676 2376 3
2700 2500 2
2730 2430 2
2763 2563 3
3174 2974 2
3544 3344 3
3580 3380 3
3697 3497 3
3718 3518 3
3738 3438 2
3784 3584 2
3809 3609 3
3882 3682 2
3981 3781 2
4078 3878 2
4096 3896 2
4140 3840 2
4194 3894 2
4216 4016 3
4317 4117 3
4324 4124 2
4333 4133 2
4553 4353 2
4596 4296 2
4618 4418 3
4702 4502 2
4782 4482 2
4822 4622 2
4872 4672 2
4986 4686 2
5083 4883 3
5105 4905 2
5122 4922 2
5237 5037 3
5292 4992 2
5307 5107 2
5308 5108 2
5356 5156 2
5393 5193 2
5412 5112 2
5520 5220 3
5604 5304 2
5712 5512 2
5727 5527 3
5753 5553 2
5856 5556 3
6006 5806 3
6349 6149 2
6363 6163 2
6389 6189 3
6654 6354 3
6783 6583 3
6820 6620 2
6976 6776 2
7131 6931 2
7169 6969 3
7367 7167 3
7413 7213 3
8002 7802 2
8088 7788 3
8091 7891 3
8196 7896 3
8281 8081 2
8411 8211 3
8531 8331 2
8532 8332 2
8596 8396 2
8616 8316 2
8687 8487 2
8752 8552 3
8974 8774 3
9240 8940 2
9303 9103 2
9358 9158 2
9421 9221 2
9571 9371 2
9753 9553 2
9786 9586 3
9797 9597 3
327 127 3
438 138 2
594 294 3
613 413 2
762 562 2
939 739 2
1077 877 2
1192 992 2
1230 1030 2
1385 1185 3
1440 1140 3
1469 1269 3
1566 1366 3
1853 1653 2
1879 1679 3
2049 1849 2
2076 1776 2
2097 1897 2
2227 2027 2
2238 2038 2
2523 2323 2
2682 2382 2
2710 2510 2
2769 2569 2
2779 2579 3
2946 2646 3
3010 2810 3
3366 3066 3
3430 3230 3
3486 3286 2
3547 3347 3
3642 3442 3
3750 3450 2
3905 3705 2
4033 3833 2
4060 3860 2
4081 3881 2
4105 3905 2
4308 4108 2
4378 4178 3
4681 4481 2
4785 4585 3
4787 4587 2
4798 4598 2
4821 4621 3
4968 4668 3
5148 4948 2
5165 4965 2
5235 5035 2
5274 5074 3
5319 5119 3
5389 5189 3
5393 5193 2
5519 5319 2
5531 5331 3
5640 5440 2
5659 5459 2
5724 5424 2
5988 5688 2
6211 6011 3
6334 6134 3
6343 6143 2
6490 6290 2
6569 6369 2
6646 6446 3
6989 6789 3
7068 6868 3
7260 6960 3
7261 7061 2
7296 6996 2
7464 7264 2
7482 7182 2
7615 7415 3
7683 7483 2
7764 7564 2
7765 7565 3
7855 7655 3
7859 7659 3
8158 7958 2
8178 7878 2
8214 8014 2
8418 8218 3
8464 8264 2
8514 8314 2
8748 8448 3
8825 8625 2
8941 8741 2
9121 8921 2
9166 8966 2
9180 8880 3
9192 8892 2
9342 9142 3
9600 9300 3
9610 9410 2
9628 9428 2
9647 9447 2
9772 9572 2
9931 9731 2
9983 9783 3
10125 9925 3
271 71 2
420 120 3
490 290 2
522 322 2
588 388 3
629 429 2
636 436 2
1107 907 2
1403 1203 2
1404 1104 2
1420 1220 3
1464 1264 3
1475 1275 2
1740 1440 3
1920 1720 3
2320 2120 2
2471 2271 3
2505 2305 3
2614 2414 2
2844 2644 2
2845 2645 3
2873 2673 3
2914 2714 2
2943 2743 2
3269 3069 2
3367 3167 2
3412 3212 2
3467 3267 2
3472 3272 3
3558 3258 2
3744 3544 3
3802 3602 3
3807 3607 3
3846 3546 2
3894 3594 2
4126 3926 2
4275 4075 2
4344 4144 3
4476 4276 3
4488 4188 2
4540 4340 3
4554 4354 2
4559 4359 2
4637 4437 2
4734 4434 2
4847 4647 2
4873 4673 3
4909 4709 2
5028 4728 2
5058 4858 3
5484 5184 3
5533 5333 3
5725 5525 2
5731 5531 3
5737 5537 2
5845 5645 3
5854 5654 2
6245 6045 3
6460 6260 2
6581 6381 3
6624 6324 3
6625 6425 2
6784 6584 2
6813 6613 3
6913 6713 3
7027 6827 2
7431 7231 3
7493 7293 3
7601 7401 3
7656 7456 3
7666 7466 2
7693 7493 2
7865 7665 2
8069 7869 3
8093 7893 2
8197 7997 3
8413 8213 2
8669 8469 2
8796 8496 2
8916 8616 2
8917 8717 3
8919 8719 2
8997 8797 2
9396 9096 3
9396 9196 2
9540 9240 3
9595 9395 2
9720 9520 2
9735 9535 3
9767 9567 2
9792 9592 2
9849 9649 2
9849 9649 2
9859 9659 3
9924 9724 2
9943 9743 3
10116 9916 3
10146 9946 2
10155 9955 3
10236 9936 2
421 221 2
693 493 2
713 513 2
810 610 3
841 641 3
918 718 3
1031 831 2
1344 1044 3
1386 1086 2
1543 1343 3
1573 1373 2
1725 1525 2
2034 1834 2
2104 1904 2
2166 1966 3
2381 2181 3
2418 2218 3
2611 2411 3
2733 2533 3
2898 2598 2
2914 2714 2
2973 2773 2
3177 2977 3
3184 2984 2
3189 2989 2
3432 3132 3
3546 3246 2
3550 3350 3
3672 3372 2
3942 3642 2
3953 3753 2
4152 3852 3
4260 3960 2
4315 4115 3
4395 4195 3
4427 4227 2
4548 4248 3
4639 4439 2
4722 4522 3
4732 4532 3
4758 4558 2
4764 4464 2
4780 4580 2
5064 4864 2
5251 5051 2
5350 5150 2
5479 5279 2
5520 5220 2
5551 5351 2
5556 5256 3
5641 5441 2
6012 5812 2
6047 5847 2
6087 5887 3
6261 6061 2
6321 6121 3
6406 6206 2
6450 6250 2
6534 6234 2
6863 6663 2
6905 6705 2
7087 6887 2
7389 7189 3
7437 7237 2
7561 7361 2
7620 7320 2
7668 7368 2
7687 7487 2
7743 7543 3
7824 7624 2
7917 7717 2
8212 8012 3
8310 8110 2
8325 8125 3
8375 8175 2
8436 8236 2
8529 8329 2
8531 8331 3
8620 8420 2
8673 8473 2
8697 8497 2
8749 8549 3
8778 8578 2
9069 8869 2
9114 8914 3
9220 9020 2
9243 9043 3
9306 9006 2
9360 9060 2
9366 9066 2
9373 9173 2
9479 9279 3
9499 9299 2
9547 9347 2
9756 9556 3
9783 9583 3
9879 9679 3
10117 9917 2
10140 9840 2
10230 9930 3
209 9 3
310 110 2
595 395 2
624 324 2
791 591 3
837 637 3
1055 855 3
1081 881 3
1134 834 3
1399 1199 2
1444 1244 2
1626 1426 3
1776 1576 2
1815 1615 3
1845 1645 2
1907 1707 2
1918 1718 2
2149 1949 2
2213 2013 3
2242 2042 3
2403 2203 2
2449 2249 2
2574 2274 3
2598 2298 2
2643 2443 2
2934 2634 2
2943 2743 2
3000 2700 3
3049 2849 3
3220 3020 3
3328 3128 2
3535 3335 2
3540 3340 2
3695 3495 2
3798 3598 3
4071 3871 3
4097 3897 3
4170 3870 2
4197 3997 3
4452 4252 2
4479 4279 3
4569 4369 2
4595 4395 3
4823 4623 2
4834 4634 2
4921 4721 2
5145 4945 3
5166 4966 3
5284 5084 2
5349 5149 2
5404 5204 3
5460 5260 2
5683 5483 3
5767 5567 2
5826 5626 2
5850 5550 3
5938 5738 2
5952 5752 2
6193 5993 2
6223 6023 2
6367 6167 2
6424 6224 2
6443 6243 3
6466 6266 3
6474 6174 2
6516 6216 3
6787 6587 2
6870 6670 2
7156 6956 2
7315 7115 2
7536 7336 3
7657 7457 2
7735 7535 2
7870 7670 2
7985 7785 2
8053 7853 2
8113 7913 2
8295 8095 3
8635 8435 3
8760 8460 3
8777 8577 3
8934 8734 2
8986 8786 2
9112 8912 3
9187 8987 3
9273 9073 2
9408 9108 2
9450 9250 3
9522 9222 3
9553 9353 2
9653 9453 2
9657 9457 3
9663 9463 2
9675 9475 2
9713 9513 3
9748 9548 2
9882 9682 3
10133 9933 3
10133 9933 3
10171 9971 2
