200 20 550474
10 53 173
10 65 203
10 79 247
10 82 228
10 110 170
10 121 235
10 106 163
10 83 172
10 87 177
10 53 235
10 95 156
10 139 151
10 135 160
10 109 217
10 73 231
10 120 223
10 74 162
10 78 225
10 96 154
10 80 182
1561 1361 33
2892 2692 28
3047 2847 32
6558 6358 27
6796 6596 29
7231 7031 28
8281 8081 30
8982 8682 28
9819 9619 30
9934 9734 26
1433 1233 25
2153 1953 24
3360 3060 24
3642 3342 30
3834 3534 25
7025 6825 29
7033 6833 24
8381 8181 27
8632 8432 29
9173 8973 27
1998 1698 33
2208 2008 32
5278 5078 31
5592 5292 30
6222 5922 27
6369 6169 33
7512 7312 24
7678 7478 29
9159 8959 28
10073 9873 30
353 153 33
909 709 27
1732 1532 26
2261 2061 27
3933 3733 28
6129 5929 28
6135 5935 25
6695 6495 31
8002 7802 25
9460 9260 33
1062 862 24
1185 985 33
2169 1969 24
2395 2195 32
2520 2220 30
3136 2936 32
4017 3817 31
4386 4086 32
8991 8791 33
10131 9931 32
720 520 30
1013 813 33
2296 2096 31
4002 3802 26
4980 4680 25
6040 5840 31
7050 6750 33
8161 7961 30
8286 8086 28
9810 9610 33
203 3 26
397 197 27
1571 1371 27
3167 2967 31
6378 6178 24
7395 7195 25
7917 7717 32
8542 8342 26
8832 8532 33
9300 9000 24
4461 4261 30
4603 4403 26
4865 4665 30
5610 5410 24
6723 6523 25
6808 6608 24
7410 7110 27
8097 7897 33
8669 8469 25
8736 8536 27
3481 3281 24
3816 3516 24
5938 5738 31
6201 6001 30
6364 6164 32
6441 6241 25
7038 6838 28
7078 6878 32
7602 7302 25
8581 8381 27
703 503 27
2976 2776 29
3991 3791 29
4849 4649 26
6387 6187 25
8181 7981 29
8617 8417 29
9450 9150 29
9595 9395 28
9736 9536 26
526 326 30
870 670 27
3197 2997 25
6221 6021 33
6576 6276 27
7734 7534 28
7805 7605 28
9445 9245 32
9455 9255 31
9533 9333 32
1059 859 32
1720 1520 28
3099 2899 30
3345 3145 29
3384 3084 30
3527 3327 29
5735 5535 26
7930 7730 31
9421 9221 26
9605 9405 33
1242 1042 24
1385 1185 25
5775 5575 24
5850 5650 33
5915 5715 29
6210 6010 33
6958 6758 29
8034 7834 27
9025 8825 31
9951 9751 30
387 187 26
831 631 33
839 639 27
1492 1292 32
4372 4172 28
5484 5184 32
7254 7054 32
7302 7002 30
9833 9633 26
9923 9723 28
805 605 33
1635 1435 26
2107 1907 32
2112 1812 26
4516 4316 27
6781 6581 30
7816 7616 29
8149 7949 30
8464 8264 24
8647 8447 25
601 401 30
1325 1125 27
3321 3121 33
4314 4014 28
4367 4167 28
4417 4217 26
5044 4844 31
7170 6970 33
9191 8991 25
9262 9062 26
2392 2192 32
3114 2914 24
3562 3362 30
4011 3811 27
5682 5482 28
6443 6243 27
7405 7205 26
9211 9011 31
9619 9419 25
10032 9732 32
568 368 31
3456 3256 25
3889 3689 28
4829 4629 32
5382 5182 32
7531 7331 25
7615 7415 24
8173 7973 25
8177 7977 32
9985 9785 24
756 456 28
2154 1854 25
2340 2140 33
3682 3482 26
5308 5108 25
5386 5186 29
5437 5237 27
6833 6633 27
7953 7753 25
9132 8832 32
366 166 31
1356 1056 32
4059 3859 24
4323 4123 25
6061 5861 31
6186 5986 33
6492 6192 29
9127 8927 28
9510 9310 33
9736 9536 31
