2000 20 462827
100 102 183
100 53 163
100 70 184
100 73 210
100 96 169
100 135 197
100 81 153
100 133 165
100 70 187
100 144 229
100 124 181
100 113 159
100 126 159
100 121 178
100 125 195
100 82 169
100 145 160
100 148 193
100 78 195
100 119 165
208 8 3
216 16 3
258 58 3
275 75 3
279 79 3
317 117 2
319 119 3
329 129 3
331 131 2
335 135 3
343 143 3
369 169 3
372 72 3
372 172 2
376 176 3
401 201 2
406 206 2
421 221 3
438 138 2
450 250 3
456 156 3
457 257 2
468 168 3
477 277 3
483 283 3
492 292 3
499 299 2
515 315 2
534 234 3
534 334 3
550 350 3
557 357 3
592 392 2
603 403 3
635 435 3
641 441 3
643 443 2
666 466 3
667 467 3
684 484 3
691 491 3
693 493 3
696 396 3
702 502 3
703 503 3
750 450 3
762 462 3
762 562 3
767 567 2
772 572 3
781 581 3
784 584 3
792 592 2
797 597 3
804 604 3
807 607 2
825 625 2
835 635 2
843 643 3
862 662 2
862 662 3
877 677 2
877 677 3
883 683 3
886 686 3
892 692 3
897 697 2
900 600 2
900 700 2
906 606 3
911 711 2
912 612 3
918 618 2
930 630 3
942 642 3
945 745 3
954 654 3
955 755 3
964 764 3
970 770 3
999 799 3
999 799 3
1011 811 3
1026 726 3
1029 829 3
1069 869 3
1071 871 3
1074 874 2
1075 875 3
1081 881 3
1115 915 3
1126 926 2
1128 828 2
1140 840 3
1145 945 2
1174 974 3
1180 980 2
1188 888 3
1193 993 3
1199 999 3
204 4 3
221 21 3
227 27 2
252 52 3
258 58 2
281 81 3
309 109 3
310 110 3
311 111 3
324 124 2
351 151 2
358 158 3
369 169 3
369 169 3
378 178 3
390 190 3
395 195 3
401 201 3
408 208 3
409 209 3
433 233 2
442 242 3
483 283 3
491 291 2
497 297 3
504 304 2
537 337 2
551 351 2
558 258 3
576 276 2
576 376 3
577 377 2
624 424 2
633 433 3
642 342 3
666 366 3
666 466 2
754 554 3
773 573 2
789 589 3
792 592 2
795 595 3
799 599 3
802 602 2
803 603 3
804 604 3
809 609 2
823 623 3
828 628 3
838 638 3
849 649 3
852 652 2
852 652 3
858 558 2
859 659 3
859 659 3
873 673 3
883 683 3
885 685 2
888 588 3
888 688 2
889 689 3
893 693 3
897 697 2
897 697 3
916 716 3
918 718 3
927 727 3
931 731 2
936 736 3
939 739 2
940 740 3
941 741 2
960 760 3
978 678 3
978 778 3
984 684 3
1007 807 3
1029 829 3
1031 831 2
1033 833 3
1035 835 3
1043 843 3
1045 845 3
1050 850 2
1051 851 2
1065 865 3
1078 878 3
1079 879 3
1079 879 3
1090 890 3
1103 903 3
1103 903 3
1107 907 3
1121 921 3
1129 929 2
1144 944 3
1186 986 3
1194 994 3
1199 999 3
208 8 3
225 25 3
240 40 3
244 44 3
246 46 3
251 51 3
253 53 2
280 80 3
283 83 3
293 93 3
306 106 3
330 130 3
342 42 3
365 165 3
373 173 3
378 178 3
390 90 2
407 207 2
411 211 3
415 215 3
424 224 3
427 227 3
441 241 2
442 242 3
454 254 2
457 257 2
480 280 3
492 192 2
507 307 3
509 309 2
520 320 3
526 326 3
534 334 3
534 334 3
541 341 3
569 369 3
585 385 3
587 387 2
605 405 2
607 407 3
618 418 3
624 324 3
627 427 3
641 441 3
648 348 3
649 449 3
652 452 2
664 464 2
671 471 3
690 490 2
702 402 3
706 506 2
712 512 3
727 527 2
743 543 2
745 545 3
763 563 3
765 565 2
766 566 2
775 575 3
781 581 3
783 583 3
792 592 3
796 596 3
805 605 2
808 608 3
823 623 3
840 540 2
846 646 3
855 655 3
869 669 3
891 691 3
898 698 2
905 705 3
910 710 3
912 712 3
934 734 2
960 760 3
970 770 3
994 794 3
1005 805 2
1019 819 2
1030 830 3
1037 837 3
1038 738 3
1047 847 3
1075 875 3
1092 892 3
1092 892 3
1111 911 2
1126 926 3
1126 926 3
1128 928 2
1139 939 3
1152 952 3
1165 965 3
1183 983 3
1185 985 3
1189 989 3
1198 998 3
249 49 2
261 61 2
269 69 3
277 77 3
279 79 3
282 82 3
307 107 3
318 118 2
328 128 2
331 131 3
352 152 3
355 155 3
359 159 2
360 160 2
369 169 2
378 78 3
408 108 2
408 108 3
409 209 2
459 259 3
461 261 3
485 285 3
492 192 3
492 192 3
498 198 3
503 303 2
522 322 3
534 234 3
538 338 2
552 352 3
564 364 2
568 368 2
611 411 2
611 411 2
618 318 3
628 428 3
642 342 3
645 445 3
647 447 2
666 366 3
676 476 3
678 378 2
684 384 3
691 491 3
696 396 3
703 503 3
705 505 3
706 506 3
723 523 3
729 529 2
733 533 3
737 537 3
737 537 3
784 584 3
786 486 2
787 587 2
799 599 2
803 603 3
805 605 3
816 516 3
821 621 3
852 552 3
855 655 3
863 663 2
868 668 3
868 668 3
882 582 2
912 612 2
934 734 3
939 739 3
942 742 2
946 746 3
959 759 3
977 777 3
985 785 2
994 794 3
1001 801 3
1006 806 2
1008 708 3
1026 826 3
1032 832 3
1037 837 3
1071 871 3
1083 883 2
1092 892 3
1105 905 2
1107 907 2
1129 929 3
1134 934 3
1140 940 3
1143 943 3
1152 852 3
1152 852 3
1153 953 3
1165 965 3
1182 982 3
1183 983 3
1200 900 2
1200 1000 2
1230 930 3
201 1 3
229 29 2
244 44 2
251 51 2
267 67 3
289 89 3
291 91 3
293 93 3
315 115 3
325 125 2
348 148 3
379 179 3
401 201 2
419 219 3
423 223 2
438 238 3
443 243 3
474 174 2
484 284 2
485 285 3
486 186 2
486 286 2
498 298 2
507 307 2
509 309 3
510 310 3
522 322 3
528 228 2
544 344 3
545 345 3
546 246 2
551 351 3
557 357 3
564 364 2
575 375 3
576 376 2
580 380 3
586 386 3
611 411 3
619 419 3
633 433 2
633 433 3
636 436 2
637 437 2
657 457 2
660 460 2
682 482 3
684 484 3
687 487 3
688 488 3
694 494 3
700 500 3
715 515 3
718 518 3
724 524 3
729 529 2
736 536 3
744 544 3
744 544 3
745 545 3
745 545 3
750 450 2
759 559 2
761 561 3
775 575 3
780 580 3
798 498 2
838 638 3
852 552 3
861 661 2
864 664 3
886 686 3
895 695 2
917 717 3
918 618 3
937 737 3
941 741 2
942 642 3
975 775 3
982 782 3
990 690 2
1007 807 3
1012 812 2
1014 714 3
1061 861 2
1065 865 3
1068 768 3
1074 774 3
1080 880 3
1087 887 2
1092 792 3
1104 904 3
1151 951 3
1159 959 3
1188 988 2
1188 988 3
1200 900 3
1236 936 3
1284 984 3
1296 996 3
219 19 3
221 21 3
232 32 2
240 40 3
253 53 3
258 58 3
292 92 3
310 110 2
333 133 2
333 133 3
354 154 3
377 177 3
396 196 2
420 220 3
423 223 3
424 224 2
430 230 3
443 243 3
459 259 3
474 174 3
479 279 2
480 280 2
489 289 3
490 290 3
509 309 3
513 313 3
562 362 3
565 365 3
571 371 3
582 282 3
597 397 2
601 401 3
606 406 3
609 409 3
611 411 3
618 318 3
627 427 3
636 436 3
660 360 2
667 467 3
667 467 3
682 482 3
688 488 2
689 489 2
724 524 3
736 536 3
744 444 2
749 549 3
753 553 3
762 562 3
772 572 3
785 585 3
786 586 3
786 586 3
792 592 2
793 593 3
795 595 2
801 601 3
825 625 3
837 637 2
841 641 3
843 643 2
852 552 3
894 694 3
904 704 3
912 612 3
929 729 3
930 630 3
935 735 3
936 636 3
942 642 3
952 752 3
972 672 3
972 772 2
976 776 3
979 779 3
996 696 3
1005 805 3
1009 809 3
1011 811 2
1053 853 3
1057 857 2
1060 860 3
1066 866 3
1068 768 2
1069 869 3
1073 873 3
1081 881 3
1084 884 3
1122 922 3
1129 929 3
1155 955 3
1159 959 3
1169 969 3
1175 975 3
1182 982 3
1188 988 3
1193 993 3
1199 999 3
1218 918 2
204 4 3
220 20 3
226 26 3
235 35 3
244 44 2
253 53 3
263 63 3
273 73 3
274 74 3
286 86 3
297 97 3
312 12 3
312 112 3
330 130 3
339 139 3
365 165 3
369 169 3
373 173 2
405 205 3
407 207 3
414 214 3
436 236 3
468 168 3
472 272 3
473 273 3
487 287 2
487 287 3
503 303 3
509 309 2
515 315 3
528 228 3
528 328 3
533 333 3
535 335 2
571 371 3
573 373 2
574 374 3
591 391 3
598 398 2
600 300 3
603 403 3
647 447 3
652 452 3
653 453 3
659 459 3
663 463 3
684 384 3
690 390 3
702 502 2
726 526 2
738 438 3
744 544 3
780 480 3
780 580 3
784 584 3
793 593 3
795 595 3
808 608 3
840 640 2
846 546 3
846 646 3
859 659 3
882 582 3
885 685 3
891 691 3
904 704 3
905 705 3
906 706 3
921 721 3
925 725 3
928 728 3
945 745 3
970 770 3
970 770 3
972 672 3
985 785 3
994 794 3
1002 702 3
1002 802 3
1003 803 2
1006 806 3
1014 714 2
1029 829 3
1032 832 3
1036 836 3
1050 850 3
1062 762 3
1075 875 3
1090 890 3
1113 913 2
1119 919 3
1120 920 2
1129 929 3
1152 852 3
1153 953 3
1155 955 2
1162 962 2
1163 963 3
1170 870 2
1254 954 3
202 2 3
216 16 3
233 33 3
245 45 3
264 64 3
268 68 3
271 71 2
282 82 3
297 97 3
306 106 3
313 113 2
334 134 2
335 135 3
352 152 3
363 163 3
372 172 3
377 177 3
384 184 3
390 90 3
420 220 3
453 253 3
462 262 3
468 268 3
473 273 3
479 279 3
480 280 3
522 322 3
528 328 3
552 252 3
558 358 3
564 364 3
575 375 3
597 397 3
600 300 3
613 413 3
624 324 3
629 429 3
646 446 2
651 451 3
654 454 3
661 461 3
666 366 3
681 481 3
689 489 3
695 495 3
696 496 3
741 541 3
753 553 3
763 563 3
767 567 2
781 581 3
808 608 3
822 622 3
833 633 2
846 546 3
853 653 3
855 655 3
857 657 2
858 558 2
863 663 2
876 676 3
888 688 3
900 600 3
922 722 3
939 739 3
942 642 3
946 746 3
948 648 3
948 748 3
951 751 3
954 654 2
987 787 3
990 690 3
996 696 2
1001 801 3
1002 702 3
1003 803 3
1025 825 3
1027 827 2
1042 842 3
1045 845 2
1055 855 3
1062 762 3
1099 899 3
1107 907 3
1108 908 3
1127 927 3
1131 931 3
1138 938 3
1143 943 3
1164 964 3
1180 980 3
1183 983 2
1185 985 3
1189 989 3
1191 991 2
1206 906 3
1230 930 3
1236 936 3
1260 960 3
209 9 3
211 11 3
232 32 3
253 53 3
256 56 3
261 61 3
262 62 3
287 87 3
295 95 3
300 100 2
324 124 3
331 131 3
333 133 2
348 148 3
355 155 2
373 173 2
378 78 3
378 178 3
387 187 3
402 202 3
403 203 2
405 205 3
412 212 3
421 221 3
441 241 3
450 150 3
487 287 3
490 290 2
501 301 2
531 331 2
545 345 2
559 359 3
562 362 2
564 264 2
565 365 3
570 270 3
570 370 3
589 389 3
591 391 3
592 392 3
605 405 3
607 407 2
615 415 2
631 431 3
663 463 2
663 463 3
681 481 3
682 482 3
682 482 3
694 494 3
703 503 3
715 515 2
717 517 3
719 519 3
725 525 3
751 551 3
767 567 2
779 579 3
786 586 2
801 601 2
803 603 3
807 607 3
807 607 3
817 617 3
826 626 3
832 632 3
834 534 2
834 534 3
843 643 3
857 657 3
859 659 2
859 659 3
882 582 3
913 713 2
916 716 3
929 729 3
930 730 3
933 733 3
951 751 3
953 753 3
966 766 3
993 793 3
1006 806 3
1014 714 3
1014 814 3
1020 820 3
1075 875 3
1084 884 3
1101 901 3
1105 905 3
1109 909 3
1129 929 3
1147 947 3
1164 964 3
1182 882 3
1182 982 3
1188 888 3
1200 1000 2
1260 960 3
1278 978 3
210 10 3
219 19 3
225 25 3
232 32 3
235 35 3
249 49 3
255 55 3
259 59 2
259 59 3
292 92 3
304 104 3
304 104 3
319 119 3
336 136 3
347 147 3
366 166 2
393 193 3
408 208 3
414 214 2
442 242 2
456 256 3
480 280 3
503 303 3
537 337 3
544 344 3
549 349 3
557 357 2
577 377 3
593 393 3
597 397 3
609 409 2
610 410 3
623 423 3
642 342 2
643 443 3
643 443 3
651 451 3
658 458 3
676 476 3
678 478 3
681 481 3
690 390 3
700 500 2
712 512 3
715 515 3
720 420 3
731 531 2
733 533 3
756 456 3
785 585 2
796 596 3
804 504 3
804 604 3
809 609 3
821 621 3
825 625 3
838 638 2
844 644 2
855 655 2
865 665 3
867 667 3
870 670 3
898 698 3
915 715 3
917 717 3
929 729 2
930 730 2
948 648 3
953 753 3
975 775 3
978 678 2
979 779 3
990 690 3
991 791 3
1006 806 3
1008 708 3
1008 708 3
1009 809 3
1009 809 3
1013 813 3
1017 817 3
1026 826 3
1053 853 3
1060 860 3
1062 862 2
1065 865 3
1067 867 3
1113 913 3
1117 917 3
1125 925 3
1134 834 3
1165 965 3
1167 967 2
1168 968 3
1170 870 3
1170 970 3
1171 971 3
1179 979 2
1200 1000 3
1248 948 3
204 4 3
239 39 2
253 53 3
263 63 2
269 69 3
271 71 3
288 88 3
288 88 3
297 97 3
306 6 3
307 107 3
312 112 3
324 24 3
324 124 3
336 36 2
342 42 3
376 176 2
384 184 3
388 188 3
459 259 3
462 262 3
463 263 2
477 277 3
487 287 3
490 290 3
504 304 3
515 315 3
520 320 3
522 322 3
582 382 3
587 387 3
592 392 3
631 431 3
639 439 3
642 342 3
642 442 3
672 472 3
677 477 2
678 478 3
694 494 2
705 505 3
718 518 3
725 525 3
726 426 3
731 531 3
732 532 3
743 543 2
743 543 3
750 550 2
760 560 3
766 566 3
777 577 2
778 578 3
778 578 3
780 480 3
793 593 3
825 625 3
834 534 3
840 640 2
861 661 2
881 681 3
885 685 2
891 691 3
900 700 3
906 606 3
912 612 3
918 618 2
927 727 3
931 731 3
936 736 3
937 737 3
942 742 2
953 753 3
960 660 2
964 764 3
976 776 3
982 782 3
996 796 3
1008 808 3
1013 813 3
1017 817 3
1018 818 3
1035 835 3
1044 844 3
1056 856 3
1078 878 3
1083 883 3
1087 887 2
1104 804 2
1116 816 3
1129 929 2
1129 929 3
1138 938 2
1140 840 2
1162 962 3
1167 967 3
1176 876 3
1193 993 2
1284 984 2
1290 990 3
205 5 3
211 11 2
252 52 3
269 69 2
271 71 3
273 73 3
274 74 3
276 76 3
283 83 3
304 104 3
305 105 3
331 131 3
345 145 2
348 48 2
372 72 2
372 172 3
389 189 3
389 189 3
403 203 3
405 205 3
435 235 2
435 235 3
462 162 2
473 273 3
475 275 3
492 292 2
495 295 3
528 228 2
533 333 3
537 337 3
576 276 3
576 376 2
579 379 3
581 381 3
588 288 3
591 391 3
624 324 3
631 431 2
633 433 3
641 441 2
647 447 3
670 470 2
677 477 3
699 499 3
702 502 3
706 506 2
708 408 3
712 512 2
719 519 3
720 420 3
738 538 3
745 545 2
756 456 3
756 556 3
763 563 2
772 572 3
773 573 3
777 577 3
786 486 2
799 599 2
808 608 2
808 608 3
810 610 2
814 614 2
820 620 3
874 674 3
880 680 3
901 701 2
904 704 3
915 715 3
916 716 2
930 630 2
948 648 2
954 654 2
954 654 3
988 788 3
990 690 3
990 790 3
993 793 3
994 794 3
1006 806 3
1025 825 3
1032 832 2
1044 744 3
1056 856 2
1085 885 3
1109 909 3
1151 951 2
1153 953 3
1156 956 3
1156 956 3
1163 963 3
1163 963 3
1164 964 3
1170 970 2
1174 974 2
1174 974 2
1187 987 3
1188 988 3
1266 966 3
207 7 3
211 11 3
215 15 3
241 41 3
252 52 3
253 53 2
263 63 3
264 64 3
281 81 3
313 113 3
316 116 3
343 143 3
345 145 3
346 146 3
366 66 3
383 183 3
407 207 3
414 214 3
419 219 3
420 120 3
433 233 2
439 239 3
447 247 2
478 278 3
490 290 3
504 304 3
517 317 2
526 326 3
534 234 3
538 338 3
558 358 3
576 276 3
582 282 3
591 391 3
592 392 3
599 399 2
600 300 2
624 424 2
627 427 3
629 429 3
653 453 3
654 454 3
667 467 3
667 467 3
690 490 3
694 494 2
695 495 3
715 515 2
718 518 3
721 521 3
726 526 3
735 535 2
743 543 3
747 547 2
756 456 3
783 583 3
786 586 3
791 591 3
797 597 3
801 601 3
803 603 3
808 608 3
817 617 3
832 632 2
833 633 3
870 670 3
870 670 3
882 582 3
895 695 3
907 707 2
921 721 3
931 731 3
936 636 3
947 747 2
948 748 3
954 654 2
958 758 3
979 779 3
984 784 2
996 796 3
997 797 3
1000 800 3
1002 802 2
1033 833 3
1035 835 3
1036 836 3
1050 850 3
1087 887 3
1109 909 3
1128 928 3
1129 929 2
1146 846 3
1152 852 2
1152 852 3
1156 956 3
1157 957 2
1159 959 3
1176 976 3
1193 993 3
1272 972 3
208 8 2
216 16 3
227 27 2
238 38 2
251 51 3
251 51 3
251 51 3
258 58 3
261 61 3
282 82 3
282 82 3
304 104 3
309 109 2
311 111 3
336 136 3
340 140 2
342 42 2
402 102 3
421 221 3
429 229 3
435 235 3
443 243 3
448 248 2
457 257 2
462 162 3
463 263 3
478 278 3
486 186 3
492 292 3
498 298 3
516 216 3
520 320 3
546 346 3
552 252 2
558 258 2
564 264 3
565 365 2
570 270 3
570 270 3
570 270 3
574 374 2
576 376 3
582 282 3
591 391 3
594 394 3
601 401 2
607 407 3
611 411 3
612 312 3
622 422 3
657 457 2
660 460 3
666 366 3
669 469 3
687 487 2
726 426 3
755 555 3
759 559 3
766 566 3
774 474 3
780 580 3
787 587 3
789 589 2
804 504 3
805 605 3
822 522 3
846 646 3
849 649 3
886 686 3
888 588 3
891 691 3
903 703 2
906 706 3
918 618 3
935 735 3
936 636 2
936 636 3
945 745 3
947 747 3
954 754 2
1008 808 3
1015 815 3
1031 831 3
1039 839 3
1043 843 3
1074 774 3
1080 780 2
1092 792 3
1103 903 3
1116 916 3
1122 922 3
1126 926 2
1126 926 3
1126 926 3
1155 955 3
1157 957 3
1157 957 3
1254 954 3
1260 960 3
1272 972 3
209 9 3
225 25 2
246 46 3
249 49 3
250 50 2
263 63 3
265 65 3
268 68 3
287 87 3
299 99 3
299 99 3
307 107 3
317 117 3
324 24 3
333 133 2
346 146 3
349 149 3
351 151 3
352 152 3
357 157 3
388 188 3
395 195 3
399 199 3
402 202 3
432 132 3
460 260 3
462 162 3
462 262 2
465 265 3
486 286 2
544 344 3
546 346 3
558 358 3
564 264 3
576 276 3
577 377 2
580 380 3
586 386 3
588 288 3
588 388 3
606 406 3
617 417 3
628 428 3
636 336 3
636 436 2
646 446 3
659 459 2
695 495 3
701 501 3
712 512 3
712 512 3
720 520 3
724 524 3
725 525 3
735 535 3
748 548 3
768 568 3
778 578 3
779 579 3
781 581 3
790 590 3
791 591 2
792 592 3
796 596 3
817 617 3
837 637 3
841 641 3
853 653 2
856 656 3
865 665 3
865 665 3
870 670 3
873 673 3
886 686 3
887 687 3
906 706 2
936 736 3
954 654 2
971 771 3
995 795 3
995 795 3
1005 805 3
1026 826 3
1033 833 3
1044 844 3
1050 750 3
1099 899 2
1138 938 2
1139 939 2
1141 941 3
1146 846 3
1146 846 3
1151 951 3
1168 968 3
1179 979 3
1179 979 3
1183 983 3
1188 888 3
1189 989 2
1230 930 3
201 1 3
207 7 3
244 44 3
251 51 2
287 87 3
298 98 3
335 135 2
354 154 3
382 182 3
382 182 3
384 84 3
390 190 3
403 203 3
405 205 2
408 108 3
415 215 2
425 225 3
442 242 3
443 243 2
444 244 2
450 250 2
467 267 3
468 168 3
468 268 3
473 273 3
474 174 3
486 186 3
486 186 3
528 228 3
529 329 3
564 364 2
586 386 3
588 388 3
598 398 2
601 401 2
606 306 3
606 406 2
618 318 3
625 425 3
641 441 2
643 443 3
649 449 3
649 449 3
652 452 3
653 453 3
682 482 2
694 494 3
695 495 3
706 506 3
711 511 3
729 529 3
729 529 3
741 541 3
744 544 3
750 450 3
750 550 3
762 462 3
784 584 3
793 593 3
796 596 3
823 623 3
832 632 3
847 647 3
856 656 3
864 564 3
864 664 3
868 668 3
876 576 2
877 677 2
897 697 3
900 700 2
910 710 2
913 713 2
916 716 3
927 727 3
930 630 3
935 735 3
966 766 3
970 770 2
999 799 3
1015 815 3
1029 829 3
1041 841 2
1047 847 3
1050 850 2
1051 851 3
1062 762 3
1063 863 2
1086 786 3
1090 890 2
1104 904 3
1105 905 3
1115 915 2
1119 919 3
1131 931 3
1132 932 3
1164 964 3
1175 975 3
1188 888 3
1197 997 2
203 3 3
205 5 3
207 7 3
216 16 2
225 25 3
237 37 3
237 37 3
250 50 3
253 53 3
269 69 3
282 82 3
292 92 2
313 113 3
318 118 3
319 119 3
321 121 2
325 125 3
351 151 3
355 155 3
382 182 3
393 193 3
395 195 3
397 197 3
411 211 2
433 233 3
439 239 3
448 248 3
454 254 3
486 186 3
508 308 3
528 328 2
531 331 3
539 339 2
540 240 2
540 240 3
544 344 3
552 252 3
559 359 3
559 359 3
576 376 3
594 394 3
612 412 2
634 434 3
634 434 3
657 457 3
705 505 3
707 507 3
726 426 3
726 526 3
738 438 2
738 538 3
744 444 3
757 557 3
765 565 3
774 474 3
791 591 3
796 596 3
797 597 3
805 605 3
819 619 3
829 629 3
839 639 3
858 658 3
864 664 3
867 667 2
876 576 2
877 677 2
903 703 3
904 704 3
906 606 2
906 706 3
911 711 3
912 712 3
913 713 3
916 716 3
936 636 2
936 736 3
942 642 3
958 758 3
969 769 2
979 779 3
979 779 3
988 788 2
1007 807 3
1011 811 3
1026 726 3
1057 857 2
1086 786 3
1101 901 3
1107 907 2
1110 910 3
1140 840 3
1144 944 3
1146 846 2
1152 952 2
1168 968 3
1179 979 3
1188 888 2
1200 900 3
1254 954 2
235 35 3
281 81 2
292 92 3
300 100 3
304 104 3
305 105 2
322 122 3
324 124 3
330 130 2
334 134 3
336 136 2
340 140 2
341 141 3
348 148 3
358 158 2
363 163 3
369 169 3
384 184 3
402 102 3
420 120 3
437 237 2
447 247 3
456 256 3
465 265 2
466 266 2
466 266 3
467 267 3
515 315 3
540 240 2
543 343 3
545 345 3
553 353 3
567 367 3
567 367 3
583 383 3
593 393 3
619 419 2
627 427 3
636 436 3
652 452 3
664 464 3
664 464 3
666 366 3
671 471 3
672 372 2
705 505 3
711 511 2
718 518 3
719 519 2
726 426 3
726 426 3
730 530 3
750 550 2
750 550 2
750 550 3
762 462 3
780 580 3
781 581 2
781 581 3
787 587 3
792 592 3
799 599 3
804 604 3
833 633 2
843 643 3
881 681 3
892 692 3
907 707 2
907 707 3
910 710 3
916 716 3
924 624 2
937 737 3
958 758 3
966 666 3
966 666 3
993 793 2
1018 818 3
1026 826 2
1035 835 3
1037 837 3
1055 855 3
1066 866 2
1072 872 3
1087 887 3
1109 909 3
1115 915 3
1119 919 2
1123 923 3
1134 934 3
1137 937 3
1138 938 3
1146 846 3
1152 952 3
1158 958 3
1161 961 2
1176 976 3
1183 983 2
1183 983 3
1206 906 3
201 1 3
207 7 3
207 7 3
214 14 3
215 15 3
216 16 3
263 63 3
267 67 3
276 76 3
279 79 2
283 83 3
304 104 3
324 24 3
336 36 3
336 36 3
336 136 2
337 137 3
377 177 2
401 201 3
405 205 3
411 211 3
429 229 3
430 230 3
442 242 3
462 162 3
480 180 2
484 284 3
492 292 3
510 210 3
521 321 3
546 346 3
564 264 3
575 375 3
577 377 3
581 381 3
591 391 3
624 324 3
633 433 3
633 433 3
635 435 2
640 440 3
645 445 3
660 360 3
672 472 3
675 475 2
679 479 3
696 496 3
697 497 3
708 508 3
747 547 3
748 548 2
760 560 3
765 565 2
768 468 2
772 572 2
775 575 3
779 579 3
786 486 3
798 598 2
798 598 3
804 504 3
811 611 3
820 620 3
834 534 3
837 637 2
839 639 2
846 646 3
849 649 3
863 663 3
864 664 3
909 709 2
937 737 3
940 740 3
983 783 2
999 799 3
1001 801 3
1005 805 3
1015 815 2
1026 826 3
1030 830 3
1035 835 3
1063 863 3
1068 768 3
1079 879 2
1081 881 3
1085 885 3
1097 897 3
1098 798 3
1120 920 3
1122 822 3
1144 944 3
1145 945 3
1165 965 3
1177 977 2
1185 985 3
1193 993 3
1224 924 2
1248 948 3
1248 948 3
1296 996 3
234 34 3
240 40 3
240 40 3
258 58 3
265 65 2
273 73 3
274 74 3
307 107 3
312 112 2
315 115 3
330 30 3
336 36 3
336 136 3
341 141 2
341 141 3
345 145 3
372 72 3
375 175 3
383 183 2
384 184 3
387 187 3
390 190 3
391 191 3
447 247 3
461 261 3
461 261 3
461 261 3
474 174 3
486 186 2
501 301 2
517 317 2
522 222 3
531 331 3
532 332 2
552 252 3
553 353 3
564 264 2
582 282 3
628 428 2
629 429 2
646 446 3
655 455 3
688 488 3
690 390 2
691 491 2
701 501 3
702 402 3
725 525 2
733 533 2
765 565 3
769 569 3
784 584 2
784 584 3
786 486 3
802 602 3
819 619 3
825 625 2
846 646 3
852 552 3
852 652 3
855 655 3
856 656 3
857 657 3
862 662 3
868 668 3
879 679 3
894 694 2
895 695 2
903 703 2
906 606 3
959 759 3
971 771 3
972 772 3
978 778 3
993 793 3
997 797 3
1001 801 2
1009 809 3
1026 826 3
1039 839 3
1041 841 3
1071 871 2
1071 871 3
1074 874 3
1084 884 3
1087 887 3
1098 798 3
1105 905 3
1111 911 3
1113 913 3
1114 914 3
1126 926 3
1158 958 3
1159 959 3
1170 870 3
1170 970 3
1182 982 2
1186 986 3
1200 900 3
1236 936 3
