200 20 461317
10 75 205
10 115 196
10 147 218
10 149 229
10 108 163
10 70 180
10 91 156
10 83 156
10 61 219
10 60 237
10 137 169
10 137 213
10 107 175
10 71 203
10 83 185
10 104 151
10 75 160
10 139 159
10 58 157
10 145 151
1276 1076 25
1903 1703 34
3094 2894 30
4806 4606 26
5712 5412 30
6108 5808 29
7339 7139 35
8502 8302 30
9054 8854 30
9499 9299 26
523 323 28
529 329 32
1116 916 27
3063 2863 30
3318 3018 28
5230 5030 29
5262 5062 28
6025 5825 26
7053 6853 33
8818 8618 30
449 249 34
1489 1289 30
1588 1388 26
1737 1537 27
1908 1708 27
2259 2059 31
4611 4411 31
5411 5211 33
6807 6607 28
8791 8591 25
1056 856 34
2205 2005 32
2515 2315 34
2562 2362 26
2940 2640 31
4116 3816 33
6029 5829 35
7525 7325 34
8191 7991 33
8886 8586 27
1223 1023 32
1386 1186 36
2562 2362 34
2903 2703 31
3072 2872 29
3600 3400 28
6243 6043 26
7102 6902 31
7368 7168 33
8941 8741 28
580 380 34
1175 975 29
2862 2562 35
3544 3344 31
5411 5211 30
5974 5774 33
7620 7320 31
8121 7921 29
8141 7941 30
9978 9778 30
760 560 35
1182 882 29
1493 1293 27
1872 1672 31
2993 2793 32
4691 4491 27
5763 5563 28
7403 7203 36
8865 8665 30
9211 9011 32
354 54 35
465 265 31
2587 2387 31
2813 2613 34
3568 3368 26
3822 3622 35
4477 4277 34
7840 7640 29
7962 7662 32
9906 9606 35
600 400 35
1065 865 31
2016 1816 29
2333 2133 27
4881 4681 31
5230 5030 32
5243 5043 27
5334 5034 35
7911 7711 34
9519 9319 32
1638 1438 32
3540 3340 29
3726 3526 32
4374 4174 30
5820 5520 31
6165 5965 35
6474 6274 27
6996 6696 30
7603 7403 28
7799 7599 32
1770 1570 36
2841 2641 29
3120 2920 34
5675 5475 28
5791 5591 28
6275 6075 32
6935 6735 35
8334 8134 25
10101 9901 34
10127 9927 30
631 431 29
851 651 33
1458 1158 31
4066 3866 28
4683 4483 32
6031 5831 35
6126 5926 26
6330 6130 32
9787 9587 27
10029 9829 32
553 353 29
1599 1399 30
1689 1489 35
2499 2299 33
5361 5161 25
5373 5173 32
5404 5204 34
7294 7094 34
7932 7632 33
8790 8490 27
2650 2450 25
5412 5212 32
6351 6151 32
6531 6331 27
6751 6551 34
7152 6852 30
7957 7757 35
8505 8305 25
9485 9285 27
10199 9999 35
952 752 29
999 799 28
2189 1989 27
2195 1995 25
2686 2486 32
2921 2721 34
3059 2859 32
4983 4783 30
5261 5061 29
9115 8915 27
467 267 35
2393 2193 34
2760 2460 30
3120 2820 27
3339 3139 27
5189 4989 27
5568 5368 28
7800 7500 28
8418 8118 32
8981 8781 30
2805 2605 31
3462 3262 31
4403 4203 32
5055 4855 28
5517 5317 28
6334 6134 26
7870 7670 28
7948 7748 29
9066 8766 35
9895 9695 35
829 629 35
2106 1906 28
2485 2285 31
4332 4032 33
6895 6695 25
6922 6722 26
7038 6838 28
8969 8769 26
9312 9012 34
9745 9545 34
844 644 33
1728 1528 29
2584 2384 28
4414 4214 31
4710 4510 28
5725 5525 34
5895 5695 34
6718 6518 28
8369 8169 33
8640 8340 35
1980 1780 31
2167 1967 35
2411 2211 31
2874 2674 26
3150 2950 26
4914 4614 35
5933 5733 29
7667 7467 28
8389 8189 29
9330 9130 35
