200 20 422866
10 115 177
10 64 228
10 125 229
10 112 238
10 98 167
10 104 237
10 129 231
10 95 174
10 110 207
10 62 180
10 105 176
10 117 236
10 108 169
10 73 216
10 88 185
10 101 210
10 108 185
10 98 218
10 127 177
10 128 193
1176 976 34
1668 1468 37
2578 2378 36
4602 4402 33
5475 5275 32
5988 5688 35
8135 7935 37
8353 8153 31
8681 8481 28
8889 8689 36
375 175 28
634 434 36
2022 1822 37
3773 3573 29
6397 6197 36
6690 6390 38
7986 7686 36
8184 7884 32
8419 8219 37
9675 9475 30
280 80 27
516 216 28
3180 2880 32
3349 3149 36
4099 3899 37
4575 4375 28
4878 4678 33
8208 7908 30
9094 8894 31
10164 9864 27
961 761 27
1199 999 35
1297 1097 35
2026 1826 31
3474 3274 31
4614 4414 33
5176 4976 32
6753 6553 34
6781 6581 31
7749 7549 30
376 176 33
895 695 36
1036 836 29
1115 915 36
2117 1917 29
4264 4064 28
4509 4309 30
6249 6049 30
7140 6940 32
7925 7725 30
1714 1514 29
2639 2439 36
2932 2732 30
3018 2818 36
4259 4059 33
5519 5319 31
8484 8184 35
8499 8299 28
8539 8339 35
9997 9797 37
901 701 37
1293 1093 28
1351 1151 34
1764 1464 30
2008 1808 34
2892 2692 30
4816 4616 35
7687 7487 29
8669 8469 36
8773 8573 32
360 60 33
534 334 32
562 362 34
3096 2796 28
4122 3922 29
4127 3927 38
5307 5107 36
6294 6094 29
7183 6983 33
9705 9505 30
2490 2290 37
3961 3761 34
4853 4653 29
5452 5252 36
5634 5334 30
5994 5794 33
6333 6133 32
7978 7778 36
8901 8701 30
9907 9707 30
208 8 32
1005 805 32
1995 1795 30
2298 1998 36
3334 3134 31
3471 3271 37
5460 5260 37
9205 9005 35
9426 9126 34
9495 9295 29
545 345 27
2668 2468 28
3418 3218 35
3577 3377 37
4643 4443 36
5208 5008 38
6430 6230 28
7812 7612 35
9245 9045 30
9252 9052 35
499 299 35
1078 878 28
2019 1819 32
2523 2323 35
3643 3443 30
4003 3803 33
5569 5369 34
6313 6113 34
7368 7168 37
8669 8469 28
1157 957 38
1567 1367 33
2579 2379 30
3804 3604 27
4047 3847 30
5862 5562 30
8574 8374 37
8641 8441 28
8775 8575 28
9597 9397 32
239 39 37
1197 997 37
1782 1582 32
2111 1911 27
3198 2998 35
3729 3529 32
3921 3721 35
7123 6923 31
7443 7243 29
7601 7401 29
535 335 38
1903 1703 30
1914 1714 30
1965 1765 38
2428 2228 27
3774 3574 35
4703 4503 36
8340 8140 35
8662 8462 29
9459 9259 29
3203 3003 32
3847 3647 36
3871 3671 32
4623 4423 28
5571 5371 38
5698 5498 35
6947 6747 30
8886 8586 32
9047 8847 35
9725 9525 36
699 499 27
1698 1398 27
3414 3214 35
3696 3396 37
3754 3554 32
3816 3516 28
7344 7044 31
8328 8128 35
9088 8888 28
9564 9264 30
810 510 31
1044 744 29
1558 1358 36
2196 1996 30
2484 2184 32
3072 2872 29
4703 4503 31
5953 5753 32
8261 8061 30
8652 8352 34
253 53 33
3007 2807 37
3091 2891 37
5373 5173 31
6365 6165 31
6799 6599 37
6927 6727 34
7812 7512 35
8178 7878 28
9490 9290 34
231 31 36
3141 2941 36
3834 3534 35
3869 3669 36
5074 4874 34
5595 5395 35
6252 5952 32
7027 6827 36
9210 8910 30
9233 9033 30
