200 100 465930
2 54 192
2 99 199
2 81 210
2 51 201
2 119 151
2 140 163
2 72 243
2 120 240
2 114 237
2 79 202
2 144 245
2 137 151
2 64 234
2 106 227
2 82 238
2 91 192
2 84 225
2 127 197
2 66 196
2 63 197
2 89 189
2 112 205
2 61 221
2 84 198
2 144 178
2 121 200
2 70 244
2 133 156
2 126 240
2 140 185
2 131 157
2 137 174
2 137 249
2 73 197
2 103 214
2 79 232
2 70 163
2 119 164
2 78 164
2 83 200
2 94 171
2 50 175
2 125 247
2 131 183
2 119 234
2 114 233
2 68 173
2 90 248
2 101 197
2 51 172
2 68 165
2 67 167
2 136 202
2 123 159
2 145 198
2 132 151
2 68 248
2 129 176
2 91 183
2 128 226
2 123 212
2 111 156
2 58 235
2 88 242
2 65 181
2 77 159
2 51 153
2 140 189
2 113 240
2 77 206
2 64 184
2 94 150
2 134 161
2 109 164
2 95 198
2 110 190
2 77 239
2 121 157
2 61 178
2 119 229
2 81 183
2 53 215
2 91 207
2 103 195
2 82 192
2 135 236
2 54 229
2 89 161
2 80 167
2 100 222
2 143 243
2 98 212
2 89 230
2 74 242
2 82 249
2 107 168
2 110 152
2 136 169
2 87 223
2 69 153
2217 2017 150
3629 3429 149
3997 3797 174
6355 6155 186
384 84 179
6661 6461 160
5921 5721 166
9076 8876 179
2052 1852 151
6453 6253 151
552 352 156
4131 3931 145
1920 1620 162
9891 9691 185
1606 1406 135
8028 7828 139
1410 1110 139
5806 5606 175
3804 3604 139
9166 8966 165
3570 3370 178
5143 4943 168
5495 5295 135
5913 5713 151
5124 4824 155
5637 5437 152
4925 4725 149
8003 7803 181
6096 5896 186
6571 6371 149
1270 1070 176
4937 4737 145
4789 4589 185
6232 6032 135
2823 2623 138
7705 7505 161
6076 5876 145
9487 9287 141
4552 4352 149
9001 8801 168
5928 5628 176
8622 8422 174
5965 5765 136
8349 8149 135
6095 5895 184
9565 9365 180
2549 2349 141
5422 5222 151
1793 1593 167
3504 3304 171
2655 2455 184
6654 6354 161
7686 7486 167
8262 8062 176
8169 7969 156
9849 9649 156
4798 4598 141
9899 9699 188
3499 3299 154
3978 3678 185
4925 4725 157
6174 5874 157
3767 3567 154
10158 9958 150
519 319 182
4985 4785 157
623 423 156
8340 8040 181
376 176 134
9301 9101 185
1696 1496 150
6138 5838 157
4801 4601 163
5241 5041 146
6739 6539 164
7277 7077 150
401 201 145
5505 5305 162
2584 2384 183
8673 8473 135
961 761 152
9352 9152 139
1146 846 134
7913 7713 145
4041 3841 182
9683 9483 177
1204 1004 154
9016 8816 178
6960 6660 137
7555 7355 134
5797 5597 157
9544 9344 138
3756 3456 138
8237 8037 140
6425 6225 145
7185 6985 139
2940 2740 154
10061 9861 151
351 151 143
7716 7416 145
3088 2888 157
6183 5983 165
4702 4502 164
6165 5965 167
3090 2890 164
4584 4284 162
5859 5659 159
6106 5906 159
762 562 180
9828 9528 155
5841 5641 151
7974 7774 151
2712 2512 182
8242 8042 138
1741 1541 135
8340 8040 149
2119 1919 170
4206 4006 183
7599 7399 178
9567 9367 153
3756 3556 146
4962 4762 163
4252 4052 156
9991 9791 135
4674 4374 174
9390 9190 145
1341 1141 184
7137 6937 157
5683 5483 163
8489 8289 175
4049 3849 154
8346 8046 156
1063 863 153
4233 4033 153
5005 4805 163
8716 8516 137
834 634 139
3123 2923 186
3771 3571 159
4043 3843 182
7121 6921 138
7565 7365 166
436 236 150
5029 4829 150
354 54 157
1228 1028 152
5946 5646 164
6972 6772 160
3954 3754 168
6181 5981 160
1894 1694 163
5310 5110 185
6735 6535 142
9576 9376 137
1499 1299 157
6574 6374 152
1103 903 178
6610 6410 178
653 453 165
2297 2097 169
2255 2055 141
3858 3658 155
6628 6428 170
9537 9337 157
2445 2245 151
8850 8550 164
5069 4869 154
6369 6169 137
5177 4977 177
8628 8328 142
1795 1595 148
9781 9581 142
5100 4800 165
8835 8635 151
324 124 151
5118 4918 161
1680 1380 143
7182 6882 167
5766 5566 159
6115 5915 183
2901 2701 142
3750 3450 178
3393 3193 166
6120 5820 140
4734 4434 183
8871 8671 186
1798 1598 174
8569 8369 140
2940 2740 172
3454 3254 154
887 687 148
1632 1332 168
5148 4848 152
7576 7376 152
5283 5083 165
5796 5596 146
630 430 151
690 490 171
5887 5687 153
7566 7266 153
