2000 20 525239
100 71 191
100 146 167
100 125 198
100 109 185
100 135 187
100 130 212
100 136 192
100 98 248
100 115 166
100 54 218
100 145 222
100 78 216
100 137 167
100 58 192
100 102 211
100 121 191
100 146 235
100 119 171
100 79 171
100 149 183
202 2 2
213 13 2
215 15 3
220 20 3
226 26 2
238 38 2
289 89 2
334 134 2
336 136 3
342 42 3
346 146 2
349 149 3
351 151 2
369 169 2
369 169 2
373 173 2
375 175 2
383 183 3
408 208 3
414 114 3
479 279 2
508 308 3
520 320 2
522 222 3
525 325 2
534 234 3
540 240 2
540 340 2
557 357 2
561 361 3
564 364 2
564 364 3
565 365 2
576 276 3
576 376 3
589 389 2
605 405 3
637 437 2
658 458 2
671 471 2
685 485 3
707 507 3
708 408 3
725 525 2
725 525 3
737 537 2
741 541 3
750 450 2
781 581 2
789 589 3
791 591 3
798 598 2
805 605 2
826 626 3
827 627 2
838 638 2
844 644 2
846 546 2
862 662 2
875 675 3
876 576 3
877 677 2
889 689 2
893 693 2
905 705 2
912 612 2
913 713 2
966 666 3
967 767 2
971 771 3
981 781 2
985 785 2
988 788 3
1007 807 3
1020 720 2
1035 835 2
1038 738 3
1038 738 3
1043 843 2
1049 849 2
1050 750 2
1059 859 3
1071 871 2
1080 780 2
1089 889 2
1110 810 2
1114 914 3
1123 923 2
1133 933 2
1135 935 2
1140 940 2
1147 947 2
1158 858 3
1159 959 3
1164 864 2
1168 968 3
1174 974 3
1182 882 2
1194 994 3
1200 900 2
201 1 2
208 8 2
209 9 3
241 41 2
244 44 2
249 49 2
267 67 2
330 30 2
335 135 3
339 139 3
347 147 2
363 163 2
367 167 2
371 171 2
378 78 2
379 179 3
384 184 3
393 193 3
399 199 3
425 225 2
454 254 3
468 268 3
478 278 3
480 280 3
484 284 2
487 287 2
491 291 2
493 293 2
516 216 3
541 341 2
563 363 3
569 369 2
574 374 2
588 388 2
598 398 2
616 416 2
625 425 3
629 429 2
636 436 2
669 469 3
672 372 2
676 476 2
683 483 2
691 491 3
702 402 3
708 408 3
708 408 3
712 512 2
715 515 2
729 529 3
732 432 3
736 536 2
748 548 2
759 559 3
779 579 2
781 581 3
789 589 3
792 492 2
804 604 2
817 617 2
820 620 2
831 631 2
841 641 2
853 653 2
864 664 2
865 665 3
870 570 2
876 576 2
881 681 2
889 689 3
909 709 2
911 711 2
912 712 2
945 745 3
960 760 3
966 766 2
981 781 2
1002 702 2
1002 802 2
1011 811 2
1013 813 2
1013 813 2
1023 823 3
1043 843 2
1044 744 2
1059 859 3
1065 865 2
1075 875 2
1092 792 2
1098 798 2
1109 909 2
1123 923 2
1135 935 2
1162 962 2
1163 963 2
1169 969 2
1191 991 2
1200 1000 3
1200 1000 3
1236 936 2
201 1 2
203 3 3
219 19 3
220 20 2
231 31 2
232 32 3
235 35 3
235 35 3
281 81 2
299 99 3
303 103 2
339 139 2
342 42 2
342 42 2
351 151 3
361 161 2
361 161 3
372 72 2
372 172 3
378 178 2
379 179 2
384 84 2
388 188 2
391 191 3
435 235 2
436 236 3
437 237 2
438 238 3
455 255 3
455 255 3
466 266 3
468 168 3
468 268 2
483 283 2
491 291 3
516 316 2
553 353 3
565 365 2
570 270 2
582 282 3
591 391 3
593 393 2
609 409 2
633 433 2
636 336 2
639 439 2
678 478 3
689 489 3
693 493 2
701 501 2
720 520 3
724 524 2
751 551 3
767 567 2
778 578 3
781 581 3
790 590 3
792 492 3
810 510 2
817 617 2
828 628 3
832 632 2
833 633 2
847 647 2
862 662 3
873 673 2
882 682 2
894 694 2
905 705 3
909 709 3
929 729 2
942 742 2
969 769 3
976 776 2
978 678 2
984 684 3
987 787 3
988 788 3
995 795 2
996 796 3
996 796 3
1001 801 2
1014 814 3
1015 815 2
1021 821 3
1023 823 2
1029 829 3
1033 833 2
1043 843 3
1098 798 3
1103 903 2
1115 915 2
1128 828 3
1137 937 2
1150 950 3
1169 969 3
1193 993 3
1206 906 2
1260 960 3
1266 966 2
214 14 2
269 69 2
283 83 3
306 106 3
311 111 3
321 121 3
331 131 3
334 134 3
364 164 2
385 185 3
387 187 3
389 189 2
397 197 2
409 209 2
413 213 2
421 221 2
435 235 2
437 237 3
441 241 2
457 257 2
468 268 3
478 278 2
479 279 3
480 280 3
491 291 2
517 317 2
520 320 3
521 321 3
534 334 2
537 337 2
544 344 3
546 246 2
567 367 2
594 294 2
595 395 2
605 405 2
612 412 2
619 419 2
622 422 3
628 428 3
636 336 3
640 440 2
648 448 3
663 463 3
665 465 3
672 372 3
678 478 3
679 479 3
684 384 3
708 408 2
718 518 2
743 543 2
757 557 2
762 562 2
763 563 3
766 566 3
766 566 3
777 577 2
804 604 2
808 608 2
822 522 2
838 638 2
839 639 3
846 646 2
853 653 2
876 676 2
879 679 3
931 731 3
948 648 2
948 648 3
960 660 2
1000 800 2
1003 803 3
1006 806 2
1008 708 2
1024 824 3
1032 832 2
1042 842 3
1056 856 2
1062 862 2
1073 873 3
1090 890 2
1092 792 3
1096 896 3
1104 804 3
1113 913 2
1128 928 2
1138 938 3
1144 944 2
1144 944 3
1162 962 2
1183 983 3
1192 992 2
1194 894 2
1194 894 3
1200 1000 2
1212 912 2
1230 930 2
1278 978 2
1290 990 3
203 3 2
225 25 2
227 27 2
250 50 2
252 52 2
264 64 3
291 91 3
292 92 3
293 93 2
303 103 3
306 6 2
311 111 2
342 42 2
370 170 2
372 72 3
376 176 2
384 84 3
390 190 3
396 196 2
399 199 3
405 205 2
418 218 2
448 248 2
450 250 3
473 273 2
486 186 3
508 308 2
513 313 2
521 321 2
527 327 2
540 240 2
546 246 3
555 355 3
563 363 2
565 365 2
587 387 2
592 392 2
605 405 3
624 424 3
631 431 2
631 431 3
665 465 2
669 469 3
673 473 2
687 487 3
690 390 3
690 490 2
696 396 3
709 509 2
714 514 3
718 518 3
731 531 2
731 531 3
744 444 3
775 575 2
797 597 3
820 620 2
841 641 3
852 652 3
858 658 3
864 564 3
867 667 2
870 570 3
870 670 3
883 683 2
885 685 3
891 691 3
900 700 2
901 701 2
911 711 2
918 718 2
930 730 3
953 753 3
960 660 2
960 760 2
965 765 3
972 672 3
977 777 2
977 777 3
1032 732 2
1035 835 3
1044 844 3
1053 853 2
1053 853 2
1061 861 2
1063 863 3
1067 867 2
1073 873 3
1079 879 2
1086 786 3
1109 909 2
1109 909 3
1134 834 2
1137 937 3
1149 949 2
1161 961 3
1164 864 2
1176 976 3
1177 977 2
1187 987 3
213 13 2
250 50 2
255 55 2
263 63 3
271 71 3
281 81 3
286 86 3
295 95 2
313 113 2
322 122 3
325 125 2
334 134 2
343 143 2
346 146 2
355 155 2
366 66 2
376 176 2
378 178 3
388 188 3
390 90 2
394 194 3
400 200 2
418 218 2
421 221 2
436 236 3
438 238 2
439 239 3
445 245 3
453 253 2
480 180 3
492 192 2
495 295 2
501 301 3
504 304 2
529 329 2
573 373 2
573 373 3
579 379 3
582 282 3
601 401 2
607 407 2
642 442 2
664 464 3
679 479 3
683 483 3
690 390 3
695 495 3
702 502 2
720 520 3
737 537 2
744 444 2
747 547 2
756 556 2
769 569 2
787 587 2
790 590 2
791 591 3
797 597 3
799 599 3
808 608 2
813 613 2
816 616 3
822 522 3
834 634 2
845 645 2
845 645 2
847 647 2
869 669 2
888 688 2
891 691 3
910 710 2
935 735 2
945 745 2
949 749 3
961 761 2
969 769 3
1007 807 3
1008 708 3
1013 813 3
1017 817 3
1030 830 2
1061 861 2
1069 869 2
1072 872 3
1081 881 2
1099 899 3
1113 913 3
1128 828 3
1131 931 3
1133 933 3
1134 834 2
1139 939 3
1140 940 2
1143 943 2
1146 846 2
1147 947 2
1153 953 2
1164 964 2
1171 971 3
1254 954 2
211 11 2
233 33 3
264 64 3
267 67 2
267 67 2
309 109 2
315 115 2
318 18 3
323 123 2
330 30 2
340 140 3
347 147 2
352 152 2
373 173 2
383 183 3
397 197 2
400 200 3
418 218 3
430 230 2
438 138 2
443 243 2
444 244 2
472 272 2
473 273 2
475 275 2
483 283 2
492 192 2
492 192 3
513 313 2
513 313 3
515 315 3
538 338 2
551 351 2
571 371 3
583 383 3
595 395 2
604 404 2
606 406 2
630 430 2
660 360 2
661 461 3
663 463 2
670 470 3
675 475 2
681 481 2
696 396 3
711 511 2
711 511 3
725 525 2
732 532 2
733 533 3
735 535 2
755 555 3
759 559 3
773 573 2
784 584 3
786 586 2
792 592 2
809 609 2
815 615 2
816 516 2
820 620 3
845 645 3
847 647 3
857 657 2
858 558 2
873 673 2
875 675 3
885 685 2
948 648 2
953 753 3
959 759 3
966 766 3
978 778 2
979 779 3
993 793 3
1014 814 3
1019 819 2
1026 826 2
1038 738 3
1074 874 2
1077 877 3
1081 881 2
1084 884 3
1091 891 3
1110 810 3
1116 816 3
1116 916 2
1126 926 2
1128 928 3
1132 932 3
1140 940 3
1161 961 2
1162 962 3
1168 968 2
1176 876 2
1193 993 2
1197 997 2
1199 999 2
1236 936 2
221 21 3
225 25 2
244 44 2
245 45 2
247 47 3
249 49 2
275 75 3
282 82 2
286 86 3
300 100 2
304 104 2
304 104 2
310 110 2
311 111 3
330 130 2
346 146 2
348 48 2
365 165 2
379 179 3
381 181 2
384 84 3
390 90 2
397 197 2
406 206 2
413 213 2
414 214 2
448 248 3
451 251 3
462 262 3
466 266 2
487 287 3
505 305 2
526 326 2
532 332 2
558 258 2
567 367 2
571 371 3
588 288 3
599 399 2
600 300 3
605 405 2
612 312 3
630 330 2
646 446 2
653 453 3
654 454 2
654 454 3
655 455 2
658 458 2
675 475 2
684 484 2
694 494 3
721 521 2
735 535 2
744 444 2
748 548 2
760 560 2
761 561 3
779 579 3
797 597 2
846 646 3
856 656 2
861 661 2
869 669 3
880 680 3
882 682 2
903 703 2
911 711 3
912 712 2
930 730 2
934 734 3
935 735 2
945 745 3
953 753 2
972 772 3
977 777 3
985 785 3
1012 812 3
1015 815 2
1020 820 3
1033 833 2
1050 850 3
1069 869 2
1077 877 2
1078 878 2
1078 878 3
1091 891 3
1104 904 2
1108 908 2
1115 915 2
1133 933 3
1134 834 2
1155 955 2
1157 957 2
1161 961 2
1169 969 2
1182 982 2
1199 999 2
1278 978 3
1290 990 2
213 13 2
217 17 2
229 29 2
249 49 3
256 56 3
261 61 3
273 73 2
293 93 3
297 97 3
298 98 2
318 118 3
319 119 3
335 135 3
359 159 2
369 169 2
384 184 2
387 187 2
395 195 3
402 102 2
403 203 2
413 213 2
435 235 3
453 253 2
456 256 3
475 275 2
486 186 2
490 290 2
492 192 2
492 292 2
496 296 2
503 303 3
510 310 2
523 323 3
527 327 2
564 264 3
564 364 3
582 382 2
582 382 2
594 394 3
603 403 2
641 441 2
666 466 2
695 495 2
700 500 2
705 505 3
706 506 2
720 520 2
721 521 3
723 523 2
724 524 3
736 536 3
737 537 3
750 450 2
759 559 2
763 563 2
766 566 2
771 571 2
802 602 3
822 522 3
822 622 2
846 646 3
852 652 2
862 662 2
869 669 2
879 679 2
882 582 2
892 692 2
943 743 2
949 749 3
953 753 2
961 761 2
965 765 2
966 666 2
976 776 3
981 781 3
991 791 2
993 793 2
995 795 3
1002 702 2
1011 811 2
1013 813 3
1026 726 2
1054 854 3
1057 857 2
1062 762 3
1068 768 2
1079 879 2
1086 786 2
1099 899 2
1101 901 2
1126 926 3
1135 935 3
1138 938 2
1145 945 2
1146 846 2
1146 946 3
1150 950 3
1152 852 2
1194 994 3
1284 984 2
204 4 2
205 5 3
217 17 3
234 34 3
253 53 3
268 68 3
300 100 3
306 106 2
324 124 2
337 137 2
370 170 3
375 175 2
382 182 3
391 191 2
393 193 2
412 212 3
420 220 3
425 225 2
432 232 2
436 236 2
438 238 2
441 241 2
444 144 3
445 245 2
451 251 2
453 253 2
468 268 2
508 308 2
549 349 2
563 363 2
564 264 3
568 368 3
577 377 3
600 400 2
603 403 3
606 306 2
606 306 3
612 312 3
636 436 2
639 439 3
643 443 3
651 451 2
651 451 2
651 451 3
654 354 2
671 471 2
690 390 3
714 514 2
738 438 2
756 456 3
767 567 2
768 468 3
772 572 2
775 575 3
783 583 3
787 587 3
790 590 3
815 615 3
821 621 3
828 628 2
832 632 2
834 634 2
844 644 3
853 653 2
862 662 3
868 668 2
887 687 2
893 693 3
904 704 2
906 706 3
937 737 3
955 755 2
957 757 2
961 761 3
971 771 3
984 684 2
995 795 2
1001 801 2
1009 809 3
1019 819 2
1032 732 2
1041 841 2
1048 848 2
1049 849 3
1071 871 2
1102 902 3
1114 914 3
1121 921 3
1125 925 2
1127 927 2
1150 950 3
1157 957 3
1170 870 2
1171 971 2
1174 974 2
1187 987 3
1194 894 3
1199 999 2
1200 1000 2
1236 936 2
207 7 3
221 21 3
243 43 3
250 50 3
251 51 3
253 53 2
255 55 2
265 65 2
276 76 2
279 79 2
282 82 2
289 89 2
310 110 3
324 124 3
327 127 2
337 137 2
348 148 3
357 157 3
359 159 2
360 60 2
365 165 3
372 172 2
381 181 3
387 187 3
393 193 2
396 96 3
403 203 2
407 207 2
418 218 2
450 250 3
451 251 2
467 267 3
471 271 2
523 323 3
544 344 3
576 276 2
594 394 2
594 394 3
597 397 3
600 400 2
605 405 3
609 409 2
624 324 3
647 447 3
658 458 3
700 500 2
709 509 2
726 526 3
732 432 2
736 536 2
761 561 2
762 462 3
771 571 2
783 583 3
785 585 2
787 587 2
791 591 2
807 607 2
816 616 2
831 631 2
831 631 2
839 639 2
844 644 2
862 662 2
863 663 2
875 675 2
877 677 3
900 700 3
915 715 3
916 716 2
921 721 2
925 725 3
927 727 2
935 735 3
936 636 2
954 754 3
984 784 2
1003 803 2
1005 805 2
1007 807 3
1009 809 3
1018 818 2
1020 820 2
1038 738 3
1041 841 3
1045 845 3
1077 877 2
1089 889 2
1104 804 2
1105 905 2
1127 927 3
1134 934 2
1152 852 3
1164 964 2
1174 974 3
1177 977 2
1188 888 2
1192 992 2
1194 994 2
1195 995 3
216 16 2
249 49 2
269 69 2
269 69 2
277 77 2
285 85 2
292 92 2
306 106 2
313 113 3
324 124 3
333 133 2
341 141 3
358 158 2
360 60 2
377 177 3
378 78 2
378 78 2
397 197 2
399 199 3
400 200 3
447 247 2
459 259 2
465 265 2
479 279 2
487 287 3
491 291 2
495 295 2
517 317 2
537 337 2
557 357 3
570 270 2
575 375 2
592 392 3
609 409 3
616 416 2
636 336 3
643 443 2
652 452 2
654 454 3
669 469 2
688 488 3
701 501 2
701 501 2
702 502 2
714 414 2
717 517 3
720 520 2
737 537 3
738 438 2
747 547 2
747 547 2
756 456 3
757 557 2
762 562 2
768 568 2
785 585 2
811 611 2
821 621 2
826 626 2
835 635 2
835 635 3
839 639 2
843 643 3
868 668 2
869 669 3
898 698 2
911 711 3
917 717 3
925 725 3
930 630 2
930 630 2
931 731 3
942 642 2
942 742 3
946 746 2
960 660 2
964 764 3
976 776 2
984 684 2
1009 809 2
1029 829 2
1031 831 2
1042 842 2
1042 842 3
1053 853 2
1055 855 2
1065 865 2
1068 868 3
1072 872 2
1079 879 3
1098 898 3
1109 909 2
1110 910 2
1139 939 3
1162 962 2
1167 967 2
1173 973 2
1173 973 2
1182 982 2
1188 988 2
219 19 2
222 22 2
285 85 2
312 12 2
324 124 2
330 130 2
336 36 2
354 54 2
381 181 3
394 194 2
408 108 3
408 208 2
408 208 2
409 209 2
426 126 3
432 232 2
435 235 3
437 237 2
442 242 3
451 251 2
471 271 2
471 271 3
481 281 2
486 286 2
487 287 3
490 290 3
509 309 3
511 311 2
517 317 2
521 321 3
522 222 2
545 345 3
552 352 2
553 353 2
563 363 2
582 282 2
599 399 2
600 300 3
606 406 2
607 407 2
613 413 2
622 422 3
640 440 2
654 354 2
678 378 2
683 483 2
696 496 2
701 501 2
703 503 3
705 505 3
707 507 2
721 521 2
735 535 2
762 562 3
768 568 3
772 572 2
780 480 3
793 593 2
799 599 3
808 608 2
811 611 3
833 633 2
838 638 3
863 663 3
870 670 2
870 670 3
871 671 2
874 674 3
880 680 3
882 682 2
882 682 3
900 600 2
906 606 3
934 734 2
936 636 2
960 660 3
966 766 3
976 776 3
985 785 2
995 795 3
996 796 3
1008 708 3
1025 825 2
1066 866 2
1073 873 2
1074 774 3
1075 875 2
1080 880 2
1089 889 3
1089 889 3
1090 890 3
1092 792 3
1121 921 2
1140 840 2
1162 962 2
1170 970 2
1199 999 2
1236 936 2
1266 966 3
1296 996 2
221 21 3
235 35 2
243 43 2
255 55 2
257 57 2
257 57 3
258 58 3
283 83 2
285 85 3
292 92 2
346 146 3
353 153 3
354 154 2
359 159 3
360 160 2
366 66 2
396 196 2
411 211 3
417 217 3
421 221 2
426 226 2
438 138 3
438 238 3
460 260 2
478 278 3
489 289 2
495 295 3
510 310 2
511 311 2
511 311 2
513 313 2
514 314 2
525 325 3
534 334 3
555 355 3
571 371 2
585 385 2
594 394 2
594 394 3
598 398 3
611 411 3
624 324 3
630 430 2
634 434 2
636 336 3
636 336 3
640 440 3
642 342 2
654 354 2
654 354 2
661 461 3
670 470 3
672 372 2
697 497 2
702 402 2
720 420 2
720 520 3
733 533 2
748 548 2
786 586 3
789 589 2
793 593 2
801 601 2
804 504 2
810 510 3
837 637 2
847 647 2
856 656 2
858 558 2
864 564 3
870 670 3
885 685 2
911 711 2
918 718 2
930 630 3
931 731 3
941 741 3
946 746 2
952 752 2
966 666 2
969 769 2
981 781 2
995 795 3
1003 803 3
1006 806 3
1008 708 2
1021 821 3
1023 823 2
1024 824 2
1026 826 2
1032 832 2
1039 839 3
1062 762 3
1065 865 3
1111 911 3
1146 946 3
1162 962 3
1167 967 2
1182 882 3
1195 995 3
207 7 2
210 10 2
211 11 3
219 19 3
238 38 2
245 45 3
251 51 3
258 58 2
261 61 2
289 89 2
303 103 2
319 119 3
325 125 2
334 134 3
348 48 3
355 155 3
358 158 2
367 167 2
371 171 3
389 189 2
390 190 2
394 194 2
399 199 3
399 199 3
402 102 2
409 209 3
426 226 2
431 231 3
450 150 2
455 255 2
465 265 2
467 267 3
467 267 3
474 174 2
493 293 2
501 301 2
513 313 2
528 328 3
552 252 3
564 264 2
594 394 2
604 404 3
610 410 2
613 413 2
655 455 2
661 461 2
671 471 3
684 484 3
690 390 2
690 390 2
712 512 2
714 514 3
721 521 2
731 531 3
732 432 3
738 538 2
744 544 2
754 554 3
768 568 3
787 587 3
815 615 3
831 631 3
840 640 2
850 650 2
861 661 3
870 670 3
881 681 2
885 685 3
904 704 2
913 713 2
913 713 2
915 715 2
917 717 3
942 742 2
945 745 2
988 788 2
997 797 3
999 799 3
1024 824 2
1051 851 2
1053 853 2
1072 872 3
1073 873 2
1079 879 3
1079 879 3
1080 880 2
1098 898 3
1122 822 3
1133 933 2
1137 937 2
1143 943 2
1146 846 2
1155 955 3
1162 962 2
1168 968 2
1181 981 3
1188 888 2
1192 992 3
1197 997 2
1200 1000 2
202 2 2
205 5 3
231 31 2
240 40 3
246 46 3
258 58 2
265 65 2
276 76 2
289 89 3
295 95 2
310 110 3
334 134 2
335 135 3
336 36 2
342 42 2
348 48 2
348 48 3
379 179 2
396 96 3
396 196 3
407 207 2
409 209 2
419 219 3
456 156 2
469 269 3
538 338 3
541 341 3
559 359 2
564 364 2
587 387 2
610 410 2
617 417 2
622 422 2
630 330 3
630 430 3
651 451 2
671 471 2
672 372 3
744 444 2
751 551 2
756 456 2
759 559 3
769 569 2
775 575 3
778 578 2
786 486 3
790 590 2
791 591 2
798 598 2
799 599 2
803 603 2
816 616 2
825 625 3
835 635 3
841 641 2
846 646 2
852 652 3
856 656 3
870 670 3
874 674 2
886 686 3
888 588 3
891 691 2
894 694 2
912 612 2
917 717 3
927 727 2
935 735 2
936 636 3
942 742 3
970 770 2
975 775 2
1000 800 2
1013 813 2
1015 815 2
1018 818 2
1020 720 3
1031 831 3
1050 850 2
1056 856 2
1059 859 2
1069 869 2
1077 877 2
1083 883 2
1087 887 2
1092 892 3
1102 902 2
1103 903 2
1108 908 3
1132 932 2
1145 945 2
1152 952 2
1153 953 3
1153 953 3
1158 858 2
1167 967 2
1173 973 2
1173 973 3
1206 906 2
1212 912 2
201 1 2
203 3 2
227 27 2
231 31 3
237 37 2
250 50 2
250 50 3
252 52 2
265 65 2
285 85 2
304 104 2
307 107 3
313 113 2
317 117 2
318 18 2
325 125 2
342 42 2
348 148 2
372 172 2
394 194 2
402 202 2
403 203 3
405 205 3
409 209 2
409 209 3
413 213 3
438 138 3
449 249 3
485 285 3
499 299 2
509 309 2
509 309 3
515 315 3
522 322 3
535 335 3
538 338 3
540 240 3
555 355 3
558 258 2
579 379 2
587 387 2
603 403 3
619 419 3
629 429 3
641 441 2
654 454 3
676 476 2
687 487 2
715 515 2
724 524 3
733 533 2
736 536 3
761 561 2
762 462 3
766 566 2
768 468 3
771 571 2
791 591 2
792 592 2
801 601 2
802 602 3
807 607 2
815 615 3
834 534 3
843 643 2
843 643 2
846 646 2
857 657 2
858 658 2
859 659 2
892 692 2
906 706 3
921 721 3
930 630 3
933 733 3
952 752 3
981 781 2
984 784 3
987 787 2
1012 812 2
1020 720 2
1032 832 2
1033 833 2
1033 833 3
1038 838 2
1044 844 2
1105 905 2
1116 916 3
1119 919 2
1128 928 2
1139 939 2
1140 940 3
1144 944 2
1145 945 2
1152 852 3
1158 958 2
1158 958 2
1169 969 2
1179 979 2
1182 982 2
201 1 2
210 10 2
229 29 2
253 53 2
279 79 3
348 48 3
354 54 2
357 157 2
366 66 2
369 169 2
383 183 3
393 193 3
397 197 3
405 205 3
414 214 3
435 235 2
436 236 2
438 138 2
448 248 2
465 265 3
484 284 3
489 289 2
495 295 2
507 307 2
522 222 2
522 322 3
535 335 3
546 246 2
573 373 3
585 385 2
595 395 3
600 400 2
635 435 2
648 348 3
651 451 3
651 451 3
697 497 3
701 501 2
706 506 2
706 506 3
709 509 2
720 520 2
744 444 3
744 544 2
747 547 2
760 560 2
778 578 2
786 586 2
792 592 3
811 611 2
823 623 3
827 627 2
833 633 3
841 641 3
844 644 2
849 649 2
858 558 3
861 661 2
871 671 3
876 576 2
881 681 3
888 688 2
889 689 2
919 719 3
930 730 2
947 747 2
977 777 3
990 790 3
993 793 2
995 795 2
1005 805 2
1009 809 3
1014 814 3
1020 720 3
1026 726 2
1057 857 2
1065 865 3
1066 866 2
1069 869 2
1069 869 3
1071 871 2
1078 878 3
1085 885 3
1093 893 2
1110 910 3
1129 929 2
1131 931 2
1133 933 2
1134 934 2
1146 846 2
1147 947 2
1151 951 3
1158 958 2
1171 971 2
1175 975 2
1176 976 3
1177 977 3
1199 999 2
1266 966 2
1296 996 3
228 28 2
233 33 2
292 92 2
312 112 2
313 113 3
319 119 2
325 125 2
329 129 3
335 135 2
342 142 3
357 157 3
359 159 3
360 160 3
361 161 2
378 178 3
382 182 2
385 185 2
421 221 2
439 239 3
444 144 3
445 245 2
450 150 3
456 156 2
456 256 2
474 174 2
477 277 2
480 180 3
486 186 2
489 289 2
492 192 2
492 292 3
502 302 3
507 307 2
586 386 3
592 392 3
609 409 2
609 409 3
612 412 2
616 416 2
633 433 3
647 447 2
660 460 3
678 378 2
678 378 3
691 491 2
691 491 2
717 517 2
718 518 2
718 518 3
720 420 3
743 543 2
744 444 2
750 450 3
750 550 2
756 556 2
761 561 3
789 589 2
805 605 3
808 608 3
820 620 3
831 631 3
837 637 2
846 546 3
846 646 2
853 653 3
879 679 2
917 717 2
925 725 2
940 740 2
952 752 3
953 753 2
958 758 2
961 761 2
966 766 2
977 777 2
1032 832 3
1036 836 2
1048 848 2
1055 855 3
1061 861 2
1080 880 2
1087 887 2
1102 902 3
1105 905 3
1114 914 2
1116 916 2
1128 928 2
1139 939 2
1141 941 3
1152 952 2
1155 955 3
1162 962 3
1168 968 3
1176 976 2
1177 977 2
1180 980 2
1194 994 3
1242 942 2
1248 948 2
1278 978 3
201 1 2
204 4 3
213 13 3
227 27 3
234 34 3
251 51 2
251 51 2
261 61 2
269 69 2
292 92 2
293 93 2
298 98 2
299 99 3
319 119 3
324 24 3
328 128 2
340 140 2
346 146 3
354 154 2
357 157 3
367 167 3
400 200 3
420 120 2
438 138 3
457 257 3
462 262 3
504 204 2
504 204 3
510 210 2
535 335 2
541 341 2
553 353 3
582 382 2
587 387 2
597 397 2
660 460 2
671 471 3
672 372 2
706 506 3
708 408 2
718 518 2
720 420 3
727 527 2
738 538 2
744 544 3
753 553 2
762 462 2
787 587 3
792 492 2
795 595 3
798 498 3
807 607 2
809 609 2
816 616 3
823 623 2
825 625 2
825 625 2
826 626 3
828 528 3
837 637 2
837 637 2
838 638 2
853 653 2
858 558 2
875 675 3
909 709 3
930 630 2
937 737 2
954 654 3
971 771 3
972 672 2
996 696 2
1014 714 2
1024 824 2
1026 826 3
1035 835 2
1036 836 3
1053 853 3
1053 853 3
1057 857 3
1060 860 2
1085 885 3
1098 898 2
1111 911 3
1117 917 2
1122 822 2
1127 927 3
1140 840 2
1140 940 3
1145 945 2
1146 846 2
1151 951 2
1156 956 2
1162 962 3
1165 965 2
1165 965 3
1174 974 2
1185 985 2
1200 900 2
1236 936 2
