200 20 507281
10 112 207
10 68 219
10 110 249
10 113 186
10 54 249
10 61 222
10 112 224
10 59 174
10 89 198
10 94 222
10 67 242
10 116 188
10 118 152
10 143 211
10 61 160
10 54 195
10 107 226
10 103 183
10 61 165
10 65 150
762 462 33
2674 2474 25
3877 3677 27
4309 4109 26
4920 4620 31
5285 5085 32
6468 6268 26
6847 6647 34
9652 9452 34
10182 9982 31
1141 941 30
1218 918 33
1686 1486 26
4093 3893 29
4355 4155 28
4587 4387 30
4639 4439 27
4759 4559 29
5551 5351 31
8724 8424 27
1996 1796 24
2712 2512 26
3595 3395 25
4011 3811 32
4410 4110 34
4440 4240 25
4642 4442 28
7866 7666 25
8686 8486 26
8855 8655 32
364 164 27
959 759 26
2215 2015 26
3159 2959 32
4902 4602 25
4936 4736 32
6396 6096 34
7830 7630 25
8920 8720 26
9078 8878 27
553 353 30
1367 1167 26
1584 1384 31
2009 1809 26
2577 2377 27
2814 2514 31
5436 5136 25
8604 8404 26
9286 9086 31
10110 9810 29
475 275 32
726 426 30
898 698 31
1540 1340 30
3431 3231 26
5664 5464 28
7659 7459 29
7757 7557 24
8849 8649 33
9959 9759 26
1204 1004 30
1392 1092 26
3085 2885 34
6069 5869 29
6816 6516 34
7465 7265 34
7524 7224 26
7633 7433 26
8448 8248 30
9330 9030 27
234 34 34
2369 2169 34
3817 3617 24
3935 3735 28
4343 4143 33
7005 6805 26
7591 7391 29
7738 7538 33
7944 7744 26
8521 8321 26
360 160 33
1284 984 26
1961 1761 27
4371 4171 26
4981 4781 29
7713 7513 33
7800 7500 34
8542 8342 25
8808 8608 28
9672 9372 32
1914 1614 34
2038 1838 29
2117 1917 29
3180 2880 24
3729 3529 31
6513 6313 30
8862 8662 28
9132 8832 31
9423 9223 27
9708 9508 31
828 528 24
1005 805 32
1428 1228 30
5482 5282 33
5880 5580 28
7311 7111 33
7536 7336 33
9067 8867 32
9444 9144 28
9475 9275 31
1320 1120 26
2364 2164 28
2777 2577 31
3099 2899 28
5053 4853 27
5968 5768 25
6504 6204 34
7203 7003 24
8405 8205 30
8998 8798 27
373 173 34
1623 1423 31
2835 2635 28
3684 3484 30
4620 4420 27
5106 4906 32
5191 4991 32
5980 5780 33
6689 6489 31
10054 9854 26
1431 1231 29
3411 3211 28
3749 3549 26
4535 4335 30
6190 5990 32
7488 7288 27
8341 8141 27
10098 9898 31
10147 9947 33
10176 9976 28
358 158 25
1459 1259 30
2458 2258 31
5394 5094 33
5713 5513 24
7207 7007 32
8910 8610 28
9372 9072 34
9813 9613 33
9817 9617 26
339 139 28
726 526 27
760 560 25
1779 1579 26
2275 2075 32
6973 6773 29
7367 7167 26
8364 8064 33
8436 8136 31
8820 8520 28
879 679 34
1321 1121 31
1926 1726 26
2976 2676 26
3143 2943 29
3953 3753 25
4002 3802 32
9234 8934 26
9957 9757 25
9978 9678 31
652 452 27
969 769 33
2388 2188 34
3820 3620 28
4434 4134 34
5493 5293 30
7392 7192 27
7596 7396 28
8541 8341 30
9945 9745 27
1092 792 31
2044 1844 28
2725 2525 25
5694 5494 31
6462 6262 33
6719 6519 24
6982 6782 31
7464 7164 33
7501 7301 31
9917 9717 30
359 159 32
793 593 25
2448 2148 28
4007 3807 24
6090 5790 25
6714 6414 29
7749 7549 27
8034 7734 32
9027 8827 32
9519 9319 31
