500 20 128944
25 99 231
25 86 216
25 149 237
25 66 180
25 71 168
25 91 169
25 107 230
25 72 230
25 67 205
25 84 205
25 101 160
25 85 151
25 113 209
25 106 232
25 77 173
25 89 244
25 126 213
25 57 164
25 70 187
25 125 188
252 52 9
361 161 13
366 166 10
387 187 10
424 224 12
433 233 12
471 271 10
479 279 13
480 280 11
503 303 10
523 323 11
660 460 10
696 396 13
755 555 11
761 561 10
792 592 12
828 528 12
847 647 13
904 704 12
911 711 13
966 766 11
994 794 9
1047 847 12
1104 904 10
1174 974 13
205 5 13
233 33 11
238 38 12
275 75 12
408 208 13
556 356 11
556 356 12
603 403 11
603 403 12
617 417 11
642 442 11
643 443 12
655 455 10
839 639 10
867 667 12
870 670 11
887 687 12
929 729 11
947 747 10
984 784 12
989 789 9
989 789 13
1078 878 13
1107 907 10
1248 948 12
213 13 13
282 82 12
309 109 11
336 136 11
357 157 11
372 72 13
412 212 11
492 192 12
495 295 12
526 326 10
634 434 9
678 378 10
744 544 12
798 498 11
840 540 10
844 644 10
900 700 12
900 700 12
913 713 9
1062 862 10
1143 943 11
1165 965 11
1174 974 11
1191 991 12
1254 954 13
213 13 10
243 43 11
281 81 12
307 107 11
330 30 13
414 214 12
522 322 13
547 347 11
591 391 10
594 394 13
598 398 13
719 519 11
725 525 11
774 474 9
798 598 10
798 598 11
937 737 12
965 765 10
987 787 12
1008 708 9
1035 835 11
1072 872 12
1114 914 11
1128 928 9
1198 998 9
336 136 9
375 175 9
379 179 10
431 231 9
534 334 12
585 385 10
610 410 11
657 457 12
664 464 11
805 605 12
838 638 9
840 640 11
846 646 12
876 676 12
883 683 11
913 713 13
934 734 10
942 742 13
947 747 11
970 770 11
987 787 11
1008 708 10
1023 823 12
1115 915 12
1165 965 11
267 67 13
348 48 12
366 166 11
383 183 11
425 225 10
449 249 11
499 299 9
547 347 13
553 353 13
582 282 11
601 401 10
607 407 10
749 549 11
783 583 11
803 603 11
822 622 10
907 707 13
948 748 10
1026 726 11
1061 861 12
1107 907 10
1123 923 13
1180 980 9
1195 995 13
1197 997 9
213 13 10
225 25 10
234 34 11
235 35 12
468 168 11
468 268 11
486 286 12
528 228 10
598 398 13
654 454 10
702 502 12
737 537 12
793 593 12
822 522 12
867 667 10
909 709 12
912 612 13
913 713 12
935 735 10
955 755 10
1008 808 10
1011 811 13
1113 913 10
1157 957 11
1200 900 11
405 205 12
456 256 10
484 284 13
531 331 12
568 368 9
577 377 12
581 381 12
582 382 10
669 469 10
690 390 11
701 501 11
738 538 13
760 560 11
771 571 11
787 587 11
869 669 12
928 728 9
949 749 10
967 767 12
984 684 12
987 787 12
1026 826 13
1096 896 13
1119 919 11
1131 931 11
228 28 13
235 35 12
245 45 11
252 52 10
390 90 11
426 226 13
443 243 10
456 256 13
486 186 9
550 350 13
628 428 12
636 336 10
702 502 10
715 515 11
731 531 13
763 563 10
781 581 10
798 598 10
803 603 11
840 640 10
855 655 10
936 736 11
1080 880 13
1108 908 12
1140 840 11
255 55 13
258 58 12
316 116 10
371 171 12
427 227 12
457 257 11
514 314 10
520 320 11
565 365 12
570 270 10
709 509 10
712 512 10
748 548 11
774 574 12
778 578 13
846 546 12
927 727 11
928 728 10
937 737 11
972 772 9
1080 780 11
1099 899 10
1151 951 9
1169 969 11
1242 942 13
263 63 12
318 118 12
343 143 13
370 170 13
455 255 11
544 344 10
671 471 11
672 372 11
724 524 12
732 532 12
738 438 10
744 444 13
827 627 10
887 687 10
931 731 10
1006 806 10
1047 847 10
1065 865 12
1080 780 10
1092 892 12
1095 895 13
1152 852 12
1155 955 13
1191 991 12
1266 966 10
323 123 13
390 190 12
405 205 10
426 126 10
478 278 12
483 283 12
487 287 12
498 298 10
527 327 12
551 351 12
562 362 10
570 370 13
610 410 13
611 411 11
640 440 13
694 494 10
703 503 12
766 566 12
793 593 13
862 662 10
935 735 13
985 785 10
1041 841 11
1062 862 10
1132 932 11
220 20 11
222 22 13
336 136 11
352 152 11
379 179 11
399 199 10
420 220 9
462 262 13
565 365 9
570 370 13
571 371 11
672 472 13
760 560 12
869 669 10
879 679 11
886 686 13
916 716 13
924 724 13
961 761 13
966 666 12
1000 800 9
1007 807 11
1023 823 13
1063 863 12
1174 974 10
219 19 9
231 31 11
352 152 12
367 167 10
439 239 11
538 338 10
583 383 11
589 389 11
603 403 9
624 424 12
624 424 13
652 452 11
670 470 10
781 581 9
795 595 11
869 669 11
870 570 11
921 721 12
939 739 10
943 743 11
953 753 13
958 758 12
1038 738 12
1053 853 12
1055 855 10
246 46 9
271 71 12
321 121 10
360 60 12
375 175 12
449 249 11
454 254 12
504 304 10
528 228 12
531 331 13
537 337 12
611 411 11
611 411 12
613 413 12
654 354 11
705 505 13
763 563 10
777 577 10
784 584 12
941 741 12
1008 708 12
1080 880 12
1131 931 10
1168 968 9
1195 995 10
286 86 10
321 121 13
352 152 11
445 245 12
555 355 12
565 365 13
579 379 12
624 324 11
673 473 10
677 477 10
678 478 11
694 494 10
702 402 10
705 505 13
732 432 10
751 551 11
767 567 12
771 571 12
799 599 9
858 558 11
892 692 12
1092 892 12
1126 926 11
1170 970 12
1183 983 10
227 27 11
233 33 10
298 98 9
306 106 10
316 116 12
334 134 9
354 154 12
389 189 10
407 207 10
444 244 12
534 234 12
574 374 10
661 461 13
732 432 10
732 532 9
737 537 13
768 568 10
798 498 13
897 697 11
900 700 9
906 606 11
912 612 11
1025 825 12
1129 929 11
1146 946 11
223 23 10
249 49 10
264 64 12
273 73 13
309 109 12
364 164 10
372 172 10
418 218 10
543 343 11
616 416 13
623 423 10
637 437 10
717 517 12
725 525 12
765 565 11
780 580 13
953 753 13
964 764 11
988 788 10
993 793 12
1044 744 10
1102 902 10
1122 822 10
1140 940 11
1180 980 10
221 21 13
250 50 11
258 58 12
274 74 12
432 232 12
436 236 9
448 248 13
598 398 13
618 418 11
623 423 11
633 433 10
645 445 11
840 640 12
886 686 11
906 606 11
1013 813 11
1033 833 11
1043 843 11
1065 865 12
1090 890 11
1104 804 10
1115 915 11
1120 920 13
1141 941 11
1200 900 11
252 52 10
347 147 13
357 157 12
375 175 11
431 231 9
466 266 13
502 302 12
515 315 11
526 326 12
528 328 10
599 399 10
609 409 13
629 429 12
657 457 11
678 478 11
726 426 13
733 533 11
745 545 10
869 669 11
879 679 10
892 692 10
907 707 10
918 718 9
1049 849 10
1107 907 13
