2000 20 5438372
100 130 156
100 55 221
100 93 229
100 96 167
100 141 197
100 102 152
100 127 157
100 140 195
100 109 244
100 114 244
100 67 198
100 149 216
100 83 189
100 150 228
100 123 182
100 63 165
100 72 161
100 107 246
100 135 189
100 54 169
478 278 2
519 319 2
721 521 3
748 548 2
875 675 3
888 688 2
895 695 2
966 766 3
1667 1467 2
1830 1630 2
1851 1651 2
2058 1858 2
2226 2026 2
2235 2035 3
2284 2084 3
2411 2211 2
2538 2238 2
2837 2637 2
2869 2669 2
3011 2811 2
3107 2907 2
3162 2962 2
3564 3264 2
3659 3459 2
3879 3679 2
3931 3731 3
4051 3851 2
4078 3878 2
4080 3880 2
4299 4099 2
4410 4110 3
4456 4256 2
4487 4287 2
4552 4352 3
4567 4367 2
4775 4575 2
4842 4542 2
4913 4713 3
5003 4803 2
5197 4997 2
5208 5008 2
5225 5025 2
5256 4956 3
5365 5165 3
5436 5236 2
5496 5296 3
5752 5552 2
5824 5624 2
5839 5639 2
6021 5821 2
6101 5901 3
6249 6049 2
6262 6062 2
6384 6084 2
6586 6386 2
6597 6397 2
6696 6396 2
6703 6503 2
6732 6532 2
6757 6557 2
6900 6600 3
6929 6729 2
7119 6919 2
7132 6932 3
7176 6976 3
7193 6993 2
7271 7071 2
7295 7095 2
7386 7086 3
7464 7164 2
7673 7473 3
7723 7523 3
7797 7597 2
7866 7666 2
7869 7669 2
8013 7813 3
8184 7884 2
8194 7994 2
8397 8197 3
8459 8259 3
9274 9074 2
9291 9091 2
9456 9256 2
9510 9310 2
9543 9343 2
9585 9385 2
9589 9389 2
9648 9348 2
9669 9469 2
9719 9519 3
9745 9545 3
9863 9663 2
9952 9752 2
10008 9708 2
10017 9817 2
10044 9844 2
10077 9877 2
10128 9928 3
10193 9993 2
10199 9999 2
253 53 3
322 122 3
397 197 2
413 213 2
423 223 2
454 254 2
791 591 2
837 637 2
847 647 2
948 748 2
1072 872 2
1195 995 2
1312 1112 2
1313 1113 2
1350 1050 3
1464 1264 2
1482 1182 3
1566 1266 2
1626 1426 2
1733 1533 2
1950 1750 2
1986 1786 3
2226 2026 2
2403 2203 2
2430 2230 2
2627 2427 3
2651 2451 3
2712 2512 2
2781 2581 2
2838 2638 2
2842 2642 3
3023 2823 2
3108 2908 3
3185 2985 2
3222 2922 2
3269 3069 2
3317 3117 2
3387 3187 2
3436 3236 2
3468 3168 2
3652 3452 2
3775 3575 2
3798 3598 2
4032 3832 2
4049 3849 2
4092 3792 2
4194 3994 2
4290 4090 3
4477 4277 3
4498 4298 2
4656 4456 2
4907 4707 2
5509 5309 2
5538 5338 2
5634 5334 2
5661 5461 2
5749 5549 3
5838 5638 2
5928 5728 2
6024 5724 2
6071 5871 2
6079 5879 3
6090 5790 2
6234 5934 3
6245 6045 2
6270 6070 3
6297 6097 2
6493 6293 2
6567 6367 2
6819 6619 3
6858 6658 3
6893 6693 2
6935 6735 2
7140 6940 2
7278 6978 2
7333 7133 3
7421 7221 2
7537 7337 2
7750 7550 2
7809 7609 3
7878 7678 2
7926 7626 2
7954 7754 2
8454 8154 2
8614 8414 2
8664 8464 3
8802 8602 2
9022 8822 2
9191 8991 2
9191 8991 2
9383 9183 2
9453 9253 3
9516 9316 2
9551 9351 2
9756 9456 2
9876 9576 2
9901 9701 3
9978 9778 2
10043 9843 2
10212 9912 2
402 202 2
456 256 3
547 347 2
606 406 2
730 530 2
862 662 3
927 727 2
1057 857 2
1125 925 2
1260 1060 2
1315 1115 2
1326 1026 2
1674 1374 2
1759 1559 3
1817 1617 2
1879 1679 2
1881 1681 3
1948 1748 3
2004 1804 2
2386 2186 2
2423 2223 2
2649 2449 2
2676 2376 2
2922 2722 2
2974 2774 2
3121 2921 2
3295 3095 2
3367 3167 2
3505 3305 2
3600 3400 2
3751 3551 2
3798 3498 2
3801 3601 2
3819 3619 2
3877 3677 3
4024 3824 2
4092 3892 3
4147 3947 2
4254 4054 2
4368 4168 2
4450 4250 2
4798 4598 2
4816 4616 2
4939 4739 2
5130 4930 2
5199 4999 3
5225 5025 2
5433 5233 2
5632 5432 2
5844 5544 3
6023 5823 2
6113 5913 2
6145 5945 3
6241 6041 2
6241 6041 3
6262 6062 2
6286 6086 2
6360 6160 2
6424 6224 2
6438 6138 2
6480 6280 2
6550 6350 2
6967 6767 3
7195 6995 3
7234 7034 2
7343 7143 2
7385 7185 2
7413 7213 3
7414 7214 3
7546 7346 3
7608 7408 3
7711 7511 2
7773 7573 3
7896 7596 2
7987 7787 2
8001 7801 2
8014 7814 3
8064 7864 2
8148 7948 3
8209 8009 3
8382 8082 3
8413 8213 3
8442 8242 3
8566 8366 3
8601 8401 2
8676 8376 2
8766 8566 2
8790 8590 2
8970 8770 2
9129 8929 2
9306 9106 3
9372 9072 2
9591 9391 2
9641 9441 2
9803 9603 2
9841 9641 2
9991 9791 2
10068 9768 2
10133 9933 2
10164 9964 3
301 101 2
310 110 3
352 152 3
360 160 2
725 525 2
771 571 3
790 590 3
882 582 3
1096 896 2
1099 899 2
1110 810 3
1386 1186 2
1452 1152 3
1635 1435 3
1702 1502 2
1984 1784 3
2262 2062 3
2412 2112 2
2435 2235 2
2485 2285 2
2620 2420 2
2626 2426 3
2686 2486 2
2802 2602 2
2826 2526 2
2883 2683 2
2931 2731 2
2940 2740 3
3210 3010 2
3334 3134 2
3438 3138 2
3558 3358 2
3606 3306 2
3617 3417 2
3669 3469 2
3748 3548 3
3834 3534 3
3863 3663 3
4057 3857 3
4215 4015 2
4289 4089 3
4425 4225 3
4440 4240 3
4494 4294 3
4681 4481 2
4709 4509 2
4893 4693 2
4954 4754 2
4969 4769 2
5166 4966 3
5172 4872 3
5232 5032 3
5370 5170 2
5442 5242 3
5592 5292 2
5755 5555 3
5887 5687 3
5913 5713 2
5982 5682 2
6168 5868 2
6246 6046 2
6664 6464 3
6739 6539 2
6814 6614 2
7140 6840 2
7233 7033 3
7237 7037 3
7305 7105 2
7459 7259 2
7543 7343 3
7590 7290 2
7627 7427 2
7636 7436 3
7677 7477 3
7787 7587 2
7803 7603 2
7914 7714 2
8351 8151 2
8484 8184 2
8511 8311 2
8640 8440 3
8723 8523 2
9149 8949 2
9165 8965 2
9214 9014 2
9216 9016 2
9276 9076 2
9355 9155 2
9361 9161 2
9432 9132 2
9604 9404 3
9667 9467 3
9786 9586 2
9828 9528 2
9840 9640 2
9847 9647 2
9877 9677 2
9960 9660 3
9982 9782 3
10177 9977 2
333 133 3
497 297 2
516 216 3
552 252 2
575 375 2
804 504 2
1236 936 2
1338 1138 3
1369 1169 3
1386 1186 2
1459 1259 3
1522 1322 3
1602 1302 2
1656 1356 2
1678 1478 2
1863 1663 2
2097 1897 2
2119 1919 2
2418 2218 3
2649 2449 2
2741 2541 3
2814 2614 2
2962 2762 3
2986 2786 2
2995 2795 2
3021 2821 2
3077 2877 2
3210 3010 3
3376 3176 2
3484 3284 2
3484 3284 3
3544 3344 3
3665 3465 3
3751 3551 2
3766 3566 2
3907 3707 2
3973 3773 3
3990 3690 3
4164 3964 2
4459 4259 2
4503 4303 2
4552 4352 3
4560 4360 2
4665 4465 3
4800 4500 2
4882 4682 3
5068 4868 3
5343 5143 2
5466 5266 2
5682 5382 3
5811 5611 3
5844 5544 2
5921 5721 2
6016 5816 2
6120 5820 2
6288 6088 3
6305 6105 2
6343 6143 2
6413 6213 3
6414 6114 3
6474 6274 2
6477 6277 2
6543 6343 2
6575 6375 2
6718 6518 2
6875 6675 2
7192 6992 3
7279 7079 2
7449 7249 2
7470 7270 3
7561 7361 3
7578 7378 3
7692 7392 2
7768 7568 2
7829 7629 2
7908 7708 3
7998 7698 2
8107 7907 2
8326 8126 2
8338 8138 2
8374 8174 2
8419 8219 2
8422 8222 2
8443 8243 2
8467 8267 3
8493 8293 3
8656 8456 2
8719 8519 3
8721 8521 2
8919 8719 2
9186 8986 2
9234 9034 2
9246 8946 2
9497 9297 2
9510 9310 2
9564 9364 2
9642 9442 2
9786 9586 2
9963 9763 2
10025 9825 3
245 45 2
383 183 2
384 84 2
393 193 3
415 215 3
420 220 2
571 371 2
743 543 3
769 569 3
798 598 3
816 516 2
834 634 2
841 641 2
894 594 2
958 758 3
1036 836 2
1338 1138 2
1437 1237 2
1482 1282 2
1492 1292 2
1707 1507 2
1749 1549 2
1794 1594 3
2011 1811 3
2189 1989 3
2280 1980 2
2388 2188 2
2454 2154 2
2680 2480 2
2685 2485 3
3006 2806 2
3048 2848 2
3083 2883 2
3271 3071 3
3406 3206 3
3477 3277 2
3606 3306 2
3616 3416 2
3773 3573 3
3785 3585 2
3889 3689 2
4027 3827 2
4120 3920 2
4284 4084 2
4384 4184 2
4402 4202 2
4482 4182 2
4569 4369 2
4732 4532 3
4997 4797 2
5070 4770 2
5178 4978 2
5202 4902 3
5219 5019 2
5544 5344 2
5574 5374 2
6072 5772 2
6161 5961 2
6305 6105 2
6342 6042 2
6408 6208 2
6427 6227 2
6579 6379 3
6646 6446 2
6797 6597 2
6898 6698 2
7097 6897 2
7107 6907 2
7139 6939 2
7182 6982 2
7290 6990 2
7455 7255 3
7560 7260 3
7626 7326 2
7762 7562 2
7771 7571 2
7806 7606 2
7896 7696 3
8179 7979 2
8244 8044 2
8325 8125 3
8512 8312 2
8556 8256 2
8619 8419 2
8784 8484 3
9059 8859 2
9059 8859 3
9095 8895 2
9097 8897 2
9155 8955 2
9228 9028 2
9551 9351 2
9552 9352 2
9553 9353 2
9624 9424 3
9829 9629 3
9873 9673 2
9927 9727 3
10200 9900 2
10206 9906 3
275 75 2
408 208 2
576 376 2
598 398 3
606 306 2
628 428 3
736 536 3
851 651 2
913 713 2
930 630 2
1601 1401 2
1708 1508 2
1919 1719 3
1932 1632 2
1944 1744 2
2091 1891 2
2142 1942 2
2293 2093 3
2296 2096 2
2313 2113 3
2467 2267 3
2650 2450 3
2679 2479 2
2683 2483 2
2899 2699 3
3065 2865 2
3069 2869 2
3246 2946 2
3447 3247 2
3459 3259 2
3605 3405 2
3646 3446 2
3719 3519 2
3996 3696 3
4051 3851 2
4399 4199 2
4470 4270 2
4575 4375 2
4593 4393 2
4914 4714 2
5118 4818 3
5157 4957 2
5332 5132 2
5571 5371 2
5689 5489 2
5770 5570 2
5796 5496 2
5856 5656 2
5856 5656 3
5955 5755 3
5995 5795 2
6069 5869 2
6083 5883 2
6138 5838 2
6307 6107 2
6466 6266 3
6586 6386 3
6624 6424 2
6730 6530 2
6750 6450 2
6792 6592 2
6844 6644 3
6930 6730 2
7030 6830 2
7152 6852 3
7281 7081 2
7507 7307 2
7575 7375 2
7576 7376 3
7633 7433 2
7647 7447 2
7824 7524 3
7890 7590 2
7897 7697 2
8201 8001 2
8301 8101 2
8313 8113 3
8370 8070 2
8490 8190 3
8550 8350 3
8647 8447 2
8784 8584 3
8911 8711 3
9029 8829 2
9165 8965 3
9292 9092 2
9348 9048 3
9402 9202 2
9498 9298 2
9501 9301 2
9510 9210 3
9595 9395 2
9606 9406 2
9747 9547 2
9905 9705 2
9963 9763 2
9965 9765 2
10019 9819 2
10153 9953 2
10230 9930 2
213 13 2
264 64 2
325 125 2
336 36 2
390 90 2
463 263 2
523 323 3
561 361 2
666 366 2
691 491 2
785 585 2
925 725 2
1155 955 2
1164 964 2
1343 1143 3
1452 1252 2
1470 1170 2
1482 1182 2
1551 1351 2
1722 1522 2
1787 1587 3
1848 1548 3
1873 1673 2
1943 1743 3
2223 2023 2
2388 2088 3
2388 2188 3
2490 2290 3
2571 2371 3
2739 2539 2
2796 2496 2
2809 2609 3
2892 2692 2
2932 2732 3
3057 2857 2
3231 3031 2
3309 3109 3
3327 3127 2
3502 3302 2
3528 3328 2
3677 3477 2
3804 3604 2
3809 3609 2
3834 3634 2
3876 3676 3
4170 3970 2
4257 4057 2
4344 4144 2
4371 4171 2
4386 4086 2
4428 4128 2
4473 4273 2
4519 4319 2
4687 4487 2
4785 4585 3
4870 4670 3
4878 4678 2
4955 4755 2
4980 4780 3
5064 4864 3
5142 4942 2
5214 5014 3
5308 5108 2
5752 5552 2
5821 5621 2
5871 5671 2
5992 5792 2
6324 6124 2
6391 6191 2
6513 6313 2
6547 6347 2
6912 6612 2
7002 6802 2
7051 6851 2
7398 7098 3
7596 7396 3
7609 7409 3
7612 7412 3
7632 7432 2
8073 7873 3
8109 7909 2
8183 7983 3
8238 8038 2
8453 8253 2
8513 8313 2
8574 8274 2
8679 8479 2
8729 8529 2
8788 8588 2
8875 8675 2
8890 8690 2
8892 8592 2
8919 8719 2
9012 8812 3
9240 8940 2
9652 9452 3
9669 9469 3
9809 9609 3
9942 9742 2
9942 9742 3
477 277 2
519 319 2
534 234 2
575 375 3
689 489 2
720 420 2
762 562 2
822 522 3
1030 830 2
1164 864 2
1183 983 3
1200 1000 3
1247 1047 2
1266 1066 3
1277 1077 2
1289 1089 3
1518 1218 2
1761 1561 3
1842 1642 2
1845 1645 3
1913 1713 2
2123 1923 2
2191 1991 2
2562 2262 2
2604 2304 2
2634 2434 2
2711 2511 2
2820 2520 3
2904 2704 2
3036 2836 2
3124 2924 2
3241 3041 3
3331 3131 3
3588 3288 3
3645 3445 3
3664 3464 2
3816 3616 2
3827 3627 2
3843 3643 3
3885 3685 2
3922 3722 2
3977 3777 2
4117 3917 2
4122 3822 3
4449 4249 2
4641 4441 3
4697 4497 2
4757 4557 2
4770 4470 2
4780 4580 3
4861 4661 2
4913 4713 2
4956 4656 2
5038 4838 2
5140 4940 3
5257 5057 2
5271 5071 2
5311 5111 2
5489 5289 2
5742 5442 2
5796 5496 2
5802 5602 2
5910 5710 2
5986 5786 3
6037 5837 2
6141 5941 2
6256 6056 2
6288 6088 3
6417 6217 3
6420 6120 2
6655 6455 2
6690 6490 3
7095 6895 3
7180 6980 2
7258 7058 2
7422 7222 3
7452 7252 2
7537 7337 3
7704 7504 2
7746 7446 2
7776 7576 3
7821 7621 2
7921 7721 2
7936 7736 3
7990 7790 2
8124 7924 2
8171 7971 2
8309 8109 2
8441 8241 2
8536 8336 2
8789 8589 2
8863 8663 3
8873 8673 3
8988 8788 2
9288 8988 3
9370 9170 3
9558 9258 3
9864 9664 3
10068 9768 3
10103 9903 2
401 201 2
413 213 2
603 403 2
988 788 2
1379 1179 2
1489 1289 3
1500 1300 2
1728 1528 3
1770 1470 2
1821 1621 2
1824 1624 2
1878 1678 2
1920 1720 2
1932 1632 2
1979 1779 2
2027 1827 2
2049 1849 2
2113 1913 3
2265 2065 2
2578 2378 2
2595 2395 2
2604 2304 2
2721 2521 2
2787 2587 2
2874 2674 2
3034 2834 3
3163 2963 2
3291 3091 2
3305 3105 2
3725 3525 2
3726 3526 2
3922 3722 2
3969 3769 3
4206 3906 2
4236 3936 2
4342 4142 2
4404 4204 3
4596 4396 2
4666 4466 3
4705 4505 2
4738 4538 2
4777 4577 2
4813 4613 2
4833 4633 2
4896 4596 2
4896 4696 2
5064 4864 2
5317 5117 3
5394 5094 3
5424 5124 2
5544 5344 2
5580 5280 3
5760 5460 2
5772 5572 2
5820 5520 2
6066 5866 2
6119 5919 2
6348 6048 2
6406 6206 2
6465 6265 2
6508 6308 2
6609 6409 2
6706 6506 2
6999 6799 2
7051 6851 2
7156 6956 2
7179 6979 3
7228 7028 2
7233 7033 3
7239 7039 2
7253 7053 2
7659 7459 2
7804 7604 2
7870 7670 2
7972 7772 2
8068 7868 2
8128 7928 2
8239 8039 2
8269 8069 2
8328 8028 2
8380 8180 2
8385 8185 2
8674 8474 2
8772 8572 2
8999 8799 3
9115 8915 2
9210 8910 2
9217 9017 2
9231 9031 2
9250 9050 3
9405 9205 2
9421 9221 2
9498 9298 3
9664 9464 2
9708 9408 2
9763 9563 2
9909 9709 2
9960 9760 2
10158 9858 2
10200 9900 3
401 201 2
561 361 3
570 270 2
582 282 3
588 388 2
736 536 2
785 585 3
843 643 2
844 644 2
1199 999 3
1236 1036 2
1278 1078 2
1303 1103 2
1479 1279 2
1571 1371 2
1596 1296 2
1968 1668 3
2064 1764 2
2122 1922 2
2197 1997 2
2256 2056 2
2269 2069 2
2461 2261 2
2469 2269 2
2512 2312 3
2550 2250 2
2746 2546 2
2850 2650 2
2865 2665 3
3090 2790 3
3108 2908 3
3571 3371 2
3736 3536 3
3943 3743 3
3975 3775 2
3995 3795 3
4089 3889 2
4168 3968 2
4350 4050 3
4491 4291 3
4578 4378 3
4703 4503 2
4764 4564 2
4884 4684 2
4980 4780 2
5023 4823 2
5058 4858 2
5105 4905 2
5165 4965 3
5274 5074 2
5415 5215 2
5815 5615 2
5830 5630 3
5931 5731 2
6027 5827 2
6046 5846 2
6082 5882 3
6124 5924 2
6138 5938 2
6192 5892 2
6366 6066 2
6478 6278 3
6497 6297 2
6498 6298 2
6540 6240 3
6592 6392 2
6766 6566 3
6964 6764 2
7120 6920 3
7253 7053 3
7410 7210 3
7507 7307 3
7590 7290 2
7591 7391 3
7630 7430 3
7650 7350 2
7752 7552 3
7884 7584 3
8527 8327 3
8548 8348 2
8556 8256 2
8694 8394 2
8838 8638 3
8993 8793 2
9072 8872 2
9265 9065 2
9336 9136 2
9479 9279 3
9701 9501 3
9847 9647 2
9899 9699 2
10030 9830 3
10044 9844 2
10068 9768 3
10073 9873 2
10116 9916 2
10138 9938 2
10150 9950 2
10168 9968 2
10198 9998 3
281 81 2
504 204 3
516 216 3
556 356 2
570 270 3
643 443 2
700 500 2
864 564 2
1267 1067 2
1441 1241 3
1467 1267 2
1637 1437 2
1659 1459 2
1794 1594 3
1836 1536 2
2496 2196 2
2663 2463 3
2712 2512 2
2765 2565 2
2775 2575 3
2820 2520 3
2855 2655 3
2889 2689 3
2974 2774 2
3174 2874 2
3207 3007 2
3222 3022 3
3373 3173 3
3601 3401 2
3624 3324 2
3822 3522 2
3863 3663 3
3966 3666 2
4035 3835 2
4114 3914 2
4199 3999 2
4255 4055 3
4305 4105 3
4333 4133 2
4380 4180 2
4554 4254 2
4765 4565 2
4887 4687 2
5082 4882 2
5129 4929 2
5194 4994 2
5316 5116 2
5403 5203 3
5526 5226 2
5644 5444 2
5761 5561 2
5814 5614 2
5932 5732 2
5989 5789 2
6055 5855 2
6359 6159 2
6378 6178 2
6550 6350 3
6666 6466 3
6675 6475 3
6720 6420 2
6736 6536 2
6750 6450 2
6768 6568 2
6768 6568 2
6864 6564 2
7054 6854 3
7147 6947 2
7225 7025 3
7332 7032 2
7367 7167 2
7464 7164 2
7499 7299 2
7503 7303 2
7578 7278 2
7756 7556 2
7913 7713 3
7929 7729 2
8032 7832 3
8225 8025 3
8245 8045 2
8271 8071 2
8430 8230 2
8430 8230 3
8663 8463 2
8681 8481 2
8707 8507 2
8791 8591 3
8922 8622 2
9000 8800 2
9005 8805 2
9250 9050 3
9312 9112 2
9315 9115 2
9492 9192 3
9711 9511 2
9840 9540 2
10128 9928 2
10149 9949 2
10200 10000 2
312 12 2
336 36 2
371 171 3
388 188 2
609 409 2
653 453 2
889 689 3
1336 1136 2
1397 1197 2
1429 1229 3
1605 1405 2
1608 1408 2
1608 1408 2
1789 1589 2
1875 1675 2
1909 1709 2
1998 1698 2
2190 1890 2
2229 2029 3
2272 2072 2
2334 2134 2
2448 2248 2
2478 2178 3
2647 2447 3
2878 2678 2
3150 2850 2
3252 2952 2
3391 3191 3
3474 3174 2
3477 3277 2
3481 3281 3
3522 3322 2
3580 3380 3
3671 3471 2
3894 3594 2
3942 3742 3
4037 3837 2
4056 3856 2
4181 3981 3
4217 4017 2
4269 4069 2
4296 3996 2
4308 4108 3
4410 4210 2
4477 4277 2
4662 4362 2
4789 4589 2
5065 4865 2
5166 4866 3
5328 5128 2
5433 5233 2
5677 5477 2
5716 5516 2
5773 5573 2
5799 5599 3
6058 5858 3
6078 5878 2
6114 5914 3
6171 5971 3
6288 6088 3
6423 6223 2
6533 6333 3
6540 6340 3
6601 6401 3
6630 6430 2
6745 6545 3
6792 6492 2
6816 6616 2
6889 6689 3
6907 6707 2
7025 6825 2
7470 7170 3
7614 7414 3
7831 7631 2
7841 7641 3
7997 7797 2
8016 7816 2
8088 7888 2
8146 7946 2
8265 8065 2
8365 8165 3
8454 8254 2
8610 8310 2
8622 8322 2
8682 8482 2
8743 8543 2
8958 8658 2
9150 8850 2
9174 8874 3
9282 9082 2
9342 9142 2
9384 9084 2
9516 9216 2
9678 9478 3
9768 9468 2
9942 9642 2
9999 9799 3
10065 9865 2
10156 9956 2
10193 9993 3
261 61 3
294 94 2
388 188 3
459 259 3
491 291 2
558 258 3
561 361 3
594 294 2
687 487 2
756 556 3
875 675 2
946 746 2
1012 812 2
1176 976 3
1366 1166 2
1421 1221 3
1551 1351 2
1674 1374 3
1785 1585 2
1816 1616 2
2025 1825 2
2137 1937 2
2151 1951 2
2351 2151 2
2407 2207 2
2454 2154 2
2478 2178 3
2767 2567 2
2772 2572 2
2795 2595 2
2838 2538 2
2937 2737 2
3142 2942 3
3213 3013 2
3432 3232 2
3568 3368 3
3595 3395 2
3683 3483 2
3761 3561 3
3779 3579 2
3857 3657 2
3900 3600 2
4107 3907 2
4386 4186 3
4498 4298 3
4554 4354 3
4683 4483 2
4708 4508 3
4746 4546 2
4834 4634 2
4937 4737 3
5074 4874 2
5167 4967 2
5172 4972 2
5506 5306 3
5644 5444 3
5670 5470 3
5673 5473 2
5740 5540 3
6075 5875 3
6241 6041 3
6322 6122 2
6361 6161 2
6516 6316 2
6613 6413 2
6762 6462 3
6804 6604 3
6909 6709 2
7020 6720 2
7134 6934 2
7141 6941 2
7258 7058 3
7379 7179 2
7584 7284 2
7609 7409 3
7621 7421 3
7794 7594 2
7799 7599 3
7831 7631 3
8379 8179 3
8405 8205 2
8412 8212 2
8437 8237 3
8484 8284 3
8562 8362 2
8783 8583 3
8802 8502 2
8861 8661 2
9072 8872 3
9228 8928 2
9335 9135 3
9366 9166 2
9420 9120 2
9498 9298 2
9540 9340 2
9726 9426 2
9796 9596 2
9865 9665 2
9993 9793 3
10029 9829 2
403 203 3
442 242 2
444 244 3
528 228 2
551 351 2
600 300 2
629 429 2
646 446 3
655 455 2
726 426 2
828 528 2
1109 909 2
1119 919 3
1164 964 3
1228 1028 3
1314 1014 2
1375 1175 3
1530 1230 2
1692 1492 3
1779 1579 2
1823 1623 3
1926 1626 2
1954 1754 3
1961 1761 3
2087 1887 3
2148 1948 2
2257 2057 2
2304 2004 3
2316 2116 3
2607 2407 2
2647 2447 2
2709 2509 2
2781 2581 3
2803 2603 3
2825 2625 2
2913 2713 2
2940 2740 2
3312 3012 2
3342 3042 2
3762 3462 2
3964 3764 2
3970 3770 2
4019 3819 2
4055 3855 2
4161 3961 3
4278 4078 2
4307 4107 3
4386 4186 3
4732 4532 2
4996 4796 2
5394 5194 2
6154 5954 2
6192 5892 2
6227 6027 2
6259 6059 2
6329 6129 3
6528 6228 2
6539 6339 2
6571 6371 2
6633 6433 2
6801 6601 2
6919 6719 2
6948 6648 2
7077 6877 2
7195 6995 2
7401 7201 2
7431 7231 2
7519 7319 3
7542 7342 3
7564 7364 2
7581 7381 2
7774 7574 3
7848 7648 3
7871 7671 2
7990 7790 3
8064 7864 2
8166 7966 2
8201 8001 2
8202 7902 3
8245 8045 2
8313 8113 3
8358 8158 2
8397 8197 2
8404 8204 3
8413 8213 2
8748 8448 3
8933 8733 3
9354 9054 2
9365 9165 2
9418 9218 3
9451 9251 2
9473 9273 3
9595 9395 2
9623 9423 3
9676 9476 2
9790 9590 2
9954 9754 3
10032 9732 2
10101 9901 3
10115 9915 2
783 583 3
915 715 2
922 722 3
990 690 2
990 790 3
1134 934 2
1369 1169 3
1657 1457 2
1847 1647 3
1972 1772 2
2068 1868 2
2128 1928 3
2178 1878 3
2268 1968 2
2302 2102 2
2471 2271 3
2729 2529 2
2902 2702 3
3023 2823 3
3039 2839 2
3046 2846 2
3090 2890 2
3215 3015 2
3219 3019 2
3276 3076 2
3354 3154 2
3604 3404 2
3909 3709 3
4005 3805 3
4125 3925 3
4249 4049 2
4345 4145 2
4363 4163 2
4368 4168 2
4383 4183 2
4461 4261 2
4488 4188 2
4489 4289 2
4510 4310 2
4581 4381 2
4584 4284 2
4650 4450 2
4681 4481 2
4732 4532 2
4774 4574 2
4818 4518 2
4891 4691 2
4903 4703 2
5007 4807 2
5062 4862 3
5070 4870 2
5699 5499 2
5880 5680 2
5898 5698 2
6015 5815 2
6027 5827 3
6071 5871 2
6077 5877 2
6084 5784 3
6105 5905 2
6210 6010 2
6312 6012 2
6499 6299 2
6594 6294 3
6762 6462 3
7041 6841 2
7084 6884 2
7157 6957 2
7249 7049 2
7269 7069 2
7374 7174 2
7387 7187 3
7571 7371 2
7595 7395 3
7609 7409 3
7728 7428 2
7965 7765 2
7969 7769 2
8025 7825 3
8263 8063 2
8265 8065 2
8317 8117 2
8533 8333 2
8545 8345 3
8628 8428 2
8777 8577 3
8847 8647 3
8850 8650 2
8920 8720 2
9102 8802 2
9157 8957 2
9211 9011 2
9293 9093 2
9313 9113 2
9329 9129 2
9408 9108 3
9558 9358 2
9748 9548 2
9876 9676 3
10044 9744 2
427 227 2
571 371 2
796 596 2
867 667 2
900 600 2
985 785 2
1095 895 3
1151 951 2
1192 992 3
1198 998 2
1251 1051 2
1443 1243 2
1474 1274 2
1704 1504 2
1713 1513 2
1733 1533 2
1918 1718 2
2100 1800 2
2134 1934 2
2443 2243 2
2554 2354 3
2794 2594 3
2807 2607 3
2830 2630 2
2880 2580 2
2904 2604 2
2982 2682 2
3081 2881 2
3317 3117 2
3462 3262 2
3520 3320 3
3780 3480 2
3951 3751 3
4069 3869 3
4217 4017 2
4327 4127 2
4359 4159 2
4368 4168 2
4413 4213 2
4446 4246 2
4733 4533 2
4817 4617 3
4871 4671 2
5045 4845 3
5075 4875 2
5140 4940 2
5271 5071 3
5421 5221 2
5458 5258 3
5723 5523 2
5976 5776 3
6227 6027 2
6259 6059 2
6563 6363 3
6601 6401 2
6703 6503 2
6738 6538 2
6846 6646 3
7038 6838 2
7083 6883 2
7128 6928 2
7140 6840 3
7176 6976 2
7349 7149 2
7380 7080 3
7431 7231 2
7535 7335 2
7564 7364 2
7578 7378 2
7803 7603 2
8028 7728 3
8094 7794 2
8440 8240 2
8586 8386 2
8712 8512 2
8782 8582 2
8869 8669 2
8928 8728 2
8965 8765 3
8994 8694 3
9031 8831 2
9093 8893 2
9137 8937 2
9150 8850 2
9187 8987 3
9384 9184 2
9405 9205 3
9412 9212 3
9475 9275 2
9579 9379 2
9583 9383 3
9708 9408 3
9732 9432 2
9805 9605 3
9893 9693 2
9913 9713 2
9958 9758 3
9958 9758 3
10006 9806 3
10018 9818 2
270 70 2
274 74 2
297 97 2
390 190 2
515 315 2
615 415 3
778 578 3
792 492 2
849 649 3
886 686 2
1255 1055 2
1263 1063 2
1325 1125 2
1437 1237 2
1702 1502 3
1780 1580 2
2002 1802 3
2011 1811 2
2091 1891 2
2422 2222 3
2676 2476 2
2682 2482 3
2718 2418 3
2830 2630 2
2967 2767 2
2969 2769 2
3066 2766 2
3187 2987 2
3215 3015 2
3274 3074 3
3688 3488 2
3954 3754 2
3971 3771 2
4014 3714 3
4091 3891 2
4149 3949 3
4276 4076 3
4407 4207 3
4417 4217 2
4626 4326 3
4773 4573 2
4776 4476 2
4811 4611 2
4887 4687 2
5083 4883 3
5177 4977 2
5214 4914 2
5231 5031 2
5447 5247 2
5970 5670 3
6163 5963 3
6270 6070 2
6282 5982 3
6390 6190 2
6393 6193 2
6435 6235 3
6445 6245 2
6508 6308 2
6523 6323 2
6665 6465 2
6697 6497 2
6706 6506 3
6834 6534 2
6840 6540 3
6910 6710 3
6959 6759 2
7047 6847 2
7083 6883 3
7212 7012 2
7273 7073 3
7332 7132 3
7389 7189 2
7452 7252 2
7511 7311 2
7530 7330 2
7563 7363 2
7666 7466 2
7803 7603 3
7923 7723 2
7955 7755 3
8088 7888 3
8095 7895 2
8625 8425 2
8691 8491 2
8878 8678 3
8927 8727 3
9113 8913 2
9167 8967 2
9246 9046 2
9310 9110 3
9445 9245 2
9655 9455 3
9713 9513 2
9883 9683 3
9922 9722 2
9948 9748 2
10060 9860 2
10158 9858 2
10218 9918 2
10254 9954 2
239 39 2
252 52 2
271 71 3
292 92 2
358 158 2
384 184 2
577 377 3
612 312 2
687 487 2
936 736 2
1096 896 2
1215 1015 3
1241 1041 2
1350 1150 2
1452 1152 3
1548 1348 2
1675 1475 2
1745 1545 2
1813 1613 2
1836 1536 2
1866 1566 2
1912 1712 2
2023 1823 2
2211 2011 3
2496 2296 2
2664 2464 3
2697 2497 2
2759 2559 2
2926 2726 3
3238 3038 2
3328 3128 2
3393 3193 2
3445 3245 2
3511 3311 3
3562 3362 3
3610 3410 2
3629 3429 2
3629 3429 3
3936 3736 2
3958 3758 2
3972 3672 3
4273 4073 2
4317 4117 3
4541 4341 2
4561 4361 2
4650 4350 3
4701 4501 2
4823 4623 2
5160 4860 2
5329 5129 3
5337 5137 2
5475 5275 3
5568 5268 2
5769 5569 2
6267 6067 2
6354 6154 2
6612 6312 2
6687 6487 2
6798 6598 2
6834 6534 2
6863 6663 2
7024 6824 3
7326 7126 2
7375 7175 3
7434 7234 2
7439 7239 2
7668 7368 2
7680 7380 3
7709 7509 2
7734 7434 3
8039 7839 3
8076 7776 3
8274 7974 3
8307 8107 2
8331 8131 2
8394 8094 2
8403 8203 2
8424 8224 2
8613 8413 2
8622 8422 3
8681 8481 2
8765 8565 2
8800 8600 2
8913 8713 3
9371 9171 2
9389 9189 2
9480 9280 2
9504 9304 3
9514 9314 2
9840 9540 3
9844 9644 3
9899 9699 3
9900 9600 2
9905 9705 2
9906 9706 3
9959 9759 2
9964 9764 2
10074 9774 3
10075 9875 3
10090 9890 2
234 34 3
276 76 2
328 128 3
439 239 2
498 298 2
528 328 2
876 676 2
893 693 3
1140 940 2
1362 1062 2
1546 1346 2
1671 1471 3
1774 1574 3
1804 1604 2
1849 1649 3
1866 1566 2
1962 1662 3
2001 1801 2
2219 2019 3
2352 2152 3
2433 2233 2
2436 2136 2
2590 2390 2
2730 2430 2
2745 2545 2
2809 2609 2
2973 2773 2
3011 2811 3
3124 2924 2
3177 2977 2
3250 3050 3
3415 3215 2
3454 3254 2
3521 3321 2
3589 3389 2
3639 3439 2
3880 3680 2
3948 3748 3
4031 3831 3
4356 4156 3
4420 4220 2
4437 4237 2
4590 4290 3
4599 4399 2
4650 4450 2
4781 4581 2
4927 4727 2
4974 4674 3
5016 4816 2
5119 4919 2
5130 4830 2
5140 4940 2
5171 4971 2
5247 5047 2
5322 5022 2
5339 5139 3
5470 5270 2
5539 5339 3
5674 5474 3
5747 5547 2
5766 5566 3
5793 5593 3
5796 5596 2
5995 5795 2
6018 5718 3
6043 5843 3
6168 5968 3
6263 6063 2
6339 6139 2
6377 6177 3
6424 6224 2
6462 6262 2
6556 6356 3
6587 6387 2
6749 6549 2
6833 6633 2
6972 6772 3
7139 6939 2
7152 6952 3
7824 7524 3
7999 7799 2
8113 7913 3
8221 8021 2
8243 8043 3
8277 8077 2
8295 8095 2
8413 8213 3
8442 8142 2
8621 8421 2
8752 8552 2
8938 8738 2
9105 8905 2
9426 9126 3
9453 9253 3
9558 9358 2
9581 9381 2
9666 9466 3
9701 9501 2
9804 9604 3
10174 9974 2
