200 20 55102
10 100 189
10 85 178
10 123 153
10 100 230
10 82 186
10 83 179
10 73 196
10 78 245
10 126 167
10 77 183
10 57 204
10 125 187
10 150 236
10 50 196
10 61 209
10 125 196
10 141 188
10 110 211
10 97 158
10 94 199
318 18 32
463 263 24
583 383 28
635 435 24
715 515 29
851 651 29
853 653 24
882 682 33
1075 875 24
1168 968 32
571 371 32
621 421 30
678 378 23
689 489 24
696 496 27
697 497 27
701 501 24
729 529 24
871 671 25
1157 957 24
400 200 24
505 305 31
627 427 24
694 494 26
738 438 28
997 797 32
1073 873 29
1132 932 24
1167 967 29
1296 996 26
450 150 31
505 305 29
671 471 27
696 496 24
852 552 31
946 746 30
1003 803 29
1044 744 33
1126 926 32
1188 988 31
252 52 25
340 140 33
538 338 28
643 443 30
679 479 24
713 513 26
792 492 32
855 655 28
905 705 30
909 709 23
225 25 31
306 6 31
363 163 30
610 410 33
635 435 26
642 342 32
701 501 26
823 623 24
834 534 29
887 687 25
388 188 29
522 322 25
733 533 30
796 596 30
815 615 25
906 706 24
918 618 26
957 757 32
1083 883 24
1090 890 31
258 58 31
275 75 30
537 337 24
834 534 26
870 570 24
892 692 25
915 715 25
960 760 31
1006 806 32
1103 903 33
204 4 28
213 13 31
298 98 32
299 99 31
520 320 30
582 282 27
606 306 24
749 549 32
915 715 30
1091 891 26
210 10 26
288 88 31
543 343 27
623 423 29
675 475 28
726 526 29
879 679 31
882 582 32
927 727 24
1065 865 32
305 105 32
306 6 24
327 127 31
731 531 32
767 567 31
777 577 28
874 674 27
1061 861 30
1119 919 28
1197 997 28
401 201 27
496 296 24
522 222 24
642 442 31
725 525 31
756 456 24
832 632 26
875 675 30
1029 829 32
1161 961 30
211 11 30
360 160 31
381 181 33
483 283 29
685 485 31
732 432 32
775 575 30
869 669 24
907 707 29
961 761 30
319 119 25
365 165 24
456 256 33
580 380 32
690 390 28
718 518 27
763 563 23
1000 800 31
1181 981 28
1260 960 26
354 54 32
569 369 28
589 389 29
785 585 29
855 655 28
979 779 26
1111 911 27
1191 991 33
1199 999 28
1200 1000 29
205 5 24
245 45 26
390 90 25
589 389 27
761 561 32
789 589 29
844 644 24
954 754 25
1170 970 25
1185 985 29
240 40 30
348 148 27
516 216 26
585 385 33
737 537 30
804 504 25
810 510 29
898 698 27
1045 845 28
1077 877 32
229 29 24
388 188 29
483 283 29
538 338 24
609 409 27
609 409 28
946 746 29
1002 802 26
1020 720 27
1194 994 30
215 15 32
600 300 27
640 440 29
696 496 31
743 543 33
835 635 28
895 695 27
1151 951 32
1206 906 32
1224 924 28
370 170 32
462 262 24
852 552 32
861 661 25
925 725 30
969 769 28
996 796 24
1068 768 30
1095 895 29
1194 894 24
