1000 20 240558
50 149 246
50 138 196
50 106 231
50 55 151
50 143 250
50 101 206
50 79 216
50 53 195
50 65 230
50 132 235
50 118 169
50 79 212
50 113 216
50 132 204
50 130 183
50 62 202
50 73 174
50 56 210
50 123 164
50 119 243
228 28 6
256 56 6
265 65 6
276 76 6
277 77 6
301 101 5
336 36 6
339 139 6
401 201 6
415 215 7
418 218 5
427 227 6
429 229 7
441 241 6
472 272 6
490 290 7
497 297 6
515 315 6
532 332 6
545 345 5
582 282 6
595 395 7
618 318 6
633 433 6
640 440 5
643 443 6
651 451 6
678 478 5
696 496 6
699 499 5
753 553 5
762 462 5
779 579 7
813 613 6
844 644 5
864 564 6
919 719 5
924 724 6
961 761 6
964 764 5
987 787 5
1018 818 5
1024 824 5
1026 726 7
1068 868 5
1092 892 7
1099 899 6
1155 955 5
1168 968 6
1260 960 6
239 39 5
256 56 6
268 68 5
276 76 6
283 83 6
295 95 6
306 6 7
330 30 6
361 161 6
389 189 6
447 247 6
468 168 5
493 293 6
509 309 6
510 210 6
528 228 6
529 329 5
544 344 6
564 364 7
571 371 5
611 411 5
640 440 6
641 441 5
646 446 6
673 473 6
682 482 6
685 485 6
697 497 6
714 414 5
780 480 6
789 589 5
809 609 5
814 614 5
850 650 7
859 659 6
867 667 5
876 576 6
913 713 5
921 721 5
931 731 6
957 757 5
969 769 6
975 775 6
1002 802 6
1048 848 7
1068 768 6
1079 879 6
1128 828 6
1185 985 6
1296 996 6
235 35 6
258 58 6
277 77 6
361 161 5
369 169 6
378 78 5
384 84 6
402 202 5
432 132 6
447 247 6
447 247 6
514 314 7
520 320 5
527 327 6
551 351 5
570 270 6
575 375 6
637 437 5
647 447 5
673 473 6
694 494 5
733 533 6
763 563 5
763 563 5
767 567 6
768 468 6
768 468 6
785 585 6
793 593 7
802 602 6
828 528 7
828 628 7
857 657 6
876 676 6
892 692 5
899 699 6
916 716 6
983 783 6
984 684 6
1021 821 6
1060 860 6
1062 862 5
1121 921 5
1131 931 5
1133 933 6
1135 935 5
1145 945 5
1157 957 6
1167 967 5
1194 994 6
221 21 6
226 26 5
256 56 5
306 6 6
325 125 5
340 140 5
360 60 6
372 172 7
387 187 7
450 250 6
473 273 6
485 285 5
485 285 5
504 304 5
511 311 6
515 315 6
547 347 5
555 355 5
587 387 5
592 392 6
617 417 6
640 440 5
660 460 5
703 503 5
725 525 6
727 527 6
744 544 6
747 547 5
774 474 7
795 595 6
826 626 5
845 645 5
859 659 5
904 704 6
930 730 5
931 731 6
948 648 5
959 759 7
996 796 5
1013 813 5
1017 817 6
1029 829 5
1030 830 5
1072 872 5
1128 928 5
1134 834 7
1147 947 6
1173 973 6
1182 882 6
1189 989 6
203 3 6
204 4 5
207 7 5
233 33 5
241 41 6
246 46 6
318 18 6
346 146 7
347 147 5
351 151 7
402 202 7
429 229 6
433 233 6
438 238 5
441 241 6
473 273 5
489 289 6
525 325 5
525 325 5
544 344 7
546 246 6
573 373 5
580 380 5
587 387 6
594 394 6
612 412 5
621 421 5
655 455 5
795 595 6
804 604 5
846 646 7
882 682 6
885 685 5
885 685 7
887 687 5
887 687 6
909 709 5
915 715 5
933 733 6
936 736 6
975 775 5
984 684 5
984 684 6
993 793 6
1098 898 6
1103 903 5
1131 931 6
1140 940 6
1187 987 6
1206 906 5
223 23 5
301 101 6
316 116 6
321 121 6
376 176 6
389 189 6
393 193 5
396 96 7
405 205 5
435 235 6
449 249 6
539 339 5
539 339 6
569 369 5
576 276 6
580 380 5
586 386 5
598 398 5
598 398 6
642 342 6
647 447 7
655 455 5
682 482 5
690 390 5
718 518 6
772 572 6
778 578 6
797 597 5
802 602 5
825 625 5
834 634 6
883 683 7
888 588 6
907 707 6
934 734 5
954 754 5
1009 809 5
1026 826 6
1045 845 6
1096 896 5
1111 911 7
1115 915 5
1120 920 5
1125 925 5
1139 939 5
1157 957 5
1165 965 6
1169 969 6
1193 993 6
1236 936 6
238 38 5
288 88 5
309 109 6
319 119 5
328 128 6
351 151 5
395 195 6
400 200 6
439 239 5
449 249 6
454 254 7
465 265 6
481 281 5
523 323 5
523 323 6
526 326 5
562 362 5
574 374 5
595 395 7
597 397 5
601 401 6
667 467 5
689 489 6
696 396 6
753 553 5
756 556 5
772 572 5
789 589 5
802 602 6
901 701 6
912 712 6
924 724 5
952 752 5
960 760 6
967 767 6
976 776 6
978 678 5
978 678 6
997 797 6
1006 806 5
1050 850 5
1053 853 6
1067 867 6
1080 880 6
1093 893 5
1099 899 6
1128 828 5
1158 858 5
1167 967 6
1193 993 6
201 1 5
203 3 6
219 19 5
275 75 6
282 82 5
294 94 6
306 106 6
312 12 5
316 116 6
318 118 6
360 60 7
391 191 6
425 225 5
445 245 5
466 266 5
485 285 6
489 289 6
557 357 6
586 386 6
604 404 7
616 416 5
618 418 6
618 418 6
647 447 5
667 467 5
669 469 6
707 507 6
708 508 6
744 444 5
828 528 6
843 643 5
851 651 6
853 653 6
862 662 6
874 674 5
879 679 5
895 695 6
923 723 6
966 666 6
1008 808 6
1011 811 5
1012 812 5
1020 820 6
1039 839 6
1056 756 6
1056 856 5
1086 886 5
1090 890 5
1134 934 6
1195 995 5
201 1 5
246 46 5
257 57 5
273 73 6
294 94 5
333 133 6
354 154 7
384 184 5
388 188 6
397 197 6
460 260 7
468 268 6
489 289 5
492 292 6
501 301 6
503 303 6
508 308 6
509 309 6
582 382 6
594 294 6
619 419 6
619 419 6
660 460 6
661 461 6
671 471 6
678 378 6
681 481 6
684 384 5
690 490 7
709 509 6
751 551 5
789 589 5
846 546 6
847 647 6
858 558 5
880 680 6
880 680 6
912 712 6
948 748 6
955 755 5
957 757 5
1014 714 5
1014 814 6
1056 856 7
1092 892 5
1096 896 5
1151 951 5
1181 981 5
1193 993 6
1200 1000 6
247 47 7
253 53 5
261 61 5
295 95 6
300 100 5
341 141 6
353 153 6
370 170 5
375 175 5
378 78 6
453 253 6
474 274 6
475 275 7
498 298 6
510 310 5
558 258 5
570 370 6
573 373 6
599 399 6
619 419 6
654 454 5
672 472 6
675 475 5
727 527 6
745 545 5
772 572 5
786 486 6
821 621 6
827 627 7
838 638 6
869 669 6
870 670 6
917 717 5
933 733 6
942 742 5
948 648 5
964 764 6
984 684 6
1006 806 6
1049 849 6
1078 878 6
1080 780 6
1107 907 5
1122 922 6
1153 953 6
1173 973 5
1175 975 5
1176 876 6
1200 900 6
1206 906 6
203 3 5
219 19 6
243 43 5
285 85 5
293 93 6
330 130 6
333 133 5
347 147 5
372 172 5
483 283 6
485 285 5
498 298 5
552 252 5
556 356 6
563 363 6
582 282 5
618 318 5
624 424 6
630 430 7
666 366 6
701 501 5
715 515 6
727 527 6
729 529 5
805 605 5
822 522 6
840 540 7
840 640 7
863 663 5
871 671 5
875 675 6
891 691 5
893 693 6
897 697 5
933 733 5
984 684 6
995 795 6
996 796 5
1021 821 6
1042 842 6
1053 853 7
1092 792 7
1092 892 7
1109 909 5
1133 933 5
1151 951 6
1175 975 6
1224 924 5
1236 936 7
1272 972 5
204 4 6
231 31 7
262 62 6
303 103 5
339 139 5
342 42 6
351 151 6
358 158 7
364 164 6
366 166 6
370 170 6
370 170 7
375 175 5
378 178 6
389 189 6
391 191 5
399 199 6
471 271 6
502 302 7
509 309 5
519 319 5
520 320 5
522 222 5
541 341 5
564 364 5
593 393 6
599 399 6
646 446 5
691 491 5
748 548 5
756 456 6
801 601 6
805 605 6
825 625 6
829 629 5
846 546 6
870 570 5
935 735 6
943 743 6
971 771 5
975 775 5
990 690 6
1023 823 5
1056 856 7
1061 861 5
1093 893 6
1146 846 6
1149 949 7
1164 964 5
1199 999 6
219 19 6
233 33 6
243 43 5
247 47 6
256 56 6
286 86 5
292 92 6
295 95 6
366 66 6
426 126 6
426 126 7
461 261 5
462 262 6
468 268 6
486 186 6
493 293 7
503 303 5
507 307 7
558 358 5
575 375 6
609 409 6
646 446 5
666 466 5
678 478 6
702 402 5
711 511 6
713 513 5
715 515 6
753 553 5
756 456 6
763 563 5
774 474 6
808 608 5
809 609 6
844 644 6
882 682 5
923 723 5
930 630 6
1014 714 5
1017 817 6
1018 818 6
1027 827 7
1057 857 6
1060 860 7
1065 865 5
1069 869 6
1116 916 6
1125 925 6
1132 932 6
1137 937 5
275 75 6
280 80 6
304 104 5
306 6 6
323 123 5
357 157 5
372 72 6
426 126 7
430 230 5
438 138 6
468 168 5
474 174 5
485 285 6
495 295 6
516 216 5
540 340 7
574 374 6
585 385 6
594 294 7
615 415 5
642 342 5
660 360 6
661 461 6
721 521 5
762 562 6
769 569 5
774 474 5
804 604 6
804 604 6
813 613 5
831 631 6
843 643 7
852 552 7
874 674 6
877 677 5
881 681 5
881 681 7
889 689 6
936 636 5
966 666 5
1015 815 6
1029 829 6
1030 830 6
1071 871 5
1085 885 6
1107 907 6
1139 939 7
1173 973 6
1191 991 5
1248 948 5
207 7 6
211 11 7
232 32 5
298 98 6
349 149 6
351 151 6
361 161 6
384 84 5
391 191 5
407 207 5
456 256 5
460 260 5
462 162 6
463 263 5
474 174 6
516 316 5
519 319 5
532 332 6
570 270 6
646 446 5
666 366 5
693 493 6
696 496 6
714 514 5
750 550 5
787 587 5
789 589 5
817 617 6
822 522 5
844 644 6
875 675 7
887 687 5
972 772 6
983 783 6
984 684 6
1009 809 5
1013 813 5
1060 860 5
1075 875 5
1084 884 7
1086 886 6
1090 890 5
1098 798 5
1119 919 6
1138 938 5
1143 943 6
1149 949 6
1189 989 6
1206 906 6
1236 936 5
305 105 5
324 124 5
324 124 6
385 185 6
391 191 6
407 207 5
534 334 6
538 338 5
562 362 6
570 270 5
586 386 6
606 406 6
610 410 6
671 471 6
687 487 6
701 501 5
702 402 7
708 508 5
717 517 6
732 432 5
733 533 7
742 542 6
744 444 5
748 548 6
762 562 7
765 565 5
777 577 6
784 584 6
811 611 6
819 619 7
840 640 5
892 692 5
894 594 6
912 712 7
916 716 5
940 740 6
945 745 6
961 761 5
965 765 6
981 781 6
985 785 6
995 795 5
1018 818 6
1043 843 5
1057 857 5
1062 762 6
1074 774 5
1104 904 5
1158 858 5
1164 864 6
203 3 5
205 5 5
216 16 6
233 33 5
239 39 6
256 56 7
258 58 5
275 75 5
276 76 6
299 99 6
318 118 5
367 167 5
389 189 7
401 201 5
420 120 5
427 227 5
455 255 5
499 299 5
513 313 6
522 322 5
540 240 6
616 416 6
627 427 6
653 453 6
684 484 6
687 487 5
687 487 5
695 495 6
738 438 6
755 555 5
762 462 5
789 589 5
797 597 5
804 504 5
814 614 5
821 621 6
825 625 5
837 637 6
839 639 5
853 653 6
864 664 6
917 717 5
957 757 6
972 672 6
1030 830 5
1066 866 5
1073 873 7
1170 870 6
1188 988 5
1254 954 6
207 7 6
228 28 5
251 51 5
267 67 7
273 73 5
286 86 6
287 87 6
372 72 6
388 188 6
396 96 6
413 213 5
432 132 5
447 247 5
480 280 5
484 284 5
505 305 6
529 329 6
531 331 7
563 363 6
568 368 6
577 377 6
588 288 6
617 417 7
645 445 6
720 520 6
725 525 5
732 432 6
738 538 6
750 450 6
851 651 6
868 668 6
930 630 5
943 743 5
945 745 5
951 751 5
969 769 6
975 775 5
976 776 6
1019 819 5
1026 826 6
1029 829 6
1044 744 6
1126 926 6
1132 932 5
1139 939 6
1156 956 6
1158 958 6
1236 936 5
1242 942 5
1248 948 7
205 5 6
209 9 5
211 11 5
298 98 5
318 18 5
353 153 5
355 155 7
369 169 5
403 203 6
403 203 6
409 209 5
419 219 7
437 237 7
491 291 5
515 315 6
515 315 6
531 331 6
576 276 5
617 417 5
652 452 6
672 372 6
697 497 6
705 505 7
780 580 7
786 586 5
805 605 5
843 643 5
852 552 6
882 682 6
916 716 6
923 723 5
949 749 6
959 759 5
981 781 5
993 793 6
999 799 5
1026 726 5
1033 833 5
1056 756 6
1056 856 5
1061 861 6
1066 866 5
1068 768 6
1072 872 6
1074 774 7
1134 934 6
1193 993 5
1198 998 6
1236 936 6
1248 948 7
202 2 7
217 17 5
247 47 5
253 53 5
257 57 5
287 87 5
297 97 6
311 111 5
315 115 5
325 125 6
343 143 5
351 151 6
359 159 6
431 231 6
432 232 5
432 232 6
438 138 6
450 150 6
516 216 6
567 367 6
618 318 6
661 461 6
667 467 5
681 481 6
755 555 6
756 556 6
757 557 6
772 572 6
774 574 6
801 601 7
816 516 6
843 643 6
859 659 6
865 665 6
925 725 5
952 752 6
966 766 6
973 773 5
1002 802 5
1026 826 6
1072 872 5
1091 891 5
1095 895 6
1099 899 6
1141 941 5
1161 961 6
1164 964 5
1168 968 6
1177 977 6
1218 918 6
