2000 100 5226448
20 66 169
20 61 201
20 67 212
20 53 190
20 112 231
20 59 228
20 128 214
20 137 180
20 57 234
20 110 189
20 74 184
20 50 203
20 135 225
20 84 235
20 150 209
20 78 194
20 63 221
20 115 200
20 145 242
20 89 196
20 71 218
20 94 250
20 137 176
20 85 206
20 89 166
20 81 153
20 133 165
20 126 196
20 76 177
20 88 195
20 70 174
20 97 190
20 106 176
20 66 175
20 146 221
20 131 187
20 78 245
20 108 191
20 62 219
20 138 200
20 140 165
20 95 183
20 73 168
20 87 152
20 101 189
20 127 185
20 106 188
20 66 222
20 146 220
20 112 155
20 112 184
20 111 243
20 62 217
20 75 223
20 78 193
20 143 187
20 67 184
20 132 165
20 58 229
20 125 152
20 144 211
20 108 222
20 72 210
20 117 181
20 124 155
20 112 184
20 146 240
20 70 159
20 64 224
20 105 244
20 94 196
20 126 239
20 121 243
20 145 208
20 95 188
20 149 171
20 148 191
20 95 164
20 83 235
20 110 248
20 84 238
20 102 234
20 119 223
20 147 234
20 53 219
20 120 198
20 115 190
20 70 164
20 132 246
20 116 219
20 86 202
20 131 187
20 57 171
20 77 159
20 124 169
20 105 240
20 66 248
20 72 212
20 69 248
20 94 207
990 790 16
2131 1931 14
3030 2830 16
4813 4613 12
4973 4773 14
4986 4686 14
5956 5756 13
6037 5837 16
6276 5976 16
6445 6245 14
6802 6602 13
7578 7278 15
7618 7418 15
7680 7380 12
8914 8714 14
8935 8735 14
9174 8874 15
9243 9043 15
9749 9549 15
9991 9791 16
805 605 13
843 643 16
953 753 15
2511 2311 16
3460 3260 14
3888 3688 15
4023 3823 15
4077 3877 12
4366 4166 12
5057 4857 12
6269 6069 12
7176 6976 16
7236 6936 12
7277 7077 15
9167 8967 12
9177 8977 13
9270 8970 14
9819 9619 14
10035 9835 11
10042 9842 14
1129 929 16
2386 2186 14
2634 2334 13
2789 2589 13
3679 3479 14
3990 3690 12
4206 4006 15
4888 4688 16
4978 4778 15
5651 5451 13
5663 5463 12
5777 5577 16
5838 5638 16
5850 5550 15
6319 6119 15
6648 6448 13
7764 7464 14
8022 7822 16
8869 8669 12
9175 8975 13
1347 1147 13
1588 1388 13
1716 1516 13
3057 2857 15
3319 3119 14
3465 3265 12
3676 3476 15
4074 3774 13
4242 4042 13
4528 4328 15
4680 4480 16
4936 4736 15
5976 5676 15
6228 5928 16
7044 6844 12
8299 8099 15
8789 8589 15
9660 9460 13
9870 9670 14
9930 9630 12
1243 1043 14
1575 1375 16
1752 1452 14
1800 1600 12
1869 1669 13
1885 1685 13
2046 1746 12
2073 1873 14
3269 3069 16
3736 3536 14
4069 3869 13
4192 3992 16
4213 4013 11
5146 4946 15
5620 5420 12
7803 7603 16
8735 8535 15
8826 8626 16
8988 8788 15
9558 9358 14
951 751 16
1267 1067 13
1338 1038 16
1747 1547 13
1759 1559 15
2238 2038 16
2705 2505 15
3220 3020 14
3327 3127 13
4840 4640 13
4937 4737 12
5507 5307 13
5782 5582 14
5934 5734 14
5937 5737 14
5976 5676 15
7205 7005 14
7241 7041 16
7686 7486 15
8922 8722 15
358 158 15
1503 1303 15
1815 1615 14
2016 1716 15
3756 3456 13
4006 3806 15
4591 4391 14
4631 4431 15
4686 4386 12
5315 5115 16
6813 6613 15
7014 6814 15
7791 7591 12
8111 7911 14
8267 8067 14
8772 8472 13
9700 9500 15
9870 9670 11
9990 9690 13
10033 9833 16
703 503 16
1404 1204 13
1824 1624 16
2867 2667 14
3417 3217 15
3765 3565 14
5111 4911 13
6453 6253 12
6545 6345 16
6658 6458 12
6784 6584 12
6819 6619 15
7031 6831 14
7113 6913 15
7134 6934 12
7648 7448 15
8969 8769 14
9462 9262 14
9667 9467 12
9839 9639 13
261 61 15
1089 889 16
1189 989 14
1849 1649 14
2269 2069 12
3418 3218 16
3727 3527 15
4410 4210 16
4925 4725 16
5112 4812 15
5434 5234 14
7620 7420 14
8031 7831 13
8056 7856 12
8227 8027 14
8527 8327 13
8994 8794 15
9215 9015 13
9507 9307 12
9605 9405 14
384 84 12
834 634 15
1317 1117 15
1949 1749 14
2213 2013 12
2669 2469 16
3834 3634 15
3984 3784 16
4170 3870 12
4270 4070 14
4512 4212 12
4810 4610 12
4989 4789 13
5284 5084 12
5878 5678 12
7249 7049 14
8225 8025 13
9199 8999 15
9243 9043 12
9480 9180 15
1054 854 15
1217 1017 14
1665 1465 12
1825 1625 16
1878 1678 12
2605 2405 13
3348 3048 12
3421 3221 13
3943 3743 12
4680 4380 12
4704 4504 14
5220 5020 12
5291 5091 12
5902 5702 16
5982 5782 13
7272 6972 13
7656 7356 12
8373 8173 16
8703 8503 14
9121 8921 12
411 211 16
426 126 13
1855 1655 12
2059 1859 13
2971 2771 16
3157 2957 14
3168 2968 12
4123 3923 15
4341 4141 15
4723 4523 14
5128 4928 14
5369 5169 15
6532 6332 14
6708 6508 16
6718 6518 12
6834 6534 16
6925 6725 15
7483 7283 16
8562 8362 14
9487 9287 12
222 22 13
475 275 13
964 764 15
1739 1539 14
1846 1646 15
1920 1720 12
2907 2707 14
4008 3808 12
4279 4079 15
4385 4185 16
4853 4653 11
5197 4997 13
5238 5038 14
6216 6016 14
7703 7503 15
8896 8696 12
9145 8945 15
9201 9001 14
9226 9026 14
9357 9157 13
384 84 15
1908 1708 14
3223 3023 14
3712 3512 13
4309 4109 16
4931 4731 15
5308 5108 13
5555 5355 12
6975 6775 14
7078 6878 12
7098 6798 13
7929 7729 16
8638 8438 16
8944 8744 16
9160 8960 16
9286 9086 12
9457 9257 12
9486 9286 15
9561 9361 12
9827 9627 12
1162 962 16
3035 2835 12
4301 4101 15
4920 4720 12
4951 4751 16
5111 4911 12
5207 5007 12
5805 5605 15
6048 5848 13
6537 6337 13
6661 6461 15
6744 6544 12
7175 6975 15
8286 8086 13
8519 8319 15
9223 9023 13
9366 9166 14
9388 9188 12
10156 9956 16
10176 9876 12
796 596 13
1051 851 12
1080 880 13
1871 1671 16
1997 1797 12
2022 1722 12
2647 2447 11
3252 2952 16
3348 3048 16
3702 3502 14
3850 3650 13
3939 3739 16
4252 4052 15
4528 4328 13
4786 4586 13
4885 4685 14
4980 4680 16
5061 4861 15
6222 5922 15
7921 7721 13
672 372 16
696 396 13
847 647 15
1083 883 15
1719 1519 14
2724 2424 14
2790 2490 12
3401 3201 12
3648 3448 15
4481 4281 12
4618 4418 13
5139 4939 16
5700 5500 12
5739 5539 16
6456 6256 12
6517 6317 14
7570 7370 14
8448 8148 14
8476 8276 13
8647 8447 12
589 389 12
1097 897 14
1301 1101 13
1595 1395 14
1875 1675 15
2955 2755 16
3294 3094 12
4819 4619 15
5307 5107 16
5508 5208 16
6433 6233 12
6691 6491 15
7110 6910 16
7306 7106 12
7321 7121 12
7617 7417 16
7637 7437 14
7674 7374 14
9901 9701 12
9931 9731 13
557 357 15
1675 1475 15
1795 1595 16
2321 2121 12
3455 3255 12
4409 4209 13
4416 4116 14
4449 4249 15
4577 4377 12
5136 4836 13
5889 5689 14
5923 5723 13
5935 5735 12
6354 6054 13
7063 6863 13
7383 7183 16
8574 8374 13
9090 8790 13
9703 9503 14
9965 9765 16
442 242 16
731 531 13
1101 901 16
1332 1132 13
1333 1133 12
1344 1144 15
1572 1372 16
2226 1926 13
2884 2684 16
3138 2838 14
4272 4072 16
4936 4736 15
5283 5083 14
7195 6995 12
7696 7496 13
9252 9052 16
9622 9422 16
9631 9431 15
9705 9505 13
10055 9855 14
919 719 16
1401 1201 16
1516 1316 14
1872 1572 14
2157 1957 12
2227 2027 16
2352 2152 12
2536 2336 12
2760 2560 16
3360 3060 16
3383 3183 15
3855 3655 11
3867 3667 16
5625 5425 16
6687 6487 13
6814 6614 14
7787 7587 12
8022 7722 15
8440 8240 15
9517 9317 15
545 345 14
695 495 15
1385 1185 15
1450 1250 16
1655 1455 12
3311 3111 14
3703 3503 13
4134 3834 14
5517 5317 12
5548 5348 12
6076 5876 16
6181 5981 12
6384 6184 16
6640 6440 16
7101 6901 15
7187 6987 14
7247 7047 14
8268 7968 14
8545 8345 14
9592 9392 15
1307 1107 12
1374 1174 13
1902 1602 15
2731 2531 13
3444 3244 15
3646 3446 12
3875 3675 12
4173 3973 14
4812 4612 12
5050 4850 16
6703 6503 15
6888 6688 15
7037 6837 15
7745 7545 14
8190 7990 14
8194 7994 13
9053 8853 16
9735 9535 14
10030 9830 16
10182 9982 16
505 305 15
1236 1036 12
1541 1341 12
1763 1563 15
1996 1796 12
3078 2778 13
3324 3024 15
3839 3639 16
3996 3796 13
4093 3893 13
5520 5320 14
5844 5544 13
5973 5773 12
6661 6461 14
6820 6620 13
6863 6663 13
7002 6702 14
8679 8479 12
9420 9120 13
10008 9708 15
664 464 14
1234 1034 13
1416 1216 14
2094 1894 13
3234 3034 14
3705 3505 15
4081 3881 16
4660 4460 11
4726 4526 15
4809 4609 15
4891 4691 16
5202 4902 11
6087 5887 15
6414 6214 15
6430 6230 12
6846 6646 15
7043 6843 15
7637 7437 13
7957 7757 15
8742 8442 15
335 135 12
487 287 13
790 590 12
1075 875 15
1257 1057 12
1683 1483 14
2086 1886 13
2089 1889 14
2202 1902 16
3096 2896 13
3607 3407 13
3621 3421 14
3832 3632 13
4398 4098 13
5429 5229 16
5460 5160 14
6792 6592 13
7503 7303 12
7582 7382 13
8724 8524 14
631 431 12
868 668 16
873 673 13
2369 2169 12
3456 3156 14
3558 3258 12
4169 3969 14
4206 3906 14
4618 4418 12
5953 5753 15
6064 5864 12
6642 6342 12
6706 6506 14
7620 7420 14
8145 7945 14
8188 7988 14
9258 8958 16
9393 9193 16
9727 9527 15
10191 9991 12
427 227 12
1068 868 15
1420 1220 12
1644 1344 14
2877 2677 16
3244 3044 12
3547 3347 16
4045 3845 16
4126 3926 15
4567 4367 12
5044 4844 12
5153 4953 16
6175 5975 14
6432 6132 15
8224 8024 14
8307 8107 15
8577 8377 12
8751 8551 13
9174 8974 13
10119 9919 16
448 248 14
1362 1162 13
1624 1424 14
3283 3083 14
3900 3600 12
4703 4503 16
4818 4618 12
5437 5237 13
5963 5763 14
6027 5827 12
6389 6189 15
6570 6270 12
6916 6716 15
8406 8206 12
8916 8716 16
9209 9009 15
9276 8976 12
9294 8994 13
9689 9489 13
10031 9831 13
1444 1244 13
1522 1322 12
1641 1441 13
2439 2239 14
2592 2292 15
2862 2562 14
3636 3436 14
5326 5126 15
5490 5290 13
6066 5766 15
6381 6181 15
6550 6350 14
6816 6616 13
7560 7260 11
7753 7553 12
7879 7679 13
8290 8090 13
8910 8610 14
9528 9328 14
9546 9246 15
744 544 13
1254 1054 15
1932 1632 12
2196 1896 16
2505 2305 15
2625 2425 13
2723 2523 16
3879 3679 12
4473 4273 12
5331 5131 16
5339 5139 16
7243 7043 12
8407 8207 13
8484 8184 13
8686 8486 12
8933 8733 12
9613 9413 13
9762 9562 14
9898 9698 15
10171 9971 14
310 110 13
390 90 14
432 232 16
450 250 13
552 252 14
2022 1822 12
2363 2163 16
2505 2305 14
2955 2755 15
2995 2795 12
3913 3713 12
4224 3924 12
5278 5078 16
5861 5661 12
6510 6310 13
6826 6626 14
7654 7454 12
8547 8347 13
8819 8619 16
9229 9029 16
676 476 12
833 633 15
1071 871 14
1128 928 16
1962 1762 16
2045 1845 15
2800 2600 14
3193 2993 12
3211 3011 15
3238 3038 12
3399 3199 16
3606 3406 12
4463 4263 14
5208 5008 16
6112 5912 16
7518 7318 14
7530 7330 16
7705 7505 15
9390 9190 13
9611 9411 12
264 64 11
373 173 13
804 604 15
1863 1663 14
1971 1771 16
2190 1890 15
2874 2574 13
3655 3455 16
4168 3968 14
4197 3997 14
4421 4221 14
4620 4420 14
6107 5907 14
6372 6072 13
8200 8000 14
8478 8178 12
8487 8287 15
9250 9050 14
9397 9197 15
9510 9310 12
491 291 14
515 315 12
1435 1235 12
2524 2324 13
3951 3751 15
4080 3880 15
4362 4062 12
4414 4214 16
4758 4558 12
5118 4918 16
5950 5750 13
6238 6038 13
6371 6171 14
6382 6182 13
8249 8049 12
8310 8010 13
8543 8343 13
9252 8952 16
9263 9063 16
9336 9036 12
1069 869 12
1169 969 14
4078 3878 12
4223 4023 16
4855 4655 15
4901 4701 14
4955 4755 13
5279 5079 11
5340 5140 15
5461 5261 16
5947 5747 13
6004 5804 12
6123 5923 15
7410 7110 12
8103 7903 16
8664 8364 12
8719 8519 12
9331 9131 14
9551 9351 13
9559 9359 11
519 319 14
1182 982 12
1932 1632 14
1950 1750 12
2562 2362 11
2956 2756 14
3348 3148 11
3505 3305 14
4665 4465 15
5231 5031 11
5958 5658 13
6252 6052 15
7043 6843 16
7181 6981 13
7290 7090 12
7398 7198 16
7883 7683 15
8107 7907 12
9817 9617 15
10248 9948 12
369 169 15
1071 871 11
1853 1653 13
2171 1971 16
3790 3590 13
4020 3720 15
4205 4005 12
4529 4329 13
5119 4919 13
5406 5206 14
5460 5160 13
6084 5784 14
6589 6389 16
6924 6624 15
7009 6809 12
7911 7711 12
8074 7874 15
9144 8844 13
9514 9314 12
9912 9612 14
402 202 12
678 478 13
881 681 13
1110 910 12
1293 1093 16
1758 1458 12
1879 1679 15
2232 2032 16
2698 2498 14
3085 2885 13
4413 4213 11
5218 5018 13
5681 5481 14
5784 5484 16
6149 5949 12
6391 6191 16
7320 7020 14
7978 7778 15
8865 8665 14
8988 8688 16
492 292 15
970 770 14
1570 1370 12
1912 1712 13
2724 2424 14
2787 2587 15
3574 3374 15
4368 4168 15
5163 4963 15
6342 6142 14
7343 7143 15
7391 7191 13
7413 7213 12
7847 7647 16
7998 7698 12
8235 8035 12
8947 8747 12
9042 8842 12
9715 9515 13
9912 9612 16
913 713 12
1000 800 14
2083 1883 16
2437 2237 16
4531 4331 13
4577 4377 14
5442 5242 14
5754 5454 14
6329 6129 15
7109 6909 14
7139 6939 15
7223 7023 12
7428 7128 12
7745 7545 12
8649 8449 14
8674 8474 14
8925 8725 14
9015 8815 14
9653 9453 13
9696 9396 14
480 280 12
629 429 13
1422 1122 12
1770 1470 13
2351 2151 13
3743 3543 15
3769 3569 12
3948 3648 15
4149 3949 12
4351 4151 15
4404 4104 14
5105 4905 14
5185 4985 12
5677 5477 14
6103 5903 13
6336 6136 14
7347 7147 15
8010 7810 16
8112 7812 14
8971 8771 16
215 15 12
763 563 12
977 777 15
1107 907 12
1758 1558 14
1983 1783 12
3174 2974 13
3197 2997 15
4572 4372 15
4747 4547 14
5484 5184 14
5843 5643 13
6221 6021 14
6654 6354 16
6665 6465 13
6945 6745 14
8004 7704 12
8314 8114 13
9376 9176 12
9775 9575 13
505 305 11
934 734 14
1800 1500 14
2339 2139 16
2482 2282 14
2592 2292 14
3371 3171 12
3384 3084 12
4077 3877 15
4944 4644 12
5314 5114 12
5544 5344 16
5925 5725 15
6093 5893 14
6112 5912 12
6268 6068 12
6552 6352 12
6561 6361 14
8070 7870 16
9027 8827 13
1200 900 16
1283 1083 12
2046 1846 15
2307 2107 16
2739 2539 16
2874 2674 15
2983 2783 16
3282 2982 15
3363 3163 13
3697 3497 15
6202 6002 14
7295 7095 16
7671 7471 15
7950 7650 14
8083 7883 12
8173 7973 16
8346 8046 16
8451 8251 13
9096 8796 16
9877 9677 14
1144 944 12
1260 1060 12
2422 2222 14
2484 2284 12
2988 2788 12
5220 4920 12
5595 5395 16
5698 5498 14
5910 5710 15
6702 6502 14
6910 6710 12
7092 6892 14
7275 7075 13
7410 7210 15
7422 7122 11
7632 7332 15
8370 8070 13
8922 8722 12
9306 9106 13
9672 9372 15
1097 897 13
1415 1215 12
1578 1278 14
1992 1792 12
2423 2223 15
2651 2451 16
3355 3155 15
3924 3624 12
4666 4466 14
4789 4589 13
5097 4897 15
5239 5039 14
5781 5581 16
5831 5631 14
6569 6369 14
6815 6615 15
7443 7243 12
8181 7981 12
9648 9348 14
10272 9972 15
757 557 13
972 672 15
1171 971 14
1403 1203 14
1710 1510 16
2219 2019 16
2325 2125 12
3466 3266 12
4719 4519 12
5205 5005 13
5383 5183 15
5575 5375 11
6286 6086 16
6393 6193 15
6791 6591 14
7839 7639 16
8185 7985 14
8544 8244 16
8592 8392 15
8775 8575 16
378 78 12
747 547 14
948 748 13
2152 1952 13
2442 2142 12
2533 2333 13
3017 2817 16
3699 3499 15
4981 4781 16
5897 5697 15
6138 5938 12
6864 6664 14
6989 6789 16
7305 7105 15
7582 7382 13
7642 7442 16
7823 7623 15
8418 8218 12
8656 8456 14
8754 8554 13
202 2 15
490 290 13
610 410 13
1377 1177 14
1998 1698 12
2700 2500 15
3264 2964 14
3898 3698 12
4380 4180 14
4746 4446 15
5115 4915 15
5539 5339 14
6067 5867 14
6840 6540 16
7002 6702 12
8374 8174 12
8898 8598 14
9132 8832 15
10054 9854 11
10296 9996 16
888 588 14
1144 944 16
1161 961 12
1434 1134 13
1648 1448 16
2379 2179 14
2604 2304 16
3714 3414 12
4020 3820 16
4293 4093 14
4475 4275 13
5274 4974 12
5581 5381 13
5802 5602 13
7416 7116 14
7716 7516 14
8250 8050 12
9588 9388 16
9702 9502 11
9723 9523 12
225 25 16
606 306 14
1399 1199 15
1462 1262 12
1542 1342 12
1992 1692 11
2028 1728 14
2223 2023 13
2472 2172 12
3454 3254 15
3719 3519 12
4991 4791 16
5159 4959 14
6474 6174 12
7188 6988 12
7530 7330 16
7800 7600 14
8526 8326 12
8625 8425 13
9671 9471 12
2938 2738 13
3289 3089 12
4020 3720 14
4249 4049 16
4581 4381 12
4756 4556 15
5190 4990 13
5235 5035 15
6202 6002 15
6471 6271 13
6567 6367 13
6820 6620 14
7537 7337 14
7579 7379 12
8208 7908 14
8325 8125 14
8433 8233 15
8871 8671 13
9601 9401 11
9960 9660 12
607 407 16
1361 1161 13
2116 1916 13
3797 3597 13
4311 4111 13
4413 4213 15
4920 4720 14
5857 5657 15
6039 5839 14
7015 6815 16
7434 7234 16
7786 7586 14
8109 7909 12
8280 8080 14
8464 8264 15
9144 8944 15
9286 9086 14
9397 9197 12
10115 9915 16
10128 9928 13
339 139 14
339 139 16
670 470 16
892 692 14
1263 1063 16
1506 1306 13
3163 2963 16
4678 4478 13
5131 4931 15
5422 5222 13
6143 5943 16
6148 5948 14
7375 7175 15
7633 7433 16
7746 7446 13
7897 7697 16
8520 8220 13
8983 8783 12
9510 9210 14
9636 9336 14
1333 1133 14
1451 1251 16
1719 1519 14
2531 2331 15
2886 2686 11
3018 2818 15
3463 3263 13
4501 4301 16
5457 5257 12
5689 5489 12
6838 6638 13
8190 7990 14
8453 8253 12
8874 8574 12
8952 8652 15
9214 9014 13
9287 9087 15
9463 9263 16
9552 9352 14
9909 9709 12
805 605 14
1194 894 13
1662 1462 14
1753 1553 12
1896 1596 13
2010 1810 12
3346 3146 15
4302 4102 15
4866 4566 12
5665 5465 12
6232 6032 14
6304 6104 13
6853 6653 14
7543 7343 12
8689 8489 13
8706 8406 14
8949 8749 12
8970 8670 12
9120 8920 14
10206 9906 16
1401 1201 15
2061 1861 15
2788 2588 15
3130 2930 15
3139 2939 15
4191 3991 13
4218 4018 13
4236 4036 14
4518 4218 16
4881 4681 12
4929 4729 16
5208 4908 13
6189 5989 11
7259 7059 14
7480 7280 12
8141 7941 13
8304 8004 13
8322 8022 14
8449 8249 12
10035 9835 13
480 180 13
562 362 15
1335 1135 11
1629 1429 13
1749 1549 13
2614 2414 12
3988 3788 16
4104 3804 15
4575 4375 15
5257 5057 14
5326 5126 14
5352 5052 14
5973 5773 15
7192 6992 15
7395 7195 13
7689 7489 15
7806 7606 14
9000 8800 14
9220 9020 13
9481 9281 15
342 42 13
1264 1064 14
1387 1187 16
1966 1766 16
2005 1805 14
2020 1820 12
2392 2192 15
2551 2351 12
2884 2684 15
3553 3353 16
3799 3599 12
5209 5009 16
5423 5223 15
5911 5711 15
6264 6064 14
6271 6071 15
8080 7880 16
8363 8163 15
9345 9145 13
9990 9690 15
306 106 14
2496 2296 13
3456 3256 14
4153 3953 12
5064 4764 12
5064 4764 13
6622 6422 16
6713 6513 15
7085 6885 15
7092 6892 13
7157 6957 15
7300 7100 14
7561 7361 14
7638 7338 12
7639 7439 13
7716 7416 15
7794 7494 14
7907 7707 12
9066 8866 12
9207 9007 15
1145 945 16
1164 864 16
1387 1187 14
1597 1397 15
2031 1831 14
2521 2321 16
2766 2566 12
3729 3529 12
4530 4330 14
4578 4378 15
5309 5109 12
5898 5698 13
6240 6040 15
8125 7925 15
8237 8037 16
9037 8837 16
9417 9217 15
9448 9248 15
9701 9501 11
10146 9946 16
347 147 14
367 167 16
823 623 14
978 778 14
2459 2259 15
2722 2522 13
3311 3111 12
4187 3987 14
4839 4639 14
4992 4792 16
5298 4998 14
5869 5669 16
5994 5694 12
6034 5834 15
7217 7017 12
8040 7740 15
8659 8459 15
8929 8729 13
9079 8879 16
9268 9068 12
1168 968 14
1597 1397 15
1744 1544 16
2121 1921 15
3183 2983 15
3847 3647 15
4425 4225 13
4969 4769 14
5091 4891 14
5717 5517 16
5982 5782 14
7266 7066 15
7846 7646 13
8473 8273 12
8657 8457 14
9249 9049 15
9395 9195 13
9652 9452 16
9731 9531 12
10175 9975 16
490 290 12
1558 1358 15
1593 1393 14
2223 2023 13
2418 2118 14
2772 2472 16
3042 2842 14
3102 2902 15
3484 3284 13
4841 4641 12
5466 5266 14
5475 5275 12
6159 5959 12
7113 6913 14
7195 6995 14
7380 7180 14
8391 8191 12
9132 8832 13
9235 9035 13
9625 9425 16
1075 875 14
1331 1131 16
1396 1196 14
1938 1738 12
2877 2677 13
4359 4159 14
4827 4627 13
5260 5060 12
5457 5257 15
5508 5308 14
5550 5350 16
5818 5618 12
5955 5755 12
6073 5873 13
7464 7264 12
7651 7451 16
7763 7563 13
8208 8008 12
8874 8674 12
8931 8731 16
300 100 16
333 133 15
930 630 14
1167 967 13
1797 1597 15
2112 1812 15
3594 3394 14
3755 3555 16
4780 4580 14
5860 5660 16
6492 6292 13
6892 6692 15
7530 7330 14
7667 7467 15
7785 7585 12
7848 7548 14
8644 8444 13
8787 8587 12
8872 8672 14
9156 8956 13
675 475 15
1278 978 13
3160 2960 14
3666 3366 15
3906 3606 16
4410 4210 15
4565 4365 14
4949 4749 12
5344 5144 14
5568 5368 14
5625 5425 14
5799 5599 14
6733 6533 15
6958 6758 15
7015 6815 15
8814 8614 13
9043 8843 12
9547 9347 12
9606 9406 15
9613 9413 16
340 140 12
573 373 14
1078 878 13
1731 1531 13
2376 2076 14
2737 2537 16
2994 2694 12
3078 2778 15
3132 2832 16
4909 4709 11
4926 4726 15
5601 5401 16
6981 6781 14
6990 6790 15
7389 7189 16
7599 7399 14
8197 7997 14
8740 8540 12
10065 9865 13
10074 9774 12
1299 1099 13
1607 1407 15
1696 1496 16
1836 1536 14
3863 3663 12
3911 3711 12
4229 4029 15
5037 4837 14
5401 5201 16
5598 5398 14
6052 5852 12
6421 6221 12
7049 6849 12
7849 7649 14
8316 8116 16
8602 8402 12
8970 8670 16
9007 8807 15
9689 9489 15
9991 9791 14
466 266 14
754 554 12
1588 1388 16
1689 1489 15
1890 1590 15
2067 1867 13
2101 1901 12
2113 1913 12
3102 2902 13
3255 3055 14
3640 3440 16
4128 3828 15
4872 4672 13
5766 5566 15
7098 6898 13
7279 7079 14
7631 7431 12
7631 7431 15
8033 7833 13
8406 8206 12
420 220 12
852 552 14
1937 1737 12
2172 1972 16
2290 2090 15
2386 2186 13
2713 2513 14
3663 3463 13
3903 3703 14
4074 3774 16
4875 4675 16
5353 5153 12
5688 5388 12
6139 5939 15
6839 6639 15
7308 7108 12
7473 7273 14
7912 7712 13
9312 9112 12
9999 9799 14
1026 826 14
1195 995 14
1258 1058 12
1293 1093 14
1815 1615 14
2364 2164 12
2523 2323 14
3640 3440 14
4381 4181 12
4464 4164 16
6226 6026 16
6456 6256 15
6490 6290 12
7229 7029 13
7542 7242 15
7734 7434 14
8451 8251 12
9198 8898 12
9516 9216 12
10158 9858 12
891 691 12
1224 1024 12
1594 1394 13
2766 2466 15
2925 2725 13
3096 2796 14
3229 3029 12
4235 4035 14
4680 4380 13
5862 5562 11
6036 5736 11
6636 6336 14
7129 6929 15
7480 7280 15
7913 7713 15
8281 8081 13
8818 8618 12
9161 8961 13
9183 8983 15
9204 9004 15
492 292 15
826 626 13
912 612 12
1038 738 16
1745 1545 12
2127 1927 13
3352 3152 12
3693 3493 16
4041 3841 16
4324 4124 16
5496 5196 11
6744 6444 15
6773 6573 16
7444 7244 15
7866 7566 14
8523 8323 12
9029 8829 14
9277 9077 14
9288 9088 14
10067 9867 14
1450 1250 16
1619 1419 12
2195 1995 12
2478 2178 13
2544 2344 13
2779 2579 16
2922 2722 14
3172 2972 12
3617 3417 14
3658 3458 12
3994 3794 15
4857 4657 16
5053 4853 16
6687 6487 14
6796 6596 14
7125 6925 16
7503 7303 14
9035 8835 12
9335 9135 14
9521 9321 12
426 226 11
1179 979 12
3420 3220 12
3444 3244 14
3456 3156 13
4086 3886 15
4116 3816 16
4245 4045 16
4415 4215 12
4437 4237 13
5070 4770 13
5199 4999 14
6393 6193 14
6603 6403 15
7038 6838 13
7782 7482 14
7877 7677 15
8284 8084 13
8511 8311 14
9323 9123 16
672 472 12
933 733 15
1343 1143 14
1849 1649 15
2196 1996 13
2506 2306 14
3375 3175 16
3516 3316 12
4675 4475 12
4715 4515 16
4999 4799 13
5967 5767 13
6076 5876 12
6347 6147 14
6520 6320 14
7108 6908 12
7473 7273 12
7643 7443 13
8335 8135 13
9660 9460 16
660 460 12
1806 1506 15
3028 2828 14
3084 2784 14
3270 3070 13
3305 3105 12
3604 3404 14
4014 3714 16
4600 4400 12
4651 4451 12
5065 4865 14
6736 6536 14
6787 6587 13
7141 6941 16
7312 7112 16
8061 7861 13
8784 8584 15
8843 8643 12
9645 9445 13
10038 9838 13
456 156 14
456 256 15
600 400 14
1746 1446 14
1871 1671 15
2005 1805 16
2632 2432 13
3496 3296 15
3837 3637 14
3973 3773 15
4177 3977 12
4269 4069 13
4357 4157 16
4991 4791 13
6354 6054 13
7779 7579 16
8068 7868 15
8221 8021 13
8923 8723 16
9618 9318 14
708 408 13
888 588 13
1373 1173 12
1782 1582 12
1799 1599 16
2136 1936 11
2800 2600 16
2832 2532 15
2880 2680 12
2958 2758 16
3012 2712 15
3179 2979 15
4012 3812 14
5091 4891 11
6101 5901 16
7032 6832 14
7173 6973 14
8008 7808 12
9268 9068 11
9606 9406 14
703 503 14
1165 965 12
1542 1342 13
1588 1388 12
1722 1522 12
2016 1816 13
2334 2034 13
2461 2261 15
2940 2740 13
3287 3087 13
4102 3902 15
4697 4497 14
5465 5265 12
6493 6293 14
6618 6418 12
7443 7243 13
8544 8244 16
8589 8389 15
8795 8595 13
9054 8854 14
617 417 14
1150 950 16
2279 2079 12
3001 2801 13
4095 3895 13
4273 4073 15
4291 4091 12
4360 4160 15
6292 6092 14
6426 6126 14
6695 6495 14
6887 6687 12
7119 6919 12
7186 6986 12
7530 7230 16
7848 7548 12
8464 8264 14
8484 8184 16
9269 9069 13
9726 9426 13
390 90 15
736 536 15
774 574 14
784 584 15
1413 1213 16
3556 3356 13
3616 3416 13
4277 4077 13
4871 4671 13
5098 4898 14
5430 5130 14
5622 5422 13
5922 5722 13
6007 5807 16
6359 6159 12
7062 6762 11
7343 7143 13
8842 8642 16
9055 8855 14
9478 9278 15
599 399 15
1107 907 15
1325 1125 12
1931 1731 15
1961 1761 13
2537 2337 14
2692 2492 15
4111 3911 16
5568 5368 14
6942 6642 16
6963 6763 12
7590 7390 13
7707 7507 14
7890 7690 16
8196 7996 14
8202 8002 13
8495 8295 12
9257 9057 13
9612 9412 14
10042 9842 14
447 247 13
538 338 15
1415 1215 14
1716 1516 15
2079 1879 12
2141 1941 16
2419 2219 13
3144 2944 13
3304 3104 16
4427 4227 16
4589 4389 12
4921 4721 15
6000 5800 15
6172 5972 16
6663 6463 15
6814 6614 14
7529 7329 11
8203 8003 14
9205 9005 16
9636 9336 13
934 734 13
1224 1024 16
1374 1174 16
1583 1383 16
2251 2051 15
3071 2871 14
3186 2886 14
3216 3016 16
3418 3218 13
3521 3321 14
3802 3602 13
4549 4349 14
5923 5723 14
6090 5890 11
6211 6011 12
7063 6863 15
7248 7048 13
8427 8227 12
8621 8421 14
9353 9153 14
394 194 14
858 658 15
1318 1118 14
2370 2170 13
2808 2608 14
3066 2766 12
3209 3009 12
4318 4118 16
4811 4611 12
5431 5231 12
5771 5571 14
5871 5671 13
6621 6421 12
7259 7059 13
7375 7175 14
8771 8571 13
9139 8939 15
9575 9375 14
9883 9683 14
9948 9648 15
1284 984 16
2238 1938 15
3159 2959 15
3227 3027 14
3391 3191 12
4566 4366 16
5118 4918 14
5371 5171 13
5520 5220 13
5718 5518 15
5919 5719 13
6979 6779 14
7057 6857 12
7437 7237 15
7789 7589 12
7999 7799 16
8274 7974 11
8466 8266 15
9403 9203 13
10116 9916 12
581 381 13
582 382 12
1251 1051 15
1283 1083 12
1415 1215 14
1939 1739 13
2917 2717 16
2975 2775 15
3151 2951 12
3252 2952 12
3810 3510 16
5485 5285 13
5783 5583 16
7213 7013 15
7440 7240 15
7782 7482 14
8772 8472 15
9227 9027 14
9522 9322 13
9913 9713 14
865 665 15
1437 1237 12
2652 2352 15
5151 4951 16
6467 6267 15
7031 6831 14
7074 6774 16
7170 6970 15
7830 7530 15
8124 7924 12
8380 8180 13
8787 8587 14
8825 8625 14
8980 8780 12
9129 8929 13
9202 9002 12
9294 8994 13
9787 9587 13
10074 9874 15
10266 9966 14
539 339 16
1096 896 14
1453 1253 14
1545 1345 13
1711 1511 14
1883 1683 11
2297 2097 14
2532 2332 15
3756 3556 15
4738 4538 14
4912 4712 16
4937 4737 14
6165 5965 14
7272 6972 13
7319 7119 11
7325 7125 13
8823 8623 13
9738 9438 16
9835 9635 14
10218 9918 14
304 104 13
712 512 15
829 629 15
1865 1665 15
1944 1644 13
3582 3382 15
3719 3519 15
4099 3899 14
4987 4787 12
5155 4955 13
5370 5070 16
6072 5872 15
6498 6298 14
6513 6313 16
6574 6374 14
6617 6417 12
8730 8430 15
9285 9085 11
9648 9348 14
9983 9783 13
444 244 12
732 432 12
1420 1220 12
2280 2080 13
2958 2658 13
3198 2998 15
4065 3865 16
4558 4358 16
5477 5277 13
5514 5314 14
5772 5472 13
6150 5850 15
6726 6526 16
6816 6516 12
6936 6736 14
7417 7217 12
7521 7321 13
8909 8709 16
9319 9119 14
9395 9195 14
319 119 14
619 419 13
994 794 14
1411 1211 14
1425 1225 12
1773 1573 16
2071 1871 15
2298 1998 12
2304 2004 12
2886 2686 11
3271 3071 16
4366 4166 13
4446 4146 16
5827 5627 15
6426 6126 15
7386 7086 12
7578 7378 12
7665 7465 15
7749 7549 14
8700 8500 12
720 420 14
829 629 15
2368 2168 13
3051 2851 16
3999 3799 13
4049 3849 15
5598 5298 12
5784 5584 14
6180 5880 13
6915 6715 13
7116 6916 12
7149 6949 11
7576 7376 15
7738 7538 12
7758 7458 12
7781 7581 14
7786 7586 12
7933 7733 14
9168 8868 14
9809 9609 13
593 393 12
777 577 14
1374 1174 12
1506 1306 14
1581 1381 14
2185 1985 13
2465 2265 13
2583 2383 13
2785 2585 13
3175 2975 15
4984 4784 14
5211 5011 12
5731 5531 16
6234 5934 12
6271 6071 12
6989 6789 15
8459 8259 14
9237 9037 14
10036 9836 13
10164 9964 14
471 271 13
659 459 12
700 500 12
1023 823 13
1356 1056 15
2093 1893 14
2301 2101 15
2367 2167 13
3420 3120 16
3528 3328 16
3870 3570 13
4176 3876 13
4560 4360 15
4907 4707 14
5616 5316 13
6556 6356 15
7272 6972 16
7560 7260 16
8434 8234 15
8890 8690 15
2272 2072 12
2478 2278 13
3051 2851 13
3171 2971 15
3394 3194 14
4398 4098 16
4846 4646 15
4903 4703 14
5189 4989 16
6516 6216 14
6561 6361 15
6703 6503 13
7228 7028 16
7387 7187 12
8003 7803 15
8128 7928 12
8295 8095 12
8727 8527 12
9487 9287 13
9654 9454 13
949 749 15
1134 934 16
1398 1198 15
1546 1346 16
3571 3371 13
3954 3754 14
4150 3950 15
4351 4151 12
4945 4745 13
5141 4941 15
5208 5008 12
5293 5093 11
6717 6517 16
6756 6556 16
8754 8454 12
8902 8702 14
9189 8989 14
9789 9589 16
9809 9609 14
10023 9823 14
