1000 20 231876
50 114 178
50 149 190
50 128 194
50 115 232
50 91 221
50 121 230
50 59 210
50 129 206
50 93 200
50 91 247
50 95 190
50 100 152
50 126 216
50 81 192
50 147 236
50 76 236
50 114 238
50 77 198
50 102 158
50 61 217
211 11 6
277 77 6
283 83 6
299 99 6
312 12 6
335 135 6
427 227 7
444 144 5
447 247 6
487 287 5
498 198 6
517 317 6
544 344 6
557 357 6
577 377 5
600 300 7
634 434 5
678 378 5
688 488 7
763 563 7
765 565 7
791 591 5
823 623 7
840 640 5
886 686 5
889 689 6
900 700 7
930 630 5
945 745 6
959 759 6
961 761 6
966 666 7
990 790 6
1008 708 5
1008 708 5
1015 815 6
1024 824 6
1025 825 6
1029 829 6
1044 744 6
1050 750 5
1080 880 6
1116 916 6
1129 929 5
1153 953 6
1167 967 7
1176 976 6
1180 980 6
1182 882 6
1192 992 7
291 91 7
355 155 5
372 72 5
372 172 7
373 173 6
387 187 6
388 188 7
406 206 6
412 212 5
432 232 6
486 186 6
539 339 6
553 353 6
568 368 5
574 374 7
587 387 6
604 404 6
651 451 7
655 455 6
670 470 6
677 477 6
702 502 5
744 444 5
798 498 6
825 625 7
870 570 5
900 700 5
929 729 6
930 630 5
937 737 6
987 787 6
1003 803 7
1019 819 6
1021 821 5
1049 849 6
1050 850 7
1081 881 6
1098 898 7
1110 910 5
1128 828 5
1132 932 6
1146 846 6
1149 949 6
1151 951 6
1156 956 7
1162 962 7
1179 979 6
1197 997 5
1197 997 6
1199 999 6
241 41 7
271 71 5
306 106 7
312 12 6
334 134 7
342 42 6
379 179 5
424 224 7
432 132 5
505 305 5
527 327 7
568 368 7
589 389 6
597 397 6
622 422 5
627 427 7
645 445 6
663 463 5
664 464 5
665 465 6
673 473 6
679 479 6
683 483 5
689 489 6
690 490 5
759 559 6
790 590 6
808 608 6
810 510 6
822 522 6
865 665 7
885 685 6
904 704 6
922 722 7
943 743 5
972 772 5
1006 806 6
1029 829 5
1041 841 6
1042 842 5
1047 847 7
1056 756 6
1073 873 7
1086 786 7
1091 891 7
1111 911 7
1141 941 6
1147 947 6
1158 958 6
1200 900 6
240 40 6
241 41 6
253 53 6
270 70 7
329 129 5
349 149 6
357 157 6
409 209 6
412 212 7
414 214 6
429 229 6
455 255 5
461 261 5
469 269 6
498 298 6
510 310 5
515 315 6
519 319 6
537 337 5
564 364 5
565 365 6
574 374 7
594 294 5
649 449 7
653 453 7
654 354 6
684 484 6
696 496 6
742 542 6
755 555 6
756 556 5
759 559 7
761 561 6
839 639 6
862 662 5
880 680 6
886 686 6
906 606 6
921 721 5
936 636 6
994 794 5
1007 807 6
1020 820 5
1120 920 7
1122 822 5
1150 950 6
1176 876 6
1200 1000 7
1278 978 7
1296 996 5
210 10 7
257 57 5
324 124 6
325 125 6
336 36 5
340 140 6
348 148 7
370 170 6
401 201 6
402 202 6
407 207 7
492 192 6
498 198 6
503 303 7
511 311 5
534 234 6
541 341 7
543 343 7
571 371 5
599 399 6
603 403 5
616 416 6
629 429 6
630 330 7
660 460 6
678 478 6
691 491 7
726 426 7
754 554 5
759 559 6
761 561 6
791 591 5
792 492 5
814 614 6
819 619 5
845 645 6
861 661 7
881 681 6
929 729 5
936 736 7
937 737 6
946 746 6
971 771 7
972 672 6
977 777 6
1020 720 6
1026 826 5
1114 914 5
1128 828 5
1254 954 6
215 15 7
233 33 7
239 39 7
277 77 6
352 152 6
378 178 6
430 230 7
431 231 5
442 242 6
462 162 7
493 293 6
513 313 7
534 234 6
537 337 6
544 344 7
553 353 6
621 421 6
634 434 6
653 453 6
654 454 6
660 460 7
670 470 7
696 396 5
707 507 6
748 548 6
756 556 6
777 577 5
789 589 6
819 619 6
827 627 6
858 558 6
870 670 6
901 701 6
912 712 6
927 727 7
945 745 6
978 778 5
990 790 7
1013 813 7
1017 817 5
1020 720 6
1054 854 7
1097 897 5
1113 913 5
1128 828 6
1145 945 5
1173 973 7
1186 986 6
1188 988 5
1189 989 5
216 16 6
271 71 6
275 75 6
280 80 5
288 88 5
348 48 7
357 157 6
360 60 5
377 177 7
385 185 5
402 102 6
480 180 6
489 289 5
492 192 5
497 297 6
504 204 5
505 305 7
510 210 5
511 311 6
528 328 6
532 332 5
545 345 6
573 373 7
577 377 5
633 433 5
643 443 6
664 464 7
665 465 7
666 366 6
670 470 6
675 475 7
697 497 6
700 500 6
767 567 5
786 586 7
792 492 6
793 593 5
798 598 5
816 616 6
858 658 7
867 667 6
954 654 5
1060 860 7
1090 890 6
1093 893 5
1117 917 7
1122 822 6
1168 968 7
1197 997 7
1199 999 5
229 29 6
256 56 5
263 63 6
397 197 7
402 202 5
419 219 6
444 244 6
456 256 7
457 257 5
471 271 6
496 296 6
529 329 6
537 337 5
570 270 6
574 374 6
576 276 6
579 379 5
585 385 6
588 388 7
599 399 5
720 420 6
726 426 5
751 551 6
762 562 7
780 580 7
785 585 7
795 595 7
817 617 5
850 650 6
885 685 5
886 686 5
940 740 5
946 746 5
948 648 6
967 767 7
973 773 7
982 782 5
1002 802 5
1002 802 7
1014 814 6
1027 827 7
1066 866 7
1080 880 6
1125 925 5
1126 926 5
1127 927 5
1129 929 7
1139 939 5
1146 946 7
1150 950 6
204 4 6
217 17 6
234 34 6
237 37 6
294 94 5
294 94 5
303 103 6
309 109 6
316 116 6
317 117 6
323 123 5
331 131 5
336 136 6
342 142 5
348 48 7
353 153 6
381 181 7
394 194 6
394 194 6
407 207 5
415 215 7
489 289 6
516 316 5
519 319 6
522 322 6
527 327 6
564 364 5
565 365 6
573 373 6
636 336 6
654 454 7
657 457 6
659 459 7
681 481 6
737 537 5
777 577 7
810 510 6
898 698 5
915 715 7
953 753 6
994 794 7
1003 803 6
1018 818 5
1026 826 5
1029 829 6
1043 843 7
1096 896 7
1153 953 6
1185 985 5
1185 985 7
202 2 5
204 4 6
231 31 6
295 95 5
298 98 6
305 105 6
319 119 6
324 24 5
333 133 7
355 155 6
391 191 5
395 195 5
402 202 7
436 236 6
447 247 7
463 263 6
477 277 6
497 297 5
499 299 5
549 349 7
595 395 6
637 437 5
664 464 5
675 475 6
709 509 5
725 525 7
738 438 6
780 480 7
797 597 6
809 609 6
821 621 5
863 663 7
871 671 6
873 673 5
873 673 5
909 709 5
930 630 5
960 760 5
1017 817 6
1026 726 7
1042 842 7
1080 780 6
1110 810 5
1110 810 6
1146 946 7
1150 950 6
1156 956 6
1192 992 5
1206 906 5
1230 930 6
214 14 5
214 14 7
221 21 7
281 81 7
328 128 6
365 165 5
366 166 6
444 144 6
451 251 6
462 262 6
473 273 6
484 284 5
537 337 7
561 361 6
573 373 6
588 288 5
615 415 7
628 428 5
639 439 7
646 446 5
648 448 6
658 458 6
681 481 6
714 514 6
726 426 7
726 426 7
737 537 6
742 542 6
747 547 7
768 468 5
780 580 6
781 581 7
804 504 7
847 647 6
850 650 6
871 671 5
882 582 6
882 582 6
899 699 7
901 701 7
1002 702 6
1020 720 7
1033 833 6
1045 845 7
1067 867 6
1097 897 7
1107 907 6
1140 940 6
1197 997 7
1200 1000 5
277 77 7
299 99 5
333 133 6
348 48 6
407 207 7
431 231 6
437 237 7
447 247 6
461 261 6
465 265 6
485 285 6
517 317 6
521 321 7
523 323 6
558 258 6
594 394 5
612 312 7
612 412 6
618 418 6
682 482 5
690 390 6
737 537 7
748 548 7
762 462 5
762 462 5
814 614 7
816 616 7
820 620 5
849 649 7
883 683 6
899 699 5
917 717 6
922 722 6
924 624 6
924 624 6
946 746 5
957 757 7
967 767 6
987 787 6
996 796 7
999 799 6
1005 805 5
1092 792 7
1119 919 6
1128 928 7
1137 937 7
1165 965 6
1180 980 7
1284 984 5
1284 984 7
205 5 7
208 8 5
217 17 7
229 29 6
233 33 5
240 40 6
268 68 6
318 118 6
324 124 5
333 133 6
334 134 6
365 165 6
378 178 6
383 183 6
409 209 6
497 297 5
510 310 6
514 314 6
580 380 5
616 416 5
642 442 5
653 453 6
667 467 6
678 478 6
696 396 7
717 517 6
768 568 6
783 583 5
802 602 5
815 615 5
833 633 6
844 644 5
911 711 5
915 715 7
936 736 6
941 741 6
966 666 6
969 769 7
981 781 5
1008 708 5
1009 809 5
1062 762 6
1066 866 7
1068 868 5
1125 925 5
1150 950 7
1156 956 6
1174 974 6
1182 982 7
1248 948 7
203 3 5
216 16 6
220 20 7
241 41 6
276 76 5
297 97 6
337 137 5
358 158 6
377 177 6
378 178 6
396 196 6
421 221 6
435 235 7
438 138 6
442 242 7
468 268 7
492 292 6
497 297 6
507 307 7
569 369 7
588 288 7
604 404 6
606 406 6
634 434 5
648 448 6
658 458 6
660 360 5
675 475 7
684 484 6
733 533 6
792 492 7
883 683 6
913 713 7
931 731 7
970 770 7
1019 819 6
1035 835 6
1068 868 5
1086 886 6
1092 792 7
1098 898 5
1109 909 6
1137 937 6
1140 840 6
1150 950 6
1153 953 6
1164 964 7
1182 882 5
1194 894 6
1194 994 6
214 14 5
217 17 5
234 34 6
245 45 6
259 59 6
269 69 6
318 118 6
339 139 6
360 60 7
413 213 7
414 114 6
420 120 5
444 244 7
510 210 5
513 313 7
514 314 6
523 323 5
545 345 6
547 347 7
551 351 5
564 364 6
579 379 5
582 382 5
588 288 7
588 388 7
598 398 5
642 442 6
726 526 7
735 535 7
751 551 5
785 585 6
813 613 7
825 625 6
837 637 6
849 649 5
880 680 5
887 687 7
893 693 6
1003 803 6
1013 813 5
1019 819 5
1031 831 6
1056 856 5
1065 865 7
1099 899 7
1125 925 6
1169 969 6
1212 912 5
1254 954 7
1290 990 7
231 31 7
259 59 5
300 100 7
310 110 5
329 129 5
333 133 6
334 134 7
349 149 7
351 151 5
402 202 7
403 203 6
424 224 6
447 247 6
451 251 7
457 257 5
504 304 5
511 311 6
533 333 7
575 375 7
580 380 6
588 388 5
640 440 7
647 447 5
648 348 5
678 478 6
729 529 5
731 531 7
780 480 5
815 615 6
877 677 5
897 697 6
951 751 6
969 769 6
970 770 5
1002 702 6
1019 819 6
1045 845 6
1048 848 7
1050 850 5
1069 869 6
1074 874 5
1077 877 6
1078 878 6
1078 878 7
1099 899 6
1120 920 7
1159 959 5
1171 971 5
1230 930 5
1260 960 7
208 8 6
210 10 5
250 50 6
251 51 7
334 134 6
348 48 5
351 151 6
384 184 7
385 185 5
399 199 6
414 214 5
414 214 6
450 250 7
455 255 7
474 274 6
486 186 5
489 289 5
492 192 6
498 198 5
498 298 7
539 339 5
586 386 7
606 406 7
630 330 6
631 431 7
705 505 7
786 586 6
787 587 6
802 602 6
816 516 6
834 634 5
841 641 7
911 711 6
912 612 7
918 718 6
931 731 7
940 740 6
941 741 6
955 755 7
1002 802 7
1023 823 5
1056 756 7
1075 875 6
1095 895 7
1099 899 7
1126 926 7
1165 965 7
1170 970 5
1230 930 6
1278 978 5
303 103 6
311 111 7
359 159 7
369 169 7
370 170 7
372 172 7
377 177 6
385 185 5
402 202 6
412 212 6
426 226 6
435 235 6
456 256 5
462 262 5
474 274 5
492 192 6
498 298 6
498 298 7
504 304 6
504 304 7
507 307 7
561 361 6
576 376 7
610 410 6
611 411 5
615 415 5
649 449 7
666 366 7
673 473 5
727 527 7
745 545 6
751 551 7
811 611 6
821 621 6
846 646 7
850 650 5
853 653 6
942 742 7
947 747 5
963 763 6
1019 819 6
1023 823 6
1074 774 5
1081 881 5
1108 908 5
1152 852 5
1158 858 6
1167 967 7
1168 968 7
1248 948 6
217 17 7
233 33 6
299 99 7
306 6 6
309 109 5
312 112 6
354 154 5
426 126 6
447 247 6
462 262 6
468 168 6
501 301 5
508 308 5
511 311 5
525 325 6
540 340 5
561 361 5
579 379 5
582 282 5
594 294 6
600 300 6
615 415 5
643 443 6
663 463 5
667 467 6
705 505 5
705 505 6
708 508 7
747 547 5
757 557 5
759 559 6
759 559 7
786 586 7
831 631 6
856 656 6
869 669 5
881 681 6
888 588 5
960 760 6
964 764 7
999 799 7
1013 813 6
1051 851 6
1062 762 6
1067 867 6
1074 774 5
1086 786 6
1111 911 7
1145 945 6
1174 974 5
217 17 7
221 21 5
233 33 6
239 39 5
239 39 5
263 63 5
313 113 6
327 127 6
371 171 7
388 188 6
399 199 5
420 220 7
442 242 6
467 267 6
468 268 7
505 305 5
514 314 6
540 340 6
543 343 5
558 358 5
569 369 6
582 382 6
594 294 5
618 418 7
694 494 7
702 402 5
732 432 6
769 569 5
774 474 6
774 474 7
784 584 5
859 659 7
864 664 6
875 675 6
891 691 5
910 710 5
942 742 5
1009 809 6
1015 815 5
1036 836 5
1073 873 6
1074 774 5
1096 896 6
1108 908 5
1117 917 6
1127 927 6
1145 945 5
1153 953 5
1188 888 5
1195 995 6
