500 20 131582
25 74 226
25 86 238
25 99 226
25 70 188
25 113 198
25 116 153
25 128 167
25 139 194
25 84 206
25 129 205
25 128 187
25 59 242
25 109 181
25 121 187
25 95 235
25 50 189
25 101 184
25 67 210
25 125 160
25 82 224
229 29 12
287 87 11
346 146 9
354 54 10
402 102 9
499 299 10
534 334 12
641 441 11
660 460 10
677 477 12
687 487 10
762 562 12
775 575 12
780 480 11
840 540 13
904 704 12
979 779 12
985 785 13
990 790 13
1030 830 11
1038 838 9
1065 865 11
1079 879 11
1095 895 10
1122 922 10
211 11 11
223 23 12
391 191 10
468 268 10
684 384 10
690 490 9
691 491 11
756 556 11
815 615 9
815 615 12
817 617 9
840 640 12
852 652 12
883 683 10
895 695 10
906 706 10
954 754 13
970 770 12
971 771 10
1014 814 10
1079 879 11
1116 816 10
1146 846 12
1180 980 12
1254 954 12
219 19 11
240 40 11
390 190 9
399 199 12
414 114 11
418 218 12
438 238 10
498 298 10
631 431 10
642 342 12
661 461 12
665 465 10
693 493 10
783 583 12
786 486 11
813 613 10
850 650 10
858 558 12
894 594 12
910 710 12
960 660 13
1047 847 9
1057 857 10
1083 883 11
1114 914 12
300 100 13
327 127 11
358 158 12
384 84 10
391 191 9
396 96 12
438 138 12
449 249 9
610 410 13
652 452 10
696 396 11
708 508 10
813 613 13
817 617 9
825 625 10
882 582 11
937 737 12
946 746 11
1017 817 11
1038 838 12
1105 905 10
1188 988 11
1189 989 9
1218 918 11
1230 930 12
256 56 11
282 82 12
330 30 10
336 36 11
341 141 13
372 72 11
373 173 10
474 174 10
510 310 11
553 353 9
624 424 10
636 436 11
672 472 10
678 478 11
713 513 12
802 602 13
847 647 13
852 652 11
919 719 12
954 654 11
996 796 10
1074 774 11
1091 891 11
1156 956 11
1164 864 11
207 7 10
222 22 9
275 75 12
372 72 13
402 202 10
451 251 11
456 256 11
484 284 12
552 252 10
585 385 11
606 406 10
635 435 10
639 439 13
697 497 9
712 512 10
725 525 12
787 587 11
826 626 12
858 558 10
880 680 9
981 781 10
1077 877 11
1140 940 10
1141 941 9
1146 946 12
238 38 11
293 93 12
369 169 9
385 185 11
387 187 11
522 222 10
522 322 11
527 327 10
538 338 11
594 394 9
641 441 13
653 453 9
690 490 9
700 500 12
748 548 12
762 462 12
780 580 10
876 676 9
966 666 11
983 783 10
1005 805 9
1006 806 10
1008 708 12
1017 817 10
1278 978 10
277 77 11
321 121 9
462 162 10
517 317 12
526 326 12
546 346 12
612 312 10
617 417 10
641 441 9
643 443 13
676 476 12
677 477 10
689 489 10
693 493 11
755 555 13
798 498 13
841 641 12
865 665 12
886 686 11
924 724 13
933 733 13
1080 780 12
1096 896 9
1193 993 11
1272 972 11
243 43 10
366 166 9
399 199 9
484 284 10
538 338 12
563 363 12
570 370 11
633 433 10
634 434 12
637 437 9
657 457 12
700 500 10
732 532 11
768 468 11
827 627 11
924 724 11
972 772 9
1017 817 9
1032 832 9
1036 836 12
1090 890 13
1116 816 9
1117 917 11
1149 949 12
1188 888 13
234 34 11
245 45 11
267 67 11
291 91 10
313 113 12
325 125 11
399 199 12
415 215 11
421 221 12
427 227 9
432 232 13
463 263 9
525 325 11
558 258 11
595 395 13
762 562 11
793 593 12
852 652 12
955 755 13
959 759 10
972 672 11
1122 922 12
1125 925 10
1173 973 9
1173 973 12
244 44 10
306 6 12
390 90 13
503 303 12
600 300 12
640 440 9
642 442 13
678 378 13
720 420 11
724 524 12
857 657 9
861 661 13
880 680 11
888 588 13
946 746 13
1005 805 12
1012 812 11
1044 744 11
1073 873 10
1089 889 10
1095 895 12
1117 917 13
1133 933 12
1152 852 11
1170 870 12
279 79 9
294 94 11
305 105 11
336 36 10
348 48 10
351 151 10
370 170 12
399 199 11
405 205 12
444 144 12
471 271 10
631 431 11
637 437 12
756 556 9
761 561 9
773 573 9
856 656 10
871 671 10
999 799 10
1072 872 11
1081 881 12
1087 887 10
1119 919 11
1169 969 11
1242 942 12
204 4 11
294 94 10
299 99 12
330 130 12
337 137 11
348 48 12
402 202 11
412 212 10
527 327 10
540 340 12
576 276 10
610 410 12
724 524 11
737 537 11
755 555 11
763 563 13
775 575 12
795 595 13
835 635 12
888 588 12
906 706 12
947 747 11
1062 862 13
1144 944 11
1183 983 9
216 16 12
277 77 12
402 202 11
411 211 9
426 226 11
441 241 12
450 250 10
451 251 12
514 314 11
558 258 13
654 354 10
665 465 10
685 485 10
727 527 13
735 535 10
759 559 10
777 577 11
859 659 12
894 594 11
1013 813 10
1050 850 10
1054 854 13
1066 866 13
1074 874 11
1121 921 12
256 56 12
295 95 9
330 30 10
354 54 11
439 239 12
491 291 10
492 192 13
648 448 13
737 537 10
737 537 11
748 548 9
755 555 11
780 580 11
799 599 11
813 613 13
851 651 11
900 600 11
924 624 12
934 734 11
947 747 10
1050 750 11
1150 950 12
1161 961 10
1169 969 12
1278 978 12
250 50 9
299 99 10
419 219 10
448 248 12
473 273 9
485 285 11
522 322 11
546 246 10
611 411 10
623 423 11
642 342 10
653 453 9
696 496 13
763 563 12
787 587 12
853 653 12
924 724 10
984 684 11
1033 833 9
1041 841 12
1045 845 12
1050 750 12
1053 853 9
1116 916 9
1179 979 10
244 44 12
311 111 13
348 148 10
384 84 12
427 227 9
531 331 12
613 413 11
624 324 11
635 435 11
660 360 12
695 495 9
706 506 9
727 527 10
731 531 10
762 462 12
808 608 12
816 516 12
850 650 10
933 733 9
988 788 11
1029 829 11
1043 843 12
1093 893 13
1098 898 12
1180 980 13
215 15 10
251 51 10
306 6 9
315 115 12
324 124 11
462 262 12
471 271 12
537 337 11
538 338 10
545 345 12
558 358 13
571 371 13
690 490 12
703 503 11
708 508 11
750 450 12
757 557 10
811 611 9
823 623 12
825 625 11
837 637 11
847 647 11
879 679 10
1068 868 10
1157 957 12
233 33 12
241 41 13
276 76 10
291 91 11
316 116 12
395 195 12
412 212 10
427 227 9
462 162 12
497 297 12
570 270 9
610 410 12
613 413 11
732 432 12
747 547 10
929 729 10
942 642 10
948 748 11
966 766 10
1020 820 12
1053 853 12
1071 871 11
1116 916 12
1158 858 12
1168 968 11
219 19 10
247 47 10
324 124 13
444 244 11
471 271 11
483 283 11
486 186 11
654 354 13
658 458 11
708 508 9
723 523 9
748 548 11
787 587 12
838 638 12
839 639 10
846 646 12
883 683 11
952 752 12
981 781 12
1003 803 12
1026 726 10
1065 865 12
1079 879 9
1116 816 12
1230 930 9
