200 20 57467
10 74 163
10 105 150
10 149 150
10 82 159
10 95 161
10 58 222
10 92 237
10 105 161
10 56 234
10 73 226
10 73 186
10 91 178
10 82 165
10 149 165
10 106 238
10 129 157
10 67 203
10 107 176
10 55 164
10 54 166
249 49 25
263 63 24
553 353 31
555 355 25
724 524 27
763 563 28
857 657 27
1056 756 32
1152 852 32
1189 989 25
429 229 31
594 294 32
690 490 31
742 542 23
748 548 29
797 597 24
971 771 29
989 789 31
1087 887 30
1284 984 26
351 151 32
631 431 27
635 435 29
678 378 27
685 485 32
691 491 26
718 518 24
969 769 24
969 769 27
1134 834 31
342 42 28
600 300 26
634 434 26
660 360 24
853 653 32
942 742 31
988 788 25
1090 890 30
1093 893 30
1150 950 25
319 119 26
622 422 25
815 615 24
815 615 29
886 686 28
954 754 25
1008 708 30
1025 825 29
1062 862 26
1170 870 29
207 7 24
399 199 24
406 206 25
609 409 26
882 582 24
889 689 24
969 769 29
985 785 25
1003 803 25
1162 962 28
354 154 25
419 219 23
544 344 32
641 441 24
852 652 27
900 600 23
927 727 29
1218 918 27
1236 936 31
1266 966 29
372 172 30
429 229 26
636 436 23
727 527 31
780 580 29
802 602 26
852 552 29
958 758 28
996 796 25
1096 896 32
259 59 25
366 66 32
447 247 26
456 156 24
577 377 26
605 405 27
927 727 27
945 745 29
1117 917 30
1181 981 27
209 9 24
307 107 23
673 473 27
676 476 23
787 587 31
802 602 23
879 679 29
981 781 27
1039 839 23
1133 933 29
245 45 31
257 57 25
468 268 25
667 467 28
802 602 26
975 775 31
976 776 25
1133 933 28
1163 963 27
1187 987 28
245 45 27
246 46 30
328 128 31
405 205 30
474 274 28
580 380 30
790 590 31
928 728 23
1017 817 27
1191 991 32
483 283 26
522 222 23
522 222 31
526 326 28
546 346 27
648 448 30
828 528 28
1048 848 25
1055 855 31
1068 868 30
263 63 30
270 70 24
503 303 25
665 465 30
769 569 31
804 504 25
888 588 32
925 725 28
1062 862 28
1127 927 32
348 48 25
383 183 32
450 250 24
595 395 26
617 417 29
624 324 31
784 584 31
1097 897 31
1119 919 31
1146 846 32
201 1 23
491 291 23
535 335 23
535 335 31
876 676 31
935 735 24
985 785 28
1062 762 24
1074 774 24
1084 884 30
319 119 24
321 121 30
334 134 24
385 185 31
513 313 32
561 361 24
633 433 24
693 493 31
1001 801 26
1296 996 29
309 109 23
372 172 26
426 226 26
520 320 29
736 536 23
766 566 30
834 534 24
882 582 31
978 778 23
1278 978 31
239 39 25
646 446 26
744 444 24
791 591 25
841 641 24
870 570 28
882 582 27
1050 750 31
1134 834 27
1173 973 25
347 147 31
367 167 32
373 173 26
708 408 28
913 713 26
1020 820 26
1037 837 23
1156 956 28
1175 975 30
1260 960 28
