2000 100 5185094
20 104 210
20 62 228
20 89 228
20 63 222
20 84 153
20 115 184
20 106 226
20 96 205
20 113 180
20 139 216
20 60 247
20 118 201
20 112 242
20 56 209
20 82 194
20 127 214
20 135 200
20 129 160
20 55 182
20 114 202
20 144 152
20 121 229
20 100 202
20 78 183
20 98 222
20 54 171
20 51 231
20 73 169
20 103 243
20 71 233
20 128 183
20 97 231
20 108 160
20 92 226
20 56 175
20 118 220
20 132 248
20 119 199
20 150 207
20 119 210
20 135 192
20 110 182
20 93 205
20 50 155
20 87 238
20 92 178
20 91 220
20 69 247
20 91 156
20 79 206
20 86 188
20 82 207
20 81 158
20 109 196
20 52 176
20 101 183
20 78 167
20 64 231
20 72 224
20 80 202
20 114 173
20 144 249
20 118 203
20 87 168
20 59 171
20 50 177
20 63 239
20 126 227
20 107 174
20 72 155
20 62 219
20 115 250
20 57 203
20 86 242
20 139 224
20 102 222
20 58 191
20 59 156
20 114 152
20 92 242
20 87 203
20 52 216
20 51 163
20 113 165
20 64 199
20 139 180
20 51 227
20 132 201
20 102 160
20 70 189
20 128 172
20 56 230
20 149 164
20 88 158
20 71 250
20 55 237
20 112 169
20 136 154
20 108 153
20 110 223
270 70 15
671 471 12
837 637 15
1024 824 14
1110 810 14
2304 2004 13
2574 2374 16
3311 3111 13
5926 5726 16
6183 5983 16
7081 6881 12
7225 7025 13
7325 7125 13
7479 7279 13
7696 7496 15
8700 8400 13
8727 8527 12
8736 8436 15
9478 9278 12
9520 9320 16
1150 950 14
1864 1664 15
3335 3135 14
3539 3339 15
3757 3557 13
4158 3858 16
4447 4247 16
5430 5230 13
5508 5308 12
5895 5695 12
6936 6736 14
7072 6872 12
7465 7265 13
7755 7555 16
8100 7800 15
8311 8111 13
9786 9586 14
10012 9812 14
10116 9816 12
10158 9958 15
498 298 15
599 399 15
768 468 13
1218 918 16
1548 1248 16
1566 1266 12
1804 1604 15
2340 2040 15
2706 2406 14
3262 3062 14
3901 3701 13
3919 3719 15
4306 4106 13
4351 4151 14
5877 5677 15
5951 5751 13
6827 6627 12
7152 6852 14
8272 8072 15
9084 8884 15
435 235 13
657 457 12
1012 812 16
1278 1078 14
1434 1134 16
1870 1670 12
2329 2129 12
4711 4511 16
4879 4679 12
5098 4898 12
5783 5583 12
6333 6133 14
7269 7069 15
7397 7197 16
7805 7605 12
8225 8025 15
8746 8546 13
8907 8707 13
9946 9746 14
10077 9877 14
493 293 16
1117 917 16
1693 1493 13
1936 1736 13
3456 3256 15
3871 3671 14
4146 3846 13
5082 4782 13
5455 5255 16
6592 6392 16
7185 6985 13
7242 7042 14
7251 7051 16
7871 7671 16
8001 7801 16
8169 7969 13
8221 8021 14
8421 8221 12
8688 8388 16
10169 9969 16
1023 823 12
1074 774 15
1387 1187 14
1548 1248 14
2077 1877 14
3109 2909 14
3959 3759 13
4338 4138 12
4576 4376 16
4971 4771 14
5257 5057 16
5913 5713 16
6423 6223 12
6735 6535 13
7503 7303 13
7815 7615 14
8094 7794 14
8662 8462 13
9678 9478 13
10151 9951 13
336 136 13
532 332 13
690 490 12
825 625 16
1969 1769 14
2219 2019 16
2275 2075 12
3310 3110 12
3330 3030 13
3599 3399 16
4227 4027 15
5722 5522 12
5814 5514 15
6582 6282 12
7086 6886 16
8243 8043 15
9036 8736 14
9657 9457 13
9706 9506 13
10055 9855 16
223 23 14
1090 890 15
1851 1651 15
2669 2469 14
3353 3153 14
3719 3519 16
3749 3549 12
4122 3822 12
4960 4760 12
5285 5085 13
5956 5756 16
6618 6418 15
6714 6414 12
6841 6641 15
8694 8494 13
8992 8792 14
9387 9187 12
9768 9468 13
9886 9686 16
9898 9698 13
1165 965 13
1365 1165 13
1805 1605 15
2200 2000 15
2793 2593 15
3077 2877 12
3198 2898 14
3469 3269 16
3618 3318 14
4176 3976 12
4468 4268 14
5041 4841 12
6801 6601 12
6952 6752 16
7090 6890 16
7609 7409 13
8700 8500 14
8891 8691 12
9005 8805 15
9666 9366 15
2393 2193 15
2651 2451 13
3064 2864 12
3417 3217 12
3967 3767 14
4061 3861 12
5080 4880 12
5337 5137 16
5761 5561 16
5805 5605 15
6071 5871 13
7193 6993 15
7297 7097 15
7680 7480 13
7704 7404 16
8225 8025 16
8477 8277 13
9435 9235 12
9719 9519 16
10131 9931 16
552 252 16
1213 1013 15
1249 1049 14
1485 1285 16
1758 1458 13
1776 1476 12
1861 1661 15
2755 2555 12
3546 3346 15
3724 3524 14
4186 3986 13
4404 4204 13
6768 6468 16
7491 7291 15
8008 7808 16
8998 8798 14
9705 9505 14
9847 9647 16
9867 9667 15
10141 9941 13
1067 867 14
1488 1288 13
2068 1868 15
2655 2455 12
2929 2729 13
3669 3469 12
3898 3698 12
4297 4097 14
5219 5019 16
5622 5322 12
5824 5624 16
6055 5855 14
6148 5948 16
7213 7013 15
7416 7216 16
8031 7831 14
8550 8250 16
9286 9086 15
9642 9342 16
9952 9752 14
465 265 12
1024 824 16
2181 1981 13
2422 2222 16
2615 2415 14
2628 2428 16
3960 3760 14
4329 4129 15
4649 4449 13
5514 5314 12
5819 5619 15
6384 6084 13
8323 8123 13
8453 8253 14
8549 8349 15
9057 8857 16
9197 8997 12
9577 9377 14
10113 9913 15
10212 9912 14
843 643 12
1786 1586 12
2339 2139 13
2635 2435 16
2659 2459 13
4269 4069 14
4374 4174 13
4512 4212 13
4668 4368 13
5410 5210 13
6373 6173 13
6648 6348 13
7137 6937 14
7330 7130 13
8316 8116 13
9005 8805 13
9045 8845 13
9059 8859 16
9222 9022 15
9736 9536 13
720 520 13
1071 871 16
1583 1383 13
1701 1501 12
1917 1717 16
2554 2354 15
2767 2567 13
3067 2867 13
3378 3078 15
3384 3184 12
6612 6412 14
7260 7060 12
8365 8165 16
8850 8550 14
8917 8717 12
9165 8965 16
9922 9722 12
9990 9690 13
10134 9834 13
10167 9967 15
1885 1685 13
1925 1725 14
3580 3380 15
3904 3704 13
5109 4909 13
5787 5587 12
6192 5992 13
6855 6655 16
7338 7038 12
7627 7427 13
8073 7873 16
8208 7908 13
8327 8127 16
8887 8687 13
8971 8771 15
9029 8829 12
9270 8970 15
9672 9372 13
10055 9855 15
10163 9963 13
431 231 13
2184 1884 15
2370 2070 13
2461 2261 14
2860 2660 14
3131 2931 16
3184 2984 14
3603 3403 13
3916 3716 16
4063 3863 13
4230 3930 15
4678 4478 13
5172 4972 12
5572 5372 15
6099 5899 13
6783 6583 14
7012 6812 13
8142 7942 14
9124 8924 12
9730 9530 14
457 257 15
903 703 14
987 787 12
1125 925 12
2251 2051 15
2604 2304 13
2719 2519 16
3789 3589 16
4086 3786 13
4771 4571 15
5405 5205 12
5711 5511 15
5796 5596 15
6420 6220 14
6953 6753 15
7134 6934 16
8502 8302 14
8757 8557 15
8766 8566 14
10116 9816 13
658 458 15
677 477 14
2169 1969 15
2541 2341 16
3021 2821 16
3624 3424 16
4116 3916 16
4347 4147 13
4399 4199 15
5550 5250 13
5562 5362 16
5887 5687 13
6021 5821 13
6046 5846 12
7296 7096 16
7782 7482 15
8973 8773 16
9252 8952 12
9360 9160 12
9654 9454 13
220 20 13
345 145 15
939 739 16
1529 1329 12
1947 1747 14
2544 2344 16
2698 2498 16
2941 2741 15
3162 2862 12
3321 3121 14
3966 3666 16
5893 5693 14
6510 6310 13
6772 6572 12
7295 7095 12
7741 7541 15
7974 7674 16
8608 8408 14
8614 8414 15
9310 9110 15
201 1 16
415 215 12
439 239 16
1434 1234 12
1552 1352 14
1611 1411 15
2670 2470 15
2724 2424 14
3148 2948 16
3675 3475 13
3808 3608 12
4453 4253 15
5095 4895 16
5303 5103 16
5959 5759 16
6886 6686 12
7714 7514 15
7725 7525 16
8094 7794 16
9432 9232 13
661 461 12
1320 1020 16
1482 1182 15
3441 3241 12
4259 4059 14
4577 4377 14
4583 4383 15
5070 4870 12
6003 5803 14
7297 7097 16
7602 7402 15
7791 7591 13
8377 8177 16
8827 8627 12
8856 8656 14
9648 9348 12
9983 9783 13
10038 9838 12
10102 9902 13
10150 9950 12
1180 980 16
1896 1596 15
3858 3658 13
3996 3796 12
4018 3818 12
4275 4075 12
4300 4100 15
4380 4080 16
4613 4413 16
4774 4574 14
5200 5000 15
6490 6290 15
6989 6789 12
8340 8040 15
8441 8241 13
8562 8362 16
9186 8986 14
9456 9256 15
10141 9941 12
10260 9960 16
1183 983 12
1869 1669 15
1992 1792 15
2549 2349 13
2853 2653 12
2853 2653 13
3735 3535 16
4020 3820 13
4596 4296 16
4797 4597 14
4888 4688 16
6010 5810 12
6367 6167 13
7078 6878 12
7434 7234 12
7608 7408 15
7993 7793 12
8056 7856 13
8063 7863 16
9047 8847 14
447 247 16
901 701 15
1179 979 16
1446 1246 13
1944 1644 13
2112 1912 14
2142 1942 15
2178 1878 16
2610 2310 12
3712 3512 15
4006 3806 16
4381 4181 14
4759 4559 13
5437 5237 12
5538 5238 14
7445 7245 13
7769 7569 12
8657 8457 14
9708 9508 13
10188 9888 14
207 7 12
234 34 16
1097 897 14
1175 975 12
1354 1154 14
1509 1309 14
2862 2662 16
3042 2842 16
3888 3688 12
4371 4171 15
4518 4318 12
4725 4525 13
4877 4677 14
5934 5734 16
5937 5737 16
6250 6050 14
7380 7080 13
8176 7976 13
8538 8338 15
9447 9247 12
330 130 13
1119 919 15
2615 2415 13
2639 2439 13
2962 2762 14
4121 3921 13
4458 4158 13
5717 5517 15
6048 5848 14
6054 5754 14
6966 6766 15
7123 6923 16
7314 7014 14
8038 7838 14
8807 8607 14
9300 9100 12
9359 9159 16
9369 9169 15
9846 9546 13
10158 9858 12
311 111 16
807 607 14
1366 1166 14
3103 2903 16
3199 2999 15
3531 3331 16
3859 3659 12
4101 3901 15
4584 4284 12
4900 4700 12
5376 5176 13
6156 5956 14
6819 6619 13
6859 6659 15
8386 8186 16
8607 8407 14
8658 8358 16
8790 8590 16
9174 8974 14
9582 9282 15
207 7 14
869 669 14
1129 929 13
1582 1382 14
3643 3443 14
3990 3690 13
4141 3941 14
4524 4224 13
4633 4433 12
5356 5156 15
5357 5157 14
5730 5530 15
6414 6114 14
7315 7115 13
8596 8396 12
8934 8734 14
9243 9043 12
9329 9129 16
9528 9228 16
9582 9282 15
288 88 15
389 189 14
1029 829 14
1798 1598 13
2329 2129 13
4704 4504 14
5254 5054 13
5369 5169 15
5383 5183 16
5757 5557 16
5987 5787 16
6221 6021 14
6251 6051 13
6277 6077 14
6840 6540 16
6982 6782 13
8176 7976 15
8589 8389 15
9474 9174 14
9815 9615 14
675 475 12
2083 1883 15
2331 2131 13
2709 2509 16
3030 2730 13
3394 3194 15
3691 3491 15
3930 3730 15
4439 4239 15
4668 4368 15
4801 4601 16
5016 4716 14
5815 5615 14
5985 5785 14
6724 6524 13
7321 7121 15
7569 7369 13
9144 8844 16
9294 9094 13
10140 9840 14
747 547 12
1198 998 13
1444 1244 12
1949 1749 15
2133 1933 16
3430 3230 14
4293 4093 13
4369 4169 13
4476 4276 13
4483 4283 14
5814 5514 14
5844 5644 15
6132 5832 16
6453 6253 14
6501 6301 12
6516 6216 15
6801 6601 12
6882 6582 13
7317 7117 12
8968 8768 15
526 326 16
640 440 13
799 599 12
1110 810 15
1707 1507 14
2464 2264 12
3162 2962 16
3378 3178 14
3444 3244 15
3487 3287 13
3676 3476 12
4816 4616 12
5141 4941 12
5412 5112 13
6324 6024 14
7584 7384 14
7894 7694 16
9119 8919 15
9545 9345 14
9672 9472 13
912 612 14
1211 1011 13
1993 1793 14
2083 1883 12
3084 2884 14
3205 3005 14
3582 3282 15
4938 4638 16
5181 4981 13
5241 5041 15
5407 5207 13
6774 6474 12
6868 6668 16
7701 7501 14
8475 8275 15
8625 8425 15
9598 9398 13
9979 9779 15
10080 9880 16
10182 9882 16
406 206 15
1171 971 15
1848 1648 16
2617 2417 16
3379 3179 14
3617 3417 12
4204 4004 13
4474 4274 16
4627 4427 13
5106 4806 14
5622 5422 12
5760 5560 12
5865 5665 12
6552 6252 13
6600 6400 12
6888 6588 12
6973 6773 16
8359 8159 14
9694 9494 13
9967 9767 16
737 537 14
996 696 14
1107 907 16
1132 932 15
1459 1259 16
3613 3413 14
3831 3631 16
4137 3937 14
4249 4049 15
5643 5443 16
5656 5456 14
5976 5676 16
6576 6376 15
6763 6563 14
6910 6710 16
7649 7449 16
7794 7494 14
8442 8242 13
9199 8999 15
9498 9298 13
431 231 15
508 308 13
593 393 15
2329 2129 16
2436 2236 15
2974 2774 15
3291 3091 13
4267 4067 14
4797 4597 14
5451 5251 13
5887 5687 16
5952 5752 13
6066 5766 14
6684 6484 15
6773 6573 15
7062 6762 15
8201 8001 16
8268 8068 16
8580 8380 14
9607 9407 12
551 351 12
664 464 12
2271 2071 14
2788 2588 15
2805 2605 15
2814 2614 12
3117 2917 14
3229 3029 12
3850 3650 15
4866 4666 16
5548 5348 13
6166 5966 15
7908 7708 12
8055 7855 16
8272 8072 14
8686 8486 16
9150 8850 16
9526 9326 16
9754 9554 13
10110 9910 14
667 467 15
1338 1138 13
2593 2393 13
3730 3530 12
3787 3587 14
4140 3940 12
4189 3989 13
4416 4216 13
5221 5021 16
6135 5935 15
7536 7336 12
7578 7378 16
7762 7562 16
7956 7756 15
8596 8396 12
9397 9197 16
9816 9516 13
10050 9750 13
10111 9911 16
10161 9961 16
240 40 13
769 569 12
1380 1180 15
1787 1587 14
2028 1828 16
2079 1879 14
2237 2037 14
2250 1950 16
2926 2726 13
4296 4096 16
4519 4319 12
5070 4870 13
5153 4953 13
5231 5031 14
5333 5133 16
5346 5046 15
5891 5691 16
7468 7268 15
7668 7368 12
8689 8489 14
1743 1543 12
2333 2133 16
2562 2262 14
2831 2631 16
2880 2680 16
3709 3509 14
5907 5707 16
5952 5652 15
6240 6040 13
6630 6430 12
7031 6831 14
7182 6882 15
8901 8701 12
9082 8882 15
9208 9008 16
9660 9360 16
9865 9665 14
10083 9883 14
10140 9940 14
10266 9966 13
793 593 13
1150 950 15
1524 1324 15
2136 1936 14
2230 2030 16
2232 1932 16
4000 3800 13
6527 6327 14
6617 6417 15
7410 7210 12
7501 7301 16
7579 7379 16
8010 7710 16
8010 7810 16
8340 8140 16
8755 8555 16
9060 8860 12
9475 9275 15
9652 9452 12
9841 9641 15
298 98 15
304 104 15
957 757 16
1194 894 16
1384 1184 14
1477 1277 14
2121 1921 14
2842 2642 16
4774 4574 12
4953 4753 14
5105 4905 14
7812 7512 15
8137 7937 16
8446 8246 13
8530 8330 14
8620 8420 15
8916 8716 14
9118 8918 15
9265 9065 13
9571 9371 16
361 161 13
640 440 13
1080 780 16
1561 1361 15
2194 1994 16
2999 2799 13
4063 3863 13
4348 4148 12
4786 4586 16
4888 4688 13
4962 4762 15
5675 5475 13
6529 6329 12
7018 6818 13
8135 7935 14
8521 8321 14
8567 8367 16
9539 9339 12
9582 9282 12
9997 9797 15
357 157 12
1848 1548 13
2393 2193 16
2700 2400 14
2869 2669 15
3299 3099 16
4041 3841 15
4098 3898 15
4432 4232 12
4798 4598 13
5200 5000 13
5682 5382 14
7156 6956 12
7955 7755 13
7972 7772 13
8292 8092 12
8547 8347 13
8559 8359 16
8873 8673 12
10122 9822 13
522 322 12
771 571 16
1110 810 16
2272 2072 13
2401 2201 13
3358 3158 15
3453 3253 13
3726 3426 15
4153 3953 16
6328 6128 13
6514 6314 15
6653 6453 13
6736 6536 14
7044 6744 16
7133 6933 13
7151 6951 13
7201 7001 15
7236 6936 16
8305 8105 16
10101 9901 16
594 394 16
1125 925 12
1608 1408 13
2146 1946 12
3564 3264 14
3652 3452 15
4527 4327 15
4575 4375 13
4697 4497 14
4811 4611 12
5851 5651 16
6414 6214 12
6772 6572 16
6798 6598 16
7926 7626 13
8647 8447 12
9091 8891 15
9295 9095 12
9708 9508 16
10116 9816 14
541 341 12
1527 1327 16
3701 3501 15
3833 3633 12
3903 3703 14
4389 4189 15
4528 4328 14
4539 4339 15
4653 4453 12
4843 4643 15
4945 4745 13
6023 5823 12
6132 5832 15
7030 6830 16
7750 7550 14
7881 7681 16
8358 8058 12
9240 8940 13
9366 9166 16
9977 9777 12
1431 1231 16
1758 1558 13
3951 3751 12
4056 3756 12
5376 5176 16
5887 5687 16
6088 5888 13
6325 6125 15
6675 6475 16
7161 6961 13
7273 7073 12
8049 7849 12
8268 8068 14
8357 8157 13
8515 8315 16
8891 8691 14
9791 9591 15
9802 9602 12
10072 9872 14
10128 9828 12
1049 849 13
1398 1198 15
1987 1787 15
2321 2121 13
3917 3717 12
4012 3812 16
4239 4039 13
4421 4221 13
4531 4331 16
6472 6272 14
7044 6844 14
7146 6846 15
7366 7166 16
7867 7667 15
8017 7817 12
8689 8489 12
9174 8974 13
9671 9471 13
10045 9845 16
10236 9936 16
495 295 15
1432 1232 16
1783 1583 16
2130 1830 13
2728 2528 13
3300 3100 14
3387 3187 14
3576 3376 15
4950 4750 12
4998 4798 12
5773 5573 15
6436 6236 13
6504 6204 16
7914 7714 16
7938 7638 15
8208 8008 14
8332 8132 12
8386 8186 16
8418 8118 13
10075 9875 12
1030 830 12
1061 861 13
1193 993 14
1830 1530 16
1897 1697 13
2148 1948 14
2722 2522 13
3159 2959 12
3277 3077 15
3388 3188 15
5493 5293 13
5670 5370 13
6234 6034 15
6697 6497 12
7572 7372 15
7950 7650 12
8326 8126 12
8749 8549 12
9337 9137 15
9970 9770 13
1261 1061 16
2957 2757 15
3779 3579 16
5625 5425 14
5746 5546 16
6069 5869 13
6450 6250 16
6865 6665 16
7300 7100 14
7351 7151 14
7745 7545 16
7763 7563 12
7899 7699 13
8350 8150 14
8553 8353 15
8620 8420 14
9115 8915 13
9798 9498 16
9851 9651 16
10111 9911 13
342 42 15
509 309 14
773 573 16
1008 808 15
1219 1019 16
1578 1378 16
2812 2612 12
3088 2888 12
4007 3807 16
4451 4251 12
5082 4882 16
5904 5704 14
6001 5801 16
6528 6228 15
6820 6620 16
7056 6856 12
7318 7118 13
7606 7406 15
7857 7657 12
10024 9824 15
408 108 12
972 772 13
1135 935 16
1200 900 16
1613 1413 15
2976 2776 16
4228 4028 15
4992 4692 12
5789 5589 13
5850 5650 13
5902 5702 13
6120 5920 15
6389 6189 14
7428 7128 16
7471 7271 15
7504 7304 13
7606 7406 14
8728 8528 14
9256 9056 12
9436 9236 13
995 795 13
1084 884 16
1899 1699 12
2076 1876 13
2202 2002 15
3336 3136 15
3529 3329 13
4731 4531 13
5323 5123 14
5403 5203 12
5590 5390 14
6947 6747 14
7032 6732 15
8669 8469 15
9264 9064 16
9371 9171 16
9474 9174 13
9675 9475 13
9768 9468 12
10180 9980 13
384 184 12
574 374 16
949 749 16
2962 2762 12
3168 2968 16
3459 3259 12
3763 3563 14
5001 4801 13
5761 5561 14
5767 5567 13
5802 5502 12
5976 5776 13
6250 6050 12
6293 6093 14
6339 6139 13
6688 6488 13
6826 6626 12
7650 7450 14
8848 8648 14
10013 9813 13
372 172 12
411 211 14
984 684 14
1000 800 12
1979 1779 12
2195 1995 14
2623 2423 13
2926 2726 13
3209 3009 14
3341 3141 12
3988 3788 14
4404 4204 12
4458 4158 15
5550 5350 14
5904 5604 14
6120 5920 16
6252 6052 13
6898 6698 16
7270 7070 14
7440 7140 12
709 509 15
839 639 16
1134 934 15
1381 1181 13
2017 1817 16
3589 3389 16
4529 4329 15
4569 4369 13
4643 4443 15
4657 4457 13
4704 4404 16
4877 4677 16
5017 4817 15
6043 5843 12
6559 6359 12
7626 7426 16
8351 8151 14
9088 8888 14
9197 8997 14
9977 9777 13
456 156 12
1030 830 13
1176 976 16
1739 1539 15
1933 1733 16
2235 2035 13
2340 2140 15
3042 2842 12
3599 3399 16
3618 3318 14
3769 3569 12
4665 4465 15
4722 4522 12
5230 5030 13
5261 5061 16
6249 6049 14
6883 6683 14
7300 7100 13
8986 8786 14
9438 9238 12
1210 1010 15
1479 1279 14
1890 1690 14
3127 2927 15
3275 3075 16
3400 3200 16
3783 3583 15
4578 4278 14
4995 4795 13
5297 5097 13
5904 5704 16
6335 6135 12
6625 6425 12
6730 6530 12
7018 6818 14
8047 7847 16
9552 9352 14
9643 9443 15
9750 9550 16
9767 9567 16
893 693 15
1163 963 12
1909 1709 12
2022 1822 16
3774 3574 16
3798 3598 13
4246 4046 15
4810 4610 12
5349 5149 13
5681 5481 12
5760 5560 14
6437 6237 12
7902 7602 13
8400 8200 16
8615 8415 15
8784 8484 13
9132 8932 13
9359 9159 12
9456 9256 13
10031 9831 16
274 74 15
366 166 13
465 265 16
516 316 12
1410 1210 16
3241 3041 15
3642 3442 12
4189 3989 13
4407 4207 16
4938 4638 15
5164 4964 16
5688 5388 14
7240 7040 13
7384 7184 16
7398 7098 16
9114 8814 16
9120 8920 15
9685 9485 12
9846 9646 14
10141 9941 16
1342 1142 15
1369 1169 15
1553 1353 12
1918 1718 13
2573 2373 16
2868 2668 14
3217 3017 15
3547 3347 14
3687 3487 15
3816 3516 13
4157 3957 13
4487 4287 15
5477 5277 14
6263 6063 15
7182 6982 12
7824 7624 12
7827 7627 15
8121 7921 13
9030 8730 14
10128 9928 12
312 12 16
586 386 12
1313 1113 14
1323 1123 12
1564 1364 13
2580 2280 14
3534 3334 16
4698 4398 14
5059 4859 14
5158 4958 16
5961 5761 14
6250 6050 12
6733 6533 16
7996 7796 13
8405 8205 12
8592 8392 16
8788 8588 14
9234 8934 16
9527 9327 14
9694 9494 16
364 164 12
1333 1133 14
1375 1175 14
1595 1395 16
1794 1594 14
2357 2157 12
2776 2576 13
3778 3578 15
3904 3704 14
4421 4221 13
6144 5844 13
6306 6006 14
6489 6289 12
7207 7007 13
7500 7300 16
7719 7519 16
7834 7634 14
8183 7983 15
9509 9309 13
9811 9611 16
810 510 12
1081 881 16
1173 973 14
1374 1174 16
1432 1232 13
1705 1505 14
2316 2116 12
3039 2839 12
3048 2848 12
3472 3272 13
4355 4155 16
4440 4240 16
6012 5812 15
6510 6210 13
7002 6702 12
8496 8296 13
8748 8548 15
8874 8574 15
9372 9172 15
9985 9785 16
330 130 14
366 166 13
445 245 15
853 653 13
903 703 16
1270 1070 16
1408 1208 15
2062 1862 12
2992 2792 12
3329 3129 12
3486 3286 16
3553 3353 15
3661 3461 12
4104 3904 13
6642 6442 16
7275 7075 13
7786 7586 14
8167 7967 12
8475 8275 16
9370 9170 16
747 547 15
1027 827 15
1068 768 16
1620 1320 12
3239 3039 16
3798 3498 14
4385 4185 12
4783 4583 15
4884 4684 15
5517 5317 13
5903 5703 14
6081 5881 13
6599 6399 16
7031 6831 14
7795 7595 13
8289 8089 15
8316 8116 12
8765 8565 14
8844 8544 15
8973 8773 16
354 54 13
629 429 15
832 632 15
841 641 16
1020 820 14
1332 1032 12
2475 2275 16
3622 3422 12
4038 3838 14
4419 4219 14
4663 4463 16
5722 5522 13
6505 6305 15
6528 6228 16
6850 6650 15
8640 8340 16
9083 8883 14
9209 9009 15
9677 9477 14
9970 9770 16
270 70 12
833 633 15
930 730 15
1627 1427 16
3387 3187 13
3489 3289 16
3985 3785 13
4099 3899 15
4529 4329 12
4876 4676 12
5091 4891 12
5989 5789 12
6610 6410 13
8016 7716 12
8178 7978 16
8853 8653 14
9370 9170 13
9414 9214 16
10080 9780 15
10145 9945 13
208 8 14
493 293 13
532 332 15
629 429 16
918 618 16
1075 875 16
3163 2963 16
3214 3014 13
3587 3387 16
3747 3547 15
4041 3841 13
4722 4522 16
6274 6074 16
8238 8038 14
8506 8306 14
9011 8811 16
9178 8978 12
9280 9080 14
9839 9639 16
9929 9729 13
407 207 13
1057 857 16
1513 1313 14
1948 1748 14
1948 1748 15
2769 2569 12
2885 2685 13
3172 2972 12
3648 3448 15
4344 4044 12
4419 4219 14
4908 4708 16
5386 5186 14
6407 6207 14
6442 6242 13
7416 7216 15
7553 7353 15
7702 7502 12
8403 8203 16
9660 9460 15
402 202 13
473 273 16
1837 1637 13
2496 2196 13
3293 3093 15
3390 3090 13
3557 3357 15
4221 4021 14
4458 4158 13
5542 5342 14
6858 6558 14
7207 7007 12
7290 6990 13
7425 7225 13
7762 7562 13
8165 7965 14
8397 8197 14
8757 8557 16
8934 8634 15
9381 9181 14
1594 1394 13
1861 1661 16
2571 2371 13
2658 2358 16
3024 2724 12
3796 3596 15
4698 4498 14
5058 4858 15
5526 5326 15
6177 5977 14
7159 6959 13
7470 7170 15
7493 7293 15
8423 8223 14
8441 8241 16
8757 8557 16
8763 8563 12
8986 8786 12
9886 9686 12
10102 9902 12
340 140 12
1510 1310 12
1522 1322 13
1626 1326 14
2537 2337 12
3720 3520 12
3736 3536 13
4008 3708 12
4956 4756 12
5149 4949 15
5169 4969 12
5237 5037 15
5305 5105 13
5887 5687 13
6893 6693 16
7025 6825 16
7200 6900 14
7385 7185 15
9131 8931 12
9474 9174 12
937 737 16
1943 1743 12
2460 2160 13
2982 2782 15
3354 3154 15
3558 3258 13
4212 3912 15
4326 4126 12
4429 4229 14
4602 4302 15
5627 5427 12
6006 5706 15
6670 6470 13
7032 6832 13
7530 7330 13
7536 7236 12
7983 7783 16
9317 9117 16
9742 9542 16
10179 9979 13
473 273 16
875 675 14
2442 2242 13
2793 2593 12
2898 2698 15
3149 2949 16
3437 3237 16
3809 3609 15
3892 3692 15
4204 4004 15
4612 4412 12
5143 4943 13
5250 5050 15
5651 5451 15
6709 6509 13
6966 6666 16
7371 7171 15
8209 8009 13
8688 8488 16
10017 9817 15
1511 1311 12
1707 1507 12
2871 2671 13
3163 2963 16
3220 3020 12
3252 3052 15
3718 3518 16
4325 4125 15
4656 4456 13
5179 4979 15
5376 5176 16
5483 5283 13
5812 5612 16
6251 6051 14
6288 5988 13
6523 6323 16
7389 7189 12
7483 7283 13
8628 8428 14
8812 8612 13
1584 1284 16
1942 1742 13
2273 2073 13
2674 2474 16
2698 2498 16
2874 2574 12
3303 3103 16
3725 3525 12
4498 4298 12
4597 4397 16
4686 4386 16
5082 4882 16
5697 5497 14
6660 6460 12
7173 6973 15
7307 7107 12
8361 8161 13
8400 8200 12
9325 9125 16
9817 9617 13
729 529 14
1242 942 16
1576 1376 12
1751 1551 12
2032 1832 13
2136 1936 16
2688 2388 16
3030 2830 13
3175 2975 14
3477 3277 12
3859 3659 14
3912 3612 14
5004 4804 13
5365 5165 12
5429 5229 16
6102 5802 16
7627 7427 15
7653 7453 12
7758 7558 12
8179 7979 15
292 92 14
474 174 14
983 783 12
1066 866 13
1218 918 16
1321 1121 15
2020 1820 16
2748 2448 12
3856 3656 16
4080 3880 14
4101 3901 15
5314 5114 12
5419 5219 14
5745 5545 12
5802 5502 13
5921 5721 13
6016 5816 13
7541 7341 15
9208 9008 16
9900 9700 15
636 436 12
777 577 13
1056 856 12
1269 1069 13
1578 1278 13
3042 2742 13
3337 3137 16
4024 3824 14
4948 4748 12
5389 5189 15
5508 5308 15
6532 6332 13
7044 6744 16
7139 6939 16
8277 8077 15
8680 8480 13
9185 8985 16
9238 9038 16
9702 9402 15
9816 9516 12
1026 726 16
1384 1184 15
2021 1821 12
2842 2642 14
3912 3612 16
4008 3708 13
4182 3982 15
4848 4648 13
5100 4800 12
5416 5216 15
6234 5934 15
6475 6275 15
6495 6295 13
6767 6567 14
7048 6848 13
8073 7873 16
8371 8171 16
8537 8337 16
9413 9213 15
9840 9640 13
523 323 14
670 470 16
679 479 12
1456 1256 12
3538 3338 16
3744 3544 13
4204 4004 15
4721 4521 14
4801 4601 15
4872 4572 14
5362 5162 14
6780 6580 13
7156 6956 12
7606 7406 14
7974 7674 14
8164 7964 15
8680 8480 14
8790 8590 13
9035 8835 13
10084 9884 16
1029 829 14
1204 1004 16
1317 1117 13
1369 1169 12
1829 1629 13
3195 2995 12
3936 3636 15
3955 3755 13
4187 3987 16
4374 4174 15
4447 4247 14
4878 4578 14
5815 5615 12
6496 6296 13
7873 7673 15
8638 8438 15
8659 8459 14
8680 8480 13
9318 9118 15
9744 9444 12
439 239 13
948 648 12
966 766 14
1212 912 13
1543 1343 13
1681 1481 13
4423 4223 14
4773 4573 16
6114 5914 15
6642 6342 14
7173 6973 16
7665 7465 15
8175 7975 13
8772 8472 15
8950 8750 13
9124 8924 16
9348 9048 15
9679 9479 14
9831 9631 16
9905 9705 16
623 423 13
709 509 12
1115 915 16
1483 1283 14
2879 2679 16
3144 2944 14
3270 2970 14
3407 3207 15
3583 3383 12
3821 3621 13
4518 4318 13
5263 5063 15
6009 5809 12
6246 5946 12
6263 6063 15
7933 7733 15
8016 7816 13
8262 7962 12
9163 8963 14
9371 9171 15
1164 864 14
1284 1084 14
1435 1235 15
2538 2238 14
2650 2450 13
3351 3151 13
3648 3448 12
3873 3673 14
4005 3805 13
5250 5050 13
5703 5503 13
5929 5729 13
5940 5640 13
5953 5753 14
6241 6041 15
6413 6213 12
7381 7181 13
7414 7214 14
9527 9327 13
10086 9886 14
474 174 14
947 747 16
1191 991 16
1553 1353 15
2169 1969 16
2808 2608 13
2934 2634 13
3093 2893 16
3245 3045 14
4387 4187 16
5615 5415 15
5734 5534 15
5943 5743 15
6718 6518 12
6915 6715 16
7390 7190 12
8603 8403 12
8938 8738 13
9768 9568 15
9996 9796 13
335 135 13
481 281 16
2805 2605 14
3756 3456 12
3840 3640 12
4051 3851 14
4584 4284 15
4882 4682 14
5200 5000 12
5307 5107 16
7410 7210 12
7685 7485 12
7841 7641 14
7908 7708 15
8314 8114 15
8443 8243 16
9103 8903 15
9490 9290 12
9563 9363 16
10044 9744 13
246 46 13
1041 841 13
2151 1951 15
2224 2024 14
2269 2069 16
2281 2081 12
2376 2176 14
2531 2331 14
2620 2420 12
4495 4295 14
4710 4510 14
4875 4675 12
4981 4781 13
5170 4970 12
5184 4984 14
5247 5047 14
5799 5599 12
6883 6683 13
9269 9069 12
9353 9153 12
851 651 13
3246 3046 13
3414 3214 16
3817 3617 12
3869 3669 13
3922 3722 13
4277 4077 15
4308 4008 12
5454 5254 14
5482 5282 14
5568 5268 13
5585 5385 14
5586 5286 13
5814 5614 15
6736 6536 16
8465 8265 15
8688 8388 16
9136 8936 13
9142 8942 12
9867 9667 15
567 367 12
712 512 12
841 641 15
978 678 15
1149 949 16
1161 961 15
1963 1763 14
2346 2146 14
2796 2596 16
3213 3013 14
3246 3046 12
4318 4118 13
4769 4569 12
5248 5048 16
5988 5688 15
6292 6092 12
7750 7550 12
8739 8539 14
8832 8532 13
10197 9997 16
247 47 16
664 464 16
961 761 16
1674 1374 15
1890 1590 12
2985 2785 16
3073 2873 14
5022 4822 16
6000 5800 16
6035 5835 12
6666 6466 16
7001 6801 12
7330 7130 15
8112 7912 12
9069 8869 13
9516 9216 13
10071 9871 15
10153 9953 16
10192 9992 14
10296 9996 15
588 288 15
610 410 16
1673 1473 16
1889 1689 14
2813 2613 14
2877 2677 12
2970 2770 13
3195 2995 13
4020 3820 12
4691 4491 13
5446 5246 15
6281 6081 14
6306 6106 15
6913 6713 15
7206 6906 14
7219 7019 14
7677 7477 12
9772 9572 16
9991 9791 14
10068 9768 16
822 522 15
843 643 15
1200 1000 14
1728 1528 14
1983 1783 14
2436 2136 15
2887 2687 12
2975 2775 12
4855 4655 16
4863 4663 14
6545 6345 12
6583 6383 16
7048 6848 15
7068 6768 16
7638 7338 15
8040 7740 15
8454 8154 13
8646 8346 13
9367 9167 14
9628 9428 16
246 46 15
2697 2497 14
2797 2597 16
2872 2672 13
2935 2735 16
3103 2903 13
3178 2978 14
3730 3530 16
4062 3862 15
4857 4657 15
4924 4724 13
5226 4926 13
5866 5666 16
5947 5747 15
7290 6990 16
7295 7095 16
8427 8227 15
9102 8802 14
9196 8996 14
10095 9895 12
203 3 13
1540 1340 13
2004 1704 13
2041 1841 15
3558 3258 15
4487 4287 14
4872 4672 12
4953 4753 16
6030 5730 15
6415 6215 16
6419 6219 16
6693 6493 12
7801 7601 16
7827 7627 16
8016 7816 15
8838 8538 14
9090 8890 14
9226 9026 13
9307 9107 16
9888 9688 12
371 171 13
498 198 14
1138 938 13
1168 968 14
1497 1297 16
2201 2001 12
2373 2173 14
4240 4040 14
4410 4210 12
4534 4334 13
4602 4302 14
5398 5198 13
5937 5737 12
6109 5909 15
6515 6315 14
6646 6446 15
7222 7022 12
9690 9390 16
9888 9688 15
9999 9799 15
