2000 20 4679526
100 95 249
100 73 212
100 90 151
100 103 154
100 104 170
100 63 184
100 115 193
100 141 210
100 133 168
100 90 177
100 135 182
100 128 185
100 89 232
100 141 203
100 55 238
100 137 210
100 129 207
100 104 183
100 137 183
100 74 198
78 76 2
294 292 2
309 308 2
321 319 3
489 487 3
537 536 3
765 765 3
1371 1370 3
1386 1385 3
1761 1760 2
1776 1775 3
1887 1886 3
1968 1966 3
1968 1966 3
2136 2136 3
2142 2140 3
2262 2262 3
2361 2360 3
2727 2725 3
2745 2743 3
2748 2746 3
3081 3080 3
3207 3207 3
3336 3334 3
3372 3370 3
3459 3459 3
3621 3619 2
3630 3628 3
3876 3874 2
3918 3917 3
4002 4001 3
4101 4101 3
4608 4606 2
4635 4634 3
4689 4689 2
4935 4934 3
5007 5007 3
5064 5063 2
5271 5271 3
5337 5336 3
5361 5359 2
5427 5425 2
5706 5706 3
5784 5783 2
5889 5889 3
6060 6060 2
6084 6083 3
6099 6099 3
6111 6111 2
6171 6170 3
6291 6289 3
6318 6316 3
6456 6454 3
6534 6533 3
6687 6686 2
6705 6703 3
6786 6785 3
6852 6851 3
6972 6970 3
7110 7108 3
7236 7236 3
7251 7250 3
7356 7355 3
7419 7418 2
7443 7441 3
7509 7509 2
7521 7520 2
7551 7550 3
7584 7582 3
7734 7734 3
7809 7809 3
7905 7905 3
7980 7979 3
8118 8117 3
8343 8343 3
8355 8354 3
8379 8377 3
8460 8459 3
8496 8496 2
8499 8498 3
8652 8652 2
8682 8681 3
8700 8698 3
8805 8804 3
9102 9101 2
9318 9317 3
9327 9326 3
9426 9425 3
9435 9433 2
9462 9460 3
9507 9506 3
9675 9674 3
9708 9706 3
9711 9710 3
9732 9731 2
9738 9737 3
9774 9774 3
9822 9822 3
9921 9920 3
9969 9967 3
87 85 3
108 106 3
126 125 2
300 299 2
456 456 3
459 457 2
507 507 3
555 554 3
570 569 3
771 769 3
903 901 2
1128 1127 3
1437 1436 2
1599 1598 3
1617 1615 3
1746 1745 3
1773 1772 3
1854 1852 3
1863 1863 2
1872 1870 2
2046 2046 3
2076 2076 2
2148 2147 3
2184 2182 3
2259 2257 3
2430 2428 2
2664 2662 3
2742 2742 3
2823 2823 3
2919 2919 3
2961 2961 3
3057 3056 2
3156 3156 2
3222 3221 3
3300 3299 2
3393 3393 3
3510 3509 2
3519 3518 3
3543 3542 3
3864 3864 3
4053 4053 2
4101 4100 3
4299 4298 3
4329 4327 3
4584 4582 2
4611 4611 2
4686 4684 3
4704 4702 2
4857 4855 3
4857 4856 3
4908 4908 2
5061 5060 2
5193 5192 3
5361 5360 3
5403 5402 3
5448 5448 3
5463 5463 2
5472 5471 3
5529 5529 2
5538 5537 3
5574 5573 2
5577 5576 3
5604 5603 3
5628 5627 3
5730 5728 3
5814 5814 3
5823 5823 2
5829 5828 3
5952 5952 2
5964 5964 3
5976 5974 3
5991 5989 3
6132 6130 3
6198 6197 3
6246 6245 3
6261 6259 3
6474 6474 3
6558 6556 2
6918 6916 3
7098 7096 3
7506 7505 3
7611 7610 3
7623 7621 3
7635 7635 3
7782 7781 3
7839 7839 3
7851 7850 3
8142 8142 3
8211 8211 3
8391 8389 2
8574 8574 3
8589 8588 2
8691 8689 3
8919 8919 2
8925 8924 3
9009 9008 2
9075 9075 2
9768 9766 2
9774 9772 2
9816 9816 3
141 141 3
171 170 3
234 234 3
285 284 3
309 309 2
369 369 3
408 408 3
645 643 3
663 661 2
996 995 3
1197 1196 3
1341 1341 2
1446 1445 3
1446 1446 3
1602 1601 3
1749 1747 3
1848 1847 3
1857 1857 3
1890 1890 3
1893 1892 2
1989 1987 2
2172 2172 3
2409 2409 3
2556 2554 3
2571 2569 2
2679 2678 3
2739 2738 3
2787 2786 3
2829 2827 3
2958 2956 3
3003 3002 2
3012 3010 2
3051 3050 3
3291 3291 2
3360 3359 3
3411 3410 2
3447 3445 3
3546 3545 2
3564 3563 2
3759 3757 3
3960 3958 2
4089 4089 3
4095 4095 3
4260 4260 3
4503 4503 3
4599 4597 3
4599 4598 3
4671 4671 3
4881 4879 2
4884 4884 3
4950 4950 3
5019 5018 3
5088 5087 2
5118 5116 2
5316 5314 3
5316 5316 2
5322 5320 3
5379 5378 2
5538 5537 3
5649 5649 2
5715 5715 3
5733 5733 2
5796 5796 2
5799 5799 2
5808 5806 3
5997 5995 2
6003 6002 3
6045 6044 2
6231 6230 3
6249 6247 3
6288 6287 2
6498 6497 3
6582 6582 3
6747 6746 2
6981 6980 3
6990 6990 3
7119 7118 3
7287 7286 3
7368 7368 2
7464 7463 3
7605 7604 3
7635 7633 3
7719 7719 3
7746 7744 3
7890 7888 3
7899 7899 3
7944 7944 3
8145 8144 3
8187 8185 2
8229 8229 2
8232 8232 3
8607 8605 2
8628 8626 3
8901 8899 2
8940 8938 3
9510 9510 2
9645 9643 3
9726 9725 2
9876 9875 3
9921 9919 3
72 71 2
132 132 3
237 236 3
291 289 2
303 302 3
333 331 3
342 341 2
441 439 3
447 446 3
585 584 3
597 597 3
618 618 3
627 626 3
963 962 3
969 969 3
1035 1034 3
1179 1177 3
1251 1249 3
1410 1410 3
1416 1416 3
1545 1543 2
1599 1597 3
1635 1635 3
1755 1755 2
1962 1960 3
2316 2316 3
2433 2433 2
2556 2554 2
2625 2624 3
2634 2632 3
2679 2677 3
2769 2769 3
2832 2831 3
3027 3026 3
3030 3029 3
3108 3106 3
3291 3289 3
3588 3588 2
3855 3854 2
3876 3876 2
4206 4205 3
4221 4221 3
4479 4479 2
4566 4564 2
4647 4646 2
4650 4650 3
4719 4718 3
4776 4774 3
4944 4942 2
5034 5034 3
5148 5148 3
5154 5152 2
5256 5255 3
5277 5276 2
5340 5339 2
5454 5453 3
5586 5585 3
5928 5928 3
5991 5989 3
6057 6055 3
6099 6099 3
6195 6194 3
6201 6201 3
6330 6330 3
6570 6568 3
6678 6676 2
6699 6697 3
6894 6893 3
6942 6940 2
6996 6994 3
7176 7174 3
7296 7295 3
7326 7324 2
7425 7423 3
7668 7668 3
7740 7740 3
7758 7757 2
7809 7808 3
7809 7809 2
7875 7874 3
7899 7897 3
7926 7926 2
8088 8086 3
8208 8208 2
8322 8322 2
8382 8381 3
8385 8383 3
8505 8505 3
8712 8710 3
9138 9137 2
9318 9316 3
9363 9362 2
9381 9380 3
9525 9523 2
9594 9594 2
9612 9612 3
9729 9729 2
9762 9762 3
9855 9854 2
9969 9969 3
21 21 3
123 122 3
240 240 3
468 468 2
588 588 3
699 699 3
840 840 2
864 862 3
999 998 2
1131 1130 2
1200 1199 2
1284 1284 3
1299 1297 3
1347 1345 3
1425 1423 3
1599 1599 3
2127 2126 3
2382 2380 3
2382 2381 2
2508 2506 3
2535 2534 2
2589 2587 3
2664 2664 3
2739 2737 3
2853 2852 3
2907 2906 3
3072 3071 3
3093 3091 2
3225 3224 2
3237 3235 2
3276 3274 3
3318 3317 2
3495 3495 3
3528 3528 2
3534 3533 3
3792 3791 2
3942 3942 3
3957 3957 2
4008 4006 3
4191 4191 3
4311 4310 2
4332 4331 3
4437 4437 3
4485 4485 3
4530 4530 3
4593 4592 2
4611 4611 3
4683 4683 3
4764 4762 2
5127 5125 3
5379 5379 2
5589 5589 3
5775 5775 3
5802 5800 3
5919 5917 3
6099 6099 3
6246 6246 3
6273 6271 3
6306 6304 3
6495 6495 2
6591 6589 3
6612 6612 3
6867 6867 2
7020 7019 2
7086 7085 3
7134 7133 3
7143 7143 3
7143 7143 3
7236 7234 3
7425 7423 3
7431 7431 3
7461 7459 3
7485 7484 2
7542 7540 3
7725 7724 3
7755 7753 3
7953 7953 2
8034 8034 3
8037 8037 3
8109 8107 3
8127 8126 2
8169 8167 3
8388 8386 2
8394 8394 3
8517 8517 3
8559 8557 2
8712 8712 2
8787 8785 2
8871 8871 3
8892 8890 3
9144 9143 3
9183 9181 3
9195 9194 3
9201 9201 2
9393 9393 3
9435 9435 3
9489 9488 3
9495 9495 2
9510 9508 3
9609 9608 3
48 46 3
102 101 2
153 152 3
153 153 3
207 205 3
333 331 3
552 550 2
573 571 3
615 615 3
750 749 3
753 751 2
894 894 2
930 930 3
1023 1023 3
1026 1026 2
1080 1080 3
1314 1313 2
1380 1380 3
1668 1666 3
1668 1668 3
1791 1791 3
1968 1966 3
2175 2175 2
2379 2378 3
2385 2383 3
2409 2408 3
2607 2607 3
2778 2778 2
2793 2793 3
2811 2810 2
2856 2854 3
2997 2996 3
3000 3000 3
3012 3010 3
3180 3178 2
3219 3219 3
3282 3282 3
3375 3374 3
3378 3376 2
3597 3597 3
3636 3636 3
3645 3644 3
3747 3747 2
4017 4015 3
4044 4042 3
4053 4052 3
4059 4058 3
4077 4077 3
4248 4248 3
4497 4496 2
4692 4691 3
4752 4752 3
4770 4769 3
4986 4985 3
5280 5279 3
5310 5308 3
5364 5363 2
5421 5421 2
5763 5762 3
6066 6065 2
6450 6448 3
6507 6506 3
6618 6618 2
6654 6652 3
7035 7034 3
7206 7206 3
7320 7320 2
7362 7362 3
7383 7383 2
7398 7397 2
7509 7509 3
7596 7595 3
7617 7617 3
7770 7769 3
7833 7833 2
7881 7880 3
7884 7883 3
7986 7986 3
8052 8050 2
8112 8110 3
8220 8218 3
8223 8223 2
8343 8341 3
8373 8371 3
8451 8450 2
8655 8654 3
8655 8655 3
8661 8659 3
8700 8698 3
8730 8729 3
8772 8770 3
8823 8823 3
9120 9119 3
9330 9328 3
9390 9388 3
9435 9433 3
9567 9565 3
9678 9676 3
9684 9684 3
9873 9873 3
123 123 2
174 173 3
252 251 2
285 283 2
351 351 3
384 384 3
399 398 3
447 447 3
492 492 3
912 911 3
966 965 3
1458 1456 3
1674 1673 3
1923 1921 2
2007 2007 3
2175 2174 3
2238 2237 3
2250 2250 3
2271 2271 3
2916 2915 2
2958 2958 2
2958 2958 3
3009 3008 3
3012 3010 2
3093 3093 3
3399 3398 3
3429 3429 3
3510 3510 2
3555 3555 3
3822 3820 3
3960 3960 2
4095 4095 2
4233 4232 3
4308 4307 3
4503 4501 3
4512 4510 3
4665 4664 3
4728 4728 3
4752 4751 3
4827 4827 3
4899 4899 3
4902 4901 3
5016 5014 3
5049 5047 3
5277 5275 2
5295 5295 3
5397 5396 3
5424 5422 3
5424 5422 3
5430 5430 3
5463 5461 3
5631 5630 2
5652 5651 2
5664 5663 3
5775 5774 3
5820 5818 3
5868 5868 3
5904 5904 3
6036 6036 3
6159 6157 3
6222 6221 3
6237 6237 3
6528 6527 3
6591 6589 3
6726 6724 3
6735 6733 3
6873 6872 3
7149 7149 3
7425 7424 2
7431 7431 3
7635 7634 2
7821 7819 2
7836 7834 3
7986 7984 3
8097 8096 3
8109 8109 3
8115 8114 3
8223 8222 3
8307 8306 2
8370 8368 3
8415 8414 3
8499 8497 2
8538 8536 3
8580 8580 3
8592 8591 3
8592 8592 3
8727 8726 2
8847 8845 2
8904 8904 2
8991 8989 3
9000 8999 3
9225 9224 3
9234 9233 3
9267 9267 3
9348 9346 2
9366 9366 3
9369 9369 2
9483 9481 2
9606 9604 2
9972 9970 2
183 182 2
351 351 2
498 497 3
618 618 3
684 682 2
732 732 3
816 816 3
867 865 3
915 914 3
945 943 3
1077 1077 3
1170 1168 3
1203 1201 3
1254 1253 2
1266 1264 3
1311 1311 3
1611 1611 3
1674 1672 3
1743 1741 2
1779 1777 2
1809 1809 3
1830 1828 3
2046 2046 2
2103 2102 3
2202 2202 3
2343 2343 3
2742 2742 3
2991 2990 3
3159 3157 3
3171 3170 2
3171 3171 3
3180 3179 3
3261 3259 3
3312 3312 2
3471 3470 3
3471 3471 2
3600 3600 3
3639 3638 2
3657 3657 3
3681 3681 3
3984 3984 3
3993 3992 2
4143 4142 3
4569 4568 3
4572 4570 3
4596 4594 3
4749 4748 3
4812 4811 2
4842 4841 3
4938 4937 3
5142 5140 3
5160 5158 3
5205 5204 2
5475 5475 2
5502 5502 3
5559 5559 2
5721 5720 2
6036 6036 3
6075 6073 3
6426 6425 3
6627 6626 2
6648 6648 3
6687 6685 2
6735 6735 3
6786 6786 3
6819 6818 2
6996 6994 2
7137 7137 2
7197 7195 2
7212 7211 3
7218 7216 2
7305 7304 3
7365 7363 2
7410 7409 3
7437 7436 3
7539 7538 3
7620 7619 3
7695 7695 3
7833 7833 2
7878 7877 2
8037 8035 3
8166 8166 2
8271 8269 3
8391 8391 3
8451 8449 3
8568 8568 3
8616 8616 3
8652 8650 3
8685 8684 2
8694 8694 3
8748 8746 2
8925 8924 3
9003 9003 3
9165 9165 3
9207 9205 3
9264 9264 3
9360 9360 3
9429 9427 3
9600 9600 3
9858 9857 2
54 54 3
60 58 2
258 258 3
306 304 3
348 347 2
360 359 3
459 459 3
480 478 3
813 813 3
867 866 3
906 905 2
1101 1099 3
1113 1112 3
1146 1146 3
1191 1190 3
1287 1287 3
1419 1418 3
1533 1533 2
2460 2458 2
2490 2489 2
2658 2658 2
2709 2709 3
2763 2763 3
2805 2804 2
2838 2838 2
3036 3036 2
3105 3103 3
3225 3223 2
3312 3310 2
3411 3409 2
3465 3465 2
3477 3476 3
3561 3559 3
3681 3680 3
3693 3691 2
3756 3755 3
3966 3966 3
4047 4047 2
4413 4411 3
4443 4443 3
4455 4453 3
4926 4926 3
5034 5032 3
5133 5132 2
5166 5165 3
5385 5385 3
5460 5460 3
5583 5581 2
5616 5614 3
5643 5641 2
5784 5784 3
5967 5965 3
6135 6135 3
6174 6172 3
6216 6215 2
6441 6439 3
6465 6463 2
6489 6487 2
6522 6521 3
6573 6573 3
6651 6649 2
6798 6798 3
6906 6904 2
6951 6951 2
6957 6955 2
7050 7048 3
7254 7254 3
7296 7295 3
7353 7351 3
7449 7448 3
7686 7684 3
7707 7706 2
7725 7724 2
7851 7850 3
7902 7901 3
7917 7916 3
7941 7939 2
8007 8006 3
8040 8040 3
8058 8056 2
8163 8162 2
8319 8319 3
8382 8382 3
8439 8437 3
8595 8593 3
8700 8698 3
8895 8893 2
8970 8969 2
8994 8993 2
9003 9002 3
9006 9006 2
9075 9075 3
9084 9084 2
9114 9112 2
9249 9248 2
9675 9675 2
9675 9675 3
9681 9679 2
9867 9866 3
9990 9990 3
141 140 3
258 258 3
333 331 2
351 350 3
858 856 3
921 921 3
951 949 3
1068 1066 3
1128 1126 2
1242 1241 3
1272 1271 3
1467 1466 3
1548 1548 3
1650 1650 3
1680 1680 3
1845 1844 2
1983 1983 3
1992 1992 3
2019 2019 3
2043 2042 2
2151 2151 3
2208 2206 3
2274 2272 3
2313 2312 3
2514 2514 3
2664 2663 2
2682 2682 2
2724 2723 3
2823 2823 3
2835 2834 3
2886 2886 3
2967 2966 3
3072 3071 2
3114 3113 2
3273 3272 3
3402 3402 3
3600 3598 3
3708 3707 3
3792 3791 3
3852 3851 3
3963 3961 2
4050 4048 2
4167 4165 3
4305 4304 2
4317 4317 3
4479 4479 3
4530 4529 3
4554 4554 3
4743 4743 3
4836 4835 3
4959 4959 2
4998 4997 3
5160 5159 2
5337 5337 2
5343 5343 3
5685 5684 3
5709 5707 3
5916 5914 3
5922 5920 2
6027 6026 3
6108 6108 2
6138 6138 3
6228 6228 2
6282 6281 3
6462 6461 3
6486 6485 3
6564 6562 2
6630 6629 3
6690 6688 3
6762 6760 3
6789 6789 3
6801 6799 3
6873 6872 3
6936 6935 3
6963 6962 2
6996 6994 3
7005 7003 2
7068 7068 3
7425 7424 2
7569 7567 2
7611 7609 3
7755 7755 3
7758 7757 3
7998 7997 2
8340 8340 3
8370 8369 3
8442 8440 3
8652 8650 3
8871 8869 3
9054 9053 3
9228 9226 3
9228 9228 3
9615 9613 3
9624 9622 3
9663 9662 3
9699 9697 2
9825 9824 3
9834 9832 2
9891 9889 3
9897 9897 3
138 136 2
186 185 3
189 189 3
237 237 2
240 240 2
249 247 3
525 525 3
552 550 3
558 557 3
681 681 3
720 718 3
936 934 2
972 970 3
1038 1036 3
1047 1046 3
1254 1252 2
1431 1430 3
1452 1452 2
1704 1702 3
1719 1718 3
1761 1759 3
1770 1769 3
1821 1821 3
2013 2013 3
2031 2030 3
2424 2424 3
2541 2539 3
2586 2585 3
2739 2737 3
2802 2801 2
3009 3009 3
3165 3165 3
3405 3403 2
3555 3555 3
3600 3599 2
3696 3695 3
3723 3722 3
3756 3754 3
3768 3766 2
3810 3808 3
4104 4102 3
4191 4191 3
4191 4191 3
4245 4244 3
4395 4395 3
4428 4427 2
4461 4460 3
4644 4644 3
4650 4649 3
4791 4791 2
4839 4838 2
4911 4909 3
5028 5026 2
5124 5122 3
5139 5138 3
5583 5581 2
6051 6051 3
6075 6073 3
6090 6088 3
6423 6422 3
6432 6431 3
6564 6562 3
6756 6756 3
6774 6773 3
6933 6931 3
7056 7055 3
7134 7132 3
7155 7154 3
7176 7176 3
7245 7244 3
7362 7360 3
7398 7398 3
7446 7444 2
7596 7594 3
7737 7736 3
7746 7746 3
7896 7895 3
7917 7915 3
7989 7987 3
7995 7993 2
8073 8072 3
8202 8200 3
8235 8235 3
8304 8303 2
8316 8316 3
8376 8374 3
8466 8466 3
8487 8486 3
8715 8713 2
8721 8720 3
8886 8884 3
9111 9111 3
9114 9113 3
9189 9188 3
9243 9241 2
9378 9377 2
9474 9474 3
9513 9511 3
9669 9669 3
9981 9979 2
3 3 3
228 228 3
309 308 3
444 443 3
450 448 3
459 457 2
558 557 3
573 571 3
609 608 3
621 620 3
699 698 3
942 940 3
972 972 3
1071 1070 3
1143 1142 3
1146 1145 2
1425 1424 2
1425 1425 3
1437 1435 3
1464 1463 3
1509 1507 3
1521 1521 3
1620 1619 3
1629 1629 2
1713 1712 2
1737 1735 3
1791 1789 3
2226 2225 2
2268 2266 3
2373 2373 2
2490 2488 2
2496 2495 3
2547 2545 3
2697 2695 3
2832 2830 3
2901 2899 3
3099 3097 3
3111 3109 3
3189 3189 3
3420 3420 2
3456 3455 3
3543 3542 3
3546 3546 3
3573 3572 2
4125 4124 3
4131 4129 3
4284 4284 3
4299 4299 3
4314 4312 3
4464 4464 3
4626 4624 3
4638 4638 3
4647 4645 3
4764 4764 3
4773 4773 3
4794 4792 3
4803 4802 3
4824 4822 3
4842 4840 2
4956 4956 3
5043 5041 3
5079 5078 3
5169 5169 3
5274 5274 2
5292 5290 2
5298 5296 2
5370 5368 3
5388 5386 2
5544 5544 3
5691 5690 2
5700 5700 2
5787 5785 3
5877 5875 3
5991 5989 3
6189 6187 3
6294 6293 2
6714 6713 3
6789 6788 3
6813 6812 3
7077 7075 3
7119 7119 2
7215 7215 3
7272 7272 3
7374 7374 3
7452 7450 3
7668 7666 3
8205 8205 2
8214 8214 3
8358 8356 3
8589 8589 2
8616 8616 3
8703 8701 3
8778 8777 3
8826 8825 3
9501 9501 3
9534 9532 2
9609 9608 3
9837 9836 3
9915 9915 2
9924 9923 2
99 98 3
129 129 3
177 175 3
183 182 3
663 662 3
783 783 3
1242 1242 2
1350 1349 3
1482 1481 2
1557 1556 2
1560 1559 2
1713 1711 3
1758 1756 2
1806 1806 3
1836 1836 3
1959 1959 3
1989 1987 2
2154 2154 3
2175 2174 3
2205 2203 3
2226 2224 2
2421 2421 2
2421 2421 3
2430 2428 2
2472 2471 3
2493 2492 3
2772 2771 3
2865 2864 3
3057 3056 3
3093 3093 3
3303 3301 3
3315 3314 3
3324 3323 2
3336 3334 2
3471 3471 3
3597 3596 2
3693 3692 3
3711 3709 3
3732 3732 2
3750 3748 2
3963 3961 3
3984 3983 2
4059 4059 3
4287 4285 3
4572 4572 3
4767 4766 3
4815 4813 3
4971 4970 3
4974 4974 3
5115 5114 2
5154 5152 3
5280 5280 3
5292 5291 2
5436 5434 3
5622 5621 3
5802 5801 3
6069 6069 2
6120 6120 3
6171 6170 2
6276 6274 3
6477 6476 3
6873 6873 2
6987 6985 3
7152 7151 2
7179 7177 3
7227 7227 2
7377 7375 3
7410 7408 3
7521 7521 2
7551 7551 2
7752 7752 3
7863 7861 2
7887 7886 2
7923 7921 2
7923 7923 2
7923 7923 3
8109 8108 3
8112 8112 2
8181 8179 3
8184 8183 3
8265 8265 3
8277 8276 2
8382 8381 3
8520 8520 3
8589 8587 3
8712 8712 3
8820 8819 3
8835 8835 3
8922 8922 3
9015 9013 3
9018 9017 2
9024 9024 2
9183 9183 3
9309 9307 3
9357 9355 3
9483 9483 3
9555 9553 2
9606 9606 3
9897 9896 3
9978 9977 2
159 159 3
177 176 2
228 227 3
354 352 2
378 378 3
384 382 3
561 559 3
633 632 2
681 679 2
708 706 2
1164 1162 3
1608 1606 3
1791 1789 3
1854 1852 2
1902 1900 3
1905 1904 2
2130 2128 3
2436 2436 3
2667 2665 3
2679 2677 3
2745 2745 3
2772 2770 3
2802 2800 2
2823 2822 3
3030 3029 2
3144 3143 2
3297 3297 3
3603 3601 3
3651 3651 3
3726 3724 3
3879 3879 3
3996 3996 3
4116 4115 3
4197 4196 3
4263 4261 3
4485 4484 3
4527 4527 3
4623 4622 3
4629 4627 3
4788 4786 3
4830 4828 3
4875 4875 3
4884 4884 3
5280 5280 2
5412 5412 3
5415 5415 2
5469 5467 3
5586 5586 3
5601 5600 3
5901 5899 3
5922 5922 3
5931 5929 3
6048 6048 3
6087 6087 3
6108 6108 3
6165 6164 2
6315 6315 2
6555 6553 2
6753 6753 3
6861 6860 2
6894 6892 2
6894 6894 3
7050 7050 3
7083 7083 3
7185 7183 3
7185 7185 2
7221 7219 3
7329 7327 3
7458 7457 2
7521 7521 2
7536 7536 3
7662 7661 3
7686 7684 3
7782 7780 3
7848 7846 3
7926 7925 2
8004 8003 3
8034 8034 3
8043 8041 3
8292 8291 2
8352 8352 3
8442 8440 2
8520 8520 3
8583 8581 3
8604 8602 2
8967 8965 3
9042 9040 2
9075 9073 3
9087 9085 3
9093 9091 3
9162 9160 3
9339 9338 2
9351 9350 3
9429 9427 2
9507 9506 2
9600 9599 3
9621 9619 2
9687 9685 2
9837 9836 2
9990 9988 2
207 205 3
216 214 2
243 242 3
384 382 2
402 402 3
438 437 3
606 606 3
789 788 3
789 788 3
978 976 2
1065 1064 3
1089 1089 3
1155 1153 3
1314 1312 3
1368 1366 3
1584 1583 3
1644 1642 2
1689 1688 2
1758 1757 3
1818 1816 3
1857 1856 3
1905 1903 3
2055 2053 3
2088 2088 3
2220 2219 3
2229 2229 3
2436 2436 3
2469 2469 3
2571 2570 2
2646 2646 3
2751 2751 3
2940 2940 3
2955 2953 3
2964 2964 3
3018 3017 3
3078 3077 3
3315 3314 2
3369 3367 3
3570 3569 3
3630 3630 3
3666 3665 3
3681 3680 2
3723 3723 3
3972 3971 3
4029 4027 2
4101 4099 3
4350 4350 3
4410 4409 3
4416 4416 3
4716 4714 2
4797 4795 3
4872 4871 3
4962 4960 2
5010 5010 3
5115 5113 2
5124 5122 3
5211 5210 2
5373 5373 2
5376 5376 3
5403 5401 2
5763 5761 3
5832 5830 3
6123 6121 3
6150 6150 3
6198 6196 3
6231 6229 2
6531 6529 2
6627 6626 3
6720 6718 2
6852 6852 2
6888 6886 2
6903 6901 2
6927 6927 3
6936 6935 3
7053 7051 2
7065 7065 2
7200 7199 3
7212 7210 3
7356 7354 2
7455 7453 3
7551 7551 3
7632 7632 3
7848 7846 3
7887 7886 3
7932 7930 2
8118 8117 2
8244 8244 2
8253 8252 3
8550 8548 3
8670 8668 3
8685 8685 3
8820 8819 3
8985 8983 2
9432 9432 3
9546 9546 2
9600 9598 2
9654 9652 3
9717 9715 2
9945 9944 3
9975 9975 3
276 276 2
600 598 3
702 702 3
855 854 3
888 887 2
915 913 2
1263 1263 3
1344 1343 2
1383 1382 3
1536 1536 3
1626 1624 3
1779 1778 3
1782 1781 3
1803 1801 3
1902 1902 3
1929 1928 3
1956 1956 3
2052 2050 3
2163 2161 3
2211 2211 3
2310 2310 3
2313 2313 3
2484 2484 2
2487 2487 3
2535 2535 2
2544 2543 3
2547 2546 3
2610 2609 2
2631 2630 3
2763 2761 3
2820 2818 2
2997 2997 3
3075 3074 2
3141 3141 3
3144 3142 2
3195 3193 3
3363 3363 2
3411 3410 2
3594 3593 3
3642 3641 3
3660 3659 3
3738 3736 3
3771 3771 3
3837 3837 3
3999 3999 2
4011 4009 3
4053 4052 2
4095 4095 2
4152 4150 3
4152 4152 2
4206 4204 3
4278 4278 3
4353 4352 2
4359 4358 3
4542 4540 3
4581 4581 3
4602 4602 2
4803 4802 3
4938 4938 3
5013 5011 2
5217 5216 3
5316 5314 2
5379 5377 2
5592 5591 3
5691 5689 3
5748 5746 2
5859 5858 3
5907 5907 3
5922 5920 3
6450 6449 3
6492 6490 3
6723 6721 3
6891 6891 3
6936 6934 3
7059 7057 2
7329 7328 3
7365 7365 3
8142 8142 3
8307 8307 2
8337 8336 3
8400 8399 2
8502 8502 3
8625 8624 3
8679 8678 3
8739 8738 3
8742 8742 2
8922 8922 2
8964 8962 3
9030 9029 2
9132 9131 3
9147 9145 3
9258 9257 3
9267 9267 3
9348 9346 3
9441 9439 3
9606 9604 3
9606 9605 3
9825 9823 3
9879 9879 3
9891 9889 3
120 118 3
192 190 3
285 283 3
393 393 3
396 395 3
666 665 3
693 692 3
708 706 2
945 944 3
1092 1091 2
1125 1125 3
1257 1255 3
1284 1284 2
1290 1290 3
1299 1298 3
1527 1527 3
1773 1772 3
1824 1823 2
1845 1845 2
2133 2133 3
2148 2148 2
2202 2200 3
2214 2212 3
2238 2237 3
2415 2413 3
2445 2445 3
2535 2533 3
2697 2695 3
3021 3021 2
3081 3080 3
3180 3178 3
3228 3226 3
3306 3304 3
3483 3482 3
3684 3682 3
3732 3732 3
3870 3868 3
3945 3944 2
3966 3964 2
4161 4161 3
4200 4199 2
4233 4233 3
4236 4234 3
4314 4312 3
4317 4317 3
4518 4516 3
4572 4571 2
4752 4752 2
4911 4909 3
4986 4984 3
5025 5025 3
5253 5252 3
5493 5491 3
5517 5516 3
5532 5530 2
5574 5574 3
5661 5661 3
5760 5759 2
5841 5841 3
5934 5934 3
5937 5937 3
6066 6065 3
6153 6152 3
6198 6196 3
6243 6241 3
6255 6254 3
6285 6283 3
6384 6382 3
6828 6828 2
6993 6991 2
7209 7209 3
7290 7288 3
7389 7387 3
7398 7396 3
7488 7488 3
7623 7621 3
7716 7715 3
7935 7935 2
7953 7953 2
8016 8015 3
8091 8090 3
8238 8236 3
8370 8369 3
8379 8379 2
8547 8547 2
8772 8772 2
8892 8892 3
9081 9079 3
9120 9119 2
9165 9164 3
9195 9193 3
9201 9199 3
9327 9327 3
9420 9418 3
9552 9552 3
9648 9648 3
9651 9650 3
9804 9803 2
9831 9831 3
9963 9963 3
84 82 3
303 301 3
324 324 3
486 485 2
546 545 3
573 573 2
648 646 3
870 868 2
1080 1079 3
1131 1131 2
1164 1162 2
1386 1385 2
1389 1388 2
1389 1389 3
1566 1564 3
1593 1591 2
1638 1638 3
1704 1703 2
1785 1784 2
1827 1826 2
2325 2323 3
2424 2424 2
2496 2494 3
2529 2527 3
2820 2820 3
3084 3083 2
3090 3090 3
3117 3117 2
3210 3208 3
3240 3238 3
3273 3271 3
3318 3317 2
3378 3376 3
3432 3431 2
3441 3441 3
3561 3561 3
3582 3582 3
3702 3701 3
3702 3702 3
3747 3745 2
3789 3787 3
3831 3831 3
3864 3864 2
3882 3880 3
3942 3941 3
4173 4173 3
4173 4173 3
4239 4239 3
4815 4815 3
4926 4924 3
5163 5163 2
5238 5238 2
5580 5579 3
5661 5661 2
5679 5679 2
5919 5917 3
6255 6254 3
6264 6262 3
6360 6360 3
6369 6369 3
6489 6489 3
6582 6582 3
6594 6594 3
6750 6750 3
6819 6818 3
6819 6819 2
7041 7039 3
7041 7041 3
7074 7074 3
7137 7136 3
7188 7188 3
7245 7243 3
7287 7286 3
7320 7318 2
7509 7509 3
7611 7611 3
7782 7781 3
7896 7895 3
8082 8081 2
8307 8307 2
8433 8432 2
8475 8473 2
8562 8562 3
8607 8607 2
8619 8617 3
8631 8629 2
9057 9056 3
9075 9073 3
9168 9167 3
9282 9281 2
9300 9299 3
9360 9359 3
9381 9381 3
9432 9432 3
9489 9488 3
9639 9637 3
9732 9731 3
9774 9773 2
9813 9813 3
9831 9831 2
12 11 3
339 337 3
477 476 2
507 507 3
588 586 3
756 755 3
825 824 3
834 832 3
957 956 2
1041 1041 3
1047 1047 3
1194 1194 3
1386 1386 3
1560 1560 3
1560 1560 3
1782 1780 3
1788 1787 2
1878 1877 2
1962 1961 2
2028 2028 2
2226 2224 3
2247 2245 3
2631 2630 3
2928 2927 3
3174 3174 3
3354 3354 3
3480 3479 3
3513 3512 3
3675 3675 3
3750 3750 2
3783 3783 2
3783 3783 3
3792 3791 3
4089 4088 3
4122 4121 3
4269 4267 2
4302 4302 3
4305 4303 3
4359 4359 3
4422 4421 2
4425 4425 3
4470 4469 3
4644 4642 3
4905 4904 3
4914 4914 3
4974 4974 3
4992 4991 2
5151 5150 3
5193 5193 2
5193 5193 3
5571 5570 3
5655 5654 3
5676 5675 3
5724 5724 3
5823 5823 3
5883 5883 3
5955 5955 3
6015 6015 3
6060 6060 2
6162 6160 3
6165 6163 3
6231 6229 3
6294 6292 2
6300 6298 3
6330 6330 3
6438 6436 3
6648 6648 3
6687 6687 3
6741 6741 3
6882 6882 3
6885 6885 3
7140 7140 3
7254 7254 3
7320 7320 3
7362 7362 2
7395 7394 3
7395 7394 3
7686 7684 2
7758 7756 3
7770 7768 3
8199 8198 3
8232 8230 2
8289 8289 2
8292 8290 3
8400 8398 2
8652 8650 3
8697 8696 3
8769 8768 3
8856 8854 2
8961 8960 3
9027 9026 3
9048 9046 2
9450 9450 3
9507 9506 3
9714 9713 3
9759 9757 3
9774 9773 3
9867 9867 2
9870 9868 2
9903 9901 3
147 147 3
228 228 3
309 309 3
432 432 3
453 452 3
669 669 2
717 715 3
1077 1077 3
1176 1175 2
1197 1195 3
1317 1316 3
1335 1334 3
1368 1366 2
1428 1428 3
1452 1451 3
1473 1471 2
1536 1535 3
1569 1569 3
1605 1605 3
1692 1690 3
1749 1749 2
1842 1842 3
2049 2047 3
2106 2104 2
2154 2154 3
2274 2272 2
2292 2291 2
2406 2405 3
2499 2498 3
2535 2533 3
2550 2549 3
2595 2593 3
2643 2641 3
2688 2686 3
2751 2751 3
2799 2797 3
3123 3121 3
3147 3145 3
3186 3186 3
3285 3285 3
3327 3325 3
3333 3331 3
3486 3486 3
3789 3788 3
3807 3806 3
3831 3830 3
3840 3840 3
3915 3914 3
4230 4229 3
4278 4277 2
4284 4284 2
4293 4292 3
4458 4456 3
4545 4543 2
4653 4652 3
4674 4674 3
4701 4700 2
4704 4703 3
4734 4734 3
4821 4820 3
4977 4977 3
5364 5363 3
5406 5405 3
5445 5444 2
5973 5972 3
5994 5994 2
6072 6072 2
6093 6093 3
6258 6256 3
6273 6272 2
6282 6282 3
6294 6293 3
6348 6347 3
6429 6427 3
6486 6484 3
6537 6537 3
6582 6581 2
6654 6653 3
6774 6772 3
6807 6807 3
7605 7604 2
7629 7629 3
7758 7757 3
7764 7764 3
7860 7859 2
7881 7881 3
7983 7981 2
7983 7983 2
8070 8069 3
8091 8091 3
8802 8802 3
9027 9027 3
9156 9156 2
9252 9250 3
9417 9417 2
9450 9448 2
9540 9539 2
9780 9779 3
9807 9806 3
9990 9989 3
