1000 100 2448089
10 150 243
10 93 204
10 114 246
10 117 211
10 78 163
10 119 240
10 146 240
10 82 240
10 121 221
10 129 177
10 130 224
10 70 224
10 119 244
10 80 212
10 103 179
10 67 192
10 51 154
10 53 196
10 90 201
10 84 226
10 139 202
10 70 157
10 91 193
10 63 193
10 134 223
10 62 240
10 104 191
10 131 235
10 131 155
10 82 242
10 136 208
10 150 206
10 92 216
10 124 211
10 85 218
10 89 154
10 118 201
10 92 222
10 111 228
10 59 210
10 94 221
10 147 248
10 65 201
10 60 239
10 139 171
10 76 235
10 83 210
10 67 225
10 146 169
10 58 239
10 101 210
10 128 177
10 51 250
10 147 236
10 73 225
10 66 250
10 143 187
10 125 172
10 91 191
10 137 202
10 148 208
10 82 219
10 137 233
10 97 246
10 116 207
10 59 179
10 135 248
10 92 226
10 57 233
10 101 231
10 91 197
10 105 177
10 119 200
10 56 219
10 129 187
10 72 192
10 51 248
10 137 229
10 57 241
10 132 247
10 59 150
10 130 160
10 134 224
10 66 216
10 125 202
10 126 209
10 67 162
10 111 229
10 64 211
10 71 152
10 144 200
10 131 247
10 77 183
10 92 222
10 72 235
10 60 228
10 137 154
10 89 170
10 142 249
10 125 183
693 693 34
1737 1737 28
2523 2522 29
3750 3748 33
4680 4680 28
5457 5456 32
6090 6088 27
8235 8233 29
8277 8276 25
9183 9182 27
840 838 29
1029 1027 27
3729 3728 31
5784 5782 31
6822 6822 27
6921 6919 28
7248 7248 25
7371 7371 25
7716 7714 30
8853 8852 24
1716 1714 25
2127 2125 29
3555 3555 26
4170 4169 32
4389 4389 32
4464 4464 24
6243 6241 25
7884 7884 28
8193 8192 27
9117 9117 30
1059 1058 30
1974 1974 32
2034 2034 25
2502 2501 32
2862 2862 34
3756 3756 32
5316 5315 34
5358 5356 28
8448 8448 27
8454 8452 25
1203 1202 29
1749 1749 27
2997 2995 25
3666 3665 33
4944 4942 30
5121 5119 26
6069 6069 33
7146 7145 32
7419 7419 33
9126 9124 34
447 447 32
714 714 31
2694 2694 32
3048 3047 25
3600 3599 27
5688 5686 28
5985 5985 32
6066 6065 30
7092 7090 27
8817 8815 29
75 75 34
318 317 33
342 340 25
1011 1009 29
1161 1159 26
1521 1521 27
2598 2597 30
3684 3682 32
4128 4127 25
8601 8599 27
819 818 32
4107 4105 27
5100 5100 31
5253 5252 24
6633 6633 26
6948 6948 28
7797 7796 34
8637 8637 30
8682 8680 32
9567 9565 25
1290 1290 29
2535 2534 33
4110 4109 28
4620 4620 34
5073 5072 24
6624 6622 24
7494 7494 33
7803 7803 27
8076 8075 28
9222 9221 33
1398 1398 31
1431 1430 27
1695 1694 30
2121 2120 26
2472 2472 28
2547 2545 28
2814 2814 34
6402 6402 29
7092 7090 28
9552 9552 27
201 201 32
3045 3043 29
3114 3112 31
4188 4187 26
4338 4338 33
5478 5477 26
6705 6704 29
7497 7496 26
7818 7817 30
8073 8072 31
903 901 28
2031 2031 29
2367 2365 28
3261 3259 32
4035 4035 32
5226 5225 30
6834 6834 25
7947 7947 29
8622 8620 27
8931 8930 34
24 24 28
2196 2196 32
4848 4847 30
4884 4884 25
6000 6000 31
6090 6090 32
6666 6664 27
7206 7205 27
7275 7274 25
7347 7345 32
423 421 25
798 796 30
2019 2018 31
2532 2531 25
2841 2841 28
5547 5547 28
5910 5909 32
6075 6074 30
6228 6228 29
6726 6725 29
1119 1119 31
1254 1253 28
1587 1586 33
4470 4468 34
4587 4587 28
4695 4694 33
5208 5208 34
5217 5217 27
6000 5998 33
7443 7441 27
2088 2088 32
4158 4156 29
4242 4242 28
5445 5444 34
6096 6094 25
8265 8263 29
8364 8363 31
8883 8883 29
9432 9430 27
9690 9689 33
1758 1758 26
3168 3166 31
4023 4022 31
4458 4458 25
6180 6180 30
6753 6751 32
7206 7205 29
7791 7789 28
8094 8092 33
8340 8338 26
1017 1015 30
1506 1504 31
2601 2599 26
4431 4431 28
4812 4810 28
5322 5322 29
5658 5658 31
6471 6469 34
6627 6625 27
7416 7416 26
939 937 34
3213 3213 33
3315 3313 28
3543 3543 33
4971 4970 27
5547 5547 27
6729 6727 28
6921 6920 30
7026 7024 28
9960 9960 29
705 703 29
786 785 26
1011 1010 28
1989 1987 27
3696 3694 30
5469 5469 29
5946 5944 27
5946 5946 28
9213 9212 32
9654 9654 24
846 846 27
984 982 28
1605 1604 34
2025 2025 25
2769 2768 25
2784 2783 30
3825 3823 28
5043 5042 32
5628 5627 30
9987 9985 26
735 733 24
786 785 33
1029 1029 29
2859 2858 26
3615 3614 33
4905 4905 29
5718 5716 29
7077 7075 30
7734 7732 28
9714 9713 29
108 108 34
1110 1110 28
1617 1615 25
2841 2841 26
3459 3458 33
4914 4914 34
7380 7378 29
7620 7619 27
9054 9054 34
9858 9856 33
237 236 31
291 290 25
660 659 28
2184 2183 31
2331 2329 25
3135 3134 31
3726 3725 29
6063 6063 29
8454 8453 30
9159 9157 29
2847 2846 30
3051 3051 27
3060 3058 34
4251 4250 26
4764 4764 34
5388 5386 34
6291 6290 26
7758 7758 30
8298 8297 26
8466 8465 25
2949 2949 29
3048 3047 29
3828 3826 34
4257 4255 28
4779 4779 25
5034 5033 25
5361 5359 32
7539 7538 26
8034 8033 25
9285 9284 30
534 533 30
948 946 26
1452 1452 26
2226 2226 28
3963 3961 28
5259 5259 27
7077 7077 32
7686 7684 28
8919 8919 26
9135 9133 33
978 976 32
1551 1551 33
2250 2248 28
2487 2485 33
3252 3250 32
4719 4718 32
5238 5236 24
6612 6612 26
9021 9020 32
9150 9148 29
339 339 27
1251 1249 31
2319 2317 30
2541 2540 25
3630 3629 26
3642 3642 34
3876 3876 33
6804 6803 26
7530 7530 28
8595 8595 27
2253 2253 29
3564 3564 24
3780 3779 28
5736 5736 32
6753 6752 26
7371 7370 33
7404 7402 33
8220 8219 30
8580 8580 33
9654 9652 27
1938 1937 28
3006 3005 32
3408 3407 34
3564 3562 33
3714 3713 32
3783 3782 28
5112 5110 27
6918 6917 28
8184 8183 34
9153 9153 31
6 4 29
2082 2080 31
2931 2929 24
3756 3754 26
4590 4588 29
5211 5211 33
6369 6369 31
7158 7156 34
8268 8266 30
8421 8419 34
321 321 34
378 377 30
495 495 29
873 871 28
2610 2610 28
2850 2849 34
4203 4201 29
5133 5131 27
5823 5821 32
9384 9382 27
210 210 28
285 284 31
297 296 32
1947 1945 34
4023 4023 32
7137 7135 30
7683 7683 27
8475 8475 27
9069 9067 34
9750 9750 32
1842 1842 33
2028 2028 31
2298 2298 33
2493 2493 33
3165 3165 29
3792 3792 29
4239 4237 26
5199 5198 34
7791 7791 30
8844 8842 32
681 680 28
1488 1487 29
2226 2225 27
2433 2432 32
2448 2447 32
3249 3249 34
3612 3612 30
4761 4759 33
5916 5916 28
9087 9085 27
576 575 28
1722 1721 28
1869 1869 25
3138 3136 25
5016 5016 29
6243 6243 26
7005 7004 26
7743 7743 32
7779 7778 33
9723 9723 26
57 55 32
417 415 28
1287 1286 32
2289 2288 32
3972 3970 30
4032 4031 29
5193 5192 32
6288 6288 25
6408 6406 27
6513 6511 33
1257 1256 34
1371 1371 29
2220 2218 28
3081 3079 28
4149 4149 32
4347 4346 26
4551 4551 28
5643 5642 25
8802 8800 25
8856 8855 34
1353 1353 33
2220 2219 28
3345 3343 28
3399 3398 34
5829 5829 31
5853 5851 31
7290 7289 31
7338 7338 26
8259 8257 32
8844 8844 33
870 868 26
1902 1900 32
2268 2267 28
4329 4328 33
4602 4600 32
5037 5037 27
5112 5110 33
8073 8072 27
8232 8232 33
8568 8567 26
159 159 33
312 311 30
1167 1165 32
2289 2287 32
3216 3214 25
5493 5492 32
7644 7642 26
8466 8465 28
9192 9192 28
9408 9407 29
993 992 31
2982 2982 33
5409 5407 27
5754 5752 34
6435 6435 28
7827 7825 33
8856 8854 29
9279 9279 29
9567 9566 29
9645 9643 34
618 618 34
936 934 33
978 977 34
2052 2051 29
3012 3010 33
3090 3088 29
5253 5253 32
6603 6601 27
6612 6611 30
7980 7979 30
6 5 28
2823 2822 33
2964 2963 33
3075 3074 24
3375 3373 24
3693 3691 34
4179 4178 30
6159 6157 28
8703 8703 32
9474 9472 24
561 561 25
1122 1122 32
1398 1397 25
2979 2979 27
3651 3650 27
4155 4153 34
5145 5144 25
5472 5472 26
6363 6363 31
7041 7041 31
642 642 34
744 743 32
1680 1678 29
3714 3713 31
5109 5109 27
5175 5175 29
5613 5612 30
7980 7980 26
8724 8723 31
9144 9142 29
1176 1175 25
2121 2119 27
2256 2254 33
2433 2431 27
2886 2884 31
3108 3108 24
4116 4114 29
6255 6253 31
7506 7506 25
8172 8170 29
1617 1616 31
2145 2143 32
3009 3009 33
3906 3906 33
4470 4468 28
5496 5494 33
8424 8424 31
8451 8450 25
8925 8924 32
9819 9819 29
1047 1047 24
1842 1840 32
2148 2146 32
4032 4030 29
5910 5910 27
6546 6545 33
6687 6686 30
7014 7013 32
7956 7956 29
8394 8394 34
567 566 25
837 835 25
4674 4673 33
4752 4751 33
5349 5347 28
5583 5581 29
6840 6840 28
8388 8388 28
9591 9591 25
9741 9739 28
189 189 29
330 328 29
720 720 27
1287 1287 33
2487 2487 26
3300 3299 29
4515 4514 28
4914 4914 34
6819 6818 26
8874 8874 26
2484 2482 32
2520 2520 27
4524 4522 34
5229 5229 34
5760 5759 24
5943 5942 25
6486 6485 29
6507 6506 24
8628 8626 24
9972 9971 26
468 467 30
1515 1513 31
2919 2918 26
3351 3351 34
3942 3941 31
4443 4442 25
5202 5202 27
5847 5845 30
8667 8666 33
8745 8743 33
1416 1415 34
2478 2477 31
3981 3980 26
5415 5415 28
7494 7494 33
9270 9268 32
9324 9323 27
9450 9448 33
9570 9570 25
9645 9643 32
1887 1886 30
2607 2605 32
3855 3855 31
4347 4347 29
5133 5133 30
5250 5248 30
5790 5789 31
7041 7040 33
7281 7280 29
8424 8422 29
1077 1076 25
1197 1196 31
1878 1877 29
3294 3292 32
3450 3449 29
3654 3652 27
4995 4993 33
5385 5383 34
5922 5921 27
9627 9625 27
3 2 25
1350 1350 29
1980 1978 33
2514 2514 27
4044 4044 24
4302 4300 26
6159 6157 29
7071 7070 24
7104 7102 29
7794 7792 26
153 153 27
1662 1662 25
1782 1782 27
2109 2109 27
4623 4623 33
5985 5985 29
6567 6565 25
6774 6772 26
8406 8406 32
9984 9983 33
630 628 33
1443 1442 32
1443 1443 24
1824 1824 32
2313 2313 25
2943 2941 31
3966 3964 32
4899 4897 25
6753 6753 33
9897 9896 30
357 357 26
1746 1746 32
5475 5474 29
6924 6924 32
7560 7560 25
7575 7575 29
7974 7974 25
8409 8408 32
8574 8573 32
9018 9016 33
18 16 30
18 18 31
2283 2281 33
3471 3469 32
5178 5178 26
5964 5962 30
7407 7407 24
8331 8330 24
9498 9498 31
9987 9985 31
510 510 26
621 620 25
1521 1519 34
2385 2384 24
2952 2950 27
3579 3579 33
4491 4491 34
7110 7110 34
7467 7467 24
9678 9676 26
390 389 29
1083 1083 27
2808 2807 32
2943 2942 31
3294 3294 33
3465 3465 28
3936 3936 28
4977 4976 30
5991 5989 30
8091 8091 28
303 301 29
474 474 30
861 859 27
1551 1551 30
2631 2631 26
4659 4659 27
4689 4687 25
5463 5461 33
6915 6915 25
7461 7460 32
36 34 33
1086 1084 34
2358 2358 30
2433 2431 24
3048 3048 29
4068 4066 34
6894 6893 28
8790 8788 29
9528 9528 27
9843 9841 28
240 238 25
1083 1081 29
1245 1243 25
3489 3488 33
4002 4001 25
6513 6512 24
6855 6853 31
7161 7159 26
8907 8905 31
9483 9482 30
153 151 32
1314 1312 27
2793 2791 30
4218 4216 33
5310 5308 27
8640 8639 26
8649 8647 25
9132 9131 25
9642 9642 32
9924 9923 34
1365 1364 32
2127 2125 28
3090 3090 28
3963 3961 26
4743 4743 24
6264 6264 27
7023 7022 26
7149 7147 26
8133 8132 28
9915 9914 30
678 676 28
1449 1447 33
2985 2983 27
3702 3702 34
4044 4043 32
5142 5142 34
5190 5189 33
5499 5498 34
6576 6575 24
8661 8660 25
459 458 33
582 581 28
2904 2903 31
3162 3162 29
4443 4443 25
5697 5697 25
6618 6617 25
7269 7267 26
7680 7680 33
8988 8987 27
138 138 32
762 762 28
2187 2187 33
3717 3716 30
4593 4593 26
4686 4684 29
5754 5754 24
9123 9123 25
9147 9146 34
9465 9464 31
468 467 32
747 747 34
1482 1480 28
2241 2239 24
2706 2704 30
3591 3590 26
3777 3776 26
5100 5098 29
7221 7221 32
8652 8652 27
1548 1547 33
2034 2034 34
2094 2093 25
2787 2786 28
5181 5179 25
5541 5541 31
5739 5738 31
6303 6302 26
6762 6762 27
7299 7297 26
2040 2040 26
2385 2384 27
4602 4601 33
5025 5025 25
5709 5707 25
5841 5841 28
8361 8360 31
9006 9005 34
9114 9112 24
9615 9614 34
276 276 27
2196 2195 33
2295 2294 31
2853 2853 31
5361 5359 30
5505 5504 31
6681 6679 30
8127 8125 33
8364 8363 25
9393 9391 25
1425 1425 31
2769 2769 27
3291 3290 32
3804 3802 24
4302 4300 25
4581 4581 30
5178 5178 29
6642 6640 26
7158 7156 28
9666 9666 29
2628 2627 27
3402 3401 30
3780 3779 26
4224 4224 30
6816 6816 28
7332 7330 27
7359 7359 27
7392 7392 32
7413 7413 31
9222 9220 25
1950 1949 31
4644 4644 33
4668 4668 33
4995 4995 33
5535 5533 30
6246 6244 31
6588 6588 33
7764 7764 28
8289 8288 31
9303 9301 26
246 244 29
987 985 29
1173 1173 27
1710 1710 29
1743 1742 31
2205 2204 30
6657 6656 31
6747 6745 27
6798 6796 33
7890 7889 32
339 337 25
2409 2409 29
3219 3218 30
3459 3458 31
4179 4178 28
6069 6067 29
6114 6114 32
6312 6310 29
7119 7117 26
8961 8959 29
411 411 30
1731 1730 27
2574 2572 25
3183 3181 30
3195 3193 28
4185 4185 29
6030 6030 28
6660 6658 29
8286 8286 28
9144 9143 33
792 792 33
1293 1293 28
3207 3207 32
4890 4890 24
5610 5608 28
5661 5659 33
7287 7287 30
7611 7610 29
9810 9808 28
9906 9906 29
594 594 33
1104 1103 28
2913 2912 32
3483 3481 34
4659 4658 32
5871 5869 30
6021 6019 25
7743 7741 28
9162 9160 29
9942 9942 33
213 213 33
1125 1125 30
1680 1679 29
4023 4023 29
4473 4471 27
6135 6135 30
6378 6378 31
7026 7025 33
8175 8175 26
9789 9789 30
204 204 33
2280 2279 27
2775 2773 30
4389 4389 29
4455 4453 30
4740 4740 32
4857 4855 32
6672 6670 29
6924 6923 34
7467 7465 29
924 922 32
2205 2203 28
3219 3219 28
3774 3772 26
4233 4231 25
6447 6447 31
7770 7768 32
7977 7976 30
8424 8424 30
8706 8706 24
1674 1674 27
1743 1741 27
3018 3016 29
3102 3102 30
4449 4448 33
6891 6890 26
7008 7007 31
7077 7075 27
9081 9079 24
9249 9249 32
1488 1486 27
1605 1605 32
3360 3359 24
3906 3906 26
6702 6702 33
7416 7416 25
7497 7496 27
8598 8597 31
9237 9237 29
9828 9826 26
654 654 25
2295 2294 29
2391 2391 27
2556 2555 25
4671 4670 32
4824 4823 30
5706 5706 28
5883 5882 31
7668 7668 33
9489 9489 27
1143 1143 28
2535 2535 30
4845 4844 29
5982 5982 26
6753 6752 32
7041 7039 30
7071 7071 34
7485 7484 29
7602 7600 33
7926 7925 31
135 135 26
1698 1697 33
3507 3506 26
5604 5602 29
5682 5682 30
6339 6339 27
6714 6713 32
6720 6720 24
8340 8338 32
9294 9292 32
66 66 32
495 493 31
5337 5337 27
5679 5677 25
6168 6166 31
6783 6781 29
7113 7111 32
7332 7332 32
8025 8024 34
8286 8286 30
273 271 25
1728 1728 32
3072 3071 33
3420 3418 28
4731 4731 26
6642 6640 28
6687 6687 33
7167 7167 30
8499 8498 29
9537 9536 25
15 14 27
3525 3525 32
3684 3683 28
4608 4606 25
5277 5276 27
6063 6062 33
6225 6225 28
7158 7156 30
8538 8536 25
9780 9778 33
390 389 26
501 501 27
3957 3956 24
4398 4397 26
4464 4464 26
4524 4523 32
4599 4597 32
7713 7713 33
7743 7741 30
9594 9592 28
411 411 32
939 939 30
3240 3238 31
3699 3698 29
4182 4180 32
6336 6335 28
7077 7076 24
7359 7357 31
9372 9371 31
9888 9887 31
1740 1740 31
2343 2341 27
3039 3037 26
3087 3085 31
4017 4017 29
6294 6292 26
6603 6601 34
7155 7154 25
9219 9219 25
9243 9242 29
1374 1373 30
1836 1834 30
1881 1881 28
4092 4091 29
5544 5544 29
6000 5999 31
7584 7584 30
7788 7788 34
8376 8376 33
9156 9154 30
1464 1463 24
1926 1924 24
2445 2443 25
2553 2552 27
2835 2834 31
3825 3823 25
3843 3841 29
4758 4757 27
6138 6138 29
7590 7589 28
