2000 100 4782165
20 141 229
20 100 215
20 93 247
20 105 200
20 53 186
20 115 190
20 68 175
20 126 198
20 84 167
20 94 203
20 97 216
20 146 214
20 118 169
20 137 243
20 68 215
20 108 250
20 54 211
20 51 203
20 62 233
20 107 202
20 56 159
20 80 222
20 97 153
20 67 168
20 144 170
20 127 190
20 72 169
20 109 172
20 127 205
20 118 160
20 109 160
20 115 177
20 110 227
20 67 174
20 150 162
20 78 160
20 99 236
20 104 159
20 119 189
20 97 197
20 67 156
20 76 211
20 114 204
20 107 228
20 113 166
20 78 232
20 93 207
20 83 181
20 132 224
20 148 201
20 133 207
20 84 239
20 55 208
20 143 248
20 128 195
20 81 190
20 131 163
20 72 204
20 66 218
20 123 211
20 150 231
20 103 245
20 127 237
20 104 158
20 141 207
20 76 207
20 140 250
20 139 199
20 112 150
20 106 245
20 86 160
20 67 166
20 135 160
20 60 247
20 128 240
20 113 227
20 75 233
20 95 170
20 65 202
20 135 153
20 93 231
20 76 157
20 119 231
20 65 184
20 71 172
20 115 201
20 149 234
20 66 159
20 82 156
20 73 245
20 128 203
20 67 181
20 133 216
20 113 169
20 148 234
20 102 163
20 72 234
20 60 236
20 131 189
20 62 166
714 714 17
2121 2121 13
2718 2717 14
3495 3494 14
3498 3497 17
5040 5040 13
5664 5664 17
5844 5844 14
5964 5964 16
7458 7457 17
7479 7477 14
7800 7799 13
7842 7841 18
8121 8119 17
8328 8328 12
8559 8558 14
8874 8873 14
9357 9356 16
9657 9656 15
9684 9682 16
885 883 13
1779 1777 13
2646 2646 14
2847 2845 14
4236 4235 13
4269 4267 17
4605 4603 16
5772 5771 14
5811 5809 13
5952 5952 13
6024 6024 12
6891 6890 16
7002 7000 17
7167 7166 17
7392 7391 17
7896 7895 15
8214 8212 15
8556 8556 17
9330 9328 17
9549 9547 16
996 996 14
2586 2584 17
3075 3073 14
3987 3986 13
4890 4888 16
4986 4984 15
5061 5059 15
5391 5389 16
5907 5906 17
6435 6433 13
6951 6951 16
6954 6952 13
7761 7759 16
7827 7826 13
8061 8061 15
8328 8328 14
8661 8660 14
9327 9326 17
9609 9607 16
9951 9950 14
774 774 17
1629 1628 14
1788 1787 13
2193 2193 16
2628 2628 15
2694 2693 15
2796 2795 13
2898 2896 15
3057 3055 16
3684 3682 16
4341 4341 13
5541 5541 14
6528 6526 13
6585 6585 17
6807 6805 16
6915 6913 13
6918 6916 15
7404 7404 16
8610 8609 17
9558 9557 13
363 362 16
375 373 13
1116 1115 13
2076 2076 14
2583 2583 17
2706 2705 17
3399 3399 15
3585 3583 12
3825 3825 13
3957 3955 15
4125 4124 12
6309 6309 15
6960 6958 17
7020 7018 16
7110 7109 17
8121 8121 13
8247 8246 12
8766 8764 13
9405 9404 13
9849 9848 13
963 963 15
2268 2267 15
2490 2489 16
2883 2883 13
3579 3578 13
5451 5451 17
5595 5595 17
5709 5707 15
5751 5750 16
6141 6140 15
7113 7112 15
7410 7408 17
7542 7540 16
7818 7817 16
8454 8454 15
8601 8601 16
8706 8705 13
8721 8720 17
9135 9135 16
9354 9353 13
426 426 15
597 597 14
1188 1186 12
2268 2268 17
2358 2357 17
2418 2417 12
3285 3285 14
3354 3353 15
3651 3650 14
4365 4363 16
4821 4820 16
4842 4841 13
5757 5757 13
8118 8117 16
8589 8588 14
8769 8768 17
8844 8842 16
9090 9088 15
9330 9330 13
9624 9622 14
189 189 15
222 222 16
858 857 15
1485 1485 17
1797 1795 12
1923 1923 18
3021 3021 17
3813 3812 13
4248 4246 13
5097 5096 13
5148 5147 15
5166 5164 13
5460 5458 16
5742 5742 17
5751 5750 16
5955 5954 17
6183 6181 16
7599 7598 13
7884 7883 14
8688 8686 13
87 87 17
102 100 17
810 810 17
1791 1790 18
2241 2239 18
3360 3359 15
3468 3466 12
3540 3538 14
3618 3616 17
3996 3995 17
4575 4574 13
6990 6989 16
7233 7231 17
8088 8088 16
8211 8209 14
8343 8342 17
8424 8423 17
8622 8621 15
9000 9000 14
9582 9581 12
249 248 17
465 463 18
642 640 16
882 881 16
927 926 14
1176 1176 14
1296 1294 17
1332 1332 12
1368 1368 13
1893 1891 16
2961 2960 13
4344 4344 14
5055 5055 17
5061 5059 12
5460 5459 14
5589 5589 15
6279 6279 13
8520 8518 16
8571 8570 15
9390 9390 15
1152 1151 17
1635 1635 15
1671 1670 14
3159 3157 13
3312 3312 15
3381 3379 16
3405 3403 14
3957 3956 13
4716 4714 13
4779 4778 17
5022 5021 16
6045 6043 17
7029 7028 16
7068 7068 16
7542 7542 14
7941 7939 15
8355 8355 15
8766 8766 17
9219 9219 13
9714 9713 17
1326 1324 14
1404 1404 14
1422 1422 13
1728 1727 13
1827 1827 17
2058 2057 17
2430 2428 14
2559 2558 16
4713 4713 17
5187 5185 15
5532 5532 12
5790 5789 16
5877 5876 14
6468 6468 13
7251 7251 14
8832 8831 14
8925 8925 14
9261 9260 14
9351 9349 15
9936 9935 16
660 658 15
681 681 16
984 984 13
1602 1601 18
2559 2558 15
3003 3002 17
3789 3787 13
3801 3800 17
5202 5200 14
5535 5534 14
5955 5953 14
6009 6009 16
6207 6205 14
6330 6330 17
6954 6954 13
7578 7577 14
7803 7801 14
7899 7897 13
8151 8150 17
9318 9316 14
345 345 13
381 381 16
783 781 17
867 867 13
1074 1072 13
1407 1407 13
1638 1636 16
2085 2085 17
2124 2123 14
3198 3196 12
3579 3579 17
3945 3943 17
4230 4230 17
4434 4434 16
5313 5311 17
6270 6269 15
8310 8309 15
8502 8502 13
9240 9238 14
9930 9928 17
582 580 14
687 686 14
942 941 15
1452 1450 14
1470 1469 13
1698 1697 14
1827 1827 17
2544 2543 13
2595 2595 13
2721 2719 18
3183 3183 17
3804 3804 16
4695 4694 13
5298 5298 13
5430 5429 13
5499 5498 12
5526 5526 17
8211 8209 17
8856 8856 12
9348 9347 16
1092 1090 13
1965 1964 17
2040 2040 17
2166 2165 15
2382 2381 17
2601 2599 13
2601 2601 13
2628 2628 13
2955 2955 14
3324 3324 17
5184 5184 16
5880 5879 13
6249 6247 13
6633 6632 14
6867 6866 16
7470 7470 15
8091 8091 13
8481 8479 14
9147 9146 14
9654 9653 17
1473 1471 16
1626 1624 14
2016 2014 17
3582 3580 16
3660 3658 16
4377 4377 17
4629 4627 13
4914 4912 16
4926 4924 15
5148 5148 15
5475 5473 15
5847 5847 16
5940 5940 13
6516 6515 13
6816 6815 16
6879 6878 17
8625 8624 13
8727 8725 16
8976 8975 16
9861 9861 12
126 124 15
675 675 15
885 883 15
1749 1747 17
2058 2057 16
2286 2284 15
2928 2926 18
3054 3054 15
4470 4468 17
4596 4595 17
5118 5118 17
5958 5958 15
6087 6086 14
6219 6217 17
6300 6300 16
8223 8222 14
8295 8294 16
8421 8421 17
9240 9240 17
9717 9715 17
1815 1813 17
1959 1959 17
2838 2838 13
4380 4378 15
4443 4441 17
4530 4529 13
5061 5060 17
5301 5299 14
6129 6127 17
6846 6845 15
7125 7123 17
7476 7474 15
7815 7813 14
7965 7964 17
8172 8172 17
8457 8455 14
8655 8654 13
8772 8771 17
9519 9518 15
9870 9870 14
174 174 17
465 464 14
684 683 17
708 708 14
840 838 14
1401 1399 12
3204 3204 13
3210 3208 17
3300 3300 13
4542 4541 14
4830 4830 17
5229 5228 13
5775 5774 14
6834 6833 15
7626 7624 16
8874 8873 17
9075 9075 17
9270 9270 15
9828 9827 15
9912 9910 15
402 402 14
870 870 14
1530 1530 13
2280 2279 14
2862 2862 17
2919 2917 18
3069 3069 13
3102 3100 13
3123 3121 17
3720 3719 17
3747 3745 14
3936 3936 17
5136 5134 13
6078 6077 13
6276 6274 14
6759 6757 15
7581 7581 17
8571 8571 14
8934 8934 17
9981 9980 14
939 939 15
1293 1291 17
1950 1949 16
3624 3622 14
4038 4038 14
4074 4074 14
5157 5155 13
5211 5210 13
5673 5672 17
5931 5930 13
6006 6005 16
6180 6180 16
6582 6580 15
7005 7005 13
8010 8008 17
8361 8360 13
9012 9012 16
9192 9190 17
9339 9338 18
9594 9594 14
1398 1398 15
1572 1572 15
1875 1875 14
2343 2341 14
2679 2677 16
2979 2978 15
3540 3540 14
3777 3776 17
4308 4307 15
4389 4389 13
4662 4660 16
4839 4839 17
5193 5191 15
5562 5560 15
5769 5768 15
6042 6041 16
7008 7007 16
7218 7217 14
7677 7677 15
8625 8623 14
51 49 15
612 611 16
771 771 16
2091 2091 14
2121 2119 14
2796 2794 16
3159 3157 16
3210 3210 13
4095 4095 15
4755 4753 14
5202 5200 14
5634 5632 16
5646 5644 14
6093 6093 14
6696 6694 14
7095 7093 16
7959 7958 14
7977 7976 15
8424 8424 15
8490 8489 14
510 509 13
978 976 16
2490 2489 15
2589 2588 16
2964 2963 16
3315 3313 18
4278 4277 12
4527 4527 15
6180 6178 13
6273 6272 13
6888 6888 14
7041 7041 16
7359 7359 14
7650 7649 17
7755 7754 13
7812 7811 16
7848 7846 14
7893 7891 13
9678 9676 12
9945 9944 13
330 330 15
1806 1806 17
2235 2234 15
2433 2432 15
3162 3161 13
3624 3623 17
4347 4347 14
4350 4348 17
4584 4583 17
5085 5084 13
5478 5477 17
5889 5887 14
5946 5945 14
6267 6267 15
7539 7539 15
7641 7639 13
8403 8403 14
9072 9070 15
9264 9263 14
9492 9492 15
393 393 16
636 636 13
1041 1041 12
1230 1229 13
1287 1287 17
2172 2170 17
2730 2730 14
3417 3417 15
4113 4112 13
5046 5045 14
6066 6066 15
6162 6162 16
6789 6787 14
6906 6906 17
7446 7444 16
7875 7874 13
7893 7893 14
9264 9263 14
9513 9511 13
9573 9573 17
99 97 16
444 444 13
594 594 13
1416 1414 16
1422 1420 17
1950 1950 15
2526 2524 16
2934 2932 13
2973 2972 16
3195 3193 13
3435 3435 17
5319 5317 15
5790 5789 18
6105 6103 13
6615 6613 15
6750 6748 17
6930 6929 16
7203 7202 13
8340 8340 15
9576 9574 14
429 429 14
516 514 18
678 676 15
1686 1685 12
1887 1886 15
1932 1931 14
1944 1943 17
2466 2464 13
2586 2585 17
2643 2642 15
2781 2780 15
3030 3030 13
3543 3541 15
4119 4117 17
4233 4231 17
4362 4362 15
5112 5112 16
5763 5763 14
6450 6449 15
7509 7507 17
243 241 13
1092 1090 12
1689 1687 16
2022 2020 15
2304 2304 17
3846 3845 14
4542 4542 16
5898 5898 12
5958 5956 17
6036 6034 13
6045 6043 14
6234 6233 12
7065 7063 14
7365 7363 16
7506 7504 16
7623 7621 16
8187 8186 13
8367 8366 15
8718 8716 14
9567 9566 14
24 24 17
270 268 17
765 763 17
936 936 15
1503 1501 18
2205 2203 14
2364 2364 17
2646 2644 16
2703 2701 15
3822 3820 13
4197 4196 13
4803 4802 16
4806 4806 15
5142 5140 15
5418 5418 15
5610 5610 13
7212 7211 17
7230 7228 17
7500 7498 14
8517 8515 17
27 27 16
294 294 14
1017 1017 15
1857 1855 17
1920 1919 17
2109 2109 17
2157 2155 17
2334 2334 17
2880 2880 14
3309 3309 13
4158 4157 17
5103 5101 17
5373 5371 14
6201 6201 13
6351 6350 15
7140 7139 15
7476 7476 13
8379 8379 17
8502 8502 17
8841 8839 13
264 264 13
384 382 14
1155 1155 18
1461 1460 15
2064 2062 17
2979 2977 15
3600 3600 15
3618 3616 14
4506 4504 12
4920 4919 14
6246 6244 16
7038 7036 17
7113 7111 13
7518 7518 17
7695 7694 15
8208 8207 17
8640 8639 14
9324 9322 13
9339 9338 16
9942 9941 13
162 160 15
336 335 16
753 752 16
1323 1321 17
1632 1631 15
3453 3451 13
3792 3791 14
4323 4323 12
5289 5288 14
5388 5386 13
5616 5614 17
5724 5723 17
6840 6838 17
8007 8007 14
8148 8147 15
8157 8156 14
8760 8760 15
8943 8943 14
9096 9096 12
9849 9847 13
510 510 15
564 562 15
1332 1331 15
1449 1449 17
1929 1928 12
2427 2426 15
2577 2576 15
2652 2651 15
3165 3164 13
3432 3431 15
3903 3903 17
4371 4370 13
5001 4999 13
6216 6215 17
6726 6726 15
7038 7038 17
7182 7180 15
7398 7398 13
8835 8833 16
9297 9296 15
393 391 13
459 457 15
2160 2160 15
2340 2338 17
2358 2357 13
2568 2568 13
3063 3061 14
3381 3380 17
3564 3564 13
3591 3590 16
3786 3784 16
3942 3940 14
4443 4441 16
5457 5457 15
6438 6436 15
8586 8585 18
8805 8805 13
9414 9412 15
9750 9748 14
9912 9910 17
12 12 14
1356 1355 16
2202 2202 13
2208 2206 17
2418 2418 15
3729 3727 17
4542 4540 12
5004 5002 13
5052 5051 17
6072 6071 13
7218 7217 16
7338 7338 17
7842 7840 15
7881 7881 13
8121 8119 13
8124 8122 13
8157 8156 13
8208 8207 17
8721 8720 13
8916 8915 13
531 529 15
1995 1993 14
2040 2040 16
2070 2068 15
2421 2419 15
2718 2718 13
2961 2960 12
2991 2991 14
3150 3149 16
3639 3638 14
5046 5044 13
5241 5240 15
6105 6104 15
7185 7183 14
7227 7225 12
7635 7634 13
7674 7672 14
8124 8122 16
8163 8162 17
8535 8534 14
465 465 12
672 670 13
1665 1663 14
1896 1895 13
1905 1904 16
1920 1919 13
2283 2282 17
2490 2489 13
2769 2768 17
3471 3470 13
3885 3885 15
4338 4337 15
4728 4726 13
5571 5569 16
5763 5761 17
5859 5859 14
8394 8393 16
8805 8803 16
9393 9393 17
9597 9596 13
231 231 16
648 646 16
1146 1146 13
1689 1688 13
1941 1941 17
1959 1957 17
2271 2271 17
2577 2576 17
3447 3446 13
4503 4502 16
4677 4676 16
5298 5296 17
5370 5370 15
5454 5454 15
5703 5702 14
7737 7736 13
8409 8407 18
8925 8923 14
9132 9130 13
9543 9543 12
903 903 15
978 977 16
2172 2171 17
2940 2940 15
3120 3120 14
3618 3617 15
3711 3711 16
3843 3843 15
3888 3887 14
4053 4053 12
4923 4921 12
5232 5231 15
5616 5616 13
5769 5769 14
6054 6052 13
6411 6410 14
6579 6578 15
6654 6652 15
8667 8667 15
9528 9527 17
540 539 17
669 669 15
1146 1145 15
1206 1204 15
1515 1513 13
1992 1991 14
2031 2029 15
2970 2970 14
3261 3261 13
3432 3431 15
5412 5411 17
5454 5452 17
6282 6281 16
6333 6332 18
6915 6914 18
7140 7139 17
7416 7414 17
7788 7787 17
8115 8113 17
9684 9683 15
6 4 13
54 52 13
351 349 17
1374 1372 18
1617 1616 16
1656 1654 17
2049 2048 17
2499 2497 13
3012 3010 15
3213 3213 16
3570 3568 16
4995 4993 13
5568 5567 15
5949 5947 15
6537 6535 15
7248 7246 16
7677 7676 17
9114 9114 15
9270 9268 13
9375 9374 14
564 563 17
1827 1826 15
1983 1983 14
2484 2484 13
2748 2747 16
3861 3859 16
3951 3949 14
4062 4062 14
4371 4371 13
4548 4548 14
4797 4795 13
5091 5089 13
5472 5472 17
5772 5772 16
6087 6085 13
6267 6267 15
6315 6313 17
6792 6792 13
9192 9191 14
9972 9972 13
354 354 15
1266 1265 17
1281 1280 16
1785 1784 16
1800 1799 17
1902 1900 15
2004 2004 13
2265 2265 14
2490 2489 15
3426 3425 17
4848 4847 16
4884 4884 13
5025 5023 12
5196 5194 17
5628 5626 18
5778 5778 16
6792 6790 16
6936 6934 13
8673 8672 16
9366 9366 15
1659 1659 14
2139 2138 15
2481 2480 15
3156 3155 14
4245 4243 15
4704 4703 16
4833 4833 15
5388 5386 17
6147 6147 14
6597 6595 15
6888 6887 15
6990 6989 14
7182 7182 14
7227 7226 17
7272 7271 16
7923 7922 17
8253 8253 15
8427 8426 17
8445 8445 17
8817 8817 14
165 164 15
780 778 14
933 931 17
1215 1214 17
1992 1990 15
2712 2710 16
3126 3124 14
3207 3205 13
4323 4321 13
4665 4664 16
4986 4984 14
6102 6100 14
6498 6496 17
6702 6700 17
7410 7410 17
7476 7475 15
8151 8149 12
8757 8757 14
8775 8774 14
8808 8806 15
186 186 15
990 988 16
1899 1898 14
3699 3699 17
4002 4000 13
4086 4084 17
4926 4924 17
5196 5195 14
5346 5345 16
6063 6063 13
7269 7268 15
7488 7486 16
7584 7583 17
7590 7589 16
7686 7684 17
8274 8272 15
8334 8332 12
9468 9468 16
9804 9802 13
9897 9896 16
825 824 17
957 955 16
1089 1089 17
1770 1768 13
2904 2903 16
3357 3356 14
3471 3469 15
3573 3573 17
4203 4203 15
4242 4242 16
4521 4521 16
4551 4551 16
4995 4993 14
5055 5054 14
5850 5848 15
6108 6108 15
6258 6257 12
6540 6540 14
8343 8343 15
9540 9540 14
132 131 14
162 162 16
543 541 13
711 709 16
1932 1930 15
3240 3240 15
3702 3700 16
4287 4285 17
4638 4637 16
5112 5112 14
5439 5438 16
6036 6034 14
6936 6936 14
6972 6971 15
6987 6987 14
7731 7731 15
7743 7743 17
7770 7770 15
8376 8374 17
8769 8767 16
2142 2142 15
2883 2883 14
3411 3409 16
3444 3442 16
3600 3598 14
3897 3895 15
4701 4699 15
4935 4933 13
5406 5404 17
6057 6056 17
6549 6547 13
6954 6952 15
7068 7068 12
7101 7099 14
7752 7752 12
8337 8337 15
8826 8825 14
9036 9034 15
9249 9249 14
9609 9608 16
849 847 13
1461 1459 14
1539 1538 17
2418 2417 14
3390 3388 15
3495 3493 14
4647 4646 15
4947 4946 13
5097 5097 14
5208 5206 14
6441 6439 16
6618 6618 16
6777 6777 15
7356 7354 17
7398 7398 14
7545 7545 14
7983 7982 18
8040 8038 13
8163 8162 14
8583 8582 16
195 193 17
429 429 14
810 808 15
1158 1157 15
1233 1231 13
2082 2080 14
2394 2394 15
3681 3681 15
4002 4001 13
4056 4055 17
4701 4701 17
4860 4858 14
4980 4978 17
5421 5420 15
6204 6203 12
6474 6474 16
6507 6506 17
7704 7704 17
8352 8352 15
9018 9016 16
219 218 13
564 562 14
678 676 16
783 783 14
816 815 15
2427 2426 17
2445 2445 13
2907 2905 17
2958 2957 13
3366 3366 17
4509 4507 17
5268 5268 15
7665 7663 14
8052 8051 18
8547 8546 15
8616 8614 15
8643 8641 13
9276 9275 15
9294 9292 16
9891 9889 16
453 451 17
981 980 14
990 988 14
1425 1424 16
1437 1435 14
1776 1776 15
1836 1835 17
2889 2889 15
3303 3302 14
3507 3507 13
4500 4498 14
4995 4993 15
5025 5025 17
5475 5475 17
6195 6193 14
6696 6694 14
8982 8981 12
9666 9665 15
9897 9897 17
9900 9900 15
117 117 13
393 393 12
966 964 18
2418 2417 15
2445 2443 15
2916 2916 14
2952 2952 14
3222 3221 14
3414 3413 15
3630 3628 17
4128 4128 17
4674 4672 17
5529 5529 14
6057 6056 14
6081 6081 15
6093 6091 12
6132 6131 16
6738 6738 13
7473 7473 17
7953 7951 16
918 916 16
1671 1671 14
1833 1832 16
2154 2153 15
2619 2618 14
2706 2706 14
2877 2875 13
4155 4154 16
5145 5143 13
5439 5438 17
5772 5770 15
5835 5835 17
6039 6038 15
6384 6383 14
7047 7045 16
7674 7674 17
8340 8339 13
8802 8801 16
9030 9028 14
9651 9650 13
462 461 17
771 771 17
1233 1231 17
1881 1881 16
2424 2423 17
2535 2535 12
4287 4285 15
4995 4995 14
5148 5148 15
5154 5152 14
5628 5626 16
5949 5948 16
6039 6037 14
6192 6191 17
7587 7585 17
7710 7708 14
8166 8165 16
8655 8655 15
8988 8988 17
9996 9996 13
69 69 16
1005 1003 16
1230 1228 16
1425 1425 16
1518 1517 14
1818 1817 13
2121 2121 16
2700 2698 14
4065 4065 13
4917 4915 13
5550 5549 14
5709 5707 15
6081 6079 17
6645 6643 15
6744 6743 18
8664 8664 13
9012 9010 18
9024 9023 17
9501 9501 16
9903 9902 15
789 788 15
1023 1022 14
1215 1213 15
1590 1588 15
1731 1730 15
2607 2606 16
2697 2697 12
3630 3630 13
3738 3736 13
3837 3837 15
5169 5168 15
5424 5422 17
5817 5816 14
6285 6285 14
6951 6950 13
7083 7082 16
7668 7668 17
8283 8282 16
9261 9259 16
9981 9981 17
468 467 15
648 646 14
816 815 16
1302 1300 16
1596 1594 16
2169 2169 17
3264 3264 12
3444 3444 17
3492 3491 14
3594 3592 14
4572 4572 13
5403 5403 15
6624 6624 17
6918 6917 15
7239 7238 16
7959 7959 15
8280 8278 15
8910 8910 16
9360 9360 13
9882 9880 13
1938 1938 16
2454 2453 14
2697 2696 17
2880 2879 15
3171 3169 14
3480 3479 17
3711 3710 17
4194 4192 17
4536 4536 13
4980 4980 14
5997 5995 17
6030 6028 14
6117 6115 14
6420 6419 16
6546 6545 14
7764 7763 14
8742 8742 16
8958 8956 15
9264 9262 17
9627 9625 13
267 265 17
573 571 17
942 941 15
978 977 16
1224 1222 13
1677 1676 12
3000 2999 14
3486 3486 15
3609 3607 16
3645 3645 16
4122 4120 16
4572 4571 14
4656 4656 17
5268 5266 15
5406 5404 15
6621 6620 14
6837 6835 17
7167 7167 13
8730 8728 13
9603 9603 14
108 106 15
327 327 16
1104 1104 15
1740 1739 16
2274 2274 13
5442 5442 15
5751 5750 15
6180 6178 14
6921 6919 16
6966 6966 16
7020 7018 16
7437 7437 13
7572 7571 14
8085 8083 15
8244 8243 16
8556 8555 16
8682 8680 17
8883 8882 15
8937 8935 17
9573 9573 14
69 67 15
417 416 15
801 801 17
858 858 14
1386 1384 13
1569 1569 16
1938 1936 16
2265 2265 15
2949 2948 13
3624 3623 15
3753 3752 18
5169 5168 14
5388 5388 12
5718 5718 15
5961 5960 13
6045 6045 14
6048 6047 14
7212 7211 15
7581 7581 14
8400 8398 12
42 40 13
891 891 14
1293 1292 15
1740 1738 15
2292 2292 17
2970 2968 18
3849 3848 16
3876 3876 12
4083 4081 15
4407 4405 14
4425 4423 17
5655 5653 14
6660 6659 13
7038 7036 15
7113 7113 17
7170 7169 14
8391 8390 14
8688 8687 16
9417 9417 15
9585 9583 13
153 152 17
237 237 13
1542 1540 15
1653 1651 14
2184 2184 17
2607 2607 15
2682 2680 14
2925 2924 17
3315 3315 16
5241 5240 14
6270 6270 13
6462 6460 17
6741 6740 14
6798 6798 17
6861 6861 15
6897 6895 12
7074 7074 14
7680 7680 18
8592 8591 17
9528 9526 14
1230 1229 17
1431 1431 15
1752 1751 16
2286 2284 14
2406 2405 13
3138 3137 14
4098 4096 17
4113 4113 13
4497 4495 14
4524 4524 16
4608 4606 13
4929 4928 15
5187 5187 16
5418 5416 13
6000 5998 13
6747 6747 16
6945 6943 15
7041 7040 17
7884 7884 14
7983 7983 13
1083 1081 14
1224 1224 17
1653 1651 15
1734 1733 13
2142 2141 17
4302 4301 14
4353 4351 17
5235 5234 17
5256 5256 17
5730 5729 13
6147 6145 16
6249 6249 17
6429 6429 13
6795 6794 17
7530 7529 17
7533 7532 15
8178 8177 15
8508 8508 14
8778 8777 14
9564 9562 13
288 287 16
384 384 16
789 788 17
1629 1627 17
2526 2525 17
3096 3095 16
4200 4198 17
4371 4369 15
4374 4374 14
5454 5453 13
5760 5758 13
5826 5825 16
6042 6042 15
6321 6321 13
7437 7437 13
7536 7534 14
7683 7682 17
7704 7702 12
7842 7842 17
8622 8620 16
462 462 14
1185 1183 15
3318 3317 13
3567 3565 17
4197 4197 14
4953 4951 13
4953 4953 17
5226 5224 15
7236 7234 17
7239 7237 15
8010 8010 12
8031 8030 14
8175 8173 17
8298 8296 16
8325 8325 13
8493 8493 17
8955 8954 17
9075 9075 16
9168 9167 14
9519 9518 17
171 169 15
252 252 17
1371 1370 16
1446 1445 14
1497 1497 15
1887 1886 13
2694 2694 13
2697 2695 18
3072 3071 13
4152 4151 13
5274 5273 16
5313 5312 15
6009 6009 14
6837 6835 16
7179 7177 15
7230 7228 15
7845 7845 15
8877 8875 17
9900 9899 14
9957 9956 16
192 191 17
771 769 13
906 904 12
1068 1068 13
1266 1264 17
1908 1906 15
2262 2261 17
2463 2461 15
3180 3180 17
3321 3321 12
3390 3390 14
4953 4951 17
5094 5092 15
5955 5955 14
6216 6216 14
6345 6345 15
6939 6937 15
6963 6963 13
7761 7760 14
9567 9566 16
840 838 13
906 906 15
1671 1671 12
2370 2369 13
3369 3367 14
4044 4042 17
4128 4126 13
4362 4362 17
4527 4525 15
5442 5441 15
6162 6160 15
6429 6427 14
6444 6443 16
6678 6677 14
6729 6728 12
7950 7949 17
8052 8051 14
8805 8804 15
8916 8915 15
9099 9098 12
243 241 17
621 619 13
846 846 15
900 899 12
1692 1691 14
1740 1740 17
2019 2017 14
2172 2170 16
3741 3740 14
4533 4533 14
5064 5062 15
5370 5370 16
5679 5679 12
6798 6798 16
7596 7596 15
7830 7829 15
8364 8362 16
9051 9051 13
9117 9116 12
9534 9533 15
105 104 16
1539 1537 13
2004 2004 16
2358 2357 13
3954 3954 16
4164 4163 16
4203 4202 18
5067 5067 15
5121 5119 13
5958 5956 14
6405 6404 13
6603 6601 17
7047 7046 16
7290 7290 15
7548 7547 14
7770 7770 17
8244 8244 12
8547 8547 16
8970 8969 17
9849 9849 16
225 225 13
513 511 13
528 528 13
837 836 12
843 842 13
1848 1846 14
3348 3348 13
3972 3971 17
4221 4219 13
5718 5718 15
6132 6132 17
6339 6338 15
6429 6427 13
7530 7530 16
7920 7919 15
8052 8051 17
9336 9336 13
9372 9371 15
9567 9565 16
9735 9734 13
735 734 16
2718 2718 15
2838 2837 16
3048 3046 12
3351 3351 15
3450 3448 17
3891 3890 17
3939 3938 14
4236 4235 16
5919 5917 16
5997 5997 17
6090 6090 15
7293 7291 15
7506 7506 16
7671 7669 14
8307 8306 16
8334 8333 17
8370 8370 17
8403 8402 14
8637 8637 14
984 983 14
1062 1060 14
1584 1584 13
1629 1628 15
1860 1860 14
2190 2190 16
2388 2386 14
2553 2553 15
2856 2855 16
3849 3847 17
4674 4673 12
5139 5138 14
6405 6405 15
6921 6920 12
7251 7249 13
8640 8640 14
9210 9208 13
9294 9294 14
9726 9724 14
9900 9900 16
558 556 16
729 727 17
903 902 17
993 991 14
1851 1851 16
3150 3148 15
3597 3596 15
3708 3707 13
3987 3985 13
5199 5199 16
6384 6382 14
7002 7002 14
7533 7533 13
7569 7569 14
8859 8858 15
9249 9247 16
9306 9304 13
9429 9429 16
9759 9758 15
9840 9839 15
180 178 13
1281 1279 13
2742 2742 14
2835 2835 17
3345 3345 17
4719 4718 16
5631 5629 13
6978 6976 13
7404 7404 17
7677 7676 14
7965 7965 13
8214 8212 12
8361 8360 15
8595 8594 17
8772 8771 15
9096 9096 16
9204 9203 15
9414 9414 17
9447 9446 16
9648 9648 13
810 808 12
1446 1444 17
1470 1469 13
1992 1990 12
2103 2101 13
2472 2471 17
2904 2904 16
2952 2951 17
3765 3765 16
3771 3770 16
3828 3826 13
3861 3859 16
4419 4418 15
5526 5524 14
6435 6434 15
7167 7167 14
7632 7631 17
7647 7647 17
8796 8796 17
9831 9831 16
471 471 14
1506 1506 17
1785 1784 13
1995 1995 15
2631 2631 16
2901 2899 17
3033 3033 14
3354 3354 13
3396 3395 15
3657 3657 13
3939 3938 14
4017 4016 17
4749 4747 16
5880 5879 14
7017 7015 12
7131 7129 17
7341 7340 13
8142 8142 14
8310 8309 13
8676 8676 17
381 381 14
480 478 16
660 660 16
2373 2373 15
3204 3203 17
3216 3214 14
3540 3540 15
4497 4495 16
4758 4756 15
6201 6199 17
6429 6429 14
6834 6832 15
7440 7440 13
7767 7766 15
7797 7795 12
7977 7975 16
8193 8193 17
8550 8550 17
8628 8626 14
8748 8747 13
15 14 14
168 168 17
663 662 16
1107 1105 17
1194 1193 13
1467 1465 13
1638 1638 18
1728 1727 13
1908 1908 17
2250 2250 13
2292 2292 14
2988 2988 15
3003 3002 17
4455 4453 16
5151 5150 15
5643 5643 13
6525 6524 15
6684 6684 17
8334 8334 18
9633 9632 14
171 169 14
1119 1118 17
1332 1331 14
1932 1931 15
1989 1989 15
2601 2601 14
2742 2742 14
3699 3697 14
4059 4059 16
4194 4192 14
4827 4825 14
5172 5172 17
5274 5273 16
6489 6487 17
7263 7262 16
7527 7527 14
8907 8907 17
9483 9483 18
9669 9669 17
9768 9768 15
192 190 12
1245 1245 13
1410 1409 13
1503 1502 17
1815 1814 17
2781 2781 14
2922 2920 17
2994 2994 15
3540 3540 13
4374 4374 15
4836 4835 14
5553 5552 14
5619 5617 14
5820 5820 18
6378 6377 14
6585 6583 15
6891 6891 15
7188 7186 13
8118 8117 16
8877 8876 16
189 187 16
834 832 18
1359 1358 16
1386 1385 15
1521 1521 15
1800 1798 16
2763 2762 14
3171 3171 13
4269 4267 13
4797 4796 15
5976 5974 17
6048 6048 15
6057 6056 14
6447 6445 17
6867 6867 15
7827 7825 12
8202 8200 13
9339 9338 13
9693 9693 13
9969 9969 18
1470 1470 18
2154 2154 15
2607 2607 14
2634 2634 16
3153 3153 13
3747 3745 13
4506 4506 14
4623 4622 17
4710 4710 16
4947 4947 13
6150 6150 17
6306 6304 16
6609 6609 12
7755 7755 15
8070 8069 14
8685 8683 15
9135 9135 14
9201 9199 17
9450 9448 14
9762 9761 16
852 852 16
1419 1417 13
1548 1548 17
2478 2477 12
3567 3567 13
4335 4333 14
5292 5291 17
5346 5345 17
6162 6162 14
6330 6329 14
6837 6837 17
6945 6943 16
7224 7222 13
8175 8174 16
8286 8284 14
9006 9006 16
9204 9204 17
9249 9249 16
9483 9482 16
9924 9922 13
6 6 12
411 409 17
927 926 17
1617 1616 14
1713 1713 17
2118 2118 17
2187 2185 15
2289 2288 13
2505 2504 14
2919 2917 15
3207 3207 14
3312 3311 15
3411 3410 17
4056 4054 17
5172 5170 13
6285 6284 16
6744 6743 17
7152 7152 14
7164 7162 13
9294 9292 13
36 35 13
396 395 15
567 565 15
1134 1132 18
2271 2271 14
4236 4236 17
4284 4284 18
5040 5040 17
5265 5265 12
5358 5356 14
5490 5488 16
6597 6596 13
7338 7337 17
7572 7570 16
8064 8063 16
8421 8420 16
8907 8906 16
9261 9261 12
9603 9601 13
9792 9791 18
186 184 15
1677 1675 17
2433 2433 14
3009 3009 14
3348 3347 13
3408 3407 15
3837 3837 14
4158 4158 14
4698 4698 17
5031 5030 13
5463 5463 16
6267 6265 12
6588 6588 15
6858 6858 15
7317 7315 12
7326 7324 17
8100 8100 15
8181 8179 13
8547 8546 15
8781 8780 15
321 321 13
366 365 14
576 574 17
1263 1261 17
1464 1463 16
2418 2416 17
2784 2784 14
2838 2838 13
4476 4476 14
5049 5048 14
5175 5175 16
5487 5487 13
5703 5701 13
6000 6000 17
6087 6087 14
6240 6238 15
6642 6641 16
7557 7557 14
7800 7798 15
8745 8744 17
213 211 14
456 454 13
981 981 17
1167 1167 16
1821 1821 14
2322 2322 15
2985 2983 13
3081 3079 12
3135 3133 17
3873 3872 14
4452 4452 14
4854 4854 13
5730 5729 15
6852 6850 15
7056 7054 14
7986 7984 16
8082 8081 17
8640 8640 16
9132 9130 16
9762 9761 15
507 505 15
717 715 14
1044 1044 15
1134 1134 14
1932 1930 13
1962 1960 17
2652 2651 16
3006 3005 14
3060 3058 12
4272 4272 17
4704 4704 17
4902 4901 17
5193 5192 14
6798 6796 17
7191 7190 15
7716 7715 15
9174 9172 15
9336 9335 17
9522 9522 15
9756 9754 13
192 191 17
360 358 17
426 426 15
849 847 12
948 946 15
1674 1673 15
1854 1854 14
1920 1919 16
2046 2045 16
2658 2657 16
3771 3769 13
4083 4081 18
4143 4143 15
5550 5548 14
5649 5649 13
8010 8008 15
8184 8182 16
9243 9242 13
9270 9270 15
9615 9614 14
474 472 17
1548 1547 16
1941 1939 14
2034 2033 17
2109 2109 16
2148 2147 17
2469 2469 16
2682 2682 14
3663 3662 15
3747 3745 15
4962 4961 14
5016 5015 14
5694 5693 15
5730 5728 14
7071 7070 15
7758 7758 17
9576 9574 15
9768 9768 17
9831 9829 14
9912 9910 17
441 441 15
1110 1109 17
1845 1845 14
1935 1935 16
2202 2200 13
3189 3187 14
3789 3787 17
5079 5078 14
5217 5215 12
5769 5768 15
6192 6191 15
6321 6321 15
6435 6433 17
6999 6997 17
7944 7944 14
8058 8057 14
8301 8300 12
8382 8382 16
8844 8844 13
8970 8968 12
87 87 16
402 402 13
1347 1345 13
1623 1622 14
2541 2540 13
2715 2714 16
2916 2914 16
3225 3225 14
3267 3267 15
4098 4097 16
4104 4102 17
4881 4881 14
4923 4923 15
6435 6434 13
6714 6714 17
6735 6734 14
7416 7414 14
7650 7648 17
7791 7789 15
8553 8552 14
