2000 20 5054881
100 108 234
100 100 182
100 58 172
100 58 203
100 135 187
100 124 215
100 109 177
100 150 232
100 81 242
100 122 191
100 138 204
100 82 174
100 118 188
100 144 180
100 120 188
100 90 217
100 65 183
100 100 158
100 73 160
100 81 224
117 116 3
186 184 3
189 188 2
204 203 2
264 264 2
354 352 2
492 491 3
543 541 3
702 702 3
843 842 2
960 958 3
981 980 3
984 984 2
1011 1009 2
1218 1218 2
1221 1219 2
1224 1222 3
1299 1298 3
1443 1443 3
1785 1784 3
2019 2017 2
2106 2104 3
2121 2120 3
2220 2219 3
2253 2251 2
2265 2264 2
2685 2685 3
2700 2699 3
2787 2786 3
3015 3014 2
3021 3021 2
3033 3031 2
3054 3052 3
3114 3113 2
3162 3160 2
3234 3233 3
3306 3305 3
3495 3495 3
3807 3806 2
4194 4193 2
4293 4292 3
4311 4309 3
4422 4421 2
4464 4463 2
4629 4629 2
4659 4658 3
4779 4778 2
4896 4896 3
5022 5021 2
5067 5065 3
5145 5143 3
5223 5222 3
5232 5230 3
5256 5256 2
5262 5261 3
5265 5263 2
5334 5333 3
5442 5441 2
5475 5474 3
5502 5502 2
5547 5547 2
5694 5692 2
5715 5713 2
5880 5879 2
5886 5886 3
5892 5891 2
5973 5973 3
6060 6058 2
6072 6072 2
6270 6268 3
6327 6326 2
6411 6410 3
6522 6521 3
6597 6595 2
6651 6649 2
6729 6728 2
6996 6996 3
7119 7118 2
7278 7278 3
7311 7310 3
7335 7333 3
7776 7776 3
7782 7780 3
8022 8021 3
8112 8110 3
8160 8158 2
8172 8171 3
8202 8201 2
8220 8218 2
8550 8548 2
8631 8631 3
9162 9160 2
9234 9232 2
9282 9282 3
9375 9373 3
9447 9445 3
9513 9513 2
9528 9527 2
9744 9742 2
9798 9796 2
33 31 2
93 91 2
96 94 3
168 168 2
309 307 2
315 315 2
339 338 3
351 349 3
741 741 3
771 769 2
777 777 3
918 916 2
948 946 2
1260 1258 2
1278 1276 2
1293 1292 3
1314 1313 2
1443 1441 3
1695 1694 3
1698 1696 3
1908 1907 2
1965 1963 2
2049 2049 3
2094 2094 3
2151 2151 3
2214 2214 2
2469 2469 2
2583 2581 2
2937 2937 2
2943 2941 3
2961 2959 2
3015 3013 3
3051 3051 3
3057 3055 3
3099 3098 2
3102 3101 2
3123 3122 2
3141 3140 2
3180 3180 2
3636 3635 2
3645 3644 2
3657 3655 3
3669 3669 2
3786 3786 3
3819 3818 3
3999 3998 3
4149 4148 2
4251 4251 2
4365 4365 2
4551 4551 3
4560 4558 3
4563 4563 3
4599 4598 3
4608 4608 3
4737 4737 3
4965 4964 2
5007 5007 3
5070 5070 3
5379 5379 2
5400 5399 2
5454 5453 3
5469 5467 3
5550 5549 2
5592 5592 2
5607 5606 2
5619 5619 2
5895 5894 2
6276 6275 2
6336 6334 2
6393 6391 3
6630 6629 3
6786 6784 3
6864 6863 3
6927 6926 3
6951 6949 2
6984 6983 2
7053 7053 2
7062 7062 3
7080 7080 2
7242 7242 3
7686 7685 3
7767 7765 2
7827 7826 3
8163 8162 2
8583 8583 2
8826 8826 3
8838 8836 2
8928 8926 3
8937 8936 3
9075 9073 3
9162 9160 2
9348 9347 2
9444 9443 3
9492 9491 3
9549 9548 3
9627 9626 3
9663 9662 3
9819 9819 2
9888 9886 3
9915 9915 2
66 65 3
180 179 3
219 218 2
258 256 3
321 319 2
738 736 2
915 915 3
951 949 2
1170 1169 2
1209 1208 3
1215 1214 2
1260 1259 3
1581 1580 3
1584 1584 3
1737 1735 2
1980 1979 3
2016 2016 2
2085 2083 3
2181 2180 2
2379 2379 2
2508 2508 3
2559 2559 3
2700 2700 3
2724 2724 3
2730 2729 3
2760 2760 2
2877 2877 2
3069 3067 2
3090 3089 3
3102 3101 2
3171 3171 2
3213 3213 2
3285 3285 2
3336 3334 3
3438 3436 3
3450 3450 3
3504 3504 3
3534 3533 2
3615 3615 2
3753 3751 3
3801 3800 3
3834 3832 2
3978 3977 3
4017 4017 2
4032 4032 3
4464 4464 2
4494 4493 3
4557 4556 2
4881 4879 2
4881 4880 2
4932 4930 2
4956 4955 2
5052 5052 2
5076 5075 2
5124 5122 2
5271 5271 2
5376 5376 3
5415 5414 3
5583 5583 2
5694 5692 2
5874 5873 2
6027 6026 2
6099 6098 3
6189 6188 2
6696 6694 2
6783 6781 3
6954 6952 2
7032 7030 2
7128 7128 2
7173 7171 3
7239 7237 2
7278 7278 2
7353 7351 2
7386 7384 3
7398 7398 3
7566 7566 2
7812 7811 2
8013 8012 3
8079 8078 2
8316 8316 2
8373 8372 2
8412 8411 2
8610 8609 2
8634 8634 3
8634 8634 3
8652 8650 3
8658 8657 3
8712 8710 2
8826 8825 3
8844 8844 2
8850 8848 3
9045 9045 3
9051 9050 3
9324 9322 3
9342 9341 2
9591 9591 2
9735 9733 3
9864 9863 2
9912 9911 3
9963 9961 3
6 6 3
114 113 3
162 162 3
387 385 2
726 724 2
846 845 3
906 905 3
1137 1136 2
1311 1310 2
1533 1532 3
1608 1606 2
1740 1740 3
1806 1806 2
1920 1920 2
2043 2043 2
2106 2105 2
2292 2291 3
2487 2485 3
2565 2563 2
2634 2633 2
2679 2677 3
2796 2795 3
2814 2812 2
2898 2898 3
3054 3052 3
3333 3332 3
3468 3466 2
3495 3495 3
3576 3574 2
3705 3705 2
3756 3754 3
3921 3921 3
4239 4237 2
4530 4528 3
4557 4556 2
4563 4563 2
4590 4589 2
4791 4791 3
4875 4875 2
4899 4898 3
4926 4926 2
4935 4935 3
5283 5283 3
5337 5337 2
5343 5341 2
5436 5435 2
5481 5480 2
5565 5565 2
5655 5653 2
5721 5719 2
5727 5727 2
5763 5761 3
5766 5766 2
5799 5799 2
6147 6145 2
6390 6390 2
6396 6394 2
6399 6398 3
6456 6454 2
6666 6666 3
6759 6759 3
6855 6854 3
7011 7011 2
7230 7230 3
7293 7291 2
7749 7749 2
7791 7790 2
7833 7831 2
7881 7879 3
7983 7982 2
7986 7985 2
8019 8019 2
8124 8123 2
8142 8142 2
8208 8206 2
8229 8227 2
8388 8386 3
8400 8400 3
8463 8461 2
8502 8500 2
8526 8525 3
8751 8749 2
8802 8801 2
8829 8827 3
8850 8848 3
8967 8965 3
9036 9034 2
9042 9041 3
9138 9138 3
9189 9188 3
9228 9227 2
9240 9238 3
9309 9307 2
9312 9312 3
9327 9327 3
9396 9396 2
9693 9691 2
9747 9745 2
9915 9915 3
9969 9968 3
18 17 2
42 40 2
261 260 3
342 341 2
540 538 2
540 538 2
678 678 3
690 688 3
753 752 2
894 894 2
939 938 2
987 986 2
1023 1021 3
1035 1033 2
1641 1639 3
1704 1703 3
1788 1786 2
1788 1786 3
1995 1993 2
2010 2010 2
2019 2019 2
2031 2031 2
2199 2199 2
2235 2234 2
2265 2265 2
2319 2319 2
2409 2408 2
2550 2550 3
2607 2607 3
2619 2619 2
2784 2782 3
2964 2964 2
3009 3007 3
3102 3100 2
3135 3134 3
3135 3135 2
3270 3268 3
3288 3286 2
3567 3567 3
3693 3692 2
3720 3720 3
3864 3862 2
3954 3952 3
4041 4039 2
4065 4063 3
4206 4205 2
4275 4273 2
4332 4330 2
4491 4491 3
4893 4891 3
5046 5046 2
5049 5049 2
5160 5160 3
5280 5280 2
5508 5506 2
5712 5712 2
5715 5713 3
5724 5724 3
5766 5764 3
5880 5879 3
5883 5881 3
5925 5925 3
6018 6017 3
6039 6037 3
6102 6101 2
6204 6204 2
6372 6371 2
6417 6416 3
6561 6560 3
6675 6675 3
6756 6756 2
6789 6787 3
6885 6884 3
6945 6944 2
6966 6964 2
7068 7067 3
7137 7135 2
7248 7248 3
7344 7342 2
7356 7355 3
7911 7911 2
7962 7961 3
8058 8057 2
8091 8089 2
8268 8267 3
8325 8325 3
8346 8344 2
8433 8432 3
9231 9230 2
9303 9303 2
9357 9355 2
9468 9467 3
9471 9471 2
9498 9496 2
9669 9667 3
9699 9698 2
9870 9870 2
9909 9908 3
9927 9926 2
9981 9980 2
57 57 3
117 117 3
165 164 3
171 171 2
396 395 3
468 468 2
717 716 3
777 775 3
969 968 2
978 978 3
987 985 3
1383 1383 2
1389 1388 3
1467 1466 3
1566 1566 3
1605 1605 3
1662 1662 2
1677 1677 2
1701 1700 2
1773 1772 2
1785 1785 3
1914 1912 3
1971 1971 2
2196 2195 3
2226 2225 2
2298 2298 3
2595 2595 3
2607 2607 2
2637 2636 2
3057 3055 2
3105 3104 3
3225 3224 3
3267 3267 2
3294 3292 3
3477 3475 3
3516 3515 3
3564 3562 2
3624 3623 2
3669 3668 2
4077 4077 3
4110 4109 2
4152 4152 3
4248 4246 2
4281 4280 3
4332 4330 3
4494 4493 3
4701 4701 2
4755 4753 2
4806 4806 3
4941 4941 2
5205 5203 2
5289 5289 2
5547 5545 2
5547 5547 3
5562 5562 2
5718 5717 3
5760 5760 3
5835 5834 3
5985 5985 3
6078 6076 3
6153 6152 3
6321 6319 3
6462 6462 2
6483 6482 3
6519 6517 3
6594 6594 3
6639 6637 2
6699 6699 2
6789 6787 2
6813 6811 2
6858 6858 3
6990 6989 3
7071 7070 3
7089 7087 2
7389 7387 3
7530 7528 3
7539 7537 3
7560 7558 2
7671 7669 3
8133 8132 3
8184 8184 2
8271 8270 2
8451 8451 2
8556 8555 2
8601 8601 2
8604 8602 2
8697 8696 3
8733 8731 3
9042 9041 3
9063 9061 3
9174 9173 3
9198 9197 3
9261 9260 2
9297 9297 2
9381 9379 2
9636 9634 3
9681 9679 3
9687 9685 3
9834 9832 3
9894 9893 2
114 112 3
216 214 3
504 503 3
546 545 3
555 554 3
567 567 3
777 777 2
852 852 2
903 901 2
990 990 2
1089 1088 2
1119 1118 2
1323 1321 2
1332 1332 2
1356 1355 2
1380 1379 3
1740 1738 3
1779 1777 3
1914 1912 3
2082 2080 3
2283 2282 3
2328 2326 2
2409 2407 2
2475 2473 3
3195 3193 2
3225 3224 3
3225 3224 3
3351 3349 3
3468 3467 3
3567 3565 3
3591 3591 3
3609 3608 3
3741 3739 3
3897 3897 2
3921 3919 3
4143 4141 3
4332 4332 2
4365 4365 3
4488 4486 3
4515 4513 2
4557 4555 2
4665 4663 2
4677 4675 3
4695 4695 3
4710 4709 2
4716 4715 3
4719 4717 2
4824 4824 2
4992 4990 2
4992 4990 3
5082 5080 3
5163 5162 2
5166 5165 3
5238 5237 2
5265 5263 3
5352 5352 2
5508 5507 3
5559 5558 3
5574 5574 2
5685 5685 3
5706 5706 2
5760 5760 3
5922 5920 3
5940 5939 3
6048 6046 3
6102 6100 2
6129 6129 3
6456 6455 3
6462 6460 2
6462 6460 3
6486 6485 3
6669 6669 2
6696 6694 3
6714 6714 2
6732 6730 2
7056 7055 3
7092 7091 2
7119 7118 3
7134 7132 3
7407 7406 3
7461 7459 3
7470 7470 2
7704 7703 3
7782 7782 3
7941 7941 2
8175 8173 2
8283 8282 3
8286 8286 3
8373 8372 2
8526 8526 2
8685 8684 3
8751 8750 2
8979 8979 3
9174 9174 3
9183 9182 3
9348 9348 3
9390 9390 2
9447 9445 3
9687 9685 2
9891 9889 2
132 131 2
414 413 2
660 660 3
726 726 2
768 768 3
795 795 2
966 965 3
984 983 3
1101 1100 2
1170 1168 2
1182 1182 2
1227 1226 2
1518 1517 2
1773 1772 3
1797 1797 3
2373 2371 3
2442 2442 2
2535 2533 2
2670 2669 3
2742 2740 3
2772 2770 3
3060 3059 3
3102 3101 3
3126 3125 2
3147 3147 2
3162 3162 2
3213 3213 3
3225 3225 2
3375 3373 3
3495 3493 3
3648 3646 2
3732 3731 3
3909 3908 3
3912 3912 2
3945 3943 2
3948 3948 2
4005 4005 3
4191 4190 3
4191 4190 3
4212 4211 3
4227 4227 2
4263 4263 3
4332 4330 2
4407 4407 3
4437 4437 2
4728 4728 3
4851 4851 3
4854 4853 3
4857 4857 2
4899 4899 3
4959 4957 2
5217 5216 2
5217 5216 2
5349 5347 3
5361 5359 3
5439 5439 2
5568 5567 2
5778 5776 3
5814 5812 3
5835 5835 2
5895 5893 2
6075 6074 3
6165 6163 3
6171 6171 3
6339 6337 2
6384 6384 2
6444 6442 3
6564 6564 2
6576 6574 3
6804 6803 2
6822 6821 2
6906 6905 3
6909 6908 3
6954 6952 3
6969 6967 2
6984 6983 2
7032 7030 3
7032 7031 3
7032 7032 2
7113 7112 3
7371 7370 2
7407 7406 3
7440 7440 3
7476 7475 2
7485 7485 2
7560 7558 2
7695 7695 3
7803 7802 2
8010 8009 2
8016 8014 3
8166 8164 3
8331 8331 3
8481 8480 3
8928 8928 3
9225 9225 3
9252 9251 2
9321 9321 3
9783 9782 2
9840 9840 3
9945 9945 3
114 112 3
225 224 3
438 437 2
471 469 2
492 492 2
522 522 2
567 566 2
582 582 2
837 835 2
1035 1035 2
1092 1090 3
1203 1203 3
1317 1316 2
1869 1867 2
2148 2148 2
2406 2406 2
2445 2443 2
2487 2485 3
2532 2530 2
2748 2746 3
2811 2810 3
2826 2824 2
2862 2860 3
3000 2999 2
3024 3024 3
3066 3064 2
3075 3073 3
3186 3185 3
3363 3362 2
3564 3562 3
3585 3583 2
3651 3651 2
3657 3657 3
4086 4085 3
4128 4126 3
4164 4164 2
4215 4214 2
4323 4323 3
4332 4332 3
4404 4402 2
4662 4662 3
4995 4995 2
5292 5290 3
5553 5552 2
5721 5721 3
5736 5734 3
5808 5806 3
5832 5831 2
5958 5956 3
6036 6034 2
6150 6148 2
6201 6200 2
6438 6436 2
6459 6458 2
6537 6536 3
6567 6567 2
6591 6590 2
6606 6606 2
6660 6660 3
6738 6738 2
6813 6811 3
7146 7144 3
7215 7214 2
7335 7333 2
7389 7387 3
7539 7538 3
7560 7558 2
7593 7592 2
7644 7644 3
7656 7656 2
7686 7684 2
7956 7955 3
7992 7990 3
8019 8018 3
8028 8028 2
8052 8050 2
8055 8055 3
8190 8189 3
8211 8209 3
8361 8361 2
8460 8460 3
8517 8516 3
8517 8517 3
8535 8534 2
8688 8686 3
8709 8708 3
8766 8764 2
9078 9078 2
9207 9206 2
9345 9345 3
9363 9362 2
9507 9505 3
9528 9526 2
9648 9646 2
9651 9649 3
9693 9691 2
9765 9763 3
9918 9918 2
9933 9933 2
9951 9951 2
15 14 3
192 192 2
369 369 2
408 407 2
456 455 3
612 612 3
753 752 3
789 787 3
843 842 2
912 910 2
942 942 3
1215 1213 2
1464 1463 2
1464 1464 2
1497 1496 2
1506 1506 3
1533 1532 3
1590 1589 2
1650 1650 3
1782 1780 3
2196 2196 3
2208 2206 2
2223 2222 2
2253 2253 2
2331 2329 3
2541 2541 3
2703 2703 3
2715 2713 3
2787 2786 3
2838 2836 3
2943 2943 3
3018 3018 2
3069 3068 3
3072 3070 2
3108 3107 2
3144 3142 2
3249 3247 2
3306 3304 3
3342 3340 3
3402 3400 2
3405 3403 3
3624 3622 3
3642 3642 3
3693 3693 2
3861 3860 3
3939 3939 2
3993 3993 3
4005 4005 2
4551 4551 3
4605 4605 2
4641 4640 2
4755 4755 2
4947 4945 3
5190 5189 2
5256 5256 3
5409 5409 2
5433 5433 3
5454 5454 2
5490 5490 2
5550 5550 2
5631 5631 2
5685 5684 2
5730 5728 3
5877 5875 3
6012 6011 2
6105 6104 3
6117 6115 2
6180 6180 3
6255 6253 2
6261 6260 2
6285 6283 2
6288 6288 2
6351 6350 2
6456 6455 3
6618 6616 2
6846 6846 3
6936 6935 2
7176 7175 3
7494 7493 3
7521 7521 2
7527 7527 3
7602 7600 3
7827 7827 2
7830 7829 2
7959 7959 2
8016 8014 2
8028 8026 3
8151 8151 3
8241 8240 3
8646 8646 3
8880 8879 2
9009 9007 2
9321 9321 3
9576 9575 2
9732 9731 2
9747 9746 2
9867 9865 3
9891 9890 3
9897 9895 2
9963 9961 3
120 118 2
126 124 3
165 163 3
171 171 2
282 280 3
399 399 2
489 489 3
531 531 2
567 565 3
708 707 3
735 735 2
810 809 3
834 832 3
840 840 3
966 964 3
987 985 2
1116 1115 3
1143 1142 3
1296 1296 2
1575 1575 3
1701 1700 2
1725 1723 2
1842 1842 3
1872 1870 3
1872 1872 2
1872 1872 2
2049 2047 2
2064 2063 2
2082 2081 3
2085 2085 3
2145 2145 2
2268 2268 2
2400 2398 2
2400 2400 3
2589 2588 3
2760 2759 3
2766 2764 3
2796 2796 2
2841 2840 3
2976 2976 2
2979 2977 2
3120 3119 2
3501 3499 3
3573 3573 3
3591 3591 3
3792 3790 3
3858 3856 3
3873 3873 3
4014 4014 2
4017 4015 3
4137 4137 3
4257 4257 2
4281 4280 3
4290 4288 2
4461 4460 3
4614 4614 3
4686 4685 2
4893 4892 3
4968 4967 2
4971 4971 3
5076 5076 2
5307 5305 2
5370 5368 3
5532 5530 2
5544 5542 3
5610 5610 2
5730 5730 2
6036 6034 3
6084 6082 2
6489 6489 3
6567 6567 2
6585 6584 3
6642 6640 2
6660 6658 3
6684 6684 3
6780 6778 3
6921 6919 3
6921 6919 3
7371 7370 2
7461 7459 3
7482 7481 2
7569 7567 2
7710 7710 2
7722 7721 2
7734 7733 3
7809 7807 2
7911 7909 3
8082 8082 3
8181 8181 2
8346 8345 3
8385 8384 2
8523 8521 2
8856 8854 3
8931 8929 3
9003 9001 3
9267 9267 3
9288 9287 3
9459 9459 3
9525 9525 2
9705 9704 2
60 60 2
66 65 3
330 330 3
381 381 3
390 388 3
486 485 3
684 684 3
813 812 2
891 889 3
942 942 2
978 977 3
1128 1127 2
1347 1345 3
1476 1474 2
1479 1477 3
1686 1684 3
1752 1751 2
1827 1827 3
1947 1945 2
2130 2130 2
2334 2333 3
2346 2346 3
2358 2356 3
2433 2433 3
2517 2516 2
2652 2651 2
2658 2657 3
2781 2780 3
2838 2836 2
2871 2871 3
3162 3162 2
3258 3256 2
3489 3489 3
3621 3620 3
3642 3640 2
3717 3716 2
3762 3762 2
3939 3937 3
3963 3963 2
4278 4278 3
4647 4646 2
4674 4672 2
4740 4738 3
4875 4874 3
4881 4879 3
4899 4897 2
5136 5136 3
5199 5199 3
5496 5495 3
5508 5506 2
5541 5539 2
5562 5561 2
5562 5561 3
5598 5598 3
5736 5736 3
6258 6258 3
6285 6283 2
6360 6359 2
6486 6485 3
6510 6509 3
6666 6664 2
6792 6790 2
6861 6860 3
6903 6901 3
6918 6918 3
7020 7020 3
7041 7040 2
7098 7097 2
7350 7349 2
7353 7353 2
7446 7446 3
7452 7450 3
7512 7511 2
7530 7530 3
7668 7668 3
7707 7707 3
7716 7715 2
7797 7796 2
7953 7952 2
7968 7967 2
8079 8079 2
8124 8123 3
8193 8191 2
8238 8237 2
8262 8260 2
8268 8267 3
8403 8403 3
8430 8429 2
8496 8494 2
8658 8657 2
8871 8870 2
9138 9137 3
9153 9152 3
9261 9259 3
9279 9279 2
9414 9414 2
9516 9516 3
9759 9759 2
9942 9940 2
9990 9990 3
255 255 2
324 324 2
336 336 3
558 557 3
603 602 3
1008 1007 2
1302 1302 2
1350 1349 3
1521 1520 3
1581 1579 2
1623 1622 2
1662 1661 3
1707 1707 2
1749 1749 3
1809 1808 2
1851 1851 3
1929 1928 2
2115 2113 2
2136 2135 2
2154 2153 2
2691 2689 3
2691 2690 3
2721 2719 2
2724 2722 3
2856 2855 2
2859 2859 2
2871 2871 2
2931 2931 2
2964 2962 2
3045 3043 2
3171 3171 3
3462 3462 3
3471 3470 3
3558 3556 2
3693 3691 2
3861 3859 3
3888 3888 3
4005 4005 3
4071 4070 2
4095 4095 3
4257 4256 2
4257 4257 2
4398 4396 3
4401 4401 2
4413 4413 2
4701 4701 2
4731 4730 2
4830 4828 2
4917 4915 2
5073 5071 3
5100 5098 3
5310 5310 2
5367 5366 2
5370 5369 3
5631 5630 2
5670 5669 2
5820 5818 2
5841 5840 3
5916 5916 2
6222 6222 2
6294 6293 2
6405 6404 2
6420 6420 2
6720 6720 2
6879 6877 3
6945 6945 2
7221 7221 2
7281 7280 2
7320 7318 2
7401 7399 2
7503 7501 2
7521 7520 3
7689 7689 2
7764 7764 3
7788 7787 2
7824 7823 3
7875 7874 2
7881 7879 2
7938 7936 3
7986 7984 2
8046 8046 2
8199 8199 2
8286 8285 2
8475 8473 2
8475 8473 3
8724 8724 2
8763 8763 2
8772 8772 3
8901 8900 3
8976 8976 3
9084 9083 3
9180 9180 3
9258 9256 3
9411 9411 2
9486 9485 2
9513 9512 2
9588 9586 3
9666 9666 2
9843 9843 3
9939 9938 2
243 243 2
282 282 2
306 305 3
432 431 2
510 509 3
540 540 3
663 663 2
711 711 2
1101 1100 2
1182 1180 3
1281 1281 2
1464 1463 3
1551 1551 3
1821 1820 2
1833 1833 3
1857 1856 2
1986 1985 3
2037 2036 2
2301 2301 2
2310 2310 2
2349 2347 3
2430 2429 3
2637 2636 3
2724 2722 2
2916 2916 2
2958 2958 2
3168 3167 2
3372 3371 3
3384 3384 2
3528 3526 2
3555 3555 2
3555 3555 3
3561 3560 3
3606 3604 3
3747 3747 2
3804 3803 3
3810 3808 3
3960 3960 2
4020 4020 3
4131 4129 3
4185 4185 3
4203 4201 2
4296 4296 3
4323 4323 2
4437 4436 3
4620 4618 3
4815 4813 3
4833 4832 3
4863 4862 2
4923 4923 3
5016 5014 3
5058 5057 2
5064 5062 3
5178 5177 3
5208 5206 2
5505 5505 2
5610 5609 2
5649 5649 2
5778 5776 2
6108 6107 3
6186 6184 3
6189 6189 2
6243 6241 3
6294 6293 2
6483 6482 2
6504 6504 3
6549 6549 3
6567 6565 2
6600 6598 3
6636 6635 2
6753 6753 2
6852 6851 2
6963 6962 2
7014 7013 2
7059 7057 2
7107 7106 2
7320 7318 2
7359 7358 3
7404 7402 2
7728 7728 2
7953 7953 3
7974 7972 2
8103 8102 3
8217 8215 2
8304 8303 2
8454 8454 3
8730 8728 2
8844 8843 2
8865 8865 2
9237 9235 3
9318 9317 2
9321 9319 3
9381 9381 3
9435 9434 3
9498 9497 3
9744 9743 3
9768 9767 2
9888 9887 2
9981 9979 3
9990 9989 3
189 187 2
237 236 3
312 311 3
471 471 3
546 546 2
546 546 2
627 626 2
849 847 2
1026 1025 3
1365 1364 3
1368 1367 3
1497 1495 3
1539 1539 2
1785 1783 2
1791 1789 3
2001 2001 2
2160 2158 2
2181 2180 3
2235 2234 3
2310 2310 2
2469 2468 3
2802 2802 3
2817 2817 3
3051 3049 3
3099 3098 2
3144 3144 2
3186 3185 2
3216 3216 3
3267 3265 3
3267 3265 3
3291 3289 3
3318 3317 2
3369 3368 2
3444 3443 2
3447 3446 2
3480 3480 2
3483 3482 3
3669 3667 3
3690 3689 2
3717 3716 3
3990 3990 2
4059 4059 2
4173 4173 3
4332 4330 2
4359 4359 3
4560 4559 3
4725 4724 3
4842 4841 3
4881 4881 2
4977 4975 2
5043 5042 3
5061 5061 3
5064 5063 2
5073 5071 3
5421 5421 3
5541 5540 3
5556 5556 3
5757 5755 3
5787 5787 3
5865 5864 3
5904 5902 2
6045 6045 3
6120 6120 3
6192 6190 2
6261 6259 2
6282 6280 2
6291 6289 2
6366 6364 2
6459 6459 3
6567 6566 3
6642 6641 3
6654 6652 2
6726 6724 2
6933 6933 3
6972 6972 2
6990 6988 2
7095 7093 2
7146 7146 3
7203 7202 3
7275 7274 2
7317 7317 2
7344 7343 2
7554 7552 3
7572 7572 2
7605 7605 2
7677 7675 3
7695 7695 3
7836 7836 3
7935 7934 3
8073 8071 3
8151 8150 3
8292 8291 2
8433 8431 2
8724 8723 2
8769 8769 3
9315 9314 2
9477 9476 3
9627 9626 2
9684 9682 3
9900 9898 2
549 549 2
549 549 3
825 824 3
846 844 3
1047 1047 3
1254 1252 3
1269 1269 2
1377 1377 2
1425 1423 3
1542 1542 3
1557 1557 2
1623 1621 2
1677 1676 2
1731 1730 3
1734 1732 2
1776 1775 2
1782 1781 2
1947 1945 3
1980 1979 3
2082 2081 3
2091 2091 3
2109 2109 3
2112 2111 3
2232 2231 2
2601 2601 2
2853 2852 3
2922 2922 3
2946 2945 2
3015 3015 3
3018 3017 3
3210 3209 3
3234 3232 3
3522 3521 2
3792 3790 2
3858 3856 2
3915 3914 3
3972 3970 3
3993 3992 3
4482 4482 2
4566 4564 2
4584 4583 2
4821 4820 2
4872 4872 3
4908 4906 3
4959 4957 3
4992 4991 3
5034 5034 2
5040 5039 2
5106 5104 3
5283 5281 2
5487 5486 2
5487 5486 2
5700 5700 2
5727 5726 2
5730 5729 2
5865 5863 2
5958 5956 3
5988 5987 2
6015 6014 3
6171 6170 3
6387 6387 3
6486 6486 2
6759 6759 3
7053 7051 2
7068 7066 2
7074 7074 2
7086 7086 2
7215 7215 3
7233 7231 3
7467 7467 3
7473 7471 3
7521 7520 2
7575 7574 3
7599 7599 2
7689 7687 2
7782 7780 3
7866 7866 2
7893 7893 3
7923 7922 2
7998 7997 3
8013 8012 2
8118 8118 3
8301 8299 2
8457 8456 3
8724 8724 2
8727 8726 2
8757 8756 2
8778 8778 3
8985 8985 2
9114 9114 3
9132 9132 2
9192 9190 2
9237 9236 2
9252 9251 3
9309 9309 3
9390 9389 3
9462 9462 2
9537 9537 2
9576 9575 2
9681 9680 2
90 89 3
120 119 2
168 168 2
201 199 2
207 205 3
636 635 3
837 835 3
840 838 3
867 866 3
867 867 2
966 964 3
1002 1000 2
1035 1035 2
1092 1090 2
1095 1094 2
1245 1245 3
1449 1448 2
1488 1487 2
1791 1789 2
1833 1833 2
1857 1855 2
1899 1898 2
1989 1989 3
2007 2007 3
2088 2088 2
2226 2225 2
2445 2443 2
2466 2464 3
2505 2503 2
2721 2719 2
2895 2894 2
3414 3412 3
3426 3425 2
3546 3544 2
3552 3552 2
3864 3862 2
3873 3871 2
3873 3872 2
3936 3935 2
4014 4014 2
4017 4017 2
4164 4163 2
4200 4200 2
4245 4243 3
4401 4400 3
4503 4503 2
4632 4630 2
4689 4689 3
4701 4699 3
4719 4719 2
4995 4994 2
5229 5229 3
5277 5275 2
5319 5317 3
5409 5407 2
5625 5624 2
5739 5737 2
5778 5777 2
5829 5829 2
5856 5856 2
6015 6013 2
6018 6017 2
6105 6105 3
6141 6141 3
6543 6541 2
6594 6594 2
6834 6833 2
6912 6912 2
7041 7041 2
7080 7080 3
7230 7229 2
7356 7354 2
7440 7438 2
7509 7508 2
7746 7744 2
7764 7764 2
7956 7956 2
8037 8036 2
8079 8077 2
8091 8090 2
8190 8188 3
8211 8209 2
8472 8472 3
8643 8643 3
8667 8665 3
8730 8729 3
8802 8802 2
8892 8890 3
9045 9044 2
9165 9164 3
9216 9215 3
9231 9229 3
9249 9248 2
9387 9387 3
9576 9575 3
9750 9749 2
9753 9753 2
9882 9881 3
9882 9882 2
9999 9998 2
51 49 2
129 127 2
459 459 2
537 535 3
906 905 2
984 983 3
1407 1405 3
1608 1608 2
1632 1632 2
1932 1932 3
1959 1958 2
1995 1994 2
2001 1999 3
2292 2290 3
2295 2293 3
2337 2335 3
2568 2566 2
2598 2596 3
2703 2701 3
2766 2766 3
2802 2802 3
2832 2832 3
2985 2984 2
3099 3099 3
3318 3317 2
3330 3329 3
3372 3370 3
3399 3397 3
3453 3453 3
3525 3525 3
3609 3608 3
3672 3672 2
3729 3727 2
4110 4110 2
4113 4112 2
4113 4113 3
4176 4175 2
4233 4232 2
4401 4400 2
4638 4638 3
4665 4663 3
4740 4739 2
4794 4792 2
4866 4864 2
4950 4950 3
5001 4999 2
5046 5044 3
5085 5085 3
5097 5096 2
5151 5149 2
5424 5423 2
5457 5456 3
5652 5651 3
5754 5754 2
5865 5864 2
5967 5966 3
6006 6006 3
6141 6139 2
6270 6269 2
6273 6272 2
6306 6305 3
6492 6491 3
6495 6493 3
6669 6667 3
6729 6729 3
6735 6734 3
6771 6769 3
7044 7043 3
7266 7265 3
7338 7338 3
7362 7360 3
7449 7448 3
7482 7480 3
7611 7611 2
7692 7691 3
7704 7704 2
7758 7757 3
7923 7922 2
8001 7999 3
8046 8045 2
8388 8387 2
8481 8481 2
8493 8491 3
8586 8584 2
8667 8665 2
8718 8717 2
8949 8948 2
9048 9047 2
9063 9062 2
9135 9134 3
9297 9295 3
9315 9313 2
9486 9484 3
9549 9548 2
9612 9611 3
9621 9619 2
9747 9747 2
9831 9831 2
9939 9939 2
9990 9989 2
192 191 2
216 216 3
276 275 3
354 354 2
489 488 2
534 533 3
534 534 3
594 593 3
687 686 3
759 759 3
885 885 3
939 939 2
942 941 2
990 988 2
1008 1007 3
1167 1165 3
1167 1165 3
1413 1411 3
1497 1496 2
1554 1554 2
1617 1617 2
1752 1750 3
1839 1838 2
1872 1871 3
1887 1885 3
1899 1897 3
1920 1920 3
1992 1990 2
2022 2022 3
2022 2022 3
2436 2436 2
2454 2453 2
2490 2490 2
2496 2495 2
2517 2517 2
2571 2571 2
2961 2960 3
3042 3041 3
3276 3274 2
3363 3361 2
3504 3503 2
3729 3729 2
3903 3901 2
3924 3922 2
4083 4083 3
4143 4143 2
4191 4191 2
4362 4361 3
4437 4435 2
4437 4436 3
4695 4694 3
4758 4756 2
4839 4838 2
4938 4936 2
4998 4997 2
5313 5313 3
5361 5360 3
5550 5550 2
5562 5560 2
5625 5623 2
5700 5699 3
5751 5750 3
5772 5772 2
6006 6006 3
6081 6080 2
6288 6287 2
6489 6487 2
6696 6694 3
6795 6795 3
6819 6817 3
7338 7336 3
7383 7381 3
7416 7414 2
7452 7452 2
7455 7454 3
7503 7502 2
7572 7571 2
7662 7661 2
7668 7667 2
7773 7773 2
7797 7795 2
7914 7912 2
7923 7923 2
8355 8353 2
8358 8357 2
8643 8642 3
8823 8822 2
8904 8902 3
8931 8930 3
9093 9092 2
9189 9188 3
9192 9190 3
9243 9242 2
9291 9291 3
9312 9311 2
9453 9452 2
9636 9636 2
9705 9704 3
9756 9756 2
9897 9896 3
54 54 2
180 178 2
201 200 2
201 201 2
285 283 3
708 707 3
849 847 3
861 861 2
873 871 2
933 932 3
978 978 3
984 983 2
1140 1139 2
1287 1287 2
1377 1375 2
1440 1438 2
1521 1520 2
1596 1596 3
1818 1818 2
2064 2062 3
2073 2071 3
2286 2284 3
2391 2391 3
2775 2774 2
2817 2817 3
2913 2913 3
2934 2932 2
3012 3010 2
3141 3139 2
3315 3313 2
3333 3332 3
3573 3572 3
3573 3573 2
3576 3574 2
3612 3611 2
3678 3676 2
3846 3845 2
3849 3848 2
3888 3887 3
3891 3890 3
3903 3903 3
3981 3981 2
4032 4031 3
4104 4102 2
4128 4126 2
4179 4178 3
4191 4191 2
4242 4241 3
4284 4284 3
4308 4306 2
4551 4550 2
4974 4973 2
4974 4974 3
5040 5040 3
5061 5060 2
5085 5085 2
5262 5260 2
5361 5360 2
5451 5450 2
5688 5687 3
5853 5851 3
5865 5863 2
5904 5904 3
5928 5928 2
5949 5948 3
6000 5999 2
6042 6040 3
6339 6338 3
6339 6339 2
6414 6414 2
6486 6486 2
6591 6590 2
6660 6660 3
6840 6839 2
7059 7059 3
7149 7148 3
7170 7168 2
7191 7189 2
7281 7279 3
7605 7604 2
7635 7633 3
7671 7670 2
7791 7789 2
7860 7860 3
8058 8056 2
8091 8090 3
8145 8143 2
8394 8393 3
8397 8396 2
8499 8497 3
8565 8563 3
8787 8786 3
8817 8815 3
8925 8925 3
8928 8927 3
9150 9150 3
9297 9296 2
9363 9361 2
9927 9925 2
9981 9979 3
