1000 100 2511260
10 56 231
10 129 214
10 100 171
10 102 249
10 139 206
10 77 180
10 140 169
10 71 226
10 83 181
10 82 214
10 147 214
10 66 185
10 110 184
10 98 166
10 111 183
10 85 226
10 71 181
10 123 223
10 124 201
10 91 201
10 106 150
10 77 220
10 53 159
10 107 181
10 122 217
10 128 194
10 125 183
10 72 247
10 134 198
10 133 156
10 101 164
10 58 174
10 99 205
10 87 179
10 150 153
10 130 220
10 62 162
10 126 159
10 108 204
10 67 190
10 129 245
10 110 227
10 78 227
10 78 238
10 66 167
10 126 169
10 91 190
10 145 247
10 115 208
10 76 211
10 61 241
10 101 203
10 87 208
10 139 199
10 72 182
10 74 188
10 98 213
10 147 221
10 69 232
10 124 197
10 111 212
10 62 198
10 86 203
10 74 232
10 135 236
10 101 152
10 145 178
10 75 165
10 122 215
10 142 208
10 140 185
10 54 245
10 51 157
10 61 179
10 141 231
10 65 157
10 76 172
10 82 179
10 82 239
10 127 243
10 77 220
10 129 198
10 110 230
10 128 204
10 132 183
10 87 193
10 78 222
10 119 232
10 71 246
10 110 219
10 61 153
10 92 152
10 71 171
10 108 209
10 135 195
10 126 204
10 116 195
10 91 202
10 133 200
10 143 151
516 515 35
906 905 35
2892 2890 34
2961 2961 31
4380 4378 30
4569 4568 30
7299 7297 29
7797 7797 28
8955 8954 30
9000 8999 32
171 170 34
2172 2172 32
4146 4144 29
5022 5021 25
5730 5730 33
7914 7914 28
8850 8849 28
9630 9629 31
9651 9650 27
9843 9842 31
2643 2641 26
2694 2692 34
3768 3767 29
4509 4508 31
4644 4644 28
4926 4926 31
4998 4998 34
6594 6592 27
6702 6700 33
7758 7756 33
279 278 27
2778 2776 32
3714 3712 29
4230 4228 30
4308 4308 26
5811 5809 33
6222 6221 35
6666 6666 26
8286 8284 35
8487 8487 28
1194 1193 32
1275 1275 26
1434 1433 29
1542 1541 29
1812 1811 34
2487 2486 34
6387 6385 34
6519 6518 28
7074 7072 26
7914 7914 33
828 827 25
1032 1031 34
1365 1364 26
1896 1896 26
4311 4310 33
4995 4993 25
5640 5640 30
7980 7978 25
8244 8242 30
8760 8759 28
1713 1712 30
2592 2591 33
3303 3301 33
3861 3859 28
4008 4006 27
6654 6652 30
8238 8237 27
8280 8280 31
9435 9433 29
9747 9745 30
96 95 26
1206 1205 27
2955 2955 26
3354 3354 32
4062 4062 29
5418 5416 29
5472 5470 30
6681 6681 27
8382 8382 34
9393 9393 30
426 425 25
972 972 26
1314 1314 32
1449 1448 25
1953 1952 29
2811 2811 28
3942 3942 31
4533 4533 30
8154 8152 26
9900 9900 27
4077 4075 27
4368 4368 28
5889 5888 33
6495 6495 34
7251 7249 28
7317 7316 32
7368 7366 26
8460 8459 30
8670 8669 26
9675 9674 30
42 41 26
207 205 29
1833 1832 33
2424 2423 28
2619 2618 27
2973 2971 30
5826 5825 31
6873 6872 34
6936 6934 26
9399 9397 26
72 70 33
1458 1458 34
2811 2810 26
2826 2825 33
3222 3220 32
6192 6190 34
6945 6943 31
7062 7060 34
9090 9089 30
9201 9199 33
783 781 28
3180 3179 29
4143 4143 31
7122 7122 30
7314 7314 26
7518 7518 32
8094 8094 25
9387 9386 25
9558 9557 29
9786 9786 28
1236 1235 34
2271 2270 32
2619 2617 30
2817 2816 31
4011 4009 34
4665 4664 28
4806 4806 29
6957 6955 27
7107 7107 34
9669 9669 30
45 43 31
678 677 25
1044 1043 31
1953 1953 28
4329 4327 27
5304 5302 32
6075 6073 29
6198 6197 29
7209 7209 32
9558 9556 32
1206 1204 27
1224 1223 27
1473 1473 31
1680 1680 26
2904 2904 33
3813 3811 28
5112 5112 30
6225 6223 35
9195 9193 35
9195 9195 27
285 284 28
393 392 29
1902 1900 26
1965 1963 31
2166 2165 31
3060 3058 28
3705 3705 27
4281 4280 34
7212 7211 29
8271 8271 31
264 262 33
348 346 33
3687 3685 34
5067 5067 34
5688 5687 34
6660 6659 34
7170 7170 32
7308 7308 29
7728 7726 33
7881 7879 30
201 200 33
1053 1052 28
1641 1640 27
1716 1716 29
1746 1744 28
4596 4595 33
5343 5343 29
6639 6637 28
7203 7202 26
8478 8478 30
267 266 27
912 912 29
1539 1539 30
1674 1674 34
3591 3590 28
3993 3991 34
6534 6532 30
6621 6621 29
7359 7357 25
9027 9026 28
234 234 31
279 277 27
1170 1168 28
1509 1509 32
1662 1661 32
2241 2240 25
2535 2535 26
3159 3158 30
5106 5106 32
7278 7277 32
219 217 33
279 278 30
1524 1524 28
4893 4893 27
5715 5713 32
6006 6005 29
6273 6271 29
6996 6995 26
7359 7357 30
9882 9881 32
1596 1596 29
3282 3282 35
3897 3897 33
4965 4964 26
5715 5713 28
6483 6483 32
6918 6917 26
8385 8383 26
9495 9495 33
9504 9503 26
21 21 31
861 861 31
1629 1628 27
3372 3371 29
4857 4855 29
6063 6062 28
6129 6129 26
6906 6905 27
7410 7409 25
9978 9977 29
408 408 34
1836 1835 27
2367 2367 33
3357 3357 34
3459 3459 30
7416 7414 30
8022 8021 29
8268 8267 33
8628 8626 32
9630 9630 34
540 538 30
819 819 26
1743 1742 28
1995 1994 31
2748 2748 34
3624 3624 29
4257 4255 28
8589 8589 31
8646 8646 28
9768 9767 33
294 293 25
972 971 27
984 983 32
3024 3023 32
5043 5041 34
5115 5113 25
5652 5650 33
8073 8073 34
8667 8667 28
9567 9566 26
1512 1510 32
2079 2078 25
2577 2576 30
3033 3032 30
4335 4334 30
5640 5639 28
7335 7334 34
7449 7447 31
7728 7727 33
8640 8638 26
240 238 28
1830 1828 33
3156 3155 28
5109 5107 33
6153 6151 33
6372 6370 30
6450 6450 29
7089 7087 30
8280 8280 30
8829 8827 30
1593 1591 29
1707 1707 32
4560 4558 30
5868 5867 27
6048 6047 27
6207 6207 31
6801 6801 29
6864 6864 28
7800 7798 31
9270 9270 28
3366 3366 26
3459 3458 27
4026 4026 30
4929 4927 28
6654 6652 28
6690 6690 29
6783 6783 33
7020 7018 29
8274 8272 27
8388 8386 33
2466 2466 29
2685 2684 29
3543 3541 26
4275 4273 27
4290 4290 31
4446 4444 30
7533 7532 31
8922 8920 33
9495 9494 29
9567 9566 25
123 121 28
774 772 30
1311 1310 32
1713 1712 27
3984 3983 30
4554 4553 34
5541 5541 25
6498 6498 25
7554 7552 30
7719 7718 28
357 357 33
819 819 30
2826 2825 26
3036 3034 34
3417 3416 32
3681 3680 29
5172 5170 34
6438 6436 25
7062 7062 32
9096 9095 29
456 455 31
3975 3974 33
4002 4001 35
5016 5016 34
6999 6999 33
7002 7001 33
7167 7166 26
7605 7605 32
8091 8091 25
8772 8772 29
2184 2184 27
2436 2436 34
2655 2655 35
2694 2694 34
4926 4925 32
7113 7113 29
7560 7560 34
7815 7813 34
9297 9296 33
9849 9848 28
78 77 26
2751 2749 26
5742 5742 27
6015 6013 27
6297 6296 30
8811 8811 28
9048 9046 30
9255 9255 30
9810 9810 25
9954 9952 30
771 770 27
1590 1590 31
2943 2941 30
3504 3502 31
3981 3980 35
4614 4612 32
6810 6808 32
7479 7477 27
7788 7787 33
9705 9703 33
495 494 34
957 955 32
3180 3178 26
4317 4316 35
5250 5250 25
6978 6978 30
7218 7218 30
7281 7279 32
7527 7526 25
7983 7983 27
6 6 31
633 631 33
3444 3442 30
3759 3758 25
4341 4339 26
4536 4535 34
4629 4627 27
4881 4879 30
8007 8005 30
8382 8382 31
798 798 25
903 902 30
1248 1246 26
2217 2217 29
4323 4323 32
7209 7207 32
7938 7938 35
8358 8357 28
8910 8909 25
9924 9923 29
375 373 28
579 579 27
1056 1054 27
3657 3656 28
4635 4634 26
5472 5472 34
6645 6644 34
6762 6762 26
6816 6815 26
9039 9038 34
2493 2493 30
2670 2670 33
2691 2691 26
4245 4244 31
4680 4680 33
5772 5772 27
7800 7799 34
8061 8060 30
9084 9084 33
9969 9968 30
399 398 34
3132 3131 32
3690 3690 28
4713 4712 30
4803 4801 25
5391 5389 29
5574 5572 27
6405 6404 33
7122 7122 27
9654 9653 33
879 879 31
906 905 32
2106 2105 27
2556 2554 26
3486 3486 26
5982 5980 25
6093 6092 34
6618 6618 34
7290 7288 34
9429 9429 29
825 824 27
1293 1291 33
2979 2978 32
7152 7152 32
7458 7458 28
7980 7980 35
8472 8472 32
8664 8663 25
9204 9203 34
9597 9596 27
1536 1536 27
2106 2105 28
2250 2249 30
2871 2871 34
4278 4278 26
6054 6053 35
7254 7253 27
7599 7597 31
8145 8144 31
8895 8894 34
162 160 27
813 811 32
1632 1632 27
1776 1775 27
1914 1912 30
3039 3037 27
8997 8995 34
9615 9614 33
9684 9682 25
9753 9752 33
165 165 31
1491 1491 33
2511 2509 28
3240 3240 32
3750 3749 28
4749 4749 30
7437 7436 25
7908 7908 33
9018 9016 29
9441 9441 33
1419 1417 25
2130 2129 26
2421 2420 25
4566 4565 34
5661 5661 27
6192 6190 32
7359 7358 31
8439 8438 28
8652 8651 33
9912 9912 26
711 710 34
3027 3027 27
3540 3538 27
5883 5882 29
6717 6716 33
7041 7039 33
7860 7859 28
7956 7954 27
8157 8155 27
9075 9074 35
477 477 34
3744 3743 29
4914 4913 30
5094 5092 25
5640 5639 27
6042 6042 30
7326 7324 30
8091 8089 29
8727 8726 32
9981 9980 27
3549 3549 35
5568 5568 31
5706 5705 29
5763 5762 27
6555 6553 30
7518 7517 32
8361 8361 31
8781 8779 33
9378 9378 29
9792 9790 30
663 661 29
735 733 32
3480 3479 28
3816 3816 29
5505 5504 30
5586 5585 30
6318 6318 33
6465 6463 30
8220 8220 28
9015 9013 31
456 456 33
1818 1816 28
3051 3050 31
3792 3792 28
4623 4623 31
5253 5252 27
7152 7150 28
7749 7748 27
8169 8168 28
8235 8234 30
2166 2166 28
2652 2652 35
3510 3509 29
3576 3576 34
4566 4564 28
5790 5788 34
5868 5868 30
6135 6134 30
6897 6895 34
8949 8948 33
1272 1272 30
1929 1929 33
3030 3028 32
3069 3067 26
4632 4632 31
6048 6048 25
6471 6471 34
7521 7520 25
8814 8812 30
9714 9713 34
423 422 29
1041 1039 29
1395 1394 33
2310 2309 25
2481 2480 30
3435 3434 26
3903 3902 26
5994 5993 33
6024 6024 26
8748 8746 26
3024 3024 34
3114 3114 31
3150 3149 31
3549 3547 30
3759 3757 29
4599 4597 32
7155 7153 28
7404 7404 25
7422 7420 26
9489 9487 34
2196 2194 35
4815 4815 32
4917 4915 34
4998 4996 33
5106 5104 25
5757 5757 33
8397 8396 27
8595 8594 26
8895 8894 28
9672 9670 27
870 868 28
1134 1132 31
1245 1245 29
2493 2492 31
5505 5503 28
6993 6991 26
7125 7123 30
7467 7467 28
7512 7511 32
7734 7732 25
1206 1206 28
3327 3325 29
3609 3609 33
3711 3709 27
6114 6112 26
6588 6587 27
7158 7157 31
7182 7182 30
7665 7664 35
8217 8217 25
258 256 31
1302 1302 29
1698 1696 31
2625 2623 25
4665 4663 27
4893 4891 26
5502 5500 29
5610 5610 29
5871 5870 33
8418 8417 33
1155 1155 29
1236 1236 26
2172 2172 25
2622 2621 26
3681 3681 29
3690 3689 25
6267 6266 34
6966 6965 34
9021 9020 33
9030 9028 28
1578 1576 33
1842 1840 29
2970 2968 34
4143 4141 27
4146 4144 31
4215 4214 29
5751 5750 31
6003 6003 28
6729 6728 26
8763 8761 33
447 446 25
2385 2383 26
2391 2391 28
2532 2531 35
5295 5295 28
5898 5896 33
6099 6099 32
7617 7617 34
8013 8011 26
8775 8775 29
1881 1880 26
2169 2169 25
2421 2419 27
3150 3150 27
3861 3860 28
5757 5755 25
7053 7053 33
7302 7300 29
8010 8009 29
8106 8104 32
498 498 31
510 508 33
1428 1426 34
1506 1504 34
2016 2015 25
2688 2688 33
3570 3570 27
5445 5444 31
6036 6034 34
9243 9243 31
1674 1672 31
3009 3009 32
3633 3633 31
4341 4341 26
5637 5637 31
6333 6333 29
6735 6735 35
8133 8132 28
8283 8282 32
9627 9625 26
129 128 34
2232 2230 31
2349 2348 31
3738 3736 34
4908 4908 27
6174 6174 34
6717 6717 31
8040 8038 33
8565 8565 30
8856 8854 31
4206 4204 31
5379 5377 28
5610 5608 29
5949 5947 26
6795 6795 30
7269 7269 28
7347 7346 28
8967 8965 29
9429 9429 30
9576 9575 31
282 280 35
1038 1036 31
2013 2011 27
2232 2232 27
3258 3258 31
4935 4934 26
5748 5747 34
6681 6681 35
6747 6745 28
9111 9109 25
2508 2506 27
4740 4739 32
6243 6243 33
6381 6381 31
6705 6704 26
7293 7292 31
7350 7349 28
9354 9354 29
9681 9681 35
9852 9851 30
540 539 35
777 777 31
1758 1758 34
2799 2797 29
4590 4589 35
4599 4598 34
4728 4726 34
4737 4736 25
5775 5774 30
9240 9239 33
4095 4095 34
4161 4159 34
4338 4338 30
5730 5729 30
5892 5890 25
7701 7700 27
8418 8416 26
9168 9168 28
9858 9858 29
9924 9924 31
1191 1190 26
2145 2143 27
4680 4679 34
4752 4751 34
4917 4917 30
5682 5680 32
5880 5879 26
5940 5940 29
7272 7270 34
7971 7970 29
654 654 27
783 781 32
1674 1673 32
1707 1705 32
2229 2229 35
2889 2888 34
3591 3590 33
3657 3655 35
8973 8972 27
9819 9819 30
2424 2423 29
2754 2753 28
3297 3297 26
4374 4372 28
4488 4486 31
4602 4600 29
6096 6096 33
7197 7195 29
9423 9421 25
9456 9456 26
2763 2763 25
2985 2984 26
3081 3081 33
3426 3425 32
3849 3849 34
4908 4908 27
6153 6153 32
6246 6245 33
8688 8688 27
9972 9970 29
99 97 31
630 630 26
2424 2424 30
2715 2714 30
4224 4224 34
4476 4475 28
5706 5704 26
6312 6312 35
8418 8416 29
8985 8985 31
597 595 32
918 918 30
3858 3856 26
4092 4091 30
6486 6486 27
6762 6760 25
7497 7496 35
7881 7879 34
8328 8328 26
9834 9834 25
648 648 33
1092 1090 28
1248 1246 28
2034 2032 26
2160 2158 28
2274 2273 31
3594 3593 27
5106 5105 28
5463 5463 34
8346 8345 25
486 484 29
1191 1189 33
5100 5100 29
6414 6412 30
6714 6713 26
7368 7368 30
8361 8359 30
8823 8822 31
9234 9233 29
9807 9805 33
792 790 31
4917 4916 32
5424 5422 28
5787 5785 26
5889 5887 31
6123 6121 30
7425 7423 25
7776 7774 31
7941 7940 33
8709 8709 34
105 105 30
2079 2079 25
2298 2296 34
3168 3166 33
3207 3207 35
3324 3324 26
3858 3857 31
5715 5715 25
8871 8870 33
9261 9259 34
2010 2009 29
2652 2652 25
2751 2750 30
4728 4726 33
5505 5503 29
5874 5872 30
5931 5931 30
7047 7045 32
9567 9567 28
9870 9870 25
2022 2022 27
2064 2064 29
2235 2234 29
3885 3884 29
4410 4409 35
4695 4694 32
5892 5892 28
6942 6942 25
6987 6986 30
8481 8479 28
1731 1729 29
2550 2550 31
3144 3144 35
5118 5116 33
5220 5219 35
5574 5573 28
8046 8045 33
8166 8165 27
8823 8823 28
8961 8960 27
1008 1008 32
2286 2286 28
2439 2439 28
3147 3147 34
5370 5368 26
6681 6679 30
7374 7372 31
7395 7394 33
9486 9486 28
9828 9828 27
312 312 26
1422 1420 31
2235 2233 27
2880 2880 35
3123 3123 34
3273 3271 26
6852 6850 26
7560 7559 25
7761 7760 34
8487 8486 33
669 667 26
2814 2814 31
3381 3380 25
4692 4692 35
6183 6182 33
6987 6987 28
7668 7668 28
7944 7943 33
8454 8454 32
9072 9070 34
921 920 25
1188 1186 34
4497 4497 29
5124 5122 31
5247 5246 33
6951 6950 32
7953 7952 35
9192 9191 28
9279 9279 30
9540 9539 27
240 240 26
1806 1806 28
2820 2820 27
2874 2874 35
3081 3080 30
3204 3203 29
3543 3541 34
4887 4885 32
5847 5845 30
9276 9276 29
6 6 26
1620 1620 28
3015 3014 27
4080 4079 32
5784 5784 30
6876 6875 26
7401 7401 29
7620 7619 29
8328 8328 30
9138 9137 27
1365 1364 32
1932 1932 34
1968 1966 31
3036 3034 33
3318 3316 29
4581 4579 29
4587 4587 33
5403 5403 35
7728 7726 28
9399 9397 29
2370 2370 25
2625 2623 28
3534 3534 32
4311 4311 30
5220 5220 30
5847 5846 30
6297 6297 30
7749 7749 32
7899 7898 26
8967 8967 30
594 592 30
2115 2114 32
3018 3018 27
3027 3026 30
3552 3552 26
3570 3569 31
3750 3750 34
4404 4402 31
6798 6796 32
7767 7767 27
3252 3251 35
5187 5187 28
5244 5242 32
6021 6020 25
6081 6081 29
6351 6350 28
6363 6362 33
7533 7531 29
8292 8291 26
9624 9622 33
984 982 33
2115 2113 33
2811 2811 29
6069 6068 25
6741 6741 34
6930 6928 30
8319 8319 26
8544 8543 35
9783 9781 25
9942 9940 30
1314 1313 31
2790 2789 30
3876 3875 28
4101 4099 33
4578 4576 35
4632 4630 25
5040 5038 29
7629 7628 26
8064 8062 27
9642 9640 25
