2000 100 487550
20 64 234
20 56 207
20 80 243
20 67 151
20 143 177
20 133 165
20 91 155
20 129 242
20 118 190
20 79 200
20 81 174
20 114 155
20 93 191
20 78 151
20 88 236
20 85 179
20 95 241
20 149 216
20 147 235
20 62 171
20 68 200
20 77 154
20 130 183
20 111 181
20 69 158
20 109 231
20 66 229
20 63 162
20 84 170
20 55 226
20 117 212
20 146 250
20 60 204
20 135 206
20 69 203
20 149 219
20 149 171
20 86 167
20 78 222
20 59 230
20 62 230
20 88 190
20 148 172
20 125 166
20 98 176
20 125 225
20 113 164
20 95 180
20 94 211
20 117 185
20 83 181
20 104 184
20 137 191
20 87 206
20 146 179
20 51 248
20 86 169
20 130 241
20 135 217
20 92 245
20 124 170
20 74 241
20 97 163
20 87 173
20 104 156
20 135 208
20 95 204
20 114 182
20 123 174
20 91 173
20 56 157
20 106 159
20 89 243
20 70 167
20 55 250
20 112 195
20 106 187
20 105 199
20 73 221
20 83 160
20 100 177
20 81 176
20 134 184
20 129 180
20 78 238
20 149 242
20 69 184
20 143 176
20 94 166
20 127 184
20 78 215
20 84 224
20 143 159
20 140 196
20 113 188
20 118 227
20 79 197
20 117 199
20 78 187
20 146 155
15 14 12
177 177 13
225 224 17
246 246 14
294 294 13
345 345 16
387 387 14
501 500 14
510 508 13
543 543 14
555 554 17
576 575 16
675 675 17
699 699 16
720 719 14
798 797 12
837 835 17
867 865 18
891 891 13
963 962 13
45 44 13
111 111 13
129 129 15
141 139 13
180 178 14
297 295 16
399 399 16
486 484 12
516 516 16
522 520 15
525 523 13
603 603 16
606 605 12
609 607 13
675 673 17
810 809 13
819 818 13
882 881 14
891 891 13
906 904 16
57 56 15
132 130 13
150 150 17
171 171 13
255 255 17
387 386 15
438 438 15
450 450 17
456 454 16
483 481 16
504 502 14
534 534 16
624 623 13
666 666 16
711 710 13
717 716 17
750 748 16
795 793 13
798 798 17
903 902 16
9 8 14
60 59 14
87 87 16
105 105 16
168 168 17
219 217 15
264 262 14
321 319 17
444 443 13
453 453 14
468 467 14
675 674 17
717 715 17
732 730 13
738 738 14
750 750 15
810 810 14
822 822 17
852 851 14
990 989 15
15 14 14
48 48 17
69 69 18
93 91 12
117 115 17
189 189 15
198 197 15
276 275 16
378 377 14
378 378 15
501 499 17
516 515 17
615 615 17
807 805 16
831 831 16
873 871 14
918 918 17
927 927 17
963 961 12
966 966 17
12 11 14
18 17 14
75 74 14
123 123 14
138 137 16
144 143 15
204 202 16
225 224 18
228 228 16
243 242 15
264 263 15
282 282 17
438 436 15
492 492 16
516 515 15
630 628 15
654 653 14
708 707 17
819 817 16
885 885 17
33 33 14
141 141 13
147 146 14
225 225 13
294 293 13
360 360 13
402 402 16
405 403 13
447 445 17
558 556 17
648 648 14
654 653 12
699 699 15
702 701 14
717 715 14
750 749 14
750 749 15
804 803 16
810 810 17
900 898 15
9 8 15
144 143 16
156 154 13
201 201 13
312 312 15
345 343 16
345 345 17
372 370 15
393 393 13
480 478 17
501 499 13
504 503 16
510 509 12
573 571 15
639 638 14
681 679 15
699 699 14
795 793 13
945 943 14
999 998 12
42 40 13
126 125 15
144 143 17
207 206 16
207 207 15
249 248 17
249 249 15
249 249 17
264 264 17
303 303 16
324 323 15
510 508 15
585 583 16
669 668 12
738 737 17
768 766 14
903 902 17
963 961 17
966 964 15
978 978 14
99 99 17
177 177 14
270 268 16
318 318 14
360 360 13
450 448 18
480 479 14
510 509 15
510 510 14
597 595 16
603 601 15
666 664 13
672 670 12
675 675 17
735 734 13
837 836 15
873 872 16
882 880 16
984 983 14
987 985 16
81 79 17
90 89 15
138 136 16
210 210 16
249 249 13
339 338 15
408 407 13
411 411 15
501 500 15
603 602 16
606 605 14
654 653 18
660 658 16
705 705 16
756 754 14
837 836 14
843 841 17
876 875 17
882 882 14
894 892 16
9 7 12
15 14 17
45 44 13
54 54 16
87 85 13
96 95 13
252 251 17
264 263 16
282 281 17
372 372 17
525 525 16
555 554 16
576 576 12
594 593 16
660 659 15
684 684 17
768 766 16
969 967 14
969 968 12
972 971 14
93 92 17
189 188 12
225 225 12
258 257 15
267 265 13
369 367 13
405 405 17
414 413 14
429 429 14
438 438 14
474 473 16
513 512 14
528 526 14
534 532 14
537 537 16
627 626 14
705 703 15
915 913 17
954 954 15
987 987 15
108 108 12
123 121 17
189 187 17
216 214 14
264 264 16
297 297 14
306 305 14
363 363 15
375 374 17
423 422 16
462 460 17
486 486 13
570 568 15
621 621 13
621 621 14
627 625 16
627 626 15
759 757 13
807 807 16
897 895 15
66 65 17
93 93 17
96 96 15
153 151 14
168 168 14
195 195 15
225 225 13
252 251 13
381 379 12
384 382 14
486 485 14
489 487 16
606 605 14
627 626 13
783 783 13
798 797 16
816 814 14
819 818 15
825 824 15
882 881 17
57 55 17
63 63 15
96 96 12
168 167 15
225 225 17
237 237 15
252 252 13
318 317 14
348 348 16
405 403 16
411 411 15
486 486 13
657 657 16
744 744 14
783 781 16
864 863 16
903 901 14
909 909 17
972 970 15
993 993 16
33 33 17
105 105 17
159 159 17
186 186 14
225 224 17
423 423 16
480 480 15
528 528 16
540 538 14
540 539 14
561 559 16
585 583 17
585 585 14
588 586 16
615 615 14
816 816 12
822 820 17
846 846 16
897 896 14
906 904 13
105 104 16
120 118 13
120 119 13
120 119 16
144 144 13
189 187 14
213 213 13
483 481 13
507 507 15
537 536 14
564 563 14
567 565 16
651 650 17
678 676 13
762 762 13
822 822 15
852 852 15
930 929 15
936 936 17
939 939 13
243 241 14
267 265 16
360 360 17
363 363 13
363 363 15
372 371 16
396 396 14
411 409 16
507 506 14
516 514 13
618 617 15
648 646 17
660 660 14
699 697 13
711 710 15
714 714 17
735 734 13
879 879 13
891 891 15
993 991 17
3 1 17
144 143 15
228 228 16
231 231 16
411 411 13
417 416 17
456 455 15
459 457 14
651 651 15
654 652 14
723 721 14
729 729 13
801 800 14
840 840 13
849 849 17
885 883 14
915 914 13
924 922 16
957 957 17
972 971 13
69 69 16
96 94 13
201 201 12
309 307 14
387 386 13
396 394 14
426 426 15
492 492 15
498 497 15
543 542 13
597 596 15
657 657 14
666 665 13
666 665 16
834 834 12
867 865 13
912 911 12
918 918 14
930 929 16
936 935 14
39 39 13
201 201 16
294 292 15
294 292 17
351 349 14
414 413 13
489 489 14
495 493 14
513 513 16
531 529 17
642 642 15
660 658 16
693 693 15
840 840 14
846 844 16
885 883 15
930 928 14
978 976 13
1002 1000 13
1002 1000 17
3 3 15
111 109 17
207 205 12
219 219 13
282 282 14
318 316 14
327 326 14
414 413 15
420 419 17
447 446 14
450 448 17
495 493 17
525 524 14
597 595 14
597 597 15
630 630 14
636 636 17
669 669 12
798 796 16
933 932 13
168 168 13
273 271 17
321 320 16
378 376 16
432 432 15
435 434 14
453 452 14
462 461 17
516 516 14
522 521 13
540 538 14
540 538 15
540 538 15
612 610 17
720 718 14
750 748 17
795 793 16
849 848 13
924 922 13
996 995 15
63 61 13
69 68 16
84 82 12
102 100 14
117 117 15
219 218 13
267 267 13
345 343 12
363 363 16
366 364 14
378 378 17
666 666 17
777 775 17
792 790 15
843 841 17
894 892 16
921 921 17
936 935 12
936 936 17
945 945 15
15 15 13
399 399 13
420 419 13
450 449 18
474 473 16
492 491 16
537 537 14
603 601 13
654 654 13
678 676 15
681 680 16
699 697 16
759 758 13
789 789 14
807 805 14
813 811 15
876 875 13
948 947 13
960 958 15
966 966 17
3 1 13
18 17 13
42 40 14
60 58 17
72 72 14
120 120 16
180 180 15
279 279 15
315 313 12
333 331 14
360 359 15
459 458 15
624 623 17
651 651 13
672 670 14
843 841 14
927 925 14
975 973 17
987 987 14
999 997 17
15 14 14
21 20 16
21 21 15
27 26 15
81 79 17
108 108 15
186 185 15
228 228 13
237 237 14
327 326 18
372 372 16
396 394 14
432 430 16
447 445 13
459 458 18
549 548 15
702 701 14
729 729 16
783 782 16
897 896 14
12 10 17
93 93 15
99 97 13
174 173 14
201 201 15
279 278 15
321 321 17
336 336 13
405 403 17
420 420 15
426 426 17
447 447 16
486 485 14
531 530 18
567 565 15
585 584 15
633 632 14
642 641 16
915 914 12
924 922 17
66 66 16
114 112 13
150 148 17
258 256 13
297 296 16
297 296 16
357 356 13
390 389 16
486 485 15
573 573 17
582 580 14
726 724 17
726 726 13
765 764 16
771 771 16
804 803 12
849 848 15
879 877 13
987 986 14
999 998 14
3 2 15
30 29 15
63 62 13
90 88 17
93 92 13
114 114 13
150 149 17
159 157 13
159 158 16
246 244 14
300 299 17
303 303 15
345 344 13
345 345 15
444 443 17
657 656 14
771 769 14
804 803 13
807 805 15
957 955 14
15 13 13
132 130 15
198 196 14
219 218 16
252 250 16
252 251 15
351 351 15
354 353 17
432 431 16
543 542 14
636 634 17
654 653 16
657 657 14
660 659 15
741 739 13
828 826 15
900 899 15
975 974 17
993 992 17
999 997 16
45 44 14
114 114 16
159 157 13
231 230 15
261 260 15
267 265 14
327 327 16
438 437 15
603 603 13
636 634 13
648 647 16
690 688 17
705 703 15
879 879 17
882 880 17
915 913 14
918 916 17
924 922 16
936 934 16
948 947 18
78 77 14
123 121 16
165 164 17
204 204 18
261 260 17
336 334 16
372 370 16
417 417 13
549 548 15
585 583 18
609 609 15
618 618 16
624 623 15
624 624 15
852 851 13
861 860 14
897 895 15
909 908 13
927 925 12
987 987 14
3 1 15
6 5 14
21 21 14
279 279 17
306 306 13
375 375 13
387 386 12
441 440 16
495 493 14
498 496 18
621 620 17
651 650 13
690 690 13
693 692 17
789 789 15
822 820 15
852 851 13
897 895 17
900 898 17
993 991 14
72 72 17
96 95 14
153 152 15
201 199 15
225 224 15
243 243 14
252 251 15
366 366 16
399 397 16
414 413 13
666 666 17
672 672 12
684 682 13
747 745 13
759 758 14
768 766 14
831 830 14
894 892 13
903 902 15
999 998 15
51 50 16
195 195 12
204 204 13
207 205 15
396 394 16
408 408 16
420 418 16
465 464 15
609 607 15
636 636 17
639 639 17
711 709 16
741 739 16
768 766 13
864 863 14
864 863 15
879 879 17
885 884 17
888 886 15
921 919 15
9 8 15
33 32 14
51 51 15
198 198 17
324 322 16
348 348 15
363 361 15
441 440 15
507 506 17
531 531 17
567 566 17
576 575 16
636 636 14
648 648 17
657 656 17
690 690 17
801 800 14
813 811 13
819 819 14
912 910 12
96 95 15
123 123 14
162 162 14
231 229 16
240 239 15
297 296 14
510 510 15
513 511 14
579 578 14
594 593 16
603 602 15
636 635 14
660 660 13
669 669 15
738 738 15
747 745 15
798 796 16
864 864 16
945 945 15
981 980 16
18 16 16
165 163 16
222 220 15
246 245 15
318 316 16
336 334 15
360 359 16
414 412 14
426 425 17
468 468 17
555 554 17
660 658 15
675 673 14
738 736 14
753 752 13
759 759 17
774 774 15
810 809 12
888 888 15
909 908 15
21 20 14
48 46 16
48 47 13
87 87 15
114 112 17
141 141 16
201 200 14
231 230 16
399 399 15
468 467 17
537 536 13
558 558 13
642 640 16
663 663 13
681 679 12
699 697 14
732 732 14
792 792 13
942 940 14
999 997 13
3 2 16
63 63 13
69 69 17
102 101 13
324 323 17
330 330 14
351 349 13
570 570 15
666 664 14
681 679 13
708 708 17
720 720 17
726 726 14
858 857 13
870 870 15
912 911 13
954 954 14
975 974 15
999 997 14
999 997 16
72 71 14
132 130 13
240 238 13
309 309 16
423 423 13
429 428 13
498 498 15
567 565 16
582 581 14
603 602 15
657 655 14
768 767 13
780 778 13
834 833 16
840 838 17
885 883 13
939 938 13
951 950 13
975 975 14
981 981 13
33 31 13
33 32 14
99 98 14
210 210 18
363 363 14
477 475 17
540 540 16
618 618 15
651 650 15
654 653 13
678 677 16
684 683 17
702 702 13
852 850 12
891 890 12
894 892 17
900 898 15
942 940 16
954 954 17
993 992 16
117 115 14
129 127 13
129 128 17
234 232 17
408 407 14
441 439 17
447 445 16
513 513 13
624 623 15
639 637 15
690 689 15
699 699 14
720 719 16
765 763 17
795 793 12
834 833 17
906 905 17
918 916 15
939 937 15
990 988 17
6 4 13
21 20 18
51 49 15
75 74 15
81 79 15
144 144 17
234 232 16
321 321 14
387 385 12
558 558 16
636 636 15
639 637 14
687 685 16
780 779 15
855 853 13
870 869 16
909 908 12
921 921 14
948 948 15
960 958 14
9 8 16
120 120 15
231 231 15
267 266 16
306 305 17
417 416 14
426 426 13
456 455 17
459 459 14
471 470 13
519 519 16
576 575 14
603 602 14
627 627 16
642 642 17
669 667 14
780 780 16
807 805 16
921 920 13
981 979 15
9 8 17
108 107 18
162 161 17
192 190 14
312 311 17
318 316 17
321 321 17
375 374 14
456 456 17
465 463 14
501 501 13
543 543 15
633 631 18
639 637 13
750 748 16
762 761 17
846 846 16
852 852 12
981 980 15
990 989 16
33 32 14
153 152 16
255 254 17
282 281 14
459 458 17
552 552 13
564 562 15
576 575 15
606 606 14
684 682 13
684 683 12
690 688 13
717 715 14
738 736 17
744 744 14
747 746 15
777 777 17
834 833 17
888 886 16
981 979 15
15 15 14
24 24 12
27 26 14
114 114 13
339 339 15
342 342 14
360 359 15
411 411 17
435 435 17
441 441 13
459 458 13
483 483 13
519 519 15
528 526 16
531 530 15
549 548 14
669 668 15
687 685 14
852 850 14
882 881 15
12 12 15
105 105 16
261 260 13
285 284 15
315 314 17
357 357 14
378 378 15
417 416 14
438 437 12
471 469 12
603 602 15
696 695 16
738 738 16
777 777 15
798 797 17
810 810 14
828 827 13
915 913 13
930 929 16
948 946 13
90 88 16
123 121 15
168 167 15
192 190 14
219 218 15
267 266 13
324 322 13
339 338 16
339 338 16
411 411 13
423 423 16
486 485 13
594 594 18
648 648 17
687 687 16
720 720 17
879 879 15
900 900 15
939 937 14
963 963 14
6 5 14
36 35 16
93 93 17
108 106 13
111 109 16
183 183 15
294 293 15
297 297 15
306 306 14
336 335 17
366 366 17
537 536 17
549 547 17
615 615 14
645 644 17
804 802 17
825 825 17
831 830 15
834 834 15
993 991 15
15 15 16
27 27 14
30 29 17
105 104 17
138 136 15
186 185 16
255 254 16
264 263 15
267 267 14
279 277 16
366 364 16
396 396 14
486 485 16
675 673 14
720 718 14
798 796 16
846 846 16
933 931 14
936 935 13
972 971 15
60 60 16
123 121 13
222 220 14
231 230 17
252 251 15
303 303 17
396 394 15
423 422 16
423 423 15
468 467 17
492 492 17
516 516 13
615 614 16
690 689 14
756 755 17
804 804 17
834 834 15
879 879 16
915 914 17
999 997 15
84 84 14
90 89 14
117 117 17
129 129 16
177 177 14
192 191 15
207 207 12
243 242 17
348 348 15
381 381 16
390 389 16
423 421 15
447 445 14
660 659 17
753 753 15
753 753 16
789 788 16
891 890 15
948 948 16
987 985 13
15 14 18
15 15 14
63 61 13
93 91 15
111 109 14
222 220 13
375 374 14
399 399 15
480 480 16
483 483 17
579 577 16
603 603 14
630 629 17
663 663 14
744 744 13
849 848 16
879 877 15
951 949 15
951 950 16
996 995 15
27 27 13
114 114 13
129 129 17
144 144 15
147 146 16
156 154 16
189 188 13
213 212 17
297 296 14
315 313 17
411 410 13
420 420 15
567 565 16
624 623 15
648 646 16
648 646 16
720 720 17
741 740 16
762 760 17
999 997 17
3 3 14
12 12 18
18 17 15
42 42 13
72 71 13
144 143 16
186 185 15
249 248 15
264 262 17
282 280 16
405 404 13
417 417 17
462 461 16
642 642 15
648 648 15
651 651 17
741 741 14
777 777 15
789 789 16
936 935 14
54 54 16
60 60 13
117 115 15
285 285 17
312 312 16
342 342 15
369 368 13
372 371 13
498 498 15
507 505 14
555 555 14
591 589 16
639 638 13
720 718 17
723 721 15
732 731 17
762 760 14
810 810 16
903 901 15
915 914 13
69 69 16
345 345 17
354 352 16
369 367 16
468 467 17
471 471 17
486 485 16
501 501 13
582 580 13
594 593 14
603 603 14
609 607 13
627 625 17
786 785 15
831 831 13
840 840 13
843 843 17
879 877 17
903 901 14
963 962 13
18 18 15
30 30 17
33 33 14
51 51 15
153 151 15
399 399 18
450 449 16
537 536 13
546 546 14
582 580 12
609 607 17
657 656 16
693 692 16
702 701 16
708 706 14
804 802 17
867 867 14
903 901 16
927 925 18
951 949 15
138 137 14
147 145 17
177 176 14
207 206 16
318 318 15
324 324 15
330 329 14
357 355 17
366 366 16
384 384 13
414 414 17
420 420 15
456 455 14
579 577 13
612 612 13
777 775 14
777 775 14
780 779 14
789 789 17
861 860 15
6 5 15
105 105 15
108 106 16
108 108 17
111 109 16
153 152 15
225 223 17
282 282 17
354 352 12
495 494 15
546 544 13
558 556 18
651 649 14
687 687 17
720 718 15
765 765 17
846 844 13
849 848 15
879 879 15
939 938 13
6 4 17
153 153 13
168 167 15
306 304 15
318 317 14
546 546 17
564 562 16
564 563 14
747 747 17
795 795 18
840 839 17
840 840 14
846 845 13
873 872 14
876 875 14
891 890 15
909 908 14
954 953 13
957 956 15
1002 1000 15
21 20 18
117 117 12
120 120 15
156 154 17
192 190 13
195 194 16
234 234 14
261 261 17
294 292 15
333 331 15
408 407 16
423 421 17
525 524 17
540 538 12
645 643 15
789 788 14
813 811 17
828 826 16
861 860 17
900 898 15
69 69 12
69 69 17
114 112 14
135 134 17
264 263 15
309 308 14
351 351 18
363 362 15
384 382 15
522 522 17
528 526 16
606 605 17
633 632 13
636 635 16
765 765 13
777 775 17
786 786 16
837 837 15
852 850 13
981 981 16
39 39 13
60 59 14
63 63 13
108 108 16
156 154 16
228 228 13
246 245 17
249 247 14
276 276 15
306 304 14
312 312 17
372 372 15
378 377 13
537 537 16
636 636 16
660 659 14
666 665 14
930 929 16
963 963 12
981 979 13
39 37 14
87 86 17
144 142 16
168 168 17
174 173 16
192 190 13
198 196 13
288 288 15
357 355 14
375 374 14
384 384 15
558 557 14
645 643 16
711 711 14
792 791 16
852 850 15
903 903 14
909 907 16
942 942 13
999 998 17
57 55 13
78 77 14
102 101 16
105 105 14
111 111 14
111 111 16
192 190 13
303 302 15
309 309 17
336 335 16
462 460 15
519 517 14
534 533 15
549 547 16
573 571 14
573 572 14
627 627 17
648 646 17
783 783 13
855 854 13
18 18 13
51 51 17
138 136 15
186 186 16
189 187 13
204 203 15
330 330 14
375 375 17
450 449 14
486 486 17
534 532 16
633 632 15
648 648 16
702 702 14
729 728 15
825 823 15
852 850 14
855 854 14
885 883 13
957 956 13
15 14 16
48 47 15
51 49 14
57 55 13
162 162 16
177 177 16
273 273 15
387 385 16
450 448 16
483 481 17
507 506 17
534 533 17
588 588 17
675 674 17
714 713 13
720 718 17
720 719 15
873 873 14
957 957 14
972 972 13
60 60 15
66 66 16
108 108 14
159 157 16
174 172 16
204 204 13
225 224 15
354 352 14
378 377 14
405 405 14
417 416 13
552 552 13
573 572 16
753 751 13
882 880 17
894 894 15
939 938 13
948 948 14
975 973 15
981 979 14
18 16 15
102 101 13
102 102 14
117 117 13
159 158 13
171 169 17
207 205 14
405 403 17
495 495 14
570 569 13
720 718 16
756 754 16
768 768 17
894 893 17
903 902 15
921 919 17
939 938 15
945 945 14
963 963 12
993 991 16
117 115 12
126 125 13
156 154 17
249 248 17
267 266 12
288 287 18
297 295 14
297 296 13
303 303 15
342 341 17
378 377 17
459 458 13
498 498 14
504 504 12
519 517 16
546 546 13
594 592 15
720 718 14
819 818 17
909 908 17
3 2 13
3 2 13
3 2 17
123 121 13
141 140 15
297 296 17
306 305 17
354 352 18
360 359 14
372 371 17
387 386 16
414 412 13
465 464 13
486 485 13
642 641 15
711 710 17
735 735 15
741 741 15
900 899 14
981 979 13
93 93 15
144 143 17
198 196 13
204 204 16
249 249 14
390 390 16
417 415 18
468 468 14
498 498 15
519 518 14
576 575 16
657 655 17
702 702 15
711 711 17
738 737 14
849 847 12
879 877 13
891 889 16
927 926 16
954 953 12
54 54 15
144 143 14
267 267 15
387 387 14
420 420 15
471 471 15
480 478 16
495 495 17
573 573 14
576 574 13
732 731 15
747 746 17
756 756 15
771 770 17
825 824 17
846 845 14
873 872 13
969 969 16
975 973 14
978 976 17
42 40 15
63 61 14
120 118 15
135 135 17
288 288 13
312 310 15
312 312 15
333 332 15
417 416 14
447 447 16
534 533 17
633 631 16
690 690 16
714 713 13
759 757 16
777 777 14
786 786 13
897 897 16
939 938 14
975 973 13
39 37 15
78 78 13
264 264 16
285 283 15
318 318 14
375 374 16
399 397 15
402 402 14
405 404 17
450 450 13
582 582 13
657 655 17
672 672 17
681 679 17
753 751 15
753 753 13
771 771 13
777 777 13
897 895 16
966 966 15
15 14 14
225 223 15
231 229 16
291 290 18
312 311 16
333 333 15
357 357 14
384 384 14
405 403 18
453 453 15
507 505 15
573 571 14
633 632 15
669 667 15
672 671 15
696 696 13
741 741 15
774 774 14
936 935 15
978 976 15
147 147 15
150 148 13
231 230 13
270 269 17
276 274 15
369 369 15
414 412 14
453 452 15
465 464 17
486 484 14
540 540 13
543 543 17
549 549 15
654 653 16
684 682 13
771 771 14
807 806 15
951 949 13
957 956 18
999 998 15
15 15 14
60 60 15
75 75 15
84 84 17
96 96 17
123 123 14
189 189 15
225 225 14
243 243 13
426 426 17
516 514 13
558 558 15
621 619 17
627 627 17
663 662 15
732 730 15
771 771 15
789 787 16
906 905 14
930 928 14
192 192 14
297 296 16
360 359 14
369 367 15
375 375 17
486 486 17
528 527 14
543 543 13
576 575 17
618 618 13
642 640 13
666 666 14
822 822 13
843 841 16
918 917 14
936 936 14
951 950 14
978 977 16
990 988 12
999 999 16
21 19 16
234 234 15
288 288 16
327 327 14
366 366 12
384 383 16
417 417 14
462 460 14
486 485 13
492 492 15
522 520 16
660 660 17
672 672 17
732 732 13
738 738 16
855 854 13
903 901 14
966 966 15
981 980 14
990 990 13
75 74 16
114 113 15
132 131 14
171 169 13
189 188 15
288 288 12
354 354 13
360 359 16
366 364 17
387 385 17
396 394 13
465 464 15
525 524 16
525 525 14
561 561 15
597 596 14
666 665 15
759 759 13
795 795 14
816 816 17
48 48 17
63 62 17
84 83 15
240 238 17
306 304 17
324 323 15
345 344 13
411 411 13
438 438 13
444 444 15
501 500 13
621 620 14
627 627 12
720 720 16
732 730 15
756 756 14
777 775 14
903 901 17
930 928 16
972 972 16
21 20 13
27 27 16
90 90 17
135 133 13
171 169 14
183 182 17
234 232 18
243 242 14
249 248 15
261 261 16
321 320 12
498 498 14
531 530 15
549 549 16
618 618 12
690 689 14
768 766 14
789 788 16
912 912 18
987 987 16
81 80 17
93 93 15
135 135 16
219 219 14
288 287 18
291 289 14
309 309 13
390 388 14
396 396 13
414 412 17
483 482 16
672 672 16
690 690 13
702 700 13
702 702 13
756 754 13
759 758 16
822 820 16
903 903 16
987 985 17
3 1 14
9 9 16
12 12 17
15 15 14
51 50 14
51 51 13
105 104 12
327 325 13
354 353 17
363 363 14
411 409 13
444 443 15
498 496 13
552 550 17
561 560 16
720 720 14
828 826 14
921 920 15
972 971 14
984 984 18
15 15 14
69 69 14
123 122 16
123 123 14
186 184 14
204 203 15
240 240 14
279 277 17
288 288 15
315 313 17
330 330 12
453 452 13
453 452 16
558 557 14
567 567 15
645 644 16
645 645 14
699 699 13
759 757 14
804 804 12
30 29 13
138 138 15
153 152 14
165 165 13
213 212 13
231 230 13
240 240 13
300 300 14
321 321 17
432 432 15
498 498 13
537 535 17
621 621 15
654 654 18
684 682 13
717 715 13
750 748 17
759 758 13
774 774 17
987 987 16
9 8 17
15 13 17
30 29 14
180 180 16
204 203 13
318 318 18
396 394 16
456 454 14
498 498 17
531 531 17
621 620 14
636 635 14
675 675 14
681 679 16
681 681 17
720 720 17
723 723 16
810 810 15
816 815 15
843 841 17
27 27 14
33 31 17
159 159 15
198 197 16
234 233 17
294 293 16
336 334 12
420 419 14
447 445 16
465 465 16
597 595 13
597 597 16
642 641 13
663 661 17
720 718 17
867 865 13
867 865 16
870 869 17
972 971 15
996 995 17
93 92 17
258 256 16
330 330 13
339 338 14
417 417 14
426 425 13
513 511 13
543 542 12
651 651 14
666 664 15
675 673 13
735 733 15
777 776 16
819 818 15
822 822 16
855 853 13
894 893 17
921 920 18
966 965 14
978 978 14
27 26 16
36 35 14
39 37 14
45 44 16
69 68 17
117 117 16
162 160 14
204 204 15
306 306 14
309 307 14
585 584 14
603 601 16
621 621 14
642 641 16
762 762 14
801 799 17
828 828 15
867 865 15
894 892 14
894 894 14
72 70 13
99 98 17
132 131 14
141 141 15
198 196 17
219 218 16
240 239 16
288 286 15
330 329 13
372 372 17
381 380 17
384 384 13
417 417 13
516 515 16
582 580 15
666 665 17
669 668 13
867 867 14
870 868 14
912 911 16
30 30 13
78 77 15
168 166 13
180 179 14
195 195 17
231 230 17
309 308 16
315 313 17
378 377 15
414 412 17
447 446 15
471 469 16
588 586 17
606 604 17
639 637 14
681 680 15
711 710 16
822 822 12
831 829 12
918 916 17
9 9 17
84 83 15
126 125 16
129 128 15
282 282 14
294 294 15
372 371 14
405 405 14
420 418 15
429 428 17
459 458 14
492 490 13
501 500 14
579 577 15
687 686 16
711 710 13
774 772 15
804 803 13
825 825 14
891 891 13
84 84 15
150 150 17
201 200 17
207 206 15
237 237 13
243 241 13
297 296 15
615 614 16
666 664 14
693 691 17
705 703 16
705 703 16
759 759 13
822 821 14
834 833 12
870 870 13
879 879 13
891 889 18
954 954 15
999 997 14
