1000 100 2282387
10 142 244
10 97 231
10 93 226
10 80 153
10 57 226
10 129 217
10 100 161
10 139 225
10 61 191
10 51 154
10 86 185
10 63 159
10 126 196
10 56 236
10 80 221
10 73 159
10 146 200
10 70 247
10 148 192
10 68 229
10 139 237
10 127 234
10 81 172
10 91 190
10 150 245
10 85 174
10 59 172
10 147 246
10 80 158
10 140 237
10 102 210
10 70 217
10 114 238
10 125 152
10 59 188
10 67 151
10 141 219
10 86 235
10 135 188
10 75 203
10 109 240
10 95 195
10 95 154
10 68 166
10 81 240
10 68 227
10 95 234
10 147 241
10 144 197
10 59 174
10 84 190
10 65 178
10 105 184
10 68 152
10 51 222
10 65 158
10 55 168
10 110 190
10 88 161
10 60 162
10 68 221
10 77 201
10 84 208
10 68 168
10 134 225
10 90 179
10 79 163
10 146 193
10 95 199
10 64 189
10 94 205
10 128 215
10 76 224
10 94 185
10 68 201
10 70 193
10 95 248
10 113 232
10 55 207
10 150 150
10 75 229
10 121 181
10 53 199
10 131 163
10 108 215
10 116 244
10 137 157
10 99 183
10 93 236
10 106 192
10 102 190
10 78 205
10 116 172
10 71 195
10 116 150
10 113 178
10 88 229
10 149 222
10 63 202
10 59 190
420 419 36
1014 1014 35
2826 2824 30
3357 3355 27
3492 3491 27
3852 3850 32
7920 7920 36
9273 9273 32
9501 9501 28
9996 9995 38
1959 1958 33
3477 3475 32
3933 3931 35
4434 4433 37
5328 5326 28
6747 6746 33
6927 6926 29
7221 7221 29
7842 7841 27
9945 9945 31
1287 1285 37
1809 1808 27
2199 2198 36
3804 3802 34
4038 4038 36
4314 4313 38
5601 5601 32
6585 6583 32
7014 7012 33
8319 8318 37
300 300 35
1461 1459 32
1698 1698 34
1740 1739 29
1815 1814 37
2238 2236 33
4890 4889 36
6912 6911 37
9600 9599 34
9930 9928 31
207 205 37
537 535 29
4200 4200 35
4215 4214 36
4686 4686 34
5274 5274 35
6411 6409 32
6552 6552 28
7356 7356 36
8403 8402 31
93 93 35
1368 1368 33
2316 2314 31
4965 4965 33
5112 5111 32
5466 5466 29
6435 6434 35
8421 8421 34
8502 8502 33
9540 9540 35
102 100 38
759 759 38
849 848 31
2364 2364 37
3153 3152 35
4233 4233 37
5355 5354 37
5529 5529 34
8688 8686 28
9225 9223 30
1851 1850 27
1938 1937 28
4917 4915 30
5937 5935 38
6480 6480 34
6534 6532 29
6699 6698 37
6876 6874 29
7419 7419 33
9990 9988 37
771 771 27
813 813 34
3327 3326 32
4344 4342 33
4440 4439 29
7779 7779 31
9099 9098 28
9414 9413 35
9513 9513 28
9576 9575 31
1128 1127 27
2280 2278 37
5313 5311 36
5349 5349 30
5655 5654 38
7908 7908 33
7920 7919 36
7989 7987 30
8286 8284 33
9891 9889 35
543 543 31
1422 1420 35
4899 4898 37
5151 5150 36
6162 6160 35
6723 6721 29
7281 7279 33
7641 7641 37
8658 8656 37
9033 9033 32
537 536 29
1065 1063 38
1254 1253 36
4734 4734 30
5028 5027 28
6177 6177 28
7170 7168 28
8052 8050 34
8445 8445 33
9231 9230 34
336 334 30
459 458 34
2631 2630 33
3996 3994 37
4482 4481 31
4761 4759 34
5448 5447 37
6759 6759 36
6786 6785 33
6939 6937 31
204 204 37
222 220 35
777 775 27
1776 1774 28
2232 2231 30
2445 2443 35
5424 5424 36
6999 6997 36
7356 7354 37
9822 9822 35
354 352 34
879 878 34
1206 1206 31
2586 2586 32
6021 6021 30
7665 7665 37
8733 8731 28
8883 8881 30
9897 9895 35
9915 9913 29
2661 2659 36
4473 4472 37
5415 5415 30
5487 5485 36
5709 5707 31
6336 6336 34
8058 8058 36
8658 8658 37
8781 8779 29
9315 9313 34
390 388 31
855 853 29
3174 3172 31
3915 3914 33
4029 4028 27
4509 4509 36
8187 8185 30
8571 8571 32
8997 8995 37
9972 9971 35
597 596 35
849 847 35
5016 5014 31
5148 5147 37
5778 5778 36
5868 5866 33
7776 7776 28
8166 8165 36
9093 9091 33
9513 9512 34
1104 1104 35
2397 2396 29
2880 2879 30
4251 4251 32
5136 5134 33
5877 5876 34
7593 7593 37
9036 9036 38
9234 9233 36
9732 9732 30
537 535 34
552 550 30
1062 1061 30
3261 3260 30
3969 3969 35
4368 4368 37
6093 6093 30
7200 7199 33
8790 8789 37
9888 9887 32
24 22 29
2034 2032 36
2358 2356 28
2829 2828 35
4398 4396 33
6438 6437 36
7311 7309 37
7377 7376 27
8841 8839 27
8859 8858 28
867 865 35
1293 1291 27
1533 1533 29
2061 2061 30
2580 2579 31
5247 5245 37
5499 5498 36
6879 6878 34
8268 8267 35
8448 8447 37
420 418 35
678 678 34
816 814 31
2028 2026 28
2274 2273 37
5871 5871 33
6906 6904 28
7026 7024 32
7683 7683 29
9306 9304 33
1002 1002 32
2034 2034 36
3102 3102 30
3807 3807 36
4986 4985 34
6429 6429 28
8040 8038 36
8274 8273 30
8433 8432 32
8562 8560 34
1002 1001 28
1764 1762 28
2163 2163 34
2190 2190 38
4713 4711 36
5016 5015 37
8082 8082 36
8943 8942 36
9189 9189 32
9201 9201 28
1605 1605 32
2691 2690 27
3528 3528 38
3759 3759 28
5307 5306 33
5313 5313 36
6558 6558 28
7611 7609 34
8217 8217 32
9138 9138 32
2142 2141 29
2745 2744 36
3198 3197 35
4767 4766 35
4962 4960 32
6090 6088 34
6159 6157 32
7674 7673 27
8445 8444 32
9597 9597 33
111 111 32
279 278 30
693 693 35
2922 2920 31
3417 3416 35
3609 3607 32
5112 5112 36
7488 7487 32
8853 8851 31
9606 9606 37
1896 1895 34
1938 1936 35
1992 1991 37
3057 3057 35
4668 4666 34
4704 4704 32
5487 5487 33
7440 7440 28
8037 8035 34
9318 9316 36
921 921 37
1056 1056 31
1875 1874 30
2583 2581 32
4242 4240 31
5130 5130 31
7311 7311 33
7389 7389 36
8856 8855 38
9705 9703 27
378 377 38
777 776 29
1359 1359 37
3072 3070 36
3714 3713 33
3969 3967 28
3969 3968 37
4863 4862 34
5604 5604 34
8718 8717 27
6 6 35
1023 1023 28
2271 2271 28
2433 2432 32
4413 4411 33
6276 6274 28
6594 6594 33
7206 7204 34
8478 8476 35
8571 8571 32
828 827 35
1443 1441 29
3624 3622 28
5925 5925 34
6225 6225 34
6699 6699 36
7401 7400 34
7758 7756 36
8409 8409 36
9438 9437 34
333 332 34
423 423 35
906 905 38
2643 2641 37
3168 3166 31
4437 4436 31
5109 5109 34
5286 5286 32
6693 6693 33
9045 9045 31
756 754 33
4209 4207 27
4431 4429 36
4632 4632 30
5577 5575 28
8241 8241 27
8922 8922 32
9006 9006 27
9024 9023 38
9144 9142 36
1800 1798 34
2562 2560 35
2784 2784 31
4308 4307 30
5508 5508 30
6681 6681 33
6753 6753 35
6960 6958 37
7260 7258 27
9726 9726 35
21 20 30
1872 1870 28
2310 2309 37
2721 2721 32
3648 3646 36
5100 5100 27
6543 6543 36
7533 7533 32
8175 8175 37
8973 8972 37
378 376 28
1464 1462 33
2589 2588 31
3276 3276 31
5106 5106 32
5529 5528 34
6960 6958 28
7512 7510 31
7623 7622 34
9237 9236 34
1953 1952 28
2298 2298 34
2820 2819 37
3528 3528 37
6594 6593 31
7092 7090 30
7911 7909 34
8241 8241 29
9144 9142 36
9975 9974 37
195 193 33
1098 1097 34
1749 1747 33
1962 1961 27
2787 2787 33
3276 3275 36
3921 3920 38
6150 6150 29
6588 6586 28
7239 7238 33
423 423 30
906 904 36
2661 2659 27
3303 3302 29
3654 3653 36
7314 7312 36
7365 7364 37
8481 8480 30
8655 8653 31
9495 9493 38
231 230 34
2742 2742 34
2940 2940 35
4083 4081 35
4899 4899 35
6627 6627 37
6957 6956 28
8163 8161 29
8946 8946 31
9468 9467 32
651 650 28
1074 1073 36
4296 4295 33
4581 4581 29
4929 4929 35
6360 6358 29
7434 7433 36
8529 8527 30
8535 8535 38
8577 8575 30
1569 1569 36
1881 1880 28
3891 3891 36
4116 4116 30
4260 4258 31
4935 4935 31
5685 5683 27
5781 5781 30
8073 8071 33
9420 9419 32
279 278 27
2391 2391 30
2616 2614 31
4449 4448 34
6729 6728 34
7083 7081 37
8151 8151 38
9240 9238 35
9243 9241 34
9633 9633 27
591 589 36
705 704 38
3432 3432 35
3963 3961 34
5613 5612 33
5631 5629 38
6282 6281 27
7938 7937 32
9609 9609 29
9864 9863 32
975 973 27
1071 1070 30
2745 2743 37
4428 4426 30
5154 5154 30
7236 7234 32
7986 7985 36
8253 8251 30
8811 8809 27
8919 8918 29
579 577 35
2289 2289 28
2973 2971 33
3234 3233 31
3657 3657 28
7311 7311 31
7710 7708 35
8616 8615 38
9048 9047 31
9144 9144 29
411 409 32
2169 2169 37
2271 2270 37
2709 2709 28
5661 5659 30
6087 6086 37
6192 6191 28
6798 6796 28
7380 7379 33
8145 8145 35
393 392 37
534 534 28
1005 1003 31
1314 1313 29
2535 2533 31
5979 5979 37
6636 6636 28
8478 8477 37
9471 9469 36
9654 9653 37
201 201 36
2136 2135 32
2160 2159 34
2421 2421 30
3354 3352 35
6405 6403 32
6429 6427 35
7506 7505 33
7800 7800 32
9384 9383 31
1287 1287 36
1503 1501 35
1875 1873 38
5850 5849 36
6600 6599 29
6630 6630 35
6714 6712 36
8199 8197 29
8298 8298 37
9981 9979 37
99 99 37
144 144 36
156 156 32
1785 1783 36
2343 2341 32
4356 4356 33
6387 6387 38
8496 8496 37
8565 8565 36
9015 9014 30
558 556 34
2853 2853 34
3657 3656 27
3672 3672 28
4080 4080 28
4758 4757 30
5088 5088 30
7206 7204 27
8127 8127 37
9996 9996 32
810 808 33
1218 1216 35
3924 3924 29
3933 3932 30
4293 4293 37
5184 5184 34
6306 6305 30
6675 6673 37
8325 8325 31
9342 9340 35
2079 2079 34
2574 2574 32
2994 2992 29
3111 3109 29
5631 5629 32
7779 7777 28
7833 7832 32
8163 8162 37
9477 9475 29
9864 9864 36
228 228 28
1197 1195 28
1470 1469 32
3618 3617 30
3711 3709 30
4065 4064 38
5100 5098 33
7383 7381 31
8514 8513 33
9012 9012 31
234 232 27
3078 3077 36
3186 3184 32
3291 3290 32
3333 3333 36
4218 4218 27
7446 7445 28
8319 8318 35
8328 8327 36
8751 8750 30
204 203 36
834 833 33
2448 2447 35
2901 2900 30
3639 3638 32
3993 3991 30
7602 7601 34
7626 7625 37
7965 7964 28
8283 8281 36
90 89 32
492 491 30
954 954 28
1479 1479 29
2034 2032 27
2487 2487 31
3849 3849 36
3957 3956 34
8943 8942 37
9696 9696 33
798 796 30
1128 1127 36
4647 4646 38
4938 4938 28
6378 6376 38
6435 6435 33
7638 7636 37
8313 8313 37
8406 8406 36
9075 9074 36
69 69 37
405 405 30
2148 2147 38
3273 3272 36
4491 4491 35
5040 5039 32
5631 5629 37
5727 5726 37
7959 7959 33
8844 8844 32
597 596 36
1017 1016 34
2994 2994 34
3429 3428 32
4002 4002 28
4062 4061 36
4125 4123 36
4710 4708 32
8556 8554 28
9603 9602 37
714 714 31
1578 1577 35
2283 2283 27
2625 2625 31
3345 3344 36
3432 3431 38
6087 6086 28
6159 6158 27
6810 6808 28
7176 7176 38
162 162 31
3432 3432 38
4485 4484 36
5064 5062 30
6297 6295 33
7062 7062 35
7713 7712 27
8280 8279 30
8442 8441 27
8754 8754 30
90 88 32
93 91 33
630 628 32
729 728 37
1305 1305 37
1374 1372 31
2304 2303 34
5826 5825 32
8142 8140 28
9561 9561 32
1191 1190 27
2427 2426 37
2748 2748 27
3057 3057 31
4812 4811 31
6354 6352 37
8028 8027 33
8397 8395 30
9822 9822 33
9981 9980 32
429 428 34
3432 3430 29
3933 3931 28
4347 4345 37
5313 5313 27
5718 5716 31
7962 7960 33
8352 8350 32
8439 8437 37
9195 9193 31
3210 3209 28
3792 3791 29
6096 6094 31
6195 6193 35
8034 8034 34
8124 8124 30
8364 8364 31
9048 9047 30
9654 9653 29
9984 9984 34
333 333 36
639 639 35
2046 2046 36
2442 2440 30
3744 3744 28
5394 5392 37
5787 5787 35
6084 6082 34
8523 8522 36
9357 9357 36
258 257 36
801 799 37
888 887 35
2910 2909 28
3552 3551 35
4137 4137 31
5631 5631 29
7059 7058 27
7572 7570 36
8466 8465 32
153 153 32
183 181 27
2763 2763 33
3522 3521 36
3936 3935 33
4614 4612 37
4686 4685 31
6645 6643 29
6948 6946 30
7968 7966 37
597 596 33
648 646 33
2016 2014 29
3294 3292 36
3600 3600 30
4890 4889 32
5682 5682 36
5712 5711 32
6798 6797 27
6813 6813 37
99 99 30
1125 1125 30
1140 1140 37
4512 4511 29
5388 5386 31
5466 5466 30
5775 5774 30
6300 6299 29
6756 6756 30
7563 7561 36
3 3 28
288 288 37
1416 1415 29
1608 1608 37
4305 4304 33
5271 5270 34
6426 6426 38
8178 8176 33
8451 8451 36
8667 8667 31
537 536 34
1989 1987 30
2115 2115 31
2919 2918 29
3237 3236 31
3513 3513 34
6618 6618 27
6990 6990 33
9300 9300 34
9402 9402 32
1323 1322 38
2715 2714 36
3516 3514 37
3711 3709 29
4194 4192 27
5550 5549 29
6069 6069 28
8898 8898 34
9462 9461 31
9489 9489 28
1596 1594 31
2007 2007 36
2808 2808 31
2832 2832 33
3450 3448 28
3936 3934 29
3957 3955 34
4809 4807 27
6873 6871 28
6918 6916 34
780 779 30
2094 2094 35
2937 2935 29
3825 3825 31
3867 3866 32
4308 4306 33
4746 4744 36
4830 4830 36
7035 7035 35
9132 9131 34
1065 1064 32
1710 1709 33
3288 3288 38
3702 3701 31
4149 4148 30
4908 4907 29
4950 4949 30
5634 5632 33
9624 9622 27
9840 9838 37
1116 1114 29
2067 2067 27
2202 2200 30
4896 4894 32
4917 4915 34
5076 5074 30
6942 6942 32
9363 9363 31
9465 9465 35
9966 9964 28
459 457 29
765 765 31
954 952 29
2529 2529 34
2952 2950 34
4473 4471 36
4887 4886 35
5088 5087 35
5142 5142 34
6204 6204 32
147 145 36
552 552 35
2574 2572 33
4371 4369 33
4587 4587 35
5667 5667 34
5964 5963 35
8514 8512 32
8550 8549 30
9729 9728 27
738 736 34
975 973 36
1266 1265 34
1896 1896 30
4230 4228 35
4461 4461 32
4827 4825 36
6405 6405 31
8307 8306 34
8715 8713 28
72 71 35
3852 3852 29
3957 3955 30
5184 5184 34
5781 5779 30
6348 6347 30
6621 6621 37
6690 6690 35
6945 6945 34
9414 9413 33
393 391 29
1254 1252 35
2274 2273 36
2532 2531 37
3822 3820 32
4179 4178 28
4311 4309 30
8019 8019 38
8346 8344 34
9480 9480 32
726 725 31
1767 1766 33
4041 4039 34
5532 5530 34
7962 7962 29
8190 8188 28
8316 8314 29
9213 9211 34
9720 9718 30
9927 9926 33
438 436 29
2730 2728 30
2832 2832 28
3636 3634 29
4290 4289 35
5952 5952 34
7581 7579 36
8103 8102 34
9045 9044 34
9738 9737 29
45 45 30
2787 2787 36
2790 2789 31
5727 5725 32
6237 6236 30
7464 7464 34
7491 7491 37
9648 9647 30
9684 9684 30
9762 9760 27
1011 1009 27
2667 2666 38
3831 3829 34
3954 3952 36
4737 4735 35
5847 5846 35
7779 7777 38
8388 8388 38
8412 8410 31
8496 8495 34
159 159 31
3540 3539 33
4734 4734 32
5679 5677 36
5856 5856 37
5859 5858 35
6810 6808 27
7515 7513 33
8514 8513 37
9828 9828 37
3360 3359 34
3588 3587 31
4002 4000 31
4251 4251 34
6789 6788 29
7392 7392 37
7836 7835 28
9330 9330 29
9441 9439 33
9804 9803 31
771 769 34
831 829 28
2001 2000 33
2055 2055 32
2400 2399 30
3273 3272 33
4455 4454 34
5985 5985 36
8595 8593 28
8967 8966 35
348 348 27
444 443 33
723 721 38
2991 2991 38
4569 4567 32
4671 4669 27
5748 5748 32
7221 7219 32
8514 8514 32
8895 8894 33
117 116 36
681 679 32
741 739 30
1713 1712 32
2394 2394 29
3984 3984 37
4359 4359 37
4920 4918 38
5562 5560 28
7605 7605 32
621 621 30
1038 1037 30
3987 3985 37
4251 4251 32
4347 4347 34
5361 5361 31
5658 5657 37
6525 6525 30
8988 8986 36
9960 9959 37
147 147 34
579 579 34
747 746 29
1767 1767 31
4278 4276 31
4896 4894 29
5514 5514 30
6063 6062 35
6912 6910 38
8649 8649 32
4044 4044 37
4404 4402 31
5004 5002 30
6396 6395 38
6555 6553 37
6861 6861 28
9078 9076 33
9123 9121 38
9540 9538 30
9681 9681 31
663 662 37
2226 2224 34
3939 3938 37
5478 5478 34
6447 6447 33
8040 8039 27
8460 8460 28
8724 8723 36
9318 9317 37
9528 9528 29
1635 1635 27
2100 2099 27
2967 2965 30
4296 4296 28
5607 5606 32
5910 5909 38
6222 6221 32
7167 7167 30
7749 7749 30
9117 9117 34
