1000 20 2710718
50 96 179
50 66 208
50 74 223
50 133 191
50 125 231
50 127 165
50 95 230
50 62 217
50 79 179
50 119 201
50 57 191
50 77 172
50 52 212
50 89 175
50 128 215
50 119 209
50 147 245
50 137 189
50 75 168
50 144 217
102 101 5
138 137 4
456 454 6
525 524 5
528 526 5
642 641 6
927 926 6
1185 1185 5
1278 1278 5
1347 1345 5
1416 1414 5
1644 1644 5
2082 2081 6
2253 2251 4
2352 2351 4
2385 2384 5
2442 2440 4
2673 2673 5
2859 2857 5
3093 3091 6
3279 3277 6
3420 3419 5
3426 3424 4
4065 4064 4
4344 4342 5
4470 4470 5
4953 4951 5
5040 5038 5
5202 5201 6
5547 5545 5
5619 5617 6
5697 5696 5
5946 5944 5
6489 6488 5
6627 6627 6
7155 7153 4
7659 7657 6
7716 7716 5
7752 7750 5
7860 7858 6
8379 8378 6
8484 8483 5
8649 8649 6
9351 9349 6
9519 9519 5
9687 9685 6
9873 9873 5
9879 9878 5
9918 9916 5
9960 9959 6
522 522 6
903 901 6
930 929 6
981 979 5
1035 1034 6
1215 1215 4
1551 1549 6
2202 2200 5
2379 2379 4
2799 2797 4
2958 2958 4
2964 2962 5
3081 3081 5
3192 3192 6
3228 3228 4
3315 3315 6
3423 3422 4
3693 3691 5
3726 3726 6
3774 3773 4
3906 3906 5
4380 4380 6
4695 4694 6
4908 4906 6
4926 4926 4
4989 4989 6
5151 5149 6
5217 5216 4
5280 5279 5
5715 5713 4
5715 5715 5
5946 5944 6
6312 6310 6
6780 6778 6
7065 7065 5
7152 7150 5
7152 7152 5
7416 7414 6
8286 8285 6
8589 8589 6
8967 8966 6
8982 8982 6
9012 9011 4
9048 9047 5
9162 9160 5
9195 9194 5
9246 9245 6
9570 9568 4
9810 9809 6
9969 9969 5
21 21 5
288 288 6
522 520 6
657 656 5
849 848 4
894 893 5
1467 1466 5
1575 1574 4
2064 2062 5
2361 2361 5
2718 2718 5
2724 2723 5
2748 2748 5
2877 2876 5
3459 3459 4
3726 3726 5
3873 3871 5
4125 4123 6
4404 4402 5
4452 4451 5
4482 4481 5
4821 4819 5
5166 5166 6
5640 5640 5
5769 5768 4
5871 5870 5
6258 6257 5
6282 6280 4
6390 6390 4
6537 6536 4
6765 6763 6
6897 6896 4
7410 7409 5
7518 7518 5
7665 7665 6
8328 8328 6
8430 8430 4
8454 8454 5
8493 8492 4
8526 8526 5
8634 8633 4
8634 8634 4
8742 8742 5
9252 9252 5
9318 9316 4
9372 9370 5
9591 9589 5
9639 9637 6
9894 9894 4
9957 9957 6
69 69 5
819 817 6
885 884 4
1482 1481 5
1584 1582 5
1659 1659 5
1848 1846 5
1887 1887 6
1947 1945 5
2190 2190 5
2214 2214 5
2277 2275 4
3195 3194 4
3207 3205 6
3471 3470 5
3651 3649 5
3873 3873 5
3981 3981 5
4041 4040 6
4386 4385 6
4434 4433 5
4455 4453 6
4641 4639 5
4794 4792 5
4830 4830 6
5019 5017 5
5076 5075 5
5202 5201 4
5736 5735 4
5829 5828 6
5832 5832 6
6432 6431 4
6567 6565 5
7284 7284 5
7395 7393 5
7614 7613 4
7680 7678 5
8121 8119 6
8271 8271 4
8700 8698 5
8730 8728 5
8880 8879 5
9063 9062 6
9141 9141 4
9327 9327 5
9402 9400 5
9726 9724 5
9828 9827 5
9843 9843 5
9849 9849 6
75 73 5
168 167 6
270 270 5
711 710 6
963 962 5
966 964 6
987 986 5
1098 1096 6
1488 1487 5
1596 1595 5
1683 1681 5
3276 3276 6
3381 3380 5
3408 3407 4
3786 3785 5
4182 4182 4
4446 4445 5
4470 4470 5
4803 4803 5
5286 5285 6
5523 5523 6
5565 5564 6
5598 5597 5
5619 5617 4
5919 5919 6
6063 6063 4
6450 6448 5
6468 6468 4
6492 6491 5
6906 6905 5
7251 7249 5
7290 7290 4
7491 7490 4
7575 7574 6
7737 7735 5
8205 8205 5
8223 8223 6
8250 8248 5
8589 8588 5
9000 8999 4
9039 9039 5
9045 9045 4
9054 9053 6
9063 9063 6
9585 9585 4
9693 9691 4
9942 9941 6
9951 9950 6
9993 9993 5
9996 9995 5
531 531 6
540 539 4
540 540 6
627 627 5
768 766 6
801 800 5
990 988 5
1353 1353 5
1671 1671 4
1710 1710 5
1803 1803 5
1818 1816 5
1821 1819 5
2055 2054 6
2247 2247 5
2301 2299 5
2391 2391 6
2547 2545 5
3033 3032 4
3408 3406 6
3408 3408 5
3630 3629 5
3864 3862 5
3999 3999 5
4281 4280 5
4308 4308 6
4323 4322 5
5139 5138 6
5490 5488 6
5748 5746 5
5769 5769 4
5880 5879 5
5925 5925 6
5982 5980 5
6132 6131 5
6282 6280 6
6282 6282 5
6291 6289 5
6597 6595 5
6804 6802 4
7431 7430 5
7623 7621 5
7923 7921 5
9090 9090 6
9105 9104 6
9105 9105 6
9171 9171 5
9378 9378 5
9702 9700 6
9768 9768 5
33 32 4
402 401 6
648 646 6
708 708 5
750 749 5
1437 1437 4
1497 1496 6
1512 1511 4
1680 1680 6
1959 1959 5
2367 2365 6
2520 2518 4
2532 2530 6
2595 2595 5
2757 2755 6
3024 3022 5
3675 3673 6
3939 3937 4
4005 4005 5
4179 4177 5
4356 4356 5
4704 4703 5
4923 4923 5
5010 5010 5
5037 5037 5
5223 5221 6
5379 5377 6
5466 5464 6
5532 5530 5
5709 5708 5
5931 5929 5
6474 6473 5
6477 6477 5
6534 6534 4
6855 6854 6
6987 6985 6
7083 7082 5
7356 7355 6
7716 7714 5
8649 8649 5
8655 8655 5
8796 8794 4
9183 9183 5
9273 9272 5
9468 9466 5
9474 9473 5
9585 9584 6
9606 9604 5
9783 9783 6
9969 9967 6
54 54 5
369 369 5
531 530 6
1146 1144 5
1170 1170 5
1659 1659 6
1959 1959 5
2010 2010 5
2238 2238 5
2274 2272 6
2403 2401 5
2538 2536 5
2820 2820 5
2922 2921 4
2997 2996 5
3297 3295 4
3441 3441 6
3795 3793 5
3978 3976 4
4017 4017 5
4359 4357 5
5019 5017 4
5460 5458 4
5481 5480 6
5589 5589 6
5655 5654 6
5742 5741 5
6423 6421 4
6477 6475 5
6561 6561 5
6612 6610 6
7242 7242 5
7458 7458 4
7608 7607 5
7767 7766 5
8034 8033 4
8136 8135 5
8151 8151 4
8295 8295 6
8817 8815 5
8820 8820 4
8937 8936 6
9012 9012 5
9045 9043 4
9264 9264 5
9279 9277 5
9372 9371 5
9696 9695 5
9912 9910 6
9927 9926 5
249 249 5
438 436 5
570 568 5
603 602 4
639 637 5
879 879 5
1110 1109 6
1347 1345 5
1395 1393 6
1515 1513 5
1686 1686 5
2418 2418 5
2451 2449 4
2649 2649 5
2826 2826 5
3429 3427 5
3645 3643 6
3816 3815 5
3945 3944 5
4236 4235 5
4314 4313 5
4518 4518 5
4584 4584 4
4620 4619 4
5004 5003 5
5379 5379 5
5598 5598 4
6186 6184 5
6204 6203 5
6462 6461 4
6837 6836 5
6858 6856 4
7347 7345 4
7452 7450 5
7590 7589 5
7746 7745 5
7767 7766 5
7797 7797 5
7902 7900 5
8382 8382 5
8586 8584 6
8640 8639 5
9120 9119 5
9183 9182 4
9396 9396 5
9411 9409 6
9639 9637 5
9759 9758 5
9894 9892 6
9912 9910 4
276 276 6
324 323 6
414 414 5
588 586 5
1167 1166 5
1395 1394 6
1527 1525 4
2040 2039 5
2118 2118 5
2127 2126 6
2190 2190 4
2598 2598 5
2622 2620 6
2811 2811 6
3231 3231 5
3348 3346 5
3360 3360 5
3603 3602 5
3750 3749 5
3759 3759 5
3786 3785 6
4071 4069 4
4311 4311 5
4551 4550 5
4575 4575 5
5019 5017 5
5133 5133 4
5292 5292 4
5604 5603 5
5658 5658 5
5910 5909 6
6195 6193 5
6324 6324 4
6606 6606 4
6774 6772 5
6969 6968 6
7026 7025 6
7401 7401 4
7464 7463 5
7641 7639 6
7698 7698 5
7920 7920 5
8721 8720 5
8733 8731 5
8973 8973 5
9174 9174 5
9324 9322 5
9513 9512 5
9639 9639 5
9945 9944 5
387 386 5
576 574 5
606 606 6
648 646 5
1101 1100 5
1245 1244 5
1266 1266 6
1536 1536 4
1572 1571 6
1734 1734 5
1764 1764 6
1842 1842 5
1893 1891 6
1935 1934 5
2010 2009 6
2262 2262 5
2370 2369 6
3093 3091 5
3138 3138 5
3231 3230 6
3354 3352 4
3426 3424 4
3603 3601 4
3804 3803 5
4008 4008 5
4023 4023 5
4065 4063 4
4218 4217 5
4452 4450 5
4659 4659 4
4845 4845 5
4848 4846 4
5067 5067 4
5355 5354 5
5985 5985 5
6528 6526 6
6990 6988 5
7134 7133 6
7140 7138 6
7275 7275 5
7857 7856 6
8211 8210 4
8337 8337 4
8394 8394 5
8490 8490 4
9108 9108 6
9366 9366 6
9615 9614 6
9843 9841 5
9990 9989 6
450 450 6
549 548 4
606 605 5
633 632 6
1071 1071 4
1110 1108 4
1188 1188 5
1374 1372 5
1542 1542 6
1617 1616 5
1986 1985 6
2001 2001 5
2094 2092 4
2133 2131 6
2352 2351 4
2628 2627 5
3129 3129 5
3252 3252 5
3807 3806 5
3918 3918 5
4002 4001 5
4059 4059 6
4359 4357 6
4743 4742 5
5058 5057 5
5064 5063 4
5691 5689 5
5748 5746 5
5781 5781 5
6174 6172 5
6405 6403 5
6519 6518 5
6675 6675 4
6861 6861 5
7206 7204 6
7779 7779 5
7854 7854 4
8127 8127 6
8559 8557 5
8625 8624 6
8973 8971 5
9018 9016 5
9135 9133 6
9162 9160 6
9255 9253 5
9294 9294 6
9639 9637 6
9663 9662 5
9726 9725 6
9747 9747 6
15 15 5
228 228 4
237 237 4
735 735 6
1014 1012 6
1086 1084 5
1152 1152 5
1557 1556 5
1662 1661 6
2163 2161 6
2571 2571 6
2646 2646 5
3093 3092 6
3234 3232 6
3606 3606 5
3807 3807 5
3963 3961 4
4011 4011 6
4362 4361 6
4467 4465 6
5049 5048 4
5076 5076 6
5085 5085 5
5262 5260 4
5334 5332 5
5514 5514 4
5637 5637 5
5820 5818 4
6141 6140 4
6423 6423 5
6531 6531 5
6621 6620 5
6714 6712 5
7131 7131 6
7791 7789 5
7884 7884 4
8148 8148 4
8175 8175 5
8412 8410 5
8442 8442 6
8610 8609 5
8667 8665 5
8706 8706 5
8814 8812 4
8832 8830 4
8946 8944 5
8997 8995 5
9309 9307 5
9741 9740 4
9894 9894 5
6 4 5
126 124 6
189 188 5
759 759 6
963 962 4
1005 1003 5
1350 1348 5
1428 1427 5
1476 1474 5
1881 1880 6
2139 2139 4
2451 2449 4
2718 2717 5
2721 2720 6
3480 3478 5
3513 3511 5
3522 3521 5
3789 3789 5
4032 4031 5
4065 4064 6
4206 4205 4
4230 4229 5
4449 4448 5
4908 4907 6
5013 5011 4
5136 5136 4
5454 5454 4
5727 5725 5
6186 6185 6
6216 6214 5
6300 6298 5
6444 6442 6
6492 6490 5
6630 6630 5
6675 6674 5
6678 6677 5
6687 6687 5
7056 7054 6
7326 7325 6
7431 7430 5
7668 7668 5
7674 7673 4
7893 7893 5
8397 8396 5
8418 8418 6
8670 8668 5
9081 9081 5
9324 9322 4
9525 9524 5
9888 9887 5
225 223 4
273 271 5
591 590 5
669 669 5
795 795 6
888 888 5
1065 1064 6
1071 1071 5
1191 1191 6
1344 1344 6
1668 1668 6
1740 1740 5
1776 1774 5
1821 1821 5
2106 2104 6
2286 2285 5
2541 2541 6
2571 2569 6
2742 2740 4
3015 3013 4
3036 3035 5
3552 3552 5
3723 3721 4
3873 3871 6
3882 3881 5
3930 3929 5
4278 4276 5
4329 4328 5
4485 4483 6
4683 4682 5
4752 4751 6
5001 5000 6
5229 5228 4
5256 5255 5
5319 5317 6
5418 5418 5
5964 5962 6
6204 6204 5
6213 6213 5
6426 6425 4
6672 6670 4
7044 7043 5
7086 7084 6
7107 7105 6
7107 7107 5
7707 7705 6
8094 8092 6
8499 8497 6
9189 9187 4
9750 9748 6
6 5 6
417 416 4
966 965 6
1197 1195 4
1263 1261 5
1845 1844 4
2460 2460 5
2535 2533 5
2553 2552 5
2622 2622 5
2730 2729 5
3093 3093 5
3180 3180 5
3243 3242 5
3666 3666 5
3669 3669 4
3726 3726 5
3741 3740 5
3744 3744 5
3759 3759 5
3978 3976 5
4014 4013 4
4188 4187 4
4749 4747 5
4782 4782 6
4896 4895 5
5070 5070 5
5088 5086 5
5286 5284 5
5310 5310 6
5445 5443 5
5541 5540 6
5676 5675 5
6021 6021 5
6093 6093 4
6102 6101 5
6174 6174 5
6246 6245 5
6723 6723 6
6981 6981 5
7575 7573 4
7935 7934 5
7980 7978 6
8598 8598 6
8649 8648 5
8928 8927 5
9102 9100 5
9393 9391 5
9438 9438 5
9846 9846 5
495 494 5
546 544 6
933 931 4
1176 1174 5
1362 1362 4
1866 1865 4
2007 2005 5
2070 2070 4
2496 2496 5
2562 2562 4
2637 2636 5
2676 2674 5
2931 2929 5
3063 3061 5
3249 3247 5
3528 3526 5
3672 3670 6
3855 3853 5
5073 5072 6
5139 5138 5
5145 5143 5
5349 5347 6
5460 5459 6
5496 5496 5
5535 5535 5
6000 5998 6
6318 6316 5
6618 6617 6
6747 6747 5
6966 6966 5
7059 7057 5
7131 7130 5
7137 7137 5
7272 7272 5
7563 7563 6
7650 7648 4
7893 7891 5
8082 8080 5
8124 8122 6
8127 8127 5
8160 8160 5
8238 8238 6
8418 8416 6
8676 8676 5
9354 9353 6
9600 9598 6
9633 9631 5
9657 9655 5
9690 9688 5
9900 9900 5
141 139 4
324 324 6
375 374 5
603 603 6
780 780 5
1050 1048 5
1233 1231 4
1254 1254 4
1317 1316 5
1398 1397 4
1401 1401 4
1467 1467 6
1773 1773 5
1971 1971 4
1974 1974 5
2058 2057 5
2508 2506 5
3159 3157 6
3195 3194 4
3939 3938 6
4008 4007 4
4017 4015 5
4137 4135 5
4206 4204 5
4308 4306 6
4668 4668 5
4740 4738 6
4923 4921 5
5127 5127 4
5358 5358 5
5628 5628 5
6138 6137 6
6282 6282 5
6312 6312 4
6333 6332 6
7026 7025 5
7170 7168 4
7209 7207 6
7344 7344 6
7701 7700 4
7878 7877 5
8691 8689 5
8721 8720 6
8730 8729 5
9078 9077 5
9144 9144 6
9159 9159 6
9501 9501 5
9732 9732 6
9864 9863 6
87 87 5
255 254 5
939 939 5
1659 1658 5
2103 2102 6
2322 2321 5
2595 2595 6
2610 2609 5
2667 2667 4
2997 2997 5
3063 3062 6
3147 3145 5
3165 3164 6
3423 3422 4
3666 3664 6
3852 3850 5
4308 4306 5
4311 4310 5
4323 4321 5
4350 4349 6
4428 4426 6
4452 4452 6
4470 4468 4
4851 4850 6
4905 4903 4
4995 4994 5
5451 5451 6
5571 5571 5
5889 5889 5
5979 5979 6
6423 6422 5
6822 6822 5
6828 6826 6
6975 6975 5
7332 7331 5
7512 7510 6
7524 7523 5
7623 7623 5
7767 7765 5
8025 8024 6
8109 8108 5
8304 8304 5
8421 8420 5
8445 8444 4
8556 8554 5
9246 9245 5
9396 9394 4
9687 9686 6
9771 9771 5
9789 9789 5
12 11 5
276 275 6
801 799 5
1608 1607 5
1983 1983 4
2019 2018 5
2073 2073 5
2292 2290 5
2565 2563 6
2676 2676 5
2808 2808 5
2844 2844 5
2949 2949 4
3090 3089 6
3105 3104 6
3375 3375 5
3393 3391 4
3483 3483 4
3540 3539 6
3585 3583 6
3621 3619 5
3789 3788 6
4083 4081 5
4383 4382 6
4443 4442 5
4614 4612 6
4650 4648 6
4956 4955 5
5082 5081 5
5397 5395 5
5526 5526 6
6081 6079 5
6723 6723 4
6993 6993 5
7044 7044 6
7077 7076 5
7326 7324 5
7500 7500 5
7755 7755 5
7926 7924 5
8208 8208 5
8310 8310 5
8391 8389 5
8835 8834 4
8961 8960 4
9168 9168 5
9174 9172 6
9231 9229 6
9441 9441 6
9510 9509 6
