500 20 107354
25 135 232
25 110 206
25 140 214
25 93 192
25 91 247
25 99 228
25 64 178
25 150 168
25 132 164
25 130 228
25 99 199
25 141 153
25 127 155
25 88 246
25 147 160
25 134 218
25 127 197
25 85 190
25 52 164
25 89 181
75 74 14
81 81 11
87 85 11
96 96 13
123 122 12
132 131 11
231 229 13
237 235 14
267 267 11
333 332 13
348 346 12
396 396 14
417 417 12
453 451 14
516 516 11
522 521 14
540 538 11
642 640 12
699 699 13
699 699 13
726 726 12
840 840 14
894 892 15
954 953 15
996 994 13
6 4 13
27 27 13
93 92 11
105 105 15
120 118 14
240 240 11
243 241 14
288 286 13
375 373 14
381 381 13
537 535 13
624 622 14
636 634 14
654 653 14
675 673 11
771 770 14
780 778 13
798 796 12
807 806 11
810 808 13
879 879 11
888 886 14
891 891 13
894 893 14
984 982 13
75 75 11
78 78 15
117 115 11
120 119 15
207 205 13
225 225 11
252 250 14
255 253 14
282 282 14
315 314 13
336 335 14
345 344 14
378 376 14
597 595 11
627 625 13
627 627 14
642 640 14
657 655 12
666 666 14
669 668 11
783 782 11
783 783 13
798 797 12
909 909 10
969 967 11
12 12 13
18 17 13
18 18 12
33 32 14
90 90 13
129 127 12
132 132 11
174 172 14
204 202 12
204 202 13
273 271 14
336 336 15
348 347 15
360 359 13
366 365 12
372 371 12
375 374 11
447 446 11
480 478 13
501 501 12
720 718 11
729 729 13
777 777 14
942 940 11
981 980 13
21 20 14
30 30 15
84 84 11
126 126 11
132 130 15
135 135 13
168 167 12
195 193 12
216 214 12
219 218 11
294 293 12
381 380 14
402 401 13
414 413 15
483 481 14
486 486 11
504 503 13
564 564 14
624 623 12
651 651 14
690 688 11
789 788 14
816 815 11
906 904 15
924 922 15
63 62 14
96 96 13
132 130 12
141 141 13
186 184 11
270 269 11
375 374 13
399 398 13
411 410 13
486 484 14
543 543 11
621 619 12
642 640 14
702 702 13
720 719 14
741 739 12
741 740 11
747 747 12
756 754 14
762 761 12
765 764 12
927 926 11
927 926 11
936 935 11
987 985 15
114 113 11
135 133 13
249 247 13
357 355 14
363 363 11
393 392 12
423 423 13
468 468 12
480 478 13
498 497 15
528 528 12
567 565 13
570 568 13
606 605 12
609 607 12
627 625 14
735 733 11
759 759 12
804 803 12
846 846 11
864 864 12
894 892 14
945 943 14
984 984 14
996 995 14
42 40 11
45 44 12
60 60 12
246 246 13
270 269 13
288 287 10
312 311 14
375 374 12
378 376 12
393 391 12
429 427 14
474 472 14
483 481 14
504 503 14
636 634 12
657 656 14
675 674 11
708 707 15
708 707 15
714 713 14
729 729 12
762 760 13
825 823 14
855 854 12
903 902 12
153 151 11
165 165 11
168 166 12
171 169 15
297 295 13
312 310 12
318 317 13
318 317 14
363 361 14
381 380 12
408 407 15
411 410 15
432 431 13
444 444 12
498 497 12
534 534 14
552 552 14
561 560 14
576 575 12
585 583 11
609 608 11
849 848 12
885 885 15
888 887 12
990 990 14
3 2 11
54 53 12
57 55 12
168 168 11
183 182 14
192 190 15
201 201 14
261 261 12
315 314 11
339 338 11
366 365 14
435 434 15
444 442 11
444 442 13
492 491 14
519 517 13
537 537 14
549 549 11
720 719 11
732 732 12
753 753 13
807 805 12
807 807 12
933 931 13
948 947 14
36 34 11
60 60 11
75 75 12
93 91 15
129 128 12
138 137 14
141 141 15
180 179 13
183 182 11
222 220 11
255 254 14
300 298 15
360 358 13
555 553 15
630 630 14
648 646 11
654 652 13
666 665 12
678 677 11
807 805 14
825 823 14
906 906 14
924 924 14
963 963 11
999 998 13
3 3 12
15 13 12
33 32 12
87 86 13
123 122 12
198 196 12
213 211 11
231 229 14
237 236 15
303 301 10
312 312 15
363 363 12
450 449 11
531 531 11
609 609 11
618 616 15
645 644 14
723 721 11
732 731 14
738 736 12
840 838 13
840 839 12
906 904 14
972 972 15
978 976 11
30 29 11
138 138 14
150 149 15
171 169 13
192 190 13
234 232 12
264 264 14
291 290 12
303 303 13
348 346 11
369 367 14
471 469 13
474 474 14
486 485 13
486 486 14
528 528 12
537 537 10
564 564 15
567 565 14
618 617 12
651 651 12
669 667 12
771 769 14
870 870 15
873 873 12
99 97 11
144 142 13
177 175 12
195 193 13
228 228 12
234 234 14
264 263 12
342 342 12
390 388 11
396 396 14
522 522 10
576 574 15
612 611 11
633 633 11
648 647 14
657 656 12
741 739 12
765 763 14
771 770 14
798 798 15
885 885 12
891 891 13
960 960 14
969 968 14
990 989 12
60 60 14
87 86 12
144 142 12
165 163 11
192 190 12
201 199 14
240 239 14
273 273 12
282 282 15
309 309 11
372 370 13
402 401 14
420 419 11
516 514 10
591 589 11
594 593 13
603 601 14
648 647 13
822 820 14
822 820 15
867 866 14
885 885 13
915 915 12
969 967 11
981 981 14
57 56 15
78 77 11
87 86 13
114 113 14
114 114 11
129 127 12
159 158 11
198 196 11
315 313 12
327 326 15
357 355 14
450 450 11
540 539 14
549 549 13
558 556 15
681 681 12
717 716 13
717 717 13
720 719 11
795 793 14
918 916 13
918 917 11
921 920 13
939 939 12
960 958 13
30 30 12
60 60 12
93 92 15
114 112 12
114 114 11
198 198 14
231 229 12
231 230 15
231 230 15
258 257 14
336 336 12
363 362 12
513 511 12
525 525 11
537 535 14
591 589 14
660 659 14
717 715 15
726 726 13
741 740 12
744 743 14
777 775 15
822 820 14
867 866 14
909 907 14
33 31 15
45 43 14
60 60 13
78 76 12
171 171 12
210 210 12
228 228 11
315 315 12
330 330 14
384 383 13
444 443 14
471 469 13
504 504 11
564 563 13
582 582 13
618 618 13
651 651 13
684 682 15
708 706 11
768 767 14
789 787 15
837 836 12
870 868 14
921 921 14
927 925 14
9 8 11
24 24 15
42 40 14
51 51 14
57 56 14
60 59 12
72 72 11
84 84 13
90 88 11
93 93 13
123 123 14
285 283 15
384 383 12
411 411 15
420 419 13
522 520 11
600 600 14
717 717 11
774 773 11
840 838 14
903 902 12
933 932 14
963 963 13
975 974 13
975 975 13
36 34 12
78 76 11
99 98 15
114 113 15
120 120 13
123 123 13
135 135 12
138 138 12
180 179 12
249 248 13
291 289 11
300 300 11
321 321 14
348 346 12
375 375 15
378 377 14
462 461 15
549 548 12
555 554 13
666 664 11
672 670 13
687 687 11
702 701 14
750 749 11
891 889 12
