200 20 54978
10 64 186
10 148 184
10 71 246
10 131 236
10 112 205
10 102 203
10 120 186
10 64 247
10 106 223
10 97 244
10 75 237
10 88 210
10 102 166
10 115 178
10 84 187
10 69 248
10 69 206
10 52 248
10 103 192
10 133 207
36 34 27
309 308 31
504 503 28
516 515 25
573 571 32
627 627 26
708 707 31
744 742 28
777 775 30
855 854 28
228 228 29
267 265 29
324 324 25
390 389 26
396 396 32
411 411 24
663 661 24
777 777 29
876 875 30
930 928 30
57 55 29
219 219 28
246 246 24
252 250 25
312 312 31
318 316 31
414 414 25
699 699 30
738 738 30
867 866 25
150 149 25
357 356 26
438 436 31
462 460 31
771 769 26
777 776 32
783 783 24
903 903 24
915 915 30
933 932 23
6 4 30
174 174 25
303 301 29
309 309 28
381 380 25
522 521 27
579 578 23
690 688 28
693 691 26
903 903 24
75 75 31
84 82 25
219 219 25
324 323 31
453 453 26
537 535 27
642 642 25
756 756 25
924 923 26
999 998 30
174 173 32
414 414 30
576 576 31
585 583 25
678 678 24
795 794 28
819 819 24
885 885 31
906 905 25
957 956 28
21 21 31
129 129 27
213 211 30
264 264 29
387 386 28
549 549 24
798 798 28
837 835 24
915 915 27
927 927 24
222 221 32
285 283 31
420 420 31
708 708 27
810 809 27
876 874 25
906 906 30
933 931 25
945 945 28
963 962 23
6 6 32
141 141 23
237 235 24
345 345 23
363 362 25
393 393 27
675 675 24
954 954 31
963 963 28
972 972 30
48 46 32
333 333 30
552 552 27
615 615 28
663 663 32
693 692 27
705 705 24
714 712 25
729 729 27
852 850 28
30 29 28
159 157 25
165 163 31
177 176 25
333 333 26
471 470 25
585 583 28
624 623 24
648 648 28
735 733 31
18 18 32
75 75 25
327 326 30
330 329 28
435 435 23
438 436 26
441 439 31
672 672 26
819 819 24
948 946 25
84 84 24
108 106 31
114 112 28
114 113 23
201 200 24
258 257 30
435 434 24
477 476 25
504 504 31
888 888 32
186 184 25
405 404 27
426 424 31
504 504 27
534 533 32
543 541 25
549 547 32
687 685 25
873 872 28
972 970 31
129 129 31
174 174 27
288 288 29
390 389 30
639 639 31
675 674 32
681 679 26
705 704 31
927 926 23
951 950 29
57 56 29
189 187 23
219 217 27
315 315 28
330 330 28
582 580 24
624 623 25
684 683 30
771 770 31
864 864 25
24 23 24
228 226 30
309 308 25
405 404 26
555 554 29
561 559 31
603 602 25
711 709 26
720 720 25
927 925 25
93 92 25
108 108 28
213 211 25
267 267 31
282 281 27
399 399 29
471 471 31
546 545 29
660 659 24
819 818 25
228 228 28
363 361 27
492 491 28
528 526 30
537 535 23
576 574 23
615 613 28
672 672 28
795 795 31
870 870 29
