1000 20 2293992
50 88 193
50 60 163
50 56 160
50 110 231
50 59 165
50 59 171
50 134 232
50 75 177
50 128 179
50 112 188
50 144 238
50 93 225
50 149 192
50 87 170
50 143 173
50 147 179
50 82 152
50 132 243
50 51 172
50 114 172
66 66 6
234 232 5
234 232 5
252 250 7
318 316 6
1005 1004 5
1038 1038 6
1170 1169 5
1311 1309 6
1371 1370 7
1443 1443 7
2184 2183 7
2265 2265 6
2796 2795 6
2997 2997 5
3084 3083 6
3141 3139 6
3147 3145 6
3291 3291 7
3720 3718 6
3795 3795 6
3888 3886 5
4521 4519 5
4668 4666 6
4791 4791 6
5241 5240 6
5544 5542 6
5622 5621 5
6147 6147 6
6330 6328 5
6576 6575 7
7065 7065 6
7068 7067 7
7155 7155 5
7452 7450 5
7572 7570 5
7593 7592 6
7818 7818 5
7821 7819 7
7860 7858 7
8214 8212 6
8256 8254 6
8697 8696 5
8895 8895 6
9231 9229 6
9303 9303 6
9558 9557 7
9621 9619 6
9669 9667 7
9855 9854 5
111 111 6
321 320 5
408 407 6
633 632 6
699 697 5
1161 1159 7
1161 1161 5
1236 1236 6
1392 1392 5
1479 1478 7
1569 1568 6
1626 1625 5
1668 1667 6
1731 1729 6
2466 2464 6
2796 2794 6
2811 2809 6
3360 3360 5
3459 3458 6
3615 3613 5
4314 4312 6
4353 4351 5
4677 4677 5
4689 4688 6
4839 4837 6
5085 5085 5
5172 5171 6
5283 5283 5
5595 5595 5
5625 5624 5
5718 5717 6
5799 5799 5
5889 5887 5
6078 6078 5
6237 6235 6
6597 6595 6
7005 7005 6
7212 7210 5
7359 7357 5
7371 7371 6
7476 7475 6
7506 7506 6
7797 7796 5
8100 8099 5
8112 8111 6
8565 8564 7
9336 9336 6
9414 9412 7
9438 9438 5
9810 9810 5
27 25 5
90 90 6
306 305 5
615 615 5
633 633 7
855 855 7
873 873 6
921 919 5
942 940 6
1038 1037 7
1479 1477 6
1548 1548 5
1626 1624 5
1632 1630 6
2028 2027 5
2724 2722 6
2949 2949 5
3942 3941 5
4023 4023 6
4119 4118 7
4674 4672 6
4743 4742 6
4797 4797 6
4821 4821 7
4950 4949 5
4995 4995 7
5421 5421 5
5481 5479 7
5637 5637 6
6027 6025 5
6342 6342 7
6369 6367 6
6438 6436 6
6795 6795 5
6816 6814 7
7203 7202 5
7218 7216 6
7359 7359 5
7578 7577 7
7740 7738 5
7803 7801 6
8121 8121 6
8199 8197 6
8418 8418 7
8544 8544 5
8643 8643 5
9063 9061 7
9318 9318 7
9690 9690 5
9753 9751 6
333 332 6
510 508 6
663 662 5
882 882 6
927 925 6
948 947 6
1308 1308 6
1548 1546 6
1659 1658 6
1794 1793 7
1806 1806 6
2100 2099 6
2190 2188 6
2202 2202 6
2925 2923 5
3159 3158 6
3234 3232 7
3273 3272 5
3447 3445 5
3504 3503 7
3585 3584 6
3696 3695 6
3960 3960 5
4098 4098 5
4134 4132 5
4548 4548 6
4653 4651 5
4863 4861 5
4962 4962 5
4968 4968 5
5427 5426 5
5496 5495 5
5526 5524 6
5901 5899 6
5913 5912 7
6009 6007 6
6366 6365 5
6888 6887 6
6936 6934 5
7101 7100 5
7170 7169 5
7287 7287 6
7398 7397 6
7440 7440 6
7821 7819 5
8895 8893 6
9006 9005 5
9564 9563 5
9861 9859 5
9951 9950 6
201 200 5
225 224 7
228 227 6
330 329 6
735 735 6
801 799 6
993 993 6
1089 1088 6
1182 1182 6
1302 1301 7
1614 1612 5
1701 1700 5
1968 1967 5
2337 2336 6
2637 2636 6
2658 2656 5
3021 3020 6
3306 3306 7
3726 3725 6
3813 3813 7
4230 4228 5
4251 4250 5
4338 4336 6
4341 4339 6
4341 4340 7
4404 4404 5
4773 4771 6
5241 5240 6
5409 5409 5
5853 5853 7
6102 6102 5
6873 6872 5
6924 6922 6
6969 6969 6
7206 7206 5
7233 7231 6
7434 7433 7
7560 7559 7
7800 7800 5
7818 7816 6
8505 8503 5
8508 8506 5
8610 8610 6
8922 8920 7
9117 9117 5
9165 9165 5
9252 9250 6
9270 9268 7
9372 9371 5
9717 9717 6
510 510 6
600 599 6
657 657 5
987 985 5
1041 1041 7
1185 1184 6
1251 1249 5
1479 1479 5
1764 1764 7
1845 1845 6
2880 2878 5
2916 2915 6
3129 3127 6
3819 3818 6
3942 3942 5
4116 4116 5
4140 4140 5
4428 4428 6
4488 4486 5
4491 4489 6
4626 4624 7
4725 4724 5
4818 4817 6
5055 5053 7
5217 5215 6
5406 5404 6
5538 5536 5
5649 5649 5
5916 5915 7
6156 6155 7
6285 6283 7
6357 6357 6
6684 6684 6
6735 6734 6
7344 7342 7
7725 7723 6
7794 7792 7
8136 8135 6
8136 8136 6
8484 8483 6
8769 8769 6
8847 8845 7
9060 9059 7
9087 9085 6
9267 9265 5
9339 9339 6
9624 9623 6
9759 9758 7
9912 9911 7
9957 9957 6
237 235 6
324 324 6
495 493 6
516 515 5
741 740 5
855 854 7
948 947 6
1449 1449 5
1485 1484 7
1818 1816 6
2271 2269 5
2340 2339 6
2370 2369 6
2511 2509 5
2613 2612 5
2988 2988 5
3000 2998 7
3093 3092 6
3129 3128 5
3252 3250 6
3450 3449 5
3468 3466 6
3618 3617 6
4125 4125 5
4404 4403 6
4428 4428 6
4509 4509 7
4536 4534 6
4617 4615 5
4860 4859 5
5049 5048 7
6057 6057 5
6066 6066 6
6147 6146 6
6417 6415 5
6417 6415 5
6543 6541 5
6558 6556 5
6699 6699 6
6795 6795 6
6870 6869 5
7752 7750 6
7923 7921 5
8079 8078 5
8271 8271 7
9075 9075 6
9306 9304 6
9345 9343 6
9795 9795 5
9825 9825 6
3 1 5
237 237 5
285 285 7
366 365 7
423 422 6
441 440 6
744 743 6
939 939 6
1122 1122 6
1344 1342 6
1425 1424 6
1848 1848 6
2175 2173 7
2202 2202 5
2337 2337 6
2400 2400 5
2724 2723 6
3621 3620 6
3915 3915 5
4314 4313 6
4470 4469 6
4749 4747 6
4971 4971 7
5190 5189 6
5232 5232 6
5256 5255 5
5322 5322 5
5661 5660 6
5715 5715 6
5766 5764 6
6099 6097 6
6168 6168 7
6192 6191 6
6228 6228 5
6732 6732 6
6861 6859 6
7491 7491 5
7710 7710 5
7749 7749 5
7764 7762 7
8046 8045 5
8151 8150 6
8379 8377 6
8949 8949 6
9078 9078 5
9165 9163 7
9384 9384 6
9840 9838 6
9849 9847 6
9879 9878 5
264 263 6
285 283 6
462 460 5
555 553 5
648 646 6
915 913 5
1179 1177 6
1338 1336 6
1572 1572 5
1662 1661 7
1764 1763 7
2088 2086 5
2139 2137 5
2271 2269 7
2307 2306 6
2610 2608 7
3015 3014 5
3417 3415 6
3426 3425 5
3435 3435 5
3462 3462 6
3678 3678 7
3750 3748 7
3951 3951 5
3969 3969 5
4119 4117 6
4674 4674 6
5550 5549 5
5679 5678 6
5712 5711 7
5730 5730 6
5796 5796 5
5802 5802 6
5874 5874 7
6111 6111 7
6267 6267 6
6690 6689 6
7188 7187 5
7305 7303 6
7548 7548 7
7971 7970 6
8316 8316 6
8646 8644 5
8775 8775 5
8784 8782 5
8838 8837 6
8976 8975 7
9126 9125 6
9237 9236 5
9309 9309 5
33 31 5
90 90 6
93 91 6
144 142 5
486 486 5
855 855 7
1182 1182 7
1290 1288 5
1395 1393 5
1440 1440 7
1491 1489 7
1650 1650 6
1881 1879 6
1953 1952 5
2286 2286 5
3102 3102 7
3387 3385 6
3390 3390 7
3504 3504 5
3621 3620 6
3753 3751 6
5043 5041 6
5052 5052 6
5130 5129 6
5133 5131 5
5151 5150 5
5172 5172 5
5283 5283 5
5592 5590 7
5943 5941 5
5952 5951 5
5994 5992 5
6102 6101 6
6114 6114 7
6138 6136 6
6186 6186 5
6300 6298 5
6333 6331 6
6486 6485 6
6546 6546 6
6651 6650 6
6852 6851 6
7161 7160 6
7785 7785 5
8007 8006 5
8070 8069 6
8190 8189 5
8832 8830 6
9720 9719 6
9792 9792 5
87 87 6
138 136 6
174 174 6
330 328 5
552 550 6
711 711 6
882 880 6
957 955 6
1149 1147 5
1179 1179 5
1293 1292 6
2658 2656 5
2703 2702 6
3303 3303 6
3573 3573 5
3837 3835 6
4443 4442 5
4572 4571 5
4590 4588 6
4623 4621 6
4929 4927 6
5208 5208 7
5253 5251 5
5256 5254 6
5436 5436 6
5466 5466 7
5640 5638 6
5847 5846 6
6114 6112 6
6408 6407 7
6603 6603 7
6765 6764 5
7200 7198 5
7389 7387 6
7416 7414 6
7422 7420 6
7452 7452 5
7569 7567 5
8136 8134 5
8241 8239 5
8388 8386 6
8472 8470 7
8487 8487 6
8535 8535 7
8691 8689 7
8727 8727 5
9657 9657 7
9828 9826 7
9831 9830 5
9990 9989 6
324 323 6
513 512 5
642 641 5
972 971 5
1080 1080 6
1167 1166 6
1692 1691 6
2079 2079 7
2148 2148 6
2154 2152 6
2181 2181 6
2553 2551 6
2829 2828 6
2928 2927 5
3084 3083 6
3189 3188 7
3456 3455 6
3528 3526 5
3534 3533 6
3657 3656 6
3909 3908 5
4182 4180 6
4191 4191 6
4218 4217 6
4266 4266 6
4746 4744 7
5106 5105 6
5442 5442 6
5523 5522 6
5541 5541 6
5787 5787 6
5898 5896 6
6330 6328 6
6372 6372 5
6492 6490 7
6606 6606 6
7275 7273 5
7302 7302 5
7518 7516 6
7587 7587 5
7788 7787 6
7950 7949 6
8034 8034 5
8178 8177 6
8703 8703 6
9012 9012 6
9138 9137 6
9147 9145 5
9150 9149 6
9246 9246 5
30 30 6
198 196 5
390 389 6
597 597 6
639 638 5
690 689 5
753 751 5
774 773 5
1797 1795 5
1854 1853 5
2151 2149 7
2304 2302 6
2310 2309 6
2835 2833 7
2868 2867 5
3366 3364 5
3378 3377 5
3525 3525 6
3537 3536 6
3723 3722 5
3939 3938 5
4044 4044 6
4668 4667 5
4725 4725 5
4902 4900 7
5067 5065 7
5088 5087 7
5247 5246 5
5985 5983 6
6492 6492 5
6591 6590 6
6918 6917 6
7116 7116 6
7317 7315 7
7743 7743 6
7767 7766 6
7770 7768 5
7887 7886 5
7950 7950 5
8052 8050 7
8394 8394 6
8472 8471 6
8478 8477 6
8679 8679 6
8856 8854 6
9243 9241 6
9462 9460 6
9474 9472 6
9639 9637 5
9675 9674 6
561 561 6
594 593 7
627 627 7
708 707 6
852 852 6
876 876 5
879 878 7
969 968 5
1515 1514 6
1641 1639 5
1836 1835 5
2016 2014 5
2019 2017 5
2037 2036 6
3177 3176 7
3255 3255 6
3270 3270 6
3381 3379 5
3666 3664 5
4131 4131 7
4344 4344 6
4398 4398 6
4536 4534 5
4710 4708 6
4731 4730 5
4884 4884 5
4980 4978 5
5187 5187 5
5511 5510 5
5556 5556 6
5643 5641 6
5643 5641 6
5871 5871 5
6273 6273 5
6777 6775 5
6846 6844 5
6984 6982 5
7140 7140 5
7194 7192 6
7221 7220 5
7770 7769 6
8256 8255 6
8352 8350 6
8397 8395 6
8724 8723 5
8946 8946 6
8970 8968 5
9096 9095 7
9411 9411 5
9639 9638 6
156 154 6
495 495 6
657 657 5
657 657 6
981 981 5
990 990 6
1071 1070 7
1356 1356 6
1452 1450 5
1470 1470 6
1998 1996 5
2100 2098 6
2256 2254 6
2739 2738 5
2817 2817 6
2904 2904 6
3306 3305 7
3972 3972 5
4053 4052 6
4275 4273 6
4413 4411 6
4548 4547 6
4605 4605 6
5175 5174 6
5268 5268 6
5274 5273 5
5331 5331 6
5373 5371 6
5388 5387 7
5664 5663 6
5910 5909 6
6057 6055 6
6267 6266 6
6384 6383 7
6591 6591 5
6807 6807 6
7344 7343 6
7353 7353 6
7389 7388 7
7599 7597 5
7986 7984 5
8016 8016 6
8187 8187 5
8367 8367 6
8376 8375 5
8514 8514 5
8784 8782 6
8865 8864 5
9324 9324 6
9645 9643 6
240 240 6
333 331 6
333 333 6
792 791 6
918 917 6
918 917 6
1311 1310 5
2028 2027 5
2085 2084 5
2181 2181 5
2466 2465 6
2868 2867 6
2883 2882 6
2922 2920 5
3312 3311 7
3849 3849 5
3882 3881 6
3918 3917 6
3939 3938 6
3972 3970 6
4074 4074 6
4236 4234 6
4242 4242 5
4476 4474 7
4497 4495 6
4644 4644 6
5085 5085 5
5340 5339 5
5400 5399 6
5469 5468 5
5934 5932 5
6174 6172 7
6222 6220 6
6483 6482 6
6819 6819 5
6843 6842 5
7137 7137 5
7311 7311 7
7323 7322 6
7617 7617 6
7845 7843 5
7887 7887 5
8271 8271 7
8286 8285 6
8484 8483 6
8715 8714 5
8985 8985 5
9342 9341 7
9813 9813 5
9825 9824 7
288 287 6
297 297 6
321 319 6
411 410 7
507 505 5
633 633 5
933 931 6
933 933 7
978 976 6
1062 1060 5
1113 1113 7
1146 1144 7
1218 1217 7
1224 1222 6
1227 1227 6
1260 1259 6
1278 1277 6
1278 1277 7
1335 1334 7
1464 1464 5
1626 1624 6
1764 1762 5
2196 2194 7
2310 2310 6
2448 2446 7
2811 2809 7
3738 3736 5
4182 4182 6
4356 4356 6
4383 4381 5
4392 4392 6
4416 4414 5
4923 4923 6
5256 5255 6
5376 5374 5
5658 5657 5
5922 5921 5
6000 6000 5
6768 6767 5
6780 6778 6
7029 7027 5
7185 7184 7
7743 7741 5
7917 7916 5
7917 7916 6
8091 8089 7
8409 8408 6
8433 8431 6
9255 9255 6
9273 9271 6
6 5 5
285 283 6
333 333 6
585 585 6
837 836 5
1191 1189 5
1467 1465 7
1491 1490 6
1743 1741 5
1770 1770 5
1896 1894 6
2175 2175 6
2682 2680 5
2991 2989 6
3120 3120 6
3285 3284 6
3321 3320 5
3372 3372 7
3813 3811 6
4281 4279 5
4458 4458 5
4743 4741 6
4899 4898 7
5067 5067 6
5436 5434 5
5754 5754 5
5949 5948 5
6699 6698 5
6933 6932 6
7428 7426 6
7440 7439 5
7479 7479 5
7614 7613 6
7803 7801 6
7881 7880 6
7989 7988 7
8004 8003 5
8100 8098 5
8262 8260 5
8334 8334 5
8397 8396 7
8994 8993 6
9036 9035 5
9354 9353 7
9639 9637 6
9771 9769 5
9834 9834 6
9882 9880 5
9960 9959 6
9996 9995 6
60 58 6
144 144 5
252 251 7
489 489 6
1083 1083 6
1578 1578 5
1674 1673 5
1767 1767 5
1794 1792 6
2115 2115 6
2379 2377 5
2436 2434 7
2985 2985 5
3516 3514 6
3837 3836 5
3864 3862 5
4521 4521 6
4638 4636 6
4737 4735 7
4767 4766 6
4782 4780 5
4875 4875 7
5157 5156 6
5220 5218 7
5382 5382 7
5454 5454 5
5517 5515 5
5568 5567 6
5583 5581 6
5589 5587 7
6054 6054 6
6243 6243 5
6342 6340 5
6672 6670 7
6873 6872 6
6945 6944 6
6987 6987 6
7374 7374 6
7794 7793 6
7866 7864 7
8061 8059 6
8103 8101 7
8211 8210 7
9168 9166 7
9315 9313 6
9468 9467 6
9678 9676 5
9780 9778 7
9789 9789 7
9984 9983 7
6 5 5
90 90 6
279 279 5
342 340 6
411 411 6
594 593 6
693 691 6
750 749 6
1185 1185 6
1656 1655 5
1692 1692 7
1704 1703 5
2214 2213 6
2328 2327 6
2445 2443 6
2445 2444 7
2580 2578 5
2754 2752 5
2898 2898 7
3072 3072 6
3297 3296 6
3300 3300 6
3729 3729 6
3765 3764 5
3948 3947 6
4152 4152 6
4254 4253 5
4374 4372 6
4407 4406 7
5106 5104 5
5130 5128 7
5451 5449 6
5580 5580 6
5616 5614 6
5625 5624 6
5886 5884 7
6369 6369 6
6489 6489 5
6636 6634 5
6666 6665 7
7311 7311 6
7821 7819 5
7980 7978 6
8415 8413 6
8571 8569 5
8781 8780 6
8844 8842 5
9252 9250 6
9432 9430 6
9720 9720 6
