1000 500 2251485
2 83 175
2 116 169
2 149 211
2 126 152
2 67 232
2 108 155
2 85 247
2 132 168
2 102 168
2 102 208
2 131 226
2 122 175
2 112 210
2 61 176
2 55 215
2 56 185
2 80 155
2 146 163
2 126 205
2 124 233
2 53 244
2 122 180
2 69 194
2 71 199
2 75 198
2 61 156
2 56 164
2 124 206
2 115 223
2 142 214
2 129 174
2 84 218
2 105 218
2 92 188
2 92 202
2 121 186
2 73 157
2 77 212
2 51 217
2 96 210
2 70 174
2 98 245
2 63 210
2 73 220
2 92 207
2 99 231
2 113 155
2 130 174
2 148 231
2 143 233
2 143 202
2 60 186
2 130 228
2 96 189
2 98 175
2 114 238
2 73 196
2 150 225
2 118 186
2 107 150
2 102 225
2 144 233
2 61 221
2 93 203
2 53 233
2 131 242
2 84 219
2 108 207
2 108 210
2 78 242
2 138 205
2 65 208
2 117 208
2 108 214
2 108 217
2 54 185
2 121 247
2 88 210
2 77 243
2 53 216
2 146 210
2 110 199
2 71 239
2 125 195
2 143 229
2 83 189
2 79 215
2 114 178
2 143 248
2 52 163
2 83 202
2 61 240
2 52 172
2 73 184
2 100 230
2 141 193
2 54 184
2 129 242
2 78 150
2 75 156
2 124 186
2 146 191
2 57 177
2 127 203
2 109 171
2 148 243
2 93 232
2 82 163
2 101 174
2 74 212
2 86 184
2 68 244
2 77 187
2 53 220
2 51 246
2 60 166
2 72 217
2 141 203
2 124 228
2 105 226
2 115 208
2 125 221
2 59 159
2 110 167
2 99 204
2 91 197
2 149 205
2 127 226
2 89 194
2 146 175
2 135 166
2 125 242
2 109 229
2 122 248
2 98 173
2 100 156
2 126 229
2 83 155
2 52 209
2 77 224
2 74 158
2 150 202
2 142 166
2 60 231
2 118 242
2 144 189
2 79 246
2 64 153
2 77 167
2 71 196
2 72 184
2 89 212
2 102 181
2 138 216
2 63 247
2 87 187
2 73 215
2 125 217
2 117 192
2 87 172
2 96 241
2 112 179
2 85 155
2 120 166
2 113 219
2 131 151
2 79 206
2 60 247
2 148 237
2 52 159
2 119 216
2 148 221
2 88 208
2 109 189
2 56 243
2 98 222
2 148 238
2 89 207
2 108 248
2 95 165
2 82 225
2 73 157
2 60 186
2 140 196
2 147 194
2 145 196
2 82 224
2 109 243
2 114 167
2 97 216
2 99 209
2 121 246
2 76 181
2 113 181
2 125 210
2 97 209
2 126 169
2 99 163
2 139 187
2 69 211
2 75 173
2 59 247
2 66 179
2 100 191
2 53 190
2 120 172
2 50 174
2 109 193
2 146 150
2 75 218
2 83 212
2 103 240
2 60 183
2 134 180
2 62 224
2 106 188
2 149 179
2 150 190
2 78 200
2 107 166
2 129 161
2 89 232
2 69 208
2 140 168
2 76 242
2 100 153
2 67 169
2 99 156
2 121 224
2 60 228
2 57 177
2 94 247
2 58 203
2 104 157
2 74 164
2 51 170
2 132 247
2 112 193
2 83 186
2 140 186
2 64 203
2 119 166
2 120 234
2 130 174
2 130 155
2 139 238
2 98 222
2 107 168
2 95 225
2 122 186
2 71 187
2 86 180
2 59 155
2 125 153
2 58 244
2 85 192
2 142 195
2 82 189
2 129 223
2 55 156
2 110 188
2 112 187
2 135 204
2 87 159
2 71 215
2 103 245
2 86 244
2 55 193
2 133 180
2 119 192
2 64 220
2 96 247
2 137 238
2 85 209
2 64 208
2 128 232
2 53 173
2 141 180
2 105 162
2 143 150
2 103 238
2 110 189
2 60 164
2 82 194
2 66 172
2 50 245
2 75 211
2 122 214
2 144 246
2 55 220
2 100 162
2 64 193
2 84 247
2 138 213
2 146 205
2 72 169
2 135 227
2 84 183
2 59 189
2 88 165
2 66 221
2 140 154
2 90 239
2 79 218
2 150 153
2 141 202
2 91 215
2 73 240
2 113 187
2 94 156
2 88 175
2 70 157
2 107 215
2 54 217
2 137 226
2 95 176
2 99 179
2 116 237
2 54 204
2 143 169
2 52 250
2 108 156
2 140 250
2 89 237
2 138 196
2 133 228
2 86 205
2 135 236
2 76 236
2 93 162
2 81 239
2 74 237
2 55 223
2 88 221
2 104 239
2 129 190
2 75 247
2 123 189
2 137 228
2 75 213
2 107 174
2 109 162
2 64 156
2 101 202
2 58 166
2 145 168
2 58 199
2 140 182
2 137 165
2 93 186
2 69 222
2 92 196
2 146 161
2 146 213
2 96 179
2 149 167
2 66 207
2 111 234
2 89 222
2 105 233
2 66 188
2 102 227
2 66 200
2 150 214
2 103 174
2 75 156
2 116 161
2 116 247
2 104 195
2 112 176
2 51 220
2 127 164
2 90 238
2 104 209
2 56 210
2 114 250
2 80 213
2 120 173
2 88 224
2 136 239
2 142 233
2 70 174
2 119 231
2 133 238
2 135 160
2 128 222
2 138 159
2 137 245
2 72 206
2 129 240
2 139 216
2 66 190
2 111 248
2 64 249
2 86 183
2 114 175
2 68 198
2 132 203
2 135 217
2 116 179
2 73 192
2 79 207
2 116 236
2 76 173
2 52 165
2 107 153
2 101 204
2 65 187
2 60 247
2 146 188
2 85 159
2 68 150
2 62 211
2 139 248
2 93 239
2 115 174
2 145 234
2 62 174
2 78 180
2 134 248
2 109 229
2 135 225
2 73 187
2 105 208
2 120 193
2 73 222
2 121 221
2 80 249
2 113 209
2 122 167
2 127 177
2 95 195
2 98 194
2 60 246
2 124 178
2 69 242
2 124 194
2 119 223
2 138 208
2 76 235
2 94 241
2 63 155
2 125 191
2 53 183
2 104 207
2 135 176
2 53 206
2 136 210
2 150 190
2 89 247
2 91 171
2 50 190
2 95 218
2 125 238
2 106 236
2 71 244
2 148 179
2 147 190
2 121 191
2 128 159
2 119 223
2 86 220
2 134 177
2 61 250
2 86 174
2 91 221
2 101 175
2 139 150
2 149 182
2 63 172
2 52 194
2 95 184
2 144 178
2 75 217
2 132 202
2 108 227
2 60 249
2 68 189
2 62 205
2 69 163
2 88 213
2 107 188
2 130 227
2 120 235
2 134 178
2 137 233
2 108 225
2 97 186
2 138 193
2 55 160
2 62 244
2 135 177
2 106 178
2 97 156
2 52 194
2 93 178
2 142 176
2 114 168
2 111 205
2 136 243
9150 9149 171
9678 9677 164
3525 3523 145
6987 6986 169
1614 1613 187
6570 6569 157
2928 2926 152
7467 7467 152
3075 3074 178
7764 7764 190
369 367 153
726 725 141
2472 2472 164
8916 8916 177
516 514 160
7038 7037 144
5079 5079 151
5592 5590 151
1758 1758 152
6183 6183 152
3432 3430 154
4605 4603 189
153 153 170
687 687 153
6204 6203 190
7215 7215 158
7893 7891 176
9885 9885 176
5421 5421 148
6405 6405 181
2964 2964 160
7002 7002 173
4323 4321 155
9183 9182 143
1248 1248 163
8748 8746 163
2673 2673 193
6966 6965 157
1227 1225 179
8898 8896 166
5367 5367 173
7206 7206 185
54 52 143
7938 7937 163
786 786 167
981 980 167
2703 2702 152
7641 7640 181
285 284 149
4533 4532 189
3567 3565 150
6378 6377 149
8241 8239 164
9105 9105 157
4128 4127 187
4293 4291 169
4011 4009 142
5829 5828 193
5349 5349 191
9732 9730 144
1359 1358 174
9990 9990 150
5841 5839 143
6981 6980 159
6384 6383 148
7071 7070 162
3207 3206 178
6117 6117 188
222 222 191
8928 8926 163
1290 1290 157
5040 5040 171
4635 4633 144
5526 5524 157
1350 1349 161
5136 5135 150
3516 3516 187
9273 9271 193
3030 3030 189
9849 9848 188
582 581 174
8925 8923 174
4626 4626 184
5631 5630 158
1674 1674 158
3765 3764 168
5352 5350 172
6681 6680 177
4413 4411 151
7596 7596 158
3630 3629 196
7314 7313 195
3417 3415 155
7632 7632 155
6321 6320 174
7683 7683 157
1347 1345 151
3141 3141 175
7761 7760 176
8133 8133 193
6690 6689 180
7251 7249 149
1992 1992 186
9987 9987 170
1011 1010 175
6075 6073 148
3585 3585 141
7566 7564 168
5367 5367 175
5919 5918 148
7248 7248 184
9831 9829 158
5886 5884 142
8229 8228 147
1908 1907 175
8727 8725 148
6048 6047 182
7215 7213 186
1776 1775 150
6081 6079 150
1854 1854 180
9576 9574 175
4560 4558 142
7389 7389 193
2268 2268 147
5883 5882 149
5724 5723 143
8862 8861 179
4551 4549 195
8307 8305 189
4110 4109 148
7152 7151 151
1419 1418 177
6972 6970 150
3216 3215 170
5970 5969 193
3198 3197 159
9123 9123 188
2130 2128 152
8148 8147 142
2814 2813 166
3414 3412 142
2439 2437 158
8364 8362 179
2445 2443 148
8898 8897 193
5103 5101 148
5238 5236 162
2631 2631 172
4749 4748 152
810 809 185
8391 8390 182
6801 6801 195
8121 8119 167
5271 5270 150
6228 6226 194
4137 4136 155
8199 8198 149
7311 7310 145
8703 8703 154
6984 6982 147
7575 7574 168
654 654 170
921 919 193
1821 1820 181
9327 9326 193
3489 3487 185
6876 6876 144
7107 7105 171
9294 9292 182
7998 7998 175
9984 9983 145
3783 3781 158
4647 4647 150
177 177 178
7764 7764 163
948 948 164
1989 1987 177
2556 2554 163
5616 5614 163
5325 5325 157
8076 8076 188
3576 3574 179
9351 9349 168
3555 3554 172
8724 8722 172
4689 4689 169
7344 7343 181
6780 6778 159
9390 9388 182
117 115 160
4881 4881 170
579 578 160
5991 5989 169
6153 6151 176
9933 9932 155
2334 2332 150
8331 8331 150
6684 6683 156
9252 9252 156
5322 5322 140
7494 7492 166
2250 2250 144
3720 3718 167
2856 2855 153
6828 6826 158
762 761 149
8085 8084 173
288 287 166
8634 8633 171
51 50 196
3495 3493 152
1761 1761 163
2919 2918 149
3945 3945 163
6978 6976 163
1758 1758 163
7068 7068 160
3987 3987 163
5937 5936 150
5583 5583 184
9990 9990 143
1044 1043 191
1557 1556 177
4671 4669 153
9204 9203 179
2640 2638 144
3330 3329 159
5187 5186 168
8166 8165 142
270 270 166
3069 3068 166
135 134 141
6435 6435 151
4692 4691 162
6255 6255 157
1920 1918 170
6108 6107 154
3462 3461 188
8466 8466 144
6192 6191 172
7728 7727 160
1098 1098 173
8121 8120 152
2100 2099 159
9633 9631 157
1899 1897 153
9993 9992 158
1002 1000 151
6474 6474 178
4368 4367 153
4773 4773 173
1692 1692 185
4740 4738 148
2820 2819 167
5712 5711 176
3486 3486 175
9273 9271 188
2481 2479 175
9924 9922 140
300 298 166
2208 2208 166
1827 1826 148
2511 2511 178
450 448 176
7611 7611 171
1287 1285 147
8451 8450 152
3741 3739 172
5832 5831 173
138 136 156
5991 5990 145
2592 2591 148
5865 5864 148
6018 6018 155
6768 6766 155
5175 5174 158
6987 6985 169
2100 2098 190
2742 2740 161
1191 1189 158
8349 8347 158
6 6 153
7923 7922 167
3372 3370 166
7311 7309 150
915 913 171
4806 4805 140
975 973 172
6081 6080 164
5505 5504 185
9996 9994 153
798 798 195
1218 1217 179
4761 4760 153
7098 7096 153
1209 1208 167
4839 4837 143
5175 5173 185
6966 6965 158
3825 3823 158
9162 9161 182
7614 7612 149
9879 9879 172
1194 1192 167
5196 5195 179
4281 4279 194
6720 6718 144
816 816 191
4695 4693 175
3900 3899 169
7176 7176 143
2907 2905 153
7347 7346 180
6468 6466 154
6927 6927 149
8553 8553 160
8976 8976 144
2232 2231 153
4851 4851 167
3126 3124 188
8340 8340 167
786 785 177
1992 1990 143
1599 1599 148
9951 9951 147
4401 4401 166
4716 4714 144
5949 5947 142
9339 9338 182
1632 1632 151
9069 9067 151
4119 4119 144
4875 4875 152
1404 1404 186
2361 2359 144
702 701 195
7068 7068 152
1305 1304 159
4404 4403 159
1527 1527 177
9321 9319 145
3456 3456 152
4362 4360 142
6309 6309 163
7821 7821 163
4263 4262 189
8025 8023 185
2292 2290 172
3288 3288 141
2529 2528 142
8283 8281 177
3507 3507 164
4326 4324 195
4122 4121 157
5742 5741 186
2082 2082 145
9189 9188 171
75 73 165
4626 4626 143
5499 5499 148
8523 8522 164
3633 3632 157
8454 8452 157
5991 5990 140
7392 7390 169
753 751 163
7881 7881 158
1935 1935 172
3315 3313 158
1086 1085 154
8691 8689 195
5937 5936 162
9603 9602 141
5238 5236 154
6501 6501 141
3216 3215 167
8919 8918 158
5517 5515 190
9711 9710 172
972 972 187
4962 4961 144
483 482 170
8466 8464 144
4113 4112 160
8448 8447 148
9654 9653 154
9864 9863 181
3846 3845 152
7167 7165 152
5616 5616 193
9813 9812 154
7143 7143 166
7953 7952 169
189 188 163
5736 5734 163
3159 3159 147
6045 6044 168
2385 2384 185
9564 9563 152
1032 1032 149
6285 6283 171
5484 5484 181
8145 8145 164
531 531 168
1728 1727 152
2052 2050 173
6771 6770 162
264 262 142
5643 5643 190
3006 3006 162
3510 3509 144
7854 7853 174
8163 8161 174
6906 6906 170
9483 9481 193
1008 1008 150
8688 8687 150
1524 1522 177
5466 5464 144
7542 7542 151
8697 8695 168
4731 4729 188
6282 6281 178
3621 3621 181
9687 9685 162
5874 5873 140
6099 6097 180
3036 3035 162
4518 4518 153
2835 2833 176
5136 5135 148
1380 1380 148
7986 7984 179
6873 6871 189
8115 8113 189
5724 5723 170
8520 8518 191
7677 7676 158
9537 9537 150
4098 4098 161
9840 9839 161
5163 5163 141
7947 7947 177
5559 5559 163
7608 7607 140
231 229 142
5133 5132 168
3840 3839 149
5844 5843 144
1422 1422 152
3696 3694 153
1353 1351 169
9573 9573 144
3741 3739 156
9729 9727 156
2559 2558 180
8085 8085 196
5847 5845 179
7212 7212 190
2259 2258 177
4932 4930 177
2484 2483 185
6402 6402 168
6879 6879 148
9303 9302 170
3648 3647 149
5826 5826 153
4278 4276 164
6753 6753 157
4011 4009 170
5064 5063 170
912 912 164
4032 4031 142
1206 1204 182
9006 9006 166
7164 7162 160
9513 9513 186
1548 1547 184
6990 6988 186
6435 6434 182
8511 8509 162
2226 2225 153
4755 4755 152
5097 5096 195
5904 5904 144
4005 4003 145
8463 8463 174
24 23 155
6270 6269 155
633 631 142
1464 1462 148
5001 4999 144
5478 5478 172
3270 3269 142
5112 5111 168
948 948 149
7515 7515 189
2937 2935 161
6648 6646 180
3552 3550 184
9129 9129 177
1293 1293 180
8808 8807 145
7461 7459 155
7896 7896 154
3045 3045 153
3510 3508 153
3957 3956 179
8100 8100 189
2523 2523 167
8109 8108 188
1830 1829 141
3480 3478 157
84 84 178
3429 3429 155
4362 4360 185
9261 9261 187
3333 3332 156
8976 8976 156
2262 2260 188
9168 9168 175
249 247 167
5586 5585 142
1776 1776 171
5616 5614 161
2442 2440 159
9441 9440 159
5871 5870 176
6180 6178 169
4551 4551 173
9768 9767 184
5640 5638 173
6651 6650 172
183 181 166
6381 6380 193
1341 1340 180
4248 4248 180
390 390 192
3981 3980 170
3519 3519 170
9834 9833 144
5118 5116 189
5388 5387 142
2571 2569 157
6807 6805 167
1341 1340 143
4482 4481 148
4716 4715 193
5802 5802 170
4410 4410 152
9768 9766 159
6312 6312 173
8163 8161 170
3873 3871 161
4908 4906 180
3243 3243 162
8535 8535 141
5658 5658 150
7464 7462 150
1836 1836 177
5811 5809 173
1956 1956 145
3177 3176 186
6582 6582 164
6801 6800 162
3729 3729 194
8568 8567 163
270 268 172
8634 8632 155
5142 5140 170
6843 6842 160
2457 2455 144
6117 6117 158
4422 4422 179
5760 5758 144
663 661 158
2871 2870 172
4941 4940 177
6594 6592 189
12 12 162
8577 8576 162
5016 5015 188
5682 5681 152
1002 1001 141
4143 4143 184
327 325 164
7830 7829 149
6912 6910 179
8754 8754 191
4257 4255 163
5646 5644 140
1446 1446 154
6087 6086 179
4731 4731 183
7860 7858 163
5622 5621 172
7209 7208 172
5268 5267 165
7845 7845 144
780 778 148
9996 9995 164
3993 3992 154
5808 5806 154
4191 4191 154
8853 8852 157
2442 2441 173
5790 5789 145
1911 1910 153
5346 5345 153
705 705 141
8067 8065 169
5727 5726 157
8577 8576 194
1779 1777 154
2328 2326 168
7443 7441 182
9573 9571 168
963 961 156
3519 3518 153
1140 1139 173
3960 3958 175
3543 3543 157
3957 3955 152
7929 7929 178
8895 8895 189
1557 1555 154
2847 2846 195
1683 1682 159
8853 8853 173
300 298 167
4641 4641 175
2460 2460 179
6855 6853 176
3918 3918 142
5988 5987 144
4203 4201 180
5553 5552 193
4095 4094 169
4167 4167 169
1818 1817 151
4818 4817 161
2316 2315 156
3384 3383 149
2385 2384 182
4782 4782 175
5496 5494 178
6531 6529 149
8172 8171 190
9123 9121 143
3093 3092 195
3960 3960 188
3312 3312 161
7119 7118 160
2640 2638 145
9741 9740 194
948 946 157
7719 7719 142
3840 3839 140
5349 5349 162
5532 5531 196
5727 5726 158
324 323 168
9945 9943 168
8253 8253 176
8988 8986 187
1026 1026 144
5217 5216 186
1620 1619 173
5211 5211 193
5922 5921 167
9915 9915 163
3870 3870 190
7485 7483 167
3312 3310 163
5079 5079 181
1575 1575 154
8775 8775 191
357 357 145
5616 5615 187
261 259 174
9588 9587 162
3066 3066 162
3606 3605 162
1032 1030 156
8067 8065 154
7959 7957 187
9009 9009 164
1137 1137 144
9387 9386 166
5415 5415 163
8262 8260 155
3366 3364 157
7254 7253 166
1167 1165 164
3492 3491 182
1119 1118 165
6219 6219 165
219 217 186
6066 6064 186
1644 1642 144
4845 4845 142
1494 1494 160
7203 7201 167
6078 6077 140
6312 6312 161
1986 1985 145
5718 5716 186
1800 1798 142
2118 2118 179
3492 3490 167
8520 8519 144
2307 2307 180
5775 5775 148
2175 2175 189
4764 4764 162
1473 1471 148
8187 8187 178
1725 1723 160
5031 5029 159
3990 3989 188
9981 9980 145
2055 2053 142
7017 7015 144
7734 7732 163
9540 9538 188
5214 5213 142
9582 9582 193
8394 8392 155
9507 9506 174
8076 8075 156
8370 8368 143
1533 1533 160
4287 4286 149
4437 4437 185
7977 7977 182
453 452 153
5721 5719 187
588 587 164
3498 3497 159
4887 4885 159
6108 6106 186
6756 6754 164
8028 8028 164
3234 3233 152
7971 7969 184
225 224 186
2955 2953 187
1143 1143 144
1629 1629 189
7617 7616 176
9864 9862 168
8796 8794 173
8943 8943 181
6258 6258 173
7023 7022 163
2913 2912 142
7041 7041 152
5787 5786 167
7620 7618 147
174 172 141
6141 6140 173
2814 2813 174
8700 8700 174
3246 3245 175
9615 9613 182
7992 7990 196
8415 8415 145
3843 3842 160
6129 6127 160
2868 2868 162
3696 3694 184
945 945 153
8694 8692 159
2964 2962 190
3576 3575 181
312 312 178
4908 4907 153
3684 3684 150
5130 5128 158
2367 2365 163
8481 8481 186
1947 1946 181
6975 6975 155
2736 2736 178
8334 8333 188
1956 1955 175
4983 4982 194
3624 3622 183
9219 9218 183
2784 2783 160
8574 8572 175
450 449 162
3630 3630 172
2766 2766 144
9834 9834 194
2106 2106 144
5553 5553 144
4383 4383 179
5565 5565 179
1161 1161 142
4668 4668 175
5172 5172 145
6612 6611 147
4323 4323 153
4833 4833 141
7878 7877 173
8718 8718 150
3096 3094 165
9822 9821 165
180 179 153
4095 4094 153
4746 4745 140
7542 7540 148
1161 1161 187
4254 4252 163
6381 6381 171
6687 6686 184
216 214 154
9141 9139 163
2778 2778 159
7590 7590 159
429 427 150
6378 6376 150
1737 1735 186
3771 3771 151
6069 6067 166
8481 8480 160
2940 2939 160
3177 3175 181
321 320 173
5169 5168 174
1107 1105 160
4014 4012 180
828 827 174
6096 6096 174
2268 2266 169
4935 4934 180
411 411 147
8868 8866 178
6192 6191 169
7863 7863 169
1326 1324 190
6588 6587 163
90 89 187
9384 9384 153
3690 3688 195
7038 7036 147
1389 1389 162
7335 7335 193
726 726 195
858 857 152
3114 3114 159
8550 8548 178
675 673 154
5355 5353 185
2067 2066 158
7521 7519 172
7179 7178 167
7353 7351 167
7740 7740 161
9669 9667 163
3423 3422 161
8841 8839 170
477 475 184
6312 6310 158
6126 6125 194
9921 9919 141
1659 1657 178
5829 5829 152
3324 3322 162
8436 8434 196
6969 6967 186
7584 7583 158
1212 1210 163
7422 7422 168
1836 1834 151
4329 4328 164
108 108 150
8763 8761 187
1935 1934 153
4779 4777 196
1554 1553 155
8022 8021 149
7467 7466 143
9174 9172 182
4701 4700 143
9135 9133 152
9432 9431 190
9441 9441 140
6918 6917 162
7002 7001 144
7416 7414 180
9600 9598 176
1191 1190 166
4230 4228 166
4011 4010 164
5994 5993 164
489 487 186
8583 8582 182
1020 1018 164
4968 4966 171
2694 2692 170
6645 6645 143
3822 3822 142
7392 7390 155
7635 7633 176
8058 8057 141
450 448 191
1524 1523 178
975 974 163
7278 7276 151
459 459 140
1152 1152 177
2553 2552 190
9279 9278 143
6060 6059 171
8184 8182 190
7866 7864 159
8034 8034 159
5700 5700 181
7482 7481 186
1113 1113 186
6789 6787 182
300 300 164
5550 5548 169
6363 6362 150
7845 7844 145
378 376 166
582 580 174
5565 5564 155
6201 6201 164
5274 5274 155
5931 5930 175
6960 6959 148
9306 9304 150
2241 2241 182
7260 7259 158
5436 5434 163
5676 5676 172
2508 2508 159
5199 5199 187
3441 3439 182
6543 6542 176
1719 1718 144
5085 5083 161
1245 1245 150
7659 7657 161
3540 3540 191
7191 7189 179
978 978 195
5991 5989 149
6117 6116 153
7134 7132 193
4506 4505 159
6426 6424 189
3057 3057 160
5511 5509 160
1965 1963 163
8103 8103 163
4929 4928 191
4929 4929 155
1776 1775 178
7617 7617 188
1764 1764 162
4143 4143 193
4035 4034 193
8616 8614 179
2565 2563 157
9261 9260 162
1983 1983 147
9552 9551 154
4578 4576 182
9447 9446 172
3645 3643 186
6021 6019 185
4308 4306 160
5289 5288 144
4029 4029 160
6813 6813 160
7761 7761 173
9450 9448 161
636 635 164
7209 7209 177
2217 2217 178
8190 8190 161
7521 7520 156
9399 9399 156
2577 2576 152
3384 3384 186
3699 3699 176
9903 9903 158
195 195 176
5622 5622 176
714 714 153
9111 9111 163
2253 2251 162
3204 3202 151
1899 1897 191
5220 5219 167
