2000 100 5369506
20 93 182
20 138 195
20 117 229
20 115 184
20 140 188
20 66 193
20 107 218
20 94 205
20 106 165
20 104 181
20 138 213
20 120 180
20 51 151
20 135 207
20 90 190
20 140 229
20 140 205
20 124 240
20 135 228
20 111 229
20 76 201
20 125 246
20 81 196
20 94 243
20 103 232
20 113 230
20 56 157
20 83 239
20 147 155
20 115 169
20 129 208
20 84 213
20 120 167
20 50 216
20 54 150
20 104 152
20 75 184
20 70 241
20 136 219
20 71 212
20 71 234
20 145 250
20 140 240
20 143 238
20 111 197
20 74 237
20 127 197
20 147 208
20 75 249
20 135 150
20 92 182
20 127 223
20 56 188
20 68 169
20 129 245
20 55 194
20 108 185
20 109 229
20 115 166
20 102 150
20 98 162
20 88 209
20 150 203
20 143 247
20 122 207
20 87 151
20 105 163
20 65 179
20 62 198
20 67 155
20 53 174
20 89 203
20 106 184
20 111 186
20 56 164
20 112 217
20 106 195
20 52 236
20 103 192
20 53 178
20 87 236
20 124 185
20 137 196
20 137 246
20 148 211
20 116 168
20 125 197
20 78 161
20 150 242
20 58 154
20 102 199
20 126 245
20 149 172
20 118 228
20 80 237
20 137 158
20 143 236
20 89 232
20 59 181
20 63 181
483 482 15
1893 1891 14
2490 2488 15
2538 2536 13
3108 3107 15
3336 3334 12
3498 3497 14
4497 4495 12
4566 4564 16
4593 4592 13
4656 4654 11
4959 4957 13
5694 5693 16
6384 6382 15
7569 7568 15
7863 7862 15
8307 8307 12
9042 9041 15
9597 9597 14
9771 9770 15
1413 1411 11
3198 3197 12
3375 3373 12
3744 3742 12
3747 3747 15
4008 4008 14
4596 4595 13
5535 5534 16
6315 6314 12
6546 6546 15
6675 6673 14
6894 6894 16
7509 7509 14
8031 8029 14
8436 8435 13
9150 9148 13
9219 9219 11
9618 9616 11
9660 9659 11
9939 9937 14
171 171 15
420 420 13
771 770 13
1341 1339 12
1590 1589 11
2007 2007 13
3762 3761 13
3852 3851 16
5460 5458 15
5634 5632 12
5709 5707 14
5745 5744 12
6123 6123 16
6666 6664 15
8481 8480 11
8742 8742 15
8976 8976 15
9252 9251 15
9762 9762 13
9984 9984 12
678 677 15
777 776 14
2160 2160 15
2664 2664 13
3039 3039 12
3060 3060 15
3345 3343 12
3453 3451 14
3765 3763 11
5028 5026 15
5679 5678 16
6051 6051 12
6411 6409 15
6975 6974 12
7641 7640 15
7962 7962 12
9138 9137 15
9150 9149 14
9372 9370 15
9387 9385 13
114 113 12
777 776 11
1236 1235 15
1512 1511 12
1875 1875 11
2169 2169 14
4254 4252 15
4812 4810 16
5007 5005 13
6357 6355 11
6975 6974 12
7146 7144 12
8256 8256 13
8268 8268 12
8442 8442 14
8739 8738 11
8904 8904 14
9714 9712 14
9777 9775 12
9870 9868 13
711 709 12
2154 2154 12
2487 2485 13
2682 2681 13
2739 2737 14
3216 3215 13
4233 4233 12
4536 4535 11
4602 4602 15
5634 5633 13
5817 5816 15
6204 6202 14
6303 6301 13
6885 6885 15
7284 7282 15
7497 7495 13
7632 7631 15
8865 8865 12
8928 8926 14
9375 9375 14
624 622 12
840 840 15
939 938 15
1125 1124 14
1557 1557 16
1575 1575 15
1911 1911 15
2337 2335 14
2583 2581 14
3015 3013 12
3405 3405 15
3462 3462 12
4740 4738 14
5148 5146 16
5373 5372 14
5517 5517 13
6117 6116 11
6735 6733 15
6864 6863 13
8448 8446 16
330 329 15
711 709 15
951 949 12
1071 1069 13
1086 1084 11
1245 1245 15
1821 1819 12
2268 2266 13
2445 2443 15
3228 3226 15
3291 3289 13
3567 3567 13
3702 3700 15
4698 4696 14
4884 4884 12
6558 6557 14
7092 7090 16
7476 7475 14
9627 9625 13
9921 9919 11
93 91 14
2412 2412 16
2586 2584 14
2718 2717 13
2739 2739 14
3246 3245 13
3474 3474 11
3810 3809 15
4053 4053 15
4113 4111 15
4149 4148 16
4437 4436 12
5142 5140 12
5154 5153 14
5625 5625 12
7008 7008 15
8358 8357 11
8805 8803 16
9405 9404 12
9642 9642 14
213 213 15
699 698 14
990 988 13
1350 1349 14
2331 2330 16
3321 3320 12
3366 3366 14
4029 4029 15
4077 4077 15
5280 5279 14
6039 6039 12
6474 6473 12
6579 6578 12
6762 6761 12
7419 7419 14
7518 7516 12
7716 7716 13
7731 7730 15
8787 8785 12
8856 8855 14
303 302 15
918 918 15
1224 1224 14
1305 1304 11
1755 1755 12
1824 1822 13
2622 2621 15
4659 4658 13
4929 4929 14
5034 5032 16
5238 5238 16
5721 5719 14
6288 6288 12
7272 7271 12
7515 7513 14
7548 7548 15
7893 7893 15
8220 8220 12
8694 8693 15
8814 8813 16
285 283 15
438 437 14
465 463 13
969 969 16
1560 1558 15
1902 1901 13
2244 2243 12
2799 2798 14
2934 2932 14
5160 5158 15
5373 5371 13
6249 6248 12
6756 6755 15
8382 8382 12
8784 8782 15
8898 8896 15
9309 9308 14
9582 9581 12
9621 9621 13
9900 9898 12
900 898 12
909 907 12
987 986 12
1005 1004 14
1704 1703 14
2424 2424 16
3459 3459 12
5133 5133 13
5370 5370 15
5583 5581 13
5595 5594 14
5703 5702 15
5829 5828 15
6339 6339 15
8124 8123 15
8667 8666 14
9450 9449 12
9480 9479 12
9600 9598 14
9963 9962 15
813 812 11
879 878 15
1599 1598 14
1779 1779 12
1800 1800 13
2703 2701 13
3501 3499 15
4008 4006 15
4011 4009 11
4272 4270 11
4278 4277 12
4407 4405 13
5610 5609 12
6993 6992 16
7722 7722 15
8793 8791 15
8868 8867 11
9231 9230 13
9702 9701 15
9990 9989 12
750 749 16
795 795 14
1587 1586 14
1842 1841 12
1926 1924 12
2373 2373 13
2520 2519 16
2526 2526 13
2553 2552 12
3369 3369 12
3915 3914 12
4047 4045 15
4434 4433 14
4653 4653 15
5094 5094 14
5871 5869 13
7254 7253 11
8346 8346 13
9555 9555 11
9750 9749 13
717 716 15
945 944 13
2442 2442 12
2865 2863 16
3852 3852 12
4293 4293 14
5259 5257 12
5526 5524 16
5667 5665 11
5844 5843 12
5880 5878 15
5961 5960 12
6216 6215 13
6519 6519 16
6759 6757 15
7845 7845 14
8484 8484 14
8757 8757 15
9399 9399 13
9531 9530 11
672 671 14
999 998 13
1215 1214 11
1557 1556 14
2289 2289 12
2580 2580 12
3738 3736 15
4266 4266 13
4968 4966 13
5127 5127 13
5913 5911 14
6372 6372 14
7500 7499 12
8235 8234 15
8541 8539 14
8748 8747 14
8823 8821 13
8859 8857 13
8913 8912 11
9315 9314 15
438 436 15
642 640 12
999 997 15
1803 1803 14
1812 1812 14
2331 2331 13
2703 2701 13
3063 3061 13
3207 3205 13
3285 3283 14
4194 4192 12
5943 5941 13
6510 6509 15
8871 8870 12
8892 8892 16
9261 9260 12
9399 9397 14
9468 9467 14
9609 9607 13
9936 9936 14
321 320 12
354 353 16
357 356 11
2790 2789 14
2931 2929 13
3210 3209 11
3327 3326 12
3651 3650 13
3789 3787 15
4131 4129 16
4263 4262 12
5247 5246 12
6093 6091 12
6924 6922 12
7566 7564 16
8001 8001 15
8145 8145 13
8340 8338 13
9660 9659 15
9852 9850 12
444 442 16
921 919 13
1020 1020 13
1665 1665 14
1878 1878 15
1965 1963 15
1983 1982 11
2553 2552 11
3051 3051 13
3123 3121 12
4077 4077 12
4740 4740 12
5568 5567 14
6264 6262 14
6819 6819 14
7533 7532 11
7641 7641 16
8559 8557 13
8616 8616 14
9069 9068 14
810 808 12
957 957 13
996 994 14
1326 1324 12
1362 1361 12
1872 1871 14
2760 2759 14
3162 3160 14
3339 3339 14
3861 3859 15
3975 3973 14
4917 4916 11
5115 5114 12
5622 5622 13
5985 5984 12
6015 6014 13
7512 7511 12
7776 7776 15
8703 8701 12
9714 9714 14
315 313 11
471 470 14
903 902 14
1461 1460 12
2760 2758 15
4587 4586 13
4956 4955 12
5277 5277 15
5613 5611 14
5628 5626 14
6660 6659 14
7110 7110 13
7635 7633 16
8082 8081 13
8331 8330 15
8496 8494 15
8523 8522 12
8712 8710 15
8937 8937 13
9813 9812 13
549 547 12
1092 1091 14
1446 1446 14
1560 1558 12
2019 2018 12
2112 2110 14
2781 2781 15
2961 2959 12
4365 4364 12
4533 4533 11
5283 5281 13
6069 6068 13
6156 6154 13
7107 7105 16
7329 7329 13
7986 7984 15
8319 8319 14
8466 8464 12
8574 8573 15
8922 8922 13
228 227 13
678 676 12
732 732 16
1959 1958 16
2283 2282 14
2487 2485 13
4359 4359 11
4374 4373 12
4977 4975 16
6360 6358 15
6981 6981 12
7200 7198 12
7377 7377 13
7542 7542 12
7812 7811 16
7890 7890 15
8034 8032 13
8712 8710 15
9048 9047 13
9069 9068 13
177 175 15
864 862 12
1209 1207 15
1701 1701 12
3369 3367 13
3519 3517 13
4146 4144 13
4296 4296 14
4710 4710 15
5895 5894 12
6786 6786 15
7020 7019 14
7356 7356 16
7446 7446 13
7557 7555 14
8283 8281 14
8421 8421 12
8520 8519 11
8877 8877 16
9249 9247 13
429 429 14
630 628 13
660 658 13
828 827 12
1326 1325 16
1380 1378 16
1551 1549 14
1689 1689 15
3165 3163 12
3426 3426 15
3732 3730 14
4266 4264 15
5091 5090 15
6513 6513 13
6639 6639 14
7548 7547 14
7983 7983 15
8193 8191 15
8613 8613 14
9624 9622 14
1017 1015 14
2682 2681 14
2886 2885 14
3033 3033 12
3243 3241 14
3315 3313 16
3951 3951 13
4332 4331 13
4344 4342 14
4548 4547 12
4770 4769 15
5064 5064 13
5073 5071 15
7584 7584 12
8049 8048 12
8295 8293 12
8448 8446 13
8502 8502 15
8820 8819 13
9819 9819 15
135 135 14
219 218 15
1005 1005 12
1104 1104 14
1119 1117 11
2790 2788 14
2838 2838 14
3705 3704 13
4530 4528 14
4815 4813 12
5538 5538 14
5715 5713 11
6558 6557 12
7335 7333 13
7530 7529 15
7590 7589 12
8847 8847 14
8955 8955 16
9570 9569 13
9840 9839 16
1170 1170 13
2418 2417 14
2502 2502 11
2715 2714 12
2943 2943 14
3291 3290 13
4215 4214 11
4662 4661 13
5082 5080 13
5229 5228 15
5385 5385 16
5574 5574 12
5607 5607 11
6081 6080 13
6783 6783 13
7065 7065 13
8355 8355 14
8505 8505 14
9573 9572 12
9735 9733 16
774 774 14
1401 1401 13
1602 1601 13
2643 2643 14
3282 3280 11
4263 4262 12
4581 4581 12
4917 4916 15
5682 5681 15
6288 6287 15
6597 6597 14
6957 6956 14
7101 7099 13
7782 7780 15
7815 7815 11
8400 8398 14
8577 8577 12
8850 8849 15
9060 9059 14
9405 9405 11
774 773 15
921 920 12
966 964 15
1581 1580 13
2007 2005 12
2070 2069 14
2826 2824 15
2847 2845 12
2976 2975 13
3735 3734 13
4134 4134 14
5058 5057 15
5091 5090 13
5196 5195 14
5631 5629 12
6195 6195 14
7626 7624 16
9309 9307 16
9771 9769 12
9954 9953 12
546 546 16
2121 2119 12
2148 2146 14
2541 2541 14
2613 2612 11
2676 2674 15
3147 3145 12
3282 3280 15
3438 3436 14
4158 4156 13
4239 4237 13
4452 4451 15
6282 6280 11
7710 7709 12
8331 8330 13
8637 8636 16
8676 8674 12
8709 8709 13
9426 9424 14
9660 9658 12
144 144 14
2196 2195 15
2406 2406 13
2622 2620 14
2997 2996 14
3033 3032 13
3042 3041 14
3093 3092 13
3207 3207 15
3456 3456 13
3627 3625 11
4818 4816 11
5010 5008 14
5271 5271 13
6372 6372 15
7521 7521 15
7920 7918 12
8877 8877 14
9594 9594 14
9690 9690 11
642 641 13
1161 1159 14
1410 1408 11
2262 2260 14
3444 3443 13
3513 3513 15
5286 5285 14
5748 5746 15
5781 5781 14
6054 6054 13
6189 6189 12
6438 6438 13
7140 7140 14
7149 7148 14
7380 7380 16
7506 7504 15
7674 7673 12
7725 7723 11
7947 7947 16
8835 8834 15
132 131 12
954 953 15
1170 1170 12
1683 1682 15
1764 1763 14
1785 1784 12
1974 1972 14
3291 3291 12
3747 3745 15
4473 4473 12
4950 4950 15
6225 6223 14
7107 7105 15
7992 7990 15
8004 8002 12
8688 8686 15
8688 8688 15
8937 8936 13
9102 9102 13
9777 9775 15
804 804 12
864 863 13
1401 1399 15
1638 1637 15
1716 1715 13
2046 2044 13
2538 2538 15
3693 3692 11
3999 3997 16
4644 4642 12
4791 4791 11
4803 4803 12
5466 5464 12
6189 6187 12
6342 6341 15
6522 6521 14
6729 6728 12
7146 7144 12
8301 8300 15
8340 8338 14
1575 1575 15
1800 1799 12
3018 3018 12
3777 3775 16
4509 4509 12
5616 5614 13
5946 5945 16
6138 6136 14
6624 6623 14
6936 6936 12
7005 7005 13
7155 7154 13
8097 8095 13
8451 8450 15
8883 8882 12
9327 9326 11
9498 9496 12
9768 9768 14
9789 9789 12
9996 9994 13
276 276 15
831 829 12
1617 1615 13
2592 2592 15
2988 2988 13
3216 3216 12
3714 3713 12
3750 3748 15
4119 4118 15
4968 4967 15
5031 5029 15
5256 5254 15
6684 6684 12
7500 7500 15
7839 7838 16
7872 7872 13
8139 8139 15
8652 8652 14
9519 9519 12
9999 9999 12
267 266 14
864 864 14
2613 2611 14
3006 3004 15
3630 3630 13
3645 3643 12
3798 3798 14
4575 4573 14
4872 4870 12
5133 5131 13
5688 5687 13
5745 5743 12
6543 6541 11
6669 6668 12
6849 6848 13
8349 8347 13
8427 8426 14
8589 8588 14
8907 8905 12
9621 9620 11
15 15 14
249 248 13
381 381 12
1065 1065 12
2922 2922 12
3177 3175 16
3225 3225 12
3255 3255 13
3579 3577 14
4647 4647 14
5436 5435 16
5517 5515 13
6942 6941 15
7110 7110 13
7452 7450 11
7632 7631 12
7851 7850 14
8190 8190 12
8568 8566 12
8949 8947 13
174 173 13
1413 1411 12
1749 1748 13
2385 2383 12
3000 2999 14
3060 3058 15
3243 3242 14
3243 3243 14
3300 3298 14
3720 3720 13
3999 3997 15
4320 4319 12
4626 4624 12
4725 4723 13
4899 4898 16
5385 5383 16
6495 6495 12
7347 7346 12
8871 8871 15
9393 9393 14
342 342 15
423 422 12
801 801 14
1044 1044 15
1974 1973 15
2091 2090 16
2109 2107 11
3639 3637 12
4635 4635 14
5595 5595 15
5916 5914 15
6105 6104 14
6228 6227 13
6810 6809 15
7110 7108 15
8091 8090 11
8637 8635 14
8805 8804 14
9240 9240 14
9873 9871 14
612 612 13
852 850 16
1119 1117 14
1146 1145 15
1605 1605 15
1803 1801 16
2355 2355 15
2856 2855 12
3138 3137 14
3333 3332 15
3921 3920 12
4011 4009 11
5730 5728 13
6282 6280 12
7350 7349 13
7818 7818 15
8430 8428 12
8538 8538 15
9489 9487 14
9582 9581 14
1479 1478 11
1557 1557 15
1947 1945 14
2322 2321 12
3471 3469 12
3513 3511 12
3594 3593 15
3852 3852 16
4389 4389 13
4911 4909 15
5055 5054 13
5358 5357 12
5451 5450 15
6972 6971 11
7659 7658 13
8376 8374 14
8517 8515 16
8886 8884 14
9237 9237 12
9690 9690 13
258 257 15
774 773 12
783 783 14
1518 1516 15
1641 1641 12
2637 2635 15
2877 2876 14
4263 4262 12
4500 4498 14
4863 4863 12
5286 5285 12
6546 6544 12
6924 6922 15
6942 6940 15
7779 7777 13
7887 7885 15
7890 7889 12
8178 8176 13
8187 8186 12
8793 8792 11
6 4 15
225 223 14
1065 1064 15
1632 1631 11
1701 1701 16
2703 2703 13
2895 2895 15
3624 3624 14
4038 4037 15
4380 4380 12
4566 4566 13
4671 4669 15
4893 4891 15
5346 5345 14
6963 6962 13
7398 7396 16
7962 7961 12
8289 8287 16
9246 9246 11
9753 9753 13
306 306 13
1338 1336 12
2061 2061 15
2145 2144 14
2253 2252 15
3174 3173 14
3177 3175 12
3273 3273 14
3333 3331 16
3351 3350 15
3825 3824 13
3855 3854 12
4320 4320 13
6342 6341 11
6513 6511 12
7719 7718 11
8424 8423 16
8472 8472 12
8844 8842 12
9501 9501 11
756 754 14
1347 1347 13
1497 1496 13
1527 1526 13
1575 1573 13
2679 2679 15
3069 3069 13
3963 3961 13
4626 4626 13
5130 5129 15
5145 5144 14
5646 5646 14
6159 6157 12
6261 6259 14
6270 6268 14
6498 6498 13
7359 7357 14
7620 7619 14
8427 8427 14
9318 9318 12
282 282 15
810 809 14
975 974 13
2040 2038 13
2262 2260 12
2598 2598 14
3540 3538 15
4017 4016 14
4245 4245 13
4635 4634 15
5106 5104 12
5673 5671 13
5817 5815 13
6756 6754 14
7242 7240 12
7467 7466 14
8595 8593 14
8658 8657 16
9603 9601 14
9738 9736 15
126 124 13
567 567 13
678 676 16
750 749 15
2490 2488 14
2565 2565 15
3576 3574 12
4050 4049 13
4284 4284 14
6030 6030 15
6087 6085 12
6525 6524 15
7233 7231 12
7245 7245 12
8097 8097 15
8154 8154 15
8754 8752 14
9324 9322 14
9552 9550 13
9780 9779 14
612 610 12
627 625 14
684 684 12
693 691 12
1038 1037 15
1530 1528 15
1545 1545 11
1647 1647 13
2052 2052 15
2529 2529 15
3063 3061 15
3192 3191 16
3987 3986 13
5697 5697 14
5907 5906 14
5991 5989 11
7401 7399 15
7521 7521 16
7947 7947 13
9330 9328 12
618 616 12
780 778 16
1038 1038 14
1602 1601 14
1605 1603 11
3894 3893 13
5310 5309 14
5853 5853 13
5964 5964 12
6189 6188 11
6387 6386 16
6468 6467 14
7038 7038 13
7041 7039 15
7137 7135 13
7158 7156 15
7350 7348 13
9246 9244 12
9471 9470 14
9930 9930 14
192 191 13
1152 1151 15
2193 2192 14
3165 3165 14
3330 3329 16
3708 3708 15
4611 4610 15
5022 5020 14
5688 5688 14
6666 6664 15
6690 6689 15
6750 6749 11
6792 6790 13
6900 6900 12
6969 6967 11
7143 7141 15
7476 7474 13
8115 8114 14
8721 8721 11
9930 9929 15
537 535 12
1455 1455 11
1749 1748 13
2652 2652 14
2715 2715 12
2934 2932 14
3222 3221 16
3804 3802 14
3807 3807 13
4104 4103 16
4821 4820 15
5214 5213 14
5229 5228 16
5388 5388 12
5715 5715 13
7635 7634 14
7812 7810 13
7992 7991 14
8295 8294 14
8586 8584 12
918 916 14
1182 1180 12
1713 1713 12
1752 1751 15
2613 2611 13
3195 3195 15
3540 3538 14
4506 4505 13
4896 4896 13
5373 5372 12
5910 5909 12
6705 6705 14
6798 6798 14
8253 8251 12
8601 8599 16
8715 8715 12
8910 8910 16
9264 9263 14
9573 9571 14
9651 9651 15
1503 1502 14
1764 1762 13
2166 2165 12
3234 3233 15
3327 3327 13
3648 3647 15
4014 4014 13
5439 5438 14
5454 5454 14
5985 5984 15
6216 6216 16
6927 6926 12
7050 7049 14
7347 7346 11
8007 8005 13
8094 8094 15
8241 8241 12
8613 8613 13
9378 9377 12
9801 9800 16
2256 2255 14
2730 2729 12
2895 2894 12
3162 3160 14
4155 4155 13
4185 4185 12
5259 5258 13
5631 5630 16
5862 5861 14
5994 5993 12
6117 6115 12
6210 6209 11
6396 6396 13
6732 6732 11
7176 7174 12
7254 7253 15
7623 7622 12
7839 7839 15
7923 7923 13
9735 9733 15
300 299 12
618 616 13
903 903 12
1968 1966 11
2127 2125 13
2259 2257 16
4575 4574 12
4800 4800 13
5919 5917 14
6462 6461 16
6756 6754 15
7449 7447 15
7521 7521 14
7611 7611 12
7839 7838 12
7929 7927 11
8325 8324 15
8805 8804 14
9597 9596 14
9621 9619 11
252 252 15
372 371 16
927 927 15
1098 1096 13
2145 2145 14
2496 2495 13
2847 2845 13
3093 3093 11
4197 4195 13
4326 4325 14
4752 4752 13
5007 5006 12
5292 5290 13
6246 6246 12
6348 6348 14
7956 7955 12
8454 8454 13
8781 8780 14
9036 9036 11
9423 9423 15
225 224 15
717 715 16
747 747 13
1104 1104 14
1698 1697 16
2043 2043 15
2640 2640 14
3672 3670 12
3987 3985 14
4254 4254 14
4281 4281 14
5439 5439 13
6207 6205 12
6501 6500 15
7905 7904 16
8448 8447 15
8538 8538 14
9333 9333 14
9609 9607 12
9819 9817 15
477 475 15
483 483 14
603 601 13
1116 1116 15
1281 1280 14
3093 3092 14
3276 3275 15
3414 3413 14
3669 3667 12
3792 3791 12
4605 4603 13
4857 4857 12
5562 5562 16
5898 5896 12
6501 6499 12
6675 6674 12
7062 7061 14
7095 7093 14
7299 7297 15
8034 8032 14
588 587 12
1461 1460 14
2784 2784 15
2808 2807 14
3390 3389 12
3903 3902 12
3972 3972 16
4305 4304 14
4611 4610 13
4977 4976 11
5112 5112 14
6501 6499 16
7050 7050 11
7512 7510 14
8133 8133 15
8469 8468 14
8571 8571 13
9177 9175 14
9198 9196 15
9909 9908 13
195 194 12
357 357 12
369 367 12
513 511 13
1320 1318 13
1677 1675 12
1842 1841 12
2979 2978 12
3978 3976 15
4731 4729 12
5757 5755 15
6621 6620 14
6786 6785 12
6831 6831 15
7218 7216 14
8208 8208 13
8697 8696 13
8787 8786 13
9027 9026 14
9138 9137 15
222 221 12
543 542 13
1260 1258 13
1710 1708 15
2460 2458 15
2469 2467 15
2952 2951 12
2952 2951 14
3486 3486 12
4053 4051 15
4434 4434 12
4833 4833 12
5718 5716 15
5994 5993 16
8733 8733 15
8895 8893 14
8940 8938 14
9222 9221 11
9342 9341 12
9435 9434 14
546 546 13
1212 1211 15
1761 1760 13
1971 1969 13
2976 2974 13
3762 3761 13
3801 3801 12
4395 4395 15
5067 5067 12
5763 5761 14
6546 6545 12
6957 6955 16
7128 7126 14
7185 7183 14
7977 7976 14
8514 8514 12
8562 8562 14
9315 9313 15
9645 9643 12
9729 9729 12
105 103 14
1137 1136 15
2058 2056 16
3282 3281 16
3444 3443 12
3684 3684 16
3798 3796 11
3969 3969 12
4302 4301 13
4509 4507 12
5142 5142 11
5256 5254 14
5724 5723 12
5763 5763 12
6126 6126 15
7254 7254 12
7401 7400 14
8556 8554 14
8655 8655 15
9495 9493 12
1878 1877 15
1917 1917 16
2112 2110 12
2256 2254 15
3303 3302 15
3495 3493 16
3852 3850 14
4275 4274 16
4896 4895 11
5097 5096 12
5757 5757 11
5949 5949 14
6681 6680 14
7752 7750 15
8223 8221 11
8490 8489 12
8733 8732 14
8961 8960 12
9021 9019 13
9240 9239 15
333 332 14
1698 1698 12
1995 1993 14
2565 2564 11
2595 2595 11
3486 3484 15
4203 4202 16
4311 4309 13
4662 4661 16
4716 4714 15
4941 4941 13
5997 5995 12
7077 7077 15
7860 7860 12
8076 8076 15
8364 8362 12
9633 9633 13
9666 9665 13
9675 9673 13
9900 9900 14
132 130 13
1434 1434 16
1467 1466 13
1671 1671 16
1725 1724 15
2151 2150 14
2262 2261 16
2586 2584 12
2781 2780 12
2892 2892 13
3537 3536 14
4236 4235 16
5577 5577 12
5607 5607 14
6078 6076 12
7362 7361 14
8340 8339 15
8790 8788 12
9099 9099 14
9177 9177 13
633 633 12
1596 1594 15
2556 2556 13
2619 2618 12
3021 3021 13
4527 4525 14
4992 4992 16
5664 5662 12
6342 6340 11
6552 6550 14
7119 7119 13
7233 7231 13
7614 7614 16
8061 8059 15
8172 8172 14
8724 8723 13
8859 8858 12
9063 9061 13
9810 9808 14
9942 9940 12
123 123 12
288 288 15
486 486 15
1083 1083 14
1104 1103 12
1296 1295 13
1407 1405 13
3117 3116 15
3282 3281 16
3720 3719 12
4866 4865 15
5565 5563 15
5913 5912 12
6660 6658 12
7773 7772 12
8385 8383 16
8421 8420 11
8694 8692 14
9042 9040 14
9297 9296 13
423 423 15
1011 1010 14
1077 1077 14
1176 1176 15
1554 1552 14
1734 1734 15
3045 3043 13
3303 3303 11
3354 3353 13
3693 3691 15
4245 4243 13
4374 4374 15
4623 4622 13
5454 5453 15
6102 6102 11
6942 6941 16
7119 7119 15
7728 7728 11
9180 9180 12
9693 9693 16
726 726 14
864 862 14
1551 1550 16
1770 1769 15
2424 2423 14
3030 3030 16
3693 3691 13
4296 4294 13
4389 4388 14
5319 5319 12
6042 6040 15
6534 6534 15
6810 6810 14
6876 6876 12
6948 6948 14
8250 8250 15
8472 8471 16
8487 8486 16
9741 9741 13
9882 9881 14
411 411 13
810 809 14
1131 1130 15
1242 1240 16
1917 1917 13
2649 2647 15
3831 3831 13
4566 4565 13
6468 6466 14
6492 6490 15
6858 6857 15
7191 7190 14
7935 7935 12
8442 8442 15
8511 8510 13
8709 8709 15
9015 9014 15
9444 9442 14
9453 9451 14
9717 9715 15
246 244 14
948 948 14
2349 2349 13
2577 2577 13
3825 3825 13
4074 4072 12
4074 4072 12
4494 4494 11
4812 4812 15
5199 5198 12
5445 5443 13
5733 5733 14
5736 5734 16
6600 6598 11
6726 6726 14
7926 7924 16
8043 8041 13
8073 8072 12
8808 8808 12
9810 9810 14
351 351 13
468 467 12
585 584 14
1107 1106 16
2586 2584 15
2952 2951 15
3153 3151 13
3546 3545 15
3852 3851 14
5109 5109 14
5304 5302 15
5505 5505 15
5565 5564 14
5820 5819 13
7068 7066 14
7272 7272 14
7347 7345 13
7905 7904 11
8085 8084 13
8433 8431 14
951 951 13
1092 1090 12
1401 1401 11
1749 1749 13
2709 2709 11
2961 2961 15
3213 3213 15
3840 3839 12
3978 3977 13
3990 3988 11
5820 5818 15
6702 6701 14
6849 6848 14
7311 7311 14
7392 7392 16
7743 7743 12
7812 7810 14
7950 7949 13
9096 9096 16
9834 9833 11
288 286 12
798 798 14
1473 1473 14
1971 1969 11
2031 2029 16
2211 2209 11
2310 2309 14
3216 3215 12
3696 3696 12
5517 5517 15
5574 5572 13
5754 5754 12
6468 6467 14
6666 6665 16
6714 6712 16
8442 8442 14
8823 8822 14
8919 8918 12
9345 9344 15
9609 9607 13
315 314 12
831 829 12
1164 1164 15
1347 1346 15
1416 1415 13
2019 2018 16
2244 2243 13
2541 2540 14
2598 2597 16
3180 3178 12
3645 3645 13
4134 4134 11
4341 4341 14
4419 4417 15
4473 4473 12
6867 6866 11
7716 7715 16
8598 8597 14
8871 8871 14
8874 8873 12
12 11 13
507 505 13
1035 1034 13
1302 1300 14
2760 2759 14
2823 2822 11
2892 2890 16
3003 3002 13
3444 3444 11
3936 3935 12
4650 4649 14
5049 5047 14
5688 5688 14
6825 6825 13
7428 7428 13
7740 7740 15
8301 8299 15
8526 8524 15
8907 8905 12
9516 9514 15
99 99 13
366 366 14
786 785 12
966 965 11
1560 1560 12
2469 2468 14
2547 2546 12
3651 3649 12
3744 3743 14
3924 3924 12
4326 4326 14
4767 4765 13
6246 6245 11
6321 6321 12
6366 6365 15
6672 6671 12
6927 6926 15
7563 7561 13
8379 8377 12
9153 9153 13
66 66 11
189 189 14
447 445 14
1206 1204 15
1467 1465 16
1695 1693 15
2157 2156 15
2484 2484 14
4065 4064 12
5730 5728 13
6084 6082 16
7389 7389 16
7530 7528 14
8388 8386 12
8394 8393 15
8706 8704 12
8766 8766 16
9090 9089 14
9465 9465 11
9759 9757 14
1434 1432 11
1587 1586 13
2910 2909 15
4383 4381 13
4551 4549 12
4818 4816 16
5271 5270 14
5577 5576 13
6576 6574 12
6801 6801 11
7065 7063 12
7386 7386 14
7419 7418 15
7815 7813 15
7854 7854 12
8364 8363 13
8979 8979 15
9231 9231 12
9351 9350 13
9507 9505 12
300 298 12
630 628 14
651 650 11
1677 1677 15
3120 3119 11
3447 3445 14
3561 3559 15
4065 4065 15
4116 4116 15
4299 4298 11
4425 4425 11
5061 5059 15
5409 5409 14
6828 6827 13
7863 7861 13
8133 8132 16
8517 8517 14
8871 8870 13
8871 8871 14
9240 9240 14
612 611 13
1464 1464 15
1668 1667 14
1962 1961 14
2247 2247 12
2676 2675 13
2751 2751 14
2766 2766 16
3096 3094 13
3207 3205 12
3288 3288 11
3822 3821 11
5376 5375 15
5802 5801 15
6291 6291 13
6834 6832 15
7335 7334 14
8400 8398 16
8421 8419 12
9528 9527 12
402 400 16
834 833 12
2262 2260 16
2523 2521 13
3027 3027 12
3450 3450 13
3912 3912 12
4308 4308 16
4851 4850 13
5484 5483 14
5778 5777 16
5802 5801 11
5970 5970 15
6225 6225 12
6300 6298 15
6681 6680 15
7050 7049 12
8265 8264 14
8562 8562 14
9249 9248 11
567 565 16
621 620 15
642 640 14
1020 1019 15
2301 2299 14
3393 3391 15
3681 3679 15
3771 3771 14
3801 3800 15
4005 4004 14
4575 4574 12
4650 4650 11
4869 4869 12
5361 5360 12
6057 6057 15
6261 6259 12
6312 6310 12
6492 6492 11
6702 6702 11
7500 7500 12
297 297 12
843 842 13
1929 1927 12
2247 2246 14
2292 2291 12
3549 3549 12
3846 3845 14
3915 3913 14
4344 4344 11
4470 4470 13
4686 4686 14
5280 5278 12
5628 5627 12
5799 5799 15
6327 6326 14
6846 6844 16
8967 8965 14
8988 8987 15
9483 9483 15
9591 9591 12
1071 1071 14
1215 1213 12
2247 2246 13
2313 2312 12
2793 2792 12
3081 3080 13
3177 3177 14
3180 3180 15
3420 3420 12
3588 3587 16
4308 4308 15
4683 4682 12
4911 4909 11
5184 5183 15
5436 5435 13
5604 5602 13
6495 6494 13
8934 8933 13
9414 9413 11
9951 9949 14
123 122 14
399 397 15
1029 1029 13
1062 1060 15
1509 1509 13
2130 2128 13
2289 2287 14
2448 2446 12
2811 2809 12
3846 3845 15
4692 4692 15
5262 5262 13
5724 5724 14
5874 5874 13
6555 6554 13
6723 6723 12
6960 6958 15
7575 7573 16
7941 7941 16
9432 9431 15
1113 1111 14
1170 1169 11
2136 2134 14
3312 3311 13
3969 3968 13
4911 4909 11
5265 5263 15
5760 5758 13
6210 6208 13
6576 6575 14
6813 6812 14
7200 7199 16
7737 7737 13
7896 7894 13
8346 8345 13
8349 8348 13
8367 8367 15
8631 8631 15
8841 8840 11
9324 9323 15
6 6 15
1215 1214 12
1629 1628 13
1668 1667 15
2037 2036 13
3357 3357 12
3918 3916 14
4014 4012 13
4428 4427 15
4689 4687 14
5097 5097 12
5643 5641 12
5718 5718 13
6114 6113 14
7488 7486 12
8223 8221 15
8262 8260 12
8307 8307 11
8532 8531 12
9135 9134 14
33 32 16
381 379 15
732 731 14
1206 1206 11
1779 1778 15
2307 2307 15
4602 4602 12
4626 4625 12
4656 4656 14
5382 5381 15
5484 5483 15
6105 6103 13
6192 6192 14
6699 6697 16
6948 6947 14
7290 7290 13
7443 7443 12
7710 7710 15
7821 7821 14
9393 9391 15
123 121 14
1881 1879 15
2073 2073 15
2811 2811 15
4044 4044 13
4668 4668 15
6420 6419 13
6489 6487 14
6648 6648 15
6816 6815 14
6825 6825 13
7326 7324 14
8613 8611 14
8757 8756 13
9396 9395 13
9585 9585 15
9594 9592 15
9696 9695 14
9861 9861 15
9882 9880 15
81 79 14
153 153 14
408 407 14
1191 1189 11
1869 1868 12
2970 2970 14
3048 3048 16
4170 4168 13
4389 4389 11
4455 4453 15
4740 4738 14
5160 5159 14
5721 5721 14
6393 6393 13
6654 6654 14
6840 6840 11
7734 7733 15
8190 8190 14
8964 8962 14
9330 9330 13
1200 1198 14
1425 1425 12
1650 1650 16
2700 2700 13
3702 3702 13
3897 3897 15
4617 4615 16
4869 4868 16
5409 5407 12
5538 5536 15
5925 5925 15
6165 6165 14
6258 6258 15
6315 6313 16
7899 7899 12
8235 8235 12
8724 8724 15
9045 9045 15
9372 9372 12
9381 9381 14
1350 1350 13
1800 1799 13
2112 2111 16
2136 2136 15
2385 2383 13
2964 2964 11
3048 3048 11
3459 3457 15
3852 3852 11
3855 3855 15
3996 3994 13
4731 4730 13
4740 4740 11
6348 6348 11
7743 7741 13
8523 8522 13
8844 8844 13
9141 9141 13
9660 9659 16
9807 9806 15
81 81 11
270 269 14
270 270 15
276 274 11
324 323 12
471 470 16
693 692 12
777 776 15
2148 2146 14
2742 2741 13
3411 3411 13
5130 5128 12
5733 5733 14
5877 5876 14
6555 6554 14
6984 6984 15
6999 6999 14
7053 7053 15
7149 7148 16
8136 8136 12
1284 1283 13
1362 1360 16
1869 1869 14
2439 2437 11
2733 2731 11
3030 3029 16
3870 3869 15
3924 3922 12
4245 4244 14
5526 5526 14
5976 5974 13
6033 6032 15
6051 6051 15
6534 6534 12
7815 7814 12
7836 7834 15
7842 7842 12
9252 9250 13
9648 9648 15
9750 9749 16
318 316 11
936 935 13
1056 1055 11
1515 1515 11
1743 1741 16
1743 1743 13
1977 1975 15
3489 3487 12
3594 3594 12
4077 4076 13
4086 4085 14
4515 4515 12
4953 4953 13
5430 5429 12
5913 5911 12
5982 5980 14
6624 6623 15
7233 7233 14
7992 7991 16
8586 8586 14
