500 20 1342879
25 77 247
25 75 248
25 110 237
25 82 223
25 65 187
25 65 205
25 108 237
25 130 243
25 147 225
25 73 157
25 116 240
25 131 243
25 112 204
25 51 170
25 95 161
25 72 194
25 77 160
25 71 203
25 149 179
25 147 239
711 710 12
1425 1425 12
1488 1486 10
1767 1767 11
1944 1942 10
2106 2106 12
2241 2240 10
2628 2627 13
3108 3107 10
3492 3491 12
3915 3913 12
4581 4579 9
4950 4949 10
5373 5372 9
5790 5790 12
5880 5879 10
6303 6301 9
7269 7267 12
7503 7501 10
7611 7611 12
8259 8259 9
8640 8640 13
8733 8733 12
9348 9347 11
9588 9588 9
51 51 9
477 477 10
693 692 11
846 846 11
996 996 10
1233 1232 9
1278 1276 12
2646 2646 11
3468 3466 11
3888 3888 9
3912 3912 11
4266 4266 10
4296 4295 11
4725 4723 11
4743 4742 9
5157 5156 10
5316 5315 11
5475 5473 10
5763 5761 10
6588 6588 11
7101 7100 10
7728 7726 12
7869 7867 10
8418 8418 12
9627 9625 11
594 592 10
705 703 12
759 758 11
858 857 13
1071 1069 12
1257 1257 13
1464 1463 11
1596 1596 11
1722 1722 11
3567 3566 11
3678 3676 9
3966 3964 10
4131 4131 12
4506 4505 10
5049 5047 11
5157 5156 12
5484 5484 10
5805 5805 10
7608 7606 11
7833 7831 11
8043 8041 11
8670 8669 10
8829 8828 10
8925 8925 10
9345 9343 13
99 97 13
846 846 9
1479 1479 10
1512 1510 12
2481 2479 13
2856 2855 10
3450 3450 12
3681 3681 11
4014 4012 9
4221 4221 13
4563 4562 13
4659 4659 12
5208 5208 12
5577 5575 12
5865 5863 13
6897 6897 10
7104 7103 10
7677 7677 12
7839 7837 12
8694 8694 11
8703 8701 12
8853 8853 13
8964 8962 10
9075 9073 10
9897 9895 11
306 304 13
648 648 10
1176 1175 10
1587 1585 10
1719 1717 11
2685 2685 11
3024 3023 13
3309 3308 12
3645 3645 12
4413 4413 11
4617 4617 9
5157 5155 10
5307 5307 9
5448 5447 9
5499 5499 11
6264 6264 10
7086 7084 12
7194 7193 12
7239 7239 11
8628 8627 11
8685 8685 12
8790 8789 9
9261 9261 9
9285 9284 11
9465 9464 9
435 434 11
864 862 10
1215 1215 9
1401 1399 12
2409 2408 13
2700 2699 10
3015 3015 9
3213 3213 12
3588 3588 9
4092 4090 13
4848 4847 11
4902 4901 10
5229 5228 10
5688 5686 12
5862 5862 9
6666 6664 11
6819 6819 10
7347 7345 12
8187 8185 9
8361 8360 12
8622 8621 12
8691 8690 10
8892 8892 10
9156 9155 12
9330 9329 10
279 277 9
297 296 13
306 305 10
534 533 12
1653 1651 10
1893 1891 9
2451 2450 10
3540 3539 13
4041 4040 12
5247 5245 10
5286 5286 10
5535 5535 9
5712 5712 12
5868 5868 12
6375 6374 10
6501 6500 11
7365 7365 12
8157 8157 11
8307 8306 9
8598 8598 10
9384 9382 10
9618 9616 10
9627 9626 9
9849 9849 12
9894 9892 11
381 380 10
741 740 13
1116 1114 12
2238 2238 11
3042 3042 11
3636 3636 9
3669 3668 12
4119 4117 10
4455 4453 12
4767 4766 9
4896 4894 9
5007 5005 12
5106 5105 11
5541 5539 12
5586 5585 9
6054 6053 13
6267 6266 11
7176 7174 13
7983 7982 11
8127 8125 9
8196 8194 10
8265 8265 13
8661 8661 11
9153 9151 10
9690 9690 12
3 3 12
843 842 10
2325 2325 10
3063 3061 11
3585 3585 9
3618 3618 10
3624 3623 10
4206 4205 10
4611 4611 10
5547 5547 12
5694 5694 11
5937 5935 10
6420 6419 11
6486 6486 10
6693 6693 11
6888 6888 12
6948 6948 9
6966 6966 10
7365 7364 13
7461 7461 10
7734 7733 11
8544 8542 12
9228 9226 12
9387 9385 12
9600 9598 12
834 832 10
873 871 10
954 954 11
1629 1628 13
1677 1675 11
2640 2640 12
2700 2698 10
2907 2906 12
2991 2990 12
3180 3179 11
4281 4280 11
4386 4385 11
4728 4726 11
6111 6110 9
6267 6267 13
6300 6298 13
7236 7234 9
7251 7249 11
7584 7582 10
7584 7584 13
7779 7778 9
7824 7822 11
8793 8791 10
9348 9346 9
9477 9475 12
825 825 12
1032 1031 12
1497 1495 12
3042 3040 10
3165 3163 11
3183 3181 9
3507 3505 11
3549 3549 9
4455 4454 11
4686 4686 10
5058 5057 10
5514 5512 10
5541 5539 12
5943 5943 11
6153 6153 9
6543 6543 12
7209 7209 11
7350 7349 13
7515 7513 13
7731 7729 12
8031 8030 9
8808 8806 10
9333 9331 11
9648 9647 9
9903 9902 10
408 408 12
2262 2262 9
2373 2373 11
2829 2828 12
4152 4151 11
4248 4247 10
4923 4923 11
5280 5279 10
5631 5630 13
5745 5743 12
5760 5760 10
5760 5760 11
6324 6324 9
6834 6832 13
7134 7133 10
7251 7249 10
7587 7586 10
8751 8751 12
8790 8788 11
9024 9024 10
9051 9051 9
9312 9312 12
9492 9491 13
9648 9648 11
9696 9695 12
45 45 11
816 814 10
1425 1425 12
1611 1611 10
2085 2084 13
2367 2366 10
2913 2913 13
3639 3637 11
3810 3808 13
4209 4208 11
4377 4376 10
4422 4420 11
5082 5080 11
5409 5407 9
5724 5722 9
6498 6497 12
6555 6555 13
6960 6959 10
7221 7221 12
7608 7606 11
7656 7656 9
7716 7716 12
8469 8467 9
9021 9021 12
9756 9755 11
333 333 10
681 680 11
1332 1332 11
1368 1368 9
1452 1451 11
1509 1509 11
2397 2396 11
2661 2661 12
2664 2664 12
2799 2798 9
2895 2895 10
3210 3210 13
3768 3767 12
4056 4056 11
4578 4576 11
5028 5028 12
5277 5275 9
5949 5949 11
6009 6007 10
6789 6788 9
7554 7554 12
8454 8454 11
8505 8503 12
8646 8646 13
8817 8815 11
114 112 10
1686 1686 11
1791 1789 11
2160 2158 12
2817 2815 10
2958 2958 12
3765 3764 11
3981 3980 11
5064 5064 11
5085 5083 11
5553 5551 12
6096 6095 10
6273 6273 11
7104 7102 9
7248 7248 10
7419 7419 12
7500 7499 11
7638 7637 11
7695 7694 10
8277 8276 9
8526 8525 13
9324 9324 11
9603 9603 12
9918 9916 9
9957 9955 9
366 365 12
447 446 10
651 649 9
804 804 10
1344 1344 11
1983 1983 10
2523 2521 9
3492 3492 12
3954 3952 12
3984 3984 11
4587 4586 13
5499 5497 10
5631 5630 10
6024 6024 10
6156 6154 11
7149 7147 13
7254 7253 12
7317 7316 12
7686 7684 12
8145 8145 9
8271 8271 12
8409 8407 12
9135 9133 10
9225 9225 11
9666 9665 11
48 48 12
735 733 12
1140 1138 11
2955 2955 10
3126 3125 12
3129 3127 11
3477 3475 13
3933 3933 10
4953 4951 13
5010 5008 10
5142 5142 12
5265 5264 9
5331 5329 13
5523 5522 12
5607 5606 11
5676 5675 13
5937 5936 11
6366 6365 12
6408 6408 13
6885 6885 11
7308 7308 12
8067 8067 12
8244 8242 10
9312 9311 11
9696 9696 9
114 112 12
150 149 10
309 308 9
324 322 11
1008 1008 13
1167 1165 10
1719 1717 12
1869 1867 9
2103 2102 9
2376 2375 11
2481 2479 9
2910 2910 12
3048 3048 11
3687 3685 10
3906 3905 10
5823 5821 11
7437 7437 10
8037 8036 9
8070 8069 11
8073 8071 13
8577 8575 10
8661 8661 11
9441 9440 12
9663 9662 12
9744 9744 11
12 11 11
126 125 13
138 137 11
372 371 11
1671 1669 12
1899 1897 9
3348 3347 11
3963 3961 12
3987 3985 11
4356 4355 11
4356 4356 12
4443 4443 12
4584 4582 11
5247 5246 12
5646 5645 12
5655 5653 9
6300 6298 12
6918 6916 11
7335 7335 12
7656 7656 12
7920 7920 12
8283 8282 12
8310 8310 10
8319 8318 12
9285 9283 10
252 252 11
366 364 10
492 490 10
585 583 10
690 688 11
1164 1162 12
2727 2727 13
3474 3474 10
3555 3553 13
3969 3969 11
4152 4150 12
4233 4231 13
4371 4369 11
5241 5240 11
5745 5743 11
5850 5849 11
6147 6146 12
6420 6418 11
6663 6661 10
7389 7388 12
7425 7423 9
7740 7739 12
8808 8807 12
9153 9153 11
9681 9680 9
