1000 20 262976
50 139 165
50 119 200
50 79 229
50 138 229
50 132 202
50 133 190
50 107 209
50 138 154
50 91 179
50 100 204
50 81 212
50 145 192
50 80 198
50 65 211
50 59 212
50 122 186
50 123 219
50 149 200
50 79 157
50 129 250
18 17 5
63 61 6
63 63 5
69 69 6
123 121 6
123 123 4
144 143 5
159 158 5
159 159 5
177 177 5
195 193 5
210 208 5
210 210 5
234 232 6
297 295 5
303 303 6
324 322 6
339 339 6
381 379 5
393 391 5
393 393 5
405 403 6
411 409 4
414 413 6
480 479 5
495 495 5
498 498 5
504 502 6
513 511 5
522 522 6
531 530 5
552 551 6
582 582 5
585 585 5
588 588 5
612 610 4
639 639 5
675 675 5
696 695 6
702 701 5
792 790 4
807 807 4
828 827 5
840 839 6
870 868 5
876 876 6
888 887 6
906 906 4
927 925 6
981 981 6
15 14 5
30 28 5
63 62 5
90 88 5
117 115 6
129 129 5
132 132 5
138 136 5
162 160 5
168 166 5
171 169 4
195 195 6
237 236 6
240 238 5
243 243 5
246 245 6
258 257 5
270 270 5
279 279 5
285 285 6
339 338 5
369 369 5
381 379 6
414 414 5
429 428 6
471 471 6
513 512 6
516 515 5
531 530 6
555 555 6
663 663 6
696 695 6
708 706 5
711 709 5
717 717 5
747 746 5
795 793 5
801 799 5
819 818 5
822 822 6
843 843 6
855 853 5
864 863 6
864 863 6
867 867 5
900 900 5
915 915 5
936 934 5
969 968 6
990 990 4
27 25 6
63 61 6
63 62 5
72 72 6
84 84 5
102 102 5
108 108 6
126 124 6
141 140 4
183 182 5
183 183 6
201 200 6
210 210 6
228 226 5
294 293 6
345 343 5
387 385 4
396 395 6
405 404 6
426 426 6
447 445 6
453 453 5
465 463 4
471 471 6
501 500 6
510 509 5
519 517 4
525 525 4
528 528 5
537 535 5
549 549 6
594 594 5
603 603 5
606 605 5
633 631 4
642 640 4
654 652 5
657 657 5
672 672 4
729 728 5
756 756 6
765 764 5
795 793 5
798 796 5
822 821 5
843 843 6
882 881 5
912 912 5
975 975 6
990 989 6
3 1 5
6 5 5
30 30 5
51 51 6
69 69 5
75 73 5
81 80 6
117 117 5
126 125 5
180 178 6
210 209 5
231 230 6
237 237 5
258 256 6
276 275 4
315 314 5
321 320 5
339 339 5
411 411 4
447 445 5
504 502 5
507 507 4
513 513 5
522 520 5
540 540 5
552 550 5
564 563 6
588 586 5
594 594 5
612 612 5
615 614 5
657 657 6
669 668 6
699 698 5
759 759 5
765 765 4
771 770 6
789 789 5
807 805 5
807 807 5
819 819 4
873 873 6
882 880 6
954 954 6
966 964 6
972 971 6
978 976 6
978 978 6
999 999 5
1002 1000 6
36 36 6
87 86 5
117 115 5
159 158 5
174 173 6
192 191 6
222 221 6
237 235 4
237 236 5
297 295 6
306 305 6
378 376 5
408 406 4
429 427 5
429 427 5
432 431 6
495 493 5
498 498 5
519 518 6
522 521 5
549 548 6
552 551 6
564 562 6
579 578 5
579 578 5
639 639 6
663 662 4
708 707 4
717 717 5
723 723 6
732 732 6
753 753 6
756 756 6
768 768 5
795 793 5
807 805 6
816 815 5
819 818 4
846 845 6
861 859 6
867 865 5
897 895 6
900 898 6
906 904 6
930 930 5
936 934 5
948 948 5
951 950 4
978 976 5
996 995 5
105 104 5
153 153 5
171 170 5
177 175 6
201 201 6
219 218 5
219 218 5
291 290 6
294 293 6
312 310 4
315 315 6
330 328 4
342 340 5
360 359 6
381 379 5
405 403 5
438 436 6
456 456 5
480 478 5
528 528 4
558 556 6
558 558 6
603 601 4
624 623 6
639 638 5
639 639 6
648 647 4
651 651 5
663 662 6
672 672 5
681 681 5
684 682 6
687 685 5
720 718 4
744 743 5
765 765 5
771 770 5
774 772 5
780 780 6
786 784 6
819 819 6
825 825 5
843 843 5
855 854 4
885 885 5
903 901 4
912 910 5
963 962 6
963 963 5
969 968 5
33 32 5
39 37 5
54 54 5
84 82 6
105 104 6
114 114 5
162 162 5
165 165 6
174 172 4
204 203 5
204 203 6
207 206 6
276 276 6
279 277 5
309 308 5
315 315 6
321 320 5
351 349 6
423 423 5
429 428 5
468 467 5
474 473 4
477 476 5
498 497 4
504 503 6
516 516 6
543 542 4
561 559 5
576 574 5
585 584 5
600 600 6
621 619 6
636 636 6
651 651 5
687 685 5
693 693 6
711 710 5
744 742 5
750 750 4
762 761 5
780 779 5
789 787 5
828 827 5
834 834 5
849 849 5
876 874 5
951 950 5
960 958 5
963 961 6
990 989 6
48 46 5
48 48 5
54 52 6
144 142 5
150 150 5
168 168 5
180 178 6
204 203 6
213 213 5
219 217 6
225 224 6
228 227 6
231 231 5
261 259 4
267 267 5
294 293 5
300 298 5
333 332 5
396 394 4
420 419 4
474 473 5
474 474 6
579 579 4
582 582 5
588 587 6
600 598 6
627 625 6
681 680 5
696 694 6
699 697 6
702 702 4
738 736 4
753 751 5
777 777 6
780 780 6
792 790 5
828 828 6
858 856 6
867 867 5
873 872 5
873 873 5
879 877 5
885 883 6
894 892 6
897 895 5
915 915 5
936 936 5
954 952 6
954 953 5
966 964 6
18 17 6
30 28 5
30 29 6
39 38 5
42 42 6
72 70 4
111 110 5
171 171 5
195 193 5
213 212 4
225 223 5
237 237 5
246 244 6
264 262 5
267 266 5
273 271 4
288 286 6
318 317 6
348 346 6
348 347 5
360 358 4
366 364 5
387 386 5
393 393 6
429 429 5
432 432 5
474 474 6
483 481 4
498 498 4
501 499 6
516 516 4
537 537 5
570 570 6
594 592 5
603 602 4
603 602 6
609 607 6
708 707 5
756 755 4
777 775 5
813 813 6
858 858 5
867 867 5
882 880 6
882 882 5
900 899 5
912 911 5
918 917 6
948 947 5
969 967 6
12 12 5
18 18 5
39 37 5
51 49 4
54 54 5
120 120 6
141 140 6
165 165 4
174 174 6
180 180 5
210 208 5
249 247 5
264 262 5
276 276 5
282 281 5
288 288 6
354 353 5
357 357 5
363 361 5
381 379 5
405 404 6
432 430 6
435 433 6
441 441 5
471 469 6
483 481 6
510 508 5
516 515 5
522 522 5
528 526 5
540 539 5
561 560 4
579 577 5
585 583 6
609 608 5
621 621 6
630 629 5
636 634 5
651 649 5
654 652 5
678 677 4
738 738 5
798 798 6
801 801 6
852 851 4
876 874 5
882 881 6
900 900 5
924 923 6
999 997 6
42 40 4
69 69 5
78 78 5
84 82 5
126 124 6
129 128 5
189 188 6
189 189 6
216 215 6
225 223 4
300 300 6
309 307 6
318 317 5
330 328 5
330 328 6
330 330 6
333 333 5
363 362 5
369 368 6
378 376 5
426 426 5
468 466 5
480 480 5
492 491 5
501 499 6
510 508 6
522 521 5
531 531 6
636 635 5
666 664 4
681 679 5
681 681 4
684 683 6
741 739 6
744 742 4
762 762 4
765 763 4
768 768 5
798 797 5
810 809 5
819 817 4
870 870 4
915 913 5
924 922 6
936 936 5
942 942 6
954 953 4
972 972 5
984 984 5
1002 1000 5
24 23 5
30 30 5
57 55 5
69 69 5
72 70 5
96 94 6
105 104 6
111 110 4
114 114 6
159 158 5
162 162 4
168 166 5
183 181 4
216 214 5
267 265 5
318 318 4
318 318 6
327 325 6
345 344 6
354 353 6
369 369 5
399 399 5
402 402 5
414 413 5
426 425 5
462 460 5
462 460 6
507 507 5
510 510 5
519 517 6
522 521 4
549 549 5
582 582 5
585 585 4
594 593 6
642 642 5
645 645 5
687 687 5
726 724 5
729 729 5
753 752 5
777 776 5
777 777 5
867 865 5
870 869 5
876 875 5
897 897 5
939 937 5
957 957 5
966 964 5
18 18 4
33 31 5
48 47 5
69 67 5
81 81 6
93 92 5
93 92 6
111 109 6
120 118 4
135 134 4
135 134 5
150 150 4
159 159 5
204 203 4
210 208 5
216 216 4
246 245 4
273 271 4
297 295 6
399 398 4
399 399 6
432 431 6
459 459 4
459 459 5
510 510 6
522 522 4
534 533 6
546 545 5
621 619 5
678 678 5
678 678 6
699 699 6
717 717 6
726 724 5
735 734 5
762 761 5
783 782 5
804 803 6
816 816 6
840 840 5
840 840 6
843 843 6
852 852 6
861 859 6
882 880 5
891 890 6
900 898 6
900 900 5
915 915 6
966 964 6
3 3 6
18 18 6
45 45 6
66 65 4
81 79 5
90 89 6
129 129 5
132 130 6
174 173 6
201 200 6
234 233 5
240 239 6
261 260 4
267 266 5
294 294 5
300 299 6
381 380 4
468 466 5
480 479 5
489 488 6
492 490 5
504 503 6
543 543 5
552 551 5
555 554 6
558 557 5
570 570 6
597 596 6
600 598 4
630 628 6
633 633 5
639 638 5
642 640 4
726 724 5
750 749 4
762 761 4
786 785 5
795 793 5
813 811 5
816 814 4
852 850 5
858 858 5
861 860 5
876 875 6
891 890 5
924 922 5
933 933 5
945 944 6
978 976 5
978 978 4
30 29 4
33 33 5
48 48 5
63 63 4
72 70 5
90 90 5
129 127 4
165 163 6
171 171 5
222 222 5
243 241 6
258 257 5
273 273 5
300 298 6
300 300 6
309 307 5
324 323 5
330 328 6
342 342 4
345 343 5
357 355 6
399 399 5
405 403 6
450 449 5
480 479 5
486 485 5
492 490 5
516 516 5
525 524 5
528 528 6
567 566 6
576 574 5
585 585 5
597 596 5
633 632 6
651 651 5
657 656 5
657 657 6
711 710 6
735 734 6
738 737 5
786 785 5
789 789 5
861 859 5
873 872 5
873 872 6
906 904 4
951 949 6
960 959 5
999 999 5
33 32 6
36 36 5
45 44 5
45 45 6
54 54 5
60 59 5
93 93 5
135 135 6
165 164 4
171 169 5
177 176 5
189 187 4
192 190 6
198 198 5
249 248 5
255 253 4
258 258 6
264 262 4
285 285 5
291 291 6
300 298 5
324 324 6
351 351 6
354 352 5
372 372 5
468 468 4
501 501 5
504 504 5
516 514 5
663 661 5
675 673 4
675 675 6
684 684 4
702 702 5
723 721 4
798 798 5
804 802 4
807 806 6
816 816 6
837 837 6
849 847 6
864 863 4
885 884 4
891 890 6
930 930 4
930 930 6
933 933 5
945 943 6
966 964 6
972 972 6
18 16 5
39 37 6
39 37 6
93 93 5
123 121 5
162 161 4
168 168 6
177 176 6
186 186 5
198 197 5
216 215 5
267 267 5
297 295 5
297 296 5
309 307 4
342 341 6
357 357 5
375 374 5
378 378 5
381 381 6
393 393 5
438 438 6
447 447 5
558 556 5
561 559 4
561 561 4
588 586 5
594 592 4
594 594 4
612 612 6
636 636 5
666 664 6
690 690 4
705 703 5
717 717 6
747 747 6
768 766 5
777 777 5
780 778 6
810 810 4
819 819 5
858 858 5
882 881 5
891 890 5
960 958 5
960 958 5
966 964 6
966 965 4
978 978 4
981 979 5
18 18 4
27 26 4
63 63 5
66 65 6
87 85 5
108 106 6
135 134 5
171 169 5
183 182 5
243 241 4
243 241 5
246 246 5
258 256 5
264 262 6
270 269 4
300 299 4
327 326 5
360 359 5
375 373 6
378 378 6
390 388 5
399 398 5
408 408 4
411 411 5
420 419 5
420 420 5
423 423 6
447 446 4
462 462 5
462 462 5
468 468 6
474 473 6
522 521 5
525 524 5
540 538 6
582 581 6
624 624 5
627 625 4
648 646 5
711 709 5
711 709 5
720 719 6
753 751 6
765 763 6
765 764 5
870 868 6
873 871 5
897 895 4
918 918 5
963 961 5
24 24 6
42 41 5
51 51 4
54 54 6
60 58 5
78 78 5
96 94 5
141 141 6
156 155 5
168 166 6
198 198 5
213 213 5
216 215 5
234 233 4
237 235 6
252 252 4
312 310 5
312 312 5
321 321 5
324 324 4
348 348 6
354 353 6
396 394 6
408 406 5
426 426 6
450 449 5
483 481 5
507 505 4
528 526 5
585 584 5
615 615 6
636 635 6
645 645 5
660 660 4
687 685 5
708 707 6
720 720 5
732 730 6
750 750 6
753 751 5
753 752 6
810 810 5
831 831 5
846 844 5
846 844 5
891 890 4
912 911 6
921 921 6
942 942 6
951 949 6
18 18 5
27 27 5
48 48 6
90 90 5
96 96 5
108 106 6
132 130 6
138 137 5
165 165 6
189 188 5
198 197 6
237 236 4
249 247 5
267 266 6
297 295 6
336 334 4
360 360 5
420 418 6
450 450 5
462 462 4
471 469 5
498 497 5
531 529 5
531 530 6
549 549 5
561 561 6
576 574 5
588 586 5
591 591 5
594 593 4
615 614 4
618 616 5
630 628 5
636 634 5
690 689 6
693 692 6
696 695 5
705 705 5
717 717 5
741 739 6
822 820 5
843 843 6
882 880 5
903 902 5
921 919 6
930 929 4
939 939 6
957 955 5
993 991 5
996 996 4
