200 20 497281
10 85 191
10 60 214
10 87 239
10 65 176
10 64 236
10 125 211
10 59 174
10 60 161
10 81 156
10 101 184
10 83 167
10 86 215
10 53 244
10 70 177
10 57 238
10 129 150
10 96 160
10 137 226
10 73 174
10 120 167
501 500 26
3174 3173 26
3576 3575 28
4350 4349 30
5292 5290 33
5817 5816 33
6201 6200 33
6999 6997 26
7872 7870 34
8904 8903 29
1284 1283 28
2244 2242 35
2334 2333 30
5481 5479 27
6303 6302 31
6528 6527 25
6627 6627 27
7746 7745 28
9222 9221 28
9459 9457 25
900 900 29
1935 1934 32
3024 3024 29
6249 6249 34
6321 6319 27
6672 6671 31
7578 7576 31
8697 8697 29
8970 8969 26
9480 9479 31
27 25 25
108 108 29
180 178 32
1710 1708 27
1788 1786 25
2487 2487 33
3459 3458 27
3948 3946 27
4572 4570 27
6579 6577 30
1497 1495 26
2268 2267 25
3138 3138 30
3645 3643 27
4560 4560 33
5040 5039 28
7125 7125 34
7779 7778 30
9624 9622 32
9813 9812 31
660 660 33
690 688 26
2529 2527 31
4449 4449 31
5307 5306 30
5985 5983 31
6981 6979 34
8925 8923 29
8997 8996 28
9369 9367 27
1272 1271 32
3228 3228 26
4110 4108 25
5082 5080 33
5220 5218 27
5643 5641 33
6621 6620 32
9054 9052 34
9255 9253 31
9909 9907 28
57 56 28
630 628 29
1074 1073 27
1218 1216 34
1470 1469 35
1566 1564 34
1893 1892 34
3321 3320 25
5538 5536 26
7443 7441 25
1065 1063 34
3915 3915 28
4062 4062 33
4434 4434 31
4620 4619 25
5268 5267 33
5595 5593 30
5712 5710 34
8076 8076 34
8922 8922 29
915 914 30
2268 2267 31
3195 3195 29
3402 3402 31
4182 4181 34
6327 6326 29
6636 6634 30
7470 7468 26
7884 7884 32
7911 7911 28
1317 1317 32
3456 3454 29
3576 3575 32
3771 3769 25
4626 4626 27
7617 7617 26
8028 8027 34
8649 8647 35
9069 9067 25
9768 9768 33
69 69 31
2091 2090 30
2922 2921 26
3159 3158 34
3792 3791 32
4959 4959 30
5859 5857 25
6366 6366 31
8664 8664 29
8811 8809 33
2148 2148 29
2406 2404 28
3000 3000 33
3579 3577 27
6333 6331 31
6666 6665 33
6813 6812 29
7584 7582 34
8247 8245 33
9942 9942 25
2865 2864 34
3819 3819 30
4509 4509 27
5505 5505 31
6708 6706 32
6843 6843 33
7917 7917 25
7959 7959 28
8076 8076 25
8082 8081 32
786 784 31
990 988 34
2328 2326 34
2556 2555 28
2652 2651 27
4515 4513 32
5766 5764 31
7479 7478 29
8208 8208 33
9513 9511 26
492 490 33
558 557 32
630 628 31
840 839 28
1590 1590 25
3183 3181 26
4254 4253 25
6324 6322 33
7800 7800 28
9648 9647 34
552 550 29
1107 1107 25
2784 2783 28
3987 3985 26
4335 4333 28
5208 5206 32
5952 5952 27
6990 6988 32
7476 7475 30
7932 7932 25
1482 1481 33
2562 2560 34
2748 2746 32
3249 3249 32
3762 3760 30
4899 4899 29
5256 5256 25
5592 5592 31
7890 7888 32
9483 9483 33
192 192 33
2970 2970 35
3216 3214 31
3240 3240 35
5649 5648 32
7233 7233 26
8793 8793 35
8895 8893 34
9342 9342 32
9633 9633 34
102 101 26
1650 1649 31
3039 3039 33
3396 3394 32
6237 6235 34
7443 7442 29
8772 8770 35
8940 8940 28
9276 9276 34
9336 9335 31
