2000 100 4642719
20 78 222
20 66 200
20 93 164
20 141 213
20 94 243
20 112 180
20 127 199
20 97 240
20 60 210
20 60 171
20 104 240
20 139 174
20 86 227
20 94 173
20 56 241
20 88 190
20 58 230
20 75 186
20 132 223
20 120 231
20 91 247
20 112 156
20 118 200
20 115 154
20 85 213
20 83 231
20 123 192
20 131 181
20 102 152
20 80 169
20 56 208
20 75 152
20 58 171
20 136 182
20 62 209
20 137 226
20 85 217
20 133 170
20 124 151
20 82 186
20 64 191
20 55 201
20 64 210
20 98 249
20 90 170
20 60 198
20 147 238
20 86 181
20 96 176
20 104 158
20 129 226
20 103 172
20 118 238
20 120 164
20 72 214
20 100 219
20 53 159
20 86 231
20 131 152
20 61 239
20 93 211
20 133 209
20 149 244
20 141 187
20 96 222
20 148 224
20 108 151
20 80 163
20 129 182
20 103 160
20 134 163
20 54 193
20 121 223
20 138 245
20 131 161
20 96 227
20 142 165
20 87 184
20 128 154
20 137 158
20 139 240
20 142 222
20 58 166
20 149 210
20 63 192
20 84 156
20 91 154
20 81 210
20 84 173
20 117 212
20 104 171
20 116 161
20 125 210
20 51 221
20 134 161
20 117 171
20 77 164
20 88 208
20 92 220
20 118 174
165 165 17
306 305 17
1065 1065 16
1557 1556 15
1854 1853 13
2091 2090 17
2166 2164 14
2283 2283 15
2469 2467 18
2916 2916 17
3975 3973 14
4164 4163 16
4515 4514 13
5031 5029 18
5328 5327 15
6027 6027 16
6627 6625 14
6729 6728 14
8319 8319 16
9330 9330 19
249 248 18
1941 1940 17
2619 2619 14
2775 2775 16
2823 2822 16
3774 3772 17
4194 4193 15
4269 4269 18
4392 4392 17
5472 5471 13
6219 6219 15
6561 6559 16
6591 6590 14
6981 6980 18
7086 7085 18
7632 7630 18
8499 8497 15
8646 8644 15
8733 8732 18
8979 8977 16
714 713 16
891 891 16
999 998 16
1092 1091 17
1638 1637 18
2037 2037 16
2973 2971 16
4713 4711 16
4806 4805 17
4977 4976 16
5580 5578 16
5817 5817 17
5874 5873 16
6150 6150 15
6213 6211 16
7362 7360 15
7581 7581 17
7674 7673 15
7980 7979 15
7983 7981 18
561 559 19
1002 1002 16
1956 1954 16
2157 2156 17
2643 2642 16
3813 3812 15
4362 4362 18
5661 5659 14
6009 6007 17
6090 6088 18
6279 6278 18
6429 6427 15
7101 7100 14
7212 7210 15
7260 7259 16
7293 7292 19
7782 7780 18
8481 8479 15
9123 9122 17
9489 9488 17
594 593 15
822 821 14
1137 1136 18
2007 2006 15
2433 2433 16
3681 3680 18
3759 3757 18
3891 3891 14
4836 4835 15
5406 5406 19
5553 5552 14
6111 6111 15
6243 6241 18
6654 6654 14
8055 8054 19
8067 8067 15
8841 8839 16
9051 9049 15
9249 9248 14
9720 9720 17
402 400 15
651 651 14
1194 1192 16
1305 1305 18
1608 1608 14
1740 1740 16
2097 2096 15
2934 2933 17
3117 3117 18
3132 3132 15
6231 6229 14
6966 6966 16
7458 7456 15
7464 7463 17
8118 8117 16
8142 8140 15
8340 8340 14
8718 8717 14
9396 9395 14
9591 9589 17
222 220 14
651 649 17
654 654 17
1413 1411 14
1677 1677 14
2154 2154 16
2316 2316 13
2394 2393 17
2814 2813 18
3147 3146 13
3678 3677 13
3930 3929 18
4569 4567 16
5223 5221 18
5700 5699 15
5964 5963 19
6381 6379 15
7341 7339 18
8568 8566 17
8988 8988 14
597 596 14
765 763 17
1065 1065 16
2052 2050 14
2073 2073 17
2190 2188 13
2346 2345 17
2487 2486 16
3243 3241 19
3897 3896 18
4011 4010 15
4431 4429 17
4767 4765 17
5166 5166 17
6312 6312 17
6957 6956 16
8589 8587 17
8886 8885 17
9396 9395 19
9672 9672 17
444 444 17
2106 2106 17
2754 2752 16
3171 3170 18
3273 3272 15
4272 4272 17
4593 4593 14
4953 4953 18
5763 5763 18
5802 5800 18
6234 6234 15
6693 6693 18
6804 6804 16
7926 7924 15
8013 8012 17
8178 8178 13
8214 8214 16
8286 8286 16
8727 8725 17
9147 9146 15
129 129 17
345 345 18
570 569 17
1710 1709 18
2334 2332 16
3456 3454 15
3798 3798 14
4032 4030 16
4242 4242 13
4512 4511 18
4899 4898 16
4968 4967 15
5268 5267 19
5694 5693 14
6273 6273 17
7215 7213 18
8328 8327 18
8520 8518 16
8985 8984 16
9324 9323 16
123 122 18
1104 1103 17
1503 1503 16
1554 1553 13
1833 1831 16
2022 2020 15
2667 2667 18
3192 3190 18
3339 3339 13
3978 3976 14
4083 4082 17
5913 5913 18
7056 7054 19
7599 7598 16
8481 8479 15
9027 9025 16
9168 9168 17
9468 9467 18
9480 9480 14
9996 9996 15
1260 1259 16
1668 1667 17
2718 2717 17
3126 3124 17
3297 3295 16
3585 3583 13
3621 3619 16
4548 4548 15
4929 4928 17
5436 5435 18
5541 5541 16
5712 5711 14
6795 6793 15
7092 7090 18
7335 7334 16
7431 7431 18
8955 8953 19
9084 9083 17
9414 9413 18
9714 9714 18
636 635 16
1035 1034 16
1065 1063 15
2061 2061 14
2148 2146 14
3531 3529 16
4353 4352 14
4650 4650 18
5004 5002 15
5097 5096 18
5412 5411 16
5577 5576 18
5787 5785 18
6855 6854 18
7440 7439 18
8712 8712 14
8718 8718 17
8991 8990 15
9549 9547 15
9843 9841 17
399 397 13
477 476 17
1152 1150 18
1173 1173 16
1341 1340 14
3171 3169 13
4272 4270 19
4296 4296 14
5142 5140 18
5487 5485 13
6045 6045 17
6249 6248 19
7149 7147 15
7413 7412 14
7749 7748 16
8391 8389 15
8436 8436 18
8682 8681 17
9630 9630 16
9654 9653 17
549 547 15
714 714 14
846 846 15
1125 1123 16
1128 1128 13
1554 1553 16
1572 1570 16
1872 1871 14
2670 2670 15
3594 3593 15
3684 3682 16
4143 4142 16
4557 4556 17
5553 5551 18
6087 6086 16
7536 7534 16
8253 8253 15
8862 8860 18
8910 8908 13
9852 9851 15
318 318 14
420 418 18
1071 1070 14
1578 1577 17
1611 1610 15
1926 1924 16
3225 3225 18
3423 3421 14
4092 4090 16
4341 4341 14
4650 4650 16
4668 4668 16
4674 4673 17
5076 5076 17
5475 5475 16
6828 6827 18
8127 8127 16
8394 8392 18
9486 9485 19
9999 9999 17
723 722 16
951 950 15
1386 1384 15
1527 1525 17
3690 3690 17
4083 4081 18
4083 4082 13
4743 4743 14
5487 5486 14
6699 6699 15
6792 6792 15
6813 6813 18
6897 6897 18
7314 7313 18
7527 7527 18
7995 7994 15
7998 7998 18
8028 8027 17
8217 8217 13
8460 8458 18
2262 2260 15
2922 2921 14
3384 3383 17
3420 3418 16
4767 4766 16
5598 5597 18
5961 5960 15
6006 6005 17
6204 6202 15
6357 6357 16
6411 6409 18
6552 6552 17
6633 6631 16
6834 6833 13
6930 6930 18
7572 7571 15
7701 7700 16
7845 7843 13
9846 9846 14
9921 9919 18
288 288 15
387 386 17
651 649 14
1650 1648 14
2082 2081 17
4152 4150 17
4755 4754 13
4875 4873 19
4989 4987 15
5019 5018 17
6000 6000 17
6372 6370 17
6879 6877 16
7083 7082 17
7278 7278 16
7659 7658 15
8823 8823 16
9120 9120 15
9315 9314 16
9537 9536 14
309 309 14
441 440 17
840 839 13
1086 1086 19
1122 1121 16
1350 1350 13
1713 1711 17
2430 2428 16
3057 3057 18
3702 3700 14
4716 4716 17
5283 5283 18
6102 6102 15
6639 6639 17
6942 6940 14
7587 7586 16
7809 7807 18
8139 8139 16
9378 9377 16
9993 9993 16
993 992 15
1077 1075 17
1197 1196 18
1572 1571 14
1728 1728 14
1833 1833 18
2130 2130 18
2835 2835 15
2877 2875 17
3141 3141 16
3405 3403 18
4389 4389 17
5400 5400 18
6462 6461 15
6636 6635 16
7359 7359 17
7683 7681 17
7998 7997 18
8820 8819 18
9096 9095 14
960 960 17
1953 1952 16
2163 2161 17
2277 2277 17
2946 2946 18
3363 3361 18
3456 3456 15
3567 3567 17
4401 4401 17
4557 4556 18
4680 4678 18
5577 5575 14
5868 5866 16
6222 6220 16
6267 6265 14
6459 6458 14
7035 7033 16
7038 7037 14
7113 7111 17
7830 7830 16
186 185 18
600 600 18
702 700 14
741 740 17
1326 1325 17
1824 1824 18
2583 2581 17
2583 2582 15
3597 3597 16
3648 3648 15
5751 5749 14
5898 5898 17
5997 5996 15
6252 6250 18
6399 6399 15
6579 6577 15
7455 7453 15
8016 8016 15
9213 9213 17
9849 9848 15
3534 3533 16
3600 3599 14
3642 3641 15
3954 3954 15
4467 4467 18
4725 4725 14
5031 5029 18
5382 5380 17
5811 5809 17
7008 7006 15
7086 7085 16
7386 7385 19
7686 7684 13
7995 7995 18
8328 8326 15
8772 8772 15
8880 8878 16
9591 9591 18
9669 9667 14
9672 9672 18
678 676 14
696 696 14
747 747 16
1230 1228 18
1608 1607 18
1836 1834 16
2103 2103 18
3024 3022 17
3096 3094 14
3111 3110 18
3327 3325 16
4626 4625 18
4758 4756 15
4863 4861 19
4875 4875 19
5943 5941 16
6129 6129 17
8064 8064 13
8406 8406 15
9801 9799 17
411 410 14
891 891 14
2049 2047 18
2916 2914 15
4410 4409 13
5217 5217 15
5835 5835 15
6051 6051 14
6201 6199 13
6855 6854 17
7236 7234 17
7722 7721 13
8139 8137 18
8421 8421 13
8763 8763 18
9048 9046 16
9099 9098 14
9348 9346 14
9642 9640 15
9657 9655 14
345 345 14
540 540 15
693 691 14
921 920 17
2871 2870 16
2871 2871 18
2895 2895 15
4242 4242 15
4398 4398 18
4716 4716 19
4719 4719 18
4827 4827 16
5208 5206 18
5310 5310 19
6060 6059 15
7317 7317 14
7320 7320 13
7656 7656 15
8427 8426 18
9132 9131 15
1323 1323 17
2604 2603 18
3066 3065 15
3162 3160 17
3228 3226 17
3537 3535 18
3741 3740 14
4425 4424 18
5073 5072 17
5391 5389 16
5445 5445 18
5679 5678 19
7614 7612 18
7935 7933 17
8715 8715 18
8754 8752 18
8769 8769 14
9102 9100 14
9549 9548 15
9843 9843 17
855 854 18
912 910 15
1602 1600 15
2709 2708 17
3444 3442 17
4113 4112 17
4164 4164 14
4683 4683 17
5025 5024 17
5844 5843 17
5982 5981 13
6078 6076 17
6231 6230 18
6987 6986 18
7836 7834 16
8103 8103 18
8643 8641 18
8871 8871 18
8973 8972 18
9768 9767 15
291 289 14
1008 1007 16
1191 1190 15
1791 1789 15
3069 3069 17
3741 3741 14
3894 3892 18
3972 3970 14
3993 3993 13
4980 4978 15
5643 5643 14
6366 6364 17
7401 7399 17
7818 7817 17
8118 8116 14
8244 8242 15
8412 8410 17
8460 8458 15
8721 8719 14
9573 9572 16
108 106 17
264 262 18
759 758 13
774 773 14
1128 1126 16
2091 2091 15
2991 2990 13
3072 3070 16
3216 3215 17
5799 5797 17
5946 5944 19
5976 5976 14
6081 6081 17
6336 6335 13
6438 6436 18
7017 7017 19
7557 7556 14
8079 8078 15
8211 8211 15
8649 8648 16
1161 1160 16
1455 1453 18
2253 2252 16
2358 2357 15
2559 2559 16
2601 2599 18
2709 2709 17
3060 3059 16
3522 3521 17
4020 4019 14
5178 5177 14
5298 5298 14
5415 5414 15
5457 5455 14
5667 5665 17
6540 6540 16
7491 7491 16
8730 8730 18
8838 8837 16
9672 9671 18
624 622 16
729 727 19
831 830 13
1362 1361 19
1842 1842 14
1929 1928 15
4836 4835 14
5364 5363 16
5991 5989 14
6168 6167 15
6333 6331 16
6474 6473 18
6957 6957 17
7359 7358 13
7635 7633 18
8067 8067 17
8130 8129 16
9312 9312 18
9723 9723 18
9948 9948 18
144 143 17
582 582 14
714 713 15
2262 2262 13
3660 3659 18
3972 3970 18
4134 4132 13
4494 4493 16
5892 5890 13
6237 6235 16
6450 6449 16
6480 6479 16
6885 6883 17
7464 7464 17
7665 7664 16
7776 7775 15
8511 8509 14
8649 8647 18
8817 8815 16
9903 9903 16
1995 1994 16
2028 2026 16
2163 2162 17
2232 2230 18
2715 2715 14
3384 3383 14
4317 4316 14
4665 4663 13
5124 5122 14
5883 5881 18
6432 6430 13
6891 6889 18
7506 7504 15
7521 7521 15
7548 7547 18
8187 8187 15
8373 8371 18
8640 8640 17
8820 8820 16
9708 9707 17
444 443 15
1476 1476 19
1893 1891 15
2649 2647 17
3450 3448 18
3456 3454 17
3963 3961 16
4182 4180 18
4668 4668 18
5271 5271 15
6693 6691 15
6858 6857 17
7290 7289 17
7614 7612 17
7785 7783 19
8157 8157 15
8469 8468 18
8817 8817 14
8889 8889 14
9420 9418 16
1017 1017 13
1185 1183 16
1290 1290 16
1653 1651 17
1767 1767 16
2469 2469 14
4140 4139 15
4737 4736 17
5112 5110 17
6090 6090 14
6261 6260 16
6450 6449 15
6756 6754 14
6951 6951 15
7182 7182 17
7203 7202 14
7485 7485 13
8958 8957 17
9411 9409 17
9567 9566 17
390 389 18
777 777 17
909 907 17
1704 1702 19
2034 2032 14
2100 2099 15
2226 2225 18
2346 2345 14
2367 2365 15
3441 3439 15
4506 4505 17
4887 4885 15
5580 5579 14
6147 6147 14
6588 6586 17
6864 6862 14
8538 8538 16
8718 8717 16
9615 9615 18
9729 9727 16
534 532 16
1227 1227 14
1344 1343 17
1806 1805 14
1806 1805 15
3003 3002 16
3183 3182 14
4419 4418 16
5673 5671 17
5814 5813 15
6243 6241 14
6363 6362 17
6678 6678 14
7158 7158 18
7413 7413 18
8190 8189 18
8211 8211 13
8460 8460 16
9465 9464 14
9471 9469 14
111 109 16
1716 1715 14
2430 2430 15
2547 2547 16
2922 2921 17
4026 4024 18
4581 4581 18
4650 4649 18
4671 4669 15
4704 4702 15
4707 4705 14
4722 4720 13
5208 5208 15
5256 5256 14
6270 6268 14
7014 7012 17
7248 7248 17
7602 7602 15
8088 8086 17
8802 8800 17
1539 1538 16
2220 2219 16
2703 2703 18
3225 3223 15
3876 3874 16
3936 3935 16
4005 4004 16
5481 5479 16
5565 5563 15
5643 5643 15
6099 6097 17
6987 6986 16
6990 6989 18
7395 7394 15
7617 7616 15
7818 7816 15
8241 8241 16
8421 8419 14
9720 9720 15
9741 9739 17
831 830 14
954 953 14
1164 1162 16
2040 2039 16
2097 2095 15
2631 2629 18
2880 2879 17
3804 3804 14
4347 4346 18
4908 4908 18
4977 4975 17
5301 5301 18
5313 5313 16
5481 5480 17
5655 5655 17
5880 5878 16
6282 6281 14
6399 6398 14
8049 8048 15
9096 9094 16
1005 1004 16
1041 1041 16
1278 1278 17
1569 1569 15
2013 2011 17
2253 2251 16
4899 4897 14
5277 5275 16
5478 5476 18
5766 5766 14
6219 6218 18
6426 6426 18
6714 6712 18
6861 6860 16
7833 7832 18
8403 8403 18
9513 9511 13
9681 9681 18
9714 9712 17
9765 9764 13
675 675 17
1254 1254 17
1362 1362 16
1863 1862 14
2283 2282 15
2391 2390 14
2406 2406 15
4155 4155 18
4518 4518 14
4839 4837 16
5823 5822 18
5958 5957 14
6252 6252 17
7218 7218 17
7689 7688 14
7839 7837 17
8208 8206 16
8427 8425 18
8508 8506 17
8568 8568 18
165 163 16
252 252 16
294 293 17
645 643 16
1056 1055 19
1074 1073 18
1860 1858 18
1860 1860 16
2499 2497 16
3039 3038 14
3648 3648 16
3993 3993 19
4473 4472 13
5382 5380 18
5961 5960 18
6450 6448 16
6744 6744 16
7389 7388 18
9063 9063 13
9411 9410 18
174 173 14
435 433 16
504 503 15
1035 1034 14
2535 2533 16
3018 3016 15
3276 3275 15
3414 3414 14
3882 3881 17
4260 4259 14
4539 4537 13
4653 4653 17
5034 5032 17
5322 5320 16
7206 7206 14
7425 7423 14
9222 9221 18
9261 9260 18
9696 9696 17
9834 9832 19
42 42 14
480 480 16
996 995 16
1143 1143 19
3405 3403 15
4371 4370 17
4473 4472 17
5091 5089 18
5223 5223 15
5727 5727 17
6465 6463 15
6981 6981 15
7047 7046 14
8580 8578 14
8724 8724 17
8787 8787 16
8952 8950 15
9297 9297 17
9756 9754 14
9840 9838 17
96 94 15
486 486 15
588 586 14
831 830 15
1992 1991 18
2259 2259 16
3111 3111 14
3297 3296 15
3363 3362 18
3519 3519 16
4806 4805 14
4989 4988 14
5496 5494 14
5667 5665 18
5679 5678 16
6306 6306 18
6486 6484 15
6528 6526 18
9033 9031 15
9681 9679 17
1905 1904 14
2658 2656 13
2973 2972 17
3051 3050 18
3912 3910 15
5316 5314 17
5706 5704 18
6174 6173 14
6555 6553 18
6789 6788 14
6864 6863 14
6921 6920 13
7023 7023 18
8202 8202 15
8268 8266 16
8313 8312 16
8508 8508 17
8568 8567 15
9093 9091 18
9180 9180 16
183 181 14
642 642 18
903 902 18
1068 1066 13
1569 1567 16
1884 1883 15
1938 1938 19
2880 2880 18
3018 3017 13
3576 3575 15
4506 4505 13
4764 4762 16
6003 6002 17
6150 6148 18
7239 7237 16
7854 7854 15
8490 8490 17
9315 9313 15
9666 9664 18
9882 9881 16
75 75 18
477 477 17
1398 1397 15
1398 1398 13
1731 1730 19
2256 2255 16
2319 2318 17
3177 3175 17
3375 3374 19
4053 4051 17
4962 4961 16
5343 5342 18
5790 5788 17
7011 7010 16
7407 7406 17
7665 7665 15
7773 7772 14
8319 8317 14
8649 8649 17
8889 8889 17
105 103 16
288 287 16
690 688 17
765 765 16
1254 1254 16
2271 2269 15
2706 2706 15
4941 4939 17
5217 5217 14
6498 6497 18
6879 6877 13
6975 6974 14
7416 7416 18
7635 7634 16
8250 8248 17
8523 8523 17
9174 9174 14
9441 9440 15
9603 9602 14
9927 9927 14
714 712 15
1176 1174 16
1446 1444 15
1671 1670 14
2136 2134 15
2709 2708 18
2973 2973 15
3111 3110 17
3336 3334 15
3651 3650 15
4071 4070 18
4344 4344 14
4890 4890 14
5901 5899 17
6456 6454 18
6633 6632 17
7329 7328 18
8127 8127 14
8211 8209 18
8385 8385 14
627 627 17
693 691 18
714 713 15
1113 1113 17
1395 1395 13
2043 2041 14
2055 2054 14
2322 2321 17
2529 2528 18
5421 5421 15
5826 5825 17
7563 7562 14
7698 7697 13
7713 7711 14
8022 8021 19
8487 8486 18
9108 9107 15
9213 9213 14
9348 9348 15
9417 9415 18
582 581 16
984 983 16
1758 1756 17
1761 1760 18
2169 2169 15
3594 3593 16
3642 3641 18
3807 3806 16
4014 4013 18
5850 5850 14
7293 7292 14
7410 7409 15
7425 7423 17
7782 7781 18
8325 8324 15
8454 8454 16
8877 8876 18
8910 8908 18
9777 9777 14
9948 9948 15
120 119 15
567 566 19
1053 1053 13
1575 1573 17
1665 1665 15
1731 1729 16
2913 2913 13
2922 2922 18
3774 3772 16
3858 3857 14
4821 4820 17
5367 5367 15
6150 6150 14
6789 6788 13
7356 7355 15
8076 8074 18
8436 8435 18
9012 9012 14
9198 9198 16
9306 9305 16
375 373 13
858 856 17
1227 1227 14
1329 1329 15
1740 1739 16
2673 2671 15
2688 2688 14
3363 3361 16
3957 3956 18
4128 4128 15
4365 4364 19
4569 4569 15
5724 5722 19
5844 5844 14
6828 6827 16
7101 7101 17
7386 7384 15
7905 7904 13
9045 9044 16
9201 9200 14
729 728 13
1353 1352 17
1677 1675 15
2610 2610 15
2775 2774 18
3918 3918 18
4008 4007 18
4158 4157 18
4914 4912 17
5256 5255 14
6426 6425 14
6963 6963 18
7092 7091 14
7293 7293 18
7551 7550 18
7572 7571 17
7728 7728 14
8376 8376 15
8517 8517 15
9003 9002 17
138 138 17
354 352 18
747 745 18
1584 1582 17
1917 1917 17
2109 2107 15
2475 2475 14
2865 2864 14
3126 3126 16
5091 5089 18
5649 5647 18
5724 5724 15
6891 6890 18
8376 8375 14
8571 8571 16
9090 9089 17
9447 9445 17
9465 9465 16
9585 9585 17
9975 9975 18
555 555 15
1644 1643 15
2322 2320 15
2718 2716 19
3267 3266 15
3492 3491 16
3897 3897 16
5307 5306 18
6057 6055 17
7554 7554 15
7638 7636 16
8145 8145 16
8184 8184 16
8622 8622 15
8784 8783 15
8973 8973 17
9270 9270 16
9321 9319 16
9522 9520 16
9795 9795 18
153 153 18
423 422 15
687 687 18
4179 4177 18
4206 4205 15
4287 4285 19
4881 4880 16
4959 4957 17
5412 5411 17
5481 5479 16
5886 5885 14
6498 6496 17
7461 7459 17
7833 7833 14
8553 8553 18
8952 8951 14
8973 8972 17
9300 9299 17
9522 9520 18
9729 9728 17
222 220 17
570 569 17
1302 1300 16
2301 2299 16
2697 2697 18
3342 3340 14
4017 4016 18
4299 4299 15
4518 4516 18
4788 4786 16
5298 5296 17
5544 5543 14
5892 5890 14
6204 6204 16
6768 6768 17
7071 7070 17
7341 7339 16
8913 8913 14
9531 9529 13
9537 9537 15
1473 1471 17
1476 1475 18
2049 2048 16
2286 2286 18
2298 2298 15
2613 2613 14
2793 2791 18
3189 3189 17
3348 3346 19
3819 3818 17
4392 4390 16
4869 4869 14
4947 4947 15
5034 5033 16
5562 5560 18
6285 6283 17
8691 8690 17
9210 9210 14
9393 9392 19
9816 9816 16
414 413 15
1083 1082 18
1593 1593 17
2274 2274 18
2286 2285 18
2694 2693 17
2820 2820 19
2844 2843 17
3222 3222 18
3819 3818 16
4254 4254 14
5073 5072 15
6243 6242 17
6528 6528 15
8427 8427 18
8706 8704 13
8925 8925 14
9549 9548 15
9906 9904 15
9990 9990 15
336 336 16
447 445 16
843 843 14
1917 1917 18
3027 3025 15
3711 3710 18
3729 3729 18
4116 4116 14
4188 4187 15
4506 4505 16
4569 4569 18
5451 5451 17
5946 5944 15
6012 6011 14
7038 7037 18
7248 7246 17
7605 7605 18
7713 7713 18
7962 7961 15
9027 9025 15
336 336 15
618 618 13
807 805 17
1074 1073 18
1653 1652 18
1725 1724 15
2244 2243 17
2289 2288 17
2481 2479 14
3048 3048 15
3411 3409 17
3555 3553 18
4431 4430 14
4674 4673 15
5541 5541 17
6876 6875 17
7557 7556 18
8085 8085 13
8664 8664 15
9438 9436 13
297 296 16
522 520 14
549 547 17
660 659 14
1035 1033 18
3024 3022 16
3693 3692 17
3804 3804 16
4605 4605 14
5712 5712 17
5793 5792 18
6480 6479 15
7167 7166 17
7653 7652 16
8223 8223 15
8409 8409 16
8766 8764 14
9120 9119 15
9450 9450 15
9528 9527 17
942 940 15
1824 1822 15
2139 2137 14
2403 2401 14
2421 2421 17
2571 2570 17
2637 2635 14
2877 2875 16
3285 3284 13
4497 4497 18
4584 4582 18
5097 5095 15
6114 6112 14
6258 6258 18
6795 6793 18
7443 7441 13
7983 7983 14
8961 8961 16
9711 9710 17
9912 9910 14
564 563 15
576 576 17
2241 2241 16
2880 2880 16
3606 3605 14
3822 3821 16
4824 4822 14
4830 4829 16
6198 6196 16
6282 6281 16
7620 7620 16
7785 7785 17
8100 8099 16
8196 8194 15
8319 8318 14
9168 9168 16
9288 9288 16
9453 9453 19
9537 9535 15
9606 9604 16
786 785 15
876 876 15
1113 1111 16
2109 2107 18
2133 2132 18
2196 2196 18
2391 2391 15
2400 2399 17
3456 3454 19
4305 4304 14
4857 4857 17
4938 4937 15
5409 5407 17
6219 6217 18
6360 6360 13
8223 8221 14
8535 8533 14
9174 9173 17
9495 9494 14
9654 9654 16
9 9 15
783 783 16
1776 1776 15
2796 2794 14
2925 2924 16
3111 3111 18
3591 3589 17
4254 4253 16
4638 4638 13
4770 4770 15
5076 5075 16
6711 6710 13
6894 6892 16
7026 7026 15
7125 7125 14
8001 7999 18
8358 8356 17
8364 8364 15
9198 9198 18
9723 9722 16
123 121 15
360 359 16
561 561 17
1866 1866 14
2004 2003 14
5931 5929 14
6237 6237 18
6504 6504 17
6753 6753 15
6882 6880 13
7101 7101 14
7149 7148 14
7857 7856 14
7941 7941 18
8319 8318 18
9009 9008 17
9387 9387 18
9615 9615 19
9690 9690 18
9786 9784 16
312 312 19
408 407 18
579 578 18
1578 1578 15
1614 1612 18
1773 1773 16
1914 1912 18
2016 2016 13
3459 3459 15
5220 5218 15
5454 5454 13
5769 5769 17
5943 5943 18
6246 6244 15
6903 6901 19
7566 7565 14
8484 8482 16
9060 9060 14
9102 9102 16
9675 9673 15
411 410 16
717 717 15
1293 1293 15
1503 1501 17
1629 1627 14
2346 2344 16
2853 2853 18
3360 3358 16
3759 3758 18
5838 5837 16
5964 5964 14
5970 5970 15
6321 6321 15
6498 6496 17
7773 7771 16
8004 8002 18
8886 8886 16
8973 8972 16
9201 9201 18
9468 9467 15
144 144 18
195 195 17
591 591 16
1326 1326 15
2616 2615 14
2655 2655 14
2979 2979 17
3096 3094 17
3441 3440 14
3501 3501 18
3768 3767 14
4164 4162 13
4197 4197 17
4560 4560 18
5154 5153 17
6261 6260 17
7194 7192 16
8865 8865 14
8889 8889 17
9882 9881 14
612 612 19
1704 1702 17
1806 1806 17
2103 2101 18
3360 3358 18
3453 3453 13
3795 3795 13
3999 3999 14
5130 5128 16
5529 5527 18
6489 6488 18
6801 6799 18
7434 7434 14
8121 8120 17
8163 8162 18
8307 8306 16
8559 8558 16
8859 8859 14
8910 8908 14
9606 9604 14
207 206 18
348 346 15
729 727 18
1467 1466 14
1611 1610 15
1659 1658 15
1707 1707 16
2520 2518 18
2901 2899 14
3870 3869 18
4545 4543 16
4551 4549 15
5301 5299 14
5847 5847 13
5880 5880 17
6261 6259 16
7629 7629 18
8421 8419 16
8637 8635 17
9801 9799 14
534 532 15
1014 1014 19
1311 1311 16
1434 1434 15
1467 1466 18
4671 4671 18
5232 5232 14
5343 5342 18
5832 5832 18
5838 5837 15
5985 5983 13
6093 6093 18
6114 6112 14
7161 7161 14
8703 8702 14
9114 9112 18
9348 9348 19
9591 9591 19
9885 9885 16
9915 9915 14
174 172 15
408 407 15
573 571 14
1134 1132 16
1269 1269 17
1272 1270 18
1944 1944 15
1947 1945 16
2925 2923 15
3120 3120 17
4419 4418 14
4515 4515 14
4542 4540 17
5865 5864 17
6135 6135 16
7158 7157 14
8016 8014 18
8622 8621 14
8736 8735 14
9381 9379 17
186 185 18
927 926 17
1317 1316 18
2808 2807 19
3087 3086 18
3222 3220 17
3522 3520 16
5781 5780 17
5940 5940 14
6255 6254 17
6441 6441 16
7509 7507 13
7941 7941 15
8154 8154 18
8733 8733 18
8802 8802 15
9192 9191 17
9417 9416 17
9759 9758 18
9996 9995 17
192 191 17
810 808 16
2409 2407 14
3702 3701 18
4107 4107 16
5406 5406 17
6243 6241 16
6630 6629 18
6975 6974 16
7248 7247 14
7344 7343 13
7644 7643 16
7701 7700 17
7974 7973 19
7980 7978 17
8301 8301 17
9612 9610 18
9642 9641 17
9879 9877 13
9897 9896 16
39 39 16
885 884 17
978 978 15
1833 1831 17
1995 1995 18
2124 2124 16
3078 3076 17
4248 4247 14
4713 4712 18
4758 4757 14
4842 4842 13
4854 4852 14
4980 4978 17
5646 5646 14
6144 6143 15
6714 6712 17
8712 8711 17
9444 9442 14
9618 9617 16
9933 9932 16
9 7 14
876 874 17
1098 1096 14
1674 1674 15
2094 2093 15
2826 2825 18
3465 3464 15
3822 3821 17
4032 4031 18
4287 4285 18
5343 5342 15
5712 5710 17
6933 6931 16
7026 7024 18
7026 7026 16
7476 7475 19
8070 8068 18
9855 9855 18
9858 9856 16
9894 9892 14
309 308 17
318 318 17
1131 1129 18
1161 1160 19
1917 1917 18
1965 1964 14
4272 4272 18
4593 4591 15
4962 4960 16
5115 5115 15
5169 5168 16
5829 5827 17
6393 6392 18
6543 6541 15
7872 7871 15
7974 7973 14
8745 8744 19
9303 9301 14
9747 9745 19
9825 9823 14
36 34 18
336 335 15
900 900 15
921 919 18
1152 1150 19
1413 1412 16
3285 3285 17
3795 3794 16
3843 3843 13
4047 4046 18
4443 4441 17
5982 5981 15
6099 6097 18
6171 6169 19
6579 6578 13
8208 8207 16
8226 8224 18
8739 8739 16
9105 9103 16
9561 9561 16
906 905 18
3129 3128 17
3228 3228 18
3276 3276 17
3825 3825 14
4209 4208 15
4266 4265 18
4365 4365 16
4452 4450 15
4476 4475 17
4956 4954 13
6423 6422 14
6534 6532 14
6699 6697 18
6807 6805 17
7044 7043 18
8355 8355 16
9294 9292 14
9510 9508 14
9726 9725 17
240 239 15
1896 1894 14
1956 1955 14
2424 2424 14
2583 2581 18
3042 3042 17
3510 3508 17
4434 4434 14
5982 5980 15
6036 6035 15
6498 6497 17
6621 6619 18
7419 7419 16
8031 8029 18
8472 8471 17
8805 8805 15
9285 9283 15
9315 9313 18
9438 9437 15
9858 9856 15
162 160 14
1446 1445 13
2466 2466 17
2616 2615 17
3123 3123 14
4107 4105 16
4542 4541 14
4941 4940 17
6075 6073 13
6438 6437 16
7161 7160 15
7218 7218 17
7461 7461 18
7533 7531 15
7923 7921 16
8226 8226 14
8520 8520 13
9258 9258 14
9330 9328 14
9351 9350 18
600 600 18
942 941 14
1137 1135 17
1521 1519 15
1641 1641 14
2073 2073 15
2262 2262 16
2451 2449 19
2481 2481 18
4176 4175 16
5727 5725 17
5739 5738 17
6939 6938 16
7020 7020 16
7104 7102 18
7332 7332 18
7485 7483 15
7638 7637 15
8679 8678 16
9690 9690 13
438 438 14
1305 1303 15
1710 1709 18
2346 2344 18
2421 2421 16
2424 2423 18
2736 2736 14
2931 2930 19
2949 2949 16
3318 3316 15
3735 3733 19
4353 4352 18
4707 4706 13
5133 5131 18
5565 5564 18
5766 5766 16
7425 7425 15
9399 9399 18
9585 9584 18
9741 9740 16
9 8 13
750 748 16
1359 1359 16
1647 1647 15
1716 1715 18
3207 3205 14
3630 3628 14
4044 4044 13
4218 4216 16
4518 4517 16
4578 4577 14
4668 4667 15
4821 4821 15
4851 4849 16
6408 6407 15
7182 7180 18
8433 8433 16
8646 8645 15
9897 9895 15
9972 9970 16
129 129 14
1035 1034 16
1248 1247 15
1332 1330 13
2067 2067 16
2508 2507 14
2811 2809 17
5313 5313 15
5607 5605 15
5688 5687 16
6126 6126 17
6636 6634 15
7137 7135 14
7404 7404 16
7635 7633 16
8646 8644 18
9231 9229 16
9570 9569 15
9861 9861 17
9885 9884 17
987 987 16
1014 1014 13
2838 2838 14
2895 2894 15
4182 4180 18
4911 4911 18
4953 4951 14
5574 5573 19
6189 6189 14
6306 6305 15
6342 6342 17
6642 6641 14
7308 7307 15
7659 7659 17
8055 8055 17
8232 8232 18
8460 8459 18
8601 8601 15
9243 9242 13
9501 9499 16
297 297 15
624 624 13
1602 1601 16
1737 1735 17
2115 2114 15
2229 2228 17
2280 2279 16
2424 2422 15
3339 3337 15
3738 3737 17
3846 3846 19
3966 3966 19
4323 4322 16
4698 4697 14
7104 7103 17
8316 8315 15
8346 8346 18
8430 8428 15
8601 8600 16
8664 8664 15
1005 1004 14
1749 1749 18
2010 2008 17
2448 2447 19
2934 2932 18
3783 3782 15
3909 3907 15
5502 5502 15
5547 5545 17
5703 5702 16
6102 6100 16
6531 6529 16
6729 6727 16
7530 7529 15
7533 7531 14
7710 7709 18
8481 8480 18
8919 8917 18
9402 9402 17
9816 9816 15
567 566 18
870 869 19
987 985 16
1749 1747 16
2058 2058 13
2133 2133 16
2574 2574 13
2820 2820 14
3201 3200 16
3537 3536 15
4098 4096 18
4308 4307 14
4347 4347 14
5208 5206 14
5628 5628 17
7248 7248 14
7527 7526 15
8451 8449 13
9132 9131 16
9771 9770 17
33 31 17
942 942 18
1173 1172 17
2535 2533 15
2586 2584 18
2766 2765 16
3654 3654 16
4230 4229 18
4935 4933 18
5751 5750 18
6057 6055 17
6393 6392 14
6630 6628 18
6867 6867 18
8148 8148 19
8154 8154 16
8247 8246 15
9750 9748 14
9834 9833 18
9921 9919 14
288 287 16
774 774 18
798 797 17
885 885 18
1257 1256 14
2532 2530 17
2532 2530 17
4836 4835 15
5235 5235 14
6516 6515 14
7188 7186 19
7779 7778 14
8127 8126 18
8661 8661 14
8712 8712 15
9231 9230 14
9258 9257 18
9453 9453 14
9864 9863 15
9996 9996 15
207 205 14
1326 1326 18
1704 1703 16
2628 2626 15
3027 3025 18
3711 3710 18
4386 4386 13
4389 4389 18
4782 4781 15
4881 4880 17
4962 4960 14
6120 6119 14
6282 6282 18
6747 6746 15
8715 8713 14
8982 8980 14
9003 9001 18
9525 9523 18
9882 9882 18
9996 9995 16
387 387 16
549 547 19
723 722 14
969 969 13
1200 1200 18
2994 2992 16
3417 3415 14
3786 3784 16
4284 4283 16
4314 4312 17
4593 4592 18
5253 5253 17
6120 6120 14
6264 6263 15
6438 6437 18
7047 7045 15
7662 7661 14
8046 8044 16
9138 9138 16
9405 9405 18
