200 20 453341
10 70 232
10 109 189
10 139 243
10 149 203
10 93 190
10 87 246
10 58 214
10 146 208
10 128 165
10 122 161
10 108 154
10 69 211
10 135 250
10 114 233
10 78 180
10 128 196
10 107 171
10 89 154
10 134 175
10 61 195
1767 1767 36
2844 2843 28
3453 3453 29
4146 4145 29
4176 4175 33
4233 4232 33
7689 7687 33
8784 8782 30
8964 8963 36
9876 9874 36
831 830 34
4014 4012 36
4032 4031 39
4335 4335 30
4512 4512 37
4536 4535 36
4632 4631 36
5394 5394 37
8304 8302 37
8928 8928 32
807 807 32
1530 1528 31
2121 2119 36
3414 3413 34
6678 6677 29
7938 7938 31
8337 8336 31
9411 9411 34
9504 9504 28
9684 9683 28
1257 1256 29
1530 1528 30
3183 3181 33
5847 5847 39
5904 5902 32
6213 6212 37
6408 6408 37
6795 6794 32
7791 7791 34
8874 8873 28
282 282 37
1266 1264 33
1491 1491 38
1752 1750 28
2565 2563 37
5226 5224 28
6003 6001 28
8031 8031 34
8565 8564 30
9759 9759 35
63 62 28
78 77 35
120 119 37
1248 1247 39
1590 1590 34
1653 1652 39
2613 2611 35
4461 4461 37
4908 4906 35
8703 8702 28
456 456 28
2709 2709 35
3198 3196 38
3630 3630 28
5868 5867 35
6723 6722 34
7098 7098 37
7803 7802 34
8685 8684 38
8970 8969 36
483 483 31
1101 1101 39
1845 1845 35
4107 4105 37
4110 4109 29
4245 4245 28
5055 5053 36
5181 5179 28
7542 7541 38
9300 9300 38
2841 2839 31
3408 3406 30
3792 3790 38
4722 4721 33
5244 5243 33
5277 5276 35
5403 5402 30
7092 7092 35
7353 7353 32
7569 7568 31
1653 1652 39
2904 2902 31
3600 3598 30
4644 4644 36
5100 5098 36
5649 5648 34
5931 5929 37
6309 6307 37
6873 6873 37
9510 9510 35
507 507 33
543 541 34
3402 3400 28
5670 5668 32
7068 7068 37
7311 7311 34
8109 8107 30
8592 8591 38
8829 8827 32
9228 9228 35
66 64 30
3201 3201 36
3252 3252 30
3717 3716 33
3999 3998 34
4200 4200 38
5208 5207 38
5400 5398 37
6657 6655 34
8982 8981 35
825 823 32
2274 2273 36
3876 3874 36
4317 4317 36
4371 4371 35
4389 4387 37
5331 5330 33
5412 5412 32
6888 6886 34
8757 8755 30
2529 2528 30
3294 3293 30
3501 3500 32
3633 3632 32
4935 4935 32
5070 5069 31
5262 5262 32
5379 5378 32
5979 5979 30
9972 9971 30
1884 1884 36
2334 2334 30
4134 4132 29
5445 5444 35
5565 5564 37
6066 6066 30
6726 6724 31
7023 7023 34
8961 8961 30
9708 9706 32
729 729 32
2268 2267 38
2505 2505 34
2907 2906 37
4029 4028 31
4872 4870 29
7308 7306 39
8469 8469 32
8556 8554 38
8706 8705 35
135 133 37
2379 2377 31
2934 2933 34
4143 4141 38
5529 5529 37
6492 6490 29
6522 6521 36
7935 7933 35
8604 8603 28
9033 9033 33
783 782 30
1167 1165 34
1878 1877 37
2031 2030 39
4716 4715 37
5055 5053 34
6291 6291 29
8466 8466 30
9531 9529 30
9999 9998 37
1980 1980 34
2349 2348 30
2625 2625 39
3654 3653 37
4446 4444 36
5454 5452 39
5919 5918 28
6144 6142 39
6672 6671 36
9813 9811 32
1677 1677 33
3108 3106 38
5427 5425 35
5802 5801 28
6780 6778 32
7581 7581 39
8151 8149 32
8517 8515 32
8865 8863 28
8952 8950 35
