200 20 461511
10 77 176
10 89 213
10 150 203
10 145 197
10 58 213
10 142 188
10 138 158
10 146 209
10 129 231
10 138 176
10 96 205
10 105 205
10 123 160
10 111 204
10 140 234
10 88 223
10 134 204
10 90 200
10 136 245
10 68 208
33 31 35
141 140 36
2688 2686 32
2766 2764 29
3288 3287 35
3708 3707 36
4182 4180 33
6507 6506 32
7167 7165 27
7476 7474 31
945 944 27
3057 3055 32
3624 3622 33
4125 4125 27
5037 5036 26
5745 5743 30
7599 7597 33
9258 9256 32
9699 9697 31
9888 9888 29
615 615 35
1857 1857 28
3366 3364 33
4920 4918 26
6051 6050 31
6069 6067 29
6609 6607 34
7116 7115 31
8283 8281 28
9618 9618 35
12 12 32
1002 1000 29
3405 3403 26
4443 4443 27
5565 5565 30
5766 5765 31
6381 6381 28
6924 6924 28
7464 7462 26
9561 9560 36
471 470 36
2592 2590 33
3210 3208 35
3393 3393 31
4116 4116 35
4233 4233 29
7128 7128 29
7641 7640 31
8376 8374 33
9114 9113 26
816 816 31
2757 2757 33
3480 3480 32
5001 4999 26
5775 5773 28
5928 5926 34
7122 7120 36
7797 7797 35
8016 8016 30
8271 8271 32
786 786 30
1815 1815 31
2145 2144 35
3765 3763 27
6279 6278 30
7095 7095 35
7599 7597 30
8202 8202 30
9039 9039 34
9999 9998 34
318 317 36
2109 2109 26
3654 3654 32
5724 5722 36
7926 7926 34
9288 9288 27
9405 9403 35
9699 9697 35
9783 9782 34
9909 9909 34
3 3 26
63 63 27
696 695 35
1245 1245 34
1767 1767 31
2190 2188 34
2280 2280 28
5349 5347 32
5940 5938 27
7143 7142 26
981 981 30
2163 2162 26
2550 2550 35
3252 3252 29
3453 3451 36
3825 3824 36
5319 5318 34
5553 5551 34
6300 6300 30
9669 9667 28
918 918 30
1986 1984 29
2370 2369 33
3411 3411 29
3891 3891 26
4959 4959 29
6537 6535 34
9312 9310 28
9330 9328 29
9366 9364 36
192 190 28
1842 1842 36
1887 1885 27
3177 3176 32
5343 5341 31
6714 6714 27
6939 6937 26
7938 7937 27
9498 9497 32
9837 9836 27
930 928 31
1560 1559 30
1827 1825 30
3102 3102 30
3675 3673 27
5796 5795 35
6297 6296 36
7263 7263 29
8367 8366 32
8958 8958 35
675 674 34
1953 1952 32
3606 3605 36
4707 4705 32
5094 5094 30
5574 5574 26
7629 7627 30
8025 8023 32
8808 8807 28
9546 9546 35
1515 1514 26
2250 2249 26
2418 2416 31
3474 3473 32
3849 3848 34
4809 4807 28
5700 5699 30
6825 6823 26
6957 6957 27
8481 8479 36
15 14 36
372 372 33
2160 2160 28
2334 2332 29
2583 2582 28
3126 3124 35
3651 3650 31
3996 3996 33
4035 4034 33
9612 9611 27
1059 1057 31
1233 1233 30
2376 2374 34
3603 3602 31
3945 3945 33
4296 4296 32
5205 5205 32
6339 6339 34
6891 6891 27
7377 7376 36
69 68 31
81 80 27
276 276 35
3714 3713 36
3726 3726 29
3906 3905 29
6438 6437 31
7371 7369 36
8256 8256 34
8886 8885 32
594 594 29
1002 1002 31
3897 3895 33
4110 4109 27
4458 4456 28
5445 5444 31
6189 6187 35
7026 7024 29
7098 7098 35
7257 7257 32
141 140 33
1038 1038 26
2016 2014 32
2154 2152 30
3039 3037 34
5277 5276 30
7869 7869 32
9612 9610 35
9630 9629 31
9921 9919 27
