1000 20 228847
50 117 241
50 62 170
50 81 179
50 57 192
50 102 167
50 75 198
50 61 153
50 99 227
50 106 163
50 94 207
50 131 239
50 139 174
50 92 214
50 77 232
50 100 176
50 51 169
50 74 221
50 134 227
50 116 175
50 73 216
9 9 6
15 15 6
21 21 7
54 54 6
69 69 6
75 75 6
111 111 6
132 132 7
138 137 5
141 139 5
141 139 7
177 175 6
210 208 5
240 239 7
255 253 6
312 311 7
315 313 7
333 333 6
363 361 5
366 366 5
378 376 6
384 382 5
390 389 6
399 398 6
408 406 5
480 479 6
507 507 5
513 511 7
519 518 7
546 545 7
561 560 6
567 565 6
639 639 6
672 672 5
693 691 5
702 702 7
708 706 5
744 744 6
810 809 6
810 809 7
816 814 7
840 838 6
861 859 5
882 881 6
903 903 6
930 929 6
933 931 5
939 939 5
945 943 6
957 956 6
12 10 6
18 16 6
18 18 6
27 25 6
39 37 6
78 77 7
93 92 7
123 123 5
141 140 7
171 169 7
186 185 6
216 216 7
225 225 6
240 238 7
249 248 7
261 260 6
276 274 6
285 285 6
300 299 6
339 337 5
348 346 7
471 469 6
486 485 6
513 511 5
516 516 7
519 517 7
525 524 5
531 529 7
534 533 7
564 562 7
591 589 6
612 610 5
621 620 6
666 666 7
687 687 6
696 694 7
774 774 6
780 778 7
783 782 6
819 817 6
834 832 6
834 833 7
837 836 6
855 855 5
867 866 6
921 921 7
945 943 5
951 949 5
963 963 6
966 965 6
6 4 6
18 16 6
21 19 6
21 20 6
63 63 5
69 67 6
93 92 6
105 103 6
108 108 6
120 120 7
135 135 6
192 191 6
204 204 5
225 225 5
243 241 5
246 246 5
252 250 5
264 264 7
267 267 7
303 301 6
393 392 6
429 428 6
447 447 7
450 449 5
453 453 7
456 456 6
474 472 7
483 483 7
501 499 6
543 543 6
552 551 5
561 560 5
594 592 6
600 599 6
612 610 7
621 620 7
657 657 7
696 694 6
765 764 6
768 767 5
768 767 7
798 798 7
801 799 5
828 826 7
837 835 5
840 838 6
894 894 7
918 917 6
963 961 6
969 969 7
18 17 5
33 31 7
39 39 6
120 118 7
138 137 6
147 147 7
222 220 5
234 232 6
255 254 7
291 291 7
300 300 7
312 310 6
321 319 5
336 336 6
372 371 6
375 374 6
393 391 6
399 397 6
417 415 6
444 444 7
465 463 5
498 496 6
498 496 6
510 509 7
552 550 7
585 583 6
606 604 7
624 623 6
627 626 5
633 633 6
636 634 5
639 639 6
651 650 6
669 668 5
690 688 6
714 713 5
714 713 6
738 736 6
753 752 6
783 782 7
783 783 7
822 820 6
825 825 7
828 826 5
864 862 5
873 872 5
879 877 5
903 902 7
927 925 7
942 942 6
24 24 6
54 52 6
72 70 6
87 87 6
99 98 7
123 123 5
141 140 5
216 215 6
234 234 5
273 273 5
294 294 6
360 358 6
372 372 5
375 374 7
375 375 5
408 406 6
435 433 6
435 434 7
471 471 7
480 480 6
522 520 6
525 525 7
528 528 7
537 536 6
552 551 7
591 590 5
591 591 6
615 613 5
615 613 6
621 621 5
630 628 6
642 641 5
699 697 6
702 700 5
708 706 7
717 715 6
717 716 5
720 720 7
738 738 5
753 752 5
762 761 6
777 776 7
798 797 7
825 824 6
837 836 7
840 839 5
852 850 5
966 966 6
984 982 5
987 987 6
84 82 6
114 112 7
123 121 7
162 160 5
162 160 5
177 177 6
198 197 7
240 238 6
246 245 7
261 259 6
267 266 6
339 338 7
342 340 5
375 373 5
378 377 5
393 391 6
414 414 7
480 478 5
480 480 7
486 485 5
522 521 6
525 524 7
531 531 7
570 570 7
594 593 5
594 593 7
603 603 5
612 611 6
630 629 7
642 640 6
642 642 7
675 673 6
687 685 7
690 690 6
696 694 6
702 701 5
711 710 5
753 752 6
768 768 6
768 768 7
801 799 5
807 805 6
837 837 6
897 895 6
903 901 7
912 911 7
951 951 5
969 969 7
981 980 6
984 984 7
30 30 6
36 36 5
93 92 6
96 94 6
99 97 6
120 120 7
159 159 5
162 162 6
204 203 5
207 206 6
228 227 7
270 269 6
282 282 6
288 286 7
294 294 7
318 316 6
333 332 6
360 358 6
402 401 7
408 406 5
420 419 6
435 434 7
453 452 5
495 494 5
504 502 6
522 520 6
528 527 5
570 568 6
606 605 5
606 606 6
618 616 7
654 653 5
681 679 6
711 710 6
711 711 6
735 733 6
747 746 5
753 752 7
762 761 6
780 778 5
798 797 5
807 806 6
813 811 6
933 933 6
942 940 6
948 948 6
966 964 5
969 969 6
996 994 6
999 997 5
18 16 6
21 19 6
36 36 6
48 46 6
51 49 6
84 84 6
105 105 5
108 106 5
120 120 7
198 196 7
228 228 6
231 231 6
234 233 6
246 246 6
276 274 6
291 290 6
294 293 5
381 381 6
414 414 6
429 427 7
453 452 5
474 472 6
480 479 6
525 525 7
531 530 6
531 530 6
537 537 6
567 566 7
570 570 5
570 570 7
579 577 6
579 578 5
609 608 6
669 668 7
672 671 6
702 700 5
711 711 6
753 752 5
765 764 5
768 766 7
852 851 6
852 852 6
891 889 6
921 921 6
945 945 5
963 961 7
963 963 7
966 966 7
969 968 5
990 988 7
9 7 6
33 31 6
45 43 5
93 92 7
123 123 5
129 129 6
138 136 6
141 139 5
150 149 5
156 156 7
159 158 7
207 206 5
216 216 6
246 244 5
246 246 6
327 326 6
402 402 7
417 416 6
453 453 7
468 466 5
468 467 6
483 482 5
489 488 6
495 494 6
561 561 6
585 583 7
603 602 7
678 678 6
690 688 6
714 713 7
735 733 6
765 763 6
783 782 7
786 786 6
825 823 7
828 826 7
837 835 5
855 855 6
888 887 6
894 894 7
903 902 5
906 906 7
933 932 6
933 933 6
960 960 7
963 961 7
984 983 5
987 985 6
987 985 6
996 995 6
9 9 6
48 47 7
51 49 7
72 72 7
120 120 6
129 128 6
147 146 5
195 194 7
204 203 5
222 221 5
240 238 7
246 245 7
249 248 7
309 308 6
348 346 6
396 396 7
402 401 5
408 408 5
423 421 6
429 429 6
477 476 6
486 486 6
492 491 6
510 509 6
513 512 6
525 524 5
564 564 6
567 567 5
582 582 5
612 610 6
642 642 5
660 660 5
687 686 7
720 719 7
723 722 6
723 722 7
729 727 7
729 729 6
789 787 7
822 821 6
831 830 7
870 869 6
930 929 7
930 930 5
933 931 7
954 952 7
960 960 6
975 975 7
984 983 5
990 989 6
15 15 6
27 26 6
33 33 6
45 43 6
63 63 6
66 66 6
186 185 5
189 189 7
231 229 7
243 243 7
267 265 7
330 329 6
330 330 6
345 345 7
420 418 6
432 431 6
432 431 7
438 436 5
438 438 7
459 457 6
483 482 7
498 496 5
504 504 7
540 540 7
546 544 6
582 580 7
603 602 7
609 607 5
669 667 5
702 700 5
702 701 5
705 703 6
711 711 7
711 711 7
741 739 7
753 753 7
762 762 5
792 790 6
807 807 6
813 811 7
819 819 6
837 836 6
843 842 7
855 855 6
858 857 6
915 914 5
921 919 7
981 980 6
984 984 6
1002 1000 6
6 5 6
78 77 7
99 98 7
123 122 5
129 128 6
150 148 7
159 158 7
168 168 6
186 186 6
189 188 6
291 289 5
318 318 6
345 345 6
348 346 6
417 417 5
420 418 6
432 432 6
435 433 7
435 434 7
441 441 6
447 445 6
522 520 6
537 536 5
549 549 7
570 570 5
585 584 6
597 595 6
609 609 7
612 611 6
630 629 6
642 640 5
657 657 7
669 667 6
684 684 5
696 696 5
720 718 5
732 731 7
741 739 6
759 758 6
762 761 6
822 820 7
852 850 6
900 898 6
900 899 6
906 905 6
918 918 6
924 923 6
924 923 7
945 943 5
972 971 5
48 47 7
54 52 7
57 57 6
63 62 7
72 71 7
78 77 7
99 98 7
138 137 6
150 148 7
159 157 7
171 169 7
189 189 7
201 199 5
207 206 5
210 210 6
240 240 7
243 242 6
282 280 5
321 319 6
324 322 5
339 337 6
351 350 7
354 352 7
360 358 6
375 373 6
426 426 7
447 445 6
450 450 7
477 476 6
492 492 6
540 539 7
549 547 6
585 584 6
621 619 7
651 650 6
684 682 6
690 690 6
720 719 5
729 728 6
759 757 6
759 757 6
774 774 7
792 790 6
834 834 6
837 837 6
903 903 6
912 912 6
915 915 7
933 933 7
972 971 6
15 13 7
21 19 7
33 33 6
60 60 6
66 66 6
105 104 6
141 140 6
144 142 6
144 142 6
153 152 5
168 167 7
186 186 5
189 189 5
189 189 6
213 213 6
222 221 7
228 228 5
234 234 7
270 268 6
309 307 6
312 310 6
324 322 6
327 327 7
330 328 7
372 370 6
390 388 5
465 464 5
483 481 6
513 511 5
522 522 7
552 552 5
555 555 5
600 599 6
663 661 5
672 670 7
690 689 5
732 732 7
744 742 5
747 747 6
768 767 7
771 771 7
807 805 6
810 808 6
813 813 5
885 883 7
885 885 6
894 892 6
912 912 7
936 936 6
984 984 6
33 33 7
48 46 7
51 49 5
54 53 7
84 82 6
84 84 7
96 95 5
117 116 6
126 126 6
141 141 6
150 149 6
177 177 7
195 195 7
234 233 5
246 244 6
273 271 6
330 330 7
333 331 6
354 352 5
438 436 7
441 440 5
444 443 6
462 461 6
510 508 5
519 519 6
561 560 6
564 562 6
570 568 7
576 575 6
582 580 6
582 582 7
588 586 7
609 608 6
633 631 7
639 638 6
657 657 6
669 668 7
714 714 7
759 758 5
765 765 5
783 783 7
786 786 5
786 786 7
795 793 7
810 809 6
879 877 7
900 898 5
954 954 6
975 975 5
999 999 6
27 25 6
63 63 6
93 93 6
129 129 6
150 150 5
153 152 5
180 179 7
225 223 5
249 248 7
273 271 7
291 289 7
312 310 6
315 313 6
318 318 5
345 345 6
375 373 7
375 375 5
393 393 7
414 413 7
447 447 7
486 485 6
519 517 6
528 528 6
534 533 7
537 536 7
552 551 5
573 571 5
579 579 7
585 585 7
591 590 5
597 597 5
624 623 6
672 672 6
687 687 5
696 694 5
702 702 7
729 728 7
741 739 6
744 743 6
753 752 5
789 788 6
789 788 6
798 798 6
804 804 7
807 805 7
810 809 6
891 889 5
969 967 6
978 976 6
990 990 7
6 6 5
24 22 5
48 47 7
105 103 5
156 154 7
207 206 7
216 216 7
282 280 6
300 299 6
312 312 5
336 336 7
357 356 7
360 359 5
387 386 6
411 411 5
441 441 5
441 441 6
447 447 5
450 449 6
453 452 6
468 467 7
501 499 7
522 520 6
531 529 6
609 608 6
618 617 5
663 661 7
681 681 7
690 690 7
699 698 7
708 707 6
714 712 5
714 712 6
720 720 6
732 732 5
735 735 6
738 737 5
759 757 6
768 766 6
777 777 7
777 777 7
777 777 7
792 790 6
810 810 6
843 842 7
849 847 6
855 853 6
870 868 6
873 871 6
969 968 6
3 2 7
21 21 5
60 59 6
60 59 7
75 73 7
111 109 6
183 181 7
207 205 7
219 218 6
240 238 7
258 257 5
267 265 6
288 287 5
291 289 6
321 320 6
336 334 7
372 372 5
378 377 7
384 383 6
393 392 6
417 415 7
438 436 7
486 484 7
489 487 6
507 506 5
531 531 6
537 537 5
540 538 7
543 541 7
549 547 6
591 591 7
606 604 7
621 621 7
654 652 6
663 661 6
663 662 7
702 700 6
717 717 6
756 755 7
783 782 5
828 828 5
828 828 6
852 851 7
870 868 7
882 881 7
888 887 7
921 920 6
948 948 6
951 951 5
990 990 6
9 7 7
15 13 6
15 13 7
15 15 7
33 33 5
66 64 6
81 80 5
123 121 5
123 122 7
138 136 6
168 168 5
213 213 7
222 222 6
228 226 6
231 229 6
237 235 7
243 243 5
255 253 7
273 273 7
279 278 7
291 290 6
303 302 5
315 314 7
384 383 6
438 436 7
450 449 6
480 478 7
510 510 6
519 519 6
543 542 5
555 555 7
579 577 5
609 607 7
630 628 5
642 640 7
660 658 5
720 719 5
723 722 7
753 751 5
765 765 6
789 787 5
825 824 7
846 845 6
849 847 7
909 909 5
915 914 6
918 917 6
918 918 6
933 933 5
939 939 6
6 4 5
36 35 5
48 46 5
69 69 6
78 76 7
87 87 6
90 89 5
108 106 6
135 135 7
195 194 7
216 215 7
216 216 6
222 221 7
237 236 7
249 248 7
261 259 6
273 271 6
276 275 7
276 276 6
282 282 5
291 290 5
312 312 7
327 325 7
333 333 5
351 350 6
357 355 7
417 417 6
453 453 6
498 497 6
510 509 6
516 514 6
516 516 6
531 530 7
573 571 7
603 603 5
642 642 7
663 661 6
684 684 6
687 685 5
690 688 6
723 721 6
732 732 6
735 733 7
735 735 5
753 752 6
870 869 6
945 945 5
948 947 7
975 973 6
1002 1000 5
