200 100 48170
2 114 226
2 140 152
2 126 167
2 126 220
2 121 227
2 140 236
2 134 217
2 147 154
2 75 171
2 142 151
2 140 211
2 68 216
2 138 245
2 96 162
2 108 231
2 135 235
2 98 228
2 94 243
2 108 193
2 130 250
2 101 181
2 123 219
2 108 215
2 147 190
2 139 216
2 75 213
2 127 220
2 90 161
2 53 189
2 57 219
2 124 158
2 74 194
2 117 185
2 119 219
2 132 159
2 65 159
2 71 186
2 149 246
2 126 200
2 149 183
2 74 213
2 124 250
2 117 235
2 125 188
2 121 167
2 127 186
2 84 174
2 110 208
2 121 208
2 116 181
2 101 205
2 107 195
2 143 204
2 127 166
2 131 170
2 147 162
2 73 158
2 70 164
2 81 242
2 94 197
2 95 163
2 121 163
2 81 233
2 57 192
2 68 182
2 74 179
2 92 174
2 124 239
2 64 165
2 85 206
2 71 202
2 88 171
2 99 214
2 65 199
2 93 156
2 106 153
2 146 161
2 80 167
2 105 179
2 84 239
2 56 241
2 142 194
2 65 159
2 68 244
2 86 230
2 99 180
2 124 242
2 87 239
2 113 232
2 97 185
2 110 250
2 140 160
2 86 243
2 84 236
2 125 237
2 82 150
2 140 154
2 83 164
2 108 200
2 59 155
378 378 177
831 829 164
120 119 152
762 760 152
618 618 142
957 955 139
453 451 162
672 670 182
471 470 156
888 887 153
699 698 156
924 923 168
459 459 151
480 478 162
93 92 154
258 257 154
246 244 164
975 973 152
33 33 148
750 749 151
177 176 184
504 502 135
813 811 136
921 921 144
510 509 165
624 624 170
579 578 152
696 694 147
261 260 172
984 982 151
78 77 171
660 659 133
84 82 153
483 482 183
69 67 170
744 742 183
438 437 168
861 859 160
381 381 153
963 963 133
651 649 134
678 677 144
183 183 143
384 383 166
12 12 146
768 767 147
390 390 151
978 977 183
450 450 146
789 787 163
501 501 179
528 528 132
399 399 153
564 564 179
318 316 158
891 891 161
12 11 180
348 347 134
240 240 168
381 381 158
531 530 158
711 710 144
51 49 131
306 305 152
780 780 154
996 994 169
774 772 147
993 991 159
243 242 159
315 315 159
90 90 131
270 269 138
165 165 164
861 860 136
669 667 180
693 692 160
117 117 149
432 432 174
408 406 137
456 456 162
57 56 176
147 146 160
855 853 165
879 878 158
699 697 149
741 740 179
447 445 167
450 450 145
156 156 147
429 429 162
18 16 157
225 223 145
267 265 139
819 817 132
390 390 137
852 851 170
126 126 158
993 992 133
756 755 149
906 906 163
189 189 184
798 798 138
351 349 158
837 836 157
342 342 153
681 680 178
174 173 136
549 549 139
81 81 167
108 108 164
411 409 162
921 919 162
237 237 158
708 706 158
189 189 156
441 440 164
96 96 146
453 451 178
456 455 148
687 687 144
123 123 163
159 158 136
708 706 163
846 846 160
852 852 155
951 951 135
357 355 138
834 833 134
120 118 139
807 805 155
708 706 145
966 965 165
21 19 155
642 642 174
6 4 137
237 236 154
144 143 165
333 332 156
342 342 178
681 679 150
393 392 150
558 558 169
192 190 171
618 618 131
408 406 175
897 895 132
252 251 155
645 645 184
339 338 153
513 512 156
339 339 147
792 791 153
360 358 136
585 583 158
831 829 167
990 988 167
411 409 154
588 588 142
879 878 176
969 969 137
420 419 166
597 595 158
321 319 134
633 632 179
237 236 142
450 448 159
561 560 139
720 719 158
819 818 139
843 842 163
240 239 166
774 774 180
303 303 166
648 648 150
141 141 148
609 608 135
147 147 150
480 480 150
150 149 165
240 239 133
540 539 168
657 655 149
30 29 160
882 881 136
246 244 158
981 980 165
294 292 149
957 955 157
105 104 148
453 451 178
114 112 150
699 697 150
150 149 133
852 852 154
327 326 152
843 843 148
363 363 164
945 943 166
294 294 136
954 953 135
