500 100 109997
5 141 187
5 60 230
5 80 203
5 79 213
5 82 162
5 127 159
5 63 172
5 66 154
5 125 189
5 78 241
5 73 163
5 62 171
5 100 216
5 79 228
5 117 210
5 53 194
5 120 185
5 96 166
5 56 227
5 55 213
5 113 154
5 144 206
5 57 211
5 107 206
5 74 246
5 123 187
5 97 188
5 87 206
5 127 158
5 99 218
5 98 243
5 134 238
5 59 207
5 117 187
5 134 235
5 118 178
5 126 182
5 75 194
5 122 244
5 78 174
5 66 247
5 75 246
5 131 152
5 145 240
5 124 229
5 50 185
5 133 221
5 66 240
5 58 185
5 118 216
5 92 180
5 64 178
5 84 233
5 76 197
5 94 217
5 94 153
5 132 233
5 110 180
5 136 249
5 112 176
5 86 220
5 132 222
5 135 220
5 134 178
5 117 183
5 112 167
5 140 242
5 54 216
5 92 249
5 146 232
5 114 178
5 87 245
5 83 217
5 56 211
5 122 159
5 58 184
5 137 191
5 78 155
5 107 188
5 130 191
5 54 211
5 65 194
5 120 249
5 79 173
5 112 201
5 53 197
5 57 238
5 55 213
5 85 208
5 93 153
5 131 171
5 78 219
5 110 238
5 133 168
5 84 152
5 130 155
5 122 207
5 82 224
5 81 153
5 126 188
324 322 67
330 328 73
444 444 71
774 774 64
846 846 73
375 374 60
474 473 68
495 494 78
510 508 68
747 745 71
48 48 75
123 122 56
324 324 66
426 424 71
837 836 71
153 153 68
171 171 56
225 223 74
276 275 70
669 667 60
528 527 66
684 683 78
687 687 56
888 887 62
918 916 66
153 153 63
492 492 66
546 545 75
771 769 65
819 817 76
48 48 65
171 171 73
423 422 57
849 847 72
984 983 62
45 43 64
162 160 56
399 399 78
471 470 75
786 786 68
24 24 64
453 453 69
630 629 71
639 637 64
807 805 68
60 58 72
129 127 59
237 236 64
594 593 65
927 927 70
402 400 65
555 553 65
702 700 59
723 721 72
957 957 63
231 231 62
300 298 59
366 364 70
744 743 76
891 891 78
204 204 73
240 240 61
381 380 66
387 386 66
717 717 69
171 171 72
219 217 78
270 269 68
819 819 65
894 892 62
276 276 71
312 312 69
327 326 56
600 600 65
912 910 66
666 664 61
708 706 72
708 707 61
900 899 78
999 997 75
270 269 68
396 394 76
576 575 62
714 712 75
816 814 69
72 70 61
273 273 67
312 311 67
366 366 67
894 894 76
51 49 60
111 111 71
156 155 57
345 344 72
552 551 72
234 233 58
534 532 64
750 749 77
813 811 73
975 974 62
168 168 66
549 548 72
576 574 74
738 737 74
972 971 78
69 68 75
90 90 76
246 246 59
276 275 58
780 778 65
12 11 59
219 217 62
423 422 58
459 458 57
495 495 57
33 33 68
258 257 57
423 421 66
789 789 59
933 931 70
24 24 59
180 178 63
198 197 76
750 750 60
762 761 66
213 212 71
348 346 59
408 407 76
696 694 62
912 910 66
438 437 63
561 560 69
660 658 74
735 734 69
768 768 75
105 105 76
168 166 73
345 344 69
606 604 70
609 608 60
6 4 62
135 133 74
138 138 65
423 421 62
699 697 72
102 101 62
108 108 74
573 573 73
756 754 73
783 782 69
249 248 70
549 549 70
591 590 63
894 894 61
936 934 59
150 150 67
165 164 78
171 171 56
882 880 63
987 986 67
120 119 71
129 128 56
216 215 59
558 556 65
741 741 61
141 139 68
351 350 59
402 402 65
477 476 63
642 642 60
135 134 78
633 632 60
783 782 73
789 789 74
969 969 57
132 132 72
480 479 60
600 599 74
843 841 76
936 936 59
15 13 72
192 190 77
531 531 57
615 613 78
858 858 68
180 178 67
747 747 68
816 814 68
843 843 76
879 878 60
57 56 68
507 507 64
780 778 65
858 858 78
951 950 69
93 93 61
165 163 61
405 404 69
603 602 75
615 615 57
171 169 59
177 175 57
378 376 73
408 407 69
606 605 62
54 52 67
345 344 78
384 384 71
786 785 59
846 845 76
276 274 74
339 338 69
399 398 62
411 409 65
531 530 69
15 14 76
138 138 59
438 438 59
783 782 78
942 942 61
279 279 76
351 351 74
555 553 64
771 771 62
906 905 73
21 21 63
408 407 72
663 661 76
675 674 72
786 786 66
39 38 74
369 369 77
483 483 63
690 690 78
972 972 64
99 98 77
156 154 73
441 440 77
750 748 57
909 907 65
18 16 58
165 163 57
402 400 70
780 780 72
786 785 77
87 86 60
189 189 59
351 349 65
534 533 72
540 540 75
27 25 70
36 34 77
222 221 68
249 247 78
738 738 57
240 239 74
432 432 77
462 460 77
588 588 73
702 701 76
81 79 75
468 466 69
627 625 64
801 800 61
924 924 71
102 102 72
468 468 68
621 619 65
825 824 62
948 947 76
108 106 61
450 448 66
552 551 58
768 767 67
993 991 70
126 124 63
168 167 78
285 283 63
639 637 61
759 757 58
60 58 60
486 484 62
738 738 57
756 756 73
849 847 72
78 78 74
267 266 74
627 625 70
723 721 63
843 842 65
240 238 61
471 469 69
585 583 56
699 697 67
831 829 61
69 67 68
444 442 75
681 681 73
726 724 75
999 997 66
240 238 56
327 327 64
654 653 71
849 848 65
900 898 70
342 342 57
372 372 61
543 543 58
699 698 64
942 942 76
78 77 65
258 256 75
285 285 71
618 616 64
681 680 72
168 167 63
201 200 73
210 210 62
486 484 69
672 670 64
135 135 74
138 138 61
384 383 69
447 447 62
792 792 59
135 133 78
498 497 63
675 674 70
687 686 71
903 901 66
135 135 58
171 171 68
288 286 61
885 884 73
939 937 66
294 293 69
444 442 72
477 476 61
543 542 63
813 812 65
138 138 74
537 536 69
615 614 65
762 762 58
765 764 57
216 214 67
222 221 57
510 508 78
750 748 75
918 916 70
21 21 57
42 40 57
45 44 64
111 111 68
870 868 61
105 105 63
231 229 78
585 583 63
786 785 60
837 835 74
54 52 70
480 480 59
759 758 77
867 866 76
945 945 60
3 2 60
78 76 76
342 340 74
549 547 71
621 620 57
78 77 71
366 365 57
537 535 62
555 554 56
771 770 56
411 410 57
453 453 57
486 484 68
525 525 77
717 716 65
192 191 57
261 260 67
333 331 57
357 355 78
573 573 56
102 101 59
423 421 72
795 794 57
879 877 68
915 914 60
21 20 59
87 87 73
336 335 70
540 538 59
561 560 75
762 762 65
765 764 73
855 853 57
894 894 70
960 959 56
204 203 65
369 368 65
684 682 72
762 762 73
819 819 69
336 335 60
417 416 73
543 541 74
855 855 66
933 933 57
327 327 56
426 426 68
558 557 56
804 802 67
921 919 56
264 264 70
441 440 75
762 760 65
795 795 56
888 886 69
99 98 57
204 203 56
411 410 78
717 716 74
912 911 74
273 271 77
324 323 64
468 466 69
504 504 65
696 696 72
225 223 68
315 314 66
684 683 58
813 811 73
891 889 57
252 250 69
360 360 64
486 485 73
921 920 60
984 983 56
135 133 72
309 309 66
321 319 75
624 623 58
648 646 74
180 178 72
198 197 56
555 553 70
822 821 78
921 921 60
126 124 56
258 258 72
315 314 61
375 375 75
912 912 63
51 49 66
249 249 70
441 440 76
696 694 72
960 958 73
114 112 56
186 185 68
222 222 58
777 776 76
945 943 77
180 179 65
399 398 69
645 643 75
789 789 67
846 844 57
105 104 70
144 142 64
270 268 61
654 653 62
720 719 61
63 61 78
423 421 56
696 694 75
936 934 69
969 968 72
330 329 67
612 612 63
612 612 76
933 931 64
990 988 72
9 8 71
336 335 64
666 666 61
753 752 72
798 797 60
84 82 71
264 262 65
633 633 64
681 681 62
990 989 71
150 149 56
270 270 74
336 334 63
717 715 78
900 900 59
