500 20 1234837
25 111 224
25 87 201
25 109 220
25 123 173
25 55 208
25 66 186
25 55 244
25 83 206
25 81 169
25 129 153
25 124 250
25 147 195
25 63 164
25 118 182
25 114 173
25 62 164
25 57 152
25 113 156
25 55 201
25 119 214
432 430 12
918 918 14
1194 1194 10
3738 3736 13
3771 3770 10
4455 4455 12
4494 4492 11
4731 4729 12
5175 5173 13
5328 5326 10
6003 6002 11
6549 6547 11
6624 6624 12
6975 6975 10
7101 7101 14
7833 7833 11
8043 8041 11
8187 8186 14
8895 8895 10
9297 9296 13
9450 9449 13
9621 9621 11
9642 9641 11
9780 9779 11
9795 9793 13
60 60 13
159 157 14
636 636 13
840 839 11
1116 1115 12
2028 2027 11
2163 2161 13
2859 2859 14
2922 2921 11
2949 2947 11
3174 3174 14
3219 3218 14
3732 3732 14
3858 3858 11
4641 4639 11
4869 4867 12
5097 5096 14
5166 5165 13
5796 5794 14
6360 6360 12
7161 7161 12
7953 7952 12
8247 8247 12
9054 9053 13
9627 9625 13
459 459 13
648 646 10
1140 1139 11
1851 1851 11
3003 3001 12
3222 3220 11
3618 3617 13
4470 4470 11
4509 4509 11
4725 4723 12
5205 5204 10
5988 5986 10
6534 6532 12
6714 6712 12
6768 6768 13
6948 6948 14
7251 7251 10
8034 8034 13
8151 8149 13
8631 8629 12
8724 8723 13
9057 9057 11
9144 9144 14
9534 9532 11
9777 9776 14
72 70 14
618 617 11
630 630 13
1176 1174 12
1359 1357 10
1731 1729 12
1986 1986 11
3726 3724 11
4170 4169 14
4473 4471 10
4533 4531 12
4536 4534 14
4842 4841 14
5319 5319 13
5388 5386 14
5712 5711 11
5823 5823 14
6198 6198 13
6570 6569 11
7407 7406 11
8529 8529 11
8685 8683 14
9129 9128 13
9645 9645 14
9720 9719 11
42 41 10
525 524 14
669 668 12
783 781 14
810 810 14
831 831 12
1422 1420 13
1584 1582 13
1722 1720 13
2331 2331 12
2556 2556 13
2577 2577 13
3156 3156 14
3516 3514 11
3933 3931 12
4452 4450 10
4584 4584 11
4632 4631 12
4785 4783 14
5877 5876 10
6087 6085 12
7866 7864 13
8262 8262 13
8775 8774 11
9174 9172 12
558 557 13
852 852 10
954 953 10
1404 1404 12
1497 1495 11
2037 2037 12
2037 2037 14
2199 2197 10
2742 2740 13
2958 2958 12
3207 3206 12
3435 3433 12
3651 3650 11
3735 3734 11
4248 4247 12
4254 4253 11
4350 4349 12
6255 6255 10
6270 6270 11
6906 6906 11
6969 6968 13
8250 8250 10
8760 8759 13
9594 9592 12
9948 9948 14
87 86 10
603 603 14
1515 1513 12
2397 2397 14
3471 3470 10
3633 3632 14
3759 3757 12
4434 4432 10
5403 5401 11
6084 6084 11
6693 6691 14
7314 7313 11
7377 7375 14
7662 7662 14
7689 7688 11
8130 8129 13
8307 8306 12
8778 8776 13
8943 8943 11
9030 9030 13
9249 9249 11
9297 9296 13
9402 9402 13
9801 9801 12
9963 9962 12
375 373 11
993 993 12
1335 1335 11
1917 1917 10
1947 1946 14
2157 2155 11
2826 2824 12
2973 2972 13
3021 3019 12
3246 3244 11
3771 3769 10
4947 4946 10
5001 5001 10
5007 5005 13
5340 5340 13
5481 5481 14
6237 6235 12
7311 7311 14
7353 7351 12
7368 7366 11
7659 7658 11
8430 8430 13
8706 8705 13
8910 8910 10
9450 9450 11
1134 1134 11
1755 1753 11
1770 1769 12
2082 2081 13
2328 2327 13
2445 2444 11
2481 2479 13
3270 3268 14
3666 3665 12
4107 4106 12
5103 5102 13
5196 5196 10
5256 5255 13
6528 6528 12
7077 7077 12
7248 7247 13
7656 7655 11
7896 7895 11
7950 7948 12
8178 8178 14
8838 8838 13
8916 8914 13
9090 9088 14
9741 9741 14
9936 9934 14
657 657 11
795 793 14
981 981 12
1500 1499 14
1536 1534 10
1683 1683 11
2151 2151 14
2406 2404 12
2466 2466 10
2610 2609 13
3150 3148 10
3879 3878 13
3996 3996 12
4572 4572 14
5289 5287 11
6141 6140 13
6990 6988 13
7281 7281 11
7383 7382 11
8145 8143 14
8385 8384 11
8787 8785 14
8907 8907 12
9714 9712 13
9876 9874 13
402 401 11
465 465 13
669 668 11
1548 1548 12
2625 2623 11
4632 4630 13
4929 4928 11
5346 5345 13
6555 6553 11
6612 6611 12
6804 6803 13
7527 7527 10
7704 7703 12
7815 7813 14
8097 8096 13
8310 8309 14
8511 8509 14
8604 8602 11
8634 8634 13
8703 8701 13
8859 8859 12
8955 8955 10
9165 9163 11
9405 9404 12
9582 9581 11
1851 1851 10
1959 1959 10
2019 2017 14
3012 3012 10
3228 3227 12
3678 3676 14
3867 3866 12
3954 3952 13
4980 4980 11
5037 5035 10
5418 5416 10
6606 6605 11
7011 7011 10
7077 7076 12
7176 7176 11
7197 7195 11
7764 7763 13
7824 7823 13
8538 8536 12
8688 8686 11
8760 8759 14
8874 8874 12
9423 9422 13
9735 9734 13
9966 9965 13
129 129 11
933 932 13
1524 1524 12
1659 1659 12
1962 1960 11
2568 2566 11
2628 2627 11
2829 2829 11
3510 3508 13
3963 3962 13
4974 4973 12
5232 5230 10
5424 5422 13
6282 6281 13
6348 6346 11
6426 6426 13
6741 6741 11
7107 7107 10
7563 7562 13
7941 7941 11
8082 8082 13
8268 8268 12
8454 8453 14
8490 8490 11
9852 9852 12
1680 1679 14
2016 2016 12
2622 2621 13
2631 2631 10
2637 2637 11
2799 2798 11
3009 3009 11
4578 4576 13
4821 4821 13
5106 5104 12
5565 5563 14
5799 5797 13
5916 5914 10
6027 6026 14
6036 6036 11
6639 6638 13
7218 7216 10
7596 7594 14
7686 7685 10
8223 8223 14
8634 8632 14
8727 8726 12
9069 9068 13
9591 9589 13
9981 9979 14
882 880 10
1683 1683 11
1887 1885 13
1911 1909 11
1911 1910 12
2133 2132 10
2331 2330 14
2910 2909 14
4059 4058 13
4782 4782 12
5985 5985 10
6081 6079 10
6180 6179 13
6678 6676 11
6843 6842 12
6903 6903 11
7053 7052 12
7191 7189 10
7341 7341 12
7791 7789 12
7821 7821 11
8487 8487 12
8811 8810 11
8940 8939 13
9714 9714 12
105 105 12
222 221 10
267 265 12
504 504 12
726 724 10
1539 1537 11
1683 1683 12
1782 1782 11
1914 1913 10
3150 3150 12
3870 3870 14
3984 3984 12
4941 4941 12
5244 5242 13
5271 5271 10
5301 5301 14
6423 6421 10
6426 6424 10
6507 6507 12
7482 7481 12
7878 7877 12
8091 8090 13
8556 8554 11
9351 9350 13
9531 9529 14
855 855 13
1194 1193 13
1221 1220 14
1281 1281 12
2124 2124 10
2664 2663 11
3105 3104 11
3501 3501 10
4122 4121 14
4383 4383 10
5190 5188 12
5214 5214 13
5766 5765 14
6906 6906 13
7257 7257 13
7512 7510 12
7680 7679 13
7923 7922 14
8028 8028 14
8637 8636 14
8937 8936 12
9516 9515 13
9576 9576 13
9657 9656 13
9912 9910 13
771 769 12
867 867 11
1782 1782 12
2154 2152 13
2682 2681 13
2823 2821 11
3234 3232 10
3780 3779 11
3888 3886 13
3930 3929 11
3957 3955 13
4392 4390 10
4572 4571 12
5358 5356 13
5607 5606 12
6489 6488 13
6561 6559 14
6606 6604 14
7047 7046 10
7425 7425 13
7698 7696 14
7761 7759 13
7764 7763 11
9138 9137 12
9546 9544 10
174 172 14
369 367 10
729 728 13
1266 1266 12
1506 1506 14
2442 2440 11
3000 2999 12
3291 3291 14
3486 3484 14
3645 3645 10
3891 3890 11
4566 4564 12
4605 4605 11
4641 4641 11
4983 4982 14
5169 5169 13
5493 5493 13
6207 6207 12
6627 6625 11
6774 6773 12
7548 7548 10
7644 7644 13
8307 8305 10
8736 8734 11
9537 9536 11
339 339 11
507 505 10
699 698 13
912 911 12
957 956 11
1296 1296 14
1443 1441 14
1878 1876 10
2148 2148 12
2427 2425 11
2499 2498 14
3150 3149 12
4299 4298 12
5445 5443 12
6318 6318 11
7101 7099 10
7641 7640 14
7740 7738 14
7824 7824 12
7848 7847 12
8175 8175 13
8580 8578 11
8763 8762 13
8916 8916 14
9084 9083 14
