1000 20 2546144
50 145 216
50 138 191
50 108 183
50 50 217
50 123 168
50 98 188
50 144 184
50 150 229
50 104 241
50 141 219
50 133 234
50 83 211
50 132 177
50 108 164
50 146 152
50 148 171
50 85 248
50 102 218
50 92 234
50 72 177
111 111 5
726 725 5
744 743 5
759 759 5
984 983 5
1173 1171 6
1536 1535 5
1995 1994 4
2025 2023 5
2172 2172 5
2298 2298 6
2307 2305 5
2607 2605 5
2727 2727 5
2808 2807 5
3249 3247 6
3918 3917 6
4590 4590 6
4680 4680 5
4776 4775 6
4824 4824 5
4872 4870 5
5067 5065 5
5175 5173 6
5637 5635 5
5679 5677 6
6075 6073 5
6093 6091 5
6495 6493 6
6690 6689 5
6795 6794 5
6924 6924 6
7077 7077 5
7299 7298 5
7461 7461 5
7518 7516 6
7596 7596 4
7866 7865 5
8010 8010 6
8340 8339 5
8865 8864 6
9084 9083 5
9312 9310 5
9519 9518 6
9693 9692 5
9792 9790 6
9792 9791 6
9807 9805 5
9849 9848 5
9990 9988 5
96 95 6
417 417 5
456 456 5
798 797 5
1170 1169 6
1362 1362 6
1710 1710 5
1716 1714 5
1905 1904 4
1992 1991 5
2445 2444 5
2514 2514 6
2526 2524 5
2796 2794 6
2994 2994 6
3015 3015 6
4041 4040 5
4107 4106 6
4287 4286 5
4338 4338 5
4533 4531 5
4539 4538 6
4617 4617 6
4635 4635 5
4677 4677 5
4755 4755 4
4968 4968 6
5316 5315 6
5799 5797 6
5814 5812 5
5997 5995 5
6123 6122 5
6603 6602 6
7080 7080 6
7137 7137 6
7296 7296 6
7425 7425 5
7491 7491 5
7506 7505 6
7539 7537 5
7584 7584 6
7605 7605 6
7905 7903 6
8022 8022 5
8205 8204 5
8544 8542 6
8844 8844 5
8925 8925 6
8991 8989 6
9624 9623 6
123 121 6
363 363 6
378 377 6
396 394 5
504 504 6
546 546 5
762 762 6
822 820 5
1068 1068 5
1086 1086 6
1452 1451 5
1620 1619 6
1881 1879 5
1890 1889 5
1941 1939 6
2130 2128 4
2388 2386 5
2541 2540 6
2685 2685 5
2859 2859 5
3144 3142 6
3156 3155 5
3234 3232 5
3336 3336 5
3381 3379 5
3486 3486 5
3627 3625 5
3801 3799 5
3804 3804 5
3822 3820 5
4554 4553 6
4791 4791 6
4824 4822 5
4950 4950 6
5028 5028 6
5379 5379 5
5451 5451 6
6531 6531 5
6891 6891 4
6921 6919 5
7170 7168 4
7563 7563 5
7596 7596 5
7773 7773 6
7956 7954 5
8154 8152 6
8298 8298 5
8835 8833 5
8997 8995 5
9129 9129 6
66 66 5
84 83 6
330 329 5
345 343 6
624 623 5
681 681 5
702 702 5
1083 1083 5
1113 1111 6
1146 1145 6
1368 1368 6
1593 1593 5
1722 1720 6
1770 1769 6
2088 2086 5
2604 2602 4
2769 2767 6
2979 2977 6
3120 3120 5
3201 3200 4
3294 3292 5
3570 3568 6
3690 3689 5
4320 4320 6
4389 4388 6
4620 4619 6
5031 5031 5
5862 5860 5
5949 5949 4
6351 6350 5
6684 6684 6
6897 6896 5
7101 7100 5
7128 7128 5
7146 7144 5
7179 7179 4
7446 7444 5
7686 7684 5
7734 7734 5
7749 7749 6
7881 7881 6
7962 7960 5
8037 8035 6
8037 8037 4
8121 8121 5
8121 8121 6
8568 8568 5
9591 9590 5
9639 9637 5
9924 9922 6
132 130 4
330 329 5
570 569 5
573 573 5
576 575 6
654 654 6
873 872 6
894 894 4
924 922 4
1059 1059 6
1140 1140 6
1458 1458 5
1677 1677 6
1827 1827 4
1851 1850 6
1881 1879 5
1926 1924 5
2040 2039 6
2268 2268 5
2280 2279 5
2580 2579 5
2694 2692 4
2865 2864 6
3282 3282 6
4308 4308 5
4458 4456 6
4704 4702 6
5031 5031 6
5562 5561 5
5631 5630 6
5724 5722 5
5901 5900 5
6168 6167 6
6228 6226 6
6516 6516 5
6615 6615 6
7086 7084 5
8163 8161 5
8208 8206 6
8232 8232 5
8262 8262 5
8715 8713 5
8904 8904 5
9042 9042 5
9306 9306 5
9399 9398 6
9408 9406 5
9423 9422 5
9597 9596 5
9669 9668 6
381 379 5
435 435 6
462 462 6
825 825 6
852 852 4
873 873 5
948 946 6
1239 1239 6
1386 1386 5
1467 1466 6
1482 1481 4
1785 1785 5
2226 2224 5
2292 2291 5
3015 3015 6
3111 3109 5
3132 3130 5
3279 3279 4
3597 3595 5
3597 3597 5
4200 4199 5
4380 4380 6
4419 4418 4
4512 4511 5
4857 4857 5
5208 5208 6
5430 5430 6
5532 5532 5
5937 5935 4
6144 6142 6
6432 6430 5
6966 6965 6
7062 7062 5
7116 7115 6
7140 7138 6
7263 7262 6
7824 7822 5
7959 7958 6
8013 8013 5
8190 8188 6
8253 8251 6
8304 8303 6
8553 8553 6
8703 8701 6
8778 8777 5
8835 8834 5
9003 9002 6
9018 9017 6
9621 9620 5
9978 9976 5
243 241 5
324 324 6
453 451 5
555 554 6
873 873 6
1368 1367 4
2346 2346 4
2541 2540 6
2550 2549 5
2559 2559 6
2571 2569 6
2691 2691 6
2790 2789 6
2919 2917 5
3555 3553 5
3567 3566 6
4074 4072 4
4086 4085 6
4248 4246 5
5772 5770 6
6036 6034 5
6234 6232 5
6330 6328 6
6600 6598 5
6678 6678 6
6681 6681 5
6903 6902 5
6924 6924 5
6957 6955 5
7248 7246 6
7632 7632 6
7686 7686 5
7767 7765 5
7881 7879 4
8025 8024 4
8088 8088 6
8169 8167 5
8214 8212 6
8217 8217 5
9132 9132 6
9171 9169 5
9474 9472 6
9540 9539 6
9597 9596 4
9609 9607 5
9690 9688 5
9756 9756 5
9759 9759 6
9930 9930 5
9984 9983 6
297 297 6
570 570 6
585 584 6
675 674 6
681 679 6
849 849 6
888 887 6
1155 1154 6
1674 1674 5
1722 1722 5
1836 1835 6
1995 1994 6
2238 2236 6
2895 2894 5
2922 2920 6
2967 2965 5
3438 3436 5
3624 3623 6
4053 4051 6
4128 4126 4
4383 4383 5
4488 4487 6
4761 4759 5
5067 5067 6
5115 5113 5
5193 5191 6
5223 5221 6
5226 5224 5
5232 5231 6
5445 5444 5
5580 5579 5
6132 6131 5
6225 6224 6
6288 6288 5
6384 6382 6
6417 6417 6
7401 7401 5
7593 7592 6
8118 8116 6
8292 8292 6
8427 8425 5
8874 8874 6
9039 9038 5
9255 9253 6
9264 9262 6
9501 9499 5
9528 9528 5
9654 9652 6
9975 9974 5
9981 9981 6
57 55 5
252 252 5
288 286 5
513 512 6
720 718 5
726 725 5
2262 2262 5
2604 2602 6
2619 2619 6
2784 2783 6
3000 3000 5
3138 3137 5
3255 3254 5
3420 3420 5
3519 3519 6
3567 3565 5
3633 3632 6
3762 3760 6
3780 3779 5
4020 4019 6
4029 4028 5
4083 4083 6
4377 4376 4
4401 4401 5
4581 4579 6
4833 4831 6
5028 5028 5
5142 5140 6
5610 5610 6
5961 5959 5
6084 6083 6
6312 6311 6
6456 6456 5
6933 6931 4
7062 7060 5
7134 7134 5
7299 7298 5
7905 7903 5
7995 7993 6
8028 8026 5
8082 8080 6
8121 8120 6
8220 8219 6
8250 8250 6
8304 8302 5
8535 8533 5
8895 8893 5
8937 8935 6
9807 9807 5
9990 9988 5
183 182 5
246 245 5
261 261 6
315 313 6
705 703 6
807 806 4
852 851 6
960 960 6
1101 1100 5
1281 1281 5
1320 1318 6
1464 1464 4
1548 1546 5
1785 1783 5
1788 1788 5
2331 2331 6
2424 2424 6
2595 2593 5
2682 2682 5
2700 2700 6
2748 2747 6
2880 2878 6
3138 3138 5
3309 3308 6
3372 3372 5
3984 3984 6
4143 4143 6
4257 4255 6
4263 4263 5
4344 4342 5
5094 5094 6
5238 5236 5
5397 5396 5
5448 5448 6
5871 5870 6
6102 6101 6
6561 6559 5
6627 6627 5
6915 6914 6
6927 6925 5
7170 7170 5
7419 7418 5
7467 7467 6
7491 7489 5
7503 7501 6
7965 7964 5
8199 8199 6
8202 8202 5
8481 8479 6
9918 9916 4
231 230 5
705 704 6
1035 1034 5
1275 1274 5
1338 1336 5
1635 1635 6
1734 1733 6
2019 2019 6
2049 2048 6
2463 2461 6
2562 2562 6
2718 2717 5
3162 3162 6
3837 3836 6
4170 4170 6
4335 4335 6
4410 4409 6
4506 4505 5
4512 4512 5
4566 4566 4
4680 4679 5
4722 4722 5
5352 5350 5
5916 5914 6
5958 5957 5
6108 6108 5
6162 6162 5
6255 6255 6
6405 6403 6
6405 6405 5
6498 6497 6
6765 6763 6
6768 6768 5
6996 6995 5
7230 7228 6
7257 7256 6
7272 7271 5
7287 7285 5
7644 7643 5
7989 7989 5
7992 7990 5
8502 8502 6
8697 8697 6
8709 8707 6
8775 8773 5
8970 8969 5
9207 9205 6
9486 9485 6
9894 9892 6
9966 9966 5
33 33 6
303 301 6
399 397 5
585 584 5
948 947 5
993 993 5
1017 1015 6
1467 1467 5
1773 1773 6
1794 1792 5
1794 1793 6
1803 1801 5
2985 2985 5
3453 3451 4
3723 3722 5
3783 3782 5
4101 4099 6
4206 4206 6
4635 4634 6
4653 4651 5
4779 4777 5
4971 4969 5
5040 5040 6
5109 5108 5
5127 5126 4
5730 5729 5
5886 5884 6
6144 6142 5
6312 6311 5
6948 6947 5
7035 7035 6
7104 7103 4
7188 7186 5
7998 7998 5
7998 7998 5
8007 8006 5
8055 8055 6
8109 8107 6
8148 8148 6
8166 8166 5
8196 8194 5
8238 8236 6
8397 8395 6
8415 8415 5
8526 8526 4
8817 8817 5
8850 8850 5
9024 9022 6
9036 9035 6
9171 9169 6
315 313 4
345 345 5
543 542 6
576 574 4
726 726 5
762 761 5
882 880 5
1035 1035 6
1332 1331 6
1476 1476 6
1488 1488 6
1671 1671 5
2022 2021 6
2187 2185 5
2247 2245 5
2331 2330 5
2565 2565 4
2607 2605 5
2697 2696 5
2706 2706 6
2739 2737 5
3006 3005 6
3357 3356 6
3603 3601 5
4362 4361 5
4575 4575 6
4857 4855 4
4884 4883 5
5043 5042 5
5262 5261 6
6099 6099 5
6177 6176 5
6246 6246 5
6654 6653 5
6855 6854 6
6987 6985 6
7098 7097 4
7137 7136 5
7176 7176 6
7554 7552 5
7851 7849 5
8133 8133 5
8223 8223 5
8565 8564 6
8670 8668 5
9348 9346 6
9477 9475 6
9582 9581 6
9756 9754 6
9999 9999 5
15 15 4
198 198 5
567 565 5
762 761 6
906 904 6
1344 1342 6
1392 1391 6
1581 1579 6
1767 1767 5
1878 1878 6
2259 2258 5
2913 2911 6
3234 3232 6
3375 3374 6
4224 4222 5
4224 4223 5
4338 4336 5
4452 4452 4
4455 4454 5
4605 4604 6
4818 4817 5
4830 4829 6
5205 5204 5
5877 5876 5
6810 6808 5
6879 6879 6
6924 6923 5
6981 6981 5
7044 7044 6
7269 7267 6
7530 7528 6
7599 7598 4
7632 7632 5
7635 7635 6
7785 7783 6
7785 7784 5
7872 7872 5
7962 7960 5
8232 8232 5
8409 8409 5
8460 8458 5
8697 8695 5
8817 8815 5
9027 9026 5
9171 9170 5
9414 9414 5
9513 9511 5
9594 9593 5
9630 9628 5
9819 9819 6
99 97 5
378 378 6
858 857 5
870 870 5
870 870 5
1032 1030 5
1251 1250 5
1380 1378 5
1809 1809 5
1893 1893 6
1986 1985 5
2418 2417 4
2418 2418 5
2514 2514 6
2547 2547 6
2679 2677 6
2733 2733 6
2748 2747 6
3204 3203 5
3222 3220 6
3876 3874 6
3924 3924 4
4119 4118 5
4233 4233 5
4986 4984 5
5214 5212 5
5577 5575 6
5649 5648 5
5868 5866 5
5877 5876 5
6030 6028 5
6072 6071 4
6147 6145 6
6288 6287 5
6570 6568 6
7050 7050 6
7080 7080 6
7158 7156 6
7173 7173 5
7302 7302 5
7521 7520 5
7701 7701 6
8277 8275 5
8706 8704 6
8889 8889 5
9387 9386 5
9471 9471 5
9795 9795 6
9852 9851 6
9948 9946 5
744 742 6
789 787 5
909 909 6
1500 1499 6
1548 1546 5
1866 1866 5
1881 1881 5
2187 2187 5
2241 2241 6
2553 2552 6
2646 2645 6
2922 2921 5
3126 3126 6
3687 3685 6
3747 3747 6
3819 3817 5
4224 4224 4
4686 4685 4
5028 5026 5
5193 5193 6
5394 5393 5
5496 5496 6
5610 5610 6
5769 5768 5
5940 5938 6
5970 5969 5
6111 6109 5
6348 6348 4
6621 6619 6
6654 6653 5
6909 6909 6
7104 7104 6
7380 7379 5
7518 7516 5
7668 7667 5
7725 7723 5
7977 7977 5
7983 7983 5
8136 8136 6
8190 8190 4
8460 8460 5
9165 9164 6
9363 9363 6
9522 9521 5
9531 9529 6
9564 9564 5
9687 9685 6
9888 9888 6
9924 9924 6
9945 9945 5
132 130 4
198 196 4
228 226 6
627 625 5
651 650 5
681 679 5
1074 1074 6
1179 1177 5
1308 1308 5
1326 1324 5
2040 2039 5
2328 2326 5
2448 2446 6
2475 2473 5
2532 2530 5
2541 2539 5
2541 2539 6
2583 2581 5
3054 3052 5
3279 3279 5
3408 3406 5
3477 3477 5
3573 3573 5
3843 3841 5
3924 3922 6
4038 4037 5
4050 4049 5
4302 4302 4
4518 4518 5
5022 5020 5
5214 5213 4
5493 5493 5
5502 5501 5
5592 5591 4
6090 6088 6
6249 6248 6
6255 6255 4
6819 6819 5
6987 6985 5
7065 7065 5
7275 7274 6
7509 7507 5
8151 8150 5
8181 8179 5
8316 8316 5
8346 8345 6
8919 8918 5
9363 9363 5
9846 9845 6
9879 9877 5
261 259 5
576 574 6
939 939 5
1050 1048 6
1086 1086 5
1176 1175 5
1383 1381 6
1620 1618 4
1734 1733 5
1851 1850 6
1863 1862 5
2307 2306 6
2403 2401 6
2466 2466 5
2589 2587 6
3003 3003 5
3453 3453 5
3504 3504 5
3588 3587 6
3741 3741 6
3822 3821 6
4155 4154 6
4377 4375 6
4485 4484 5
4539 4538 6
4602 4601 5
4800 4798 5
4893 4891 5
5412 5410 6
5523 5522 5
5673 5672 6
5784 5782 5
5850 5850 6
6333 6331 6
6390 6390 6
7302 7301 5
7716 7715 5
7761 7760 5
7995 7993 5
8169 8168 5
8247 8245 5
8370 8369 6
8763 8761 5
8976 8975 5
9003 9001 4
9273 9271 5
9309 9307 5
9348 9347 5
9462 9460 6
9507 9505 5
81 79 6
564 563 5
609 609 6
711 710 4
762 760 5
1023 1022 6
1032 1030 6
1182 1181 6
1221 1221 6
1368 1367 5
1455 1453 5
1623 1621 6
1650 1648 5
1701 1700 5
1725 1725 6
1938 1937 6
1953 1953 6
2094 2092 5
2310 2309 6
2946 2944 5
3288 3288 6
3375 3373 6
3384 3383 5
3390 3390 4
3831 3829 4
4098 4097 5
4689 4689 6
4752 4752 4
4761 4761 4
4836 4836 5
5295 5293 4
5547 5547 6
5721 5720 6
6276 6275 4
6279 6277 5
7101 7101 6
7386 7386 6
8166 8165 5
8256 8255 5
8310 8309 6
8334 8333 5
8424 8422 5
8460 8460 5
8874 8873 6
9138 9136 6
9633 9631 5
9699 9699 5
9699 9699 5
9723 9723 5
9879 9879 5
60 58 6
378 376 5
384 383 5
474 472 4
516 515 6
1044 1044 5
1071 1071 5
1392 1391 6
1731 1731 5
1986 1986 6
2118 2117 5
2169 2169 5
2277 2277 6
2337 2336 5
2370 2370 6
2439 2438 5
2550 2549 6
2688 2686 6
2823 2822 5
2907 2906 6
3072 3071 5
3339 3339 5
3414 3412 6
3987 3985 6
4086 4086 5
4941 4940 6
5208 5208 6
5472 5472 5
5709 5708 5
6180 6178 6
6240 6240 6
6456 6454 5
6522 6522 6
6603 6601 4
6720 6720 6
6939 6938 6
7302 7300 5
7626 7626 4
7698 7696 5
7764 7763 5
7800 7800 5
7833 7831 5
8142 8142 6
8154 8152 6
8307 8306 4
8529 8528 5
9069 9067 4
9150 9149 5
9765 9765 6
9891 9891 4
