1000 100 2614762
10 81 249
10 73 232
10 150 171
10 102 175
10 96 158
10 52 216
10 126 157
10 62 226
10 147 214
10 102 230
10 51 191
10 60 199
10 103 186
10 54 210
10 128 213
10 127 151
10 68 241
10 91 165
10 112 168
10 138 211
10 135 193
10 90 201
10 85 185
10 89 179
10 82 242
10 84 172
10 80 217
10 89 157
10 60 205
10 52 176
10 53 218
10 94 185
10 93 187
10 115 199
10 141 221
10 109 211
10 85 230
10 82 195
10 114 160
10 102 207
10 103 158
10 96 224
10 103 156
10 106 231
10 95 231
10 140 230
10 60 160
10 115 174
10 58 226
10 124 174
10 106 249
10 75 240
10 88 232
10 119 199
10 113 232
10 55 202
10 102 214
10 75 172
10 148 241
10 109 239
10 138 185
10 58 191
10 71 177
10 96 156
10 147 197
10 117 239
10 80 230
10 149 163
10 102 191
10 77 174
10 133 169
10 129 242
10 68 208
10 140 222
10 80 248
10 143 239
10 119 164
10 71 230
10 125 181
10 149 221
10 91 182
10 50 154
10 69 171
10 123 248
10 148 184
10 142 157
10 135 159
10 117 197
10 149 207
10 50 222
10 117 155
10 110 214
10 100 205
10 83 192
10 97 246
10 124 169
10 119 231
10 53 161
10 136 212
10 106 199
1209 1208 25
4230 4228 24
4536 4536 27
4800 4798 26
4842 4841 32
6600 6599 24
6951 6949 29
7329 7329 29
7839 7838 33
9417 9415 27
1026 1026 25
1326 1325 30
2820 2818 26
5427 5426 33
5463 5463 32
7191 7190 27
8127 8125 33
8835 8835 27
9729 9729 25
9933 9933 32
1563 1562 27
2430 2428 32
3411 3410 26
3726 3724 33
4032 4032 25
4311 4310 29
4548 4546 25
6687 6685 25
7701 7701 29
9561 9560 29
282 281 26
879 877 27
1239 1239 25
3621 3619 32
4044 4043 26
4731 4731 30
5592 5592 33
5595 5594 24
5940 5940 27
7269 7268 32
1227 1225 25
1881 1880 24
5931 5931 33
6144 6142 28
6357 6355 33
6441 6440 29
6675 6673 26
7914 7913 26
8532 8530 26
9162 9161 26
39 39 33
1116 1115 28
1344 1344 28
2244 2243 24
3486 3486 27
4668 4667 27
6894 6894 31
7917 7915 30
8769 8767 27
9297 9295 27
663 662 25
1392 1392 28
3837 3837 25
4443 4442 25
4929 4928 28
5025 5024 26
5616 5614 28
6510 6509 25
8028 8027 28
9732 9732 32
516 514 30
1857 1855 32
1959 1957 32
2832 2832 26
4599 4597 26
7494 7494 29
7599 7598 32
8253 8251 29
8256 8255 28
9711 9711 33
2097 2095 33
2193 2193 33
3372 3371 32
4548 4546 27
5079 5077 32
6180 6178 30
7836 7834 30
8259 8258 32
9627 9625 33
9819 9819 29
1854 1854 25
4335 4334 29
5643 5642 26
6294 6294 25
7518 7518 32
8298 8296 29
8634 8634 29
9573 9571 30
9582 9581 24
9675 9673 26
537 535 27
1224 1222 30
1857 1857 32
2127 2125 30
4227 4225 33
4233 4231 28
4734 4732 32
7083 7083 24
7653 7652 31
9051 9050 30
618 617 29
1122 1121 28
3168 3166 32
4263 4261 26
7281 7281 30
7773 7773 29
8067 8067 26
8838 8837 24
8844 8842 29
9252 9252 31
570 569 28
1473 1473 32
2100 2098 32
2784 2782 31
3177 3175 28
3285 3283 25
5196 5195 24
7407 7405 29
9054 9054 29
9276 9274 26
381 380 28
1341 1341 32
1539 1537 31
2595 2595 29
3750 3749 32
4005 4004 25
6471 6471 26
7329 7329 26
9684 9684 33
9885 9883 29
975 975 33
1836 1835 29
3750 3750 26
4632 4630 32
4668 4667 24
5109 5107 30
5793 5792 32
6228 6227 26
7281 7279 27
9813 9812 30
1056 1056 24
1968 1968 25
6321 6320 26
7086 7085 27
7089 7089 33
7206 7205 25
7902 7901 26
9576 9576 32
9645 9643 25
9684 9684 33
33 32 28
3180 3180 27
3774 3773 27
4137 4135 31
5358 5357 24
5577 5577 31
6126 6124 26
6993 6993 31
8028 8028 29
9768 9768 28
1851 1851 27
2331 2331 32
2862 2860 33
2919 2917 26
3519 3518 31
5301 5300 26
7674 7672 25
8877 8877 26
8994 8994 30
9009 9007 25
1347 1347 25
2394 2393 32
2532 2531 25
5298 5297 27
5547 5545 29
6459 6458 32
6474 6473 30
6507 6507 27
6549 6547 28
8679 8677 25
870 870 27
2694 2692 29
4593 4593 30
4842 4840 28
5799 5797 31
6132 6132 24
6132 6132 30
7209 7208 33
7998 7998 30
9114 9112 25
702 700 27
900 900 25
4623 4623 26
6168 6166 28
6297 6295 30
6684 6682 31
7320 7318 24
7542 7542 25
8823 8823 28
9120 9120 28
42 40 27
1107 1107 30
1209 1208 27
1218 1216 26
1881 1880 28
2097 2095 31
3315 3313 28
3483 3483 30
7011 7011 29
9726 9725 29
1269 1267 31
2067 2067 30
2373 2372 24
2709 2708 25
4176 4176 31
5139 5137 30
5946 5944 27
7434 7432 25
8271 8270 26
9279 9278 27
549 548 28
3891 3890 31
4707 4706 27
4785 4785 30
5580 5578 25
5997 5995 26
7419 7417 32
7899 7899 33
8340 8340 28
9978 9977 29
1314 1314 25
2811 2809 27
3549 3549 24
3621 3619 25
4182 4181 27
4602 4600 25
6198 6197 33
7239 7237 32
7890 7888 29
9483 9482 29
996 995 28
1017 1017 27
1959 1958 26
4359 4357 30
6366 6365 29
7038 7038 33
7209 7207 33
8508 8508 24
8850 8848 27
8880 8879 26
600 599 24
612 611 24
1185 1183 32
2298 2298 26
2370 2370 27
5022 5021 30
5223 5221 26
7353 7351 29
8346 8345 24
8466 8466 28
882 881 30
2478 2476 26
3318 3317 29
3579 3578 27
5448 5447 33
6120 6118 26
6210 6209 33
8427 8425 33
9423 9423 29
9705 9705 33
1815 1814 32
2118 2117 26
2373 2373 33
3579 3577 31
4656 4654 28
5469 5467 26
8958 8956 33
9276 9275 28
9663 9662 27
9756 9755 26
1659 1659 32
4974 4974 28
5475 5473 33
5919 5919 25
6414 6412 25
7902 7900 24
8316 8315 24
8376 8375 32
8760 8759 33
9789 9787 31
2493 2492 30
2994 2994 24
3732 3730 33
4371 4371 28
5025 5025 33
6837 6836 32
7032 7030 33
8448 8446 25
9171 9170 28
9822 9822 27
1794 1792 28
2202 2201 31
5187 5187 30
5808 5806 31
6642 6640 29
7152 7152 27
7710 7708 26
7767 7765 29
8826 8825 29
9522 9520 30
399 397 26
888 886 29
1209 1209 27
1887 1885 27
2436 2435 30
2868 2867 30
3321 3319 25
5073 5071 32
6318 6318 25
8694 8692 29
339 339 26
519 519 29
1002 1000 30
1326 1324 26
1806 1804 31
1923 1921 27
1929 1928 25
2040 2040 31
5214 5214 29
9258 9257 29
84 84 32
1305 1303 24
2322 2321 28
3198 3198 33
3669 3667 26
4380 4380 27
5781 5780 28
8658 8656 28
9288 9288 32
9504 9504 32
1836 1835 27
3051 3050 26
3396 3395 24
4878 4876 29
6132 6131 27
6360 6359 26
6522 6521 24
6942 6941 33
8751 8750 24
9606 9606 26
225 225 32
378 378 25
1851 1851 25
2418 2416 26
3033 3031 33
5274 5273 32
5526 5525 24
6063 6063 33
7635 7634 26
9762 9762 26
591 591 24
843 841 32
1293 1293 31
2808 2806 25
3771 3770 31
4305 4304 25
5859 5858 33
6399 6398 33
6942 6941 25
9393 9391 27
1932 1930 29
2820 2818 33
2880 2879 33
3372 3371 30
4146 4144 28
4923 4922 30
6849 6849 29
7389 7387 31
7794 7792 25
8307 8307 29
684 683 27
2997 2995 26
3231 3230 27
3465 3464 31
4026 4025 28
5511 5510 26
6867 6867 31
8667 8665 33
8697 8695 33
9390 9390 33
459 458 30
657 655 27
2109 2108 25
2226 2226 32
3198 3198 31
3294 3293 29
3798 3797 26
7782 7780 33
7836 7836 33
8565 8563 27
2334 2333 29
2631 2631 26
4137 4135 27
4401 4401 24
5070 5068 28
7695 7694 30
8088 8086 28
9702 9702 33
9807 9807 27
9933 9932 30
1674 1674 32
3399 3399 33
3825 3824 25
5163 5163 30
5886 5886 24
6537 6535 28
7044 7043 26
8523 8522 27
9543 9542 24
9603 9602 31
309 309 33
1077 1077 33
2466 2464 25
2472 2470 24
3822 3821 31
5268 5266 26
6543 6543 24
7512 7512 31
7887 7885 27
8046 8046 32
201 199 24
1053 1053 25
1062 1060 32
3765 3764 33
4032 4031 33
7458 7457 30
8121 8121 30
8670 8669 29
9432 9431 29
9969 9968 33
531 531 33
5169 5169 29
5217 5216 30
5403 5402 30
5928 5926 33
5928 5927 26
6180 6178 32
7281 7280 31
8562 8561 32
9534 9534 29
273 272 31
894 892 31
2973 2972 30
3702 3701 27
3759 3759 31
5421 5419 25
6534 6533 24
6756 6756 24
7413 7413 25
8205 8203 28
738 736 26
1122 1121 33
2364 2362 29
2958 2956 26
3150 3150 31
3618 3616 27
3852 3851 30
4026 4025 28
5271 5269 33
8781 8781 33
2139 2139 33
4560 4558 33
4920 4919 29
5430 5429 32
6549 6549 28
6822 6821 31
8535 8535 31
8607 8605 33
9060 9060 30
9801 9799 29
396 396 29
897 897 29
1335 1333 33
1536 1534 27
3450 3450 33
4128 4126 27
5328 5328 28
7557 7557 28
7653 7652 26
8640 8638 26
1533 1532 25
1599 1598 24
4587 4585 24
4596 4594 24
5262 5260 31
5865 5865 30
6495 6493 27
6822 6820 28
9216 9214 31
9708 9708 30
666 665 26
1269 1268 24
1608 1608 29
2157 2157 27
2244 2243 33
2844 2843 30
6447 6445 26
6840 6839 25
8853 8851 33
9156 9155 32
639 637 25
3927 3926 25
4950 4950 31
5073 5072 24
6537 6537 31
6936 6936 27
7857 7855 28
8706 8704 25
9750 9750 31
9819 9817 32
933 932 31
3438 3436 30
3882 3880 29
5439 5439 30
5595 5593 27
6099 6098 30
6135 6134 29
7650 7648 24
9138 9137 25
9279 9279 28
702 702 30
1152 1151 25
1344 1344 26
1932 1930 33
2109 2109 33
4248 4247 24
4662 4660 32
5832 5830 26
8403 8403 33
8565 8563 32
2292 2290 25
2799 2798 31
3066 3066 33
3183 3181 33
3555 3553 32
5298 5298 33
7257 7255 28
7851 7851 31
8385 8384 24
8463 8463 30
1176 1174 24
1932 1931 25
4608 4606 33
5727 5727 30
5760 5760 25
6963 6963 30
7146 7145 27
7548 7546 30
9192 9191 26
9822 9822 31
96 94 33
153 152 25
822 822 30
5061 5059 26
5736 5735 27
6606 6604 29
7236 7234 29
8316 8314 29
9006 9005 33
9681 9680 28
87 87 30
906 904 33
2187 2187 32
2364 2362 33
3747 3745 31
4179 4178 24
5922 5921 25
8850 8849 32
9441 9439 26
9807 9805 26
3486 3485 32
3789 3788 29
4065 4064 33
4752 4751 28
5913 5911 26
7128 7127 32
7542 7541 30
7887 7887 32
8829 8828 25
9897 9896 31
339 337 27
1752 1752 26
3540 3539 32
3567 3565 29
3636 3634 29
3681 3680 33
8274 8272 24
8883 8882 28
9000 8999 26
9693 9691 27
1017 1015 28
1989 1988 30
2925 2925 29
3708 3707 25
4227 4225 32
5442 5442 26
7335 7334 28
8283 8281 29
9567 9565 24
9840 9838 31
567 567 33
3930 3928 26
4824 4822 25
5982 5982 32
5988 5986 29
7098 7098 26
7242 7242 26
7563 7563 24
8055 8055 29
8349 8349 32
246 244 24
336 334 28
2346 2344 24
2409 2407 30
5220 5219 26
5832 5831 33
6015 6015 32
6375 6374 28
8235 8234 24
9180 9179 31
1758 1758 25
2238 2236 26
2334 2333 30
4266 4265 29
5796 5796 33
5934 5933 24
6843 6842 25
7857 7855 25
8094 8092 30
9336 9335 26
63 61 27
915 915 33
2595 2594 29
5769 5769 33
5784 5782 27
6039 6038 30
6471 6469 25
7917 7916 30
9180 9180 29
9468 9466 27
969 969 31
1602 1600 29
2223 2223 28
2766 2765 26
2856 2855 30
3546 3546 27
4116 4116 30
5007 5005 27
6240 6240 33
8532 8532 31
423 421 28
1293 1291 25
1776 1775 33
2634 2632 25
3207 3206 30
3462 3460 33
5589 5589 33
6753 6752 31
8298 8297 25
8451 8450 29
555 554 30
1548 1547 26
2652 2652 24
3417 3416 25
4749 4748 30
7569 7569 28
7593 7593 32
7749 7748 31
8310 8308 30
9684 9684 24
390 390 29
1797 1796 26
2121 2121 33
2361 2361 28
2631 2630 29
2889 2889 32
4557 4555 25
4662 4662 29
7887 7885 25
9858 9858 32
1131 1131 31
3777 3777 26
4743 4743 27
5088 5086 28
5196 5194 31
5493 5493 33
6726 6724 29
7020 7019 30
7878 7876 24
9924 9924 28
1947 1945 29
3339 3339 27
3705 3705 31
4995 4995 25
5154 5152 30
5643 5642 28
5838 5836 30
6906 6904 29
8337 8337 30
8493 8492 33
765 763 31
1794 1794 32
2067 2066 27
2397 2397 25
3063 3061 31
3441 3441 33
5424 5423 33
7158 7158 30
8889 8889 32
9387 9385 28
1197 1197 24
1314 1314 29
2142 2141 26
2910 2908 30
2916 2916 33
6627 6625 28
6693 6691 26
7131 7130 33
8214 8214 33
9438 9437 31
402 402 26
843 843 28
1341 1339 30
3189 3188 28
3201 3201 25
5484 5482 30
7728 7727 32
8739 8737 32
9429 9428 33
9693 9692 31
1077 1076 25
4158 4157 25
4542 4540 24
5751 5751 26
6534 6534 31
7302 7301 25
7344 7344 28
8037 8035 26
9393 9392 24
9879 9879 28
537 536 29
657 656 27
714 714 33
954 952 27
1848 1846 28
3582 3580 26
5532 5530 30
5967 5965 30
6834 6832 28
8202 8202 27
825 823 32
1185 1185 30
1257 1255 26
3252 3252 25
5385 5385 33
5475 5475 27
6408 6408 26
6609 6609 29
6981 6979 30
7905 7903 26
393 393 31
396 394 25
1332 1332 26
2751 2751 28
5106 5105 24
5835 5833 25
6237 6236 25
6474 6474 33
7941 7939 31
9183 9181 25
558 556 31
1734 1732 32
1977 1975 29
2508 2508 25
2859 2859 25
5409 5408 32
5937 5936 29
6264 6264 28
8385 8385 29
8502 8501 29
630 628 27
702 701 28
1377 1376 31
1665 1663 29
2682 2682 33
4608 4607 28
5481 5480 28
6087 6086 29
7101 7101 32
9720 9720 33
273 271 26
2922 2921 26
4002 4002 27
4341 4340 28
4542 4541 27
5988 5988 29
7758 7756 27
8679 8677 24
8958 8958 28
9156 9155 33
27 25 24
1044 1044 26
1710 1709 26
2190 2189 25
2412 2412 31
3705 3705 28
4221 4220 29
4260 4259 27
6357 6355 27
9714 9712 28
264 263 30
384 383 24
3189 3188 29
3267 3267 25
3564 3562 26
4836 4835 27
6681 6681 33
8955 8954 29
9294 9294 26
9456 9454 29
576 575 31
1611 1610 30
2715 2713 25
5670 5668 30
6024 6023 27
7659 7658 26
7761 7760 29
9060 9059 26
9453 9452 31
9840 9839 31
1122 1120 24
1314 1312 29
4083 4083 31
4266 4264 31
6522 6520 29
6819 6819 29
7914 7913 32
8094 8092 25
8982 8982 27
9033 9031 24
189 187 29
756 756 24
2499 2497 31
2508 2508 27
3516 3515 27
3969 3968 26
5349 5347 26
6972 6972 29
7599 7598 29
9630 9630 25
117 117 28
549 549 29
1512 1510 29
1683 1682 25
1824 1824 32
2853 2852 27
3345 3344 33
3654 3654 31
8781 8780 26
8838 8838 32
810 810 26
891 889 29
1635 1633 27
1722 1721 33
4923 4923 24
5241 5241 26
6522 6521 32
8121 8121 28
9477 9475 25
9873 9873 29
3 2 25
1053 1051 29
1128 1128 26
1398 1397 24
2067 2067 31
2295 2294 32
2340 2340 31
6474 6474 33
6918 6918 30
7317 7317 24
33 31 27
489 487 33
4455 4455 32
4857 4855 26
5919 5918 31
6855 6854 30
6981 6980 25
7044 7042 24
8115 8113 27
9075 9074 29
2259 2258 25
2928 2927 31
3792 3790 26
5538 5537 32
5811 5811 24
6204 6202 31
6963 6962 29
8553 8551 26
9231 9231 32
9675 9674 32
357 357 25
2073 2073 28
3528 3526 26
3843 3842 24
5421 5419 25
5823 5822 31
6498 6498 30
6615 6615 28
7851 7849 30
8460 8458 29
198 198 30
957 956 25
1407 1406 25
2769 2769 28
2811 2811 26
3768 3767 26
5133 5133 31
5844 5842 29
7524 7522 33
7848 7847 24
276 275 29
2811 2809 26
2925 2925 28
3099 3097 28
5247 5247 33
6180 6178 26
8937 8936 26
9054 9052 28
9666 9665 31
9804 9804 32
606 604 33
1557 1556 33
1926 1924 26
2697 2696 27
4566 4564 33
5289 5289 32
5733 5733 30
6273 6271 25
7047 7047 25
9966 9966 33
1158 1157 32
2073 2072 26
4872 4870 29
5688 5687 30
5712 5711 29
5748 5747 31
6096 6096 27
6753 6753 28
7566 7564 27
7806 7804 33
3207 3207 32
4104 4103 28
4347 4347 29
5688 5687 32
5742 5740 31
6111 6109 29
6426 6424 27
7335 7335 28
8382 8380 27
9669 9667 24
1716 1714 33
1920 1920 33
2424 2424 29
2616 2614 29
4554 4553 30
5133 5131 26
6870 6870 32
7239 7237 24
8604 8603 33
8871 8870 32
1461 1460 29
1704 1703 30
2175 2174 33
3084 3082 24
6198 6198 27
7029 7029 30
7347 7346 32
7488 7488 25
8049 8047 26
8115 8115 25
