200 20 45303
10 87 207
10 51 166
10 88 220
10 143 249
10 55 173
10 58 233
10 59 182
10 68 174
10 134 248
10 53 150
10 75 235
10 107 222
10 79 241
10 143 214
10 68 196
10 74 234
10 146 250
10 106 178
10 110 188
10 117 232
6 4 30
15 15 31
42 42 36
111 111 31
138 136 28
180 179 30
183 181 32
267 267 35
624 624 32
894 892 26
246 244 29
294 292 33
336 336 34
420 420 31
510 509 27
639 639 36
834 834 30
882 881 28
906 906 34
921 920 37
84 82 30
270 269 33
372 370 33
453 453 35
456 456 26
660 658 37
678 676 37
798 796 36
930 929 37
966 966 28
60 58 30
63 61 30
81 81 32
219 218 34
306 305 28
399 398 31
504 504 32
873 871 30
888 886 27
975 973 37
63 62 27
123 123 33
126 124 35
144 142 36
204 202 37
231 230 33
486 485 32
525 524 28
837 835 28
906 906 31
3 3 33
39 39 34
186 184 30
216 216 32
387 387 36
495 494 28
525 525 33
549 549 34
675 675 27
885 883 27
87 85 29
168 167 31
276 276 31
294 294 36
366 366 28
411 410 35
669 668 36
687 686 28
936 934 34
963 962 27
159 157 29
240 240 29
255 255 32
381 380 30
522 520 37
687 687 29
735 735 27
738 738 34
768 767 29
924 923 32
120 120 29
237 236 27
297 297 34
429 428 35
690 690 33
741 741 29
840 840 37
873 873 37
954 953 29
993 992 32
15 13 36
90 88 32
138 136 28
255 253 32
300 299 27
324 323 27
354 353 33
423 422 30
678 676 34
957 956 32
150 148 27
228 227 35
246 245 27
330 328 36
360 360 31
411 409 32
453 452 36
477 477 29
552 551 35
903 902 28
9 7 28
57 55 33
234 233 35
552 551 26
579 577 29
693 693 37
702 700 28
726 725 27
783 781 34
951 951 31
162 161 28
195 194 30
456 456 32
474 474 29
495 493 32
498 496 28
534 534 31
573 571 27
810 810 27
984 984 29
54 54 27
114 113 32
177 175 29
276 274 33
462 462 30
483 483 33
621 621 27
648 648 36
738 738 34
867 867 32
60 58 33
69 68 32
501 501 36
540 539 33
651 650 36
816 814 26
867 865 28
876 874 29
879 878 36
918 918 34
81 80 31
237 237 31
315 314 37
336 336 29
348 346 30
393 393 36
630 628 34
672 672 30
816 815 32
1002 1000 30
48 47 34
138 136 36
324 322 33
393 392 35
684 683 35
693 691 34
705 703 35
822 821 28
912 912 27
990 988 33
6 4 37
72 70 30
198 196 36
216 215 32
339 339 28
447 446 32
573 572 29
675 673 32
687 686 27
843 843 34
27 26 31
426 425 35
432 431 33
480 478 36
486 485 27
522 520 34
633 632 36
759 758 29
765 764 34
876 876 32
117 116 35
270 269 33
540 539 27
618 617 33
642 640 30
690 690 36
765 765 32
834 832 27
855 853 29
966 965 28
