2000 100 472121
20 58 212
20 109 152
20 81 185
20 78 240
20 147 218
20 72 151
20 143 234
20 86 245
20 121 204
20 109 213
20 112 178
20 101 195
20 147 150
20 125 215
20 68 198
20 84 189
20 132 165
20 136 156
20 120 174
20 76 230
20 107 216
20 104 182
20 125 219
20 107 250
20 78 233
20 67 163
20 55 219
20 98 220
20 53 224
20 111 184
20 134 197
20 50 244
20 114 162
20 148 220
20 85 180
20 119 178
20 101 175
20 112 236
20 128 235
20 122 227
20 95 188
20 143 165
20 69 171
20 121 188
20 53 187
20 140 242
20 88 159
20 134 179
20 119 206
20 97 198
20 86 166
20 53 218
20 73 223
20 121 162
20 124 159
20 148 169
20 101 161
20 53 187
20 104 250
20 103 161
20 58 214
20 66 240
20 78 204
20 50 185
20 119 227
20 122 197
20 61 177
20 141 187
20 134 215
20 93 165
20 84 229
20 140 248
20 128 158
20 142 222
20 109 250
20 149 234
20 96 200
20 106 204
20 82 209
20 108 201
20 57 150
20 149 170
20 123 161
20 105 151
20 52 212
20 140 163
20 114 208
20 134 161
20 119 168
20 71 165
20 106 248
20 135 183
20 60 206
20 94 173
20 53 188
20 122 160
20 97 245
20 62 204
20 118 207
20 109 211
6 6 17
27 27 13
93 93 14
153 151 17
204 203 17
279 279 16
315 313 16
384 383 16
414 413 18
438 438 17
462 461 15
465 463 15
513 513 13
738 737 16
816 816 16
852 851 18
894 894 14
915 915 14
939 939 17
996 995 16
42 41 17
99 97 15
135 134 15
276 275 16
282 280 16
315 313 15
363 363 13
375 375 18
411 411 15
450 448 16
450 448 17
453 451 16
459 458 15
468 466 15
522 522 16
543 542 14
618 617 13
642 642 17
864 863 16
972 971 13
12 12 17
18 16 17
156 155 17
189 187 13
207 205 18
234 234 15
237 235 17
264 263 14
264 263 15
327 325 14
339 339 13
348 348 15
390 388 14
441 440 17
573 573 16
585 583 14
717 717 15
807 807 18
846 845 14
855 853 14
165 164 14
234 232 13
327 327 13
348 347 13
360 359 15
396 395 17
435 435 13
450 450 15
498 497 16
537 535 17
579 577 17
600 599 17
648 648 16
735 733 16
747 746 17
771 770 17
795 794 17
855 853 13
936 934 17
969 969 17
9 7 13
27 25 14
111 109 16
111 111 15
177 177 13
204 202 16
288 288 15
303 301 15
342 342 13
354 354 14
387 387 15
411 411 17
672 671 13
738 737 16
762 761 13
789 788 15
795 793 14
801 799 15
855 855 13
972 971 16
81 81 14
105 105 13
126 125 13
267 265 13
273 273 15
291 290 16
357 355 13
429 428 13
666 664 18
795 795 17
801 801 14
822 820 15
828 827 15
831 830 17
894 893 14
915 914 17
918 918 13
942 940 15
975 973 17
978 977 14
6 4 15
63 61 13
117 115 16
180 178 17
186 185 15
216 216 15
240 240 16
255 253 13
312 312 15
402 401 15
477 476 15
549 549 13
600 599 16
624 624 18
708 706 17
714 714 18
777 776 18
783 782 13
834 832 14
837 837 14
9 9 17
69 68 17
168 166 15
228 228 15
234 233 14
294 294 14
300 298 14
327 326 16
336 336 16
426 426 16
447 446 14
501 499 16
651 651 18
672 671 13
675 674 16
750 749 14
780 780 13
789 787 15
816 814 13
933 932 16
33 32 14
66 65 14
132 131 16
201 200 16
237 237 17
252 252 17
273 271 17
336 335 18
342 341 18
390 390 15
513 512 15
543 541 17
549 548 14
576 576 16
660 660 13
783 782 16
849 848 16
861 861 13
885 885 13
921 921 17
42 40 15
63 61 16
72 72 15
159 158 17
192 191 13
204 204 15
363 362 16
450 448 13
474 473 13
546 546 15
627 625 17
663 662 16
675 673 15
735 735 15
738 738 13
786 785 13
798 797 16
852 850 17
882 880 15
882 880 18
12 12 15
93 93 15
123 122 13
240 238 17
324 324 17
432 430 13
471 470 13
477 476 16
492 492 18
504 504 13
510 509 14
651 649 15
774 773 14
774 773 14
798 797 14
873 873 14
879 877 18
906 904 17
930 930 16
966 965 13
12 11 17
15 14 16
105 105 18
165 164 17
189 188 15
267 266 13
324 323 14
369 368 16
381 379 14
507 507 14
591 591 18
627 626 13
660 659 13
666 664 15
666 666 16
762 760 17
804 804 15
813 813 14
870 870 17
897 896 15
51 51 18
57 56 13
60 58 15
189 187 14
192 192 16
339 338 14
342 341 15
393 391 13
498 498 17
528 526 17
573 571 17
582 580 13
594 592 13
606 606 14
639 639 14
666 666 13
669 668 16
783 783 16
906 904 15
966 964 17
120 119 15
246 244 16
261 261 16
294 292 16
297 295 14
339 339 13
345 345 17
390 389 17
399 397 17
462 461 15
570 570 16
660 659 16
684 682 18
696 696 15
744 744 18
837 836 14
843 841 18
900 900 15
954 954 15
957 956 17
30 30 14
48 46 16
63 62 13
66 64 14
186 186 16
198 196 16
237 237 17
309 309 13
375 373 14
375 374 15
468 466 13
555 554 15
570 568 15
630 630 16
672 671 18
843 843 14
894 893 14
918 918 17
942 940 13
987 987 17
18 16 17
72 72 17
117 117 16
120 118 15
132 131 18
195 194 14
246 244 13
318 318 13
381 379 16
465 465 17
486 486 16
498 498 17
525 524 13
570 569 17
756 755 15
756 756 15
843 842 15
849 848 18
975 975 16
993 993 15
3 3 14
9 7 14
144 144 16
189 188 18
234 233 14
234 234 14
273 271 17
276 274 18
327 326 15
411 409 17
432 430 17
471 469 15
474 473 14
561 560 14
567 566 18
639 639 14
738 737 15
747 745 13
783 783 17
957 957 16
27 25 18
57 57 13
84 82 14
153 151 18
174 174 13
189 187 18
195 194 13
300 299 17
303 301 16
393 392 13
447 447 14
495 495 14
534 534 15
543 541 18
594 592 15
636 635 13
669 668 15
738 737 15
948 946 15
960 959 14
24 23 15
30 28 17
93 91 15
132 131 18
225 225 15
375 373 14
408 406 16
456 456 15
459 458 15
477 477 17
519 519 18
570 568 15
630 630 15
657 655 14
675 675 13
723 721 15
750 749 14
762 760 15
858 857 15
882 881 15
51 49 15
63 61 16
90 89 17
102 101 14
117 116 13
150 148 13
234 234 17
276 274 14
327 327 18
519 519 17
534 532 17
591 591 18
627 627 13
723 722 15
783 783 13
858 858 16
876 875 15
879 878 18
891 891 15
909 909 17
3 1 14
150 148 17
195 193 17
225 223 15
231 231 15
297 297 16
312 311 17
396 394 16
480 479 17
546 545 17
645 645 15
690 689 15
699 697 17
741 739 13
777 777 14
795 793 14
798 797 16
828 828 14
948 948 18
972 972 18
21 19 15
30 30 14
147 147 14
174 172 15
198 196 17
207 205 14
324 323 18
324 324 15
408 408 13
411 410 13
429 429 17
438 437 13
453 452 13
669 669 17
672 670 16
735 735 18
780 780 16
879 879 17
918 917 13
999 998 16
24 23 13
57 56 16
93 92 16
99 99 13
195 193 17
204 202 15
327 327 15
384 382 15
414 412 18
516 514 13
519 518 16
576 575 16
738 736 14
756 754 18
762 762 15
789 789 15
795 793 14
849 847 14
852 850 15
951 949 17
96 94 14
141 139 17
219 217 13
300 300 14
324 323 16
429 427 16
435 435 17
450 448 17
462 461 14
609 608 16
657 657 16
678 678 17
765 765 13
789 789 17
831 829 16
900 899 17
903 903 13
906 905 13
921 920 15
939 939 15
57 57 17
132 132 17
156 155 16
195 193 15
204 202 15
252 250 14
252 250 15
255 255 14
303 301 15
306 304 13
381 379 13
417 417 15
447 445 18
477 477 13
492 492 15
561 560 16
648 646 13
684 684 16
711 709 14
999 997 17
27 26 15
48 47 18
69 68 15
135 134 17
219 217 15
300 298 15
309 308 17
351 351 13
357 357 16
522 522 18
525 523 16
549 549 14
573 571 17
603 603 16
741 741 13
750 750 13
771 770 17
846 845 17
882 880 16
924 923 16
78 77 14
285 283 16
327 325 15
348 346 13
354 354 16
414 412 13
420 420 15
426 426 16
489 487 18
510 508 17
606 604 14
687 687 17
699 698 16
711 711 17
765 763 15
792 792 16
795 795 17
822 820 13
849 847 15
933 931 16
108 107 15
129 129 17
150 149 14
156 156 15
192 190 14
210 210 13
357 355 13
366 366 15
372 372 14
474 474 15
630 628 14
681 681 16
705 703 15
705 704 17
708 706 17
723 721 15
783 782 17
798 798 13
891 890 13
894 893 15
18 17 14
42 41 14
75 75 14
87 85 15
105 104 18
189 187 17
303 301 15
327 326 13
474 474 18
525 525 16
528 526 14
543 541 13
567 565 15
570 570 14
585 585 15
612 612 18
690 689 17
930 928 14
969 969 16
996 995 13
132 130 18
138 138 17
204 204 17
330 330 15
381 380 16
405 404 18
459 457 17
462 462 15
540 539 14
549 549 13
564 564 17
651 650 18
759 759 17
774 772 17
849 847 18
852 851 16
915 913 15
933 932 13
936 936 17
960 958 14
132 130 16
207 205 15
288 286 14
363 362 17
393 392 17
408 408 15
435 434 17
435 435 18
450 448 16
453 453 13
480 478 15
612 610 15
666 665 16
726 725 15
726 726 17
789 788 16
825 824 15
840 840 17
876 875 18
978 977 16
18 18 14
33 31 16
198 196 15
276 275 17
381 380 16
402 401 15
414 412 14
471 471 17
498 496 14
516 516 17
528 526 18
573 573 14
591 590 17
651 649 17
723 722 15
738 738 15
759 759 15
768 768 15
984 984 15
987 985 18
63 62 16
87 85 15
153 152 18
186 185 14
237 237 14
291 291 15
315 313 18
339 339 18
360 358 14
369 367 13
429 428 18
441 440 15
447 445 18
453 451 16
474 473 15
483 481 16
606 606 16
636 635 13
801 799 15
843 842 16
60 60 15
144 143 17
162 160 15
189 187 13
201 201 14
213 213 17
237 236 17
363 361 16
405 405 14
495 493 16
507 507 17
594 593 17
606 604 17
633 632 17
684 684 16
735 734 13
777 776 14
846 845 15
900 898 15
966 965 14
18 18 14
36 36 17
66 64 13
153 152 18
237 236 18
291 290 16
456 454 16
567 566 15
585 584 14
612 611 16
660 659 15
675 674 14
699 699 16
702 702 14
777 776 16
822 821 17
825 825 17
954 952 15
954 953 13
987 987 18
57 57 17
195 195 16
246 245 13
375 374 17
378 376 13
576 576 16
585 584 16
588 588 13
609 609 17
636 635 13
660 659 18
684 682 18
711 709 16
771 770 16
816 815 16
831 829 15
924 924 14
951 951 13
984 983 15
993 992 17
15 15 15
237 236 14
252 251 15
300 299 15
303 301 15
309 307 14
333 333 15
468 467 17
504 503 16
516 515 13
522 521 13
525 523 15
666 666 16
726 725 13
771 769 15
843 842 15
846 846 13
855 855 15
873 872 16
933 932 14
33 32 16
33 32 17
60 59 18
75 73 14
87 87 14
276 275 17
294 293 13
324 324 14
363 363 14
510 510 18
576 576 15
579 578 16
696 694 13
705 703 15
726 724 14
738 738 15
759 759 14
924 922 13
957 956 18
960 959 17
99 97 17
102 102 14
123 123 15
156 154 13
168 168 13
174 173 13
312 311 14
330 330 17
447 446 14
549 547 14
567 566 15
585 584 15
591 591 14
612 610 16
627 625 15
717 715 18
741 741 18
771 769 14
858 857 13
942 941 17
111 111 15
231 231 17
270 268 16
279 277 14
285 284 18
318 316 15
324 323 15
357 356 16
450 450 16
480 480 15
543 542 17
573 571 13
579 577 14
660 658 16
666 666 17
675 675 13
756 756 13
810 808 14
924 924 18
969 968 17
90 89 18
123 122 15
129 129 18
204 203 17
258 257 17
303 303 16
417 416 14
417 417 13
426 426 15
483 481 15
486 484 13
528 526 18
582 581 17
633 633 17
660 660 16
825 825 13
903 902 17
930 930 16
948 947 15
981 979 15
81 79 14
132 130 17
192 191 16
195 195 18
297 296 13
333 331 13
399 397 15
459 459 13
591 589 17
591 590 14
606 606 14
606 606 15
741 740 15
810 810 17
858 858 15
888 888 15
927 927 15
930 928 13
936 936 15
975 975 17
15 14 15
60 60 14
210 209 14
216 216 14
258 257 15
312 310 13
312 312 15
453 453 13
459 458 13
525 525 15
552 552 14
564 562 15
573 571 17
573 573 18
645 643 17
645 644 15
699 699 16
819 818 15
861 861 13
990 989 14
87 87 14
102 101 13
129 127 15
189 189 13
231 230 14
339 337 15
354 352 18
357 355 17
360 358 17
369 368 16
378 377 13
378 377 15
435 433 14
516 514 14
570 570 17
657 657 15
693 691 16
747 747 16
813 812 17
855 855 18
93 92 15
105 104 14
183 181 17
249 248 16
300 298 16
312 312 17
363 361 17
363 363 18
393 392 16
474 474 16
492 491 16
516 514 14
522 520 13
543 542 17
618 616 17
741 740 17
774 773 17
855 855 17
909 907 14
984 984 13
63 61 18
210 208 15
216 215 16
231 231 13
264 264 17
387 387 17
399 399 17
486 484 16
531 530 15
558 558 17
567 565 14
594 594 13
690 688 16
723 721 17
732 730 17
858 857 17
927 927 17
957 955 13
966 966 16
996 996 17
102 102 18
117 116 14
147 146 18
231 231 14
348 348 18
360 358 15
438 437 15
546 544 15
558 558 15
567 567 14
615 613 16
618 618 16
681 679 15
684 683 17
696 696 17
714 714 15
780 780 13
810 808 13
855 855 14
924 922 13
51 51 17
81 79 16
96 95 15
120 120 16
126 126 15
126 126 18
129 127 17
261 261 16
381 379 16
417 417 14
429 429 13
555 555 17
585 583 16
594 593 14
609 608 18
636 636 16
834 832 16
867 865 15
870 868 16
909 909 18
30 30 14
57 56 15
117 116 17
153 153 16
222 220 18
312 311 17
324 323 18
348 347 16
393 392 13
405 404 15
492 490 16
495 495 13
528 527 16
651 649 17
783 783 13
864 862 15
897 895 16
909 908 17
921 919 13
939 937 14
21 20 16
24 24 16
243 241 14
321 319 15
336 335 15
375 375 15
390 388 17
393 393 14
447 446 17
495 495 15
510 508 13
522 521 14
588 588 14
669 667 13
681 680 13
804 802 17
807 807 16
867 867 16
942 942 14
987 986 14
6 4 13
15 15 15
42 40 15
99 98 17
195 193 17
237 237 16
255 253 16
291 290 17
315 315 16
339 338 16
402 400 13
471 471 13
480 480 13
570 569 18
645 645 18
666 664 18
726 726 17
765 764 16
864 862 18
993 992 13
18 18 14
33 32 13
57 56 15
93 93 17
147 146 15
174 174 15
285 283 17
315 314 14
537 536 17
573 572 15
576 574 15
648 648 14
657 655 16
693 693 14
702 702 14
711 711 13
765 764 14
942 942 17
975 974 17
981 980 17
81 79 17
120 118 14
165 163 13
261 261 15
270 269 17
300 298 18
312 311 15
324 324 17
342 341 15
387 386 16
450 449 18
480 478 18
528 527 13
612 612 15
615 613 17
663 661 14
813 811 13
816 814 15
816 815 13
987 986 17
108 108 14
165 164 14
204 202 15
237 237 16
327 325 17
372 372 14
426 426 15
573 572 18
618 618 14
657 657 16
669 668 14
678 678 18
729 729 17
762 762 15
780 780 13
783 782 14
924 923 14
933 932 14
939 939 18
960 958 13
57 56 17
93 91 13
111 111 17
213 213 17
282 280 13
354 354 18
357 355 13
438 436 15
519 518 17
582 580 13
693 691 13
750 748 16
792 792 18
819 818 15
828 827 17
840 839 17
894 892 13
945 945 14
954 952 13
966 964 15
15 15 17
21 21 18
36 36 14
174 174 14
243 241 13
270 269 15
318 318 14
453 451 15
456 454 13
531 531 16
546 545 14
639 639 15
666 664 15
675 675 18
753 751 14
792 790 17
822 822 16
828 826 13
903 903 13
987 985 17
81 79 14
135 134 16
234 234 17
258 258 13
366 366 16
384 384 17
387 387 15
468 467 18
468 468 13
483 481 14
546 544 15
567 566 16
615 614 15
627 627 17
882 880 14
882 880 15
951 949 17
963 962 15
966 964 17
996 994 15
108 108 16
165 165 15
186 184 18
192 190 17
252 252 18
264 264 17
288 288 17
303 301 13
396 395 15
477 475 16
492 491 13
594 594 17
750 748 15
783 781 14
837 837 14
846 846 13
852 852 15
924 924 14
939 939 17
942 940 16
72 71 13
84 82 14
135 134 14
144 142 16
204 203 15
330 329 16
396 395 15
558 558 17
666 665 18
735 735 17
792 792 15
795 795 14
849 849 17
855 853 14
864 862 16
870 870 14
912 911 17
933 933 14
948 946 17
954 954 13
42 40 15
60 58 16
264 263 15
270 269 16
285 284 18
354 354 15
411 410 13
441 441 13
447 446 13
447 446 13
468 468 13
489 488 17
573 571 13
669 667 17
693 693 17
780 778 16
789 789 13
891 890 17
906 904 15
978 978 17
6 4 14
21 21 14
48 48 16
72 72 16
105 103 17
135 135 17
204 203 14
234 234 14
297 296 17
327 326 13
327 327 13
372 372 15
447 445 15
513 512 13
567 565 13
816 816 17
825 825 13
885 884 17
888 888 15
915 914 17
78 76 17
114 114 16
144 143 16
201 200 17
255 253 17
264 264 13
267 267 18
309 307 13
354 353 17
363 362 13
372 372 15
426 426 17
441 441 18
483 481 18
528 528 13
534 533 14
633 632 15
678 677 15
891 891 15
909 907 15
63 63 16
108 106 15
123 123 13
234 232 14
246 244 14
288 286 17
303 303 17
447 445 13
495 495 16
633 631 13
633 632 15
660 659 17
669 667 14
684 682 13
693 692 17
750 750 17
810 810 18
843 843 16
876 874 18
924 923 16
18 16 15
36 36 14
72 70 15
132 130 17
159 158 15
258 256 16
312 312 18
339 338 13
342 342 15
357 357 14
456 454 15
519 518 14
624 623 14
645 643 14
657 657 13
774 773 14
810 808 17
831 829 16
840 839 15
966 964 13
15 13 14
117 115 15
117 115 16
141 141 15
243 242 16
249 247 16
330 328 16
336 334 14
405 404 15
414 412 16
438 437 14
498 497 16
543 542 16
546 545 18
624 623 17
678 678 14
777 775 13
837 837 14
912 912 16
981 981 14
54 52 15
84 82 17
111 110 16
132 130 18
153 151 16
174 174 13
195 193 13
201 199 17
216 216 15
276 275 13
282 280 13
297 297 13
375 375 18
432 432 16
495 494 15
612 612 17
690 689 17
783 781 18
897 895 13
951 951 15
108 106 16
141 139 15
141 140 17
240 239 18
345 344 13
366 364 15
423 422 18
507 505 17
582 581 16
663 661 13
753 751 16
765 765 13
768 766 15
810 808 18
843 841 17
918 917 14
951 949 16
978 977 13
990 989 15
996 994 15
327 326 14
333 331 16
336 335 13
402 401 16
438 438 13
456 454 18
474 472 15
501 500 16
522 522 16
534 534 14
558 556 18
585 584 14
600 600 17
639 637 14
765 764 13
777 775 16
849 848 18
918 917 13
924 923 15
1002 1000 18
177 176 13
231 229 18
231 230 13
243 243 16
270 268 14
276 276 14
285 285 16
366 364 13
381 381 13
390 389 16
573 572 15
579 579 18
729 727 17
732 731 17
765 764 15
891 889 15
891 891 17
915 915 16
933 932 15
996 994 13
27 25 17
45 43 17
90 89 17
90 90 15
177 176 18
270 268 17
321 320 14
438 436 15
456 454 13
486 484 14
525 525 17
543 542 15
573 572 16
585 584 13
633 633 18
648 646 16
666 666 14
690 689 17
696 696 13
771 769 18
111 109 14
132 131 14
207 207 17
249 249 13
306 304 15
369 369 15
372 370 14
480 478 16
498 496 17
558 557 13
591 590 13
594 592 14
594 594 15
624 624 14
852 852 13
894 894 15
897 896 15
960 958 16
963 961 16
987 986 13
3 2 14
96 96 14
324 324 13
375 373 15
429 428 13
435 435 14
477 477 17
537 535 14
546 545 15
567 567 17
576 574 16
588 587 13
642 640 17
657 656 14
771 769 17
777 776 15
834 834 15
915 914 17
945 945 16
954 952 15
96 94 17
189 188 16
228 227 16
261 259 15
321 320 16
393 391 17
426 426 15
465 463 14
465 463 15
477 477 15
564 562 14
567 567 14
621 620 15
720 718 17
723 722 17
801 799 16
894 893 17
957 956 17
981 979 16
996 995 18
6 4 16
9 8 15
42 41 15
45 43 17
51 51 16
63 63 15
114 113 13
150 149 14
228 226 13
255 255 14
312 312 13
372 370 16
468 468 16
471 470 15
774 774 16
795 795 16
831 831 15
840 839 15
858 856 16
879 879 14
15 15 17
183 181 17
207 206 15
378 376 14
426 425 13
441 439 18
543 542 16
600 598 17
639 637 17
663 663 14
681 679 15
696 694 14
723 722 13
735 735 18
807 807 16
828 826 13
873 871 14
903 902 17
909 907 13
960 960 13
87 86 18
96 96 16
219 218 13
252 250 16
291 291 13
342 340 17
393 393 16
408 406 15
417 417 16
453 452 16
528 527 14
546 544 13
645 644 14
657 656 15
675 673 13
747 746 13
750 749 16
792 791 18
816 815 17
921 920 17
66 65 16
72 72 13
78 76 18
93 93 18
102 101 17
171 169 16
174 173 13
204 203 14
249 247 15
324 324 16
378 377 18
414 412 17
489 489 17
621 620 13
651 650 18
693 693 13
702 701 13
741 739 14
918 917 14
996 995 15
33 31 17
144 143 16
150 150 16
174 173 14
255 254 17
309 308 14
453 452 15
519 518 14
534 533 16
546 546 14
630 629 15
681 681 17
693 693 18
720 718 17
729 729 16
876 874 15
876 875 16
972 970 16
972 970 17
987 985 15
12 11 15
21 21 13
51 51 16
102 102 14
120 119 14
135 133 17
483 481 17
594 592 15
606 605 17
681 680 17
684 682 13
738 738 13
747 745 14
750 748 14
768 766 18
801 799 14
861 860 13
879 877 15
885 885 13
921 919 14
144 144 18
171 171 15
189 189 15
222 221 13
312 312 13
336 336 14
345 343 16
435 434 16
495 494 15
552 550 13
609 609 15
618 618 16
687 686 16
711 710 16
753 751 17
780 780 15
786 785 14
834 832 13
846 844 13
996 994 14
75 73 17
225 223 17
237 236 18
243 241 18
255 253 13
312 310 16
360 358 16
426 424 13
480 478 16
498 498 13
510 510 13
522 521 17
540 538 14
606 604 17
735 733 16
756 755 15
771 771 14
837 835 14
870 868 17
945 945 13
12 10 16
36 34 17
108 106 16
117 115 15
150 149 14
174 172 15
243 241 17
303 302 17
360 359 16
390 388 17
402 401 13
474 473 16
543 541 18
552 550 16
573 572 18
612 612 17
678 678 18
816 814 14
825 825 17
915 914 16
3 2 15
6 6 16
45 44 17
69 69 15
102 100 14
102 100 15
171 169 17
198 198 15
231 229 15
237 236 13
387 387 13
414 414 16
585 583 15
624 624 14
633 631 17
675 675 15
720 719 13
735 735 13
783 782 17
876 875 13
3 3 13
63 62 15
90 89 17
105 104 18
126 125 17
138 138 13
420 419 15
441 441 14
471 471 17
492 490 14
501 499 15
528 526 17
567 567 18
573 572 14
585 584 14
630 630 15
693 691 15
807 806 17
960 959 16
963 962 14
9 8 15
90 89 13
90 90 14
141 141 14
183 183 14
195 195 16
273 272 15
378 377 13
393 392 15
450 448 18
606 604 15
627 626 15
681 681 15
750 749 15
780 780 15
837 835 16
840 838 15
858 856 14
951 950 14
963 961 14
39 39 14
123 121 13
186 186 17
243 243 16
258 257 15
294 294 15
336 334 15
378 377 15
396 396 14
450 450 15
498 497 17
540 538 13
540 538 14
651 651 17
675 674 17
714 713 15
828 828 17
879 879 15
975 975 18
999 997 16
21 20 17
75 74 18
117 115 17
120 120 14
162 161 13
177 175 13
183 183 14
189 188 14
219 217 13
267 266 18
270 269 16
273 273 14
339 338 17
345 344 17
384 382 15
423 423 15
540 539 14
681 680 15
864 863 14
939 937 14
207 205 14
261 261 14
279 277 13
312 311 16
354 352 13
390 388 13
414 414 14
462 462 13
492 492 16
594 594 13
654 652 16
681 679 17
696 696 14
723 721 15
801 800 15
825 823 16
843 841 14
855 854 15
876 876 15
993 992 17
24 22 15
54 53 17
60 58 15
114 112 18
213 213 15
222 221 15
360 359 16
366 364 15
417 417 17
474 472 17
486 485 16
495 494 15
651 649 13
732 730 14
783 782 16
783 783 15
918 917 14
924 922 18
948 947 17
963 961 18
21 21 14
42 42 15
54 53 13
150 149 13
234 232 15
276 274 15
285 284 14
345 344 14
384 384 13
423 422 13
441 441 14
498 496 17
537 536 13
567 567 16
612 611 17
657 656 15
675 675 16
747 745 15
825 823 15
828 827 15
15 14 15
39 37 16
111 111 14
135 134 16
237 235 16
300 299 17
303 301 13
339 337 15
375 375 14
384 383 13
633 633 17
717 716 14
723 721 14
846 846 13
873 871 15
897 897 13
912 912 14
960 959 16
978 977 15
990 988 16
6 5 14
24 24 14
45 43 15
84 82 14
108 106 17
159 158 14
186 185 15
252 252 17
315 314 13
387 385 17
408 408 14
465 463 14
471 469 13
501 499 13
663 663 17
720 718 17
789 789 15
807 805 17
807 807 16
903 903 15
27 26 15
36 36 13
150 149 14
210 210 16
258 256 18
282 282 14
297 295 14
342 341 15
429 427 15
477 476 15
495 495 13
549 547 13
603 603 15
642 641 13
780 779 16
825 824 17
933 932 14
939 937 17
945 944 15
999 998 13
36 36 15
96 96 15
111 110 17
189 188 15
207 206 14
264 263 15
267 265 14
390 388 13
411 410 17
510 510 16
543 543 16
573 572 15
627 626 15
639 638 15
642 640 15
708 708 16
792 792 15
810 810 16
858 856 13
888 888 13
126 124 18
246 244 14
264 264 15
297 295 13
321 319 13
321 319 14
324 322 16
360 359 17
531 531 16
540 540 14
546 544 17
582 580 15
672 671 16
816 816 17
849 847 14
873 872 13
909 907 17
966 964 14
984 982 15
990 990 13
30 29 17
120 118 16
135 133 16
150 148 17
168 167 14
219 217 16
384 382 13
435 435 14
456 455 13
471 471 14
474 473 13
489 487 17
534 532 13
540 539 18
546 544 16
600 599 17
678 677 14
771 770 16
918 917 17
963 961 17
30 28 18
84 83 17
231 231 16
246 245 14
258 257 13
264 264 17
294 294 14
384 382 13
438 436 17
471 470 17
498 497 16
555 553 18
735 734 13
789 789 16
816 814 16
858 856 16
954 953 18
969 968 14
975 975 13
999 997 18
48 47 17
84 82 16
99 98 14
132 132 15
168 166 16
204 204 17
249 248 13
282 280 15
300 299 15
330 328 15
345 345 18
351 349 13
471 470 16
624 622 16
672 671 16
687 685 15
711 710 13
729 729 14
783 783 17
954 952 16
24 23 16
42 42 13
72 72 17
231 230 13
237 235 15
342 340 14
396 396 16
396 396 18
498 497 15
525 524 15
540 539 16
564 563 14
588 587 13
648 646 15
675 673 16
681 680 13
825 823 17
828 828 16
867 867 16
936 934 16
120 118 13
147 147 17
153 152 14
177 175 16
183 183 13
312 311 16
354 352 17
378 377 14
381 380 14
432 430 15
435 433 15
441 439 17
585 583 14
639 638 13
738 737 18
786 784 13
798 798 17
810 810 13
876 876 14
909 907 14
