500 20 114479
25 118 161
25 71 227
25 134 213
25 140 233
25 54 186
25 129 168
25 54 238
25 62 240
25 59 174
25 100 151
25 96 158
25 68 177
25 94 250
25 115 166
25 120 238
25 103 185
25 80 157
25 102 164
25 135 193
25 145 245
39 38 12
81 81 11
81 81 14
96 96 14
99 98 14
156 154 10
159 159 11
321 319 13
354 352 13
444 443 13
453 451 13
456 455 13
591 591 10
618 616 12
624 623 11
627 626 14
630 628 13
630 629 13
654 652 12
681 681 12
735 733 14
774 774 10
807 805 11
957 955 12
960 960 11
18 16 13
51 51 13
66 64 14
90 90 12
111 109 12
126 125 13
126 125 13
267 266 12
291 289 14
291 290 13
291 291 14
375 374 11
519 519 12
525 525 14
612 610 13
639 637 12
660 658 11
690 690 13
747 746 10
858 857 11
870 870 11
903 901 11
912 912 14
957 955 12
993 991 13
15 15 14
21 20 14
51 50 10
54 54 13
84 82 14
102 102 13
120 118 13
168 167 11
177 177 11
264 263 11
324 324 12
363 361 14
393 392 10
462 462 14
465 464 14
495 495 11
624 623 11
756 755 14
780 778 11
804 803 10
864 863 11
888 887 13
963 961 11
984 982 10
990 990 12
12 11 13
63 61 13
123 121 10
126 124 12
156 154 13
162 161 11
198 196 10
207 205 12
225 223 12
282 282 12
291 291 13
297 295 12
315 313 11
318 317 10
462 460 11
594 593 11
639 638 13
642 642 11
732 732 12
747 745 11
789 787 13
801 799 11
828 826 11
852 850 11
975 975 11
18 16 11
45 45 10
72 72 14
135 133 14
153 153 13
207 206 12
300 300 14
342 342 11
369 369 10
420 420 13
486 486 14
507 506 12
570 570 11
573 571 11
600 598 13
627 626 14
636 636 10
642 641 10
693 691 12
696 694 14
702 700 12
747 745 11
837 836 14
891 890 13
978 977 10
108 106 10
117 117 12
132 130 14
135 134 10
141 141 11
183 181 13
243 242 11
255 255 11
258 258 11
306 306 12
363 362 14
462 460 12
507 506 12
528 526 11
537 536 10
609 608 11
717 717 14
726 726 14
759 757 10
768 767 10
777 777 11
807 806 11
918 916 14
951 951 10
969 967 14
39 37 12
51 51 13
96 95 12
111 111 11
120 120 13
204 202 12
270 270 11
282 282 11
285 285 11
327 327 13
384 383 14
411 411 10
444 443 11
444 443 12
510 509 11
549 548 14
564 562 11
585 584 14
687 687 11
714 714 13
723 723 10
798 796 11
804 803 11
900 900 12
951 950 11
105 104 11
126 126 13
174 172 13
246 245 13
258 258 13
267 265 13
351 350 14
354 352 11
372 370 14
375 375 10
384 383 12
393 393 14
399 397 12
426 425 12
432 432 13
435 435 11
477 477 14
525 524 14
564 564 10
648 647 13
843 842 13
852 852 13
924 923 12
969 967 12
996 996 11
24 22 13
66 64 11
189 187 11
249 247 13
252 250 13
273 271 11
324 322 13
336 336 10
357 357 13
387 386 11
390 389 13
402 401 14
402 402 12
423 421 10
474 472 13
477 475 11
516 514 12
582 582 13
642 640 14
711 710 14
753 751 10
885 883 14
909 909 14
987 986 11
996 994 14
105 105 14
132 130 13
141 139 12
189 189 10
225 225 10
288 287 11
288 288 14
318 316 13
393 393 12
402 400 10
411 411 12
474 472 11
474 474 14
480 480 12
483 483 14
498 497 12
564 562 10
567 567 12
585 584 11
672 672 14
732 731 10
744 744 10
861 860 14
969 969 10
984 983 11
33 31 12
135 134 12
168 166 10
201 199 11
225 224 10
231 230 11
309 308 13
336 334 13
342 341 12
423 421 13
453 453 14
462 461 13
522 520 11
570 569 13
714 713 14
732 732 13
741 741 11
759 759 14
816 816 10
885 885 12
894 893 11
894 894 12
939 938 10
948 946 13
990 989 11
27 26 10
30 30 10
51 51 11
69 67 14
144 144 13
147 147 11
156 155 10
180 180 13
231 229 13
240 240 11
264 263 14
291 291 12
357 357 13
378 377 14
396 396 13
423 422 11
477 477 12
498 497 13
504 503 11
531 530 12
579 578 12
702 701 12
810 809 11
837 837 10
882 882 13
39 39 14
60 60 11
90 88 12
135 135 10
216 216 12
264 263 13
276 274 13
339 338 13
384 383 11
438 438 14
447 445 14
459 457 14
462 462 13
477 476 13
639 638 11
645 644 10
735 733 11
750 749 10
798 797 10
819 817 10
840 840 13
861 861 13
888 888 11
906 905 12
954 953 12
6 5 12
81 79 14
87 87 11
87 87 13
141 139 13
150 148 13
198 197 12
207 206 11
261 261 11
315 315 10
339 338 11
408 406 11
465 465 10
513 513 12
534 534 14
702 700 14
762 762 10
816 814 13
846 846 13
852 851 14
888 887 11
906 906 12
909 907 11
933 931 10
963 961 13
72 70 13
96 95 12
150 150 13
216 216 12
360 360 11
387 386 11
387 387 12
405 404 13
435 435 12
594 592 14
606 604 11
639 639 12
642 640 13
660 660 14
684 682 11
693 692 12
744 744 12
744 744 13
801 801 14
822 821 13
879 877 13
888 886 11
891 891 14
909 907 14
993 993 14
6 4 11
54 53 14
135 133 12
177 175 14
225 224 11
249 247 10
312 311 11
318 317 11
327 325 14
354 353 12
381 379 12
396 395 12
450 449 11
453 451 11
456 455 13
459 458 11
471 471 14
504 502 11
660 659 14
699 699 13
744 742 11
789 787 10
792 790 10
930 928 14
954 953 13
27 25 12
39 39 12
108 108 11
177 175 12
189 188 11
228 227 14
270 270 11
276 274 13
327 326 13
327 327 14
342 342 10
402 400 12
468 466 11
564 563 14
588 587 10
642 640 12
642 641 12
669 668 11
747 746 12
810 808 14
864 862 13
876 875 11
918 917 11
966 965 11
1002 1000 12
15 13 12
48 46 13
60 58 10
90 88 12
120 119 14
156 154 11
243 241 12
249 248 14
267 266 13
282 280 11
339 338 10
366 366 11
492 490 10
570 568 12
618 618 13
660 658 13
693 691 12
849 849 13
852 851 13
873 873 12
897 897 14
915 915 12
921 920 11
933 931 10
999 999 10
15 14 11
27 25 13
36 36 13
42 40 11
114 114 13
153 153 12
168 167 12
174 172 14
219 219 13
258 258 10
291 290 14
447 446 11
471 469 12
504 504 13
612 611 11
624 622 14
708 708 12
771 769 11
822 820 13
846 845 13
852 850 11
879 879 13
897 895 12
957 957 14
996 994 11
30 30 10
42 41 12
114 114 13
171 171 14
213 211 13
213 212 11
240 240 12
306 305 11
318 318 12
333 331 13
357 355 12
444 442 12
453 451 13
609 609 11
612 611 12
645 645 12
666 664 13
684 682 12
711 709 11
777 775 13
873 872 13
909 907 14
927 927 13
975 973 10
984 982 14
