1000 20 3609245
50 60 150
50 66 213
50 114 194
50 78 186
50 64 211
50 76 206
50 69 245
50 80 153
50 76 170
50 53 160
50 144 159
50 96 180
50 61 166
50 140 232
50 123 220
50 101 217
50 96 199
50 118 168
50 141 157
50 81 246
1258 1436 7
1671 1505 6
1671 1505 6
1671 1505 6
2516 2872 5
2516 2872 7
2516 2872 7
3342 3010 6
3342 3010 6
3342 3010 6
3342 3010 7
3774 4308 6
3774 4308 6
3774 4308 6
3774 4308 6
3774 4308 6
5013 4515 5
5013 4515 6
5013 4515 7
5032 5744 5
5032 5744 6
5032 5744 6
5032 5744 6
6684 6020 6
6684 6020 6
7548 8616 5
7548 8616 6
8355 7525 5
8806 10052 6
8806 10052 6
10026 9030 7
10064 11488 6
10064 11488 6
10064 11488 6
10064 11488 6
11697 10535 5
11697 10535 6
11697 10535 7
12580 14360 6
12580 14360 6
13368 12040 5
13368 12040 6
13368 12040 7
13368 12040 7
13368 12040 7
15039 13545 6
15039 13545 7
16710 15050 6
16710 15050 6
16710 15050 7
1258 1436 6
1258 1436 6
1671 1505 6
1671 1505 6
1671 1505 6
1671 1505 7
1671 1505 7
3342 3010 5
3342 3010 6
3342 3010 6
3342 3010 6
3342 3010 7
3342 3010 7
3774 4308 5
5013 4515 6
5013 4515 6
5032 5744 6
6290 7180 6
6290 7180 7
6684 6020 6
6684 6020 7
6684 6020 7
6684 6020 7
7548 8616 5
7548 8616 6
7548 8616 6
7548 8616 6
7548 8616 7
8355 7525 5
8355 7525 7
8806 10052 5
8806 10052 5
8806 10052 6
10026 9030 5
10026 9030 6
10026 9030 7
10064 11488 5
10064 11488 7
11322 12924 7
11697 10535 6
12580 14360 5
12580 14360 7
13368 12040 7
13368 12040 7
13368 12040 7
15039 13545 5
15039 13545 6
15039 13545 6
15039 13545 7
16710 15050 6
1258 1436 5
1258 1436 7
1258 1436 7
1671 1505 6
1671 1505 6
1671 1505 7
1671 1505 7
1671 1505 7
2516 2872 6
2516 2872 6
3342 3010 6
3342 3010 7
3774 4308 7
5013 4515 7
5032 5744 6
5032 5744 6
5032 5744 7
6290 7180 7
6684 6020 5
6684 6020 5
6684 6020 5
6684 6020 6
6684 6020 6
6684 6020 7
7548 8616 6
7548 8616 6
7548 8616 6
7548 8616 7
8355 7525 6
8806 10052 6
8806 10052 6
8806 10052 7
8806 10052 7
10026 9030 7
11697 10535 5
11697 10535 6
11697 10535 7
11697 10535 7
11697 10535 7
11697 10535 7
12580 14360 6
13368 12040 5
13368 12040 7
15039 13545 5
15039 13545 5
15039 13545 6
16710 15050 6
16710 15050 6
16710 15050 6
16710 15050 7
1258 1436 6
1671 1505 5
1671 1505 5
1671 1505 6
2516 2872 6
2516 2872 7
3342 3010 6
3342 3010 6
3342 3010 6
3774 4308 5
5013 4515 6
5013 4515 6
5032 5744 5
5032 5744 6
5032 5744 6
6290 7180 6
6290 7180 6
6290 7180 7
6684 6020 6
8355 7525 6
8355 7525 6
8355 7525 6
8355 7525 7
8806 10052 6
8806 10052 6
8806 10052 7
10064 11488 6
10064 11488 7
10064 11488 7
11322 12924 5
11322 12924 6
11322 12924 6
11322 12924 7
11697 10535 5
11697 10535 7
11697 10535 7
12580 14360 6
12580 14360 6
12580 14360 7
12580 14360 7
12580 14360 7
13368 12040 5
13368 12040 6
13368 12040 6
13368 12040 6
13368 12040 7
15039 13545 6
15039 13545 7
16710 15050 7
16710 15050 7
1258 1436 5
1258 1436 6
1258 1436 6
1258 1436 7
1671 1505 7
3342 3010 5
3342 3010 5
3342 3010 6
3342 3010 7
3774 4308 6
3774 4308 7
3774 4308 7
3774 4308 7
5013 4515 7
5013 4515 7
5013 4515 7
5032 5744 6
5032 5744 7
6684 6020 5
6684 6020 6
6684 6020 6
6684 6020 7
7548 8616 7
8355 7525 7
8806 10052 6
8806 10052 7
8806 10052 7
10026 9030 5
10026 9030 6
10026 9030 6
10026 9030 7
10026 9030 7
10064 11488 6
10064 11488 6
10064 11488 7
11322 12924 5
11322 12924 6
11322 12924 7
11697 10535 6
11697 10535 6
11697 10535 6
11697 10535 7
13368 12040 5
13368 12040 6
15039 13545 6
15039 13545 6
16710 15050 7
16710 15050 7
16710 15050 7
16710 15050 7
1258 1436 6
1671 1505 5
1671 1505 7
1671 1505 7
2516 2872 6
3342 3010 5
3342 3010 6
3342 3010 7
3774 4308 5
3774 4308 6
5013 4515 7
5032 5744 7
5032 5744 7
6290 7180 5
6290 7180 6
6290 7180 6
6290 7180 6
6290 7180 7
6290 7180 7
6684 6020 5
6684 6020 6
6684 6020 6
6684 6020 7
7548 8616 6
7548 8616 7
8355 7525 6
8806 10052 6
8806 10052 7
10026 9030 7
10026 9030 7
10064 11488 5
10064 11488 6
11322 12924 7
11322 12924 7
11322 12924 7
11697 10535 6
11697 10535 7
12580 14360 5
12580 14360 6
12580 14360 6
12580 14360 6
12580 14360 6
12580 14360 6
13368 12040 5
13368 12040 7
15039 13545 6
15039 13545 7
16710 15050 5
16710 15050 6
16710 15050 6
1258 1436 5
1258 1436 6
1258 1436 6
1258 1436 7
1671 1505 5
1671 1505 7
1671 1505 7
2516 2872 5
2516 2872 6
3342 3010 7
3342 3010 7
3774 4308 6
3774 4308 6
3774 4308 6
3774 4308 7
3774 4308 7
5013 4515 5
5013 4515 6
5013 4515 7
5013 4515 7
5032 5744 7
6290 7180 6
6290 7180 6
6290 7180 6
6290 7180 7
6290 7180 7
6684 6020 7
7548 8616 6
7548 8616 6
7548 8616 7
8355 7525 7
8806 10052 6
8806 10052 7
10026 9030 6
10026 9030 6
10064 11488 6
10064 11488 6
10064 11488 6
11322 12924 5
11322 12924 7
11697 10535 6
11697 10535 7
11697 10535 7
13368 12040 5
13368 12040 7
15039 13545 6
15039 13545 6
16710 15050 5
16710 15050 6
16710 15050 6
1671 1505 5
1671 1505 6
1671 1505 6
1671 1505 7
1671 1505 7
2516 2872 5
2516 2872 6
2516 2872 6
2516 2872 7
3342 3010 6
3342 3010 6
3342 3010 7
3342 3010 7
3774 4308 5
3774 4308 5
3774 4308 6
5013 4515 5
5032 5744 6
5032 5744 7
6290 7180 7
6290 7180 7
6684 6020 6
7548 8616 5
7548 8616 5
7548 8616 6
7548 8616 6
8355 7525 6
8355 7525 6
8355 7525 7
8806 10052 6
8806 10052 6
10026 9030 6
10026 9030 7
11322 12924 6
11322 12924 7
11697 10535 6
11697 10535 6
11697 10535 6
11697 10535 6
11697 10535 7
11697 10535 7
11697 10535 7
11697 10535 7
12580 14360 5
12580 14360 6
13368 12040 6
13368 12040 6
16710 15050 5
16710 15050 5
16710 15050 7
1258 1436 6
1258 1436 7
1258 1436 7
1671 1505 6
1671 1505 6
1671 1505 6
1671 1505 7
2516 2872 5
2516 2872 5
2516 2872 7
3342 3010 5
3342 3010 6
3342 3010 7
3342 3010 7
3774 4308 7
5013 4515 5
5013 4515 7
5032 5744 5
5032 5744 7
6290 7180 6
6290 7180 7
6290 7180 7
6290 7180 7
7548 8616 7
7548 8616 7
8355 7525 7
8806 10052 5
8806 10052 7
8806 10052 7
10026 9030 5
10026 9030 6
10064 11488 6
10064 11488 6
10064 11488 7
10064 11488 7
11322 12924 5
11322 12924 6
11697 10535 5
11697 10535 6
11697 10535 7
13368 12040 6
13368 12040 6
13368 12040 6
13368 12040 6
13368 12040 6
15039 13545 5
15039 13545 6
15039 13545 7
16710 15050 6
16710 15050 7
1258 1436 6
1258 1436 6
1258 1436 7
1671 1505 6
1671 1505 7
1671 1505 7
2516 2872 7
2516 2872 7
2516 2872 7
3342 3010 5
3342 3010 6
3342 3010 6
3342 3010 7
3774 4308 5
3774 4308 6
3774 4308 7
3774 4308 7
5013 4515 5
5013 4515 6
5013 4515 7
5032 5744 7
6290 7180 5
6290 7180 6
6290 7180 6
6290 7180 7
6290 7180 7
7548 8616 6
7548 8616 6
7548 8616 7
7548 8616 7
8355 7525 6
8806 10052 7
10026 9030 7
10064 11488 7
10064 11488 7
11322 12924 6
11697 10535 7
11697 10535 7
11697 10535 7
11697 10535 7
12580 14360 5
12580 14360 5
13368 12040 6
13368 12040 7
13368 12040 7
15039 13545 5
16710 15050 6
16710 15050 6
16710 15050 6
16710 15050 7
1258 1436 6
1258 1436 6
2516 2872 6
2516 2872 7
3342 3010 6
3342 3010 7
3774 4308 7
5013 4515 5
5013 4515 5
5013 4515 6
5032 5744 6
5032 5744 6
6290 7180 5
6290 7180 5
6290 7180 5
6290 7180 6
6684 6020 6
6684 6020 6
6684 6020 7
7548 8616 7
8355 7525 5
8355 7525 5
8355 7525 6
8355 7525 6
8355 7525 6
8806 10052 7
10026 9030 5
10026 9030 6
10026 9030 6
10026 9030 6
10064 11488 5
10064 11488 7
10064 11488 7
11322 12924 5
11322 12924 6
11322 12924 6
11322 12924 7
11322 12924 7
13368 12040 7
13368 12040 7
13368 12040 7
15039 13545 6
15039 13545 6
15039 13545 7
16710 15050 6
16710 15050 6
16710 15050 6
16710 15050 6
16710 15050 7
16710 15050 7
1258 1436 5
1258 1436 6
1671 1505 5
1671 1505 6
1671 1505 7
2516 2872 7
3342 3010 5
3342 3010 6
3342 3010 6
3342 3010 7
3342 3010 7
5013 4515 6
5013 4515 7
5032 5744 6
6290 7180 5
6290 7180 5
6290 7180 6
6290 7180 6
7548 8616 6
7548 8616 6
7548 8616 6
7548 8616 7
8355 7525 6
8355 7525 7
8355 7525 7
8806 10052 5
10026 9030 6
10026 9030 6
10026 9030 7
10064 11488 6
10064 11488 7
11322 12924 5
11322 12924 6
11322 12924 6
11322 12924 7
11697 10535 5
11697 10535 6
11697 10535 6
12580 14360 6
13368 12040 6
13368 12040 6
13368 12040 7
15039 13545 5
15039 13545 6
15039 13545 7
15039 13545 7
15039 13545 7
16710 15050 6
16710 15050 6
16710 15050 7
1258 1436 6
1671 1505 5
1671 1505 6
1671 1505 7
2516 2872 6
2516 2872 7
2516 2872 7
3342 3010 5
3342 3010 6
3774 4308 5
3774 4308 5
3774 4308 6
3774 4308 7
3774 4308 7
5032 5744 6
5032 5744 6
6290 7180 7
6290 7180 7
6290 7180 7
6684 6020 5
6684 6020 6
6684 6020 6
6684 6020 7
7548 8616 6
7548 8616 6
8355 7525 7
8355 7525 7
8355 7525 7
8806 10052 6
10026 9030 6
10026 9030 6
10064 11488 6
10064 11488 7
11322 12924 5
11322 12924 5
11322 12924 5
11322 12924 6
11697 10535 6
11697 10535 7
12580 14360 7
12580 14360 7
13368 12040 6
15039 13545 6
15039 13545 6
15039 13545 6
15039 13545 6
15039 13545 7
15039 13545 7
16710 15050 5
16710 15050 7
1258 1436 6
1258 1436 6
1258 1436 7
1671 1505 6
1671 1505 7
2516 2872 5
2516 2872 6
2516 2872 6
2516 2872 7
3342 3010 6
3342 3010 7
3342 3010 7
3774 4308 6
3774 4308 6
5013 4515 6
5013 4515 7
5032 5744 5
5032 5744 5
5032 5744 6
5032 5744 7
6290 7180 5
6290 7180 6
6684 6020 6
7548 8616 6
7548 8616 7
8355 7525 7
8355 7525 7
8806 10052 6
10026 9030 6
10026 9030 6
10064 11488 6
10064 11488 6
10064 11488 7
11322 12924 7
11322 12924 7
11697 10535 5
12580 14360 5
12580 14360 6
12580 14360 6
12580 14360 7
12580 14360 7
13368 12040 5
13368 12040 5
15039 13545 5
15039 13545 5
15039 13545 6
15039 13545 7
16710 15050 6
16710 15050 7
16710 15050 7
1258 1436 6
2516 2872 5
2516 2872 6
2516 2872 7
3342 3010 5
3342 3010 6
3774 4308 6
3774 4308 7
3774 4308 7
3774 4308 7
5013 4515 6
5013 4515 6
5032 5744 7
6290 7180 5
6290 7180 6
6290 7180 7
6290 7180 7
6684 6020 5
6684 6020 6
6684 6020 6
7548 8616 5
7548 8616 7
7548 8616 7
8355 7525 5
8355 7525 6
8355 7525 7
8806 10052 6
8806 10052 6
10026 9030 6
10026 9030 6
10064 11488 5
10064 11488 6
10064 11488 6
10064 11488 7
11322 12924 6
11322 12924 7
11697 10535 5
11697 10535 6
11697 10535 6
11697 10535 7
11697 10535 7
12580 14360 5
12580 14360 6
13368 12040 7
15039 13545 6
15039 13545 7
16710 15050 5
16710 15050 5
16710 15050 5
16710 15050 7
1258 1436 5
1258 1436 5
1258 1436 5
1258 1436 6
1258 1436 7
1258 1436 7
1671 1505 6
2516 2872 7
2516 2872 7
3342 3010 6
3342 3010 6
3342 3010 7
3342 3010 7
3774 4308 5
3774 4308 5
3774 4308 6
3774 4308 6
3774 4308 7
5013 4515 6
5013 4515 6
5013 4515 7
5032 5744 7
6290 7180 6
6290 7180 7
6684 6020 6
6684 6020 6
6684 6020 6
7548 8616 5
8355 7525 7
8355 7525 7
8806 10052 7
10026 9030 7
10064 11488 6
10064 11488 6
10064 11488 6
10064 11488 6
10064 11488 6
10064 11488 7
11322 12924 7
11697 10535 5
11697 10535 6
11697 10535 6
13368 12040 6
13368 12040 6
15039 13545 5
15039 13545 7
16710 15050 6
16710 15050 6
16710 15050 6
16710 15050 7
1258 1436 5
1258 1436 6
1258 1436 6
1671 1505 6
1671 1505 6
1671 1505 7
2516 2872 6
2516 2872 6
2516 2872 6
3342 3010 5
3342 3010 6
3774 4308 6
3774 4308 6
3774 4308 7
5013 4515 7
5013 4515 7
5032 5744 6
5032 5744 6
5032 5744 6
5032 5744 7
5032 5744 7
6290 7180 6
6290 7180 6
6290 7180 6
6290 7180 7
7548 8616 6
8355 7525 7
8355 7525 7
8806 10052 5
8806 10052 5
8806 10052 7
10026 9030 7
10064 11488 6
10064 11488 6
10064 11488 6
11322 12924 7
11697 10535 7
12580 14360 6
12580 14360 6
12580 14360 6
12580 14360 7
13368 12040 6
13368 12040 6
15039 13545 6
16710 15050 5
16710 15050 6
16710 15050 6
16710 15050 7
16710 15050 7
16710 15050 7
1258 1436 5
1258 1436 6
1258 1436 7
1671 1505 7
1671 1505 7
1671 1505 7
1671 1505 7
1671 1505 7
2516 2872 7
3342 3010 5
3342 3010 6
3342 3010 7
3342 3010 7
3774 4308 5
3774 4308 6
5013 4515 6
5013 4515 6
6290 7180 6
6290 7180 6
6290 7180 6
6684 6020 5
6684 6020 6
7548 8616 6
7548 8616 7
8355 7525 5
8355 7525 7
8806 10052 5
8806 10052 6
8806 10052 6
8806 10052 7
10026 9030 5
10026 9030 5
10064 11488 6
11697 10535 6
11697 10535 7
11697 10535 7
12580 14360 5
12580 14360 5
12580 14360 6
12580 14360 6
12580 14360 7
13368 12040 6
15039 13545 5
15039 13545 5
15039 13545 7
16710 15050 5
16710 15050 6
16710 15050 6
16710 15050 6
16710 15050 6
1258 1436 6
1258 1436 7
1258 1436 7
1258 1436 7
1671 1505 7
2516 2872 6
2516 2872 6
2516 2872 7
2516 2872 7
3342 3010 5
3342 3010 6
3342 3010 7
3774 4308 5
3774 4308 6
3774 4308 6
3774 4308 6
3774 4308 7
3774 4308 7
5013 4515 7
5032 5744 7
5032 5744 7
6290 7180 7
6290 7180 7
6684 6020 5
6684 6020 7
6684 6020 7
7548 8616 6
7548 8616 7
8355 7525 6
8355 7525 6
8355 7525 6
8806 10052 6
8806 10052 7
10026 9030 5
10064 11488 5
10064 11488 6
10064 11488 6
10064 11488 6
10064 11488 6
10064 11488 7
10064 11488 7
11322 12924 6
11322 12924 7
11697 10535 7
12580 14360 6
12580 14360 6
13368 12040 5
15039 13545 6
15039 13545 7
16710 15050 7
1671 1505 6
1671 1505 6
1671 1505 6
1671 1505 7
1671 1505 7
1671 1505 7
1671 1505 7
1671 1505 7
2516 2872 5
2516 2872 6
2516 2872 6
3342 3010 5
3774 4308 6
5032 5744 5
6290 7180 6
6290 7180 7
6290 7180 7
6684 6020 5
6684 6020 6
7548 8616 6
7548 8616 7
7548 8616 7
7548 8616 7
8355 7525 6
8355 7525 6
8806 10052 6
8806 10052 6
8806 10052 6
8806 10052 7
10026 9030 5
10026 9030 6
10064 11488 6
10064 11488 6
11322 12924 5
11322 12924 5
11322 12924 6
11697 10535 6
12580 14360 6
12580 14360 6
13368 12040 5
13368 12040 6
13368 12040 6
13368 12040 7
13368 12040 7
15039 13545 7
16710 15050 5
16710 15050 6
16710 15050 6
16710 15050 7
16710 15050 7
