2000 20 667754
100 104 241
100 65 190
100 77 186
100 64 245
100 63 180
100 130 155
100 86 183
100 78 233
100 66 236
100 107 242
100 85 248
100 98 245
100 52 174
100 127 245
100 93 178
100 60 180
100 53 248
100 83 168
100 80 217
100 84 244
149 129 2
149 129 2
149 129 3
149 129 3
149 129 3
149 129 3
149 129 3
149 129 3
149 129 3
149 129 3
161 141 3
298 258 2
298 258 3
298 258 3
298 258 3
298 258 3
298 258 3
322 282 3
447 387 3
447 387 3
447 387 3
483 423 2
483 423 3
483 423 3
596 516 3
596 516 3
596 516 3
596 516 3
596 516 3
644 564 2
644 564 3
644 564 3
644 564 3
644 564 3
644 564 3
745 645 2
745 645 2
745 645 3
745 645 3
745 645 3
805 705 2
805 705 2
805 705 3
894 774 3
894 774 3
894 774 3
966 846 3
966 846 3
966 846 3
966 846 3
1043 903 2
1043 903 3
1043 903 3
1043 903 3
1043 903 3
1043 903 3
1127 987 3
1127 987 3
1127 987 3
1127 987 3
1127 987 3
1192 1032 3
1192 1032 3
1192 1032 3
1192 1032 3
1192 1032 3
1192 1032 3
1192 1032 3
1192 1032 3
1192 1032 3
1192 1032 3
1288 1128 2
1288 1128 3
1288 1128 3
1341 1161 2
1341 1161 3
1341 1161 3
1341 1161 3
1341 1161 3
1341 1161 3
1341 1161 3
1341 1161 3
1341 1161 3
1449 1269 3
1449 1269 3
1449 1269 3
1449 1269 3
1449 1269 3
1490 1290 2
1490 1290 2
1490 1290 3
1490 1290 3
1490 1290 3
1610 1410 2
1610 1410 3
1610 1410 3
1610 1410 3
1610 1410 3
1610 1410 3
1610 1410 3
149 129 2
149 129 2
149 129 2
149 129 3
161 141 2
161 141 3
161 141 3
298 258 2
298 258 2
298 258 3
298 258 3
322 282 3
322 282 3
322 282 3
322 282 3
322 282 3
322 282 3
447 387 2
447 387 2
447 387 2
447 387 3
483 423 3
483 423 3
483 423 3
483 423 3
483 423 3
483 423 3
483 423 3
596 516 2
596 516 2
596 516 2
596 516 3
596 516 3
596 516 3
596 516 3
596 516 3
644 564 2
644 564 3
644 564 3
644 564 3
745 645 2
745 645 3
745 645 3
745 645 3
745 645 3
745 645 3
805 705 3
805 705 3
805 705 3
894 774 3
894 774 3
894 774 3
894 774 3
894 774 3
894 774 3
966 846 3
966 846 3
966 846 3
966 846 3
966 846 3
1043 903 3
1043 903 3
1127 987 3
1127 987 3
1127 987 3
1127 987 3
1192 1032 3
1192 1032 3
1192 1032 3
1192 1032 3
1192 1032 3
1192 1032 3
1192 1032 3
1288 1128 2
1288 1128 3
1288 1128 3
1288 1128 3
1288 1128 3
1288 1128 3
1341 1161 3
1341 1161 3
1449 1269 2
1449 1269 3
1449 1269 3
1449 1269 3
1449 1269 3
1449 1269 3
1490 1290 2
1490 1290 3
1490 1290 3
1490 1290 3
1610 1410 2
1610 1410 3
1610 1410 3
1610 1410 3
1610 1410 3
1610 1410 3
1610 1410 3
1610 1410 3
1610 1410 3
149 129 3
149 129 3
149 129 3
149 129 3
161 141 3
161 141 3
298 258 3
298 258 3
298 258 3
322 282 2
322 282 3
322 282 3
447 387 2
447 387 3
447 387 3
447 387 3
447 387 3
447 387 3
483 423 3
483 423 3
483 423 3
483 423 3
596 516 3
596 516 3
596 516 3
596 516 3
644 564 2
644 564 2
644 564 3
644 564 3
644 564 3
644 564 3
644 564 3
644 564 3
745 645 3
745 645 3
745 645 3
745 645 3
745 645 3
745 645 3
805 705 3
805 705 3
805 705 3
894 774 3
894 774 3
894 774 3
894 774 3
894 774 3
966 846 2
966 846 2
966 846 3
966 846 3
966 846 3
966 846 3
966 846 3
1043 903 2
1043 903 3
1043 903 3
1043 903 3
1127 987 3
1127 987 3
1127 987 3
1127 987 3
1127 987 3
1127 987 3
1127 987 3
1192 1032 2
1192 1032 3
1192 1032 3
1192 1032 3
1192 1032 3
1192 1032 3
1192 1032 3
1288 1128 2
1288 1128 3
1288 1128 3
1288 1128 3
1341 1161 2
1341 1161 2
1341 1161 2
1341 1161 3
1341 1161 3
1341 1161 3
1341 1161 3
1341 1161 3
1341 1161 3
1341 1161 3
1449 1269 3
1449 1269 3
1490 1290 3
1490 1290 3
1490 1290 3
1490 1290 3
1490 1290 3
1490 1290 3
1490 1290 3
1610 1410 3
1610 1410 3
1610 1410 3
1610 1410 3
149 129 2
149 129 3
149 129 3
149 129 3
161 141 2
161 141 3
161 141 3
161 141 3
161 141 3
161 141 3
161 141 3
298 258 2
298 258 3
298 258 3
298 258 3
298 258 3
322 282 2
322 282 3
322 282 3
447 387 2
447 387 3
447 387 3
447 387 3
447 387 3
483 423 3
483 423 3
483 423 3
483 423 3
483 423 3
483 423 3
596 516 3
596 516 3
596 516 3
596 516 3
745 645 3
745 645 3
745 645 3
745 645 3
745 645 3
805 705 2
805 705 3
805 705 3
805 705 3
805 705 3
894 774 3
894 774 3
894 774 3
966 846 3
966 846 3
966 846 3
966 846 3
1043 903 3
1043 903 3
1043 903 3
1043 903 3
1043 903 3
1043 903 3
1127 987 2
1127 987 2
1127 987 3
1127 987 3
1127 987 3
1127 987 3
1127 987 3
1127 987 3
1127 987 3
1127 987 3
1127 987 3
1192 1032 2
1192 1032 3
1192 1032 3
1192 1032 3
1192 1032 3
1192 1032 3
1288 1128 3
1288 1128 3
1288 1128 3
1288 1128 3
1288 1128 3
1288 1128 3
1288 1128 3
1341 1161 2
1341 1161 3
1341 1161 3
1341 1161 3
1341 1161 3
1341 1161 3
1449 1269 2
1449 1269 3
1490 1290 2
1490 1290 3
1490 1290 3
1610 1410 2
1610 1410 3
1610 1410 3
1610 1410 3
1610 1410 3
1610 1410 3
1610 1410 3
1610 1410 3
149 129 2
149 129 3
161 141 2
161 141 3
161 141 3
161 141 3
298 258 2
298 258 2
298 258 2
298 258 3
298 258 3
298 258 3
298 258 3
298 258 3
298 258 3
298 258 3
322 282 3
322 282 3
322 282 3
322 282 3
322 282 3
447 387 3
447 387 3
447 387 3
447 387 3
447 387 3
447 387 3
447 387 3
447 387 3
483 423 2
483 423 3
483 423 3
483 423 3
483 423 3
483 423 3
483 423 3
596 516 2
596 516 3
596 516 3
596 516 3
596 516 3
644 564 3
644 564 3
644 564 3
644 564 3
644 564 3
745 645 2
745 645 3
745 645 3
745 645 3
805 705 2
805 705 3
805 705 3
805 705 3
805 705 3
894 774 2
894 774 3
894 774 3
894 774 3
966 846 2
966 846 2
966 846 3
966 846 3
1043 903 3
1043 903 3
1043 903 3
1043 903 3
1043 903 3
1043 903 3
1043 903 3
1127 987 3
1127 987 3
1192 1032 3
1192 1032 3
1192 1032 3
1192 1032 3
1192 1032 3
1288 1128 2
1288 1128 3
1288 1128 3
1341 1161 2
1341 1161 2
1341 1161 2
1341 1161 2
1341 1161 3
1341 1161 3
1341 1161 3
1341 1161 3
1341 1161 3
1449 1269 3
1490 1290 2
1490 1290 3
1490 1290 3
1490 1290 3
1490 1290 3
1610 1410 2
1610 1410 3
1610 1410 3
1610 1410 3
1610 1410 3
149 129 3
149 129 3
149 129 3
149 129 3
149 129 3
149 129 3
161 141 2
161 141 3
161 141 3
161 141 3
161 141 3
298 258 2
298 258 3
298 258 3
298 258 3
298 258 3
298 258 3
322 282 2
322 282 3
322 282 3
322 282 3
322 282 3
322 282 3
447 387 2
447 387 2
447 387 2
447 387 3
447 387 3
447 387 3
483 423 2
483 423 3
483 423 3
483 423 3
596 516 2
596 516 3
596 516 3
644 564 2
644 564 2
644 564 3
644 564 3
644 564 3
644 564 3
644 564 3
644 564 3
644 564 3
745 645 2
745 645 2
745 645 3
745 645 3
745 645 3
745 645 3
805 705 2
805 705 3
805 705 3
805 705 3
805 705 3
805 705 3
894 774 3
894 774 3
894 774 3
966 846 3
1043 903 3
1043 903 3
1043 903 3
1127 987 2
1127 987 3
1127 987 3
1127 987 3
1127 987 3
1127 987 3
1127 987 3
1127 987 3
1192 1032 2
1192 1032 2
1192 1032 3
1288 1128 2
1288 1128 3
1288 1128 3
1341 1161 3
1341 1161 3
1341 1161 3
1341 1161 3
1341 1161 3
1341 1161 3
1449 1269 2
1449 1269 2
1449 1269 3
1449 1269 3
1449 1269 3
1449 1269 3
1449 1269 3
1449 1269 3
1449 1269 3
1449 1269 3
1490 1290 3
1490 1290 3
1490 1290 3
1490 1290 3
1610 1410 3
1610 1410 3
149 129 3
149 129 3
149 129 3
149 129 3
161 141 3
161 141 3
161 141 3
161 141 3
298 258 3
298 258 3
298 258 3
298 258 3
322 282 2
322 282 2
322 282 3
322 282 3
322 282 3
322 282 3
447 387 2
447 387 3
447 387 3
447 387 3
447 387 3
447 387 3
483 423 3
483 423 3
483 423 3
483 423 3
596 516 2
596 516 3
596 516 3
596 516 3
596 516 3
596 516 3
596 516 3
644 564 2
644 564 3
644 564 3
644 564 3
644 564 3
644 564 3
644 564 3
745 645 2
745 645 3
745 645 3
745 645 3
745 645 3
745 645 3
745 645 3
894 774 2
894 774 3
894 774 3
894 774 3
894 774 3
894 774 3
966 846 2
966 846 2
966 846 3
966 846 3
966 846 3
966 846 3
966 846 3
966 846 3
966 846 3
966 846 3
1043 903 3
1043 903 3
1043 903 3
1127 987 2
1127 987 3
1127 987 3
1127 987 3
1127 987 3
1192 1032 2
1192 1032 2
1192 1032 3
1192 1032 3
1192 1032 3
1192 1032 3
1192 1032 3
1192 1032 3
1192 1032 3
1288 1128 3
1288 1128 3
1288 1128 3
1288 1128 3
1288 1128 3
1341 1161 3
1341 1161 3
1449 1269 3
1449 1269 3
1490 1290 2
1490 1290 2
1490 1290 2
1490 1290 3
1490 1290 3
1490 1290 3
1490 1290 3
1610 1410 2
1610 1410 3
149 129 2
149 129 2
149 129 3
149 129 3
149 129 3
149 129 3
149 129 3
161 141 2
161 141 3
161 141 3
161 141 3
161 141 3
161 141 3
161 141 3
298 258 3
298 258 3
298 258 3
298 258 3
322 282 2
322 282 3
322 282 3
322 282 3
322 282 3
322 282 3
322 282 3
322 282 3
447 387 2
447 387 3
447 387 3
447 387 3
447 387 3
447 387 3
447 387 3
447 387 3
483 423 2
483 423 3
483 423 3
483 423 3
596 516 3
596 516 3
596 516 3
596 516 3
596 516 3
644 564 2
644 564 3
644 564 3
644 564 3
644 564 3
644 564 3
644 564 3
745 645 3
745 645 3
745 645 3
805 705 3
805 705 3
805 705 3
805 705 3
805 705 3
894 774 2
894 774 3
894 774 3
894 774 3
894 774 3
894 774 3
966 846 2
966 846 2
966 846 3
966 846 3
1043 903 3
1043 903 3
1127 987 3
1127 987 3
1127 987 3
1127 987 3
1127 987 3
1127 987 3
1192 1032 3
1192 1032 3
1288 1128 3
1288 1128 3
1288 1128 3
1341 1161 3
1341 1161 3
1449 1269 2
1449 1269 3
1449 1269 3
1449 1269 3
1449 1269 3
1449 1269 3
1490 1290 2
1490 1290 2
1490 1290 3
1490 1290 3
1490 1290 3
1610 1410 2
1610 1410 3
1610 1410 3
1610 1410 3
1610 1410 3
1610 1410 3
149 129 3
149 129 3
161 141 2
161 141 2
161 141 3
161 141 3
161 141 3
161 141 3
161 141 3
298 258 2
298 258 3
298 258 3
298 258 3
322 282 2
322 282 2
322 282 3
322 282 3
447 387 2
447 387 2
447 387 3
447 387 3
447 387 3
483 423 3
483 423 3
483 423 3
596 516 3
596 516 3
596 516 3
644 564 2
644 564 3
644 564 3
644 564 3
644 564 3
745 645 3
745 645 3
805 705 2
805 705 3
805 705 3
805 705 3
805 705 3
805 705 3
805 705 3
894 774 2
894 774 3
966 846 2
966 846 3
966 846 3
966 846 3
966 846 3
1043 903 3
1043 903 3
1043 903 3
1043 903 3
1043 903 3
1043 903 3
1043 903 3
1043 903 3
1043 903 3
1043 903 3
1127 987 2
1127 987 2
1127 987 3
1127 987 3
1127 987 3
1127 987 3
1192 1032 2
1192 1032 2
1192 1032 3
1192 1032 3
1192 1032 3
1192 1032 3
1192 1032 3
1192 1032 3
1192 1032 3
1288 1128 3
1288 1128 3
1288 1128 3
1341 1161 2
1341 1161 2
1341 1161 3
1341 1161 3
1449 1269 2
1449 1269 2
1449 1269 3
1449 1269 3
1449 1269 3
1490 1290 2
1490 1290 3
1490 1290 3
1490 1290 3
1490 1290 3
1610 1410 2
1610 1410 2
1610 1410 3
1610 1410 3
1610 1410 3
1610 1410 3
1610 1410 3
1610 1410 3
1610 1410 3
149 129 2
149 129 2
149 129 3
149 129 3
149 129 3
149 129 3
149 129 3
149 129 3
161 141 2
161 141 3
161 141 3
161 141 3
161 141 3
161 141 3
298 258 2
298 258 2
298 258 3
298 258 3
298 258 3
322 282 3
447 387 2
447 387 3
447 387 3
483 423 2
483 423 2
483 423 2
483 423 3
483 423 3
483 423 3
483 423 3
483 423 3
483 423 3
483 423 3
596 516 2
596 516 3
596 516 3
596 516 3
596 516 3
596 516 3
644 564 3
644 564 3
644 564 3
745 645 2
745 645 3
745 645 3
745 645 3
805 705 3
805 705 3
805 705 3
805 705 3
805 705 3
805 705 3
894 774 2
894 774 3
966 846 3
966 846 3
966 846 3
1043 903 2
1043 903 3
1043 903 3
1043 903 3
1127 987 3
1192 1032 2
1192 1032 3
1192 1032 3
1192 1032 3
1192 1032 3
1192 1032 3
1192 1032 3
1288 1128 3
1288 1128 3
1288 1128 3
1288 1128 3
1288 1128 3
1288 1128 3
1288 1128 3
1288 1128 3
1288 1128 3
1288 1128 3
1341 1161 3
1341 1161 3
1341 1161 3
1449 1269 3
1449 1269 3
1449 1269 3
1449 1269 3
1449 1269 3
1449 1269 3
1449 1269 3
1449 1269 3
1449 1269 3
1490 1290 3
1490 1290 3
1490 1290 3
1610 1410 2
1610 1410 3
1610 1410 3
1610 1410 3
1610 1410 3
1610 1410 3
149 129 2
149 129 3
149 129 3
149 129 3
149 129 3
149 129 3
149 129 3
161 141 2
161 141 2
161 141 3
161 141 3
161 141 3
161 141 3
298 258 2
298 258 3
298 258 3
298 258 3
298 258 3
322 282 2
322 282 3
447 387 3
447 387 3
447 387 3
447 387 3
447 387 3
447 387 3
483 423 3
483 423 3
483 423 3
483 423 3
483 423 3
596 516 2
596 516 2
596 516 3
596 516 3
596 516 3
596 516 3
644 564 2
644 564 2
644 564 3
644 564 3
644 564 3
644 564 3
644 564 3
745 645 2
745 645 3
745 645 3
745 645 3
745 645 3
805 705 2
805 705 3
805 705 3
805 705 3
805 705 3
805 705 3
894 774 2
894 774 3
894 774 3
966 846 2
966 846 2
966 846 3
1043 903 3
1043 903 3
1043 903 3
1043 903 3
1127 987 2
1127 987 2
1127 987 3
1127 987 3
1127 987 3
1192 1032 2
1192 1032 3
1192 1032 3
1192 1032 3
1288 1128 2
1288 1128 3
1288 1128 3
1288 1128 3
1288 1128 3
1288 1128 3
1288 1128 3
1341 1161 3
1341 1161 3
1341 1161 3
1341 1161 3
1341 1161 3
1341 1161 3
1341 1161 3
1449 1269 3
1449 1269 3
1490 1290 2
1490 1290 2
1490 1290 2
1490 1290 3
1490 1290 3
1490 1290 3
1610 1410 3
1610 1410 3
1610 1410 3
1610 1410 3
149 129 2
149 129 2
149 129 3
161 141 2
161 141 2
161 141 3
161 141 3
161 141 3
298 258 3
298 258 3
298 258 3
298 258 3
298 258 3
298 258 3
322 282 2
322 282 3
322 282 3
322 282 3
322 282 3
447 387 3
447 387 3
447 387 3
447 387 3
447 387 3
447 387 3
483 423 2
483 423 2
483 423 3
483 423 3
483 423 3
483 423 3
596 516 2
596 516 3
596 516 3
596 516 3
596 516 3
596 516 3
596 516 3
596 516 3
596 516 3
644 564 2
644 564 2
644 564 3
644 564 3
644 564 3
644 564 3
745 645 3
745 645 3
745 645 3
745 645 3
805 705 3
805 705 3
805 705 3
805 705 3
805 705 3
805 705 3
894 774 3
894 774 3
894 774 3
966 846 3
966 846 3
966 846 3
966 846 3
966 846 3
1043 903 2
1043 903 3
1043 903 3
1043 903 3
1043 903 3
1043 903 3
1127 987 3
1127 987 3
1127 987 3
1192 1032 2
1192 1032 2
1192 1032 3
1192 1032 3
1192 1032 3
1192 1032 3
1288 1128 3
1288 1128 3
1341 1161 3
1341 1161 3
1341 1161 3
1341 1161 3
1341 1161 3
1449 1269 3
1449 1269 3
1449 1269 3
1449 1269 3
1449 1269 3
1449 1269 3
1490 1290 3
1490 1290 3
1490 1290 3
1490 1290 3
1610 1410 2
1610 1410 3
1610 1410 3
1610 1410 3
149 129 2
149 129 3
149 129 3
149 129 3
149 129 3
149 129 3
161 141 2
161 141 3
161 141 3
161 141 3
161 141 3
161 141 3
161 141 3
298 258 2
298 258 2
298 258 3
298 258 3
298 258 3
298 258 3
298 258 3
322 282 2
322 282 3
322 282 3
322 282 3
322 282 3
322 282 3
322 282 3
322 282 3
447 387 3
447 387 3
447 387 3
483 423 3
483 423 3
483 423 3
596 516 2
596 516 3
596 516 3
596 516 3
596 516 3
644 564 2
644 564 2
644 564 3
644 564 3
644 564 3
745 645 2
745 645 3
745 645 3
745 645 3
745 645 3
805 705 2
805 705 3
805 705 3
805 705 3
894 774 2
894 774 3
966 846 2
966 846 2
966 846 3
966 846 3
966 846 3
1043 903 3
1043 903 3
1043 903 3
1043 903 3
1043 903 3
1127 987 3
1127 987 3
1127 987 3
1192 1032 2
1192 1032 2
1192 1032 3
1288 1128 2
1288 1128 3
1288 1128 3
1288 1128 3
1288 1128 3
1288 1128 3
1341 1161 2
1341 1161 3
1341 1161 3
1341 1161 3
1341 1161 3
1449 1269 2
1449 1269 2
1449 1269 3
1449 1269 3
1449 1269 3
1449 1269 3
1490 1290 2
1490 1290 2
1490 1290 2
1490 1290 2
1490 1290 2
1490 1290 3
1490 1290 3
1490 1290 3
1490 1290 3
1610 1410 2
1610 1410 3
1610 1410 3
149 129 2
149 129 2
149 129 2
149 129 3
149 129 3
149 129 3
149 129 3
149 129 3
161 141 3
161 141 3
161 141 3
161 141 3
161 141 3
298 258 3
298 258 3
298 258 3
298 258 3
298 258 3
322 282 2
322 282 2
322 282 3
322 282 3
447 387 2
447 387 3
483 423 3
483 423 3
483 423 3
596 516 2
596 516 3
596 516 3
596 516 3
596 516 3
596 516 3
644 564 3
644 564 3
644 564 3
644 564 3
644 564 3
644 564 3
745 645 2
745 645 3
745 645 3
745 645 3
745 645 3
805 705 3
805 705 3
805 705 3
894 774 3
894 774 3
894 774 3
894 774 3
966 846 2
966 846 3
966 846 3
966 846 3
966 846 3
966 846 3
966 846 3
966 846 3
1043 903 3
1043 903 3
1127 987 2
1127 987 2
1127 987 3
1127 987 3
1192 1032 2
1192 1032 3
1192 1032 3
1192 1032 3
1288 1128 3
1288 1128 3
1288 1128 3
1288 1128 3
1288 1128 3
1288 1128 3
1288 1128 3
1288 1128 3
1288 1128 3
1288 1128 3
1288 1128 3
1288 1128 3
1341 1161 2
1341 1161 3
1341 1161 3
1341 1161 3
1449 1269 3
1449 1269 3
1449 1269 3
1490 1290 2
1490 1290 2
1490 1290 3
1490 1290 3
1490 1290 3
1610 1410 3
1610 1410 3
1610 1410 3
1610 1410 3
1610 1410 3
1610 1410 3
1610 1410 3
149 129 3
149 129 3
149 129 3
161 141 3
161 141 3
161 141 3
161 141 3
161 141 3
161 141 3
161 141 3
298 258 2
298 258 2
298 258 3
298 258 3
298 258 3
298 258 3
298 258 3
322 282 3
322 282 3
322 282 3
447 387 2
447 387 3
447 387 3
447 387 3
447 387 3
447 387 3
447 387 3
483 423 2
483 423 3
483 423 3
483 423 3
483 423 3
483 423 3
596 516 2
596 516 2
596 516 3
596 516 3
596 516 3
596 516 3
596 516 3
596 516 3
644 564 2
644 564 3
644 564 3
644 564 3
644 564 3
644 564 3
644 564 3
745 645 3
745 645 3
745 645 3
745 645 3
745 645 3
805 705 3
805 705 3
805 705 3
805 705 3
894 774 2
894 774 2
894 774 3
966 846 3
966 846 3
966 846 3
1043 903 2
1043 903 2
1043 903 3
1127 987 3
1127 987 3
1127 987 3
1127 987 3
1127 987 3
1127 987 3
1192 1032 3
1192 1032 3
1192 1032 3
1192 1032 3
1288 1128 2
1288 1128 3
1288 1128 3
1288 1128 3
1288 1128 3
1341 1161 2
1341 1161 2
1341 1161 3
1341 1161 3
1341 1161 3
1341 1161 3
1449 1269 3
1449 1269 3
1449 1269 3
1449 1269 3
1490 1290 3
1490 1290 3
1490 1290 3
1490 1290 3
1490 1290 3
1610 1410 2
1610 1410 2
1610 1410 3
1610 1410 3
149 129 2
149 129 3
149 129 3
149 129 3
149 129 3
149 129 3
149 129 3
161 141 3
298 258 2
298 258 2
298 258 3
298 258 3
298 258 3
322 282 2
322 282 3
322 282 3
322 282 3
322 282 3
322 282 3
322 282 3
447 387 2
447 387 3
447 387 3
483 423 3
596 516 2
596 516 3
596 516 3
596 516 3
596 516 3
596 516 3
596 516 3
644 564 3
644 564 3
745 645 2
745 645 2
745 645 2
745 645 3
745 645 3
745 645 3
745 645 3
745 645 3
745 645 3
805 705 3
805 705 3
805 705 3
805 705 3
805 705 3
805 705 3
894 774 2
894 774 3
894 774 3
894 774 3
894 774 3
894 774 3
894 774 3
966 846 2
966 846 2
966 846 3
966 846 3
966 846 3
1043 903 3
1127 987 3
1192 1032 2
1192 1032 2
1192 1032 3
1192 1032 3
1192 1032 3
1192 1032 3
1192 1032 3
1288 1128 2
1288 1128 3
1288 1128 3
1288 1128 3
1288 1128 3
1288 1128 3
1341 1161 2
1341 1161 2
1341 1161 2
1341 1161 3
1341 1161 3
1341 1161 3
1341 1161 3
1341 1161 3
1449 1269 2
1449 1269 2
1449 1269 3
1449 1269 3
1449 1269 3
1490 1290 3
1490 1290 3
1490 1290 3
1610 1410 2
1610 1410 3
1610 1410 3
1610 1410 3
1610 1410 3
1610 1410 3
1610 1410 3
1610 1410 3
1610 1410 3
149 129 3
149 129 3
149 129 3
149 129 3
161 141 2
161 141 3
161 141 3
161 141 3
298 258 3
298 258 3
298 258 3
298 258 3
298 258 3
322 282 2
322 282 3
322 282 3
322 282 3
322 282 3
322 282 3
322 282 3
447 387 2
447 387 2
447 387 3
447 387 3
447 387 3
447 387 3
447 387 3
447 387 3
483 423 3
483 423 3
483 423 3
596 516 3
596 516 3
596 516 3
596 516 3
596 516 3
596 516 3
596 516 3
596 516 3
596 516 3
644 564 2
644 564 2
644 564 3
644 564 3
644 564 3
644 564 3
644 564 3
644 564 3
745 645 3
745 645 3
745 645 3
805 705 2
805 705 2
805 705 3
805 705 3
805 705 3
805 705 3
805 705 3
894 774 2
894 774 3
894 774 3
894 774 3
894 774 3
894 774 3
966 846 2
966 846 3
966 846 3
1043 903 2
1043 903 3
1043 903 3
1043 903 3
1043 903 3
1127 987 2
1127 987 2
1127 987 3
1127 987 3
1127 987 3
1192 1032 2
1192 1032 2
1192 1032 3
1192 1032 3
1288 1128 2
1288 1128 3
1288 1128 3
1288 1128 3
1288 1128 3
1288 1128 3
1341 1161 2
1341 1161 3
1341 1161 3
1449 1269 2
1449 1269 2
1449 1269 3
1490 1290 2
1490 1290 3
1490 1290 3
1490 1290 3
1490 1290 3
1610 1410 2
1610 1410 3
149 129 2
149 129 3
149 129 3
149 129 3
161 141 3
161 141 3
161 141 3
161 141 3
161 141 3
161 141 3
298 258 2
298 258 3
298 258 3
298 258 3
298 258 3
298 258 3
322 282 3
322 282 3
322 282 3
322 282 3
322 282 3
322 282 3
447 387 2
447 387 3
447 387 3
483 423 2
483 423 3
596 516 3
596 516 3
596 516 3
596 516 3
596 516 3
596 516 3
596 516 3
644 564 2
644 564 3
644 564 3
644 564 3
745 645 3
745 645 3
805 705 3
805 705 3
805 705 3
805 705 3
805 705 3
805 705 3
805 705 3
805 705 3
894 774 3
894 774 3
894 774 3
894 774 3
966 846 2
966 846 2
966 846 3
966 846 3
966 846 3
1043 903 3
1043 903 3
1043 903 3
1043 903 3
1127 987 2
1127 987 3
1127 987 3
1127 987 3
1127 987 3
1127 987 3
1127 987 3
1192 1032 2
1192 1032 3
1192 1032 3
1192 1032 3
1192 1032 3
1288 1128 2
1288 1128 3
1288 1128 3
1288 1128 3
1341 1161 2
1341 1161 3
1341 1161 3
1341 1161 3
1341 1161 3
1449 1269 2
1449 1269 2
1449 1269 3
1449 1269 3
1490 1290 2
1490 1290 3
1490 1290 3
1490 1290 3
1610 1410 2
1610 1410 3
1610 1410 3
1610 1410 3
1610 1410 3
1610 1410 3
1610 1410 3
1610 1410 3
1610 1410 3
1610 1410 3
149 129 3
149 129 3
161 141 2
161 141 3
161 141 3
161 141 3
161 141 3
298 258 3
298 258 3
298 258 3
298 258 3
298 258 3
298 258 3
298 258 3
298 258 3
322 282 3
447 387 2
447 387 3
447 387 3
447 387 3
447 387 3
447 387 3
447 387 3
483 423 2
483 423 2
483 423 2
483 423 3
483 423 3
483 423 3
483 423 3
483 423 3
483 423 3
596 516 3
596 516 3
644 564 3
644 564 3
644 564 3
644 564 3
644 564 3
745 645 2
745 645 3
745 645 3
805 705 2
805 705 2
805 705 3
805 705 3
805 705 3
805 705 3
894 774 3
894 774 3
894 774 3
894 774 3
894 774 3
966 846 2
966 846 3
966 846 3
966 846 3
966 846 3
966 846 3
1043 903 2
1043 903 3
1043 903 3
1043 903 3
1043 903 3
1043 903 3
1043 903 3
1043 903 3
1127 987 2
1127 987 3
1127 987 3
1127 987 3
1127 987 3
1127 987 3
1192 1032 3
1192 1032 3
1192 1032 3
1192 1032 3
1288 1128 2
1288 1128 3
1288 1128 3
1341 1161 3
1341 1161 3
1341 1161 3
1449 1269 2
1449 1269 2
1449 1269 3
1449 1269 3
1449 1269 3
1449 1269 3
1490 1290 2
1490 1290 3
1490 1290 3
1490 1290 3
1490 1290 3
1610 1410 2
1610 1410 2
1610 1410 3
1610 1410 3
1610 1410 3
1610 1410 3
149 129 3
149 129 3
149 129 3
161 141 2
161 141 3
298 258 3
322 282 3
322 282 3
447 387 2
447 387 3
447 387 3
447 387 3
447 387 3
483 423 2
483 423 2
483 423 2
483 423 3
483 423 3
483 423 3
596 516 2
596 516 2
596 516 3
596 516 3
596 516 3
644 564 3
644 564 3
644 564 3
644 564 3
644 564 3
745 645 2
745 645 3
745 645 3
745 645 3
745 645 3
745 645 3
805 705 2
805 705 3
805 705 3
805 705 3
894 774 2
894 774 3
894 774 3
966 846 3
966 846 3
966 846 3
966 846 3
966 846 3
966 846 3
966 846 3
1043 903 2
1043 903 2
1043 903 3
1043 903 3
1043 903 3
1127 987 2
1127 987 2
1127 987 2
1127 987 3
1127 987 3
1127 987 3
1127 987 3
1127 987 3
1127 987 3
1127 987 3
1127 987 3
1192 1032 3
1192 1032 3
1192 1032 3
1288 1128 2
1288 1128 3
1288 1128 3
1288 1128 3
1288 1128 3
1288 1128 3
1288 1128 3
1341 1161 2
1341 1161 3
1341 1161 3
1341 1161 3
1341 1161 3
1341 1161 3
1341 1161 3
1341 1161 3
1341 1161 3
1341 1161 3
1341 1161 3
1449 1269 2
1449 1269 2
1449 1269 3
1449 1269 3
1490 1290 3
1490 1290 3
1490 1290 3
1610 1410 2
1610 1410 2
1610 1410 3
1610 1410 3
1610 1410 3
1610 1410 3
1610 1410 3
