100 20 29237
5 62 232
5 129 245
5 126 152
5 101 218
5 53 245
5 124 203
5 56 236
5 145 228
5 90 153
5 116 243
5 124 211
5 52 207
5 128 241
5 121 247
5 98 167
5 53 207
5 91 227
5 96 185
5 145 201
5 90 176
30 57 72
410 392 59
820 784 60
1435 1372 74
1845 1764 60
60 114 73
70 133 68
80 152 57
1025 980 64
1230 1176 65
50 95 56
50 95 70
205 196 67
615 588 59
1845 1764 61
30 57 54
30 57 73
70 133 60
820 784 60
1435 1372 67
70 133 60
90 171 56
1025 980 65
1230 1176 67
1845 1764 54
20 38 60
30 57 54
615 588 65
615 588 71
1845 1764 67
10 19 63
40 76 75
615 588 67
1230 1176 65
1230 1176 73
20 38 62
30 57 67
70 133 59
100 190 62
820 784 64
10 19 59
30 57 63
90 171 66
1025 980 61
2050 1960 58
40 76 70
410 392 71
615 588 64
820 784 72
1845 1764 71
10 19 73
90 171 59
820 784 62
820 784 67
1435 1372 60
90 171 64
100 190 64
205 196 57
820 784 65
1640 1568 70
10 19 58
10 19 70
30 57 64
1435 1372 67
2050 1960 75
10 19 63
90 171 70
615 588 59
1230 1176 67
2050 1960 56
100 190 62
1025 980 64
1230 1176 55
1435 1372 61
1845 1764 73
10 19 61
40 76 64
40 76 70
70 133 74
1845 1764 61
20 38 69
30 57 58
60 114 72
100 190 58
205 196 58
50 95 65
205 196 67
820 784 55
1025 980 60
1435 1372 64
100 190 54
615 588 72
1230 1176 62
1640 1568 72
2050 1960 65
80 152 65
80 152 75
90 171 62
205 196 57
1435 1372 54
