100 20 31033
5 131 215
5 60 242
5 107 212
5 85 151
5 143 215
5 97 182
5 71 249
5 79 221
5 75 198
5 127 193
5 139 196
5 97 233
5 149 227
5 63 154
5 105 209
5 60 250
5 103 189
5 115 154
5 60 225
5 146 188
71 93 55
213 279 61
355 465 61
568 744 72
639 837 57
568 744 68
1184 1144 64
1184 1144 66
1332 1287 66
1332 1287 67
296 286 70
568 744 67
639 837 68
1036 1001 54
1036 1001 60
284 372 65
568 744 62
568 744 75
1036 1001 61
1184 1144 74
284 372 74
426 558 57
497 651 55
568 744 65
639 837 65
71 93 61
148 143 59
710 930 57
740 715 66
740 715 66
71 93 66
888 858 62
1184 1144 59
1184 1144 68
1480 1430 67
213 279 61
284 372 57
296 286 66
497 651 72
1184 1144 68
148 143 62
213 279 57
284 372 58
592 572 68
1480 1430 63
213 279 65
213 279 75
740 715 75
1036 1001 59
1480 1430 61
497 651 76
1184 1144 64
1184 1144 70
1332 1287 74
1480 1430 76
148 143 68
213 279 65
296 286 72
710 930 60
1480 1430 65
71 93 66
213 279 64
444 429 60
710 930 75
1036 1001 61
296 286 71
444 429 55
639 837 58
710 930 68
888 858 68
148 143 68
284 372 69
497 651 64
710 930 76
1036 1001 72
142 186 68
296 286 68
426 558 64
497 651 73
497 651 76
71 93 59
71 93 66
142 186 60
296 286 61
1184 1144 68
142 186 69
444 429 69
592 572 58
740 715 71
1036 1001 61
213 279 65
592 572 63
740 715 66
1480 1430 67
1480 1430 68
148 143 56
497 651 68
740 715 75
888 858 57
888 858 67
