500 20 169599
25 83 242
25 60 226
25 68 209
25 89 183
25 96 178
25 86 186
25 121 173
25 103 207
25 72 155
25 92 155
25 74 235
25 142 232
25 120 214
25 64 179
25 146 150
25 94 176
25 87 208
25 106 196
25 73 199
25 85 178
193 173 11
193 173 14
196 156 11
196 156 12
294 234 12
294 234 13
294 234 13
490 390 11
490 390 11
579 519 14
686 546 13
772 692 10
784 624 13
882 702 11
965 865 13
980 780 13
1158 1038 11
1158 1038 12
1158 1038 13
1351 1211 14
1544 1384 11
1544 1384 12
1544 1384 14
1930 1730 11
1930 1730 13
193 173 11
196 156 11
196 156 13
196 156 13
196 156 14
294 234 12
386 346 12
386 346 13
392 312 13
392 312 13
579 519 13
588 468 11
588 468 14
588 468 15
784 624 13
784 624 14
784 624 14
882 702 12
965 865 15
1158 1038 11
1351 1211 13
1544 1384 12
1737 1557 13
1737 1557 14
1737 1557 14
98 78 12
193 173 12
392 312 14
490 390 11
490 390 13
579 519 13
579 519 14
588 468 14
686 546 14
772 692 15
772 692 15
784 624 11
784 624 14
882 702 13
965 865 12
965 865 13
980 780 10
980 780 11
980 780 13
1158 1038 14
1351 1211 13
1544 1384 13
1930 1730 11
1930 1730 12
1930 1730 13
98 78 11
98 78 12
98 78 12
98 78 12
196 156 11
386 346 12
386 346 14
392 312 14
588 468 11
588 468 13
686 546 11
686 546 12
882 702 13
965 865 11
965 865 12
980 780 12
980 780 13
1158 1038 11
1158 1038 12
1351 1211 10
1544 1384 12
1544 1384 13
1544 1384 13
1544 1384 14
1737 1557 12
98 78 14
193 173 13
196 156 10
196 156 12
196 156 13
386 346 13
392 312 13
579 519 13
588 468 11
686 546 12
686 546 14
772 692 11
772 692 11
882 702 12
882 702 12
882 702 13
980 780 11
980 780 11
1351 1211 13
1351 1211 14
1544 1384 12
1544 1384 14
1737 1557 11
1930 1730 11
1930 1730 13
98 78 13
98 78 13
193 173 12
193 173 14
196 156 10
392 312 11
392 312 14
490 390 12
579 519 11
579 519 13
588 468 10
588 468 12
686 546 11
784 624 13
784 624 14
965 865 12
965 865 14
980 780 12
1158 1038 11
1158 1038 11
1351 1211 12
1351 1211 14
1351 1211 15
1930 1730 11
1930 1730 12
98 78 14
196 156 11
294 234 12
392 312 14
490 390 13
579 519 13
579 519 14
772 692 11
772 692 11
772 692 13
772 692 14
784 624 13
882 702 11
882 702 12
882 702 14
965 865 13
980 780 14
1351 1211 11
1351 1211 12
1351 1211 12
1544 1384 14
1737 1557 13
1930 1730 11
1930 1730 11
1930 1730 13
98 78 14
193 173 11
193 173 12
193 173 12
193 173 13
196 156 11
386 346 11
386 346 12
392 312 12
490 390 11
490 390 13
490 390 14
686 546 12
772 692 13
772 692 14
784 624 11
882 702 11
965 865 10
965 865 14
980 780 10
1158 1038 11
1544 1384 10
1544 1384 11
1737 1557 12
1930 1730 14
98 78 12
193 173 12
193 173 12
196 156 14
294 234 11
294 234 11
294 234 12
294 234 14
490 390 11
588 468 13
686 546 14
772 692 11
772 692 14
784 624 12
784 624 12
882 702 14
980 780 11
980 780 11
980 780 14
1158 1038 14
1351 1211 14
1544 1384 11
1544 1384 11
1737 1557 13
1737 1557 14
98 78 11
98 78 15
294 234 10
294 234 14
490 390 13
588 468 11
588 468 12
686 546 13
784 624 12
784 624 12
784 624 13
965 865 10
965 865 11
965 865 12
965 865 13
965 865 15
980 780 12
1158 1038 12
1158 1038 13
1544 1384 14
1737 1557 12
1737 1557 12
1930 1730 10
1930 1730 11
1930 1730 13
193 173 13
196 156 12
196 156 12
294 234 11
392 312 10
579 519 11
579 519 13
588 468 12
588 468 13
588 468 14
784 624 10
980 780 11
980 780 13
1158 1038 13
1158 1038 14
1351 1211 14
1544 1384 10
1544 1384 11
1544 1384 11
1544 1384 11
1544 1384 12
1737 1557 10
1737 1557 11
1737 1557 12
1737 1557 14
193 173 11
193 173 11
193 173 14
196 156 11
294 234 11
386 346 11
386 346 12
392 312 11
392 312 11
392 312 12
490 390 13
588 468 12
686 546 14
772 692 13
784 624 14
882 702 11
882 702 12
965 865 13
1351 1211 14
1544 1384 14
1737 1557 11
1737 1557 12
1930 1730 11
1930 1730 13
1930 1730 14
193 173 10
193 173 11
193 173 14
196 156 10
294 234 12
294 234 13
386 346 11
386 346 13
386 346 13
392 312 11
392 312 11
579 519 14
588 468 10
588 468 11
588 468 15
772 692 13
772 692 13
784 624 11
980 780 14
1158 1038 11
1158 1038 11
1158 1038 13
1351 1211 13
1351 1211 14
1930 1730 14
193 173 11
196 156 13
196 156 14
294 234 11
386 346 11
386 346 14
579 519 11
588 468 12
686 546 11
686 546 12
686 546 12
686 546 14
772 692 12
772 692 13
784 624 12
882 702 14
1158 1038 13
1351 1211 11
1544 1384 11
1544 1384 11
1544 1384 12
1544 1384 13
1737 1557 13
1930 1730 10
1930 1730 12
98 78 10
98 78 12
98 78 13
193 173 14
386 346 11
386 346 12
392 312 11
392 312 14
490 390 13
579 519 11
579 519 14
588 468 14
686 546 12
686 546 13
686 546 13
772 692 11
772 692 13
784 624 12
784 624 13
882 702 14
965 865 13
965 865 14
1737 1557 11
1737 1557 13
1930 1730 11
98 78 12
98 78 13
193 173 11
193 173 14
196 156 14
294 234 11
386 346 15
392 312 10
392 312 14
490 390 11
579 519 12
579 519 14
588 468 13
588 468 14
772 692 12
784 624 12
784 624 12
784 624 13
882 702 11
882 702 13
965 865 12
1158 1038 14
1544 1384 13
1737 1557 13
1930 1730 11
98 78 11
196 156 11
294 234 12
294 234 14
386 346 11
490 390 10
490 390 10
490 390 13
490 390 13
784 624 11
784 624 12
882 702 11
882 702 12
980 780 14
980 780 14
1158 1038 10
1158 1038 11
1158 1038 11
1158 1038 11
1158 1038 12
1158 1038 12
1158 1038 14
1544 1384 10
1737 1557 12
1930 1730 10
98 78 13
193 173 14
196 156 10
294 234 14
294 234 14
386 346 11
386 346 13
392 312 10
392 312 13
490 390 12
490 390 12
490 390 12
588 468 14
588 468 14
772 692 10
772 692 14
784 624 14
980 780 14
1158 1038 12
1544 1384 13
1737 1557 11
1737 1557 11
1737 1557 14
1930 1730 11
1930 1730 13
193 173 11
193 173 14
193 173 14
196 156 10
386 346 13
392 312 11
392 312 11
579 519 14
579 519 14
686 546 10
686 546 14
686 546 14
772 692 14
882 702 11
882 702 14
965 865 12
980 780 11
980 780 14
1158 1038 14
1544 1384 12
1737 1557 13
1737 1557 14
1930 1730 11
1930 1730 12
1930 1730 13
193 173 13
196 156 11
196 156 12
196 156 14
392 312 14
392 312 15
490 390 13
588 468 11
686 546 11
772 692 11
772 692 11
772 692 11
882 702 14
882 702 15
965 865 13
1158 1038 11
1158 1038 14
1158 1038 14
1351 1211 11
1351 1211 12
1351 1211 13
1544 1384 10
1544 1384 13
1930 1730 12
1930 1730 12
