200 20 18667
10 108 236
10 118 194
10 88 236
10 76 228
10 88 183
10 51 162
10 61 241
10 72 188
10 134 217
10 106 200
10 128 231
10 123 166
10 124 160
10 97 182
10 94 158
10 98 220
10 125 219
10 109 175
10 52 161
10 84 158
41 21 28
82 42 32
156 116 27
164 84 30
287 147 29
312 232 30
328 168 30
369 189 28
468 348 28
780 580 26
41 21 31
82 42 33
234 174 33
312 232 26
312 232 32
328 168 33
390 290 27
546 406 27
624 464 27
624 464 31
41 21 35
78 58 30
78 58 33
82 42 30
156 116 33
156 116 34
328 168 33
780 580 29
780 580 34
780 580 35
82 42 30
82 42 32
246 126 27
287 147 35
312 232 35
369 189 29
369 189 36
546 406 35
624 464 31
780 580 28
123 63 28
156 116 30
234 174 35
246 126 29
246 126 30
246 126 32
369 189 32
410 210 32
546 406 26
624 464 26
78 58 28
78 58 29
205 105 32
287 147 31
312 232 33
369 189 28
369 189 30
390 290 28
702 522 25
702 522 28
78 58 30
123 63 27
234 174 35
312 232 26
312 232 32
624 464 29
624 464 34
702 522 27
780 580 26
780 580 35
41 21 33
78 58 28
78 58 35
82 42 33
123 63 29
123 63 31
123 63 34
234 174 33
287 147 31
390 290 25
41 21 31
41 21 32
78 58 27
78 58 32
123 63 35
287 147 27
287 147 35
312 232 31
369 189 29
390 290 31
78 58 28
82 42 26
156 116 27
156 116 29
205 105 32
234 174 28
234 174 30
246 126 29
328 168 32
702 522 31
41 21 26
164 84 29
234 174 27
234 174 31
246 126 29
287 147 27
312 232 29
312 232 30
702 522 35
780 580 27
41 21 26
78 58 25
82 42 30
205 105 27
205 105 32
246 126 28
287 147 33
390 290 28
390 290 29
468 348 33
82 42 26
82 42 29
156 116 35
246 126 29
312 232 27
369 189 28
369 189 30
369 189 30
468 348 35
546 406 28
41 21 27
41 21 28
78 58 33
123 63 26
123 63 30
246 126 32
287 147 31
369 189 31
468 348 29
780 580 30
78 58 28
123 63 30
205 105 29
234 174 35
287 147 30
328 168 29
328 168 29
328 168 31
546 406 31
624 464 28
41 21 28
82 42 29
82 42 30
123 63 34
156 116 32
205 105 25
287 147 25
287 147 28
312 232 25
390 290 26
41 21 28
78 58 25
164 84 35
164 84 35
246 126 29
246 126 34
287 147 27
328 168 31
624 464 25
702 522 26
78 58 33
123 63 30
123 63 35
156 116 33
164 84 29
328 168 31
328 168 34
328 168 34
546 406 28
780 580 31
78 58 32
156 116 28
164 84 27
164 84 28
234 174 25
234 174 32
234 174 34
246 126 27
312 232 33
546 406 35
78 58 33
123 63 31
156 116 31
156 116 33
234 174 25
312 232 26
312 232 29
328 168 29
468 348 31
780 580 30
