1000 100 168102
10 138 200
10 64 162
10 110 226
10 113 217
10 109 177
10 147 231
10 78 212
10 92 223
10 69 169
10 139 214
10 65 237
10 127 215
10 74 177
10 106 163
10 131 170
10 74 168
10 100 157
10 68 211
10 93 205
10 150 152
10 82 223
10 62 188
10 58 228
10 122 176
10 149 239
10 101 241
10 51 187
10 82 217
10 148 163
10 126 217
10 90 196
10 55 204
10 54 213
10 131 250
10 132 171
10 85 155
10 97 200
10 113 242
10 132 185
10 77 232
10 87 179
10 84 183
10 98 227
10 67 240
10 83 182
10 131 240
10 122 221
10 50 225
10 60 154
10 145 189
10 125 185
10 142 174
10 56 200
10 142 171
10 123 223
10 106 173
10 67 225
10 114 172
10 76 209
10 50 181
10 85 188
10 60 247
10 143 221
10 92 203
10 138 183
10 134 195
10 142 168
10 133 191
10 131 179
10 102 150
10 87 179
10 135 245
10 82 206
10 57 160
10 102 227
10 121 179
10 51 248
10 83 221
10 94 160
10 55 212
10 72 174
10 66 224
10 132 222
10 148 244
10 105 250
10 101 174
10 80 155
10 88 164
10 80 224
10 67 245
10 126 193
10 55 217
10 134 200
10 80 220
10 70 206
10 95 233
10 108 162
10 114 235
10 65 208
10 80 174
94 34 28
94 34 35
125 98 31
188 68 33
282 102 31
375 294 27
625 490 29
658 238 32
1000 784 34
1125 882 29
188 68 37
250 196 36
282 102 27
282 102 33
500 392 29
564 204 35
658 238 35
750 588 38
1125 882 32
1250 980 35
94 34 31
375 294 29
375 294 34
470 170 28
470 170 33
500 392 35
500 392 37
658 238 29
846 306 33
1000 784 32
94 34 28
125 98 28
125 98 36
282 102 28
564 204 30
846 306 28
846 306 34
940 340 36
940 340 37
1000 784 28
250 196 31
250 196 34
375 294 28
375 294 29
375 294 31
658 238 35
752 272 28
940 340 27
940 340 33
1250 980 29
500 392 31
564 204 30
658 238 27
658 238 30
658 238 34
875 686 27
940 340 30
940 340 30
940 340 32
1000 784 34
125 98 36
282 102 36
376 136 30
500 392 36
564 204 28
625 490 30
625 490 34
750 588 36
846 306 37
1125 882 34
282 102 31
282 102 33
375 294 30
376 136 30
376 136 37
470 170 32
500 392 32
564 204 37
625 490 38
658 238 29
94 34 29
94 34 31
188 68 27
282 102 27
376 136 32
625 490 37
658 238 30
750 588 35
846 306 37
940 340 36
125 98 37
500 392 33
564 204 37
658 238 38
750 588 27
750 588 36
752 272 38
940 340 30
940 340 30
1250 980 33
94 34 29
94 34 30
188 68 37
250 196 29
282 102 28
564 204 38
752 272 31
846 306 27
875 686 37
875 686 38
125 98 33
125 98 33
250 196 35
376 136 35
470 170 27
500 392 35
564 204 30
564 204 34
752 272 32
1250 980 36
94 34 36
188 68 36
250 196 30
282 102 35
500 392 34
625 490 32
750 588 28
846 306 34
846 306 37
1125 882 32
94 34 32
376 136 29
376 136 37
500 392 37
564 204 27
564 204 37
658 238 30
1000 784 28
1125 882 31
1250 980 27
94 34 29
94 34 30
188 68 29
376 136 33
564 204 29
564 204 32
846 306 30
846 306 37
940 340 29
1000 784 28
94 34 34
125 98 28
188 68 30
375 294 32
375 294 36
564 204 30
752 272 28
846 306 34
1000 784 32
1250 980 36
94 34 37
188 68 34
250 196 28
500 392 32
625 490 30
940 340 30
940 340 31
1000 784 28
1000 784 38
1125 882 32
94 34 35
282 102 29
375 294 36
375 294 38
376 136 36
376 136 36
500 392 29
846 306 27
846 306 34
940 340 37
188 68 27
188 68 27
250 196 30
282 102 35
376 136 28
470 170 35
625 490 35
625 490 38
940 340 33
1125 882 29
125 98 34
188 68 27
188 68 29
375 294 36
564 204 31
564 204 32
625 490 33
658 238 29
846 306 28
846 306 31
94 34 34
125 98 35
125 98 36
282 102 29
282 102 29
376 136 33
658 238 31
846 306 32
1000 784 28
1250 980 28
125 98 36
564 204 37
625 490 36
658 238 35
658 238 37
752 272 37
1000 784 30
1000 784 34
1250 980 27
1250 980 31
94 34 34
250 196 37
282 102 32
375 294 36
564 204 36
750 588 28
750 588 35
875 686 36
1000 784 37
1125 882 35
94 34 37
188 68 31
375 294 30
500 392 36
500 392 37
625 490 36
750 588 30
846 306 31
846 306 32
940 340 30
94 34 34
94 34 38
188 68 37
470 170 37
500 392 31
750 588 32
940 340 31
940 340 33
1000 784 35
1250 980 28
188 68 36
250 196 32
625 490 27
658 238 34
846 306 28
846 306 38
875 686 34
1000 784 29
1000 784 37
1250 980 33
94 34 34
94 34 38
125 98 33
250 196 33
376 136 30
500 392 29
625 490 38
658 238 35
875 686 34
875 686 36
250 196 31
376 136 37
658 238 28
658 238 33
750 588 32
752 272 28
846 306 31
875 686 28
1000 784 27
1125 882 37
282 102 31
282 102 35
470 170 35
625 490 31
750 588 30
875 686 33
1000 784 31
1125 882 27
1125 882 28
1125 882 33
94 34 27
282 102 38
376 136 29
376 136 34
564 204 30
658 238 27
658 238 37
846 306 32
875 686 28
1250 980 32
125 98 28
376 136 32
470 170 32
470 170 37
564 204 37
564 204 38
625 490 30
750 588 28
846 306 27
1250 980 37
282 102 30
282 102 34
375 294 35
376 136 34
625 490 30
658 238 36
846 306 35
875 686 27
940 340 36
1125 882 30
94 34 31
250 196 36
282 102 34
500 392 31
564 204 33
564 204 37
658 238 35
752 272 36
940 340 31
940 340 34
188 68 30
375 294 28
375 294 30
500 392 34
658 238 28
752 272 33
846 306 35
1000 784 32
1125 882 29
1250 980 36
470 170 30
752 272 30
752 272 32
846 306 37
940 340 27
940 340 36
1000 784 35
1125 882 32
1125 882 36
1125 882 37
125 98 28
250 196 31
470 170 38
500 392 35
625 490 34
752 272 27
752 272 32
1000 784 27
1125 882 27
1125 882 28
125 98 35
250 196 37
375 294 36
375 294 37
625 490 30
625 490 36
750 588 29
752 272 37
875 686 36
1125 882 32
94 34 32
188 68 35
250 196 28
375 294 34
500 392 33
500 392 36
564 204 31
564 204 38
1125 882 30
1250 980 30
282 102 29
282 102 30
282 102 33
282 102 38
375 294 35
470 170 36
658 238 27
750 588 27
875 686 33
875 686 35
94 34 37
470 170 32
500 392 37
625 490 33
658 238 29
750 588 27
750 588 28
1000 784 30
1125 882 32
1125 882 32
94 34 36
375 294 27
375 294 29
376 136 38
500 392 30
564 204 36
625 490 27
625 490 32
750 588 31
1125 882 38
125 98 31
188 68 32
250 196 36
250 196 37
376 136 36
376 136 37
658 238 36
875 686 28
1000 784 30
1250 980 38
94 34 35
250 196 34
375 294 31
375 294 31
564 204 37
625 490 34
625 490 35
658 238 31
846 306 27
1125 882 38
125 98 32
125 98 38
500 392 27
658 238 33
750 588 30
750 588 32
752 272 30
940 340 31
940 340 37
1125 882 35
94 34 34
94 34 36
250 196 35
376 136 31
470 170 36
564 204 34
625 490 34
658 238 28
658 238 36
750 588 32
94 34 29
125 98 34
250 196 35
282 102 27
282 102 31
470 170 34
500 392 27
658 238 28
752 272 27
1000 784 32
94 34 30
125 98 36
188 68 36
375 294 30
376 136 32
470 170 32
470 170 32
500 392 28
750 588 29
750 588 35
125 98 28
188 68 31
188 68 37
375 294 33
500 392 33
625 490 36
658 238 38
940 340 33
1125 882 35
1250 980 30
94 34 35
376 136 37
470 170 36
470 170 37
658 238 34
750 588 33
750 588 37
846 306 30
846 306 32
1125 882 29
94 34 32
376 136 36
500 392 36
564 204 27
564 204 32
658 238 29
875 686 33
940 340 34
1125 882 31
1125 882 36
375 294 33
375 294 37
376 136 31
470 170 36
500 392 31
750 588 31
752 272 31
752 272 33
875 686 32
1125 882 31
250 196 33
375 294 32
470 170 30
470 170 37
500 392 30
625 490 32
750 588 36
875 686 34
1125 882 34
1250 980 34
94 34 31
125 98 32
188 68 33
375 294 29
375 294 31
375 294 35
500 392 34
625 490 32
750 588 28
940 340 33
470 170 36
500 392 33
564 204 30
564 204 32
658 238 34
658 238 38
750 588 29
846 306 36
940 340 36
940 340 37
188 68 33
188 68 36
500 392 37
625 490 31
658 238 32
750 588 29
750 588 36
1000 784 35
1250 980 35
1250 980 37
94 34 38
125 98 29
188 68 32
250 196 34
282 102 32
282 102 33
470 170 29
658 238 33
658 238 36
940 340 30
94 34 36
94 34 36
250 196 34
282 102 29
282 102 31
470 170 29
564 204 30
750 588 30
940 340 27
1125 882 30
125 98 29
250 196 29
375 294 29
376 136 33
470 170 30
564 204 27
750 588 34
750 588 36
846 306 32
940 340 35
94 34 28
250 196 36
375 294 30
564 204 28
564 204 34
752 272 37
846 306 27
1000 784 27
1000 784 33
1125 882 35
125 98 32
250 196 34
470 170 34
500 392 31
846 306 27
940 340 35
940 340 36
1000 784 37
1250 980 27
1250 980 34
94 34 32
125 98 32
250 196 37
250 196 38
376 136 27
470 170 32
625 490 30
752 272 31
940 340 32
940 340 34
94 34 27
94 34 34
188 68 34
250 196 37
500 392 32
564 204 37
658 238 34
750 588 37
1125 882 32
1125 882 37
94 34 27
125 98 27
188 68 31
250 196 27
564 204 28
564 204 36
875 686 34
1250 980 28
1250 980 32
1250 980 34
282 102 28
376 136 31
564 204 34
625 490 37
750 588 28
846 306 32
940 340 30
1000 784 30
1000 784 32
1250 980 37
188 68 29
188 68 36
282 102 34
282 102 37
375 294 33
470 170 31
625 490 37
940 340 29
1000 784 34
1250 980 27
94 34 30
375 294 35
375 294 37
625 490 34
658 238 38
875 686 33
1000 784 37
1000 784 37
1125 882 32
1250 980 32
250 196 37
282 102 37
470 170 34
470 170 35
500 392 37
500 392 37
625 490 36
752 272 34
1250 980 37
1250 980 37
125 98 36
250 196 34
564 204 30
564 204 36
625 490 31
658 238 35
658 238 36
750 588 37
752 272 30
1250 980 34
94 34 31
250 196 33
564 204 33
625 490 34
750 588 32
846 306 30
846 306 34
1000 784 32
1125 882 27
1250 980 33
94 34 32
282 102 32
375 294 33
376 136 32
658 238 29
750 588 28
752 272 28
752 272 28
875 686 34
1250 980 27
250 196 31
282 102 35
375 294 35
376 136 28
376 136 34
376 136 35
376 136 37
500 392 29
564 204 36
752 272 34
188 68 32
376 136 28
376 136 31
470 170 31
564 204 28
564 204 34
658 238 32
846 306 28
1125 882 36
1250 980 27
188 68 31
188 68 32
375 294 28
500 392 28
564 204 35
625 490 31
625 490 32
750 588 36
846 306 30
1125 882 32
188 68 37
250 196 32
250 196 36
470 170 36
500 392 35
750 588 29
752 272 33
846 306 33
940 340 31
940 340 34
125 98 28
375 294 35
376 136 30
500 392 28
564 204 36
658 238 27
658 238 33
750 588 36
846 306 33
875 686 32
188 68 36
188 68 36
376 136 29
376 136 35
500 392 29
500 392 37
750 588 37
846 306 34
875 686 28
875 686 34
94 34 37
188 68 36
375 294 29
564 204 36
658 238 34
750 588 35
752 272 37
875 686 38
940 340 27
1125 882 27
282 102 36
658 238 36
750 588 29
750 588 33
752 272 27
752 272 33
752 272 36
1125 882 36
1250 980 30
1250 980 36
94 34 35
375 294 28
375 294 34
470 170 32
500 392 28
564 204 37
625 490 31
750 588 37
875 686 34
940 340 29
94 34 30
282 102 33
470 170 38
500 392 34
658 238 31
750 588 33
750 588 36
846 306 30
1125 882 27
1125 882 30
94 34 28
94 34 29
125 98 28
282 102 35
376 136 28
376 136 28
846 306 37
1000 784 28
1000 784 29
1250 980 32
125 98 35
188 68 34
376 136 29
658 238 31
658 238 33
752 272 35
875 686 37
1000 784 27
1125 882 31
1250 980 36
188 68 35
188 68 37
376 136 27
376 136 35
500 392 36
564 204 35
625 490 34
1000 784 30
1000 784 34
1000 784 36
125 98 28
188 68 28
188 68 28
250 196 28
282 102 33
470 170 32
1000 784 31
1000 784 31
1000 784 37
1250 980 37
470 170 30
625 490 37
658 238 30
658 238 30
752 272 29
752 272 32
752 272 35
752 272 37
875 686 31
940 340 30
125 98 30
500 392 36
750 588 28
846 306 28
846 306 31
846 306 37
875 686 30
940 340 34
1125 882 28
1125 882 29
94 34 35
125 98 28
250 196 28
250 196 28
375 294 38
750 588 33
846 306 31
875 686 37
1000 784 34
1250 980 31
188 68 30
188 68 37
250 196 32
376 136 34
500 392 28
625 490 36
846 306 34
1000 784 30
1000 784 32
1250 980 36
125 98 37
376 136 34
500 392 30
500 392 36
564 204 35
564 204 37
752 272 36
875 686 34
1125 882 31
1250 980 37
250 196 35
282 102 28
564 204 33
625 490 32
625 490 34
752 272 27
875 686 27
1000 784 27
1000 784 37
1125 882 28
94 34 28
94 34 35
250 196 31
375 294 32
376 136 28
625 490 38
658 238 37
750 588 36
750 588 36
1250 980 30
250 196 31
282 102 28
375 294 28
375 294 37
500 392 34
625 490 36
658 238 32
875 686 33
1000 784 27
1250 980 32
282 102 31
375 294 36
470 170 34
625 490 35
658 238 29
752 272 38
940 340 37
1000 784 28
1000 784 30
1250 980 28
94 34 33
125 98 33
188 68 35
282 102 27
500 392 36
750 588 35
752 272 29
1250 980 35
1250 980 37
1250 980 38
125 98 28
125 98 37
125 98 38
658 238 31
658 238 37
750 588 31
752 272 29
752 272 35
1000 784 29
1250 980 28
250 196 28
250 196 34
375 294 27
375 294 33
658 238 34
658 238 34
750 588 36
1125 882 27
1125 882 34
1250 980 34
282 102 36
375 294 33
470 170 31
750 588 35
750 588 38
752 272 34
752 272 38
875 686 34
940 340 27
1000 784 35
94 34 30
282 102 31
500 392 37
564 204 36
564 204 37
658 238 32
846 306 33
1000 784 30
1000 784 31
1125 882 30
94 34 35
376 136 37
376 136 37
470 170 28
500 392 30
750 588 34
940 340 28
940 340 37
1125 882 28
1250 980 28
188 68 34
282 102 37
375 294 28
375 294 37
500 392 33
625 490 35
1000 784 30
1000 784 33
1125 882 29
1250 980 29
