1000 100 253547
10 84 169
10 90 205
10 112 191
10 137 218
10 54 207
10 60 232
10 51 245
10 93 213
10 105 159
10 94 232
10 141 219
10 105 159
10 108 208
10 129 245
10 118 237
10 58 167
10 69 239
10 104 230
10 149 230
10 62 182
10 97 197
10 67 168
10 104 230
10 83 223
10 96 203
10 93 201
10 141 239
10 120 234
10 114 238
10 112 165
10 148 169
10 121 156
10 148 183
10 135 168
10 124 177
10 128 190
10 54 216
10 117 205
10 144 224
10 128 228
10 103 152
10 144 238
10 64 175
10 115 240
10 110 237
10 86 169
10 82 223
10 86 166
10 130 186
10 112 187
10 141 240
10 96 184
10 120 163
10 67 219
10 90 190
10 55 223
10 62 243
10 96 227
10 129 160
10 136 172
10 143 241
10 140 249
10 114 195
10 119 197
10 67 186
10 74 153
10 149 186
10 61 175
10 147 241
10 62 250
10 56 232
10 108 222
10 150 178
10 68 171
10 127 195
10 137 249
10 111 238
10 61 195
10 104 243
10 105 191
10 116 208
10 135 185
10 124 165
10 121 191
10 113 206
10 125 181
10 51 227
10 73 196
10 117 197
10 132 156
10 113 247
10 98 168
10 149 199
10 51 225
10 144 203
10 115 151
10 93 210
10 144 236
10 114 187
10 69 234
164 148 31
246 222 28
328 296 25
410 370 29
580 510 25
580 510 25
656 592 32
738 666 29
928 816 32
1160 1020 26
164 148 28
232 204 26
348 306 26
348 306 27
580 510 31
696 612 31
812 714 24
812 714 29
1044 918 29
1044 918 29
82 74 26
116 102 32
328 296 32
580 510 26
580 510 30
656 592 32
656 592 32
1044 918 24
1044 918 24
1160 1020 31
164 148 25
164 148 32
328 296 25
328 296 28
410 370 32
492 444 24
656 592 28
656 592 30
812 714 30
1160 1020 29
82 74 25
82 74 28
246 222 27
246 222 31
348 306 29
574 518 24
580 510 31
812 714 24
812 714 25
928 816 31
82 74 30
116 102 31
164 148 24
164 148 27
464 408 26
492 444 26
580 510 27
696 612 27
696 612 29
1044 918 31
82 74 24
164 148 27
232 204 32
492 444 29
574 518 30
812 714 26
812 714 29
812 714 30
928 816 28
1044 918 29
116 102 25
328 296 24
464 408 24
464 408 25
464 408 26
574 518 29
580 510 23
656 592 28
696 612 26
738 666 25
116 102 28
232 204 31
246 222 25
328 296 28
348 306 32
348 306 32
574 518 23
656 592 25
738 666 28
738 666 30
116 102 33
410 370 24
410 370 27
410 370 29
464 408 32
464 408 32
574 518 24
820 740 32
928 816 26
1044 918 31
164 148 31
164 148 33
246 222 26
328 296 24
464 408 30
492 444 32
574 518 25
696 612 24
738 666 33
820 740 24
232 204 27
348 306 28
410 370 31
464 408 28
492 444 31
492 444 31
574 518 30
656 592 29
812 714 30
1160 1020 23
82 74 32
116 102 28
232 204 25
410 370 29
464 408 26
656 592 25
696 612 29
820 740 29
928 816 24
1160 1020 27
232 204 33
328 296 28
464 408 24
492 444 33
574 518 25
574 518 28
696 612 28
812 714 25
820 740 24
820 740 27
164 148 26
232 204 27
246 222 32
348 306 29
464 408 24
492 444 25
696 612 24
738 666 31
812 714 24
1044 918 25
116 102 31
232 204 33
328 296 31
580 510 24
580 510 28
580 510 30
696 612 24
696 612 25
696 612 29
1044 918 30
116 102 26
116 102 31
328 296 29
348 306 30
492 444 25
574 518 26
696 612 25
812 714 31
928 816 26
1160 1020 31
116 102 30
328 296 33
492 444 30
574 518 26
656 592 24
696 612 30
738 666 25
1044 918 28
1160 1020 27
1160 1020 28
116 102 24
116 102 30
164 148 24
464 408 31
696 612 26
696 612 26
696 612 32
812 714 25
812 714 27
1044 918 25
232 204 30
232 204 32
232 204 32
232 204 32
348 306 25
410 370 30
492 444 27
580 510 27
812 714 23
820 740 29
232 204 32
246 222 28
328 296 24
328 296 27
574 518 27
580 510 29
580 510 32
738 666 27
928 816 25
1160 1020 24
82 74 24
82 74 28
82 74 31
116 102 31
164 148 31
328 296 29
574 518 24
580 510 26
656 592 24
812 714 24
82 74 32
82 74 33
164 148 26
246 222 26
696 612 29
820 740 31
928 816 29
928 816 31
1044 918 29
1044 918 30
82 74 30
164 148 25
328 296 26
464 408 29
656 592 29
820 740 26
1160 1020 24
1160 1020 24
1160 1020 29
1160 1020 31
82 74 32
116 102 26
232 204 23
246 222 25
410 370 24
410 370 32
574 518 24
656 592 28
656 592 31
738 666 29
328 296 27
348 306 30
348 306 32
696 612 30
812 714 26
820 740 28
820 740 31
820 740 32
1044 918 28
1160 1020 24
82 74 31
116 102 28
232 204 24
232 204 28
410 370 30
492 444 25
492 444 27
574 518 27
656 592 24
656 592 24
82 74 26
232 204 23
232 204 25
410 370 24
464 408 25
492 444 28
812 714 25
812 714 26
820 740 29
1160 1020 29
116 102 24
164 148 24
164 148 25
232 204 28
328 296 27
574 518 27
580 510 23
656 592 26
928 816 25
1160 1020 30
82 74 24
246 222 24
348 306 26
410 370 33
574 518 25
574 518 33
580 510 27
656 592 28
696 612 28
696 612 32
82 74 28
116 102 28
164 148 31
232 204 28
328 296 31
492 444 24
696 612 32
812 714 33
820 740 33
1044 918 29
82 74 25
164 148 32
246 222 32
246 222 33
348 306 28
348 306 32
574 518 25
696 612 29
812 714 25
812 714 32
82 74 26
348 306 28
492 444 27
580 510 31
696 612 31
696 612 32
812 714 25
820 740 27
820 740 27
1044 918 28
246 222 32
348 306 29
410 370 32
492 444 29
656 592 32
696 612 29
738 666 25
812 714 27
812 714 28
928 816 32
82 74 24
82 74 27
232 204 24
348 306 25
464 408 26
464 408 31
580 510 32
656 592 25
928 816 29
928 816 33
82 74 31
116 102 26
348 306 28
574 518 33
656 592 28
738 666 26
812 714 27
820 740 24
820 740 26
820 740 31
116 102 29
410 370 27
410 370 31
464 408 26
574 518 30
696 612 29
820 740 26
1044 918 24
1044 918 31
1160 1020 31
82 74 26
410 370 24
410 370 30
410 370 30
580 510 26
656 592 28
696 612 24
696 612 32
928 816 32
928 816 32
116 102 24
116 102 24
116 102 26
164 148 29
246 222 30
410 370 32
574 518 32
580 510 29
738 666 27
1044 918 33
116 102 27
246 222 29
328 296 32
410 370 25
492 444 33
574 518 27
580 510 30
812 714 31
820 740 24
1160 1020 25
232 204 24
232 204 25
246 222 32
410 370 33
492 444 28
492 444 29
580 510 24
738 666 28
1160 1020 24
1160 1020 30
246 222 33
348 306 32
574 518 26
574 518 26
580 510 25
580 510 32
696 612 28
738 666 26
820 740 26
1160 1020 27
82 74 24
82 74 32
246 222 27
328 296 32
464 408 23
492 444 32
656 592 26
812 714 29
820 740 25
1160 1020 25
82 74 30
116 102 31
116 102 32
232 204 26
328 296 31
348 306 27
410 370 32
492 444 24
696 612 29
1044 918 26
82 74 26
164 148 28
348 306 28
574 518 25
574 518 32
580 510 32
656 592 25
820 740 28
820 740 28
820 740 30
82 74 27
82 74 32
232 204 29
348 306 26
574 518 25
574 518 26
580 510 33
812 714 32
928 816 24
1044 918 28
246 222 23
246 222 26
464 408 31
464 408 32
492 444 29
656 592 32
812 714 32
820 740 31
1044 918 26
1160 1020 27
82 74 27
116 102 24
348 306 32
464 408 32
492 444 24
738 666 26
812 714 29
812 714 30
928 816 32
1160 1020 28
232 204 24
348 306 25
348 306 29
492 444 25
574 518 32
580 510 31
820 740 23
820 740 28
928 816 27
1160 1020 26
164 148 24
246 222 23
328 296 27
410 370 26
410 370 27
464 408 28
574 518 27
580 510 25
812 714 27
1160 1020 24
82 74 29
116 102 30
246 222 26
246 222 28
410 370 25
410 370 26
492 444 33
928 816 31
928 816 31
1160 1020 24
82 74 24
82 74 25
116 102 27
232 204 28
232 204 32
410 370 28
492 444 29
656 592 24
696 612 29
812 714 31
82 74 24
82 74 29
246 222 31
348 306 32
348 306 32
464 408 26
656 592 30
812 714 29
928 816 32
1044 918 27
82 74 30
164 148 28
232 204 32
232 204 33
410 370 30
464 408 31
492 444 24
738 666 26
928 816 32
1044 918 32
82 74 28
328 296 26
348 306 28
348 306 28
348 306 29
464 408 24
574 518 31
656 592 30
820 740 25
820 740 31
82 74 29
164 148 24
164 148 31
164 148 32
410 370 27
464 408 27
574 518 25
820 740 31
1044 918 26
1160 1020 33
82 74 26
82 74 28
116 102 26
246 222 24
492 444 32
696 612 33
738 666 31
812 714 27
820 740 29
1160 1020 29
82 74 27
232 204 30
246 222 24
410 370 30
464 408 26
464 408 29
574 518 24
574 518 30
656 592 32
812 714 28
82 74 24
348 306 27
348 306 31
492 444 24
492 444 31
574 518 32
738 666 32
820 740 23
928 816 26
928 816 32
82 74 29
328 296 30
410 370 24
492 444 24
574 518 24
580 510 33
738 666 25
820 740 27
928 816 26
1044 918 26
116 102 26
164 148 29
348 306 27
410 370 25
410 370 33
574 518 27
574 518 27
580 510 27
928 816 32
1044 918 24
246 222 24
410 370 32
580 510 26
580 510 27
656 592 33
738 666 31
928 816 30
1160 1020 24
1160 1020 28
1160 1020 29
246 222 25
246 222 29
410 370 24
410 370 25
410 370 30
656 592 25
696 612 26
812 714 32
928 816 28
1160 1020 28
116 102 33
164 148 28
246 222 27
410 370 27
492 444 27
812 714 31
820 740 26
1044 918 24
1044 918 24
1160 1020 30
410 370 33
492 444 26
492 444 33
696 612 29
820 740 24
820 740 32
928 816 32
1160 1020 27
1160 1020 29
1160 1020 32
82 74 29
232 204 29
232 204 32
246 222 33
328 296 31
656 592 31
696 612 25
738 666 26
812 714 32
1044 918 29
82 74 31
232 204 26
246 222 28
348 306 26
464 408 30
492 444 25
738 666 26
738 666 32
738 666 33
1160 1020 29
116 102 31
164 148 26
164 148 31
348 306 32
492 444 27
580 510 32
656 592 30
696 612 33
812 714 28
928 816 32
246 222 24
348 306 25
410 370 30
410 370 31
574 518 27
574 518 29
574 518 30
738 666 29
738 666 32
820 740 32
328 296 24
328 296 25
348 306 26
464 408 32
656 592 32
820 740 26
1044 918 26
1044 918 29
1044 918 30
1160 1020 24
164 148 24
246 222 25
246 222 31
328 296 28
348 306 25
574 518 31
580 510 27
580 510 30
928 816 29
1044 918 28
82 74 28
164 148 23
328 296 27
574 518 30
656 592 25
656 592 29
696 612 24
812 714 28
1044 918 25
1160 1020 26
82 74 29
328 296 27
328 296 28
410 370 29
464 408 24
574 518 24
928 816 25
928 816 27
1044 918 27
1160 1020 28
82 74 26
410 370 32
574 518 25
696 612 23
812 714 28
820 740 24
820 740 25
928 816 24
928 816 30
928 816 30
82 74 28
116 102 25
246 222 28
464 408 25
696 612 25
696 612 25
738 666 25
738 666 32
812 714 27
812 714 28
116 102 26
116 102 30
232 204 26
328 296 29
328 296 32
348 306 27
464 408 29
656 592 28
656 592 30
928 816 23
232 204 24
232 204 24
410 370 25
464 408 26
574 518 24
574 518 32
580 510 30
696 612 27
696 612 29
812 714 29
246 222 27
328 296 25
492 444 27
580 510 29
656 592 31
656 592 32
820 740 25
1044 918 27
1044 918 31
1044 918 32
232 204 31
328 296 29
410 370 25
410 370 28
464 408 28
574 518 26
656 592 25
656 592 30
1044 918 29
1160 1020 30
82 74 28
116 102 24
164 148 26
164 148 30
164 148 33
246 222 31
410 370 25
464 408 25
696 612 31
928 816 28
116 102 29
164 148 24
232 204 32
246 222 25
348 306 27
464 408 33
492 444 30
1044 918 25
1044 918 26
1160 1020 27
116 102 29
164 148 30
232 204 24
348 306 32
696 612 27
696 612 32
696 612 32
1044 918 30
1160 1020 28
1160 1020 29
82 74 32
348 306 28
410 370 31
492 444 25
580 510 28
820 740 25
820 740 27
820 740 33
928 816 30
1044 918 30
82 74 30
348 306 27
492 444 30
574 518 30
656 592 25
656 592 27
738 666 30
812 714 26
1044 918 24
1044 918 29
116 102 29
116 102 32
232 204 30
410 370 29
410 370 32
464 408 32
696 612 32
1044 918 28
1160 1020 26
1160 1020 30
82 74 30
116 102 24
116 102 28
328 296 24
328 296 32
348 306 26
410 370 29
464 408 26
656 592 28
1044 918 25
82 74 28
82 74 32
164 148 30
232 204 27
232 204 31
232 204 31
328 296 27
738 666 28
1044 918 26
1160 1020 25
164 148 28
164 148 32
246 222 28
328 296 24
348 306 32
574 518 26
580 510 27
812 714 28
820 740 27
820 740 32
82 74 32
116 102 24
232 204 32
246 222 29
574 518 26
580 510 32
656 592 28
696 612 26
738 666 28
812 714 24
116 102 30
164 148 25
348 306 32
410 370 30
410 370 31
580 510 30
580 510 30
1044 918 26
1160 1020 26
1160 1020 28
116 102 28
348 306 28
348 306 33
464 408 24
492 444 24
574 518 25
574 518 29
656 592 27
820 740 31
1044 918 32
82 74 28
232 204 33
328 296 28
410 370 25
410 370 31
574 518 26
696 612 24
738 666 25
928 816 30
1044 918 25
410 370 29
410 370 31
464 408 26
580 510 25
580 510 29
696 612 28
738 666 30
928 816 28
928 816 32
1160 1020 29
82 74 28
116 102 28
116 102 32
116 102 32
116 102 33
232 204 25
580 510 31
696 612 28
928 816 27
1160 1020 32
82 74 28
164 148 32
328 296 29
464 408 29
464 408 33
492 444 32
580 510 26
580 510 32
696 612 30
820 740 32
82 74 30
232 204 27
246 222 25
246 222 32
348 306 30
738 666 26
738 666 33
812 714 31
928 816 28
1044 918 25
116 102 24
232 204 26
232 204 30
232 204 32
328 296 27
328 296 31
348 306 29
464 408 32
656 592 24
1160 1020 30
82 74 29
246 222 30
348 306 27
410 370 24
410 370 28
464 408 23
656 592 30
656 592 31
812 714 24
1044 918 32
116 102 24
116 102 26
116 102 30
232 204 27
348 306 29
464 408 28
580 510 27
656 592 26
656 592 28
928 816 25
82 74 24
328 296 24
348 306 32
464 408 23
574 518 32
656 592 29
812 714 29
820 740 30
1160 1020 24
1160 1020 29
