1000 20 451011
50 63 202
50 61 244
50 115 242
50 120 199
50 106 188
50 142 222
50 141 177
50 87 230
50 65 220
50 60 242
50 117 220
50 102 207
50 117 247
50 74 210
50 144 185
50 74 241
50 99 193
50 80 204
50 72 175
50 135 224
55 134 5
55 134 5
55 134 5
102 193 5
102 193 5
102 193 5
102 193 7
110 268 6
110 268 6
165 402 5
204 386 5
204 386 6
204 386 6
220 536 6
220 536 6
220 536 7
275 670 5
275 670 6
275 670 6
275 670 6
275 670 6
330 804 6
330 804 6
385 938 5
385 938 6
408 772 5
408 772 5
495 1206 5
510 965 5
550 1340 5
550 1340 5
550 1340 5
550 1340 6
550 1340 6
612 1158 5
714 1351 5
816 1544 5
816 1544 6
816 1544 6
816 1544 7
918 1737 5
918 1737 5
918 1737 6
918 1737 6
1020 1930 5
1020 1930 5
1020 1930 6
1020 1930 6
1020 1930 6
1020 1930 6
55 134 7
110 268 5
110 268 5
110 268 5
165 402 5
165 402 5
165 402 6
165 402 6
165 402 6
204 386 6
220 536 5
220 536 5
220 536 6
275 670 5
275 670 5
275 670 6
275 670 6
306 579 5
306 579 5
306 579 6
306 579 6
330 804 5
330 804 5
330 804 6
385 938 6
385 938 6
408 772 6
440 1072 5
440 1072 6
440 1072 6
440 1072 6
495 1206 5
495 1206 5
495 1206 5
495 1206 5
495 1206 6
495 1206 6
510 965 6
550 1340 6
612 1158 5
714 1351 5
714 1351 5
714 1351 6
816 1544 5
816 1544 6
816 1544 6
918 1737 5
918 1737 5
1020 1930 6
1020 1930 6
55 134 5
55 134 7
165 402 5
165 402 6
165 402 6
165 402 6
165 402 6
204 386 5
204 386 6
204 386 6
204 386 6
220 536 6
220 536 6
275 670 5
275 670 5
275 670 6
275 670 6
275 670 6
275 670 6
306 579 6
330 804 5
330 804 5
330 804 6
330 804 6
385 938 6
385 938 6
408 772 6
440 1072 5
440 1072 6
440 1072 6
495 1206 5
495 1206 5
495 1206 5
495 1206 6
510 965 5
550 1340 5
612 1158 5
612 1158 6
612 1158 7
714 1351 5
714 1351 6
816 1544 6
816 1544 6
816 1544 6
918 1737 5
918 1737 5
918 1737 6
918 1737 6
918 1737 6
1020 1930 6
55 134 5
55 134 5
55 134 6
102 193 6
102 193 6
110 268 6
110 268 6
165 402 5
165 402 5
165 402 6
204 386 5
204 386 6
220 536 5
220 536 5
220 536 6
220 536 6
275 670 5
306 579 6
306 579 6
385 938 6
408 772 5
408 772 5
408 772 5
408 772 6
440 1072 5
440 1072 6
440 1072 6
495 1206 5
495 1206 5
495 1206 5
495 1206 5
495 1206 6
495 1206 6
510 965 5
510 965 5
510 965 6
510 965 6
510 965 6
612 1158 5
612 1158 5
612 1158 5
612 1158 6
714 1351 5
816 1544 5
816 1544 6
918 1737 5
918 1737 6
1020 1930 6
1020 1930 6
1020 1930 6
55 134 5
55 134 5
102 193 5
102 193 5
102 193 6
165 402 5
165 402 6
204 386 5
204 386 5
220 536 6
275 670 5
275 670 5
275 670 6
306 579 6
306 579 6
330 804 5
330 804 5
385 938 7
408 772 5
408 772 5
408 772 7
440 1072 6
440 1072 6
495 1206 5
495 1206 5
495 1206 5
495 1206 5
495 1206 6
510 965 5
510 965 5
510 965 6
550 1340 5
550 1340 5
550 1340 6
550 1340 6
550 1340 6
550 1340 6
612 1158 6
612 1158 7
714 1351 5
816 1544 5
816 1544 5
816 1544 6
816 1544 6
918 1737 6
918 1737 6
1020 1930 5
1020 1930 5
1020 1930 6
1020 1930 6
55 134 5
55 134 5
55 134 5
55 134 6
55 134 6
55 134 6
102 193 5
102 193 5
102 193 5
165 402 5
165 402 5
165 402 5
165 402 7
204 386 6
204 386 6
204 386 6
220 536 5
220 536 5
275 670 5
275 670 5
275 670 6
306 579 5
306 579 6
330 804 6
330 804 6
330 804 6
330 804 6
385 938 5
385 938 5
408 772 6
408 772 6
440 1072 5
440 1072 5
440 1072 6
440 1072 6
510 965 5
510 965 6
550 1340 5
550 1340 6
612 1158 5
612 1158 6
816 1544 5
816 1544 6
918 1737 5
918 1737 5
918 1737 5
918 1737 6
1020 1930 5
1020 1930 5
1020 1930 6
55 134 6
55 134 6
102 193 5
102 193 6
102 193 6
110 268 5
110 268 6
165 402 5
165 402 6
165 402 6
165 402 6
204 386 5
204 386 5
220 536 5
275 670 5
306 579 5
306 579 5
385 938 5
385 938 5
385 938 5
385 938 6
385 938 6
440 1072 5
440 1072 6
495 1206 5
495 1206 6
495 1206 6
495 1206 6
495 1206 6
510 965 5
510 965 5
510 965 5
510 965 6
550 1340 5
550 1340 5
550 1340 6
550 1340 6
612 1158 5
612 1158 6
612 1158 6
612 1158 6
612 1158 7
714 1351 6
714 1351 6
816 1544 5
816 1544 5
918 1737 5
918 1737 5
1020 1930 6
1020 1930 6
55 134 5
102 193 5
102 193 6
110 268 5
110 268 6
110 268 6
165 402 6
165 402 6
165 402 6
204 386 6
204 386 6
204 386 6
220 536 5
220 536 6
275 670 5
330 804 5
330 804 6
385 938 5
385 938 5
385 938 6
385 938 6
408 772 5
408 772 6
408 772 6
440 1072 5
440 1072 5
440 1072 7
495 1206 5
495 1206 6
495 1206 6
510 965 5
510 965 5
510 965 5
510 965 6
550 1340 5
550 1340 5
550 1340 5
550 1340 5
550 1340 6
714 1351 5
714 1351 5
714 1351 6
816 1544 5
918 1737 5
918 1737 5
918 1737 5
918 1737 6
1020 1930 5
1020 1930 5
1020 1930 6
55 134 5
55 134 6
55 134 6
55 134 6
102 193 6
102 193 6
110 268 6
110 268 7
275 670 5
275 670 6
306 579 5
306 579 6
330 804 5
330 804 5
330 804 6
330 804 6
385 938 6
385 938 6
385 938 7
408 772 5
408 772 5
408 772 6
440 1072 5
440 1072 5
440 1072 6
495 1206 5
510 965 5
510 965 5
510 965 5
510 965 6
550 1340 5
550 1340 5
550 1340 5
550 1340 5
550 1340 6
550 1340 6
550 1340 6
612 1158 5
714 1351 5
714 1351 7
714 1351 7
816 1544 5
816 1544 6
816 1544 6
918 1737 5
918 1737 6
918 1737 6
1020 1930 5
1020 1930 5
1020 1930 6
55 134 5
55 134 5
55 134 5
55 134 5
55 134 6
102 193 5
102 193 6
110 268 5
110 268 6
110 268 6
110 268 6
204 386 5
204 386 5
204 386 6
220 536 5
275 670 6
306 579 6
330 804 5
330 804 5
385 938 5
385 938 5
385 938 6
408 772 5
408 772 6
440 1072 6
440 1072 7
495 1206 5
495 1206 5
495 1206 6
495 1206 6
510 965 5
510 965 5
510 965 5
510 965 7
550 1340 5
550 1340 5
612 1158 5
612 1158 5
612 1158 5
714 1351 6
714 1351 6
816 1544 5
816 1544 6
918 1737 5
918 1737 5
918 1737 5
918 1737 6
918 1737 6
918 1737 6
1020 1930 5
55 134 5
55 134 5
55 134 5
102 193 6
102 193 6
110 268 6
110 268 6
165 402 5
165 402 5
165 402 5
165 402 6
204 386 5
204 386 5
204 386 5
204 386 6
204 386 6
220 536 5
275 670 6
330 804 5
330 804 5
330 804 6
330 804 6
330 804 6
385 938 5
385 938 6
385 938 6
408 772 5
440 1072 5
440 1072 6
440 1072 6
495 1206 5
495 1206 7
550 1340 5
550 1340 5
612 1158 5
612 1158 6
612 1158 6
714 1351 5
714 1351 5
714 1351 5
714 1351 6
816 1544 6
816 1544 7
918 1737 5
918 1737 6
918 1737 6
1020 1930 5
1020 1930 6
1020 1930 6
1020 1930 7
55 134 6
55 134 6
55 134 7
110 268 5
110 268 6
110 268 6
110 268 6
165 402 5
165 402 5
165 402 6
204 386 5
204 386 6
220 536 5
220 536 6
220 536 6
220 536 6
275 670 6
275 670 6
306 579 6
385 938 5
385 938 5
385 938 5
408 772 5
408 772 7
440 1072 5
440 1072 6
495 1206 5
495 1206 5
495 1206 6
510 965 6
612 1158 5
612 1158 6
612 1158 6
714 1351 5
816 1544 5
816 1544 5
816 1544 6
816 1544 6
918 1737 5
918 1737 5
918 1737 5
918 1737 5
918 1737 6
918 1737 6
918 1737 6
918 1737 6
918 1737 6
1020 1930 5
1020 1930 5
1020 1930 5
55 134 7
55 134 7
102 193 5
102 193 5
102 193 6
110 268 5
110 268 6
110 268 6
110 268 6
110 268 6
165 402 5
204 386 6
220 536 5
220 536 6
275 670 5
275 670 5
275 670 6
306 579 6
306 579 6
306 579 6
306 579 7
330 804 5
330 804 6
330 804 6
330 804 7
385 938 5
408 772 5
408 772 5
440 1072 5
440 1072 5
440 1072 6
495 1206 5
495 1206 6
495 1206 6
510 965 5
510 965 5
550 1340 6
612 1158 6
714 1351 6
714 1351 6
816 1544 5
816 1544 6
816 1544 7
918 1737 5
918 1737 5
918 1737 6
1020 1930 5
1020 1930 5
1020 1930 5
1020 1930 5
55 134 6
102 193 5
102 193 5
102 193 6
102 193 6
110 268 5
110 268 6
165 402 5
165 402 6
165 402 6
165 402 7
165 402 7
204 386 5
204 386 5
220 536 6
275 670 5
275 670 6
275 670 6
330 804 5
385 938 5
385 938 5
385 938 6
408 772 5
440 1072 5
440 1072 5
440 1072 5
440 1072 6
440 1072 6
440 1072 6
495 1206 6
495 1206 6
495 1206 7
510 965 5
550 1340 5
612 1158 5
612 1158 5
612 1158 6
612 1158 6
714 1351 5
714 1351 5
714 1351 6
714 1351 6
816 1544 5
816 1544 5
816 1544 5
816 1544 6
816 1544 6
918 1737 5
1020 1930 5
1020 1930 6
55 134 6
55 134 6
102 193 6
102 193 6
102 193 6
102 193 6
102 193 6
110 268 5
165 402 5
165 402 6
204 386 5
204 386 5
204 386 6
220 536 5
220 536 5
220 536 6
220 536 6
275 670 5
275 670 5
275 670 5
275 670 6
275 670 6
306 579 6
330 804 5
330 804 5
330 804 6
385 938 5
385 938 5
385 938 5
440 1072 5
440 1072 5
440 1072 6
495 1206 5
495 1206 5
495 1206 6
495 1206 6
495 1206 7
510 965 5
510 965 6
550 1340 5
550 1340 6
612 1158 6
612 1158 6
612 1158 7
714 1351 7
816 1544 5
816 1544 6
918 1737 6
1020 1930 5
1020 1930 5
55 134 5
55 134 5
55 134 5
55 134 6
102 193 6
110 268 5
110 268 5
110 268 6
110 268 6
110 268 7
165 402 5
204 386 6
220 536 5
220 536 5
220 536 5
275 670 5
275 670 5
275 670 5
275 670 6
306 579 7
330 804 5
330 804 5
330 804 6
385 938 5
385 938 5
385 938 5
385 938 5
385 938 6
385 938 6
408 772 5
440 1072 5
495 1206 6
495 1206 6
495 1206 7
510 965 5
510 965 6
550 1340 5
550 1340 6
612 1158 5
612 1158 5
612 1158 5
612 1158 6
714 1351 5
816 1544 5
816 1544 6
816 1544 6
816 1544 6
918 1737 5
918 1737 5
1020 1930 5
55 134 5
55 134 5
55 134 6
55 134 6
102 193 5
102 193 5
102 193 6
102 193 6
102 193 6
102 193 6
110 268 5
110 268 5
110 268 6
165 402 5
165 402 5
204 386 5
204 386 5
204 386 5
204 386 5
204 386 6
204 386 6
204 386 6
275 670 5
275 670 5
275 670 6
306 579 5
330 804 5
330 804 5
330 804 5
330 804 6
330 804 6
330 804 6
385 938 5
408 772 5
440 1072 5
440 1072 6
495 1206 5
510 965 6
510 965 6
550 1340 6
612 1158 5
612 1158 6
612 1158 6
714 1351 6
714 1351 6
714 1351 7
816 1544 5
816 1544 6
816 1544 6
918 1737 6
55 134 6
55 134 6
55 134 6
55 134 6
55 134 7
102 193 5
102 193 6
102 193 6
102 193 6
102 193 6
102 193 7
110 268 5
110 268 5
110 268 5
110 268 6
165 402 5
165 402 5
165 402 6
204 386 5
204 386 5
275 670 5
275 670 6
306 579 6
330 804 5
330 804 6
330 804 6
330 804 6
385 938 5
408 772 5
408 772 6
408 772 6
440 1072 5
440 1072 6
440 1072 6
440 1072 6
440 1072 6
440 1072 6
495 1206 5
510 965 5
550 1340 5
550 1340 6
550 1340 6
612 1158 6
612 1158 6
612 1158 7
714 1351 5
714 1351 5
816 1544 6
918 1737 6
1020 1930 6
55 134 5
55 134 6
102 193 5
110 268 5
110 268 6
165 402 5
165 402 5
165 402 6
165 402 6
165 402 6
165 402 6
165 402 6
220 536 5
220 536 5
220 536 6
220 536 6
275 670 5
275 670 5
275 670 5
275 670 5
275 670 5
275 670 6
306 579 5
306 579 5
330 804 5
330 804 6
385 938 5
385 938 6
408 772 6
440 1072 5
440 1072 5
440 1072 6
495 1206 5
495 1206 6
510 965 5
510 965 5
510 965 6
510 965 7
612 1158 6
612 1158 6
612 1158 6
612 1158 7
714 1351 6
714 1351 6
816 1544 5
816 1544 5
816 1544 6
918 1737 5
1020 1930 5
1020 1930 6
55 134 5
55 134 5
55 134 6
102 193 6
102 193 6
102 193 6
102 193 6
110 268 6
110 268 6
165 402 5
165 402 6
165 402 7
275 670 5
275 670 6
275 670 6
306 579 5
306 579 5
306 579 6
306 579 6
330 804 6
330 804 6
330 804 6
385 938 5
385 938 5
385 938 7
408 772 5
440 1072 5
440 1072 6
440 1072 6
495 1206 6
495 1206 6
495 1206 6
510 965 5
510 965 5
510 965 5
550 1340 5
550 1340 6
550 1340 6
550 1340 6
612 1158 6
714 1351 5
714 1351 7
816 1544 5
816 1544 6
918 1737 5
918 1737 5
918 1737 6
1020 1930 5
1020 1930 5
1020 1930 5
