1000 500 4348751
2 68 244
2 75 203
2 122 205
2 108 180
2 89 216
2 122 205
2 59 237
2 109 194
2 134 175
2 132 193
2 118 175
2 142 189
2 110 215
2 56 208
2 117 237
2 147 154
2 130 237
2 96 235
2 123 215
2 104 230
2 66 234
2 112 188
2 99 195
2 102 158
2 90 164
2 77 238
2 66 204
2 132 213
2 58 204
2 131 175
2 64 151
2 51 161
2 67 245
2 127 181
2 114 168
2 108 168
2 67 205
2 146 173
2 121 198
2 74 164
2 91 183
2 98 171
2 51 214
2 144 193
2 147 249
2 103 250
2 106 238
2 83 153
2 117 192
2 110 192
2 73 243
2 51 214
2 82 246
2 69 230
2 79 248
2 115 170
2 91 150
2 114 169
2 78 240
2 112 158
2 108 214
2 102 179
2 134 175
2 80 168
2 109 189
2 126 184
2 70 183
2 76 216
2 78 175
2 117 226
2 79 248
2 60 217
2 146 197
2 67 195
2 98 238
2 87 197
2 64 228
2 136 151
2 94 181
2 79 213
2 135 239
2 50 201
2 103 174
2 114 198
2 59 181
2 52 196
2 134 160
2 126 158
2 96 171
2 113 206
2 120 177
2 142 210
2 90 166
2 127 172
2 92 217
2 126 189
2 62 207
2 63 212
2 87 173
2 68 223
2 60 237
2 140 235
2 125 181
2 87 198
2 62 174
2 104 217
2 57 250
2 126 222
2 148 249
2 103 160
2 111 191
2 145 181
2 76 171
2 75 185
2 90 245
2 78 166
2 121 195
2 117 218
2 59 213
2 132 166
2 109 250
2 79 204
2 115 234
2 55 173
2 60 234
2 112 216
2 77 231
2 142 165
2 55 157
2 64 169
2 107 178
2 125 161
2 121 159
2 103 174
2 76 205
2 89 245
2 123 179
2 73 153
2 88 249
2 61 209
2 136 205
2 56 209
2 71 202
2 69 229
2 131 250
2 53 224
2 141 213
2 70 217
2 114 201
2 68 153
2 54 201
2 76 220
2 55 184
2 120 162
2 135 203
2 96 183
2 84 221
2 109 216
2 66 215
2 70 162
2 137 203
2 118 176
2 97 154
2 144 230
2 57 243
2 81 225
2 76 201
2 62 170
2 68 177
2 100 189
2 110 213
2 128 230
2 56 160
2 118 173
2 92 226
2 96 208
2 120 229
2 73 168
2 136 174
2 138 209
2 83 225
2 95 172
2 73 153
2 70 181
2 132 195
2 132 153
2 80 176
2 147 250
2 125 155
2 106 195
2 98 182
2 86 229
2 51 159
2 125 204
2 131 155
2 81 245
2 57 222
2 59 185
2 57 225
2 137 240
2 61 233
2 137 179
2 93 231
2 99 185
2 84 173
2 94 225
2 92 153
2 74 151
2 121 150
2 63 249
2 116 178
2 60 178
2 66 223
2 58 165
2 127 231
2 138 165
2 130 168
2 149 154
2 86 151
2 102 187
2 62 178
2 93 217
2 101 155
2 140 180
2 138 194
2 102 234
2 72 225
2 67 219
2 134 180
2 119 248
2 147 176
2 135 170
2 116 172
2 101 166
2 59 154
2 102 219
2 142 237
2 126 166
2 150 166
2 73 197
2 114 161
2 108 153
2 145 177
2 111 240
2 106 239
2 73 187
2 57 193
2 139 161
2 114 218
2 107 209
2 73 227
2 147 247
2 93 168
2 67 190
2 74 211
2 114 234
2 58 237
2 115 227
2 55 224
2 103 240
2 116 190
2 146 185
2 137 236
2 108 204
2 144 230
2 117 242
2 106 173
2 52 175
2 136 185
2 107 242
2 124 186
2 71 241
2 106 197
2 70 226
2 125 229
2 83 206
2 147 187
2 129 167
2 132 164
2 134 169
2 65 164
2 138 150
2 122 197
2 130 161
2 108 169
2 54 202
2 67 187
2 98 190
2 131 187
2 98 231
2 84 192
2 138 175
2 68 152
2 135 202
2 55 150
2 146 197
2 121 231
2 66 187
2 132 186
2 129 243
2 91 156
2 132 209
2 130 193
2 73 153
2 146 244
2 57 239
2 96 236
2 141 218
2 128 217
2 62 224
2 124 158
2 97 231
2 111 240
2 141 182
2 62 154
2 91 249
2 69 229
2 82 186
2 58 208
2 69 168
2 125 233
2 52 188
2 130 233
2 98 236
2 88 211
2 114 246
2 61 202
2 78 155
2 64 248
2 132 163
2 82 249
2 107 235
2 111 237
2 72 210
2 78 212
2 139 158
2 134 235
2 148 237
2 104 250
2 54 172
2 88 176
2 97 161
2 57 187
2 133 168
2 143 164
2 143 219
2 150 206
2 105 229
2 90 245
2 81 185
2 103 241
2 70 244
2 53 205
2 74 206
2 130 158
2 69 184
2 91 181
2 131 170
2 102 176
2 110 164
2 78 247
2 113 237
2 112 166
2 113 198
2 120 184
2 95 163
2 61 249
2 71 173
2 129 155
2 60 202
2 113 162
2 79 204
2 132 236
2 129 217
2 74 247
2 75 223
2 97 227
2 125 184
2 96 214
2 54 214
2 76 218
2 112 174
2 110 160
2 132 184
2 104 250
2 139 249
2 61 192
2 111 158
2 114 151
2 144 231
2 91 168
2 73 179
2 150 233
2 68 244
2 70 172
2 52 211
2 79 248
2 112 194
2 57 193
2 92 156
2 54 224
2 77 236
2 90 156
2 115 190
2 121 174
2 67 241
2 111 198
2 135 249
2 122 165
2 119 200
2 138 152
2 63 192
2 117 207
2 78 247
2 100 200
2 102 179
2 51 159
2 90 219
2 97 247
2 100 150
2 97 166
2 101 219
2 56 236
2 145 242
2 147 182
2 61 186
2 125 217
2 103 183
2 130 198
2 50 191
2 133 162
2 103 167
2 132 188
2 103 175
2 80 177
2 61 153
2 72 170
2 144 195
2 147 244
2 125 224
2 50 165
2 117 236
2 120 178
2 136 180
2 116 241
2 97 236
2 126 218
2 142 200
2 142 175
2 74 174
2 141 211
2 82 247
2 99 220
2 132 159
2 131 191
2 117 217
2 94 213
2 145 213
2 141 241
2 149 182
2 112 221
2 59 227
2 80 182
2 124 240
2 104 179
2 65 232
2 54 203
2 82 218
2 104 154
2 106 156
2 72 181
2 135 207
2 60 192
2 81 153
2 137 170
2 147 233
2 110 248
2 123 231
2 99 153
2 90 231
2 88 178
2 76 193
2 74 194
2 137 175
2 132 220
2 137 189
2 71 247
2 60 227
2 139 209
2 79 226
2 141 216
2 148 239
2 115 208
2 91 206
2 90 217
2 54 159
2 62 161
2 136 166
2 60 152
2 128 181
8940 7940 180
17880 15880 163
10728 9528 159
17880 15880 182
8436 7636 142
10545 9545 150
17880 15880 179
18981 17181 180
4218 3818 195
16872 15272 178
7152 6352 191
8940 7940 155
3576 3176 189
4218 3818 144
1788 1588 171
8436 7636 164
4218 3818 175
10545 9545 175
10545 9545 188
14763 13363 168
4218 3818 140
8940 7940 151
7152 6352 168
18981 17181 184
8436 7636 177
17880 15880 173
10545 9545 184
16092 14292 178
18981 17181 155
21090 19090 168
6327 5727 154
12516 11116 154
8940 7940 168
12654 11454 182
4218 3818 149
8436 7636 187
7152 6352 180
18981 17181 189
3576 3176 159
5364 4764 164
6327 5727 166
21090 19090 155
5364 4764 168
12654 11454 188
12516 11116 150
17880 15880 154
12654 11454 142
12654 11454 158
7152 6352 144
7152 6352 147
12516 11116 184
17880 15880 179
7152 6352 187
8436 7636 187
6327 5727 153
16872 15272 147
12516 11116 164
16872 15272 190
6327 5727 157
6327 5727 175
4218 3818 151
14304 12704 151
1788 1588 151
8940 7940 149
3576 3176 151
14304 12704 141
12516 11116 150
12654 11454 171
6327 5727 141
21090 19090 157
4218 3818 160
8940 7940 168
6327 5727 153
10728 9528 157
8436 7636 173
17880 15880 173
12516 11116 152
14304 12704 142
6327 5727 164
16872 15272 164
12654 11454 163
17880 15880 169
4218 3818 153
21090 19090 158
12654 11454 164
14304 12704 140
3576 3176 173
7152 6352 163
4218 3818 187
16872 15272 187
12516 11116 194
18981 17181 172
18981 17181 153
21090 19090 175
8436 7636 153
10728 9528 153
3576 3176 141
18981 17181 164
4218 3818 178
6327 5727 187
2109 1909 144
7152 6352 180
14304 12704 159
14304 12704 169
8940 7940 162
21090 19090 190
18981 17181 187
21090 19090 186
5364 4764 148
12654 11454 140
8436 7636 170
17880 15880 170
2109 1909 150
3576 3176 150
7152 6352 142
18981 17181 169
12654 11454 149
12654 11454 157
10545 9545 158
18981 17181 149
7152 6352 168
14304 12704 195
3576 3176 170
17880 15880 140
5364 4764 152
14304 12704 175
4218 3818 155
14304 12704 151
3576 3176 179
8940 7940 189
17880 15880 184
21090 19090 147
5364 4764 154
10728 9528 183
10728 9528 158
10728 9528 182
16092 14292 171
18981 17181 175
16092 14292 151
16872 15272 194
2109 1909 194
17880 15880 184
8940 7940 166
17880 15880 189
2109 1909 163
14304 12704 194
18981 17181 147
18981 17181 195
1788 1588 162
14304 12704 158
12654 11454 188
14304 12704 153
2109 1909 154
2109 1909 169
14763 13363 147
21090 19090 151
10728 9528 160
10728 9528 181
10728 9528 152
12654 11454 141
5364 4764 155
16872 15272 171
10545 9545 186
14304 12704 147
3576 3176 174
18981 17181 172
2109 1909 178
6327 5727 172
14763 13363 171
16872 15272 160
5364 4764 172
7152 6352 188
16092 14292 160
16872 15272 160
7152 6352 158
8436 7636 148
1788 1588 163
3576 3176 142
3576 3176 179
12654 11454 152
4218 3818 160
16092 14292 148
6327 5727 159
16872 15272 178
14763 13363 151
21090 19090 148
3576 3176 163
8436 7636 172
10545 9545 148
21090 19090 149
7152 6352 143
16872 15272 186
7152 6352 152
10728 9528 196
16872 15272 185
17880 15880 161
16092 14292 173
17880 15880 173
7152 6352 163
12516 11116 164
2109 1909 182
21090 19090 155
7152 6352 179
12516 11116 177
10728 9528 152
17880 15880 151
8940 7940 187
10545 9545 173
8436 7636 166
12654 11454 158
7152 6352 191
17880 15880 169
5364 4764 143
8436 7636 140
10728 9528 179
16092 14292 155
16092 14292 186
16872 15272 187
8940 7940 160
12654 11454 160
6327 5727 147
6327 5727 161
1788 1588 144
21090 19090 181
7152 6352 170
16872 15272 148
8940 7940 145
10545 9545 141
1788 1588 184
10728 9528 153
6327 5727 147
14763 13363 166
6327 5727 162
6327 5727 168
6327 5727 145
12654 11454 147
2109 1909 140
18981 17181 170
3576 3176 166
10545 9545 148
7152 6352 170
18981 17181 193
5364 4764 160
21090 19090 143
8940 7940 173
21090 19090 188
3576 3176 141
10545 9545 173
7152 6352 182
12654 11454 163
8940 7940 193
10545 9545 162
4218 3818 167
12516 11116 175
10545 9545 165
14304 12704 165
16872 15272 157
21090 19090 143
5364 4764 169
16092 14292 169
5364 4764 164
14763 13363 152
1788 1588 161
12516 11116 161
4218 3818 159
6327 5727 159
1788 1588 167
17880 15880 163
3576 3176 186
16092 14292 143
8436 7636 162
14763 13363 142
6327 5727 147
17880 15880 178
12516 11116 153
16872 15272 153
10728 9528 194
12516 11116 151
6327 5727 175
16092 14292 173
5364 4764 181
7152 6352 162
5364 4764 179
14763 13363 157
8436 7636 162
14763 13363 161
5364 4764 187
8436 7636 144
12654 11454 173
21090 19090 167
5364 4764 144
16092 14292 185
3576 3176 154
14763 13363 177
21090 19090 140
21090 19090 154
8940 7940 187
14304 12704 173
5364 4764 153
14304 12704 153
7152 6352 178
14304 12704 195
7152 6352 196
8436 7636 142
5364 4764 157
16872 15272 172
6327 5727 157
7152 6352 162
5364 4764 187
7152 6352 152
2109 1909 153
21090 19090 181
12516 11116 151
16872 15272 152
12516 11116 188
14304 12704 189
7152 6352 184
14763 13363 149
7152 6352 162
8436 7636 161
5364 4764 159
21090 19090 172
12516 11116 176
14304 12704 148
4218 3818 154
10545 9545 151
8940 7940 148
12654 11454 168
3576 3176 163
8940 7940 142
10545 9545 158
18981 17181 177
3576 3176 145
21090 19090 180
2109 1909 150
18981 17181 170
8940 7940 161
10728 9528 176
7152 6352 187
16092 14292 189
3576 3176 196
6327 5727 152
18981 17181 154
21090 19090 155
4218 3818 160
8436 7636 140
6327 5727 142
8940 7940 170
6327 5727 161
16092 14292 144
3576 3176 147
12516 11116 196
5364 4764 155
10728 9528 178
1788 1588 150
16872 15272 168
8940 7940 163
12654 11454 174
7152 6352 164
17880 15880 145
8436 7636 163
8940 7940 148
4218 3818 172
12654 11454 155
1788 1588 153
4218 3818 153
2109 1909 159
21090 19090 166
12654 11454 157
14304 12704 159
16872 15272 153
21090 19090 153
16872 15272 173
21090 19090 142
12654 11454 187
16092 14292 177
1788 1588 155
3576 3176 155
4218 3818 144
16092 14292 164
14763 13363 168
17880 15880 180
4218 3818 171
12516 11116 172
8436 7636 159
14763 13363 159
5364 4764 142
6327 5727 162
3576 3176 155
18981 17181 155
10728 9528 175
12516 11116 175
5364 4764 144
18981 17181 152
5364 4764 178
6327 5727 168
1788 1588 161
10545 9545 195
12654 11454 186
14763 13363 195
8436 7636 179
16872 15272 179
2109 1909 179
8436 7636 179
8940 7940 161
10728 9528 167
10545 9545 185
16092 14292 175
4218 3818 163
10545 9545 173
8940 7940 164
14763 13363 164
2109 1909 153
14763 13363 148
8436 7636 151
10545 9545 144
10728 9528 150
16872 15272 149
1788 1588 154
8940 7940 194
6327 5727 173
17880 15880 178
8940 7940 162
18981 17181 168
12654 11454 169
14304 12704 179
1788 1588 165
16092 14292 165
2109 1909 145
10728 9528 154
10728 9528 143
21090 19090 149
2109 1909 155
12654 11454 150
16872 15272 152
21090 19090 152
2109 1909 151
4218 3818 144
8436 7636 176
16092 14292 145
14763 13363 167
21090 19090 157
6327 5727 149
17880 15880 179
6327 5727 155
16872 15272 143
10728 9528 180
12516 11116 161
7152 6352 164
18981 17181 181
2109 1909 164
6327 5727 176
3576 3176 164
6327 5727 190
7152 6352 184
17880 15880 194
5364 4764 180
16092 14292 172
8940 7940 158
16092 14292 182
8940 7940 176
12654 11454 176
6327 5727 170
12654 11454 155
2109 1909 149
21090 19090 172
8436 7636 166
17880 15880 166
7152 6352 154
16092 14292 154
3576 3176 157
4218 3818 166
7152 6352 184
18981 17181 164
2109 1909 152
10545 9545 143
8436 7636 166
18981 17181 166
4218 3818 195
12654 11454 176
8940 7940 145
10545 9545 161
10545 9545 153
16872 15272 153
4218 3818 151
4218 3818 177
3576 3176 176
17880 15880 188
2109 1909 162
17880 15880 155
3576 3176 187
7152 6352 142
14304 12704 173
17880 15880 164
4218 3818 161
6327 5727 161
10728 9528 173
14304 12704 170
10728 9528 148
12654 11454 169
10728 9528 145
16092 14292 185
5364 4764 181
14763 13363 172
3576 3176 145
14763 13363 168
2109 1909 153
12516 11116 190
6327 5727 149
21090 19090 196
2109 1909 188
7152 6352 142
8436 7636 167
16092 14292 181
2109 1909 161
21090 19090 154
2109 1909 161
10545 9545 143
14763 13363 191
16092 14292 187
12516 11116 147
21090 19090 164
1788 1588 178
6327 5727 185
8436 7636 185
14763 13363 142
1788 1588 188
8940 7940 175
6327 5727 149
6327 5727 190
2109 1909 149
3576 3176 157
1788 1588 141
21090 19090 173
8436 7636 175
12516 11116 166
14763 13363 171
21090 19090 170
1788 1588 141
3576 3176 166
4218 3818 186
14304 12704 162
10545 9545 151
18981 17181 166
3576 3176 150
12516 11116 147
4218 3818 185
10728 9528 185
10545 9545 141
16872 15272 189
2109 1909 171
2109 1909 194
3576 3176 164
10545 9545 187
1788 1588 167
16092 14292 155
16872 15272 164
21090 19090 164
3576 3176 169
12516 11116 169
16092 14292 164
21090 19090 163
12654 11454 150
14763 13363 150
5364 4764 166
16092 14292 182
5364 4764 141
7152 6352 153
14763 13363 169
21090 19090 142
7152 6352 149
17880 15880 161
7152 6352 168
8940 7940 171
10728 9528 154
16092 14292 188
14304 12704 181
18981 17181 145
6327 5727 179
10545 9545 173
4218 3818 154
6327 5727 187
4218 3818 175
21090 19090 173
4218 3818 140
12516 11116 152
10728 9528 140
16872 15272 170
12516 11116 150
12654 11454 145
6327 5727 158
14763 13363 190
4218 3818 148
16092 14292 185
4218 3818 182
17880 15880 187
14763 13363 150
21090 19090 150
17880 15880 157
18981 17181 171
3576 3176 143
12516 11116 143
2109 1909 185
4218 3818 157
3576 3176 177
16092 14292 188
7152 6352 153
14763 13363 153
5364 4764 142
14304 12704 161
12516 11116 194
14304 12704 173
6327 5727 155
21090 19090 148
12516 11116 166
12654 11454 179
10728 9528 164
12654 11454 170
2109 1909 168
6327 5727 149
7152 6352 158
14763 13363 158
2109 1909 150
17880 15880 177
7152 6352 148
12516 11116 167
6327 5727 182
7152 6352 182
14304 12704 145
14304 12704 154
2109 1909 179
8940 7940 175
3576 3176 140
4218 3818 189
5364 4764 155
8436 7636 162
14304 12704 155
14763 13363 179
7152 6352 140
7152 6352 168
8436 7636 149
17880 15880 187
2109 1909 141
17880 15880 170
8940 7940 164
18981 17181 173
6327 5727 153
18981 17181 177
4218 3818 157
14304 12704 153
7152 6352 143
14304 12704 170
5364 4764 177
10728 9528 160
4218 3818 155
14763 13363 155
4218 3818 186
10728 9528 186
12516 11116 147
12516 11116 163
10545 9545 167
17880 15880 191
5364 4764 159
14304 12704 189
1788 1588 171
12516 11116 160
14304 12704 148
16872 15272 145
17880 15880 186
21090 19090 154
10728 9528 158
12516 11116 141
6327 5727 190
12516 11116 148
12654 11454 157
12654 11454 172
14763 13363 180
17880 15880 159
8940 7940 145
12654 11454 172
12654 11454 168
21090 19090 176
2109 1909 159
10545 9545 161
14304 12704 180
16092 14292 142
14304 12704 153
14763 13363 158
3576 3176 164
4218 3818 155
2109 1909 186
18981 17181 193
10728 9528 177
12516 11116 149
4218 3818 163
16872 15272 190
5364 4764 175
12654 11454 161
3576 3176 157
14304 12704 184
3576 3176 149
10728 9528 188
8940 7940 148
16872 15272 169
10728 9528 144
18981 17181 142
14304 12704 182
17880 15880 182
5364 4764 158
14304 12704 158
2109 1909 180
12654 11454 184
4218 3818 171
18981 17181 176
14304 12704 155
16872 15272 170
3576 3176 176
4218 3818 176
2109 1909 153
10728 9528 164
2109 1909 163
8940 7940 167
6327 5727 157
14304 12704 175
8436 7636 166
12654 11454 166
12516 11116 167
16872 15272 155
1788 1588 147
1788 1588 184
7152 6352 140
7152 6352 163
8436 7636 169
17880 15880 151
8940 7940 143
14304 12704 173
14763 13363 155
16872 15272 155
4218 3818 190
10728 9528 148
10728 9528 162
14763 13363 162
12516 11116 147
18981 17181 140
8940 7940 171
18981 17181 149
18981 17181 158
18981 17181 176
17880 15880 190
18981 17181 144
3576 3176 170
10728 9528 159
1788 1588 182
17880 15880 181
10545 9545 155
12654 11454 140
2109 1909 193
10728 9528 158
8436 7636 168
14304 12704 160
4218 3818 152
21090 19090 148
16092 14292 147
16872 15272 174
12654 11454 160
16092 14292 159
7152 6352 167
17880 15880 173
14304 12704 186
16872 15272 166
18981 17181 162
21090 19090 147
10545 9545 191
14304 12704 168
12516 11116 158
18981 17181 158
3576 3176 151
8940 7940 144
3576 3176 190
14763 13363 161
8940 7940 149
10728 9528 144
1788 1588 159
8940 7940 179
6327 5727 191
16872 15272 184
2109 1909 191
8940 7940 169
8940 7940 172
10728 9528 172
1788 1588 179
5364 4764 195
10728 9528 171
16092 14292 150
7152 6352 167
14304 12704 168
4218 3818 160
7152 6352 176
6327 5727 143
17880 15880 156
14763 13363 166
17880 15880 195
6327 5727 142
21090 19090 157
12516 11116 144
18981 17181 156
1788 1588 190
12654 11454 154
8940 7940 157
12516 11116 160
6327 5727 148
10728 9528 167
21090 19090 153
21090 19090 188
1788 1588 186
5364 4764 194
7152 6352 165
14304 12704 165
8436 7636 145
14763 13363 147
4218 3818 141
5364 4764 142
4218 3818 161
5364 4764 192
6327 5727 196
8940 7940 185
8436 7636 180
21090 19090 176
7152 6352 171
12516 11116 171
3576 3176 163
10728 9528 154
10728 9528 159
17880 15880 159
6327 5727 187
8940 7940 166
3576 3176 158
8940 7940 163
2109 1909 150
16872 15272 150
4218 3818 166
14763 13363 166
8436 7636 181
21090 19090 180
2109 1909 155
18981 17181 140
8436 7636 155
17880 15880 167
14304 12704 181
17880 15880 147
2109 1909 143
14763 13363 160
10728 9528 186
21090 19090 170
1788 1588 143
8940 7940 183
5364 4764 182
16872 15272 194
6327 5727 140
18981 17181 180
6327 5727 144
17880 15880 152
4218 3818 150
10545 9545 167
10728 9528 162
18981 17181 188
14304 12704 145
16872 15272 162
6327 5727 172
10728 9528 150
5364 4764 142
8940 7940 153
6327 5727 170
10728 9528 140
1788 1588 159
5364 4764 158
3576 3176 172
8436 7636 152
8436 7636 169
8436 7636 194
6327 5727 153
16872 15272 141
3576 3176 187
21090 19090 168
2109 1909 178
8436 7636 169
7152 6352 180
12516 11116 180
16092 14292 154
17880 15880 177
14763 13363 153
16092 14292 160
3576 3176 170
6327 5727 173
5364 4764 189
12516 11116 173
4218 3818 154
12654 11454 175
1788 1588 174
7152 6352 167
8436 7636 159
12516 11116 170
4218 3818 143
10545 9545 185
6327 5727 143
10545 9545 167
2109 1909 151
4218 3818 159
7152 6352 173
17880 15880 171
14763 13363 171
21090 19090 150
12516 11116 187
17880 15880 195
2109 1909 151
16092 14292 171
7152 6352 177
8940 7940 194
3576 3176 182
6327 5727 149
1788 1588 158
21090 19090 167
17880 15880 184
18981 17181 161
16092 14292 164
21090 19090 145
2109 1909 144
3576 3176 185
16092 14292 151
18981 17181 173
8940 7940 186
18981 17181 162
14304 12704 149
21090 19090 167
18981 17181 152
18981 17181 191
4218 3818 150
14304 12704 153
8436 7636 156
8940 7940 156
3576 3176 147
10545 9545 152
8940 7940 170
10545 9545 190
12516 11116 192
21090 19090 160
4218 3818 151
17880 15880 153
8940 7940 170
16872 15272 169
3576 3176 158
18981 17181 176
8436 7636 141
16092 14292 193
14304 12704 154
17880 15880 185
10545 9545 153
18981 17181 153
1788 1588 172
16872 15272 143
14304 12704 140
16092 14292 155
17880 15880 148
17880 15880 193
5364 4764 176
12516 11116 167
12654 11454 175
16872 15272 175
14763 13363 175
17880 15880 161
12654 11454 185
14304 12704 153
5364 4764 171
7152 6352 150
1788 1588 187
12516 11116 180
8940 7940 142
10545 9545 145
10545 9545 157
14304 12704 187
1788 1588 172
21090 19090 191
10728 9528 157
21090 19090 143
1788 1588 159
14304 12704 154
1788 1588 171
16872 15272 168
8940 7940 187
12654 11454 189
8436 7636 155
12516 11116 159
12516 11116 161
16092 14292 144
6327 5727 143
10545 9545 152
7152 6352 152
16092 14292 152
12516 11116 170
14304 12704 151
