2000 20 1269510
100 108 200
100 66 208
100 75 202
100 147 245
100 76 208
100 134 162
100 111 219
100 51 159
100 90 237
100 60 164
100 148 234
100 125 166
100 80 152
100 91 223
100 85 233
100 58 191
100 90 178
100 96 150
100 67 227
100 140 208
928 415 2
928 415 3
928 415 3
928 415 3
1583 88 2
1856 830 2
1856 830 2
1856 830 2
1856 830 3
1856 830 3
1856 830 3
1856 830 3
1856 830 3
2784 1245 3
2784 1245 3
3166 176 2
3166 176 2
3166 176 2
3166 176 2
3166 176 3
3166 176 3
3166 176 3
3712 1660 2
3712 1660 2
3712 1660 2
3712 1660 2
3712 1660 3
3712 1660 3
3712 1660 3
3712 1660 3
4640 2075 3
4640 2075 3
4640 2075 3
4749 264 3
4749 264 3
4749 264 3
5568 2490 3
5568 2490 3
5568 2490 3
5568 2490 3
5568 2490 3
5568 2490 3
6332 352 3
6332 352 3
6496 2905 2
6496 2905 2
6496 2905 2
6496 2905 3
6496 2905 3
6496 2905 3
6496 2905 3
6496 2905 3
6496 2905 3
7424 3320 2
7424 3320 2
7424 3320 3
7424 3320 3
7424 3320 3
7424 3320 3
7424 3320 3
7424 3320 3
7424 3320 3
7424 3320 3
7424 3320 3
7915 440 2
7915 440 2
7915 440 3
7915 440 3
7915 440 3
7915 440 3
8352 3735 2
8352 3735 2
8352 3735 2
8352 3735 3
8352 3735 3
9280 4150 2
9280 4150 2
9280 4150 3
9280 4150 3
9280 4150 3
9498 528 2
9498 528 3
11081 616 3
11081 616 3
12664 704 2
12664 704 3
12664 704 3
12664 704 3
12664 704 3
12664 704 3
14247 792 2
14247 792 3
14247 792 3
14247 792 3
15830 880 2
15830 880 2
15830 880 3
15830 880 3
15830 880 3
15830 880 3
928 415 3
1583 88 2
1583 88 3
1583 88 3
1856 830 2
1856 830 2
1856 830 2
1856 830 3
1856 830 3
1856 830 3
1856 830 3
2784 1245 3
3166 176 2
3166 176 2
3166 176 2
3166 176 3
3166 176 3
3166 176 3
3166 176 3
3166 176 3
3166 176 3
3166 176 3
3166 176 3
3712 1660 2
3712 1660 3
3712 1660 3
3712 1660 3
4640 2075 2
4640 2075 2
4640 2075 3
4640 2075 3
4640 2075 3
4640 2075 3
4640 2075 3
4749 264 2
4749 264 2
4749 264 3
4749 264 3
4749 264 3
4749 264 3
5568 2490 2
5568 2490 2
5568 2490 3
5568 2490 3
5568 2490 3
5568 2490 3
5568 2490 3
5568 2490 3
6332 352 2
6332 352 2
6332 352 2
6332 352 2
6332 352 3
6332 352 3
6332 352 3
6332 352 3
6496 2905 3
6496 2905 3
6496 2905 3
6496 2905 3
6496 2905 3
6496 2905 3
7424 3320 3
7424 3320 3
7424 3320 3
7915 440 3
7915 440 3
7915 440 3
8352 3735 2
8352 3735 3
8352 3735 3
8352 3735 3
9280 4150 3
9280 4150 3
9280 4150 3
9280 4150 3
9498 528 3
9498 528 3
9498 528 3
9498 528 3
9498 528 3
11081 616 3
11081 616 3
11081 616 3
11081 616 3
11081 616 3
11081 616 3
11081 616 3
12664 704 2
12664 704 2
12664 704 2
12664 704 3
12664 704 3
12664 704 3
12664 704 3
14247 792 2
15830 880 2
15830 880 2
15830 880 3
15830 880 3
928 415 3
928 415 3
928 415 3
1583 88 2
1583 88 3
1583 88 3
1583 88 3
1583 88 3
1856 830 3
2784 1245 2
2784 1245 2
2784 1245 2
2784 1245 3
2784 1245 3
2784 1245 3
2784 1245 3
3166 176 2
3166 176 2
3712 1660 3
3712 1660 3
4640 2075 3
4640 2075 3
4640 2075 3
4640 2075 3
4640 2075 3
4749 264 3
4749 264 3
4749 264 3
4749 264 3
4749 264 3
4749 264 3
5568 2490 3
5568 2490 3
5568 2490 3
5568 2490 3
5568 2490 3
5568 2490 3
5568 2490 3
5568 2490 3
5568 2490 3
6332 352 3
6332 352 3
6332 352 3
6332 352 3
6332 352 3
6332 352 3
6332 352 3
6496 2905 2
6496 2905 3
6496 2905 3
7424 3320 2
7424 3320 2
7424 3320 3
7424 3320 3
7424 3320 3
7915 440 3
7915 440 3
7915 440 3
7915 440 3
7915 440 3
8352 3735 2
8352 3735 3
8352 3735 3
8352 3735 3
8352 3735 3
9280 4150 2
9280 4150 2
9280 4150 3
9280 4150 3
9280 4150 3
9280 4150 3
9498 528 2
9498 528 2
9498 528 3
9498 528 3
9498 528 3
9498 528 3
9498 528 3
11081 616 2
11081 616 2
11081 616 3
11081 616 3
11081 616 3
11081 616 3
12664 704 2
12664 704 3
14247 792 2
14247 792 3
14247 792 3
14247 792 3
14247 792 3
14247 792 3
15830 880 2
15830 880 2
15830 880 3
15830 880 3
15830 880 3
15830 880 3
15830 880 3
15830 880 3
928 415 2
928 415 3
928 415 3
928 415 3
928 415 3
928 415 3
1583 88 2
1583 88 2
1583 88 3
1583 88 3
1583 88 3
1856 830 2
1856 830 3
2784 1245 2
2784 1245 3
2784 1245 3
2784 1245 3
2784 1245 3
3166 176 2
3166 176 3
3166 176 3
3166 176 3
3712 1660 2
3712 1660 2
3712 1660 3
3712 1660 3
3712 1660 3
3712 1660 3
3712 1660 3
3712 1660 3
3712 1660 3
3712 1660 3
4640 2075 2
4640 2075 3
4640 2075 3
4640 2075 3
4749 264 2
4749 264 2
4749 264 2
4749 264 3
5568 2490 3
5568 2490 3
5568 2490 3
5568 2490 3
5568 2490 3
6332 352 3
6332 352 3
6332 352 3
6496 2905 3
6496 2905 3
7424 3320 2
7424 3320 2
7424 3320 3
7424 3320 3
7424 3320 3
7424 3320 3
7424 3320 3
7424 3320 3
7424 3320 3
7424 3320 3
7424 3320 3
7915 440 3
7915 440 3
7915 440 3
7915 440 3
8352 3735 2
8352 3735 2
8352 3735 3
8352 3735 3
9280 4150 2
9280 4150 2
9280 4150 3
9280 4150 3
9280 4150 3
9280 4150 3
9280 4150 3
9498 528 2
9498 528 3
9498 528 3
9498 528 3
9498 528 3
9498 528 3
9498 528 3
9498 528 3
9498 528 3
11081 616 3
11081 616 3
12664 704 2
12664 704 2
12664 704 3
12664 704 3
14247 792 2
14247 792 2
14247 792 3
14247 792 3
14247 792 3
14247 792 3
14247 792 3
15830 880 2
15830 880 2
928 415 2
928 415 3
928 415 3
928 415 3
928 415 3
928 415 3
928 415 3
928 415 3
928 415 3
928 415 3
1583 88 2
1583 88 3
1583 88 3
1583 88 3
1856 830 2
1856 830 2
1856 830 2
1856 830 2
1856 830 3
2784 1245 2
2784 1245 3
2784 1245 3
3166 176 2
3166 176 2
3166 176 2
3166 176 3
3712 1660 3
3712 1660 3
3712 1660 3
3712 1660 3
3712 1660 3
4640 2075 2
4640 2075 3
4640 2075 3
4640 2075 3
4749 264 2
4749 264 3
4749 264 3
4749 264 3
5568 2490 2
5568 2490 2
5568 2490 3
5568 2490 3
5568 2490 3
6332 352 2
6332 352 3
6332 352 3
6332 352 3
6332 352 3
6496 2905 2
6496 2905 2
6496 2905 2
6496 2905 3
6496 2905 3
6496 2905 3
6496 2905 3
6496 2905 3
7424 3320 2
7424 3320 3
7424 3320 3
7424 3320 3
7424 3320 3
7915 440 2
7915 440 3
7915 440 3
7915 440 3
7915 440 3
8352 3735 2
8352 3735 3
8352 3735 3
8352 3735 3
9280 4150 2
9280 4150 3
9280 4150 3
9280 4150 3
9498 528 2
9498 528 3
9498 528 3
9498 528 3
11081 616 2
11081 616 2
11081 616 3
11081 616 3
12664 704 2
12664 704 3
12664 704 3
12664 704 3
12664 704 3
14247 792 3
14247 792 3
14247 792 3
14247 792 3
14247 792 3
14247 792 3
14247 792 3
14247 792 3
14247 792 3
15830 880 2
15830 880 3
15830 880 3
928 415 3
928 415 3
928 415 3
928 415 3
928 415 3
1583 88 2
1583 88 3
1583 88 3
1856 830 2
1856 830 3
2784 1245 2
2784 1245 3
2784 1245 3
2784 1245 3
2784 1245 3
2784 1245 3
3166 176 2
3166 176 3
3166 176 3
3712 1660 2
3712 1660 3
3712 1660 3
3712 1660 3
3712 1660 3
3712 1660 3
3712 1660 3
3712 1660 3
3712 1660 3
3712 1660 3
3712 1660 3
4640 2075 2
4640 2075 2
4640 2075 2
4640 2075 3
4640 2075 3
4640 2075 3
4749 264 2
4749 264 2
4749 264 2
4749 264 3
4749 264 3
4749 264 3
4749 264 3
5568 2490 2
5568 2490 2
5568 2490 3
5568 2490 3
5568 2490 3
6332 352 2
6332 352 3
6332 352 3
6332 352 3
6332 352 3
6496 2905 2
6496 2905 3
6496 2905 3
6496 2905 3
6496 2905 3
7424 3320 3
7424 3320 3
7424 3320 3
7424 3320 3
7424 3320 3
7915 440 3
7915 440 3
7915 440 3
8352 3735 3
8352 3735 3
8352 3735 3
8352 3735 3
8352 3735 3
9280 4150 2
9280 4150 2
9280 4150 2
9280 4150 3
9280 4150 3
9280 4150 3
9498 528 2
9498 528 3
11081 616 2
11081 616 2
11081 616 3
11081 616 3
12664 704 2
12664 704 2
12664 704 3
12664 704 3
12664 704 3
12664 704 3
12664 704 3
14247 792 2
14247 792 3
15830 880 2
15830 880 3
15830 880 3
15830 880 3
15830 880 3
15830 880 3
15830 880 3
15830 880 3
928 415 3
928 415 3
928 415 3
928 415 3
928 415 3
928 415 3
928 415 3
1583 88 3
1583 88 3
1583 88 3
1583 88 3
1856 830 3
1856 830 3
1856 830 3
1856 830 3
2784 1245 3
2784 1245 3
2784 1245 3
3166 176 3
3166 176 3
3166 176 3
3166 176 3
3166 176 3
3166 176 3
3712 1660 2
3712 1660 2
3712 1660 2
3712 1660 3
3712 1660 3
3712 1660 3
3712 1660 3
3712 1660 3
3712 1660 3
3712 1660 3
4640 2075 2
4640 2075 2
4640 2075 3
4640 2075 3
4640 2075 3
4640 2075 3
4640 2075 3
4749 264 2
4749 264 2
4749 264 3
4749 264 3
4749 264 3
4749 264 3
4749 264 3
5568 2490 2
5568 2490 2
5568 2490 2
5568 2490 3
5568 2490 3
5568 2490 3
5568 2490 3
6332 352 2
6332 352 3
6332 352 3
6496 2905 2
6496 2905 3
6496 2905 3
7424 3320 2
7424 3320 2
7424 3320 3
7424 3320 3
7424 3320 3
7915 440 3
7915 440 3
7915 440 3
7915 440 3
7915 440 3
8352 3735 2
8352 3735 3
8352 3735 3
8352 3735 3
9280 4150 2
9280 4150 3
9280 4150 3
9280 4150 3
9498 528 2
9498 528 2
9498 528 3
9498 528 3
9498 528 3
9498 528 3
11081 616 3
11081 616 3
11081 616 3
12664 704 2
12664 704 3
12664 704 3
14247 792 2
14247 792 3
14247 792 3
14247 792 3
15830 880 3
15830 880 3
15830 880 3
15830 880 3
15830 880 3
928 415 2
928 415 3
928 415 3
928 415 3
928 415 3
1583 88 2
1583 88 2
1583 88 3
1583 88 3
1583 88 3
1856 830 3
1856 830 3
2784 1245 2
2784 1245 2
2784 1245 2
2784 1245 3
2784 1245 3
2784 1245 3
2784 1245 3
3166 176 3
3166 176 3
3166 176 3
3166 176 3
3712 1660 3
4640 2075 2
4640 2075 2
4640 2075 3
4640 2075 3
4640 2075 3
4640 2075 3
4640 2075 3
4749 264 2
4749 264 3
4749 264 3
4749 264 3
4749 264 3
5568 2490 2
5568 2490 3
5568 2490 3
5568 2490 3
6332 352 2
6332 352 2
6332 352 3
6332 352 3
6332 352 3
6332 352 3
6332 352 3
6496 2905 3
6496 2905 3
6496 2905 3
7424 3320 2
7424 3320 2
7424 3320 3
7424 3320 3
7424 3320 3
7915 440 3
7915 440 3
7915 440 3
7915 440 3
7915 440 3
7915 440 3
7915 440 3
7915 440 3
7915 440 3
7915 440 3
8352 3735 2
8352 3735 2
8352 3735 2
8352 3735 3
8352 3735 3
8352 3735 3
8352 3735 3
9280 4150 2
9280 4150 3
9280 4150 3
9498 528 2
9498 528 2
11081 616 2
11081 616 3
11081 616 3
11081 616 3
11081 616 3
12664 704 2
12664 704 2
12664 704 3
12664 704 3
14247 792 2
14247 792 2
14247 792 3
14247 792 3
14247 792 3
14247 792 3
14247 792 3
14247 792 3
14247 792 3
15830 880 2
15830 880 2
15830 880 3
15830 880 3
15830 880 3
928 415 2
928 415 3
928 415 3
928 415 3
928 415 3
1583 88 2
1583 88 3
2784 1245 3
2784 1245 3
2784 1245 3
2784 1245 3
2784 1245 3
2784 1245 3
2784 1245 3
3166 176 2
3166 176 3
3166 176 3
3166 176 3
3166 176 3
3166 176 3
3166 176 3
3712 1660 2
3712 1660 2
3712 1660 2
3712 1660 2
3712 1660 2
3712 1660 3
4640 2075 3
4640 2075 3
4640 2075 3
4749 264 2
4749 264 3
5568 2490 2
5568 2490 2
5568 2490 3
5568 2490 3
5568 2490 3
5568 2490 3
5568 2490 3
6332 352 2
6332 352 2
6332 352 3
6332 352 3
6332 352 3
6496 2905 2
6496 2905 2
6496 2905 2
6496 2905 3
6496 2905 3
6496 2905 3
6496 2905 3
6496 2905 3
6496 2905 3
7424 3320 3
7424 3320 3
7424 3320 3
7424 3320 3
7424 3320 3
7424 3320 3
7915 440 2
7915 440 2
7915 440 3
7915 440 3
7915 440 3
8352 3735 2
8352 3735 2
8352 3735 2
8352 3735 3
8352 3735 3
8352 3735 3
8352 3735 3
8352 3735 3
9280 4150 2
9280 4150 3
9280 4150 3
9280 4150 3
9280 4150 3
9280 4150 3
9280 4150 3
9280 4150 3
9498 528 3
9498 528 3
11081 616 2
11081 616 3
12664 704 3
14247 792 2
14247 792 3
14247 792 3
14247 792 3
14247 792 3
14247 792 3
15830 880 2
15830 880 2
15830 880 3
15830 880 3
15830 880 3
15830 880 3
15830 880 3
15830 880 3
15830 880 3
928 415 3
928 415 3
928 415 3
1583 88 2
1583 88 2
1583 88 3
1583 88 3
1583 88 3
1583 88 3
1856 830 2
1856 830 2
1856 830 2
1856 830 3
1856 830 3
1856 830 3
1856 830 3
1856 830 3
1856 830 3
1856 830 3
1856 830 3
2784 1245 3
2784 1245 3
2784 1245 3
2784 1245 3
3166 176 2
3166 176 3
3166 176 3
3166 176 3
3712 1660 2
3712 1660 3
3712 1660 3
3712 1660 3
4640 2075 2
4640 2075 2
4640 2075 2
4640 2075 3
4640 2075 3
4640 2075 3
4749 264 2
4749 264 3
4749 264 3
4749 264 3
5568 2490 2
5568 2490 3
5568 2490 3
5568 2490 3
5568 2490 3
5568 2490 3
5568 2490 3
6332 352 2
6332 352 3
6332 352 3
6332 352 3
6332 352 3
6332 352 3
6332 352 3
6496 2905 2
6496 2905 2
6496 2905 3
7424 3320 2
7424 3320 3
7424 3320 3
7424 3320 3
7424 3320 3
7424 3320 3
7424 3320 3
7915 440 3
7915 440 3
7915 440 3
8352 3735 2
8352 3735 2
8352 3735 2
8352 3735 3
8352 3735 3
9280 4150 3
9280 4150 3
9280 4150 3
9280 4150 3
9280 4150 3
9280 4150 3
9280 4150 3
9280 4150 3
9280 4150 3
9280 4150 3
9498 528 3
9498 528 3
9498 528 3
11081 616 3
11081 616 3
12664 704 2
12664 704 2
12664 704 3
12664 704 3
12664 704 3
14247 792 3
14247 792 3
15830 880 2
15830 880 2
15830 880 3
15830 880 3
928 415 2
928 415 3
928 415 3
928 415 3
928 415 3
1583 88 2
1583 88 2
1583 88 3
1583 88 3
1856 830 2
1856 830 2
1856 830 2
1856 830 3
1856 830 3
2784 1245 2
2784 1245 2
2784 1245 2
2784 1245 3
2784 1245 3
2784 1245 3
3166 176 2
3166 176 3
3166 176 3
3166 176 3
3166 176 3
3166 176 3
3712 1660 2
3712 1660 2
3712 1660 3
3712 1660 3
4640 2075 2
4640 2075 2
4640 2075 3
4640 2075 3
4749 264 3
4749 264 3
4749 264 3
4749 264 3
5568 2490 2
5568 2490 2
5568 2490 3
5568 2490 3
5568 2490 3
6332 352 2
6332 352 3
6332 352 3
6332 352 3
6332 352 3
6332 352 3
6496 2905 2
6496 2905 2
6496 2905 3
6496 2905 3
6496 2905 3
7424 3320 3
7424 3320 3
7424 3320 3
7424 3320 3
7915 440 2
7915 440 3
7915 440 3
7915 440 3
7915 440 3
7915 440 3
8352 3735 2
8352 3735 2
8352 3735 3
8352 3735 3
8352 3735 3
9280 4150 3
9280 4150 3
9498 528 2
9498 528 2
9498 528 2
9498 528 3
9498 528 3
9498 528 3
9498 528 3
11081 616 2
11081 616 2
11081 616 3
11081 616 3
11081 616 3
11081 616 3
11081 616 3
12664 704 2
12664 704 2
12664 704 2
12664 704 3
12664 704 3
12664 704 3
12664 704 3
12664 704 3
14247 792 3
14247 792 3
14247 792 3
14247 792 3
14247 792 3
15830 880 2
15830 880 3
928 415 2
928 415 3
928 415 3
928 415 3
928 415 3
1583 88 3
1583 88 3
1583 88 3
1583 88 3
1583 88 3
1856 830 2
1856 830 2
1856 830 3
1856 830 3
1856 830 3
2784 1245 3
2784 1245 3
2784 1245 3
2784 1245 3
2784 1245 3
2784 1245 3
3166 176 3
3166 176 3
3166 176 3
3712 1660 3
3712 1660 3
3712 1660 3
3712 1660 3
4640 2075 2
4640 2075 3
4640 2075 3
4640 2075 3
4749 264 2
4749 264 2
4749 264 2
4749 264 3
4749 264 3
4749 264 3
5568 2490 2
5568 2490 2
5568 2490 3
5568 2490 3
5568 2490 3
5568 2490 3
6332 352 2
6332 352 3
6332 352 3
6496 2905 3
6496 2905 3
6496 2905 3
7424 3320 2
7424 3320 2
7424 3320 3
7424 3320 3
7424 3320 3
7424 3320 3
7424 3320 3
7915 440 2
7915 440 3
7915 440 3
7915 440 3
7915 440 3
8352 3735 3
8352 3735 3
9280 4150 3
9280 4150 3
9280 4150 3
9280 4150 3
9280 4150 3
9498 528 2
9498 528 3
9498 528 3
9498 528 3
11081 616 3
11081 616 3
11081 616 3
11081 616 3
11081 616 3
12664 704 2
12664 704 3
12664 704 3
12664 704 3
14247 792 2
14247 792 2
14247 792 2
14247 792 3
14247 792 3
14247 792 3
14247 792 3
14247 792 3
14247 792 3
14247 792 3
14247 792 3
15830 880 2
15830 880 3
15830 880 3
15830 880 3
15830 880 3
15830 880 3
15830 880 3
928 415 2
928 415 3
928 415 3
928 415 3
1583 88 2
1583 88 2
1583 88 3
1583 88 3
1583 88 3
1856 830 2
1856 830 3
1856 830 3
1856 830 3
1856 830 3
1856 830 3
2784 1245 3
2784 1245 3
2784 1245 3
2784 1245 3
2784 1245 3
3166 176 3
3166 176 3
3166 176 3
3166 176 3
3166 176 3
3166 176 3
3712 1660 2
3712 1660 3
3712 1660 3
3712 1660 3
3712 1660 3
4640 2075 2
4640 2075 3
4640 2075 3
4640 2075 3
4640 2075 3
4749 264 2
4749 264 2
4749 264 3
4749 264 3
4749 264 3
4749 264 3
4749 264 3
5568 2490 2
5568 2490 3
5568 2490 3
5568 2490 3
6332 352 3
6332 352 3
6332 352 3
6332 352 3
6332 352 3
6332 352 3
6332 352 3
6496 2905 3
6496 2905 3
7424 3320 2
7424 3320 3
7424 3320 3
7424 3320 3
7915 440 3
7915 440 3
7915 440 3
7915 440 3
7915 440 3
8352 3735 3
8352 3735 3
8352 3735 3
8352 3735 3
8352 3735 3
8352 3735 3
9280 4150 3
9498 528 2
9498 528 3
9498 528 3
9498 528 3
9498 528 3
9498 528 3
11081 616 2
11081 616 2
11081 616 3
11081 616 3
11081 616 3
11081 616 3
12664 704 2
12664 704 3
12664 704 3
12664 704 3
12664 704 3
12664 704 3
12664 704 3
14247 792 2
14247 792 2
14247 792 3
14247 792 3
15830 880 2
15830 880 2
15830 880 3
15830 880 3
15830 880 3
928 415 2
928 415 2
928 415 3
928 415 3
928 415 3
928 415 3
928 415 3
1583 88 2
1583 88 3
1583 88 3
1856 830 2
1856 830 2
1856 830 3
1856 830 3
1856 830 3
1856 830 3
2784 1245 2
2784 1245 3
2784 1245 3
2784 1245 3
2784 1245 3
3166 176 3
3166 176 3
3166 176 3
3166 176 3
3166 176 3
3166 176 3
3712 1660 2
3712 1660 2
3712 1660 3
3712 1660 3
4640 2075 2
4640 2075 3
4640 2075 3
4640 2075 3
4749 264 2
4749 264 3
4749 264 3
4749 264 3
4749 264 3
5568 2490 3
5568 2490 3
5568 2490 3
5568 2490 3
5568 2490 3
5568 2490 3
5568 2490 3
6332 352 2
6332 352 2
6332 352 3
6332 352 3
6332 352 3
6332 352 3
6332 352 3
6332 352 3
6332 352 3
6332 352 3
6496 2905 2
6496 2905 3
6496 2905 3
6496 2905 3
6496 2905 3
7424 3320 2
7424 3320 3
7424 3320 3
7424 3320 3
7424 3320 3
7424 3320 3
7915 440 2
7915 440 3
7915 440 3
7915 440 3
7915 440 3
8352 3735 3
9280 4150 2
9280 4150 2
9280 4150 3
9280 4150 3
9280 4150 3
9498 528 2
9498 528 3
9498 528 3
11081 616 3
11081 616 3
12664 704 2
12664 704 3
12664 704 3
12664 704 3
14247 792 2
14247 792 3
14247 792 3
14247 792 3
14247 792 3
14247 792 3
14247 792 3
15830 880 2
15830 880 3
15830 880 3
15830 880 3
15830 880 3
928 415 2
928 415 3
928 415 3
928 415 3
928 415 3
1583 88 2
1583 88 3
1583 88 3
1583 88 3
1583 88 3
1583 88 3
1583 88 3
1583 88 3
1583 88 3
1583 88 3
1583 88 3
1856 830 2
1856 830 3
1856 830 3
1856 830 3
1856 830 3
2784 1245 2
2784 1245 3
2784 1245 3
2784 1245 3
2784 1245 3
3166 176 2
3166 176 3
3712 1660 2
3712 1660 2
3712 1660 2
3712 1660 3
3712 1660 3
4640 2075 2
4640 2075 2
4640 2075 3
4640 2075 3
4640 2075 3
4640 2075 3
4640 2075 3
4640 2075 3
4749 264 3
4749 264 3
4749 264 3
4749 264 3
4749 264 3
5568 2490 3
6332 352 3
6332 352 3
6332 352 3
6496 2905 2
6496 2905 2
6496 2905 3
6496 2905 3
6496 2905 3
6496 2905 3
6496 2905 3
7424 3320 2
7424 3320 2
7424 3320 2
7424 3320 2
7424 3320 3
7424 3320 3
7424 3320 3
7424 3320 3
7424 3320 3
7915 440 2
7915 440 3
7915 440 3
8352 3735 2
8352 3735 3
8352 3735 3
8352 3735 3
8352 3735 3
8352 3735 3
8352 3735 3
9280 4150 3
9280 4150 3
9280 4150 3
9498 528 2
9498 528 3
9498 528 3
9498 528 3
9498 528 3
9498 528 3
9498 528 3
11081 616 2
11081 616 3
12664 704 2
12664 704 3
12664 704 3
14247 792 2
14247 792 3
14247 792 3
14247 792 3
14247 792 3
14247 792 3
15830 880 3
15830 880 3
15830 880 3
928 415 3
928 415 3
928 415 3
928 415 3
928 415 3
928 415 3
928 415 3
928 415 3
928 415 3
928 415 3
1583 88 3
1583 88 3
1583 88 3
1583 88 3
1856 830 2
1856 830 3
1856 830 3
1856 830 3
1856 830 3
1856 830 3
1856 830 3
2784 1245 2
2784 1245 2
2784 1245 3
2784 1245 3
2784 1245 3
3166 176 2
3166 176 3
3166 176 3
3712 1660 3
3712 1660 3
3712 1660 3
4640 2075 2
4640 2075 2
4640 2075 3
4640 2075 3
4749 264 2
4749 264 3
4749 264 3
5568 2490 3
5568 2490 3
5568 2490 3
5568 2490 3
6332 352 2
6332 352 3
6332 352 3
6332 352 3
6496 2905 2
6496 2905 2
6496 2905 3
6496 2905 3
6496 2905 3
6496 2905 3
7424 3320 2
7424 3320 3
7424 3320 3
7424 3320 3
7424 3320 3
7424 3320 3
7915 440 2
7915 440 2
7915 440 3
7915 440 3
7915 440 3
7915 440 3
7915 440 3
7915 440 3
8352 3735 2
8352 3735 3
8352 3735 3
8352 3735 3
9280 4150 2
9280 4150 3
9280 4150 3
9498 528 3
9498 528 3
9498 528 3
9498 528 3
11081 616 3
11081 616 3
12664 704 2
12664 704 2
12664 704 3
12664 704 3
12664 704 3
12664 704 3
14247 792 2
14247 792 2
14247 792 2
14247 792 2
14247 792 3
14247 792 3
14247 792 3
15830 880 2
15830 880 2
15830 880 3
15830 880 3
15830 880 3
15830 880 3
15830 880 3
928 415 2
928 415 2
928 415 3
928 415 3
928 415 3
928 415 3
928 415 3
928 415 3
928 415 3
928 415 3
1583 88 3
1583 88 3
1583 88 3
1856 830 2
1856 830 3
1856 830 3
1856 830 3
2784 1245 2
2784 1245 2
2784 1245 2
2784 1245 3
2784 1245 3
3166 176 2
3166 176 2
3166 176 2
3166 176 2
3166 176 3
3166 176 3
3166 176 3
3166 176 3
3712 1660 2
3712 1660 2
3712 1660 3
3712 1660 3
3712 1660 3
3712 1660 3
4640 2075 2
4640 2075 2
4640 2075 2
4640 2075 3
4640 2075 3
4640 2075 3
4640 2075 3
4640 2075 3
4640 2075 3
4749 264 2
4749 264 3
4749 264 3
4749 264 3
4749 264 3
4749 264 3
4749 264 3
4749 264 3
5568 2490 2
5568 2490 3
6332 352 2
6332 352 3
6496 2905 2
6496 2905 3
6496 2905 3
6496 2905 3
6496 2905 3
6496 2905 3
7424 3320 3
7424 3320 3
7424 3320 3
7424 3320 3
7915 440 2
7915 440 2
7915 440 3
7915 440 3
7915 440 3
7915 440 3
8352 3735 2
9280 4150 3
9280 4150 3
9280 4150 3
9498 528 2
9498 528 2
9498 528 3
9498 528 3
9498 528 3
9498 528 3
11081 616 2
11081 616 3
11081 616 3
11081 616 3
11081 616 3
12664 704 3
12664 704 3
12664 704 3
12664 704 3
14247 792 3
14247 792 3
14247 792 3
14247 792 3
15830 880 2
15830 880 2
15830 880 3
15830 880 3
928 415 3
928 415 3
928 415 3
1583 88 2
1583 88 2
1583 88 3
1583 88 3
1583 88 3
1856 830 2
1856 830 3
1856 830 3
1856 830 3
2784 1245 2
2784 1245 3
2784 1245 3
2784 1245 3
2784 1245 3
2784 1245 3
3166 176 3
3166 176 3
3166 176 3
3166 176 3
3166 176 3
3166 176 3
3712 1660 2
3712 1660 2
3712 1660 3
3712 1660 3
4640 2075 2
4640 2075 3
4640 2075 3
4640 2075 3
4749 264 2
4749 264 3
4749 264 3
4749 264 3
4749 264 3
4749 264 3
5568 2490 3
5568 2490 3
5568 2490 3
6332 352 2
6332 352 3
6332 352 3
6332 352 3
6332 352 3
6332 352 3
6332 352 3
6332 352 3
6496 2905 2
6496 2905 2
6496 2905 3
6496 2905 3
6496 2905 3
6496 2905 3
6496 2905 3
6496 2905 3
7424 3320 3
7915 440 3
7915 440 3
7915 440 3
7915 440 3
8352 3735 2
8352 3735 3
8352 3735 3
8352 3735 3
8352 3735 3
8352 3735 3
8352 3735 3
9280 4150 2
9280 4150 2
9280 4150 2
9280 4150 3
9280 4150 3
9498 528 2
9498 528 2
9498 528 2
9498 528 2
9498 528 3
9498 528 3
9498 528 3
9498 528 3
9498 528 3
11081 616 2
11081 616 2
11081 616 3
11081 616 3
12664 704 2
12664 704 2
12664 704 3
12664 704 3
12664 704 3
12664 704 3
14247 792 3
14247 792 3
14247 792 3
14247 792 3
14247 792 3
15830 880 2
15830 880 3
928 415 2
928 415 2
928 415 3
928 415 3
928 415 3
928 415 3
1583 88 2
1583 88 3
1583 88 3
1583 88 3
1583 88 3
1583 88 3
1583 88 3
1583 88 3
1583 88 3
1856 830 3
2784 1245 2
2784 1245 2
2784 1245 3
2784 1245 3
2784 1245 3
2784 1245 3
3166 176 2
3166 176 2
3166 176 3
3166 176 3
3166 176 3
3166 176 3
3166 176 3
3712 1660 2
3712 1660 2
3712 1660 3
3712 1660 3
3712 1660 3
3712 1660 3
4640 2075 3
4640 2075 3
4749 264 3
4749 264 3
5568 2490 2
5568 2490 2
5568 2490 3
5568 2490 3
5568 2490 3
5568 2490 3
6332 352 3
6332 352 3
6496 2905 2
6496 2905 2
6496 2905 3
6496 2905 3
7424 3320 2
7424 3320 2
7424 3320 3
7424 3320 3
7424 3320 3
7424 3320 3
7915 440 2
7915 440 3
7915 440 3
7915 440 3
7915 440 3
7915 440 3
8352 3735 2
8352 3735 3
8352 3735 3
8352 3735 3
8352 3735 3
8352 3735 3
9280 4150 2
9280 4150 2
9280 4150 3
9280 4150 3
9280 4150 3
9498 528 2
9498 528 2
9498 528 3
9498 528 3
9498 528 3
11081 616 2
11081 616 3
11081 616 3
11081 616 3
12664 704 2
12664 704 2
12664 704 3
12664 704 3
12664 704 3
14247 792 3
14247 792 3
14247 792 3
14247 792 3
14247 792 3
14247 792 3
15830 880 2
15830 880 2
15830 880 2
15830 880 3
15830 880 3
15830 880 3
928 415 2
928 415 3
928 415 3
928 415 3
928 415 3
1583 88 2
1583 88 3
1583 88 3
1583 88 3
1583 88 3
1583 88 3
1856 830 2
1856 830 3
1856 830 3
1856 830 3
1856 830 3
1856 830 3
2784 1245 2
2784 1245 3
2784 1245 3
2784 1245 3
2784 1245 3
2784 1245 3
2784 1245 3
3166 176 2
3166 176 3
3712 1660 3
4640 2075 2
4640 2075 3
4640 2075 3
4640 2075 3
4640 2075 3
4749 264 2
4749 264 2
4749 264 2
4749 264 2
4749 264 3
4749 264 3
4749 264 3
4749 264 3
4749 264 3
4749 264 3
4749 264 3
5568 2490 2
5568 2490 3
5568 2490 3
5568 2490 3
5568 2490 3
6332 352 2
6332 352 3
6332 352 3
6332 352 3
6332 352 3
6496 2905 2
6496 2905 2
6496 2905 2
6496 2905 3
6496 2905 3
6496 2905 3
7424 3320 3
7424 3320 3
7424 3320 3
7424 3320 3
7424 3320 3
7424 3320 3
7915 440 2
7915 440 2
7915 440 3
7915 440 3
7915 440 3
7915 440 3
8352 3735 2
8352 3735 2
8352 3735 3
8352 3735 3
9280 4150 3
9280 4150 3
9280 4150 3
9280 4150 3
9498 528 2
9498 528 3
9498 528 3
9498 528 3
9498 528 3
11081 616 2
11081 616 2
11081 616 3
11081 616 3
12664 704 2
12664 704 2
12664 704 3
12664 704 3
14247 792 2
14247 792 3
14247 792 3
14247 792 3
15830 880 2
15830 880 2
15830 880 2
15830 880 3
