200 100 818622
2 107 226
2 73 205
2 76 192
2 114 235
2 150 215
2 129 164
2 121 215
2 117 156
2 107 204
2 123 166
2 134 185
2 98 208
2 143 250
2 134 209
2 144 242
2 94 226
2 142 210
2 109 192
2 138 174
2 150 180
2 115 169
2 70 235
2 144 227
2 123 242
2 65 221
2 99 221
2 140 239
2 114 220
2 132 180
2 71 160
2 73 170
2 90 183
2 50 193
2 141 198
2 114 202
2 70 243
2 99 226
2 55 201
2 122 221
2 99 250
2 63 177
2 50 178
2 57 230
2 134 218
2 59 229
2 139 168
2 114 235
2 88 232
2 82 156
2 149 186
2 82 196
2 50 185
2 66 209
2 135 185
2 55 212
2 53 247
2 140 205
2 81 174
2 82 164
2 103 218
2 64 207
2 57 240
2 92 154
2 111 189
2 69 208
2 144 223
2 148 153
2 125 229
2 58 216
2 141 167
2 129 226
2 94 188
2 112 175
2 90 174
2 111 185
2 58 155
2 80 236
2 112 158
2 68 223
2 140 241
2 132 167
2 100 180
2 67 169
2 129 159
2 121 154
2 68 195
2 66 242
2 137 169
2 146 191
2 66 230
2 54 231
2 58 184
2 68 245
2 65 231
2 63 219
2 110 246
2 61 184
2 62 220
2 96 151
2 116 237
2038 1897 177
8700 7890 175
8700 7890 181
10190 9485 176
8700 7890 147
15660 14202 179
8700 7890 148
14266 13279 161
2038 1897 195
16304 15176 168
2038 1897 164
5220 4734 157
2038 1897 149
14266 13279 169
6114 5691 156
8700 7890 156
3480 3156 169
8152 7588 145
10440 9468 166
18342 17073 166
13920 12624 180
20380 18970 140
3480 3156 142
20380 18970 196
3480 3156 145
4076 3794 173
3480 3156 193
10190 9485 162
12228 11382 148
17400 15780 171
13920 12624 164
20380 18970 158
17400 15780 145
17400 15780 184
5220 4734 182
17400 15780 173
2038 1897 167
3480 3156 173
6960 6312 153
8152 7588 168
8700 7890 169
12180 11046 155
5220 4734 161
6114 5691 172
12180 11046 149
17400 15780 167
2038 1897 190
16304 15176 150
14266 13279 186
14266 13279 196
2038 1897 147
14266 13279 150
6114 5691 151
17400 15780 167
8152 7588 179
12228 11382 166
6960 6312 152
18342 17073 180
13920 12624 152
20380 18970 160
2038 1897 170
15660 14202 169
1740 1578 172
10190 9485 148
3480 3156 180
15660 14202 144
14266 13279 140
18342 17073 193
2038 1897 167
16304 15176 184
3480 3156 193
18342 17073 187
5220 4734 141
18342 17073 186
4076 3794 159
13920 12624 182
6114 5691 161
12228 11382 178
8700 7890 181
15660 14202 195
15660 14202 177
16304 15176 177
12180 11046 170
14266 13279 150
10440 9468 163
18342 17073 151
2038 1897 157
10440 9468 149
3480 3156 140
18342 17073 164
10190 9485 141
14266 13279 148
6114 5691 170
8700 7890 196
10190 9485 142
13920 12624 176
1740 1578 156
17400 15780 143
2038 1897 171
10190 9485 186
15660 14202 194
18342 17073 164
4076 3794 145
17400 15780 152
6960 6312 151
12180 11046 141
1740 1578 176
15660 14202 155
13920 12624 158
20380 18970 141
1740 1578 143
12228 11382 164
1740 1578 148
1740 1578 155
5220 4734 174
8700 7890 141
2038 1897 161
16304 15176 147
6960 6312 145
16304 15176 145
1740 1578 179
20380 18970 176
8700 7890 141
16304 15176 182
8700 7890 147
13920 12624 150
1740 1578 189
13920 12624 159
10440 9468 150
10440 9468 186
6114 5691 177
18342 17073 152
10190 9485 153
10440 9468 153
2038 1897 160
6960 6312 180
10440 9468 169
14266 13279 166
6960 6312 167
20380 18970 167
12180 11046 177
18342 17073 166
4076 3794 173
8700 7890 181
2038 1897 147
8152 7588 175
3480 3156 148
20380 18970 143
3480 3156 163
10190 9485 147
4076 3794 155
5220 4734 155
5220 4734 172
8152 7588 151
4076 3794 147
8700 7890 158
5220 4734 153
13920 12624 166
5220 4734 190
12228 11382 190
3480 3156 167
4076 3794 167
6114 5691 179
12228 11382 169
5220 4734 154
15660 14202 169
2038 1897 159
15660 14202 159
13920 12624 154
20380 18970 154
8700 7890 176
8700 7890 189
5220 4734 143
6114 5691 179
12228 11382 169
14266 13279 169
5220 4734 180
6114 5691 151
8152 7588 160
16304 15176 180
4076 3794 145
10190 9485 151
4076 3794 153
8700 7890 184
3480 3156 144
6960 6312 164
10190 9485 147
12180 11046 157
14266 13279 175
18342 17073 185
14266 13279 147
15660 14202 193
1740 1578 172
2038 1897 184
2038 1897 142
8152 7588 160
12228 11382 151
15660 14202 151
4076 3794 171
18342 17073 188
