200 20 50785
10 69 214
10 104 155
10 135 211
10 61 150
10 119 195
10 92 157
10 83 185
10 82 181
10 77 196
10 79 219
10 78 217
10 139 211
10 130 164
10 90 175
10 90 244
10 134 185
10 101 210
10 103 242
10 135 230
10 78 214
8 38 26
8 38 30
12 57 25
20 95 26
24 114 24
28 133 29
36 171 28
205 835 27
205 835 29
246 1002 28
4 19 26
16 76 30
24 114 29
32 152 31
36 171 27
40 190 28
287 1169 30
328 1336 27
410 1670 24
410 1670 24
12 57 25
16 76 29
32 152 28
36 171 27
41 167 27
123 501 25
246 1002 33
287 1169 32
287 1169 33
369 1503 26
4 19 26
8 38 29
12 57 31
16 76 27
24 114 26
32 152 28
32 152 30
287 1169 27
287 1169 32
287 1169 33
4 19 25
8 38 24
16 76 26
28 133 26
32 152 32
40 190 28
40 190 30
123 501 29
287 1169 30
328 1336 31
8 38 31
12 57 26
24 114 24
82 334 27
123 501 25
246 1002 27
328 1336 26
369 1503 28
369 1503 32
410 1670 33
4 19 24
8 38 29
8 38 31
32 152 26
40 190 29
40 190 30
41 167 32
205 835 30
328 1336 30
369 1503 26
16 76 27
16 76 33
32 152 27
32 152 28
123 501 27
123 501 32
164 668 28
164 668 32
328 1336 29
328 1336 32
12 57 33
16 76 28
16 76 29
82 334 31
123 501 32
205 835 24
246 1002 31
287 1169 25
287 1169 29
328 1336 27
4 19 27
4 19 29
12 57 33
16 76 27
24 114 31
28 133 27
32 152 27
32 152 33
287 1169 24
328 1336 33
8 38 26
24 114 25
36 171 30
41 167 26
82 334 29
246 1002 31
246 1002 32
287 1169 24
328 1336 33
369 1503 26
8 38 33
12 57 26
12 57 30
16 76 33
20 95 28
28 133 27
40 190 27
205 835 25
369 1503 32
410 1670 24
8 38 29
12 57 24
28 133 33
32 152 28
41 167 29
82 334 24
164 668 25
164 668 26
205 835 29
369 1503 28
4 19 25
4 19 27
8 38 25
8 38 29
28 133 27
36 171 28
82 334 32
123 501 28
164 668 26
369 1503 28
4 19 33
12 57 31
20 95 24
20 95 32
24 114 31
40 190 30
164 668 26
205 835 27
246 1002 24
410 1670 33
8 38 32
32 152 30
40 190 29
41 167 25
82 334 30
82 334 31
205 835 24
205 835 27
246 1002 28
328 1336 30
8 38 28
8 38 29
24 114 26
24 114 33
28 133 32
32 152 33
36 171 27
41 167 33
164 668 28
205 835 30
8 38 27
16 76 31
28 133 32
41 167 31
41 167 32
82 334 28
287 1169 28
287 1169 31
369 1503 28
369 1503 28
4 19 28
8 38 28
12 57 24
24 114 28
28 133 26
36 171 29
41 167 25
123 501 31
246 1002 28
410 1670 26
4 19 28
12 57 25
28 133 30
40 190 25
40 190 33
41 167 24
164 668 26
246 1002 32
287 1169 30
369 1503 30
