2000 20 451292
100 77 210
100 87 185
100 114 210
100 66 183
100 54 165
100 67 177
100 59 209
100 142 152
100 73 240
100 126 220
100 90 230
100 88 169
100 67 166
100 77 242
100 147 204
100 78 194
100 144 170
100 69 194
100 136 153
100 137 202
94 106 2
94 106 3
94 106 3
94 106 3
139 61 2
139 61 2
139 61 3
139 61 3
188 212 2
188 212 2
188 212 3
278 122 2
278 122 2
278 122 3
282 318 2
282 318 2
282 318 2
282 318 2
282 318 3
282 318 3
376 424 2
376 424 2
376 424 3
376 424 3
376 424 3
417 183 2
417 183 3
470 530 3
470 530 3
556 244 2
556 244 2
556 244 2
556 244 3
556 244 3
556 244 3
556 244 3
556 244 3
556 244 3
564 636 2
564 636 2
564 636 3
564 636 3
658 742 2
658 742 2
658 742 3
658 742 3
658 742 3
658 742 3
658 742 3
695 305 2
695 305 3
695 305 3
752 848 2
752 848 2
752 848 2
752 848 3
752 848 3
834 366 2
834 366 2
834 366 2
834 366 2
834 366 3
846 954 2
846 954 2
846 954 3
846 954 3
846 954 3
940 1060 2
940 1060 2
940 1060 2
940 1060 3
973 427 2
973 427 2
973 427 2
973 427 2
973 427 3
973 427 3
973 427 3
973 427 3
973 427 3
973 427 3
973 427 3
973 427 3
1112 488 3
1112 488 3
1112 488 3
1251 549 2
1251 549 2
1251 549 2
1251 549 3
1251 549 3
1251 549 3
1390 610 2
1390 610 2
1390 610 2
1390 610 2
1390 610 3
1390 610 3
1390 610 3
1390 610 3
94 106 2
94 106 3
94 106 3
139 61 2
139 61 2
139 61 3
139 61 3
188 212 2
188 212 2
188 212 2
188 212 3
188 212 3
188 212 3
188 212 3
188 212 3
278 122 2
278 122 2
278 122 3
278 122 3
282 318 2
282 318 2
282 318 2
282 318 2
282 318 2
282 318 3
282 318 3
282 318 3
282 318 3
282 318 3
376 424 2
376 424 2
376 424 2
376 424 2
376 424 3
376 424 3
376 424 3
376 424 3
376 424 3
376 424 3
417 183 2
417 183 3
417 183 3
470 530 2
470 530 2
470 530 2
470 530 2
470 530 3
470 530 3
470 530 3
556 244 2
556 244 2
556 244 3
556 244 3
556 244 3
564 636 2
564 636 3
564 636 3
658 742 2
658 742 2
658 742 3
658 742 3
658 742 3
658 742 3
658 742 3
695 305 2
695 305 3
695 305 3
695 305 3
752 848 2
752 848 2
752 848 3
834 366 2
834 366 2
834 366 3
846 954 3
940 1060 2
940 1060 2
940 1060 2
940 1060 3
940 1060 3
940 1060 3
940 1060 3
940 1060 3
940 1060 3
973 427 2
973 427 2
973 427 2
973 427 3
973 427 3
973 427 3
1112 488 2
1112 488 3
1112 488 3
1251 549 2
1251 549 3
1390 610 2
1390 610 2
1390 610 3
1390 610 3
1390 610 3
94 106 2
94 106 3
139 61 2
139 61 2
139 61 2
139 61 3
139 61 3
139 61 3
139 61 3
139 61 3
188 212 2
188 212 3
278 122 2
278 122 2
278 122 2
278 122 3
278 122 3
278 122 3
282 318 2
282 318 2
282 318 2
282 318 3
282 318 3
376 424 2
376 424 3
376 424 3
376 424 3
417 183 2
417 183 3
417 183 3
417 183 3
417 183 3
417 183 3
417 183 3
470 530 2
470 530 3
470 530 3
556 244 3
556 244 3
556 244 3
564 636 2
564 636 2
564 636 3
564 636 3
564 636 3
564 636 3
564 636 3
658 742 3
658 742 3
658 742 3
658 742 3
695 305 2
695 305 2
695 305 2
695 305 3
695 305 3
752 848 3
834 366 2
834 366 2
834 366 2
834 366 3
834 366 3
834 366 3
834 366 3
834 366 3
846 954 2
846 954 2
846 954 3
846 954 3
940 1060 2
940 1060 3
940 1060 3
940 1060 3
940 1060 3
940 1060 3
973 427 2
973 427 3
973 427 3
973 427 3
973 427 3
973 427 3
973 427 3
1112 488 2
1112 488 2
1112 488 2
1112 488 3
1112 488 3
1251 549 2
1251 549 2
1251 549 2
1251 549 2
1251 549 3
1390 610 2
1390 610 2
1390 610 2
1390 610 3
1390 610 3
1390 610 3
1390 610 3
1390 610 3
94 106 2
94 106 3
94 106 3
94 106 3
139 61 2
139 61 2
139 61 2
139 61 2
139 61 3
188 212 2
188 212 2
278 122 2
278 122 2
278 122 3
282 318 2
282 318 3
282 318 3
282 318 3
376 424 3
376 424 3
417 183 2
417 183 2
417 183 3
417 183 3
417 183 3
470 530 2
470 530 2
470 530 2
556 244 2
556 244 2
556 244 2
556 244 2
556 244 2
556 244 3
564 636 2
564 636 3
564 636 3
564 636 3
564 636 3
564 636 3
564 636 3
658 742 2
658 742 2
658 742 2
658 742 3
658 742 3
658 742 3
658 742 3
658 742 3
695 305 2
695 305 2
695 305 2
695 305 3
752 848 2
752 848 2
752 848 3
752 848 3
752 848 3
834 366 2
834 366 2
834 366 2
834 366 2
834 366 2
834 366 3
834 366 3
846 954 2
846 954 2
846 954 2
846 954 3
846 954 3
846 954 3
846 954 3
940 1060 2
940 1060 3
940 1060 3
940 1060 3
973 427 2
973 427 2
973 427 3
973 427 3
973 427 3
973 427 3
973 427 3
973 427 3
973 427 3
1112 488 3
1112 488 3
1112 488 3
1112 488 3
1251 549 2
1251 549 2
1251 549 2
1251 549 3
1251 549 3
1251 549 3
1251 549 3
1251 549 3
1251 549 3
1251 549 3
1390 610 3
94 106 2
94 106 3
139 61 2
139 61 3
139 61 3
139 61 3
139 61 3
139 61 3
188 212 2
188 212 2
188 212 2
188 212 3
188 212 3
188 212 3
278 122 2
278 122 2
278 122 2
278 122 3
282 318 3
282 318 3
282 318 3
376 424 2
376 424 2
376 424 3
376 424 3
376 424 3
417 183 2
417 183 3
417 183 3
417 183 3
417 183 3
470 530 2
470 530 2
470 530 2
470 530 3
556 244 2
556 244 2
556 244 2
556 244 3
556 244 3
556 244 3
556 244 3
564 636 2
564 636 2
564 636 2
564 636 3
564 636 3
658 742 2
658 742 2
658 742 2
658 742 3
695 305 3
695 305 3
695 305 3
752 848 2
752 848 3
752 848 3
752 848 3
752 848 3
752 848 3
752 848 3
834 366 2
834 366 2
834 366 2
834 366 2
834 366 3
834 366 3
834 366 3
834 366 3
846 954 2
846 954 2
846 954 3
846 954 3
846 954 3
846 954 3
940 1060 3
940 1060 3
940 1060 3
940 1060 3
973 427 2
973 427 2
973 427 2
973 427 3
973 427 3
1112 488 2
1251 549 2
1251 549 2
1251 549 2
1251 549 2
1251 549 3
1251 549 3
1251 549 3
1251 549 3
1251 549 3
1390 610 2
1390 610 2
1390 610 2
1390 610 3
1390 610 3
1390 610 3
94 106 2
94 106 2
94 106 3
94 106 3
139 61 2
139 61 3
139 61 3
139 61 3
139 61 3
139 61 3
188 212 2
188 212 2
188 212 2
188 212 2
188 212 2
188 212 3
188 212 3
188 212 3
188 212 3
188 212 3
278 122 2
278 122 2
278 122 2
278 122 3
278 122 3
278 122 3
278 122 3
282 318 2
282 318 2
282 318 3
282 318 3
282 318 3
282 318 3
376 424 2
376 424 2
376 424 2
376 424 2
376 424 3
417 183 2
417 183 2
417 183 3
417 183 3
417 183 3
470 530 2
470 530 2
556 244 2
556 244 2
556 244 3
556 244 3
556 244 3
564 636 2
564 636 2
564 636 3
564 636 3
564 636 3
564 636 3
564 636 3
564 636 3
658 742 2
658 742 3
658 742 3
658 742 3
695 305 2
695 305 3
695 305 3
695 305 3
752 848 2
752 848 2
752 848 2
752 848 2
752 848 2
834 366 2
834 366 3
834 366 3
834 366 3
846 954 3
846 954 3
846 954 3
846 954 3
846 954 3
940 1060 3
940 1060 3
940 1060 3
940 1060 3
973 427 2
973 427 2
973 427 2
973 427 2
973 427 3
973 427 3
1112 488 2
1112 488 3
1112 488 3
1112 488 3
1112 488 3
1251 549 3
1251 549 3
1251 549 3
1251 549 3
1390 610 3
94 106 2
94 106 2
94 106 2
94 106 3
94 106 3
139 61 3
139 61 3
139 61 3
139 61 3
139 61 3
139 61 3
139 61 3
139 61 3
188 212 2
188 212 2
188 212 3
188 212 3
278 122 2
278 122 3
282 318 2
282 318 2
282 318 3
376 424 2
376 424 2
376 424 2
376 424 3
376 424 3
376 424 3
417 183 2
417 183 2
417 183 2
417 183 2
417 183 2
417 183 2
417 183 3
417 183 3
417 183 3
470 530 2
470 530 3
470 530 3
470 530 3
470 530 3
556 244 2
556 244 2
556 244 2
556 244 3
556 244 3
564 636 2
564 636 2
564 636 3
564 636 3
564 636 3
564 636 3
658 742 2
658 742 2
658 742 3
658 742 3
658 742 3
658 742 3
658 742 3
695 305 2
695 305 3
695 305 3
752 848 2
752 848 2
752 848 2
752 848 3
834 366 2
834 366 2
834 366 3
846 954 2
846 954 2
846 954 3
846 954 3
846 954 3
846 954 3
846 954 3
940 1060 3
940 1060 3
940 1060 3
940 1060 3
940 1060 3
973 427 2
973 427 2
973 427 3
973 427 3
1112 488 2
1112 488 2
1251 549 2
1251 549 2
1251 549 2
1251 549 3
1390 610 2
1390 610 2
1390 610 3
1390 610 3
1390 610 3
1390 610 3
1390 610 3
1390 610 3
94 106 2
94 106 2
94 106 2
94 106 3
94 106 3
94 106 3
94 106 3
139 61 2
139 61 2
139 61 2
139 61 2
139 61 3
139 61 3
188 212 2
188 212 3
278 122 2
278 122 2
278 122 2
278 122 3
278 122 3
282 318 2
282 318 3
282 318 3
282 318 3
376 424 2
376 424 3
376 424 3
417 183 2
417 183 2
417 183 2
417 183 3
417 183 3
417 183 3
470 530 2
470 530 2
470 530 2
470 530 3
470 530 3
470 530 3
470 530 3
470 530 3
556 244 2
556 244 2
556 244 3
556 244 3
556 244 3
564 636 2
564 636 2
564 636 2
564 636 3
564 636 3
564 636 3
564 636 3
658 742 2
658 742 2
658 742 3
658 742 3
658 742 3
695 305 2
695 305 3
695 305 3
695 305 3
695 305 3
752 848 2
752 848 2
752 848 2
752 848 3
752 848 3
752 848 3
834 366 2
834 366 2
834 366 2
834 366 3
834 366 3
834 366 3
834 366 3
834 366 3
846 954 2
846 954 2
846 954 3
846 954 3
846 954 3
940 1060 2
940 1060 2
940 1060 3
940 1060 3
973 427 3
973 427 3
973 427 3
1112 488 2
1112 488 2
1112 488 2
1251 549 2
1251 549 2
1251 549 3
1251 549 3
1251 549 3
1251 549 3
1390 610 2
1390 610 3
94 106 2
94 106 2
94 106 2
94 106 2
94 106 3
94 106 3
139 61 2
139 61 3
139 61 3
188 212 2
188 212 2
188 212 3
188 212 3
188 212 3
188 212 3
278 122 2
278 122 2
278 122 3
278 122 3
278 122 3
278 122 3
282 318 2
282 318 2
282 318 3
282 318 3
376 424 2
417 183 2
417 183 2
417 183 2
417 183 2
417 183 2
417 183 3
470 530 2
470 530 2
470 530 2
470 530 2
556 244 2
556 244 2
556 244 3
556 244 3
556 244 3
556 244 3
564 636 2
564 636 2
564 636 3
564 636 3
564 636 3
564 636 3
658 742 2
658 742 2
658 742 3
658 742 3
658 742 3
695 305 3
695 305 3
695 305 3
752 848 2
752 848 2
752 848 2
752 848 3
752 848 3
834 366 2
834 366 2
834 366 3
846 954 2
846 954 3
846 954 3
846 954 3
940 1060 2
940 1060 2
940 1060 2
940 1060 3
940 1060 3
940 1060 3
940 1060 3
973 427 2
973 427 2
973 427 3
973 427 3
973 427 3
973 427 3
973 427 3
973 427 3
973 427 3
1112 488 2
1112 488 2
1112 488 3
1112 488 3
1112 488 3
1112 488 3
1251 549 3
1251 549 3
1390 610 2
1390 610 2
1390 610 3
1390 610 3
1390 610 3
1390 610 3
1390 610 3
1390 610 3
94 106 2
94 106 2
94 106 3
139 61 2
188 212 2
188 212 2
188 212 2
188 212 3
188 212 3
188 212 3
188 212 3
188 212 3
278 122 2
278 122 2
278 122 3
278 122 3
278 122 3
282 318 3
282 318 3
376 424 2
376 424 3
376 424 3
376 424 3
417 183 2
417 183 2
417 183 2
417 183 2
417 183 2
417 183 2
417 183 3
417 183 3
417 183 3
417 183 3
417 183 3
417 183 3
417 183 3
470 530 3
470 530 3
470 530 3
470 530 3
470 530 3
470 530 3
556 244 3
556 244 3
564 636 2
564 636 2
564 636 2
564 636 2
564 636 2
564 636 3
564 636 3
564 636 3
658 742 2
658 742 2
658 742 3
658 742 3
658 742 3
658 742 3
658 742 3
695 305 2
695 305 3
695 305 3
695 305 3
752 848 2
752 848 3
752 848 3
752 848 3
752 848 3
834 366 2
834 366 2
834 366 2
834 366 2
834 366 3
834 366 3
834 366 3
834 366 3
834 366 3
834 366 3
834 366 3
834 366 3
846 954 3
846 954 3
846 954 3
846 954 3
940 1060 3
940 1060 3
973 427 3
973 427 3
1112 488 3
1112 488 3
1112 488 3
1112 488 3
1251 549 2
1251 549 3
1251 549 3
1251 549 3
1390 610 2
1390 610 2
1390 610 3
1390 610 3
94 106 2
94 106 2
94 106 3
139 61 2
139 61 3
139 61 3
139 61 3
139 61 3
139 61 3
188 212 3
188 212 3
188 212 3
278 122 2
278 122 3
278 122 3
282 318 2
282 318 2
376 424 2
376 424 2
376 424 2
376 424 3
376 424 3
417 183 2
417 183 2
417 183 3
417 183 3
417 183 3
417 183 3
417 183 3
417 183 3
417 183 3
417 183 3
417 183 3
470 530 2
470 530 3
470 530 3
470 530 3
470 530 3
556 244 2
556 244 2
556 244 2
556 244 3
556 244 3
556 244 3
556 244 3
556 244 3
564 636 2
564 636 2
564 636 2
564 636 2
564 636 2
564 636 3
564 636 3
564 636 3
658 742 2
658 742 3
658 742 3
695 305 2
695 305 2
695 305 2
695 305 2
695 305 3
752 848 2
752 848 2
752 848 3
752 848 3
834 366 2
834 366 3
846 954 2
846 954 3
846 954 3
846 954 3
846 954 3
846 954 3
940 1060 2
940 1060 2
940 1060 2
940 1060 2
940 1060 3
940 1060 3
940 1060 3
973 427 3
973 427 3
973 427 3
973 427 3
973 427 3
973 427 3
1112 488 2
1112 488 2
1112 488 2
1112 488 3
1112 488 3
1251 549 2
1251 549 2
1251 549 3
1251 549 3
1390 610 2
1390 610 3
1390 610 3
1390 610 3
94 106 2
94 106 2
94 106 2
94 106 3
94 106 3
94 106 3
94 106 3
94 106 3
139 61 2
188 212 3
278 122 2
278 122 2
278 122 2
278 122 3
278 122 3
278 122 3
278 122 3
278 122 3
282 318 2
282 318 2
282 318 3
282 318 3
282 318 3
282 318 3
376 424 2
376 424 3
376 424 3
417 183 3
417 183 3
417 183 3
417 183 3
470 530 2
470 530 3
470 530 3
470 530 3
470 530 3
556 244 2
556 244 3
556 244 3
556 244 3
564 636 2
564 636 3
564 636 3
564 636 3
564 636 3
658 742 2
658 742 2
658 742 3
658 742 3
658 742 3
658 742 3
658 742 3
658 742 3
695 305 3
695 305 3
752 848 2
752 848 2
752 848 2
752 848 3
752 848 3
752 848 3
752 848 3
834 366 2
834 366 3
834 366 3
846 954 2
846 954 3
846 954 3
846 954 3
846 954 3
940 1060 2
940 1060 2
940 1060 2
940 1060 2
940 1060 3
940 1060 3
940 1060 3
973 427 2
973 427 2
973 427 2
973 427 3
973 427 3
973 427 3
973 427 3
973 427 3
973 427 3
1112 488 2
1112 488 3
1112 488 3
1112 488 3
1251 549 2
1251 549 2
1251 549 3
1251 549 3
1251 549 3
1251 549 3
1251 549 3
1251 549 3
1390 610 3
1390 610 3
94 106 2
94 106 3
94 106 3
139 61 2
139 61 2
139 61 3
139 61 3
139 61 3
139 61 3
139 61 3
139 61 3
139 61 3
139 61 3
188 212 2
188 212 2
188 212 3
188 212 3
188 212 3
278 122 3
278 122 3
278 122 3
278 122 3
282 318 2
282 318 3
282 318 3
376 424 2
376 424 2
376 424 3
417 183 2
417 183 2
417 183 2
417 183 2
417 183 3
470 530 2
470 530 3
470 530 3
470 530 3
556 244 2
556 244 3
556 244 3
556 244 3
556 244 3
564 636 3
564 636 3
564 636 3
658 742 2
658 742 2
658 742 3
695 305 2
695 305 2
695 305 2
695 305 3
695 305 3
752 848 2
752 848 3
752 848 3
752 848 3
752 848 3
752 848 3
834 366 2
834 366 2
846 954 2
846 954 2
846 954 2
846 954 2
846 954 2
846 954 3
846 954 3
940 1060 2
940 1060 2
940 1060 2
940 1060 3
940 1060 3
940 1060 3
940 1060 3
940 1060 3
973 427 2
973 427 2
973 427 3
973 427 3
1112 488 2
1112 488 2
1112 488 3
1112 488 3
1112 488 3
1112 488 3
1112 488 3
1251 549 2
1251 549 2
1251 549 2
1251 549 3
1251 549 3
1251 549 3
1251 549 3
1390 610 2
1390 610 2
1390 610 2
1390 610 3
1390 610 3
1390 610 3
94 106 2
94 106 2
94 106 2
94 106 2
139 61 2
139 61 2
139 61 3
139 61 3
139 61 3
139 61 3
139 61 3
188 212 2
188 212 3
188 212 3
278 122 3
278 122 3
278 122 3
282 318 2
282 318 2
282 318 2
282 318 2
282 318 3
376 424 2
376 424 3
376 424 3
376 424 3
376 424 3
376 424 3
376 424 3
417 183 2
417 183 2
470 530 2
470 530 2
470 530 3
470 530 3
470 530 3
470 530 3
556 244 2
556 244 3
564 636 2
564 636 2
564 636 2
564 636 3
564 636 3
564 636 3
658 742 2
658 742 2
658 742 2
658 742 2
658 742 2
658 742 3
695 305 2
695 305 2
695 305 2
695 305 2
695 305 3
695 305 3
695 305 3
752 848 2
752 848 2
752 848 2
752 848 3
834 366 3
834 366 3
834 366 3
834 366 3
846 954 2
846 954 3
846 954 3
846 954 3
940 1060 3
940 1060 3
940 1060 3
940 1060 3
940 1060 3
973 427 2
973 427 2
973 427 2
973 427 3
973 427 3
973 427 3
973 427 3
973 427 3
973 427 3
1112 488 2
1112 488 2
1112 488 2
1112 488 2
1112 488 3
1112 488 3
1112 488 3
1251 549 2
1251 549 2
1251 549 2
1251 549 3
1251 549 3
1251 549 3
1390 610 2
1390 610 2
1390 610 3
94 106 3
94 106 3
94 106 3
94 106 3
94 106 3
139 61 2
139 61 2
139 61 2
139 61 3
139 61 3
139 61 3
139 61 3
188 212 3
188 212 3
188 212 3
188 212 3
188 212 3
188 212 3
278 122 2
278 122 2
278 122 3
278 122 3
278 122 3
282 318 3
376 424 2
376 424 3
417 183 2
417 183 2
417 183 3
417 183 3
470 530 2
470 530 2
470 530 3
470 530 3
470 530 3
470 530 3
556 244 2
556 244 2
556 244 3
556 244 3
556 244 3
564 636 2
564 636 3
564 636 3
564 636 3
564 636 3
658 742 2
658 742 2
658 742 2
658 742 2
658 742 2
658 742 3
658 742 3
658 742 3
658 742 3
695 305 3
695 305 3
695 305 3
752 848 2
752 848 3
752 848 3
834 366 2
834 366 2
834 366 3
834 366 3
834 366 3
846 954 2
846 954 2
846 954 2
846 954 2
846 954 3
846 954 3
846 954 3
846 954 3
846 954 3
846 954 3
846 954 3
940 1060 2
940 1060 2
940 1060 2
940 1060 2
940 1060 3
973 427 2
973 427 2
973 427 2
973 427 2
973 427 3
973 427 3
973 427 3
1112 488 2
1112 488 2
1112 488 3
1112 488 3
1112 488 3
1112 488 3
1112 488 3
1251 549 2
1251 549 3
1390 610 2
1390 610 3
94 106 2
94 106 3
94 106 3
94 106 3
139 61 2
139 61 2
139 61 3
139 61 3
139 61 3
139 61 3
139 61 3
188 212 3
278 122 2
278 122 2
278 122 2
278 122 2
278 122 2
278 122 2
278 122 2
278 122 2
278 122 2
278 122 3
278 122 3
278 122 3
278 122 3
278 122 3
282 318 2
282 318 3
282 318 3
376 424 2
376 424 2
376 424 2
376 424 3
417 183 2
417 183 2
417 183 3
417 183 3
470 530 2
470 530 2
470 530 3
470 530 3
556 244 2
556 244 2
556 244 2
556 244 2
556 244 2
556 244 2
556 244 3
556 244 3
564 636 2
564 636 2
564 636 3
564 636 3
658 742 3
658 742 3
658 742 3
658 742 3
695 305 2
695 305 2
695 305 2
695 305 2
695 305 3
695 305 3
752 848 2
752 848 3
752 848 3
752 848 3
752 848 3
752 848 3
752 848 3
752 848 3
752 848 3
834 366 2
834 366 3
834 366 3
834 366 3
834 366 3
846 954 2
846 954 2
846 954 3
846 954 3
940 1060 2
940 1060 2
940 1060 3
940 1060 3
940 1060 3
940 1060 3
973 427 2
973 427 2
973 427 3
973 427 3
1112 488 2
1112 488 3
1112 488 3
1112 488 3
1251 549 2
1251 549 3
1251 549 3
1251 549 3
1390 610 2
94 106 2
94 106 2
94 106 3
94 106 3
94 106 3
139 61 2
139 61 2
139 61 2
139 61 3
139 61 3
139 61 3
188 212 2
188 212 2
188 212 3
278 122 2
278 122 3
282 318 2
282 318 2
282 318 3
282 318 3
282 318 3
282 318 3
376 424 2
376 424 2
376 424 3
376 424 3
417 183 2
417 183 2
417 183 2
417 183 2
417 183 3
417 183 3
417 183 3
470 530 2
470 530 3
470 530 3
470 530 3
556 244 2
556 244 2
556 244 2
556 244 3
556 244 3
564 636 2
564 636 2
564 636 3
564 636 3
564 636 3
658 742 2
658 742 3
658 742 3
658 742 3
658 742 3
658 742 3
695 305 2
695 305 2
695 305 2
695 305 3
752 848 2
752 848 3
752 848 3
752 848 3
752 848 3
752 848 3
752 848 3
834 366 2
846 954 2
846 954 3
940 1060 2
940 1060 3
940 1060 3
973 427 2
973 427 2
973 427 2
973 427 3
973 427 3
973 427 3
1112 488 2
1112 488 2
1112 488 3
1112 488 3
1112 488 3
1112 488 3
1112 488 3
1112 488 3
1251 549 2
1251 549 2
1251 549 2
1251 549 2
1251 549 2
1251 549 3
1251 549 3
1251 549 3
1390 610 2
1390 610 2
1390 610 2
1390 610 3
1390 610 3
1390 610 3
1390 610 3
1390 610 3
94 106 2
94 106 2
94 106 2
94 106 2
94 106 2
94 106 2
94 106 3
94 106 3
139 61 2
139 61 2
139 61 2
139 61 2
139 61 3
139 61 3
139 61 3
188 212 2
188 212 2
188 212 2
188 212 3
188 212 3
188 212 3
188 212 3
188 212 3
278 122 2
278 122 3
278 122 3
282 318 2
282 318 2
282 318 3
282 318 3
376 424 2
376 424 2
376 424 3
376 424 3
376 424 3
376 424 3
376 424 3
376 424 3
417 183 2
417 183 2
417 183 2
417 183 3
417 183 3
417 183 3
417 183 3
417 183 3
470 530 2
470 530 3
470 530 3
470 530 3
470 530 3
470 530 3
556 244 2
556 244 3
556 244 3
564 636 2
564 636 2
564 636 3
564 636 3
564 636 3
564 636 3
564 636 3
658 742 2
658 742 3
658 742 3
695 305 3
695 305 3
695 305 3
695 305 3
752 848 3
752 848 3
752 848 3
752 848 3
752 848 3
834 366 3
834 366 3
846 954 2
846 954 2
846 954 2
846 954 2
846 954 3
846 954 3
846 954 3
940 1060 2
940 1060 2
940 1060 2
940 1060 3
940 1060 3
940 1060 3
940 1060 3
940 1060 3
973 427 2
973 427 2
973 427 3
1112 488 3
1112 488 3
1251 549 2
1390 610 2
1390 610 3
1390 610 3
94 106 3
94 106 3
94 106 3
94 106 3
94 106 3
94 106 3
139 61 2
139 61 2
139 61 2
139 61 2
139 61 3
139 61 3
139 61 3
188 212 2
188 212 2
188 212 2
188 212 2
188 212 2
188 212 2
188 212 3
188 212 3
188 212 3
188 212 3
278 122 2
278 122 2
278 122 2
282 318 2
282 318 2
282 318 3
282 318 3
282 318 3
282 318 3
282 318 3
376 424 2
376 424 3
376 424 3
376 424 3
417 183 2
417 183 2
417 183 3
417 183 3
470 530 2
470 530 2
470 530 3
470 530 3
556 244 3
556 244 3
556 244 3
564 636 2
564 636 3
564 636 3
658 742 2
658 742 2
658 742 3
658 742 3
658 742 3
695 305 2
695 305 2
695 305 2
695 305 2
695 305 3
695 305 3
695 305 3
695 305 3
752 848 2
752 848 2
752 848 3
752 848 3
834 366 3
846 954 3
846 954 3
846 954 3
846 954 3
940 1060 2
940 1060 2
940 1060 3
940 1060 3
973 427 2
973 427 3
973 427 3
973 427 3
1112 488 2
1112 488 3
1251 549 2
1251 549 2
1251 549 2
1251 549 2
1251 549 2
1251 549 2
1251 549 2
1251 549 3
1251 549 3
1251 549 3
1251 549 3
1390 610 2
1390 610 2
1390 610 2
1390 610 2
1390 610 3
1390 610 3
139 61 2
139 61 2
139 61 3
139 61 3
139 61 3
188 212 2
188 212 2
188 212 2
278 122 2
278 122 2
278 122 2
278 122 3
278 122 3
282 318 2
282 318 3
282 318 3
282 318 3
282 318 3
376 424 2
376 424 3
417 183 2
417 183 2
417 183 3
417 183 3
417 183 3
417 183 3
470 530 2
470 530 2
470 530 2
470 530 3
470 530 3
470 530 3
556 244 2
556 244 2
556 244 2
556 244 2
556 244 2
556 244 3
556 244 3
556 244 3
564 636 2
564 636 2
564 636 2
564 636 3
564 636 3
564 636 3
564 636 3
564 636 3
658 742 2
658 742 2
658 742 3
658 742 3
695 305 2
695 305 2
695 305 2
695 305 3
695 305 3
695 305 3
752 848 2
752 848 2
752 848 3
752 848 3
752 848 3
752 848 3
752 848 3
834 366 2
834 366 3
846 954 3
846 954 3
940 1060 2
940 1060 3
940 1060 3
940 1060 3
940 1060 3
940 1060 3
940 1060 3
973 427 2
973 427 2
973 427 2
973 427 2
973 427 3
973 427 3
973 427 3
973 427 3
973 427 3
1112 488 2
1112 488 3
1251 549 2
1251 549 3
1251 549 3
1251 549 3
1251 549 3
1251 549 3
1390 610 2
1390 610 2
1390 610 2
1390 610 3
1390 610 3
1390 610 3
1390 610 3
