2000 20 317678
100 83 182
100 81 188
100 96 191
100 128 180
100 88 219
100 56 208
100 105 203
100 147 220
100 117 212
100 124 180
100 66 228
100 117 229
100 66 177
100 89 188
100 77 238
100 144 203
100 94 230
100 125 212
100 131 170
100 63 209
34 14 2
34 14 2
34 14 2
34 14 3
68 28 2
68 28 2
68 28 3
68 28 3
68 28 3
102 42 2
102 42 2
102 42 3
102 42 3
102 42 3
102 42 3
122 102 2
122 102 2
122 102 2
122 102 3
136 56 2
136 56 2
136 56 3
170 70 2
170 70 2
170 70 3
170 70 3
204 84 2
204 84 2
204 84 2
204 84 2
204 84 3
238 98 2
244 204 2
244 204 2
244 204 3
244 204 3
244 204 3
272 112 2
272 112 2
272 112 3
306 126 2
306 126 2
306 126 2
306 126 2
306 126 2
306 126 3
306 126 3
340 140 3
340 140 3
366 306 2
366 306 2
366 306 2
366 306 3
366 306 3
488 408 2
488 408 2
488 408 3
488 408 3
488 408 3
610 510 2
610 510 3
610 510 3
610 510 3
610 510 3
732 612 2
732 612 2
732 612 2
732 612 2
732 612 2
732 612 3
732 612 3
854 714 2
854 714 2
854 714 2
854 714 3
854 714 3
854 714 3
854 714 3
854 714 3
854 714 3
976 816 2
976 816 2
976 816 3
976 816 3
976 816 3
976 816 3
976 816 3
1098 918 2
1098 918 2
1098 918 2
1098 918 2
1098 918 2
1098 918 3
1098 918 3
1098 918 3
1098 918 3
1220 1020 2
1220 1020 2
1220 1020 3
1220 1020 3
34 14 2
34 14 3
34 14 3
34 14 3
34 14 3
34 14 3
34 14 3
34 14 3
68 28 2
68 28 3
68 28 3
68 28 3
68 28 3
68 28 3
68 28 3
68 28 3
102 42 2
102 42 3
102 42 3
122 102 2
122 102 2
122 102 2
122 102 2
122 102 3
122 102 3
122 102 3
122 102 3
136 56 2
136 56 2
136 56 3
136 56 3
136 56 3
170 70 2
170 70 2
170 70 2
170 70 3
204 84 2
204 84 3
204 84 3
204 84 3
204 84 3
238 98 2
238 98 2
238 98 2
238 98 3
244 204 2
244 204 2
272 112 2
272 112 2
272 112 2
272 112 3
272 112 3
272 112 3
306 126 2
306 126 3
306 126 3
306 126 3
306 126 3
306 126 3
306 126 3
340 140 2
340 140 2
340 140 3
340 140 3
340 140 3
366 306 2
366 306 2
366 306 3
366 306 3
366 306 3
366 306 3
488 408 2
488 408 2
488 408 2
610 510 2
610 510 2
610 510 2
610 510 3
732 612 2
732 612 2
732 612 2
732 612 3
732 612 3
732 612 3
854 714 2
854 714 2
854 714 3
854 714 3
976 816 2
976 816 3
976 816 3
976 816 3
1098 918 2
1098 918 2
1098 918 2
1098 918 2
1098 918 3
1098 918 3
1220 1020 2
1220 1020 3
34 14 2
34 14 2
34 14 2
34 14 2
34 14 2
34 14 3
34 14 3
34 14 3
34 14 3
68 28 2
68 28 2
68 28 3
68 28 3
68 28 3
68 28 3
102 42 2
102 42 3
102 42 3
102 42 3
122 102 2
122 102 2
122 102 3
122 102 3
136 56 3
136 56 3
136 56 3
136 56 3
136 56 3
170 70 2
170 70 3
170 70 3
204 84 2
204 84 2
204 84 3
204 84 3
238 98 2
238 98 2
238 98 3
238 98 3
238 98 3
244 204 2
244 204 3
244 204 3
244 204 3
272 112 2
272 112 2
272 112 3
272 112 3
272 112 3
306 126 2
306 126 2
306 126 3
306 126 3
340 140 2
340 140 2
340 140 2
340 140 3
340 140 3
340 140 3
340 140 3
340 140 3
340 140 3
366 306 2
366 306 3
366 306 3
488 408 2
488 408 3
488 408 3
488 408 3
610 510 2
610 510 2
610 510 2
610 510 3
732 612 2
732 612 2
732 612 2
732 612 2
732 612 3
732 612 3
854 714 2
854 714 2
854 714 3
854 714 3
854 714 3
854 714 3
854 714 3
854 714 3
976 816 2
976 816 2
976 816 2
976 816 2
976 816 3
976 816 3
976 816 3
976 816 3
1098 918 3
1220 1020 2
1220 1020 2
1220 1020 2
1220 1020 3
68 28 2
68 28 2
68 28 2
68 28 2
68 28 3
102 42 2
102 42 2
102 42 2
102 42 2
102 42 3
102 42 3
102 42 3
102 42 3
122 102 2
122 102 2
122 102 2
122 102 2
122 102 3
136 56 2
136 56 3
136 56 3
170 70 2
170 70 3
170 70 3
170 70 3
204 84 2
204 84 2
204 84 2
204 84 3
238 98 2
238 98 2
238 98 2
238 98 2
238 98 3
238 98 3
238 98 3
244 204 2
244 204 3
244 204 3
244 204 3
272 112 2
272 112 2
272 112 3
272 112 3
272 112 3
272 112 3
306 126 2
306 126 2
306 126 2
306 126 2
306 126 3
306 126 3
306 126 3
340 140 2
340 140 2
340 140 2
340 140 2
340 140 2
340 140 2
340 140 2
340 140 2
340 140 3
366 306 2
366 306 3
366 306 3
488 408 2
488 408 2
488 408 3
488 408 3
488 408 3
610 510 2
610 510 2
610 510 3
610 510 3
732 612 2
732 612 2
732 612 2
732 612 2
732 612 2
732 612 3
732 612 3
732 612 3
854 714 2
854 714 3
854 714 3
854 714 3
976 816 2
976 816 2
976 816 2
976 816 3
976 816 3
976 816 3
976 816 3
1098 918 3
1098 918 3
1220 1020 2
1220 1020 3
1220 1020 3
1220 1020 3
1220 1020 3
34 14 3
34 14 3
34 14 3
34 14 3
68 28 2
68 28 2
68 28 2
68 28 2
68 28 2
68 28 2
68 28 3
68 28 3
68 28 3
68 28 3
102 42 2
102 42 3
102 42 3
102 42 3
122 102 2
122 102 2
122 102 2
122 102 2
122 102 3
136 56 2
136 56 2
136 56 3
170 70 2
170 70 2
170 70 3
170 70 3
170 70 3
204 84 2
204 84 2
204 84 2
204 84 3
204 84 3
238 98 2
238 98 2
238 98 2
238 98 3
238 98 3
244 204 2
244 204 2
244 204 2
244 204 2
244 204 3
244 204 3
244 204 3
244 204 3
244 204 3
272 112 2
272 112 3
272 112 3
272 112 3
306 126 3
306 126 3
340 140 2
340 140 2
340 140 2
340 140 2
340 140 3
340 140 3
340 140 3
340 140 3
340 140 3
340 140 3
366 306 2
366 306 3
366 306 3
366 306 3
488 408 2
488 408 2
488 408 2
488 408 2
488 408 2
488 408 3
488 408 3
488 408 3
610 510 3
610 510 3
610 510 3
732 612 2
732 612 3
854 714 2
854 714 2
854 714 2
854 714 3
976 816 2
976 816 2
976 816 3
976 816 3
1098 918 2
1098 918 3
1098 918 3
1098 918 3
1220 1020 2
1220 1020 2
1220 1020 2
1220 1020 3
1220 1020 3
34 14 2
34 14 2
34 14 3
34 14 3
34 14 3
34 14 3
34 14 3
34 14 3
68 28 2
68 28 2
68 28 2
68 28 2
68 28 2
68 28 2
68 28 2
68 28 3
68 28 3
68 28 3
102 42 2
102 42 3
122 102 2
122 102 2
122 102 2
122 102 3
122 102 3
122 102 3
136 56 2
136 56 2
136 56 2
170 70 3
204 84 2
204 84 2
204 84 3
204 84 3
204 84 3
204 84 3
238 98 2
238 98 3
244 204 2
244 204 2
244 204 2
244 204 3
272 112 2
272 112 2
272 112 2
272 112 3
272 112 3
272 112 3
272 112 3
306 126 2
306 126 2
306 126 2
306 126 3
306 126 3
340 140 2
340 140 2
340 140 2
340 140 3
340 140 3
340 140 3
366 306 2
366 306 2
366 306 2
366 306 2
366 306 3
488 408 2
488 408 2
488 408 3
488 408 3
488 408 3
610 510 3
732 612 2
732 612 2
732 612 3
732 612 3
732 612 3
732 612 3
854 714 2
854 714 2
854 714 2
854 714 2
854 714 3
854 714 3
854 714 3
976 816 2
976 816 2
976 816 2
976 816 3
1098 918 2
1098 918 2
1098 918 2
1098 918 2
1098 918 2
1098 918 2
1098 918 3
1220 1020 2
1220 1020 2
1220 1020 3
1220 1020 3
1220 1020 3
34 14 2
34 14 2
34 14 2
68 28 2
68 28 2
68 28 3
68 28 3
68 28 3
102 42 2
102 42 2
102 42 3
102 42 3
102 42 3
122 102 2
122 102 2
122 102 3
122 102 3
136 56 2
136 56 3
136 56 3
136 56 3
136 56 3
136 56 3
170 70 2
170 70 2
170 70 3
170 70 3
204 84 2
204 84 2
204 84 3
238 98 2
238 98 3
244 204 2
244 204 2
244 204 2
244 204 3
244 204 3
244 204 3
244 204 3
244 204 3
244 204 3
272 112 2
272 112 2
272 112 3
272 112 3
272 112 3
272 112 3
306 126 2
306 126 2
306 126 2
306 126 3
340 140 2
340 140 2
340 140 2
340 140 2
366 306 2
366 306 2
488 408 2
488 408 2
488 408 3
488 408 3
488 408 3
610 510 2
610 510 2
610 510 3
610 510 3
610 510 3
610 510 3
732 612 2
732 612 2
732 612 3
732 612 3
732 612 3
732 612 3
732 612 3
854 714 2
854 714 2
854 714 3
854 714 3
854 714 3
854 714 3
976 816 2
976 816 2
976 816 2
976 816 2
976 816 3
976 816 3
976 816 3
1098 918 2
1098 918 2
1098 918 2
1098 918 2
1220 1020 2
1220 1020 2
1220 1020 2
1220 1020 3
1220 1020 3
1220 1020 3
1220 1020 3
1220 1020 3
34 14 2
34 14 2
34 14 2
34 14 3
34 14 3
34 14 3
68 28 2
68 28 2
68 28 2
68 28 3
102 42 2
102 42 2
102 42 3
102 42 3
102 42 3
122 102 2
122 102 3
136 56 2
136 56 2
136 56 3
170 70 2
170 70 2
170 70 3
170 70 3
170 70 3
204 84 2
204 84 2
204 84 2
238 98 2
238 98 3
238 98 3
244 204 2
244 204 2
244 204 2
244 204 3
272 112 3
272 112 3
272 112 3
272 112 3
272 112 3
306 126 2
306 126 2
306 126 3
306 126 3
306 126 3
306 126 3
340 140 2
340 140 2
340 140 2
340 140 2
340 140 2
340 140 2
340 140 3
340 140 3
340 140 3
340 140 3
340 140 3
366 306 2
366 306 3
366 306 3
366 306 3
488 408 2
488 408 3
488 408 3
610 510 2
610 510 3
610 510 3
732 612 2
732 612 2
732 612 2
732 612 3
732 612 3
732 612 3
732 612 3
732 612 3
854 714 2
854 714 2
854 714 2
976 816 2
976 816 2
976 816 2
976 816 2
976 816 2
976 816 3
976 816 3
976 816 3
976 816 3
976 816 3
1098 918 2
1098 918 2
1098 918 3
1098 918 3
1220 1020 2
1220 1020 2
1220 1020 2
1220 1020 2
1220 1020 3
1220 1020 3
1220 1020 3
1220 1020 3
34 14 3
34 14 3
68 28 2
68 28 2
68 28 2
68 28 3
68 28 3
68 28 3
102 42 3
102 42 3
102 42 3
102 42 3
122 102 2
122 102 2
122 102 2
122 102 2
122 102 2
122 102 3
122 102 3
136 56 3
136 56 3
136 56 3
170 70 2
170 70 3
170 70 3
204 84 2
204 84 2
204 84 2
204 84 2
204 84 2
204 84 3
204 84 3
238 98 2
238 98 2
238 98 2
238 98 3
238 98 3
244 204 3
244 204 3
244 204 3
244 204 3
272 112 2
272 112 3
272 112 3
272 112 3
272 112 3
306 126 2
306 126 2
306 126 2
306 126 3
306 126 3
306 126 3
306 126 3
306 126 3
306 126 3
306 126 3
340 140 2
340 140 2
340 140 3
340 140 3
366 306 2
366 306 2
366 306 2
366 306 3
366 306 3
366 306 3
488 408 2
488 408 2
488 408 3
488 408 3
488 408 3
610 510 2
610 510 2
610 510 3
610 510 3
610 510 3
732 612 2
732 612 2
732 612 2
732 612 2
732 612 3
732 612 3
732 612 3
854 714 2
854 714 2
854 714 2
854 714 3
976 816 2
976 816 2
976 816 2
976 816 3
976 816 3
976 816 3
976 816 3
1098 918 2
1098 918 2
1098 918 2
1098 918 3
1098 918 3
1220 1020 2
34 14 2
34 14 2
34 14 2
34 14 3
34 14 3
34 14 3
34 14 3
68 28 2
68 28 2
68 28 2
102 42 2
102 42 3
102 42 3
102 42 3
102 42 3
102 42 3
102 42 3
122 102 2
122 102 2
122 102 2
122 102 3
136 56 2
136 56 2
136 56 3
136 56 3
136 56 3
136 56 3
136 56 3
136 56 3
136 56 3
136 56 3
136 56 3
170 70 2
170 70 2
170 70 2
170 70 2
170 70 3
204 84 2
204 84 2
204 84 3
204 84 3
204 84 3
238 98 2
238 98 2
244 204 2
244 204 2
244 204 2
244 204 3
244 204 3
244 204 3
272 112 2
272 112 3
306 126 2
306 126 2
306 126 3
340 140 3
340 140 3
340 140 3
340 140 3
366 306 3
488 408 2
488 408 2
488 408 3
488 408 3
488 408 3
488 408 3
610 510 2
610 510 2
610 510 3
610 510 3
610 510 3
610 510 3
610 510 3
732 612 2
732 612 2
732 612 3
732 612 3
732 612 3
732 612 3
732 612 3
854 714 2
854 714 2
854 714 3
854 714 3
976 816 2
976 816 2
976 816 2
976 816 3
976 816 3
1098 918 2
1098 918 2
1098 918 2
1098 918 3
1098 918 3
1098 918 3
1220 1020 2
1220 1020 2
1220 1020 2
1220 1020 3
1220 1020 3
34 14 2
34 14 2
34 14 2
34 14 2
34 14 2
34 14 3
68 28 2
68 28 2
68 28 3
68 28 3
102 42 2
102 42 2
102 42 2
102 42 2
102 42 3
102 42 3
122 102 2
122 102 2
122 102 3
122 102 3
136 56 2
136 56 2
136 56 3
136 56 3
136 56 3
136 56 3
136 56 3
170 70 3
170 70 3
170 70 3
170 70 3
170 70 3
204 84 2
204 84 2
204 84 3
204 84 3
238 98 2
238 98 2
238 98 2
238 98 2
238 98 2
238 98 3
238 98 3
244 204 2
244 204 2
244 204 3
272 112 2
272 112 2
272 112 2
272 112 2
272 112 2
272 112 3
306 126 2
306 126 2
306 126 2
306 126 3
306 126 3
340 140 2
340 140 2
340 140 3
340 140 3
340 140 3
340 140 3
366 306 2
366 306 3
366 306 3
366 306 3
366 306 3
366 306 3
488 408 2
488 408 2
488 408 2
488 408 2
488 408 2
488 408 2
488 408 2
610 510 2
610 510 2
610 510 2
610 510 2
610 510 2
610 510 3
610 510 3
732 612 2
732 612 2
732 612 2
732 612 3
854 714 2
854 714 3
854 714 3
976 816 2
976 816 3
976 816 3
976 816 3
1098 918 2
1098 918 2
1098 918 2
1098 918 3
1220 1020 2
1220 1020 2
34 14 2
34 14 2
34 14 3
34 14 3
34 14 3
34 14 3
68 28 2
68 28 2
68 28 2
68 28 3
68 28 3
102 42 2
102 42 2
102 42 2
122 102 2
122 102 2
122 102 2
122 102 2
122 102 2
122 102 2
122 102 3
122 102 3
122 102 3
122 102 3
136 56 2
136 56 2
136 56 3
136 56 3
170 70 2
170 70 2
170 70 3
170 70 3
204 84 2
204 84 2
204 84 2
204 84 3
204 84 3
238 98 2
238 98 2
238 98 2
238 98 3
238 98 3
244 204 2
244 204 2
244 204 3
244 204 3
244 204 3
272 112 2
272 112 2
272 112 2
272 112 3
272 112 3
306 126 2
306 126 2
306 126 2
306 126 2
306 126 3
306 126 3
306 126 3
340 140 2
340 140 2
340 140 3
340 140 3
366 306 2
366 306 2
366 306 3
488 408 2
488 408 3
488 408 3
488 408 3
610 510 2
610 510 2
610 510 3
732 612 2
732 612 3
854 714 2
854 714 2
854 714 3
854 714 3
854 714 3
854 714 3
976 816 2
976 816 2
976 816 2
976 816 3
976 816 3
1098 918 2
1098 918 2
1098 918 2
1098 918 3
1098 918 3
1098 918 3
1098 918 3
1098 918 3
1098 918 3
1220 1020 2
1220 1020 2
1220 1020 2
1220 1020 2
1220 1020 3
34 14 2
34 14 2
34 14 3
34 14 3
34 14 3
68 28 2
68 28 3
68 28 3
102 42 2
102 42 2
102 42 2
102 42 2
102 42 3
122 102 2
122 102 2
122 102 3
136 56 2
136 56 3
136 56 3
136 56 3
170 70 3
204 84 2
204 84 2
204 84 3
204 84 3
204 84 3
238 98 2
238 98 2
238 98 3
244 204 2
244 204 2
244 204 2
244 204 3
244 204 3
244 204 3
244 204 3
272 112 2
272 112 3
272 112 3
272 112 3
272 112 3
306 126 2
306 126 2
306 126 3
306 126 3
340 140 2
340 140 3
340 140 3
366 306 2
366 306 2
366 306 3
366 306 3
488 408 2
488 408 2
488 408 2
488 408 3
488 408 3
488 408 3
488 408 3
488 408 3
610 510 2
610 510 2
610 510 2
610 510 3
610 510 3
732 612 2
732 612 2
732 612 2
732 612 3
732 612 3
732 612 3
854 714 2
854 714 3
854 714 3
854 714 3
854 714 3
854 714 3
854 714 3
976 816 2
976 816 3
976 816 3
976 816 3
976 816 3
976 816 3
976 816 3
1098 918 2
1098 918 2
1098 918 2
1098 918 2
1098 918 3
1098 918 3
1098 918 3
1098 918 3
1098 918 3
1098 918 3
1220 1020 2
1220 1020 2
1220 1020 2
1220 1020 3
1220 1020 3
34 14 3
68 28 2
68 28 2
68 28 2
68 28 2
68 28 2
68 28 3
68 28 3
68 28 3
102 42 2
102 42 2
102 42 2
102 42 3
102 42 3
122 102 2
122 102 3
122 102 3
136 56 2
136 56 2
136 56 2
136 56 2
136 56 2
136 56 3
136 56 3
136 56 3
136 56 3
170 70 2
170 70 2
170 70 3
170 70 3
204 84 2
204 84 2
204 84 2
204 84 2
204 84 2
204 84 2
204 84 3
204 84 3
238 98 2
238 98 2
238 98 2
238 98 3
238 98 3
238 98 3
238 98 3
238 98 3
238 98 3
244 204 2
244 204 2
244 204 3
244 204 3
244 204 3
272 112 2
272 112 3
272 112 3
272 112 3
272 112 3
306 126 2
306 126 2
306 126 2
306 126 3
340 140 2
340 140 3
340 140 3
366 306 2
366 306 3
488 408 2
488 408 3
488 408 3
488 408 3
610 510 2
610 510 2
610 510 2
610 510 2
610 510 3
732 612 2
732 612 2
732 612 3
732 612 3
732 612 3
732 612 3
732 612 3
854 714 2
854 714 2
854 714 3
976 816 3
1098 918 2
1098 918 2
1098 918 2
1098 918 2
1098 918 2
1098 918 3
1098 918 3
1098 918 3
1098 918 3
1220 1020 2
1220 1020 2
1220 1020 3
1220 1020 3
1220 1020 3
34 14 2
34 14 2
34 14 3
34 14 3
34 14 3
68 28 2
68 28 3
68 28 3
68 28 3
102 42 2
102 42 3
102 42 3
102 42 3
122 102 2
122 102 3
122 102 3
122 102 3
122 102 3
136 56 2
136 56 2
136 56 3
170 70 2
170 70 2
170 70 3
170 70 3
170 70 3
170 70 3
204 84 2
204 84 3
238 98 2
238 98 2
238 98 2
238 98 3
238 98 3
238 98 3
244 204 2
244 204 2
244 204 2
244 204 2
244 204 2
244 204 2
244 204 3
244 204 3
244 204 3
272 112 2
272 112 2
272 112 2
272 112 2
272 112 3
306 126 2
306 126 2
306 126 2
306 126 2
306 126 2
306 126 3
306 126 3
306 126 3
306 126 3
306 126 3
306 126 3
340 140 3
340 140 3
366 306 2
366 306 2
366 306 3
366 306 3
488 408 3
488 408 3
610 510 2
610 510 2
610 510 2
732 612 2
732 612 2
732 612 3
854 714 2
854 714 2
854 714 2
854 714 2
854 714 2
854 714 3
854 714 3
976 816 2
976 816 2
976 816 3
1098 918 2
1098 918 2
1098 918 3
1098 918 3
1098 918 3
1098 918 3
1220 1020 2
1220 1020 2
1220 1020 2
1220 1020 2
1220 1020 2
1220 1020 2
1220 1020 2
1220 1020 3
1220 1020 3
1220 1020 3
34 14 2
34 14 2
34 14 2
34 14 2
34 14 2
34 14 2
34 14 3
34 14 3
34 14 3
34 14 3
68 28 2
68 28 2
68 28 2
68 28 3
68 28 3
68 28 3
102 42 2
102 42 2
102 42 3
102 42 3
122 102 2
122 102 2
122 102 2
122 102 3
136 56 2
136 56 3
136 56 3
170 70 2
170 70 3
170 70 3
170 70 3
204 84 2
204 84 2
204 84 2
238 98 2
238 98 3
238 98 3
238 98 3
244 204 2
244 204 2
244 204 3
244 204 3
244 204 3
272 112 2
272 112 2
272 112 3
272 112 3
306 126 2
306 126 3
306 126 3
306 126 3
306 126 3
340 140 2
340 140 2
340 140 2
340 140 3
340 140 3
340 140 3
340 140 3
340 140 3
366 306 2
366 306 3
366 306 3
366 306 3
488 408 2
488 408 2
488 408 2
488 408 2
488 408 3
488 408 3
488 408 3
488 408 3
610 510 2
610 510 2
610 510 2
610 510 3
732 612 2
732 612 3
854 714 2
854 714 3
854 714 3
854 714 3
854 714 3
976 816 2
976 816 2
976 816 2
976 816 2
976 816 2
976 816 2
976 816 2
976 816 3
976 816 3
1098 918 3
1098 918 3
1220 1020 2
1220 1020 3
1220 1020 3
1220 1020 3
1220 1020 3
1220 1020 3
34 14 2
34 14 2
34 14 2
34 14 2
34 14 3
34 14 3
34 14 3
34 14 3
34 14 3
68 28 3
68 28 3
102 42 2
102 42 2
102 42 3
102 42 3
122 102 2
122 102 2
122 102 3
122 102 3
136 56 2
136 56 2
136 56 3
136 56 3
170 70 2
170 70 3
170 70 3
170 70 3
204 84 2
204 84 2
204 84 2
204 84 3
204 84 3
238 98 2
238 98 3
244 204 2
244 204 3
244 204 3
272 112 2
272 112 3
272 112 3
272 112 3
272 112 3
306 126 2
306 126 2
306 126 3
306 126 3
306 126 3
306 126 3
340 140 2
340 140 2
340 140 2
340 140 3
340 140 3
340 140 3
366 306 2
366 306 2
366 306 2
366 306 2
366 306 2
366 306 2
366 306 3
366 306 3
366 306 3
488 408 2
488 408 2
488 408 3
488 408 3
488 408 3
488 408 3
610 510 2
610 510 2
610 510 2
610 510 2
610 510 2
610 510 2
610 510 3
610 510 3
732 612 2
732 612 2
732 612 2
732 612 3
854 714 3
854 714 3
976 816 2
976 816 3
976 816 3
976 816 3
976 816 3
976 816 3
976 816 3
976 816 3
1098 918 3
1098 918 3
1220 1020 2
1220 1020 2
1220 1020 2
1220 1020 2
1220 1020 3
1220 1020 3
1220 1020 3
34 14 2
34 14 2
34 14 2
34 14 3
34 14 3
34 14 3
68 28 2
68 28 2
68 28 2
68 28 3
102 42 3
122 102 2
122 102 2
122 102 3
122 102 3
136 56 2
136 56 2
136 56 2
136 56 2
136 56 3
136 56 3
170 70 2
170 70 2
170 70 2
170 70 3
170 70 3
204 84 2
204 84 2
204 84 3
204 84 3
204 84 3
204 84 3
204 84 3
238 98 2
238 98 2
238 98 2
238 98 2
238 98 3
238 98 3
238 98 3
244 204 2
244 204 2
244 204 2
244 204 2
244 204 3
244 204 3
244 204 3
272 112 2
272 112 2
272 112 3
272 112 3
272 112 3
306 126 2
306 126 2
306 126 2
306 126 2
306 126 3
306 126 3
306 126 3
340 140 2
340 140 3
340 140 3
366 306 2
366 306 2
366 306 2
366 306 3
366 306 3
366 306 3
366 306 3
488 408 2
488 408 3
488 408 3
488 408 3
610 510 2
610 510 2
610 510 2
610 510 3
610 510 3
610 510 3
732 612 2
732 612 2
732 612 3
732 612 3
732 612 3
732 612 3
732 612 3
854 714 2
854 714 2
854 714 3
854 714 3
976 816 2
976 816 2
976 816 3
976 816 3
1098 918 2
1098 918 3
1098 918 3
1220 1020 2
1220 1020 3
1220 1020 3
34 14 2
34 14 2
34 14 2
34 14 2
34 14 3
34 14 3
68 28 2
68 28 2
68 28 3
68 28 3
68 28 3
102 42 2
102 42 2
102 42 2
102 42 3
102 42 3
102 42 3
102 42 3
122 102 2
122 102 2
122 102 2
122 102 2
122 102 3
122 102 3
122 102 3
122 102 3
136 56 2
136 56 2
136 56 2
136 56 2
136 56 3
136 56 3
170 70 2
170 70 2
170 70 3
204 84 2
204 84 3
204 84 3
204 84 3
238 98 3
238 98 3
238 98 3
238 98 3
244 204 3
244 204 3
244 204 3
272 112 2
272 112 2
272 112 3
272 112 3
272 112 3
272 112 3
306 126 2
306 126 2
306 126 2
306 126 3
306 126 3
306 126 3
306 126 3
306 126 3
340 140 3
340 140 3
340 140 3
366 306 2
366 306 3
366 306 3
366 306 3
366 306 3
366 306 3
366 306 3
488 408 2
610 510 2
610 510 2
610 510 2
610 510 2
610 510 3
610 510 3
610 510 3
732 612 2
732 612 2
732 612 2
732 612 3
732 612 3
732 612 3
732 612 3
854 714 2
854 714 2
854 714 3
854 714 3
976 816 2
976 816 2
976 816 3
976 816 3
976 816 3
1098 918 2
1098 918 3
1098 918 3
1220 1020 2
1220 1020 3
1220 1020 3
34 14 2
34 14 2
34 14 2
34 14 2
34 14 3
68 28 2
68 28 2
68 28 2
68 28 2
68 28 3
68 28 3
68 28 3
68 28 3
68 28 3
102 42 2
102 42 2
102 42 2
102 42 3
102 42 3
122 102 2
122 102 2
122 102 2
122 102 3
122 102 3
136 56 2
136 56 2
136 56 3
136 56 3
136 56 3
136 56 3
136 56 3
136 56 3
170 70 2
170 70 2
170 70 2
204 84 2
204 84 2
204 84 2
204 84 3
204 84 3
238 98 2
238 98 3
238 98 3
238 98 3
244 204 2
244 204 2
244 204 2
244 204 3
244 204 3
244 204 3
244 204 3
244 204 3
244 204 3
272 112 2
272 112 3
306 126 2
306 126 2
306 126 2
306 126 3
306 126 3
340 140 2
340 140 2
340 140 3
340 140 3
366 306 2
366 306 2
366 306 3
366 306 3
366 306 3
366 306 3
366 306 3
366 306 3
488 408 2
488 408 2
488 408 2
488 408 2
488 408 3
610 510 2
610 510 2
610 510 2
610 510 2
610 510 2
610 510 3
610 510 3
732 612 2
732 612 2
732 612 3
732 612 3
732 612 3
732 612 3
732 612 3
854 714 2
854 714 2
854 714 2
854 714 2
854 714 3
1098 918 2
1098 918 2
1098 918 3
1098 918 3
