200 20 100048
10 150 224
10 69 221
10 108 238
10 96 164
10 109 232
10 144 169
10 64 159
10 110 171
10 124 189
10 127 200
10 116 217
10 50 192
10 123 250
10 103 195
10 64 225
10 75 215
10 68 162
10 70 189
10 124 204
10 109 207
394 354 32
434 394 30
868 788 35
1085 985 36
1182 1062 36
1302 1182 26
1519 1379 26
1736 1576 28
1736 1576 29
1970 1770 33
217 197 30
217 197 32
591 531 31
985 885 30
985 885 34
1085 985 28
1379 1239 27
1519 1379 35
1576 1416 28
1953 1773 33
434 394 34
651 591 32
985 885 31
1519 1379 29
1519 1379 30
1519 1379 36
1576 1416 32
1736 1576 26
1773 1593 31
1773 1593 34
394 354 31
591 531 36
651 591 28
868 788 33
868 788 35
985 885 33
1085 985 35
1182 1062 30
1736 1576 36
1953 1773 30
217 197 27
394 354 30
651 591 27
1085 985 36
1379 1239 30
1576 1416 30
1736 1576 31
1736 1576 31
1773 1593 34
1773 1593 36
434 394 32
591 531 34
1379 1239 30
1379 1239 35
1576 1416 31
1736 1576 27
1773 1593 33
1773 1593 34
1953 1773 31
2170 1970 32
217 197 30
434 394 29
434 394 32
788 708 26
788 708 32
868 788 32
985 885 29
1085 985 33
1519 1379 32
2170 1970 33
197 177 30
394 354 32
591 531 26
651 591 32
985 885 27
1085 985 36
1182 1062 34
1953 1773 31
1970 1770 34
2170 1970 35
197 177 35
217 197 27
394 354 35
651 591 36
1302 1182 36
1379 1239 34
1576 1416 32
1953 1773 34
1970 1770 35
2170 1970 29
217 197 32
217 197 35
434 394 26
434 394 34
434 394 34
651 591 30
985 885 33
1182 1062 34
1519 1379 32
1953 1773 26
197 177 28
394 354 27
394 354 30
394 354 33
591 531 30
868 788 32
1182 1062 35
1576 1416 30
2170 1970 27
2170 1970 29
217 197 33
394 354 28
394 354 29
591 531 29
985 885 27
1085 985 26
1085 985 29
1302 1182 33
1736 1576 31
2170 1970 27
434 394 27
591 531 27
788 708 35
868 788 26
868 788 27
1182 1062 35
1379 1239 34
1576 1416 29
1773 1593 26
2170 1970 28
394 354 34
1182 1062 36
1379 1239 28
1519 1379 27
1519 1379 31
1736 1576 29
1736 1576 34
1773 1593 26
1953 1773 31
2170 1970 34
197 177 36
394 354 29
591 531 26
651 591 29
788 708 28
788 708 31
788 708 35
1182 1062 30
1773 1593 28
1970 1770 36
591 531 34
591 531 36
1379 1239 28
1576 1416 27
1576 1416 35
1736 1576 28
1773 1593 33
1953 1773 30
1953 1773 31
1970 1770 26
434 394 27
591 531 36
651 591 31
985 885 36
1085 985 34
1085 985 35
1379 1239 32
1773 1593 32
1773 1593 32
2170 1970 30
217 197 26
217 197 28
591 531 30
651 591 30
985 885 28
1182 1062 31
1379 1239 26
1379 1239 36
1519 1379 36
2170 1970 36
217 197 30
217 197 33
217 197 34
434 394 34
1379 1239 33
1576 1416 33
1736 1576 27
1736 1576 36
1773 1593 30
1970 1770 27
788 708 26
868 788 30
1085 985 26
1182 1062 31
1379 1239 30
1576 1416 26
1576 1416 27
1773 1593 34
2170 1970 29
2170 1970 31
