500 20 45584
25 109 167
25 113 151
25 68 205
25 70 196
25 112 246
25 84 183
25 84 157
25 99 154
25 131 222
25 56 171
25 68 150
25 89 151
25 54 159
25 136 160
25 118 179
25 140 202
25 121 151
25 65 195
25 58 219
25 125 162
65 45 12
195 135 11
195 135 12
195 135 14
195 135 15
288 168 11
325 225 10
325 225 11
325 225 12
325 225 12
325 225 12
325 225 13
325 225 14
325 225 14
336 196 13
384 224 13
384 224 14
390 270 12
432 252 14
455 315 13
585 405 11
585 405 13
650 450 11
650 450 12
650 450 13
48 28 11
48 28 13
65 45 11
96 56 14
144 84 14
192 112 12
192 112 14
195 135 14
240 140 13
240 140 14
260 180 11
260 180 11
260 180 12
260 180 13
288 168 13
288 168 15
325 225 13
336 196 11
336 196 13
384 224 11
390 270 10
390 270 14
390 270 15
455 315 11
480 280 15
65 45 12
65 45 14
96 56 15
144 84 13
144 84 15
192 112 11
195 135 12
195 135 12
195 135 13
195 135 13
240 140 11
240 140 13
240 140 14
325 225 13
325 225 14
390 270 12
390 270 12
390 270 14
480 280 12
480 280 13
520 360 12
585 405 13
585 405 14
650 450 13
650 450 14
48 28 12
48 28 13
48 28 14
65 45 12
96 56 13
130 90 14
144 84 14
192 112 11
192 112 11
192 112 15
240 140 11
240 140 15
260 180 12
260 180 13
260 180 15
288 168 10
288 168 12
325 225 11
325 225 15
336 196 11
432 252 14
455 315 12
455 315 14
520 360 13
650 450 12
48 28 11
48 28 12
130 90 12
144 84 11
192 112 12
192 112 12
195 135 11
195 135 12
240 140 12
260 180 14
288 168 14
288 168 15
288 168 15
336 196 11
384 224 12
384 224 14
432 252 14
432 252 15
455 315 11
455 315 12
455 315 13
520 360 15
650 450 10
650 450 11
650 450 15
65 45 12
144 84 11
144 84 14
195 135 14
240 140 12
260 180 11
260 180 14
260 180 15
288 168 12
288 168 14
325 225 11
325 225 14
336 196 13
336 196 13
384 224 12
384 224 14
390 270 15
432 252 12
432 252 14
455 315 11
520 360 11
585 405 13
585 405 14
585 405 14
650 450 11
96 56 13
130 90 13
144 84 11
144 84 13
144 84 15
192 112 15
195 135 12
240 140 13
240 140 14
260 180 11
288 168 11
325 225 12
336 196 14
390 270 12
390 270 13
432 252 11
432 252 13
455 315 13
480 280 12
480 280 15
480 280 15
520 360 11
520 360 11
650 450 12
650 450 12
48 28 11
65 45 11
65 45 12
130 90 15
144 84 13
144 84 14
195 135 10
240 140 11
260 180 12
288 168 12
288 168 14
336 196 12
390 270 11
390 270 11
432 252 12
455 315 11
455 315 12
455 315 14
455 315 15
480 280 11
480 280 12
520 360 12
520 360 14
520 360 15
585 405 14
48 28 12
48 28 12
48 28 14
96 56 13
96 56 15
144 84 13
192 112 12
240 140 11
288 168 12
325 225 14
336 196 12
336 196 13
336 196 14
384 224 12
384 224 12
390 270 11
390 270 12
432 252 15
480 280 12
480 280 14
480 280 14
520 360 12
520 360 14
585 405 13
585 405 14
48 28 11
48 28 14
48 28 15
96 56 11
130 90 13
130 90 13
144 84 11
144 84 14
192 112 14
195 135 10
260 180 14
260 180 14
325 225 13
390 270 12
390 270 15
432 252 13
432 252 14
455 315 11
455 315 11
455 315 14
480 280 11
480 280 15
520 360 11
520 360 12
650 450 14
48 28 12
48 28 14
65 45 12
65 45 14
130 90 10
130 90 13
144 84 12
144 84 14
192 112 14
195 135 11
195 135 13
195 135 14
240 140 12
240 140 12
260 180 14
288 168 11
288 168 12
325 225 14
325 225 15
384 224 11
384 224 15
432 252 15
480 280 13
480 280 14
520 360 15
65 45 11
96 56 11
96 56 11
144 84 11
144 84 11
144 84 13
144 84 13
192 112 11
192 112 11
192 112 11
192 112 12
192 112 13
240 140 14
260 180 12
288 168 12
325 225 11
325 225 11
384 224 14
390 270 11
390 270 12
390 270 12
432 252 12
432 252 13
455 315 13
480 280 11
65 45 11
65 45 11
130 90 10
144 84 11
144 84 12
192 112 14
195 135 12
195 135 12
240 140 12
288 168 11
288 168 12
325 225 12
325 225 12
336 196 12
384 224 14
432 252 11
432 252 11
432 252 14
432 252 14
455 315 12
520 360 12
585 405 12
585 405 13
650 450 11
650 450 14
48 28 12
96 56 13
96 56 14
130 90 11
130 90 11
130 90 13
130 90 13
144 84 12
192 112 10
192 112 12
192 112 13
195 135 11
240 140 12
240 140 13
260 180 11
260 180 13
288 168 12
325 225 11
336 196 13
390 270 11
455 315 11
520 360 13
585 405 11
650 450 13
650 450 15
48 28 12
65 45 13
96 56 11
96 56 11
96 56 13
96 56 13
130 90 11
144 84 12
192 112 12
192 112 13
192 112 14
192 112 15
195 135 11
195 135 12
195 135 15
240 140 13
260 180 12
260 180 13
288 168 13
384 224 12
384 224 13
432 252 13
432 252 14
520 360 11
520 360 14
48 28 14
192 112 11
192 112 15
195 135 12
195 135 14
260 180 15
288 168 14
288 168 14
336 196 11
336 196 11
336 196 12
336 196 13
336 196 14
384 224 14
390 270 13
390 270 14
390 270 14
390 270 15
390 270 15
432 252 12
455 315 11
480 280 13
520 360 13
520 360 14
650 450 13
48 28 12
48 28 12
65 45 13
65 45 13
130 90 12
144 84 11
144 84 13
144 84 15
195 135 10
240 140 15
260 180 11
288 168 11
325 225 12
336 196 13
336 196 13
336 196 14
390 270 12
432 252 11
432 252 12
432 252 13
480 280 13
520 360 12
585 405 14
650 450 12
650 450 14
48 28 12
48 28 15
96 56 11
130 90 14
192 112 11
192 112 12
240 140 13
240 140 13
240 140 14
240 140 14
260 180 12
260 180 13
336 196 10
336 196 13
336 196 14
390 270 11
390 270 11
432 252 12
455 315 11
455 315 15
480 280 11
480 280 12
520 360 11
650 450 11
650 450 13
48 28 13
48 28 14
96 56 11
96 56 12
130 90 12
130 90 13
130 90 14
130 90 15
195 135 11
240 140 12
240 140 14
240 140 14
288 168 11
325 225 12
325 225 14
325 225 15
432 252 12
432 252 12
432 252 13
432 252 13
455 315 11
455 315 12
455 315 13
520 360 12
585 405 12
48 28 11
48 28 14
65 45 14
96 56 10
96 56 12
195 135 11
288 168 11
325 225 11
336 196 12
336 196 14
384 224 11
384 224 12
390 270 12
390 270 14
432 252 11
432 252 11
455 315 12
455 315 12
520 360 14
520 360 15
520 360 15
585 405 12
585 405 13
585 405 14
650 450 12
