1000 20 360228
50 132 180
50 52 223
50 137 189
50 69 235
50 62 249
50 131 160
50 90 164
50 150 216
50 103 153
50 59 162
50 59 218
50 84 174
50 124 151
50 81 238
50 55 166
50 66 150
50 132 165
50 112 199
50 125 188
50 118 224
128 130 5
128 130 6
128 130 6
128 130 7
138 140 6
256 260 5
256 260 6
256 260 7
276 280 6
276 280 6
276 280 7
276 280 7
384 390 5
414 420 6
512 520 5
512 520 5
512 520 5
552 560 5
552 560 6
552 560 7
552 560 7
640 650 5
640 650 6
690 700 5
690 700 6
828 840 5
828 840 5
828 840 7
896 910 5
896 910 5
966 980 5
966 980 5
1024 1040 5
1024 1040 6
1024 1040 7
1104 1120 5
1152 1170 5
1152 1170 5
1152 1170 5
1152 1170 6
1152 1170 6
1152 1170 7
1242 1260 5
1242 1260 5
1242 1260 6
1242 1260 6
1242 1260 6
1242 1260 7
1380 1400 6
1380 1400 6
128 130 6
128 130 6
128 130 7
138 140 6
138 140 6
256 260 6
256 260 6
276 280 6
276 280 6
276 280 6
384 390 5
384 390 6
414 420 5
414 420 6
512 520 6
512 520 7
552 560 5
552 560 5
552 560 6
640 650 5
640 650 5
690 700 5
690 700 6
690 700 6
768 780 6
828 840 5
828 840 6
828 840 6
828 840 7
896 910 5
966 980 6
966 980 6
966 980 7
1024 1040 5
1024 1040 5
1024 1040 6
1104 1120 5
1104 1120 6
1104 1120 6
1104 1120 7
1242 1260 5
1242 1260 6
1242 1260 6
1242 1260 6
1280 1300 5
1280 1300 6
1380 1400 5
1380 1400 5
1380 1400 6
1380 1400 7
128 130 5
128 130 5
128 130 7
138 140 6
138 140 6
256 260 6
256 260 6
256 260 6
276 280 5
276 280 6
276 280 7
384 390 6
414 420 5
414 420 6
512 520 5
512 520 5
512 520 6
552 560 5
552 560 6
552 560 7
640 650 5
640 650 6
640 650 6
690 700 5
690 700 6
690 700 6
768 780 6
768 780 7
828 840 6
828 840 7
896 910 6
896 910 7
966 980 5
966 980 6
966 980 7
1024 1040 6
1024 1040 6
1104 1120 5
1104 1120 6
1104 1120 6
1104 1120 6
1152 1170 5
1152 1170 7
1242 1260 6
1242 1260 6
1242 1260 7
1280 1300 6
1280 1300 6
1380 1400 6
1380 1400 6
128 130 5
138 140 5
138 140 5
256 260 6
256 260 7
276 280 5
276 280 5
276 280 6
384 390 5
384 390 6
414 420 5
414 420 6
414 420 6
512 520 6
512 520 6
512 520 7
512 520 7
552 560 5
552 560 6
640 650 5
640 650 5
640 650 6
640 650 6
690 700 5
690 700 5
690 700 6
768 780 5
768 780 6
768 780 7
828 840 6
828 840 6
828 840 7
896 910 6
896 910 6
896 910 6
896 910 7
966 980 5
966 980 6
1024 1040 6
1024 1040 7
1104 1120 7
1104 1120 7
1152 1170 5
1152 1170 6
1242 1260 5
1242 1260 6
1280 1300 5
1280 1300 5
1380 1400 6
1380 1400 6
128 130 5
128 130 5
128 130 5
128 130 6
128 130 6
128 130 6
128 130 6
128 130 6
128 130 6
138 140 6
256 260 6
276 280 7
276 280 7
384 390 5
384 390 6
414 420 5
414 420 5
414 420 6
414 420 7
414 420 7
512 520 5
512 520 5
552 560 5
552 560 5
552 560 5
552 560 6
640 650 5
640 650 5
640 650 6
640 650 7
690 700 6
690 700 7
768 780 6
828 840 6
828 840 6
828 840 7
896 910 6
896 910 6
896 910 7
896 910 7
966 980 5
1024 1040 5
1024 1040 6
1104 1120 6
1152 1170 6
1152 1170 6
1280 1300 6
1280 1300 6
1380 1400 6
1380 1400 6
128 130 5
128 130 7
256 260 5
256 260 7
276 280 5
276 280 5
276 280 6
276 280 6
276 280 7
276 280 7
384 390 5
384 390 5
384 390 5
384 390 6
384 390 7
414 420 6
414 420 7
512 520 6
552 560 5
552 560 6
552 560 6
552 560 7
640 650 6
690 700 6
768 780 5
768 780 5
768 780 6
828 840 6
896 910 5
896 910 6
966 980 6
966 980 6
966 980 6
1024 1040 5
1024 1040 6
1024 1040 6
1024 1040 6
1024 1040 6
1104 1120 6
1104 1120 6
1152 1170 6
1152 1170 7
1242 1260 5
1242 1260 5
1242 1260 6
1242 1260 6
1280 1300 5
1280 1300 6
1280 1300 7
1380 1400 6
128 130 5
138 140 5
138 140 6
256 260 5
256 260 5
256 260 7
276 280 5
276 280 5
276 280 6
384 390 5
384 390 6
512 520 5
512 520 6
552 560 5
552 560 6
552 560 7
640 650 6
640 650 6
640 650 6
690 700 6
690 700 7
768 780 5
828 840 5
828 840 5
828 840 6
828 840 7
896 910 5
896 910 6
896 910 6
966 980 5
1024 1040 5
1024 1040 6
1024 1040 6
1024 1040 6
1024 1040 6
1024 1040 7
1104 1120 5
1104 1120 5
1104 1120 6
1152 1170 6
1152 1170 7
1152 1170 7
1242 1260 5
1242 1260 6
1280 1300 5
1280 1300 6
1280 1300 6
1280 1300 6
1380 1400 6
1380 1400 6
128 130 5
128 130 6
128 130 7
138 140 5
138 140 5
256 260 5
256 260 6
256 260 7
256 260 7
276 280 5
384 390 5
384 390 6
384 390 6
414 420 5
414 420 6
414 420 6
512 520 7
552 560 5
552 560 5
552 560 6
552 560 6
552 560 7
640 650 5
640 650 5
640 650 6
690 700 5
690 700 6
690 700 7
768 780 5
768 780 5
828 840 5
828 840 5
828 840 6
828 840 6
896 910 5
896 910 7
966 980 5
966 980 7
1024 1040 5
1104 1120 5
1104 1120 5
1104 1120 6
1104 1120 6
1152 1170 5
1152 1170 5
1152 1170 6
1152 1170 6
1242 1260 5
1380 1400 5
1380 1400 6
128 130 6
128 130 6
128 130 6
138 140 5
138 140 6
138 140 6
256 260 5
256 260 6
256 260 6
276 280 6
276 280 6
384 390 5
384 390 6
384 390 6
414 420 5
414 420 5
414 420 6
414 420 7
552 560 5
552 560 6
552 560 6
552 560 7
640 650 5
640 650 7
690 700 5
690 700 6
768 780 6
768 780 7
828 840 5
896 910 5
896 910 5
896 910 6
966 980 5
1024 1040 5
1024 1040 6
1024 1040 6
1104 1120 5
1104 1120 7
1152 1170 5
1152 1170 6
1152 1170 6
1152 1170 7
1242 1260 5
1242 1260 6
1280 1300 5
1280 1300 5
1280 1300 6
1380 1400 5
1380 1400 5
1380 1400 7
128 130 5
138 140 6
256 260 5
256 260 6
276 280 5
276 280 6
276 280 7
384 390 6
384 390 6
414 420 5
414 420 6
414 420 6
414 420 7
512 520 6
512 520 6
512 520 6
552 560 5
640 650 5
640 650 6
640 650 7
690 700 5
690 700 6
690 700 6
768 780 5
768 780 6
828 840 5
828 840 6
828 840 6
828 840 6
896 910 5
896 910 6
896 910 7
966 980 5
966 980 5
1024 1040 5
1024 1040 6
1024 1040 7
1104 1120 6
1104 1120 6
1152 1170 6
1152 1170 7
1242 1260 5
1242 1260 6
1280 1300 6
1380 1400 5
1380 1400 5
1380 1400 5
1380 1400 6
1380 1400 7
1380 1400 7
128 130 5
138 140 6
138 140 6
138 140 6
256 260 6
256 260 6
256 260 6
256 260 7
276 280 7
384 390 7
414 420 6
512 520 5
552 560 5
552 560 5
640 650 6
690 700 5
690 700 6
690 700 6
690 700 6
690 700 6
768 780 6
768 780 7
828 840 6
828 840 6
896 910 6
896 910 7
966 980 5
966 980 6
966 980 6
1024 1040 5
1024 1040 5
1104 1120 5
1104 1120 5
1104 1120 5
1104 1120 6
1152 1170 5
1152 1170 6
1242 1260 5
1242 1260 5
1242 1260 6
1242 1260 6
1242 1260 6
1242 1260 7
1280 1300 5
1280 1300 6
1280 1300 7
1380 1400 5
1380 1400 5
1380 1400 5
1380 1400 6
128 130 6
128 130 6
138 140 5
138 140 6
138 140 6
256 260 6
256 260 6
256 260 6
384 390 5
384 390 7
414 420 5
414 420 5
414 420 5
414 420 5
414 420 6
512 520 6
512 520 6
512 520 6
552 560 6
640 650 6
690 700 6
768 780 5
768 780 6
828 840 5
828 840 5
828 840 6
828 840 6
966 980 5
966 980 5
966 980 7
1024 1040 6
1024 1040 7
1104 1120 6
1104 1120 6
1104 1120 6
1152 1170 5
1152 1170 6
1152 1170 6
1242 1260 6
1242 1260 6
1242 1260 6
1242 1260 7
1280 1300 5
1280 1300 6
1280 1300 6
1280 1300 6
1380 1400 5
1380 1400 5
1380 1400 6
1380 1400 7
128 130 7
138 140 5
138 140 5
138 140 6
256 260 5
256 260 6
276 280 6
276 280 6
276 280 6
276 280 7
276 280 7
384 390 6
512 520 5
552 560 5
552 560 5
640 650 6
640 650 7
640 650 7
690 700 6
768 780 5
768 780 6
768 780 7
828 840 5
828 840 6
828 840 6
896 910 7
966 980 5
966 980 6
966 980 7
1024 1040 5
1024 1040 5
1024 1040 6
1024 1040 6
1024 1040 6
1024 1040 6
1024 1040 6
1152 1170 5
1152 1170 6
1152 1170 6
1152 1170 6
1242 1260 6
1242 1260 6
1242 1260 7
1242 1260 7
1280 1300 5
1280 1300 6
1280 1300 6
1280 1300 6
1280 1300 6
1380 1400 6
128 130 5
128 130 5
138 140 6
138 140 6
138 140 6
138 140 7
256 260 6
256 260 6
276 280 5
276 280 5
276 280 5
276 280 6
384 390 5
414 420 7
512 520 5
512 520 6
512 520 7
552 560 5
640 650 5
640 650 6
640 650 6
640 650 7
690 700 5
768 780 5
768 780 5
768 780 6
768 780 6
828 840 5
828 840 5
828 840 6
896 910 5
896 910 5
896 910 5
896 910 5
896 910 6
966 980 5
966 980 5
966 980 5
966 980 6
966 980 7
966 980 7
1024 1040 6
1024 1040 6
1104 1120 6
1104 1120 6
1242 1260 5
1242 1260 6
1280 1300 5
1280 1300 6
1380 1400 5
128 130 5
138 140 6
138 140 7
256 260 6
276 280 5
276 280 6
276 280 6
276 280 7
384 390 6
384 390 7
414 420 6
414 420 6
414 420 7
512 520 5
512 520 5
512 520 5
512 520 6
552 560 5
640 650 5
640 650 5
640 650 5
640 650 7
690 700 5
690 700 5
768 780 6
828 840 6
896 910 5
896 910 6
896 910 6
896 910 7
966 980 6
966 980 6
1024 1040 5
1024 1040 6
1024 1040 6
1104 1120 5
1104 1120 5
1104 1120 7
1152 1170 7
1242 1260 7
1242 1260 7
1280 1300 5
1280 1300 6
1280 1300 6
1280 1300 6
1280 1300 6
1280 1300 7
1380 1400 6
1380 1400 6
1380 1400 6
128 130 7
128 130 7
128 130 7
138 140 5
138 140 7
256 260 5
256 260 5
256 260 7
276 280 6
384 390 5
384 390 6
384 390 6
384 390 6
414 420 5
414 420 6
414 420 6
414 420 7
512 520 5
512 520 5
512 520 5
512 520 5
552 560 5
552 560 6
552 560 6
768 780 6
768 780 7
896 910 7
896 910 7
966 980 5
966 980 6
966 980 7
1024 1040 5
1024 1040 6
1152 1170 6
1152 1170 6
1152 1170 6
1152 1170 6
1152 1170 6
1242 1260 5
1242 1260 5
1242 1260 5
1242 1260 6
1280 1300 5
1280 1300 5
1280 1300 5
1280 1300 6
1280 1300 7
1380 1400 5
1380 1400 6
1380 1400 6
128 130 6
128 130 7
128 130 7
128 130 7
138 140 6
138 140 6
138 140 6
256 260 5
256 260 6
256 260 6
256 260 7
276 280 5
276 280 6
276 280 6
384 390 5
384 390 5
384 390 6
384 390 6
384 390 6
414 420 6
552 560 6
552 560 7
640 650 5
640 650 6
640 650 6
690 700 5
690 700 6
690 700 6
690 700 6
690 700 6
768 780 5
768 780 6
768 780 7
896 910 6
896 910 7
1024 1040 6
1024 1040 7
1104 1120 5
1152 1170 5
1152 1170 6
1152 1170 7
1242 1260 6
1242 1260 6
1242 1260 7
1242 1260 7
1280 1300 5
1280 1300 6
1280 1300 7
1380 1400 5
1380 1400 6
128 130 5
128 130 6
138 140 5
138 140 6
138 140 6
256 260 7
276 280 5
384 390 6
512 520 5
512 520 5
512 520 5
512 520 5
512 520 6
512 520 6
640 650 5
640 650 6
640 650 6
690 700 5
690 700 6
690 700 6
690 700 6
690 700 7
690 700 7
690 700 7
768 780 5
768 780 5
768 780 6
768 780 6
828 840 5
828 840 6
828 840 6
896 910 5
896 910 5
1024 1040 5
1024 1040 5
1104 1120 5
1104 1120 6
1104 1120 6
1104 1120 6
1104 1120 7
1242 1260 5
1242 1260 6
1242 1260 7
1280 1300 5
1280 1300 5
1280 1300 6
1280 1300 6
1280 1300 7
1280 1300 7
1380 1400 6
138 140 5
138 140 6
138 140 6
138 140 7
138 140 7
256 260 6
256 260 7
276 280 5
276 280 6
276 280 6
384 390 6
384 390 6
414 420 5
512 520 6
512 520 6
552 560 5
552 560 5
552 560 5
552 560 5
552 560 5
552 560 6
552 560 7
640 650 5
640 650 7
768 780 6
828 840 5
828 840 5
828 840 6
828 840 6
828 840 6
896 910 6
966 980 5
966 980 5
966 980 6
966 980 6
1104 1120 5
1104 1120 5
1104 1120 5
1104 1120 5
1104 1120 6
1152 1170 6
1152 1170 6
1242 1260 5
1242 1260 6
1242 1260 6
1242 1260 6
1280 1300 6
1280 1300 6
1380 1400 6
1380 1400 6
128 130 5
128 130 6
128 130 7
138 140 5
256 260 5
256 260 5
256 260 6
256 260 6
256 260 7
276 280 5
384 390 5
384 390 6
414 420 5
512 520 5
552 560 5
552 560 6
552 560 6
552 560 7
690 700 5
690 700 5
690 700 5
690 700 5
690 700 5
690 700 5
690 700 6
768 780 5
828 840 6
828 840 6
896 910 6
896 910 6
896 910 7
966 980 5
966 980 5
966 980 6
1024 1040 6
1024 1040 6
1104 1120 6
1104 1120 6
1104 1120 6
1104 1120 6
1104 1120 7
1152 1170 5
1152 1170 5
1152 1170 6
1152 1170 6
1280 1300 5
1280 1300 6
1280 1300 6
1380 1400 6
1380 1400 7
