1000 20 3007714
50 67 164
50 105 169
50 52 247
50 128 195
50 58 237
50 108 150
50 86 222
50 114 161
50 144 208
50 107 189
50 85 232
50 138 237
50 117 156
50 141 218
50 62 179
50 89 229
50 85 236
50 59 163
50 106 226
50 145 167
953 753 6
953 753 6
953 753 7
1845 1645 5
1845 1645 6
1906 1506 6
1906 1506 7
2859 2259 5
2859 2259 5
2859 2259 6
2859 2259 6
3690 3290 5
3690 3290 6
3690 3290 6
3690 3290 7
3690 3290 7
3812 3012 5
3812 3012 5
3812 3012 6
3812 3012 7
4765 3765 6
4765 3765 7
5535 4935 6
5535 4935 6
5535 4935 7
5718 4518 6
6671 5271 5
6671 5271 5
6671 5271 6
6671 5271 6
6671 5271 7
7380 6580 5
7380 6580 6
7380 6580 7
7624 6024 6
7624 6024 7
8577 6777 6
8577 6777 7
9225 8225 6
9225 8225 7
9530 7530 5
9530 7530 6
9530 7530 7
11070 9870 5
12915 11515 6
14760 13160 6
16605 14805 6
18450 16450 5
18450 16450 6
18450 16450 7
953 753 5
953 753 6
953 753 6
953 753 7
953 753 7
953 753 7
1845 1645 6
1845 1645 6
1906 1506 6
1906 1506 6
1906 1506 7
2859 2259 6
2859 2259 6
3690 3290 5
3690 3290 7
3812 3012 5
3812 3012 5
3812 3012 7
4765 3765 5
4765 3765 6
4765 3765 7
4765 3765 7
5535 4935 6
5535 4935 6
5535 4935 6
5535 4935 7
5718 4518 5
5718 4518 5
5718 4518 6
6671 5271 6
7380 6580 6
7380 6580 6
7380 6580 6
7380 6580 7
7380 6580 7
7380 6580 7
7624 6024 6
8577 6777 6
8577 6777 7
8577 6777 7
9225 8225 6
9530 7530 5
9530 7530 6
11070 9870 6
12915 11515 6
12915 11515 7
12915 11515 7
16605 14805 5
16605 14805 7
18450 16450 6
953 753 6
953 753 7
1906 1506 6
1906 1506 6
2859 2259 5
2859 2259 7
2859 2259 7
3690 3290 6
3812 3012 6
3812 3012 6
3812 3012 7
3812 3012 7
4765 3765 5
4765 3765 6
4765 3765 6
4765 3765 7
5535 4935 6
5535 4935 6
5535 4935 7
5535 4935 7
5535 4935 7
5718 4518 5
5718 4518 6
5718 4518 6
5718 4518 6
5718 4518 7
6671 5271 5
6671 5271 7
7380 6580 6
7624 6024 6
7624 6024 6
8577 6777 6
8577 6777 6
9225 8225 6
9530 7530 7
11070 9870 5
11070 9870 6
11070 9870 7
12915 11515 5
12915 11515 5
12915 11515 6
12915 11515 6
12915 11515 7
14760 13160 5
16605 14805 6
16605 14805 7
16605 14805 7
18450 16450 6
18450 16450 6
18450 16450 6
953 753 5
953 753 6
953 753 6
953 753 7
1845 1645 5
1845 1645 6
1845 1645 6
2859 2259 6
2859 2259 6
2859 2259 7
3690 3290 5
3690 3290 5
3690 3290 6
3690 3290 7
3690 3290 7
3812 3012 6
3812 3012 7
4765 3765 6
4765 3765 6
4765 3765 7
5718 4518 6
6671 5271 7
6671 5271 7
6671 5271 7
7380 6580 7
7624 6024 5
7624 6024 6
7624 6024 6
7624 6024 7
8577 6777 6
8577 6777 6
8577 6777 6
8577 6777 7
8577 6777 7
9225 8225 5
9225 8225 6
9225 8225 6
9225 8225 6
9530 7530 5
9530 7530 6
9530 7530 6
9530 7530 7
12915 11515 6
14760 13160 5
14760 13160 7
14760 13160 7
16605 14805 6
16605 14805 7
18450 16450 5
18450 16450 6
1906 1506 5
1906 1506 5
1906 1506 6
1906 1506 6
1906 1506 6
1906 1506 7
1906 1506 7
2859 2259 6
2859 2259 7
3690 3290 6
3812 3012 5
3812 3012 7
4765 3765 7
5535 4935 5
5535 4935 6
5535 4935 7
5718 4518 5
6671 5271 5
6671 5271 6
6671 5271 6
7380 6580 5
7380 6580 7
7624 6024 6
8577 6777 5
9225 8225 5
9225 8225 6
9530 7530 5
9530 7530 5
9530 7530 7
11070 9870 5
11070 9870 6
11070 9870 6
11070 9870 6
11070 9870 6
11070 9870 7
11070 9870 7
12915 11515 6
12915 11515 7
14760 13160 5
14760 13160 5
14760 13160 6
16605 14805 5
16605 14805 5
16605 14805 5
16605 14805 6
16605 14805 6
16605 14805 7
16605 14805 7
18450 16450 6
18450 16450 6
953 753 6
1845 1645 6
1906 1506 7
2859 2259 5
2859 2259 6
2859 2259 6
3690 3290 5
3690 3290 6
3812 3012 6
3812 3012 7
4765 3765 5
4765 3765 5
4765 3765 6
4765 3765 7
4765 3765 7
5535 4935 6
5535 4935 7
5718 4518 5
6671 5271 5
6671 5271 6
6671 5271 6
6671 5271 6
7380 6580 5
7380 6580 6
7380 6580 7
7380 6580 7
8577 6777 6
8577 6777 7
9225 8225 6
9225 8225 6
9225 8225 6
9225 8225 7
9530 7530 6
9530 7530 6
9530 7530 7
9530 7530 7
9530 7530 7
11070 9870 6
11070 9870 7
11070 9870 7
12915 11515 5
12915 11515 6
12915 11515 6
14760 13160 6
14760 13160 6
18450 16450 6
18450 16450 6
18450 16450 7
18450 16450 7
18450 16450 7
953 753 6
953 753 7
953 753 7
1845 1645 5
2859 2259 5
2859 2259 6
2859 2259 6
2859 2259 6
2859 2259 7
2859 2259 7
3690 3290 6
3690 3290 7
3812 3012 5
3812 3012 6
3812 3012 6
3812 3012 6
3812 3012 6
4765 3765 7
5535 4935 5
5535 4935 5
5535 4935 5
5535 4935 5
5535 4935 6
5535 4935 7
5535 4935 7
5718 4518 5
5718 4518 6
5718 4518 7
6671 5271 6
6671 5271 7
7380 6580 7
7380 6580 7
7624 6024 6
8577 6777 6
8577 6777 7
8577 6777 7
9225 8225 5
9530 7530 6
9530 7530 6
9530 7530 6
9530 7530 7
11070 9870 6
11070 9870 7
12915 11515 7
14760 13160 6
16605 14805 5
16605 14805 6
16605 14805 7
16605 14805 7
18450 16450 6
953 753 5
953 753 7
1845 1645 5
1845 1645 6
1906 1506 5
1906 1506 6
1906 1506 7
1906 1506 7
2859 2259 7
2859 2259 7
2859 2259 7
2859 2259 7
3690 3290 5
3690 3290 6
3690 3290 6
3812 3012 5
3812 3012 5
3812 3012 5
3812 3012 7
4765 3765 6
5535 4935 6
5535 4935 7
5718 4518 5
5718 4518 6
5718 4518 6
5718 4518 7
5718 4518 7
5718 4518 7
6671 5271 6
6671 5271 6
6671 5271 6
7380 6580 5
7380 6580 5
7624 6024 5
7624 6024 7
8577 6777 5
8577 6777 6
8577 6777 6
8577 6777 7
9225 8225 7
9530 7530 7
9530 7530 7
11070 9870 6
12915 11515 6
12915 11515 6
12915 11515 7
14760 13160 7
16605 14805 6
16605 14805 6
18450 16450 7
953 753 6
1845 1645 5
1845 1645 6
1906 1506 7
2859 2259 6
2859 2259 6
2859 2259 7
3690 3290 6
3690 3290 6
3690 3290 6
3690 3290 7
3812 3012 6
4765 3765 6
4765 3765 7
4765 3765 7
5535 4935 6
5535 4935 6
5535 4935 6
5718 4518 6
6671 5271 5
6671 5271 5
6671 5271 6
7380 6580 7
7380 6580 7
7624 6024 6
8577 6777 5
8577 6777 6
8577 6777 6
8577 6777 6
9225 8225 5
9225 8225 5
9225 8225 7
9530 7530 5
9530 7530 6
9530 7530 7
9530 7530 7
11070 9870 5
11070 9870 6
11070 9870 6
11070 9870 6
11070 9870 7
12915 11515 6
12915 11515 7
12915 11515 7
16605 14805 5
16605 14805 6
16605 14805 7
16605 14805 7
18450 16450 6
18450 16450 7
953 753 5
953 753 5
953 753 6
953 753 6
1845 1645 6
1845 1645 7
2859 2259 7
3690 3290 6
3690 3290 7
3812 3012 5
3812 3012 6
4765 3765 5
4765 3765 7
5535 4935 6
5535 4935 6
5535 4935 6
5718 4518 5
5718 4518 6
5718 4518 6
5718 4518 7
6671 5271 6
6671 5271 7
7380 6580 5
7624 6024 6
7624 6024 6
7624 6024 6
7624 6024 7
8577 6777 5
8577 6777 6
8577 6777 6
8577 6777 6
8577 6777 6
8577 6777 7
9225 8225 6
9225 8225 6
9225 8225 7
9530 7530 7
11070 9870 6
11070 9870 6
11070 9870 6
12915 11515 5
12915 11515 7
14760 13160 7
14760 13160 7
16605 14805 6
16605 14805 6
18450 16450 5
18450 16450 6
18450 16450 6
18450 16450 6
953 753 7
953 753 7
1845 1645 6
1845 1645 6
1845 1645 7
1906 1506 6
1906 1506 6
1906 1506 7
2859 2259 6
2859 2259 7
2859 2259 7
3690 3290 5
3690 3290 6
3690 3290 6
3690 3290 7
3690 3290 7
3690 3290 7
3812 3012 6
4765 3765 5
4765 3765 6
5535 4935 7
5718 4518 5
5718 4518 5
6671 5271 5
6671 5271 7
6671 5271 7
7380 6580 5
7380 6580 6
7624 6024 6
7624 6024 7
8577 6777 6
8577 6777 6
9225 8225 6
9225 8225 7
9530 7530 6
9530 7530 6
11070 9870 5
11070 9870 6
11070 9870 6
12915 11515 6
12915 11515 7
14760 13160 5
14760 13160 5
14760 13160 7
16605 14805 5
16605 14805 6
16605 14805 6
16605 14805 6
18450 16450 5
18450 16450 6
953 753 5
953 753 6
953 753 6
953 753 7
953 753 7
953 753 7
1906 1506 5
1906 1506 6
2859 2259 5
2859 2259 7
3690 3290 6
3690 3290 7
3690 3290 7
3812 3012 7
3812 3012 7
4765 3765 5
4765 3765 7
4765 3765 7
5718 4518 6
5718 4518 7
7380 6580 5
7380 6580 5
7380 6580 6
7380 6580 6
7380 6580 7
7624 6024 5
7624 6024 6
7624 6024 7
8577 6777 5
8577 6777 5
8577 6777 6
8577 6777 7
8577 6777 7
9225 8225 6
9225 8225 6
9530 7530 7
11070 9870 6
11070 9870 6
12915 11515 6
12915 11515 7
12915 11515 7
12915 11515 7
14760 13160 5
14760 13160 5
14760 13160 6
16605 14805 5
16605 14805 7
16605 14805 7
16605 14805 7
18450 16450 5
953 753 6
1845 1645 5
1845 1645 5
1845 1645 6
1845 1645 7
1906 1506 5
1906 1506 6
1906 1506 6
2859 2259 5
2859 2259 5
2859 2259 6
2859 2259 7
3690 3290 6
3690 3290 6
3812 3012 6
3812 3012 6
3812 3012 6
3812 3012 7
3812 3012 7
4765 3765 5
4765 3765 6
5718 4518 5
5718 4518 7
6671 5271 6
6671 5271 7
6671 5271 7
7380 6580 5
7380 6580 6
7380 6580 6
7380 6580 6
7624 6024 6
7624 6024 6
8577 6777 6
8577 6777 6
9225 8225 5
9225 8225 5
9225 8225 6
9225 8225 6
9225 8225 6
9530 7530 6
11070 9870 5
11070 9870 5
11070 9870 7
12915 11515 6
12915 11515 7
12915 11515 7
12915 11515 7
16605 14805 6
18450 16450 5
18450 16450 7
953 753 5
953 753 7
1845 1645 6
1845 1645 6
1906 1506 6
1906 1506 6
1906 1506 6
1906 1506 7
2859 2259 6
2859 2259 7
3690 3290 5
3690 3290 7
3812 3012 6
3812 3012 6
4765 3765 5
4765 3765 6
5535 4935 6
5535 4935 6
5535 4935 7
5718 4518 5
5718 4518 7
5718 4518 7
6671 5271 6
6671 5271 6
7380 6580 5
7380 6580 5
7380 6580 6
7380 6580 6
7380 6580 7
7624 6024 7
8577 6777 5
8577 6777 5
8577 6777 5
8577 6777 6
8577 6777 7
9225 8225 6
9225 8225 6
9530 7530 5
9530 7530 6
11070 9870 5
11070 9870 6
11070 9870 6
12915 11515 6
12915 11515 7
14760 13160 6
14760 13160 7
14760 13160 7
18450 16450 6
18450 16450 6
18450 16450 6
953 753 5
953 753 7
953 753 7
1845 1645 5
1845 1645 6
1845 1645 6
1845 1645 7
1906 1506 6
1906 1506 6
2859 2259 5
2859 2259 6
2859 2259 6
3690 3290 6
3690 3290 6
4765 3765 5
4765 3765 7
4765 3765 7
5535 4935 5
5535 4935 6
5718 4518 7
5718 4518 7
6671 5271 6
6671 5271 6
6671 5271 7
7380 6580 6
7380 6580 6
7380 6580 6
7380 6580 6
7380 6580 7
8577 6777 6
8577 6777 7
9225 8225 5
9225 8225 7
9225 8225 7
9530 7530 5
9530 7530 6
11070 9870 5
11070 9870 5
11070 9870 6
11070 9870 7
12915 11515 6
12915 11515 7
14760 13160 5
14760 13160 6
14760 13160 6
16605 14805 6
18450 16450 5
18450 16450 6
18450 16450 6
18450 16450 6
953 753 5
953 753 6
953 753 6
1845 1645 5
1845 1645 6
1845 1645 6
1845 1645 6
2859 2259 5
2859 2259 6
3690 3290 7
3690 3290 7
3812 3012 5
3812 3012 6
3812 3012 6
3812 3012 7
4765 3765 5
4765 3765 6
4765 3765 6
4765 3765 7
4765 3765 7
5535 4935 6
5718 4518 6
5718 4518 6
5718 4518 6
7380 6580 5
7380 6580 6
7380 6580 7
7624 6024 7
9530 7530 5
11070 9870 7
12915 11515 6
12915 11515 6
12915 11515 6
12915 11515 6
12915 11515 6
12915 11515 6
12915 11515 7
12915 11515 7
12915 11515 7
12915 11515 7
14760 13160 5
14760 13160 5
14760 13160 5
14760 13160 6
16605 14805 6
16605 14805 6
18450 16450 6
18450 16450 6
18450 16450 7
18450 16450 7
953 753 6
953 753 6
953 753 7
953 753 7
1845 1645 7
1906 1506 6
1906 1506 6
2859 2259 6
2859 2259 6
2859 2259 6
2859 2259 6
3690 3290 6
3690 3290 6
3690 3290 7
3690 3290 7
3690 3290 7
3812 3012 6
3812 3012 7
4765 3765 6
5535 4935 6
5535 4935 6
5535 4935 6
5535 4935 7
6671 5271 7
6671 5271 7
7380 6580 5
7380 6580 6
7380 6580 6
7624 6024 6
7624 6024 6
7624 6024 6
7624 6024 7
8577 6777 6
8577 6777 6
9225 8225 5
9530 7530 5
9530 7530 5
11070 9870 6
11070 9870 6
12915 11515 6
12915 11515 6
12915 11515 6
12915 11515 7
12915 11515 7
16605 14805 6
16605 14805 6
16605 14805 6
16605 14805 7
18450 16450 6
18450 16450 7
953 753 6
1845 1645 6
1845 1645 7
1906 1506 5
1906 1506 7
1906 1506 7
1906 1506 7
2859 2259 5
2859 2259 6
3812 3012 5
3812 3012 5
3812 3012 6
3812 3012 6
3812 3012 6
3812 3012 6
5718 4518 7
6671 5271 7
6671 5271 7
6671 5271 7
7380 6580 6
7380 6580 7
7624 6024 5
7624 6024 5
7624 6024 6
7624 6024 6
8577 6777 5
8577 6777 5
9225 8225 5
9225 8225 7
9530 7530 5
9530 7530 5
9530 7530 6
9530 7530 6
11070 9870 6
11070 9870 6
12915 11515 5
12915 11515 6
12915 11515 6
12915 11515 7
14760 13160 5
14760 13160 6
16605 14805 5
16605 14805 6
16605 14805 7
16605 14805 7
16605 14805 7
16605 14805 7
18450 16450 5
18450 16450 6
18450 16450 7
953 753 6
953 753 6
1845 1645 5
1845 1645 6
1845 1645 6
1845 1645 7
1906 1506 5
1906 1506 5
1906 1506 7
1906 1506 7
2859 2259 5
2859 2259 6
2859 2259 7
3690 3290 6
3690 3290 7
3812 3012 5
3812 3012 5
3812 3012 6
5535 4935 6
5535 4935 7
5718 4518 6
5718 4518 7
5718 4518 7
6671 5271 5
6671 5271 6
7380 6580 5
7380 6580 7
7624 6024 6
7624 6024 6
8577 6777 6
8577 6777 6
8577 6777 6
8577 6777 7
9225 8225 7
9225 8225 7
9530 7530 6
9530 7530 7
9530 7530 7
11070 9870 5
11070 9870 6
12915 11515 6
12915 11515 7
12915 11515 7
16605 14805 6
16605 14805 6
16605 14805 6
16605 14805 6
16605 14805 7
18450 16450 6
18450 16450 7
953 753 5
953 753 5
953 753 6
1906 1506 7
2859 2259 5
2859 2259 6
2859 2259 6
3690 3290 7
3690 3290 7
3690 3290 7
3812 3012 6
3812 3012 6
3812 3012 6
4765 3765 5
4765 3765 6
5535 4935 6
5535 4935 6
5535 4935 6
5718 4518 5
5718 4518 5
5718 4518 6
5718 4518 7
5718 4518 7
6671 5271 5
6671 5271 6
6671 5271 6
6671 5271 7
7380 6580 5
7380 6580 5
7624 6024 7
7624 6024 7
8577 6777 6
8577 6777 6
8577 6777 7
9225 8225 5
9530 7530 7
11070 9870 6
11070 9870 6
11070 9870 6
11070 9870 7
12915 11515 5
12915 11515 6
12915 11515 6
14760 13160 5
14760 13160 7
16605 14805 5
16605 14805 6
18450 16450 6
18450 16450 7
18450 16450 7
