200 20 995149
10 116 193
10 81 157
10 55 213
10 146 173
10 143 231
10 64 204
10 98 244
10 64 179
10 81 178
10 50 218
10 53 166
10 113 162
10 55 231
10 138 164
10 108 184
10 145 192
10 53 174
10 80 195
10 94 228
10 55 241
1693 1674 25
5394 5481 32
5394 5481 32
7192 7308 32
12586 12789 25
15237 15066 24
15237 15066 32
16182 16443 27
16182 16443 28
17980 18270 27
1693 1674 24
1693 1674 25
1693 1674 31
5394 5481 28
8990 9135 27
10158 10044 32
12586 12789 24
12586 12789 28
12586 12789 31
13544 13392 27
1693 1674 32
5079 5022 24
5079 5022 28
5079 5022 32
6772 6696 32
8465 8370 27
10158 10044 24
11851 11718 32
12586 12789 26
15237 15066 32
1693 1674 29
5394 5481 29
6772 6696 32
8465 8370 24
8990 9135 27
8990 9135 29
8990 9135 31
12586 12789 27
13544 13392 28
14384 14616 29
1693 1674 30
3386 3348 26
5079 5022 24
6772 6696 28
6772 6696 30
8465 8370 32
8465 8370 32
11851 11718 29
14384 14616 29
16930 16740 27
6772 6696 31
6772 6696 32
8465 8370 28
10788 10962 27
11851 11718 26
11851 11718 31
12586 12789 30
15237 15066 27
16930 16740 27
17980 18270 24
1693 1674 29
1798 1827 30
3596 3654 28
5394 5481 25
6772 6696 24
12586 12789 30
13544 13392 33
16182 16443 28
17980 18270 26
17980 18270 31
3386 3348 29
7192 7308 33
8465 8370 33
8990 9135 25
10158 10044 29
11851 11718 27
12586 12789 32
16182 16443 26
16182 16443 31
17980 18270 32
1798 1827 25
5079 5022 28
6772 6696 29
8465 8370 26
8990 9135 32
10158 10044 30
10158 10044 30
10788 10962 25
15237 15066 24
15237 15066 30
1693 1674 24
5394 5481 28
5394 5481 31
8990 9135 25
10158 10044 24
10158 10044 31
11851 11718 32
12586 12789 33
16182 16443 29
16930 16740 25
3596 3654 32
3596 3654 33
6772 6696 30
6772 6696 32
10158 10044 30
10158 10044 31
11851 11718 24
12586 12789 24
15237 15066 27
15237 15066 29
3386 3348 25
5079 5022 24
5394 5481 28
5394 5481 31
6772 6696 25
7192 7308 32
10158 10044 24
10158 10044 32
14384 14616 31
17980 18270 24
1693 1674 30
1798 1827 24
7192 7308 31
10788 10962 29
10788 10962 30
13544 13392 27
14384 14616 27
14384 14616 33
15237 15066 24
17980 18270 27
1693 1674 28
1693 1674 33
1798 1827 27
6772 6696 32
7192 7308 25
8465 8370 26
10158 10044 27
10788 10962 29
13544 13392 31
16182 16443 25
5079 5022 27
6772 6696 25
6772 6696 29
8465 8370 31
8990 9135 31
10158 10044 30
11851 11718 24
12586 12789 27
14384 14616 27
16930 16740 29
1693 1674 26
1693 1674 28
1798 1827 25
5079 5022 24
8465 8370 28
8465 8370 32
10158 10044 25
10788 10962 26
11851 11718 29
14384 14616 32
3596 3654 27
6772 6696 27
6772 6696 30
10788 10962 29
11851 11718 32
12586 12789 32
14384 14616 32
15237 15066 24
15237 15066 32
16930 16740 32
1693 1674 31
3386 3348 27
3386 3348 29
5079 5022 27
5079 5022 28
7192 7308 29
10788 10962 30
13544 13392 24
14384 14616 27
17980 18270 27
1693 1674 24
1693 1674 25
6772 6696 31
10158 10044 25
10158 10044 32
10788 10962 30
11851 11718 28
11851 11718 30
11851 11718 30
15237 15066 32
3386 3348 29
3596 3654 30
5394 5481 25
6772 6696 29
8465 8370 24
10158 10044 26
11851 11718 26
11851 11718 32
13544 13392 26
15237 15066 30
