1000 20 444887
50 54 237
50 57 172
50 55 244
50 84 170
50 95 179
50 93 217
50 73 160
50 87 199
50 90 249
50 126 212
50 131 197
50 107 171
50 145 205
50 61 225
50 135 169
50 54 227
50 141 168
50 93 178
50 146 227
50 70 162
258 222 5
258 222 6
387 333 6
412 372 5
412 372 5
412 372 5
516 444 4
516 444 5
516 444 5
618 558 4
618 558 5
618 558 5
618 558 5
645 555 5
645 555 5
645 555 5
645 555 5
645 555 6
645 555 6
645 555 6
774 666 4
774 666 5
824 744 6
824 744 6
903 777 4
903 777 5
903 777 6
1030 930 4
1030 930 6
1032 888 5
1032 888 6
1161 999 5
1161 999 5
1236 1116 4
1236 1116 5
1236 1116 5
1236 1116 6
1290 1110 5
1290 1110 5
1442 1302 5
1442 1302 6
1648 1488 5
1854 1674 4
1854 1674 5
1854 1674 5
1854 1674 5
1854 1674 5
2060 1860 4
2060 1860 5
2060 1860 5
129 111 5
129 111 5
129 111 5
206 186 5
258 222 5
258 222 5
258 222 5
387 333 5
387 333 6
412 372 5
412 372 5
412 372 6
516 444 4
618 558 4
645 555 5
774 666 6
824 744 5
824 744 5
824 744 6
824 744 6
903 777 5
903 777 6
1030 930 5
1030 930 5
1030 930 5
1030 930 5
1032 888 4
1032 888 5
1161 999 5
1161 999 5
1236 1116 6
1290 1110 5
1290 1110 5
1290 1110 5
1290 1110 5
1290 1110 6
1290 1110 6
1442 1302 4
1442 1302 5
1442 1302 5
1442 1302 6
1648 1488 5
1648 1488 5
1648 1488 6
1854 1674 5
1854 1674 5
2060 1860 4
2060 1860 5
2060 1860 6
2060 1860 6
129 111 6
129 111 6
129 111 6
258 222 4
387 333 5
387 333 6
412 372 4
412 372 5
412 372 5
516 444 4
516 444 6
516 444 6
618 558 4
618 558 4
618 558 5
645 555 5
645 555 5
774 666 4
774 666 5
774 666 5
774 666 5
774 666 6
824 744 5
824 744 5
824 744 5
903 777 5
903 777 6
1030 930 4
1032 888 4
1032 888 5
1161 999 5
1161 999 5
1161 999 5
1161 999 6
1236 1116 5
1236 1116 6
1236 1116 6
1290 1110 4
1290 1110 5
1442 1302 5
1442 1302 5
1442 1302 5
1648 1488 5
1854 1674 5
1854 1674 5
1854 1674 5
1854 1674 5
2060 1860 5
2060 1860 6
2060 1860 6
129 111 5
129 111 5
129 111 6
129 111 6
129 111 6
206 186 5
258 222 4
258 222 5
258 222 6
258 222 6
387 333 5
387 333 5
387 333 5
412 372 4
412 372 4
412 372 5
412 372 6
516 444 5
516 444 6
618 558 4
645 555 4
645 555 5
645 555 6
645 555 6
774 666 5
774 666 5
774 666 6
824 744 6
824 744 6
903 777 5
903 777 6
1032 888 4
1032 888 5
1032 888 5
1032 888 5
1032 888 5
1032 888 5
1161 999 5
1236 1116 4
1236 1116 6
1290 1110 6
1442 1302 4
1442 1302 5
1442 1302 6
1442 1302 6
1648 1488 5
1854 1674 4
1854 1674 5
1854 1674 6
2060 1860 5
129 111 4
129 111 5
129 111 5
258 222 4
258 222 6
258 222 6
258 222 6
387 333 5
387 333 5
412 372 4
412 372 6
516 444 5
516 444 5
516 444 5
516 444 5
516 444 5
516 444 6
516 444 6
618 558 5
645 555 5
645 555 5
645 555 5
774 666 5
774 666 5
774 666 6
774 666 6
824 744 5
903 777 5
903 777 6
903 777 6
1030 930 5
1236 1116 4
1236 1116 4
1236 1116 4
1290 1110 5
1290 1110 5
1442 1302 5
1442 1302 5
1442 1302 6
1648 1488 4
1648 1488 5
1648 1488 5
1648 1488 5
1648 1488 5
1648 1488 5
1854 1674 5
1854 1674 5
1854 1674 5
2060 1860 4
2060 1860 5
206 186 5
206 186 6
258 222 4
258 222 4
258 222 5
258 222 5
258 222 6
387 333 5
387 333 5
387 333 6
387 333 6
412 372 4
412 372 5
412 372 5
412 372 5
412 372 5
516 444 5
645 555 6
645 555 6
645 555 6
774 666 5
774 666 6
824 744 4
824 744 4
824 744 5
824 744 5
824 744 5
824 744 5
903 777 4
903 777 5
903 777 5
903 777 6
1030 930 5
1030 930 5
1032 888 5
1032 888 5
1032 888 6
1032 888 6
1161 999 5
1161 999 5
1161 999 5
1290 1110 5
1442 1302 5
1442 1302 6
1442 1302 6
1648 1488 5
2060 1860 4
2060 1860 4
2060 1860 6
2060 1860 6
129 111 5
206 186 4
206 186 4
206 186 5
206 186 5
206 186 6
258 222 6
387 333 5
387 333 5
412 372 6
412 372 6
516 444 5
516 444 6
516 444 6
618 558 6
618 558 6
645 555 4
774 666 5
824 744 4
824 744 5
824 744 5
824 744 5
824 744 6
824 744 6
903 777 4
903 777 6
1030 930 4
1030 930 5
1030 930 5
1032 888 4
1032 888 5
1032 888 6
1161 999 5
1161 999 5
1161 999 6
1236 1116 5
1236 1116 5
1236 1116 5
1236 1116 6
1290 1110 5
1442 1302 4
1442 1302 5
1648 1488 5
1648 1488 5
1854 1674 5
1854 1674 5
1854 1674 5
2060 1860 5
2060 1860 5
2060 1860 6
206 186 5
206 186 5
206 186 5
206 186 6
258 222 5
387 333 4
387 333 4
387 333 5
412 372 4
412 372 5
618 558 4
618 558 4
618 558 5
618 558 5
618 558 5
618 558 6
774 666 5
824 744 5
824 744 6
1030 930 5
1030 930 5
1030 930 5
1032 888 5
1032 888 5
1032 888 5
1032 888 6
1032 888 6
1161 999 4
1161 999 5
1161 999 5
1161 999 5
1161 999 6
1236 1116 4
1236 1116 5
1236 1116 6
1290 1110 5
1290 1110 6
1442 1302 6
1442 1302 6
1648 1488 5
1648 1488 5
1648 1488 5
1854 1674 5
1854 1674 5
1854 1674 5
2060 1860 5
2060 1860 5
2060 1860 5
2060 1860 5
2060 1860 6
129 111 5
129 111 5
129 111 6
206 186 5
206 186 5
206 186 6
206 186 6
258 222 5
258 222 5
258 222 6
387 333 4
387 333 5
387 333 5
387 333 5
387 333 6
412 372 6
516 444 5
618 558 5
645 555 4
645 555 5
645 555 6
774 666 5
774 666 6
774 666 6
824 744 5
824 744 5
824 744 5
824 744 5
824 744 6
824 744 6
903 777 5
903 777 5
903 777 6
1030 930 5
1032 888 6
1161 999 5
1161 999 5
1236 1116 5
1236 1116 6
1442 1302 4
1442 1302 6
1648 1488 6
1648 1488 6
1854 1674 4
1854 1674 4
1854 1674 5
1854 1674 6
1854 1674 6
1854 1674 6
2060 1860 6
129 111 5
129 111 5
129 111 5
387 333 5
387 333 6
412 372 4
412 372 4
412 372 5
412 372 5
516 444 5
618 558 6
645 555 5
645 555 5
774 666 4
774 666 5
774 666 5
774 666 6
824 744 4
824 744 6
903 777 4
903 777 5
903 777 5
903 777 6
903 777 6
1030 930 6
1030 930 6
1032 888 4
1032 888 4
1032 888 5
1032 888 5
1032 888 5
1032 888 6
1032 888 6
1161 999 4
1161 999 5
1236 1116 5
1236 1116 5
1290 1110 4
1290 1110 4
1290 1110 6
1442 1302 5
1442 1302 5
1648 1488 5
1648 1488 5
1648 1488 6
1854 1674 4
1854 1674 5
2060 1860 4
2060 1860 5
2060 1860 6
129 111 4
129 111 4
129 111 4
129 111 5
129 111 5
129 111 6
206 186 6
258 222 5
258 222 5
258 222 6
387 333 5
387 333 6
412 372 6
412 372 6
516 444 5
516 444 5
618 558 5
618 558 6
645 555 5
645 555 5
645 555 5
645 555 6
774 666 5
774 666 6
774 666 6
824 744 4
824 744 5
1030 930 5
1030 930 6
1030 930 6
1030 930 6
1032 888 5
1161 999 4
1161 999 6
1236 1116 5
1236 1116 6
1290 1110 5
1290 1110 5
1290 1110 6
1442 1302 4
1442 1302 4
1442 1302 5
1442 1302 5
1442 1302 6
1648 1488 5
1854 1674 5
1854 1674 6
1854 1674 6
2060 1860 4
2060 1860 6
129 111 5
129 111 6
206 186 4
206 186 4
206 186 5
206 186 5
206 186 6
258 222 5
258 222 6
387 333 4
387 333 5
387 333 5
387 333 5
387 333 6
412 372 4
516 444 5
516 444 6
618 558 4
618 558 5
618 558 5
618 558 6
645 555 4
774 666 4
774 666 5
774 666 6
774 666 6
824 744 4
824 744 5
824 744 5
903 777 5
903 777 6
1030 930 4
1030 930 5
1030 930 5
1030 930 6
1032 888 6
1161 999 5
1236 1116 6
1290 1110 5
1290 1110 5
1290 1110 5
1290 1110 6
1442 1302 4
1442 1302 5
1648 1488 4
1648 1488 5
1854 1674 5
1854 1674 5
1854 1674 5
2060 1860 6
129 111 6
206 186 4
206 186 5
258 222 5
258 222 6
258 222 6
387 333 4
412 372 5
516 444 6
618 558 4
618 558 5
618 558 6
645 555 4
645 555 5
645 555 5
645 555 5
645 555 5
645 555 6
774 666 4
774 666 6
824 744 5
824 744 5
824 744 6
903 777 5
903 777 5
1030 930 4
1030 930 4
1030 930 4
1030 930 6
1032 888 4
1032 888 5
1161 999 5
1236 1116 4
1236 1116 5
1236 1116 5
1290 1110 5
1290 1110 5
1290 1110 5
1290 1110 5
1290 1110 6
1442 1302 5
1442 1302 5
1442 1302 6
1648 1488 5
1648 1488 5
1648 1488 5
1648 1488 6
1648 1488 6
1854 1674 5
2060 1860 5
129 111 5
129 111 5
129 111 5
206 186 4
206 186 4
206 186 4
206 186 5
206 186 5
206 186 6
258 222 5
387 333 5
412 372 4
412 372 6
618 558 5
645 555 4
645 555 4
645 555 5
774 666 5
824 744 5
824 744 5
903 777 5
903 777 6
1030 930 5
1030 930 5
1032 888 4
1161 999 5
1161 999 5
1236 1116 4
1236 1116 5
1236 1116 5
1290 1110 5
1290 1110 5
1290 1110 5
1290 1110 5
1290 1110 6
1290 1110 6
1442 1302 4
1442 1302 4
1442 1302 5
1442 1302 5
1442 1302 5
1442 1302 6
1442 1302 6
1648 1488 5
1648 1488 5
1648 1488 6
1854 1674 4
1854 1674 5
1854 1674 6
1854 1674 6
129 111 5
129 111 6
206 186 6
258 222 4
258 222 5
258 222 5
258 222 5
387 333 4
387 333 4
387 333 4
387 333 6
412 372 4
412 372 5
412 372 5
412 372 5
412 372 6
412 372 6
412 372 6
516 444 5
516 444 5
516 444 5
516 444 6
516 444 6
645 555 6
645 555 6
774 666 4
774 666 5
824 744 4
824 744 5
824 744 5
824 744 5
824 744 6
1030 930 5
1030 930 5
1030 930 5
1032 888 5
1161 999 6
1236 1116 4
1236 1116 5
1236 1116 6
1236 1116 6
1290 1110 5
1290 1110 5
1290 1110 5
1648 1488 4
1648 1488 5
1854 1674 5
1854 1674 5
2060 1860 5
2060 1860 6
129 111 4
129 111 5
206 186 4
206 186 5
206 186 5
387 333 4
387 333 5
412 372 4
412 372 5
412 372 5
412 372 5
516 444 5
618 558 5
645 555 5
645 555 5
645 555 5
824 744 4
824 744 5
824 744 6
824 744 6
903 777 4
903 777 5
903 777 5
903 777 6
1030 930 4
1030 930 6
1032 888 4
1032 888 4
1032 888 5
1161 999 5
1236 1116 5
1236 1116 5
1236 1116 5
1236 1116 5
1236 1116 6
1290 1110 4
1290 1110 5
1290 1110 6
1442 1302 4
1442 1302 5
1442 1302 5
1442 1302 6
1442 1302 6
1648 1488 4
1648 1488 5
1648 1488 5
1648 1488 6
1854 1674 5
2060 1860 4
2060 1860 6
129 111 5
129 111 6
206 186 5
206 186 5
206 186 5
206 186 6
206 186 6
258 222 4
258 222 5
412 372 4
412 372 6
412 372 6
516 444 4
618 558 5
618 558 5
645 555 5
645 555 5
645 555 6
774 666 4
774 666 5
824 744 5
824 744 5
903 777 5
903 777 5
903 777 5
903 777 6
1030 930 6
1030 930 6
1030 930 6
1032 888 4
1032 888 5
1161 999 4
1161 999 6
1236 1116 5
1236 1116 5
1236 1116 5
1290 1110 4
1290 1110 4
1290 1110 5
1290 1110 6
1442 1302 6
1648 1488 5
1648 1488 6
1854 1674 4
1854 1674 5
1854 1674 5
1854 1674 5
2060 1860 5
2060 1860 5
2060 1860 5
129 111 4
129 111 6
129 111 6
129 111 6
206 186 4
206 186 5
206 186 6
206 186 6
387 333 4
387 333 5
412 372 5
412 372 5
412 372 6
412 372 6
516 444 4
516 444 5
516 444 5
618 558 5
618 558 5
618 558 6
774 666 5
774 666 5
774 666 5
774 666 6
824 744 4
824 744 5
903 777 6
1030 930 5
1032 888 5
1032 888 6
1161 999 4
1236 1116 5
1236 1116 5
1290 1110 6
1290 1110 6
1442 1302 5
1442 1302 6
1442 1302 6
1442 1302 6
1442 1302 6
1648 1488 5
1648 1488 5
1648 1488 6
1648 1488 6
1854 1674 5
1854 1674 5
1854 1674 6
2060 1860 4
2060 1860 5
2060 1860 5
129 111 5
258 222 5
258 222 5
387 333 5
387 333 5
387 333 6
412 372 5
412 372 5
516 444 4
516 444 4
516 444 6
618 558 4
618 558 4
618 558 5
618 558 5
645 555 5
645 555 6
774 666 5
774 666 5
824 744 5
824 744 5
824 744 6
903 777 5
1030 930 4
1030 930 5
1030 930 6
1032 888 4
1032 888 5
1032 888 5
1032 888 6
1032 888 6
1032 888 6
1161 999 5
1161 999 5
1236 1116 4
1236 1116 4
1236 1116 5
1236 1116 5
1236 1116 6
1236 1116 6
1290 1110 4
1290 1110 5
1290 1110 5
1290 1110 5
1290 1110 6
1442 1302 5
1648 1488 5
1648 1488 5
1854 1674 5
1854 1674 5
129 111 4
129 111 6
206 186 5
206 186 6
206 186 6
258 222 5
258 222 6
387 333 4
412 372 4
412 372 5
412 372 5
412 372 5
412 372 6
516 444 6
516 444 6
516 444 6
618 558 4
618 558 5
618 558 5
618 558 6
618 558 6
645 555 5
645 555 5
645 555 5
645 555 6
774 666 4
774 666 5
774 666 5
774 666 5
774 666 6
1030 930 5
1030 930 5
1030 930 5
1032 888 4
1161 999 4
1161 999 5
1236 1116 6
1236 1116 6
1290 1110 5
1442 1302 5
1442 1302 5
1442 1302 6
1648 1488 4
1648 1488 5
1648 1488 6
1854 1674 5
1854 1674 6
2060 1860 5
2060 1860 5
2060 1860 6
