2000 100 6245499
20 74 239
20 142 197
20 141 219
20 70 170
20 72 151
20 90 224
20 73 154
20 63 199
20 101 152
20 150 179
20 78 173
20 108 165
20 96 180
20 132 235
20 50 225
20 106 231
20 147 237
20 108 200
20 98 237
20 73 165
20 75 228
20 137 183
20 128 243
20 123 186
20 131 172
20 50 246
20 65 174
20 78 154
20 73 168
20 98 175
20 91 244
20 129 203
20 65 232
20 104 247
20 87 234
20 131 207
20 53 234
20 65 220
20 62 238
20 137 231
20 149 169
20 115 190
20 58 178
20 141 235
20 64 205
20 116 185
20 125 243
20 55 226
20 121 159
20 88 195
20 114 220
20 139 156
20 140 152
20 116 193
20 114 214
20 139 225
20 53 230
20 108 213
20 142 189
20 115 150
20 105 177
20 76 227
20 149 159
20 143 206
20 93 191
20 87 209
20 53 248
20 58 189
20 134 195
20 79 201
20 60 155
20 55 250
20 54 243
20 50 180
20 76 161
20 67 219
20 64 192
20 114 150
20 110 195
20 145 184
20 112 156
20 74 174
20 118 228
20 76 224
20 150 175
20 87 176
20 68 187
20 92 185
20 121 180
20 62 174
20 141 170
20 99 236
20 131 237
20 51 215
20 96 157
20 125 153
20 116 225
20 74 245
20 138 228
20 72 179
1079 879 15
1079 879 15
1475 1275 11
1475 1275 12
2158 1758 15
2950 2550 12
2950 2550 14
4316 3516 13
4316 3516 14
4316 3516 16
6474 5274 14
8632 7032 14
8632 7032 16
8850 7650 14
10325 8925 12
10325 8925 16
10325 8925 16
11800 10200 16
13275 11475 16
14750 12750 13
1475 1275 14
2158 1758 11
2158 1758 13
2950 2550 11
4425 3825 12
4425 3825 14
5395 4395 16
5900 5100 15
5900 5100 15
7375 6375 12
7553 6153 15
10325 8925 14
10790 8790 14
10790 8790 15
10790 8790 15
13275 11475 14
13275 11475 16
13275 11475 16
14750 12750 14
14750 12750 15
1475 1275 14
2158 1758 14
6474 5274 12
6474 5274 16
7553 6153 12
7553 6153 12
7553 6153 13
7553 6153 15
8632 7032 13
8850 7650 11
8850 7650 13
9711 7911 13
10325 8925 12
10325 8925 14
10790 8790 13
10790 8790 15
11800 10200 13
13275 11475 13
14750 12750 13
14750 12750 16
1475 1275 13
2950 2550 12
4425 3825 14
4425 3825 16
5900 5100 16
7375 6375 12
7375 6375 12
7375 6375 14
7375 6375 15
8632 7032 15
8632 7032 16
8850 7650 12
8850 7650 12
10325 8925 14
10325 8925 15
11800 10200 12
11800 10200 15
11800 10200 16
11800 10200 16
14750 12750 15
1079 879 14
1475 1275 12
2158 1758 15
2950 2550 16
4425 3825 14
4425 3825 15
5900 5100 14
6474 5274 13
6474 5274 13
6474 5274 13
6474 5274 14
8632 7032 13
8850 7650 12
10325 8925 12
10325 8925 15
10790 8790 12
10790 8790 12
10790 8790 14
13275 11475 14
14750 12750 12
1079 879 14
1475 1275 12
1475 1275 14
2158 1758 14
3237 2637 12
3237 2637 13
3237 2637 13
4316 3516 16
4425 3825 14
4425 3825 15
7375 6375 14
8632 7032 13
9711 7911 13
10325 8925 13
10790 8790 12
13275 11475 13
13275 11475 13
13275 11475 14
14750 12750 14
14750 12750 14
1079 879 13
1079 879 13
1475 1275 13
1475 1275 14
2158 1758 11
2158 1758 12
2158 1758 12
4425 3825 12
5395 4395 15
5900 5100 12
6474 5274 16
7375 6375 12
7553 6153 16
8632 7032 15
8632 7032 15
8850 7650 15
10325 8925 13
11800 10200 13
11800 10200 14
14750 12750 15
1475 1275 13
1475 1275 13
1475 1275 16
2158 1758 12
2158 1758 16
2158 1758 16
2950 2550 15
2950 2550 15
4316 3516 13
4425 3825 12
5395 4395 16
6474 5274 15
7375 6375 13
7375 6375 15
8632 7032 14
8850 7650 16
10325 8925 12
10325 8925 14
10325 8925 14
10790 8790 15
1079 879 13
1079 879 14
1475 1275 13
1475 1275 14
2158 1758 12
3237 2637 12
3237 2637 14
3237 2637 14
4425 3825 11
4425 3825 16
6474 5274 15
7375 6375 14
7375 6375 14
7375 6375 15
7375 6375 16
8632 7032 15
9711 7911 15
10325 8925 16
13275 11475 12
14750 12750 12
1079 879 13
1079 879 15
1475 1275 16
2158 1758 14
2158 1758 15
2950 2550 13
2950 2550 13
2950 2550 15
3237 2637 14
3237 2637 16
4316 3516 12
4425 3825 11
5900 5100 13
6474 5274 16
7375 6375 13
7375 6375 14
7553 6153 12
7553 6153 16
9711 7911 16
10790 8790 16
2158 1758 14
2158 1758 14
2950 2550 13
3237 2637 12
4316 3516 12
4425 3825 15
4425 3825 16
4425 3825 16
5395 4395 14
5395 4395 15
5900 5100 15
7553 6153 16
8850 7650 14
8850 7650 14
9711 7911 13
9711 7911 15
9711 7911 15
10325 8925 13
10790 8790 15
14750 12750 12
1079 879 14
2158 1758 12
2158 1758 14
2950 2550 12
2950 2550 12
4316 3516 12
5900 5100 12
5900 5100 14
7553 6153 12
7553 6153 14
8632 7032 12
8632 7032 13
10325 8925 13
10325 8925 14
10325 8925 15
10790 8790 14
10790 8790 14
11800 10200 11
13275 11475 14
14750 12750 14
1475 1275 12
1475 1275 13
1475 1275 13
1475 1275 14
1475 1275 15
2950 2550 14
3237 2637 12
3237 2637 13
3237 2637 15
4425 3825 13
5395 4395 16
5900 5100 15
6474 5274 15
8632 7032 12
8632 7032 12
8632 7032 14
10325 8925 13
11800 10200 12
11800 10200 12
11800 10200 14
1079 879 12
1079 879 15
1475 1275 12
1475 1275 16
2950 2550 13
2950 2550 13
2950 2550 15
4425 3825 12
4425 3825 15
5900 5100 14
5900 5100 14
6474 5274 13
7553 6153 13
7553 6153 13
8632 7032 14
8632 7032 16
9711 7911 13
10325 8925 12
13275 11475 15
14750 12750 15
1079 879 14
1475 1275 13
1475 1275 14
1475 1275 15
1475 1275 16
2158 1758 14
3237 2637 12
3237 2637 16
4425 3825 12
4425 3825 14
4425 3825 14
5395 4395 14
5395 4395 16
6474 5274 13
8632 7032 12
8850 7650 13
8850 7650 15
10790 8790 16
11800 10200 15
13275 11475 13
2950 2550 15
3237 2637 15
4316 3516 12
4425 3825 14
4425 3825 15
6474 5274 15
6474 5274 16
7375 6375 15
7553 6153 14
8632 7032 15
8632 7032 15
8850 7650 13
9711 7911 13
9711 7911 15
11800 10200 16
13275 11475 11
13275 11475 14
14750 12750 13
14750 12750 15
14750 12750 15
1079 879 14
1475 1275 12
1475 1275 16
2158 1758 15
2950 2550 12
4316 3516 12
5395 4395 12
5395 4395 14
5395 4395 16
6474 5274 15
7375 6375 13
8632 7032 16
8850 7650 15
9711 7911 12
10325 8925 11
10325 8925 12
10325 8925 15
10325 8925 16
10790 8790 14
14750 12750 13
2158 1758 12
2158 1758 14
2950 2550 14
4316 3516 11
4425 3825 12
4425 3825 15
4425 3825 15
4425 3825 16
4425 3825 16
5900 5100 16
5900 5100 16
5900 5100 16
5900 5100 16
7553 6153 13
7553 6153 16
8632 7032 13
9711 7911 16
10790 8790 13
13275 11475 12
14750 12750 12
1079 879 13
1079 879 16
1475 1275 12
1475 1275 12
4316 3516 12
5900 5100 13
6474 5274 12
6474 5274 13
7375 6375 12
7375 6375 13
7553 6153 13
7553 6153 14
8632 7032 15
8632 7032 15
9711 7911 13
10325 8925 12
10325 8925 16
11800 10200 12
13275 11475 14
14750 12750 13
1079 879 14
1475 1275 12
1475 1275 12
2950 2550 14
3237 2637 13
4316 3516 12
5395 4395 16
5900 5100 12
5900 5100 13
5900 5100 16
6474 5274 12
6474 5274 13
8632 7032 13
8632 7032 16
8850 7650 13
8850 7650 14
8850 7650 15
10325 8925 12
13275 11475 13
14750 12750 13
1079 879 12
1079 879 13
1475 1275 12
2158 1758 12
4316 3516 15
4425 3825 12
4425 3825 12
4425 3825 14
7375 6375 13
7553 6153 12
8632 7032 12
9711 7911 16
10325 8925 13
10325 8925 16
10790 8790 14
10790 8790 16
11800 10200 12
11800 10200 15
11800 10200 16
14750 12750 14
1079 879 12
1079 879 13
1079 879 15
1475 1275 14
2950 2550 14
2950 2550 15
2950 2550 16
4316 3516 15
5395 4395 16
5900 5100 13
6474 5274 14
7375 6375 12
7553 6153 12
7553 6153 13
8850 7650 13
10790 8790 13
13275 11475 13
13275 11475 15
13275 11475 16
14750 12750 13
1079 879 11
1079 879 13
2158 1758 14
2158 1758 15
2950 2550 13
2950 2550 13
4425 3825 13
5395 4395 12
5395 4395 14
5395 4395 14
6474 5274 12
6474 5274 12
6474 5274 12
8632 7032 15
8850 7650 12
9711 7911 16
10325 8925 13
11800 10200 14
11800 10200 15
14750 12750 14
1079 879 14
1475 1275 14
1475 1275 16
2950 2550 12
3237 2637 12
4425 3825 14
4425 3825 15
4425 3825 15
6474 5274 12
6474 5274 13
6474 5274 14
8632 7032 15
8850 7650 14
8850 7650 15
10325 8925 12
10325 8925 12
10325 8925 12
10325 8925 14
11800 10200 13
14750 12750 13
1079 879 16
1475 1275 14
2158 1758 12
4316 3516 16
4425 3825 14
5900 5100 12
5900 5100 14
6474 5274 14
7375 6375 16
7553 6153 13
7553 6153 14
8850 7650 15
9711 7911 15
10790 8790 14
10790 8790 15
11800 10200 12
14750 12750 12
14750 12750 12
14750 12750 13
14750 12750 15
1079 879 12
1079 879 15
1079 879 15
2950 2550 15
4316 3516 16
5900 5100 13
6474 5274 13
7375 6375 13
7553 6153 14
8632 7032 14
8850 7650 13
9711 7911 13
10325 8925 14
10790 8790 13
10790 8790 14
10790 8790 15
10790 8790 16
11800 10200 12
11800 10200 14
13275 11475 15
2158 1758 13
2950 2550 12
4316 3516 12
4316 3516 14
4316 3516 15
5395 4395 13
5395 4395 16
5395 4395 16
5900 5100 16
7553 6153 15
8632 7032 14
8850 7650 16
10325 8925 14
10790 8790 13
10790 8790 13
10790 8790 16
11800 10200 12
11800 10200 12
11800 10200 13
14750 12750 16
1079 879 13
1079 879 15
1475 1275 15
1475 1275 16
3237 2637 15
4316 3516 14
4316 3516 15
4425 3825 13
5395 4395 15
5900 5100 13
7553 6153 13
8632 7032 15
8850 7650 13
8850 7650 14
9711 7911 14
10790 8790 12
10790 8790 14
10790 8790 14
13275 11475 12
14750 12750 12
2158 1758 15
2158 1758 15
2158 1758 16
2950 2550 13
5395 4395 14
5395 4395 16
5900 5100 14
6474 5274 12
7375 6375 16
7553 6153 15
7553 6153 16
8632 7032 16
8850 7650 12
8850 7650 12
8850 7650 14
8850 7650 14
10790 8790 13
10790 8790 13
13275 11475 12
13275 11475 13
1475 1275 16
2158 1758 16
2950 2550 12
3237 2637 13
3237 2637 16
4425 3825 14
4425 3825 15
5395 4395 13
6474 5274 12
6474 5274 14
6474 5274 15
7553 6153 16
8632 7032 13
9711 7911 12
10790 8790 14
10790 8790 14
10790 8790 16
11800 10200 13
13275 11475 16
14750 12750 13
1079 879 15
2158 1758 13
2950 2550 16
4425 3825 13
4425 3825 15
5900 5100 12
6474 5274 13
7375 6375 16
7553 6153 14
8632 7032 13
8850 7650 11
8850 7650 12
9711 7911 14
10325 8925 16
10790 8790 12
10790 8790 13
10790 8790 14
11800 10200 15
14750 12750 12
14750 12750 14
2158 1758 16
2950 2550 12
4316 3516 12
5395 4395 12
5395 4395 14
7375 6375 12
8632 7032 12
8632 7032 14
8850 7650 13
8850 7650 15
10790 8790 12
10790 8790 12
10790 8790 13
10790 8790 15
11800 10200 11
13275 11475 13
13275 11475 14
13275 11475 15
14750 12750 12
14750 12750 12
1079 879 12
1079 879 15
1079 879 15
2158 1758 15
2158 1758 16
2950 2550 14
4316 3516 16
4425 3825 13
5395 4395 13
5395 4395 15
5900 5100 12
7553 6153 14
7553 6153 14
8632 7032 15
8850 7650 12
8850 7650 12
10790 8790 12
11800 10200 13
11800 10200 15
13275 11475 14
1079 879 14
1079 879 16
2158 1758 13
5395 4395 15
5900 5100 14
7375 6375 12
7375 6375 13
7553 6153 13
8850 7650 15
8850 7650 15
9711 7911 12
9711 7911 12
9711 7911 15
9711 7911 16
10790 8790 11
10790 8790 14
13275 11475 14
14750 12750 12
14750 12750 13
14750 12750 14
1079 879 15
2158 1758 12
3237 2637 14
4316 3516 15
4316 3516 16
4425 3825 12
5900 5100 13
5900 5100 16
7375 6375 15
7553 6153 14
7553 6153 15
8632 7032 14
8632 7032 16
8850 7650 11
8850 7650 15
10325 8925 12
11800 10200 15
14750 12750 11
14750 12750 13
14750 12750 15
1079 879 13
1079 879 13
2158 1758 16
3237 2637 11
3237 2637 13
3237 2637 14
4425 3825 12
5900 5100 13
5900 5100 15
5900 5100 16
5900 5100 16
7375 6375 12
7375 6375 14
7553 6153 14
8850 7650 14
10325 8925 12
10325 8925 15
10790 8790 11
11800 10200 15
14750 12750 12
1079 879 14
1079 879 15
3237 2637 15
4425 3825 14
5395 4395 12
5395 4395 13
5900 5100 14
5900 5100 14
6474 5274 15
7375 6375 12
7375 6375 14
7553 6153 14
7553 6153 16
8632 7032 14
8850 7650 14
10790 8790 13
10790 8790 14
10790 8790 16
14750 12750 13
14750 12750 15
1079 879 16
1079 879 16
2158 1758 12
2950 2550 13
2950 2550 16
4316 3516 13
4316 3516 14
4316 3516 14
4316 3516 15
4316 3516 16
4425 3825 15
5395 4395 15
6474 5274 16
7375 6375 15
7553 6153 12
9711 7911 14
9711 7911 14
10325 8925 12
13275 11475 14
14750 12750 13
1079 879 15
1475 1275 15
2158 1758 14
2950 2550 12
2950 2550 13
5395 4395 12
5395 4395 15
5900 5100 12
6474 5274 16
8632 7032 16
8850 7650 12
10325 8925 13
10325 8925 16
10790 8790 13
10790 8790 13
11800 10200 12
13275 11475 12
13275 11475 13
13275 11475 14
13275 11475 15
2158 1758 12
2158 1758 13
2158 1758 14
2950 2550 14
2950 2550 15
4316 3516 13
4425 3825 16
4425 3825 16
5395 4395 14
5395 4395 16
6474 5274 16
7375 6375 15
7375 6375 16
7553 6153 12
8850 7650 12
8850 7650 14
11800 10200 15
13275 11475 12
13275 11475 15
14750 12750 16
1079 879 13
2950 2550 16
3237 2637 14
4425 3825 12
4425 3825 12
4425 3825 15
5395 4395 12
5395 4395 13
7375 6375 13
7375 6375 14
7375 6375 15
8632 7032 16
8850 7650 12
8850 7650 15
9711 7911 12
9711 7911 15
10790 8790 15
11800 10200 13
11800 10200 14
13275 11475 14
1475 1275 16
2158 1758 14
2158 1758 15
2158 1758 16
2950 2550 16
3237 2637 13
3237 2637 15
3237 2637 15
4425 3825 14
5395 4395 12
5900 5100 13
8632 7032 14
10325 8925 12
10325 8925 13
10790 8790 12
10790 8790 14
10790 8790 15
14750 12750 12
14750 12750 13
14750 12750 15
1475 1275 15
2158 1758 16
4316 3516 16
4425 3825 12
4425 3825 13
5395 4395 13
5395 4395 15
5395 4395 16
6474 5274 15
7375 6375 13
8850 7650 12
10325 8925 14
10790 8790 13
10790 8790 14
10790 8790 15
10790 8790 16
11800 10200 16
13275 11475 14
13275 11475 15
14750 12750 11
1475 1275 16
2158 1758 15
2158 1758 16
3237 2637 15
4316 3516 12
4316 3516 14
4316 3516 16
4425 3825 11
6474 5274 13
6474 5274 14
7375 6375 13
8632 7032 13
8632 7032 13
8850 7650 11
8850 7650 16
9711 7911 14
10790 8790 14
13275 11475 12
13275 11475 14
14750 12750 14
1079 879 16
2950 2550 12
2950 2550 13
2950 2550 14
3237 2637 13
3237 2637 16
4316 3516 15
4425 3825 12
5395 4395 14
5900 5100 12
6474 5274 15
6474 5274 16
6474 5274 16
7375 6375 14
7553 6153 12
8632 7032 12
8850 7650 13
9711 7911 12
9711 7911 12
14750 12750 15
1079 879 12
1475 1275 12
1475 1275 15
4316 3516 14
4316 3516 16
4316 3516 16
4425 3825 15
6474 5274 14
6474 5274 15
7375 6375 12
7375 6375 14
7553 6153 15
8632 7032 12
8632 7032 13
8632 7032 16
8850 7650 16
10325 8925 15
10790 8790 14
10790 8790 16
11800 10200 16
1475 1275 14
1475 1275 14
2158 1758 13
2950 2550 16
3237 2637 14
3237 2637 14
3237 2637 15
4316 3516 15
5395 4395 12
5395 4395 12
5395 4395 14
6474 5274 14
6474 5274 15
7375 6375 14
7553 6153 16
8850 7650 14
9711 7911 13
9711 7911 15
14750 12750 12
14750 12750 12
1475 1275 12
2950 2550 12
2950 2550 16
3237 2637 12
4316 3516 14
4425 3825 14
5395 4395 13
5395 4395 15
6474 5274 12
7553 6153 15
8632 7032 13
8850 7650 16
9711 7911 13
9711 7911 14
10325 8925 12
11800 10200 13
11800 10200 16
11800 10200 16
13275 11475 13
13275 11475 15
1079 879 16
1079 879 16
2158 1758 13
2158 1758 13
2950 2550 13
4316 3516 15
4425 3825 15
5395 4395 12
6474 5274 13
6474 5274 13
7375 6375 16
7553 6153 12
8632 7032 13
8632 7032 15
8850 7650 12
8850 7650 14
9711 7911 12
10325 8925 12
11800 10200 14
14750 12750 13
3237 2637 14
3237 2637 15
4316 3516 12
5395 4395 15
5395 4395 16
6474 5274 13
7375 6375 13
7375 6375 14
7553 6153 13
7553 6153 14
7553 6153 14
8632 7032 15
8850 7650 15
8850 7650 16
9711 7911 13
9711 7911 14
10325 8925 12
10790 8790 13
14750 12750 12
14750 12750 16
1079 879 12
1079 879 12
2158 1758 13
4316 3516 15
4425 3825 13
4425 3825 13
5395 4395 13
5395 4395 14
6474 5274 12
6474 5274 14
7375 6375 15
8632 7032 16
8850 7650 15
10325 8925 13
10325 8925 14
10325 8925 16
10325 8925 16
11800 10200 14
11800 10200 16
14750 12750 12
1079 879 12
1475 1275 14
2158 1758 12
2950 2550 15
3237 2637 12
4316 3516 12
4316 3516 13
5395 4395 14
6474 5274 16
7553 6153 12
7553 6153 13
7553 6153 16
8632 7032 14
8850 7650 14
10325 8925 12
10325 8925 13
10325 8925 16
11800 10200 12
11800 10200 14
13275 11475 16
1079 879 14
1475 1275 13
2950 2550 13
4425 3825 15
5395 4395 12
5900 5100 12
7375 6375 12
7375 6375 15
7553 6153 14
7553 6153 14
7553 6153 16
7553 6153 16
8632 7032 15
8850 7650 14
9711 7911 12
9711 7911 16
11800 10200 13
11800 10200 15
14750 12750 15
14750 12750 16
1079 879 14
1079 879 16
1475 1275 11
1475 1275 14
2158 1758 12
2158 1758 13
3237 2637 14
3237 2637 16
5395 4395 12
5395 4395 13
5900 5100 12
7553 6153 15
7553 6153 16
8632 7032 12
10325 8925 12
10325 8925 12
10325 8925 14
11800 10200 16
13275 11475 13
13275 11475 14
1079 879 16
1475 1275 12
1475 1275 13
3237 2637 15
3237 2637 16
4425 3825 12
5900 5100 15
7375 6375 15
8632 7032 13
8632 7032 14
9711 7911 16
10325 8925 12
10325 8925 12
10325 8925 12
10325 8925 14
10790 8790 15
10790 8790 16
11800 10200 14
13275 11475 16
14750 12750 16
1079 879 14
1079 879 16
1475 1275 13
2950 2550 15
3237 2637 14
4316 3516 13
4316 3516 15
4425 3825 12
4425 3825 15
5900 5100 16
6474 5274 14
6474 5274 15
8632 7032 12
8632 7032 16
9711 7911 12
9711 7911 15
10790 8790 12
10790 8790 14
11800 10200 15
13275 11475 14
1079 879 13
1079 879 14
1475 1275 14
3237 2637 14
3237 2637 16
3237 2637 16
4316 3516 13
4425 3825 12
4425 3825 15
4425 3825 15
5900 5100 12
6474 5274 12
6474 5274 12
6474 5274 12
8632 7032 15
9711 7911 14
9711 7911 16
10325 8925 13
10790 8790 12
11800 10200 13
1475 1275 13
1475 1275 15
2158 1758 14
2158 1758 15
2950 2550 14
2950 2550 15
4316 3516 14
4316 3516 16
4425 3825 12
5395 4395 12
6474 5274 15
6474 5274 16
7375 6375 13
7375 6375 15
8632 7032 12
8850 7650 14
8850 7650 16
9711 7911 14
11800 10200 11
13275 11475 12
1079 879 12
1079 879 12
1079 879 15
1475 1275 16
2158 1758 15
2950 2550 14
3237 2637 12
3237 2637 12
3237 2637 15
4316 3516 15
4316 3516 16
5395 4395 12
5395 4395 15
5900 5100 14
5900 5100 15
6474 5274 15
6474 5274 16
7375 6375 16
8850 7650 16
14750 12750 16
1079 879 12
1079 879 16
1475 1275 14
1475 1275 15
2158 1758 14
2950 2550 16
2950 2550 16
3237 2637 12
3237 2637 14
3237 2637 16
3237 2637 16
5395 4395 12
5900 5100 12
7375 6375 12
8850 7650 13
8850 7650 15
9711 7911 15
10325 8925 12
10325 8925 12
13275 11475 12
1079 879 13
1079 879 14
1475 1275 12
1475 1275 14
2950 2550 15
3237 2637 16
3237 2637 16
4316 3516 13
4425 3825 13
5395 4395 13
8632 7032 13
8850 7650 13
8850 7650 15
10325 8925 14
10325 8925 14
10790 8790 13
10790 8790 15
10790 8790 16
11800 10200 16
14750 12750 12
1079 879 16
1475 1275 12
2158 1758 14
2950 2550 13
2950 2550 13
4316 3516 15
4425 3825 12
4425 3825 15
6474 5274 14
6474 5274 16
7553 6153 14
7553 6153 15
8850 7650 14
8850 7650 14
9711 7911 14
10790 8790 12
10790 8790 15
10790 8790 16
11800 10200 11
13275 11475 16
1079 879 12
1475 1275 15
1475 1275 15
2950 2550 13
3237 2637 12
4316 3516 15
4425 3825 12
4425 3825 12
4425 3825 12
5395 4395 14
5395 4395 15
5900 5100 13
7553 6153 15
8632 7032 14
8632 7032 15
10325 8925 15
10790 8790 13
10790 8790 15
11800 10200 15
14750 12750 14
1079 879 12
1475 1275 14
1475 1275 14
2158 1758 13
2158 1758 13
2158 1758 15
2950 2550 11
2950 2550 12
2950 2550 14
2950 2550 15
5900 5100 15
6474 5274 14
7553 6153 12
8850 7650 14
9711 7911 12
10325 8925 12
10790 8790 12
14750 12750 13
14750 12750 14
14750 12750 16
1079 879 15
1475 1275 13
2158 1758 12
2950 2550 14
4316 3516 14
5395 4395 11
5900 5100 16
7375 6375 15
7375 6375 15
7553 6153 12
9711 7911 12
9711 7911 15
10325 8925 13
10790 8790 12
13275 11475 16
14750 12750 12
14750 12750 13
14750 12750 13
14750 12750 13
14750 12750 14
1475 1275 14
1475 1275 15
2158 1758 12
2950 2550 14
3237 2637 12
3237 2637 15
3237 2637 16
4316 3516 15
5395 4395 14
7375 6375 12
7553 6153 12
9711 7911 15
9711 7911 16
10790 8790 13
10790 8790 16
11800 10200 14
11800 10200 14
11800 10200 15
13275 11475 13
13275 11475 16
1475 1275 12
1475 1275 13
1475 1275 15
2158 1758 14
4316 3516 14
5395 4395 14
5395 4395 16
5900 5100 12
5900 5100 12
5900 5100 15
5900 5100 16
6474 5274 12
7375 6375 15
7553 6153 16
7553 6153 16
8632 7032 12
9711 7911 13
13275 11475 12
14750 12750 13
14750 12750 14
2158 1758 11
2950 2550 14
2950 2550 15
2950 2550 16
3237 2637 12
4316 3516 13
4425 3825 16
5900 5100 13
5900 5100 14
6474 5274 13
6474 5274 15
6474 5274 15
7553 6153 12
8632 7032 12
8632 7032 14
8850 7650 12
9711 7911 12
9711 7911 13
11800 10200 13
14750 12750 15
1079 879 12
1079 879 15
1475 1275 16
2158 1758 14
2158 1758 15
2950 2550 15
3237 2637 14
3237 2637 16
4316 3516 12
4316 3516 14
4425 3825 13
6474 5274 15
7553 6153 12
9711 7911 12
9711 7911 16
10325 8925 13
10790 8790 14
11800 10200 16
13275 11475 14
13275 11475 15
1079 879 16
2158 1758 13
4425 3825 11
4425 3825 15
5395 4395 12
5395 4395 13
5900 5100 15
6474 5274 12
6474 5274 12
6474 5274 15
7375 6375 13
7375 6375 15
9711 7911 15
10325 8925 12
10325 8925 15
10790 8790 13
10790 8790 15
11800 10200 16
14750 12750 13
14750 12750 13
1475 1275 14
1475 1275 16
2950 2550 12
2950 2550 12
2950 2550 16
3237 2637 11
3237 2637 15
5395 4395 12
6474 5274 13
7553 6153 15
8632 7032 15
8850 7650 16
9711 7911 13
9711 7911 15
10325 8925 14
10790 8790 12
10790 8790 15
11800 10200 14
11800 10200 16
13275 11475 12
2950 2550 16
4425 3825 12
4425 3825 13
4425 3825 16
5395 4395 12
5395 4395 15
5395 4395 15
5395 4395 15
5900 5100 15
6474 5274 13
7375 6375 16
7553 6153 13
7553 6153 15
8850 7650 12
9711 7911 16
11800 10200 12
11800 10200 14
14750 12750 14
14750 12750 14
14750 12750 15
2950 2550 15
3237 2637 12
3237 2637 13
5395 4395 11
5395 4395 14
5395 4395 16
5900 5100 12
5900 5100 12
5900 5100 15
6474 5274 14
7375 6375 15
7553 6153 12
9711 7911 12
9711 7911 12
10325 8925 15
10790 8790 14
10790 8790 15
11800 10200 15
13275 11475 14
14750 12750 11
1475 1275 12
2950 2550 13
2950 2550 15
3237 2637 12
3237 2637 12
5900 5100 14
7375 6375 14
7375 6375 14
7553 6153 12
9711 7911 13
9711 7911 14
9711 7911 16
10325 8925 11
10325 8925 15
10790 8790 12
11800 10200 12
11800 10200 15
13275 11475 11
13275 11475 15
14750 12750 14
1475 1275 15
2158 1758 12
2158 1758 14
2158 1758 16
2950 2550 16
4425 3825 15
5395 4395 11
7553 6153 13
7553 6153 16
7553 6153 16
8850 7650 12
8850 7650 12
8850 7650 16
9711 7911 15
10325 8925 12
10325 8925 14
10325 8925 14
10790 8790 12
10790 8790 16
13275 11475 14
1475 1275 13
2158 1758 13
2950 2550 15
3237 2637 12
3237 2637 14
4316 3516 15
4425 3825 12
5395 4395 12
5395 4395 16
5900 5100 12
6474 5274 13
6474 5274 13
8632 7032 15
8850 7650 11
8850 7650 15
9711 7911 12
10325 8925 12
10325 8925 13
10790 8790 15
14750 12750 15
1079 879 14
2158 1758 15
2950 2550 15
4316 3516 12
4425 3825 13
4425 3825 13
4425 3825 15
4425 3825 15
5900 5100 14
6474 5274 12
7553 6153 13
7553 6153 14
8632 7032 11
8850 7650 12
9711 7911 12
10790 8790 14
10790 8790 16
14750 12750 11
14750 12750 13
14750 12750 13
1475 1275 16
3237 2637 13
4316 3516 14
4425 3825 12
5900 5100 13
5900 5100 14
6474 5274 12
6474 5274 14
7375 6375 16
7553 6153 13
7553 6153 16
8632 7032 13
8632 7032 16
8850 7650 14
8850 7650 15
8850 7650 16
9711 7911 15
9711 7911 15
11800 10200 13
14750 12750 12
1475 1275 16
2158 1758 12
2158 1758 12
2158 1758 12
2158 1758 13
2158 1758 14
3237 2637 14
3237 2637 16
5900 5100 15
5900 5100 16
6474 5274 12
6474 5274 16
7375 6375 12
7553 6153 12
7553 6153 14
8632 7032 13
8850 7650 13
9711 7911 15
13275 11475 12
13275 11475 14
2950 2550 14
2950 2550 14
3237 2637 12
3237 2637 13
3237 2637 15
3237 2637 16
5395 4395 13
7375 6375 13
7375 6375 14
7375 6375 15
8632 7032 14
8632 7032 16
8850 7650 14
8850 7650 15
9711 7911 15
10325 8925 14
11800 10200 13
11800 10200 14
13275 11475 13
14750 12750 14
2158 1758 13
2950 2550 14
2950 2550 15
4316 3516 12
4316 3516 12
4316 3516 14
4425 3825 13
5395 4395 15
5900 5100 12
6474 5274 12
6474 5274 14
7375 6375 12
7553 6153 11
7553 6153 15
8632 7032 16
10325 8925 13
10790 8790 16
10790 8790 16
11800 10200 14
14750 12750 16
1475 1275 14
2158 1758 13
2950 2550 13
4316 3516 13
4316 3516 15
4425 3825 11
4425 3825 13
4425 3825 14
4425 3825 15
5900 5100 16
6474 5274 16
7375 6375 16
7375 6375 16
7553 6153 15
9711 7911 12
9711 7911 13
9711 7911 15
9711 7911 16
11800 10200 15
14750 12750 12
2158 1758 12
4316 3516 12
6474 5274 13
7375 6375 14
7375 6375 15
7553 6153 14
7553 6153 15
8632 7032 12
8632 7032 14
8632 7032 14
8632 7032 16
8850 7650 13
8850 7650 13
9711 7911 14
10325 8925 16
10790 8790 13
10790 8790 13
10790 8790 14
11800 10200 15
13275 11475 14
1079 879 12
1079 879 14
1475 1275 12
1475 1275 12
4316 3516 12
4316 3516 14
4316 3516 14
4425 3825 12
4425 3825 13
7375 6375 13
7375 6375 14
7375 6375 16
7553 6153 12
7553 6153 13
7553 6153 14
8632 7032 13
8632 7032 15
8850 7650 12
14750 12750 15
14750 12750 16
2158 1758 12
2158 1758 14
2950 2550 14
4316 3516 14
4316 3516 15
4425 3825 12
4425 3825 14
5900 5100 15
6474 5274 14
7553 6153 16
9711 7911 12
9711 7911 13
9711 7911 13
9711 7911 15
10325 8925 15
10790 8790 14
11800 10200 14
11800 10200 15
11800 10200 15
13275 11475 14
1475 1275 14
2950 2550 13
2950 2550 13
3237 2637 13
3237 2637 16
5395 4395 13
6474 5274 15
7375 6375 12
7553 6153 13
8632 7032 16
9711 7911 13
9711 7911 13
9711 7911 14
9711 7911 15
9711 7911 15
10790 8790 14
11800 10200 14
13275 11475 13
14750 12750 11
14750 12750 16
1079 879 16
1475 1275 12
2158 1758 13
2950 2550 11
4316 3516 13
4425 3825 12
5900 5100 15
6474 5274 14
7553 6153 13
7553 6153 14
8850 7650 12
8850 7650 13
10325 8925 12
10790 8790 12
10790 8790 12
11800 10200 14
13275 11475 11
13275 11475 12
13275 11475 16
14750 12750 16
1079 879 13
1079 879 15
1475 1275 12
1475 1275 15
2158 1758 13
2950 2550 16
5395 4395 14
5900 5100 15
7553 6153 15
7553 6153 15
7553 6153 16
8632 7032 15
9711 7911 14
10325 8925 11
10325 8925 16
10790 8790 14
10790 8790 14
11800 10200 12
11800 10200 14
11800 10200 15
1079 879 16
1475 1275 12
2158 1758 12
2158 1758 13
2950 2550 15
5395 4395 12
5395 4395 14
5900 5100 12
5900 5100 12
6474 5274 12
7553 6153 14
8632 7032 14
8632 7032 15
8850 7650 12
10325 8925 12
10325 8925 12
10790 8790 12
10790 8790 15
11800 10200 13
13275 11475 12
1079 879 15
1079 879 15
1079 879 15
1475 1275 14
1475 1275 16
5395 4395 13
5395 4395 16
6474 5274 16
7375 6375 12
7375 6375 15
7553 6153 13
8632 7032 13
8850 7650 13
8850 7650 14
8850 7650 15
10325 8925 13
10325 8925 16
11800 10200 15
11800 10200 16
13275 11475 11
1475 1275 16
2158 1758 16
2950 2550 16
2950 2550 16
2950 2550 16
3237 2637 16
4316 3516 12
4316 3516 14
4425 3825 13
4425 3825 16
5900 5100 16
7375 6375 12
8850 7650 13
9711 7911 16
10325 8925 12
10325 8925 15
10790 8790 16
11800 10200 15
11800 10200 16
13275 11475 12
1079 879 14
1475 1275 15
2950 2550 14
3237 2637 15
4316 3516 14
4316 3516 14
5395 4395 14
7375 6375 13
7375 6375 14
7375 6375 14
7375 6375 15
7553 6153 12
7553 6153 15
8850 7650 13
9711 7911 13
9711 7911 13
10790 8790 12
10790 8790 14
14750 12750 13
14750 12750 14
1079 879 16
2158 1758 12
2950 2550 14
2950 2550 15
3237 2637 12
3237 2637 15
4316 3516 13
6474 5274 13
6474 5274 15
7375 6375 13
7553 6153 13
7553 6153 14
7553 6153 14
8632 7032 12
8632 7032 14
8850 7650 12
8850 7650 12
8850 7650 14
11800 10200 15
13275 11475 16
1079 879 11
1079 879 15
2158 1758 12
3237 2637 13
3237 2637 14
4316 3516 16
5395 4395 15
5900 5100 14
6474 5274 15
7375 6375 15
8632 7032 16
8850 7650 15
9711 7911 12
9711 7911 12
9711 7911 13
9711 7911 16
10325 8925 16
10790 8790 13
10790 8790 15
14750 12750 16
1079 879 14
1475 1275 13
1475 1275 15
1475 1275 15
2158 1758 12
2950 2550 12
4316 3516 13
4316 3516 13
4425 3825 13
5395 4395 13
5395 4395 15
5900 5100 14
6474 5274 15
7375 6375 14
8850 7650 16
9711 7911 13
10790 8790 15
10790 8790 16
14750 12750 13
14750 12750 15
1079 879 15
1475 1275 15
4316 3516 14
4425 3825 13
5900 5100 12
5900 5100 15
6474 5274 12
7375 6375 12
7553 6153 14
8632 7032 12
8850 7650 13
8850 7650 13
9711 7911 12
9711 7911 14
9711 7911 14
10325 8925 14
13275 11475 13
13275 11475 14
13275 11475 16
14750 12750 12
1079 879 12
1079 879 13
1475 1275 14
2950 2550 13
3237 2637 14
4425 3825 12
4425 3825 13
4425 3825 16
5395 4395 12
5900 5100 12
5900 5100 15
5900 5100 15
5900 5100 15
5900 5100 16
6474 5274 12
7553 6153 14
9711 7911 12
11800 10200 15
13275 11475 12
14750 12750 13
1079 879 15
2158 1758 14
2950 2550 11
2950 2550 15
4316 3516 16
6474 5274 12
7375 6375 13
7375 6375 14
7375 6375 16
8632 7032 15
9711 7911 12
9711 7911 12
9711 7911 12
10325 8925 11
10325 8925 13
10325 8925 13
11800 10200 12
11800 10200 12
13275 11475 13
14750 12750 16
1079 879 14
1475 1275 15
2158 1758 12
2158 1758 12
2950 2550 14
3237 2637 12
3237 2637 13
3237 2637 15
4425 3825 14
4425 3825 14
5395 4395 14
7553 6153 12
7553 6153 14
7553 6153 14
9711 7911 15
10325 8925 15
10790 8790 12
10790 8790 16
10790 8790 16
11800 10200 16
1079 879 13
1475 1275 15
2158 1758 12
2158 1758 14
4425 3825 14
5395 4395 13
5395 4395 15
5900 5100 14
5900 5100 14
6474 5274 13
7553 6153 12
8632 7032 15
8850 7650 14
9711 7911 11
9711 7911 16
10325 8925 12
10325 8925 15
10790 8790 12
10790 8790 15
14750 12750 16
