1000 20 2996922
50 70 243
50 86 208
50 78 185
50 84 179
50 107 195
50 149 190
50 113 248
50 70 209
50 82 198
50 117 249
50 63 222
50 57 183
50 103 165
50 83 180
50 116 186
50 98 151
50 111 160
50 93 157
50 146 164
50 87 246
866 1046 5
866 1046 5
866 1046 6
988 1096 5
988 1096 5
1732 2092 5
1732 2092 5
1976 2192 5
2598 3138 5
2598 3138 6
2598 3138 6
2964 3288 5
2964 3288 5
2964 3288 6
2964 3288 6
3464 4184 5
3464 4184 6
3952 4384 6
4330 5230 5
4330 5230 5
4330 5230 6
4330 5230 6
4330 5230 6
4940 5480 6
5196 6276 5
5196 6276 6
5196 6276 6
5196 6276 6
5928 6576 5
5928 6576 6
6062 7322 5
6062 7322 5
6062 7322 6
6916 7672 5
6928 8368 5
7794 9414 5
7794 9414 6
7794 9414 6
7904 8768 5
8660 10460 5
8660 10460 5
8660 10460 5
8660 10460 5
8660 10460 5
8892 9864 5
9880 10960 5
9880 10960 5
9880 10960 5
9880 10960 5
9880 10960 7
866 1046 5
866 1046 5
866 1046 6
866 1046 6
988 1096 6
988 1096 6
1732 2092 5
1732 2092 5
1976 2192 5
1976 2192 5
1976 2192 6
2964 3288 5
2964 3288 6
2964 3288 6
2964 3288 6
3464 4184 6
3464 4184 6
3464 4184 6
3952 4384 5
3952 4384 5
4330 5230 5
4330 5230 6
4330 5230 6
4940 5480 5
4940 5480 6
5196 6276 6
5196 6276 6
5196 6276 6
5196 6276 6
5196 6276 6
5928 6576 5
5928 6576 6
6062 7322 6
6062 7322 6
6916 7672 6
6928 8368 5
6928 8368 5
6928 8368 6
7794 9414 5
7794 9414 5
7794 9414 5
7904 8768 6
8660 10460 5
8660 10460 6
8892 9864 5
8892 9864 5
8892 9864 6
9880 10960 5
9880 10960 6
9880 10960 6
866 1046 6
866 1046 6
988 1096 5
988 1096 6
988 1096 6
1732 2092 6
1732 2092 6
1976 2192 5
1976 2192 5
1976 2192 5
1976 2192 6
1976 2192 6
1976 2192 6
2964 3288 5
2964 3288 6
3464 4184 5
3464 4184 5
3464 4184 5
3464 4184 6
3952 4384 6
3952 4384 6
3952 4384 7
4330 5230 5
4330 5230 6
4330 5230 6
4330 5230 6
4330 5230 7
4940 5480 5
5196 6276 6
5928 6576 6
5928 6576 6
6916 7672 5
6916 7672 5
6916 7672 6
6916 7672 6
6916 7672 6
6928 8368 5
6928 8368 5
6928 8368 5
7794 9414 5
7794 9414 6
7794 9414 6
7904 8768 5
7904 8768 6
7904 8768 6
8660 10460 5
8660 10460 6
8892 9864 6
9880 10960 5
9880 10960 6
866 1046 6
866 1046 6
988 1096 5
988 1096 5
988 1096 6
988 1096 6
1732 2092 5
1732 2092 6
1732 2092 6
1976 2192 5
2598 3138 6
2964 3288 6
3464 4184 6
3952 4384 6
4330 5230 5
4330 5230 6
4330 5230 6
4330 5230 6
4940 5480 6
4940 5480 6
5196 6276 5
5928 6576 6
5928 6576 6
6062 7322 5
6062 7322 6
6062 7322 6
6062 7322 6
6916 7672 6
6916 7672 6
6916 7672 6
6928 8368 6
7794 9414 5
7794 9414 5
7904 8768 5
7904 8768 5
7904 8768 6
7904 8768 6
7904 8768 6
8660 10460 5
8660 10460 6
8892 9864 5
8892 9864 6
8892 9864 6
8892 9864 6
8892 9864 7
9880 10960 5
9880 10960 5
9880 10960 5
9880 10960 5
9880 10960 6
866 1046 5
866 1046 7
988 1096 5
1732 2092 5
1732 2092 5
1732 2092 5
1976 2192 5
1976 2192 6
2598 3138 5
2598 3138 5
2598 3138 5
3464 4184 5
3464 4184 6
3464 4184 6
3952 4384 6
3952 4384 6
3952 4384 6
4330 5230 6
4330 5230 6
4330 5230 7
4940 5480 6
4940 5480 6
4940 5480 6
4940 5480 6
4940 5480 6
5196 6276 5
5196 6276 5
5196 6276 5
5196 6276 6
5196 6276 6
5928 6576 6
5928 6576 6
6062 7322 6
6062 7322 6
6916 7672 6
6928 8368 5
6928 8368 5
7794 9414 5
7794 9414 6
7904 8768 5
7904 8768 5
7904 8768 5
8660 10460 5
8660 10460 6
8892 9864 5
8892 9864 5
8892 9864 5
8892 9864 6
8892 9864 6
9880 10960 5
866 1046 6
866 1046 6
988 1096 5
988 1096 7
1732 2092 5
1732 2092 5
1732 2092 6
1976 2192 5
1976 2192 5
1976 2192 5
2598 3138 5
2598 3138 6
2598 3138 6
2598 3138 6
2598 3138 6
2964 3288 5
2964 3288 5
2964 3288 6
3464 4184 5
3464 4184 5
3464 4184 5
3464 4184 5
3952 4384 5
3952 4384 6
4330 5230 6
5196 6276 5
5196 6276 6
5928 6576 6
6062 7322 5
6062 7322 5
6062 7322 5
6916 7672 5
6916 7672 5
6916 7672 5
6916 7672 6
6928 8368 5
6928 8368 5
6928 8368 6
6928 8368 6
6928 8368 6
7794 9414 5
7904 8768 5
7904 8768 5
7904 8768 6
7904 8768 6
8660 10460 5
8660 10460 5
8660 10460 7
8892 9864 6
9880 10960 5
866 1046 6
988 1096 6
1732 2092 5
1732 2092 6
1732 2092 6
1976 2192 6
1976 2192 6
1976 2192 6
2598 3138 6
2598 3138 6
2964 3288 6
3464 4184 5
3464 4184 5
3464 4184 6
3952 4384 6
4330 5230 6
4940 5480 5
4940 5480 5
4940 5480 5
4940 5480 6
4940 5480 6
5196 6276 5
5928 6576 5
5928 6576 5
5928 6576 5
5928 6576 6
6062 7322 5
6062 7322 5
6062 7322 5
6062 7322 5
6916 7672 6
6916 7672 6
6928 8368 5
6928 8368 6
7794 9414 5
7794 9414 5
7794 9414 6
7794 9414 6
7904 8768 5
7904 8768 6
8660 10460 5
8660 10460 5
8660 10460 6
8660 10460 6
8660 10460 6
8892 9864 5
8892 9864 6
8892 9864 6
9880 10960 5
9880 10960 5
866 1046 5
866 1046 6
866 1046 6
1732 2092 5
1732 2092 6
1976 2192 5
1976 2192 5
1976 2192 5
1976 2192 5
1976 2192 6
1976 2192 6
2598 3138 5
2598 3138 6
2964 3288 5
2964 3288 5
2964 3288 6
2964 3288 6
2964 3288 6
3464 4184 5
3464 4184 5
3464 4184 5
3464 4184 6
3464 4184 6
3952 4384 5
4330 5230 5
4330 5230 5
4330 5230 5
4940 5480 5
4940 5480 6
4940 5480 6
5196 6276 5
5196 6276 6
5928 6576 5
5928 6576 6
5928 6576 6
6062 7322 5
6062 7322 6
6062 7322 6
6062 7322 6
6062 7322 7
6916 7672 5
6928 8368 5
7904 8768 5
7904 8768 5
7904 8768 6
8660 10460 5
8892 9864 5
9880 10960 6
9880 10960 6
9880 10960 6
866 1046 5
866 1046 5
988 1096 6
988 1096 6
1732 2092 5
1732 2092 6
1976 2192 6
1976 2192 6
2598 3138 6
2598 3138 6
2964 3288 6
2964 3288 6
2964 3288 6
3464 4184 5
3464 4184 5
3464 4184 6
3952 4384 5
3952 4384 5
3952 4384 5
4330 5230 5
4330 5230 5
4330 5230 6
4330 5230 6
4330 5230 7
4940 5480 5
4940 5480 6
4940 5480 6
5196 6276 6
5928 6576 5
5928 6576 5
6062 7322 5
6062 7322 5
6062 7322 6
6062 7322 7
6916 7672 5
6916 7672 5
6916 7672 6
6928 8368 5
6928 8368 6
6928 8368 6
7794 9414 5
7794 9414 6
7904 8768 6
7904 8768 6
7904 8768 6
7904 8768 6
8660 10460 6
9880 10960 5
9880 10960 6
9880 10960 6
866 1046 5
866 1046 5
866 1046 5
866 1046 6
866 1046 6
988 1096 5
988 1096 6
988 1096 6
988 1096 6
1732 2092 5
1732 2092 5
1732 2092 6
1976 2192 5
1976 2192 6
2598 3138 6
2964 3288 5
2964 3288 5
2964 3288 5
3464 4184 5
3464 4184 5
3464 4184 5
3464 4184 5
3464 4184 6
3952 4384 5
3952 4384 6
4330 5230 5
4330 5230 5
4330 5230 5
4330 5230 5
4330 5230 6
5196 6276 6
5196 6276 6
5928 6576 6
5928 6576 6
6062 7322 6
6916 7672 6
6928 8368 6
6928 8368 6
6928 8368 6
7794 9414 5
7794 9414 6
7904 8768 5
7904 8768 5
7904 8768 5
8660 10460 6
8660 10460 6
8892 9864 5
8892 9864 6
8892 9864 6
9880 10960 6
866 1046 5
866 1046 5
866 1046 6
988 1096 5
988 1096 7
1732 2092 5
1732 2092 6
1976 2192 5
1976 2192 5
1976 2192 6
2598 3138 5
2598 3138 5
2598 3138 6
2598 3138 7
2964 3288 5
2964 3288 5
2964 3288 6
2964 3288 6
3464 4184 5
3464 4184 6
3464 4184 6
3952 4384 5
3952 4384 7
4330 5230 5
4330 5230 6
5196 6276 5
5196 6276 5
5196 6276 5
5196 6276 6
5196 6276 6
5928 6576 5
5928 6576 5
5928 6576 6
6062 7322 5
6928 8368 6
6928 8368 6
7794 9414 5
7794 9414 5
7794 9414 5
7904 8768 5
7904 8768 6
8660 10460 5
8660 10460 5
8660 10460 6
8660 10460 6
8660 10460 6
8892 9864 5
8892 9864 6
9880 10960 5
9880 10960 6
866 1046 6
866 1046 6
988 1096 5
988 1096 6
1732 2092 5
1732 2092 6
1976 2192 5
1976 2192 6
2598 3138 5
2598 3138 6
2598 3138 6
2598 3138 6
2598 3138 6
2964 3288 5
2964 3288 5
2964 3288 5
2964 3288 6
2964 3288 6
3464 4184 5
3464 4184 5
3464 4184 6
3464 4184 6
4330 5230 5
4330 5230 7
4940 5480 5
4940 5480 5
4940 5480 6
4940 5480 6
5196 6276 5
5928 6576 5
5928 6576 6
5928 6576 6
5928 6576 6
5928 6576 6
5928 6576 6
5928 6576 7
6062 7322 5
6062 7322 5
6916 7672 5
6916 7672 6
6928 8368 6
6928 8368 6
7794 9414 5
7794 9414 6
7794 9414 6
8660 10460 6
8892 9864 6
9880 10960 6
9880 10960 6
9880 10960 7
866 1046 5
988 1096 5
988 1096 5
988 1096 6
1732 2092 5
1732 2092 5
1732 2092 5
1976 2192 5
1976 2192 6
1976 2192 6
2598 3138 5
2598 3138 5
2598 3138 6
2964 3288 5
2964 3288 6
2964 3288 6
3464 4184 5
3464 4184 5
3952 4384 5
4330 5230 5
4330 5230 6
4940 5480 5
4940 5480 6
5196 6276 5
5196 6276 6
5928 6576 5
5928 6576 6
6062 7322 6
6916 7672 5
6916 7672 6
6916 7672 6
6916 7672 6
6916 7672 6
6916 7672 7
6928 8368 5
6928 8368 6
7794 9414 5
7794 9414 5
7794 9414 6
7794 9414 6
7794 9414 6
7904 8768 5
7904 8768 6
8660 10460 6
8660 10460 6
8660 10460 6
8660 10460 6
8892 9864 6
8892 9864 6
9880 10960 5
988 1096 5
988 1096 6
1732 2092 5
1732 2092 6
1732 2092 6
1976 2192 6
2598 3138 5
2964 3288 5
2964 3288 5
2964 3288 6
3464 4184 6
3952 4384 5
4330 5230 6
4940 5480 5
4940 5480 5
4940 5480 6
5196 6276 6
5196 6276 6
5196 6276 6
5928 6576 5
5928 6576 5
5928 6576 5
5928 6576 6
5928 6576 6
5928 6576 6
6062 7322 5
6062 7322 6
6062 7322 6
6916 7672 6
6916 7672 6
6916 7672 6
6928 8368 5
6928 8368 6
6928 8368 6
7794 9414 5
7794 9414 5
7794 9414 6
7794 9414 6
7904 8768 5
7904 8768 5
7904 8768 5
7904 8768 6
8660 10460 6
8660 10460 6
8660 10460 6
8660 10460 6
8892 9864 6
8892 9864 6
8892 9864 6
9880 10960 5
988 1096 5
988 1096 5
988 1096 6
1732 2092 5
1732 2092 5
1732 2092 7
1976 2192 6
2598 3138 6
2598 3138 6
2964 3288 6
3464 4184 5
3464 4184 6
3464 4184 6
3952 4384 5
3952 4384 6
4330 5230 5
4330 5230 5
4330 5230 6
4940 5480 5
4940 5480 6
4940 5480 6
4940 5480 6
4940 5480 6
5196 6276 5
5196 6276 6
5928 6576 5
5928 6576 6
6062 7322 6
6062 7322 6
6916 7672 5
6916 7672 5
6916 7672 6
6916 7672 6
6916 7672 6
6916 7672 6
6928 8368 5
7794 9414 5
7794 9414 5
7794 9414 6
7794 9414 6
7904 8768 5
8660 10460 5
8660 10460 5
8660 10460 5
8660 10460 6
8892 9864 5
8892 9864 6
9880 10960 5
9880 10960 5
9880 10960 6
866 1046 7
988 1096 5
988 1096 5
988 1096 6
988 1096 6
1732 2092 5
1976 2192 5
1976 2192 6
1976 2192 7
2598 3138 5
2598 3138 6
3952 4384 6
4330 5230 5
4330 5230 5
4330 5230 5
4330 5230 6
4330 5230 6
4330 5230 6
4940 5480 5
4940 5480 6
4940 5480 6
5196 6276 5
5196 6276 5
5196 6276 6
5928 6576 7
6062 7322 5
6062 7322 5
6062 7322 5
6062 7322 6
6916 7672 5
6916 7672 6
6916 7672 6
6916 7672 6
6916 7672 6
6916 7672 6
6916 7672 7
7794 9414 5
7794 9414 5
7904 8768 5
7904 8768 5
7904 8768 5
7904 8768 6
8660 10460 5
8660 10460 6
8660 10460 6
8892 9864 6
8892 9864 6
9880 10960 5
9880 10960 6
9880 10960 6
866 1046 5
866 1046 5
866 1046 5
866 1046 6
866 1046 6
1732 2092 5
1732 2092 6
1976 2192 5
2964 3288 5
2964 3288 5
3464 4184 5
3464 4184 5
3464 4184 5
3464 4184 6
3464 4184 6
3952 4384 5
3952 4384 5
3952 4384 5
3952 4384 6
3952 4384 6
4330 5230 6
4330 5230 6
4330 5230 6
4330 5230 7
4940 5480 5
4940 5480 5
4940 5480 5
4940 5480 6
5196 6276 5
5196 6276 6
5928 6576 5
5928 6576 5
5928 6576 5
6062 7322 5
6062 7322 6
6916 7672 6
6916 7672 6
6928 8368 6
6928 8368 6
6928 8368 6
7794 9414 5
7794 9414 6
7904 8768 5
7904 8768 6
8660 10460 5
8892 9864 7
9880 10960 5
9880 10960 5
9880 10960 5
9880 10960 6
988 1096 5
988 1096 6
988 1096 6
988 1096 6
1732 2092 6
1976 2192 5
1976 2192 6
1976 2192 6
2598 3138 5
2598 3138 5
2598 3138 5
2964 3288 5
2964 3288 6
2964 3288 6
3464 4184 5
3464 4184 5
3952 4384 5
3952 4384 6
3952 4384 6
3952 4384 6
3952 4384 6
4330 5230 5
4330 5230 5
4330 5230 6
4330 5230 7
4940 5480 5
5196 6276 5
5196 6276 5
5196 6276 6
5928 6576 5
5928 6576 6
6928 8368 6
7794 9414 5
7794 9414 5
7794 9414 5
7794 9414 6
7794 9414 6
7904 8768 5
7904 8768 5
8660 10460 6
8660 10460 7
8892 9864 5
8892 9864 5
8892 9864 5
8892 9864 6
9880 10960 5
9880 10960 5
9880 10960 6
9880 10960 6
9880 10960 6
866 1046 6
866 1046 6
988 1096 5
988 1096 6
1732 2092 5
1976 2192 5
1976 2192 6
1976 2192 6
2598 3138 5
2598 3138 6
2964 3288 6
3464 4184 5
3464 4184 6
3952 4384 5
3952 4384 5
4330 5230 5
4330 5230 6
4330 5230 6
4940 5480 5
4940 5480 5
5196 6276 5
5196 6276 6
5196 6276 7
5928 6576 5
5928 6576 5
5928 6576 5
5928 6576 6
6062 7322 5
6062 7322 6
6916 7672 6
6916 7672 6
7794 9414 5
7794 9414 6
7904 8768 5
7904 8768 5
7904 8768 6
7904 8768 6
7904 8768 6
7904 8768 6
8660 10460 5
8660 10460 6
8660 10460 6
8892 9864 5
8892 9864 5
8892 9864 6
8892 9864 6
8892 9864 7
9880 10960 6
9880 10960 6
9880 10960 6
866 1046 5
866 1046 5
866 1046 5
866 1046 7
1976 2192 6
2598 3138 5
2598 3138 6
2964 3288 5
3464 4184 5
3464 4184 5
3464 4184 6
3952 4384 5
3952 4384 5
3952 4384 6
4330 5230 5
4330 5230 5
4940 5480 5
4940 5480 6
4940 5480 6
4940 5480 6
4940 5480 6
5928 6576 6
6062 7322 5
6062 7322 6
6062 7322 7
6916 7672 5
6916 7672 6
6928 8368 5
6928 8368 6
6928 8368 6
6928 8368 6
6928 8368 6
7794 9414 5
7794 9414 5
7794 9414 5
7794 9414 5
7794 9414 6
7794 9414 6
7794 9414 6
7904 8768 5
7904 8768 6
7904 8768 6
8660 10460 6
8660 10460 6
8660 10460 6
8892 9864 5
8892 9864 6
9880 10960 5
9880 10960 5
9880 10960 6
