2000 20 738986
100 67 217
100 109 239
100 100 168
100 133 235
100 79 172
100 95 198
100 78 230
100 106 212
100 83 167
100 120 240
100 145 177
100 131 247
100 84 171
100 138 200
100 145 224
100 84 222
100 137 205
100 107 181
100 116 182
100 69 216
94 88 2
94 88 3
94 88 3
94 88 3
168 171 2
168 171 2
168 171 2
168 171 3
168 171 3
188 176 2
188 176 2
188 176 2
282 264 2
282 264 3
336 342 2
336 342 2
336 342 2
336 342 2
336 342 2
336 342 3
376 352 2
376 352 2
376 352 2
376 352 2
376 352 3
376 352 3
376 352 3
470 440 2
470 440 2
470 440 3
470 440 3
504 513 2
504 513 2
504 513 2
504 513 2
504 513 2
504 513 2
504 513 3
504 513 3
504 513 3
504 513 3
504 513 3
504 513 3
504 513 3
564 528 2
564 528 3
658 616 2
658 616 2
658 616 2
658 616 2
658 616 3
658 616 3
672 684 3
672 684 3
672 684 3
672 684 3
672 684 3
672 684 3
752 704 2
752 704 2
752 704 3
752 704 3
840 855 2
840 855 2
840 855 2
840 855 2
840 855 3
840 855 3
840 855 3
846 792 2
846 792 2
846 792 2
846 792 2
846 792 2
846 792 3
846 792 3
846 792 3
940 880 2
940 880 2
1008 1026 2
1008 1026 2
1008 1026 3
1008 1026 3
1176 1197 2
1176 1197 3
1176 1197 3
1176 1197 3
1176 1197 3
1344 1368 2
1344 1368 2
1344 1368 3
1512 1539 2
1512 1539 2
1512 1539 3
1680 1710 2
1680 1710 2
1680 1710 2
1680 1710 2
1680 1710 2
1680 1710 2
94 88 2
94 88 3
94 88 3
94 88 3
94 88 3
168 171 2
168 171 2
168 171 2
188 176 2
188 176 2
188 176 3
188 176 3
188 176 3
188 176 3
188 176 3
282 264 2
282 264 2
282 264 2
282 264 3
282 264 3
282 264 3
336 342 2
336 342 3
336 342 3
336 342 3
336 342 3
376 352 2
376 352 2
376 352 3
376 352 3
376 352 3
376 352 3
470 440 2
470 440 2
470 440 2
470 440 3
504 513 2
504 513 2
504 513 2
564 528 2
564 528 2
564 528 2
564 528 2
564 528 2
564 528 2
564 528 2
658 616 3
658 616 3
672 684 2
672 684 3
672 684 3
752 704 2
752 704 2
840 855 2
840 855 3
840 855 3
846 792 3
846 792 3
940 880 2
940 880 2
1008 1026 2
1008 1026 3
1008 1026 3
1008 1026 3
1008 1026 3
1176 1197 2
1176 1197 2
1176 1197 2
1176 1197 2
1176 1197 2
1176 1197 3
1176 1197 3
1176 1197 3
1176 1197 3
1344 1368 2
1344 1368 2
1344 1368 2
1344 1368 2
1344 1368 2
1344 1368 2
1344 1368 2
1344 1368 2
1344 1368 3
1512 1539 2
1512 1539 2
1512 1539 2
1512 1539 3
1512 1539 3
1512 1539 3
1512 1539 3
1512 1539 3
1512 1539 3
1512 1539 3
1512 1539 3
1680 1710 2
1680 1710 2
1680 1710 2
1680 1710 2
1680 1710 2
1680 1710 3
94 88 2
94 88 2
94 88 2
94 88 3
94 88 3
168 171 2
168 171 2
168 171 3
168 171 3
168 171 3
188 176 3
188 176 3
188 176 3
282 264 2
282 264 2
282 264 2
282 264 2
282 264 3
282 264 3
336 342 2
336 342 2
336 342 2
336 342 2
336 342 2
336 342 3
336 342 3
376 352 2
376 352 2
376 352 2
376 352 2
376 352 2
376 352 3
376 352 3
470 440 2
470 440 2
470 440 3
470 440 3
470 440 3
470 440 3
470 440 3
504 513 2
504 513 2
504 513 2
504 513 3
564 528 2
564 528 3
564 528 3
564 528 3
564 528 3
658 616 3
658 616 3
658 616 3
672 684 2
672 684 2
672 684 3
752 704 2
752 704 2
840 855 2
840 855 2
840 855 2
840 855 2
840 855 2
840 855 2
840 855 3
846 792 2
846 792 2
846 792 2
846 792 2
846 792 2
846 792 3
940 880 2
940 880 2
1008 1026 2
1008 1026 2
1008 1026 2
1008 1026 2
1008 1026 3
1008 1026 3
1176 1197 2
1176 1197 3
1344 1368 2
1344 1368 2
1344 1368 2
1344 1368 2
1344 1368 2
1344 1368 2
1344 1368 2
1344 1368 2
1344 1368 2
1344 1368 2
1344 1368 3
1344 1368 3
1512 1539 2
1512 1539 2
1512 1539 2
1512 1539 3
1680 1710 2
1680 1710 2
1680 1710 2
1680 1710 3
94 88 2
94 88 2
94 88 3
94 88 3
94 88 3
94 88 3
94 88 3
168 171 2
168 171 2
168 171 2
168 171 2
168 171 3
188 176 2
188 176 2
188 176 2
188 176 3
282 264 2
282 264 2
282 264 2
282 264 2
282 264 2
336 342 2
336 342 2
336 342 3
336 342 3
336 342 3
376 352 2
376 352 3
376 352 3
470 440 2
470 440 2
470 440 3
470 440 3
504 513 2
504 513 2
504 513 3
504 513 3
504 513 3
564 528 2
564 528 2
564 528 2
564 528 3
658 616 2
658 616 2
658 616 2
672 684 2
672 684 2
672 684 2
672 684 2
672 684 3
752 704 2
752 704 2
752 704 2
752 704 2
752 704 3
752 704 3
752 704 3
840 855 2
840 855 2
840 855 2
840 855 3
846 792 2
846 792 2
846 792 2
846 792 3
846 792 3
846 792 3
846 792 3
846 792 3
940 880 2
940 880 2
940 880 2
1008 1026 2
1008 1026 2
1008 1026 2
1008 1026 3
1008 1026 3
1008 1026 3
1176 1197 2
1176 1197 2
1176 1197 2
1176 1197 3
1176 1197 3
1344 1368 2
1344 1368 2
1344 1368 2
1344 1368 2
1344 1368 2
1344 1368 2
1344 1368 3
1512 1539 2
1512 1539 3
1512 1539 3
1512 1539 3
1680 1710 2
1680 1710 2
1680 1710 2
1680 1710 3
1680 1710 3
1680 1710 3
94 88 2
94 88 2
94 88 2
94 88 2
94 88 2
94 88 2
94 88 3
168 171 2
168 171 2
168 171 3
188 176 2
188 176 2
188 176 2
188 176 2
188 176 2
188 176 2
188 176 3
188 176 3
188 176 3
188 176 3
188 176 3
188 176 3
282 264 2
282 264 2
282 264 2
282 264 2
282 264 2
282 264 2
282 264 2
336 342 2
336 342 2
336 342 2
336 342 2
336 342 3
336 342 3
336 342 3
376 352 2
376 352 2
376 352 2
376 352 2
376 352 3
376 352 3
470 440 2
470 440 3
470 440 3
504 513 2
504 513 2
504 513 3
504 513 3
504 513 3
564 528 3
658 616 2
658 616 2
658 616 2
658 616 3
658 616 3
672 684 2
672 684 2
672 684 2
672 684 3
672 684 3
752 704 2
752 704 2
752 704 2
752 704 2
752 704 2
752 704 3
840 855 2
840 855 2
846 792 2
846 792 2
940 880 2
940 880 2
940 880 2
940 880 2
940 880 3
940 880 3
1008 1026 2
1008 1026 2
1008 1026 3
1176 1197 2
1176 1197 2
1176 1197 2
1176 1197 2
1176 1197 2
1176 1197 3
1176 1197 3
1176 1197 3
1344 1368 2
1344 1368 2
1344 1368 3
1344 1368 3
1512 1539 2
1512 1539 2
1512 1539 2
1512 1539 3
1680 1710 2
1680 1710 2
1680 1710 2
1680 1710 3
94 88 2
94 88 2
94 88 3
94 88 3
168 171 2
168 171 2
188 176 2
188 176 2
188 176 2
188 176 2
188 176 2
188 176 2
188 176 3
188 176 3
188 176 3
188 176 3
282 264 2
282 264 2
282 264 2
282 264 2
282 264 2
282 264 3
336 342 2
376 352 2
470 440 2
470 440 2
470 440 2
470 440 3
470 440 3
504 513 2
504 513 2
504 513 2
504 513 3
504 513 3
504 513 3
504 513 3
504 513 3
564 528 2
564 528 3
564 528 3
564 528 3
658 616 2
658 616 2
658 616 2
658 616 2
658 616 3
658 616 3
672 684 2
672 684 2
672 684 3
752 704 2
752 704 2
752 704 2
752 704 2
752 704 2
752 704 2
752 704 3
752 704 3
752 704 3
752 704 3
752 704 3
840 855 2
840 855 3
846 792 2
846 792 2
846 792 3
940 880 2
940 880 2
940 880 2
940 880 2
940 880 2
940 880 2
940 880 3
940 880 3
940 880 3
940 880 3
1008 1026 2
1008 1026 2
1008 1026 2
1008 1026 2
1008 1026 2
1008 1026 3
1176 1197 2
1176 1197 2
1176 1197 3
1176 1197 3
1176 1197 3
1344 1368 2
1344 1368 2
1344 1368 2
1344 1368 3
1344 1368 3
1344 1368 3
1512 1539 2
1512 1539 2
1512 1539 3
1512 1539 3
1680 1710 2
1680 1710 3
1680 1710 3
94 88 2
94 88 2
94 88 3
168 171 2
168 171 3
168 171 3
188 176 2
188 176 2
188 176 2
188 176 2
188 176 3
282 264 2
282 264 2
282 264 3
336 342 2
336 342 2
336 342 3
336 342 3
376 352 2
376 352 2
376 352 2
376 352 2
376 352 2
376 352 2
376 352 2
376 352 2
376 352 3
376 352 3
470 440 2
470 440 2
470 440 2
470 440 2
470 440 3
470 440 3
470 440 3
470 440 3
504 513 2
504 513 3
564 528 2
564 528 2
564 528 2
564 528 2
564 528 3
564 528 3
658 616 2
658 616 2
658 616 2
658 616 3
658 616 3
658 616 3
658 616 3
658 616 3
658 616 3
658 616 3
658 616 3
672 684 2
672 684 2
672 684 2
672 684 2
672 684 2
672 684 3
672 684 3
672 684 3
672 684 3
752 704 2
752 704 2
840 855 2
840 855 3
840 855 3
846 792 2
846 792 2
846 792 2
846 792 3
846 792 3
846 792 3
846 792 3
846 792 3
940 880 2
940 880 2
940 880 3
940 880 3
940 880 3
1008 1026 2
1008 1026 2
1008 1026 3
1176 1197 2
1176 1197 2
1176 1197 3
1344 1368 2
1344 1368 2
1344 1368 2
1512 1539 2
1512 1539 2
1512 1539 2
1512 1539 3
1512 1539 3
1512 1539 3
1512 1539 3
1680 1710 2
1680 1710 2
94 88 2
94 88 2
94 88 2
94 88 3
94 88 3
94 88 3
168 171 2
168 171 2
168 171 3
188 176 2
188 176 2
188 176 3
188 176 3
282 264 2
282 264 2
282 264 2
282 264 2
282 264 2
282 264 2
282 264 3
282 264 3
336 342 2
336 342 2
336 342 3
376 352 2
376 352 3
376 352 3
470 440 2
470 440 2
470 440 2
470 440 2
470 440 3
504 513 2
504 513 2
504 513 2
504 513 3
504 513 3
504 513 3
504 513 3
564 528 2
564 528 2
564 528 3
564 528 3
564 528 3
658 616 2
658 616 2
658 616 2
658 616 2
658 616 2
658 616 2
658 616 2
672 684 2
672 684 2
672 684 2
672 684 2
672 684 2
752 704 2
752 704 2
840 855 2
846 792 2
846 792 2
846 792 2
846 792 2
846 792 2
846 792 3
846 792 3
940 880 2
940 880 2
940 880 2
940 880 2
940 880 2
940 880 2
940 880 3
1008 1026 2
1008 1026 2
1008 1026 2
1008 1026 2
1008 1026 2
1008 1026 3
1008 1026 3
1176 1197 2
1176 1197 2
1176 1197 2
1176 1197 2
1176 1197 3
1176 1197 3
1344 1368 2
1344 1368 2
1344 1368 2
1344 1368 2
1344 1368 3
1344 1368 3
1512 1539 2
1512 1539 2
1512 1539 3
1680 1710 2
1680 1710 2
1680 1710 3
1680 1710 3
1680 1710 3
94 88 2
94 88 2
94 88 2
94 88 2
94 88 3
168 171 2
168 171 2
168 171 2
168 171 3
168 171 3
168 171 3
168 171 3
168 171 3
168 171 3
188 176 3
188 176 3
188 176 3
188 176 3
188 176 3
282 264 2
282 264 2
282 264 2
282 264 2
282 264 3
336 342 2
336 342 3
376 352 2
376 352 2
376 352 2
470 440 3
504 513 2
504 513 2
504 513 2
504 513 3
504 513 3
504 513 3
564 528 2
564 528 2
564 528 2
564 528 2
564 528 3
564 528 3
658 616 2
658 616 2
658 616 2
658 616 2
658 616 3
658 616 3
658 616 3
658 616 3
658 616 3
658 616 3
672 684 2
672 684 2
672 684 2
672 684 3
672 684 3
672 684 3
672 684 3
752 704 3
752 704 3
840 855 2
846 792 2
846 792 2
846 792 2
846 792 2
846 792 2
846 792 3
846 792 3
940 880 2
940 880 2
940 880 2
940 880 3
1008 1026 2
1008 1026 2
1008 1026 2
1008 1026 2
1008 1026 2
1008 1026 2
1008 1026 3
1008 1026 3
1176 1197 2
1176 1197 2
1176 1197 2
1176 1197 3
1344 1368 2
1344 1368 2
1344 1368 2
1344 1368 2
1344 1368 3
1344 1368 3
1512 1539 2
1512 1539 2
1512 1539 3
1512 1539 3
1512 1539 3
1512 1539 3
1680 1710 2
1680 1710 2
1680 1710 3
94 88 2
94 88 2
94 88 2
94 88 2
94 88 2
168 171 2
168 171 2
168 171 3
168 171 3
188 176 2
188 176 2
188 176 2
188 176 3
188 176 3
188 176 3
188 176 3
282 264 2
282 264 2
282 264 2
282 264 3
282 264 3
336 342 2
336 342 2
336 342 2
336 342 2
376 352 2
376 352 3
376 352 3
376 352 3
376 352 3
470 440 2
470 440 2
470 440 2
470 440 2
470 440 2
470 440 2
470 440 2
470 440 3
470 440 3
504 513 2
504 513 3
504 513 3
504 513 3
564 528 2
564 528 3
658 616 2
658 616 2
658 616 2
658 616 3
672 684 3
672 684 3
672 684 3
672 684 3
752 704 2
752 704 2
752 704 2
752 704 2
752 704 3
752 704 3
840 855 2
840 855 2
840 855 3
846 792 2
846 792 2
846 792 3
846 792 3
846 792 3
940 880 2
940 880 2
940 880 2
940 880 2
1008 1026 2
1008 1026 2
1008 1026 2
1008 1026 2
1008 1026 2
1008 1026 3
1008 1026 3
1008 1026 3
1008 1026 3
1176 1197 2
1176 1197 2
1176 1197 2
1176 1197 2
1176 1197 2
1176 1197 2
1176 1197 3
1344 1368 2
1344 1368 2
1344 1368 2
1344 1368 3
1344 1368 3
1512 1539 2
1512 1539 2
1512 1539 2
1512 1539 3
1512 1539 3
1680 1710 2
1680 1710 3
1680 1710 3
94 88 2
94 88 2
94 88 2
94 88 2
94 88 3
94 88 3
168 171 2
168 171 2
168 171 2
168 171 2
168 171 3
168 171 3
168 171 3
168 171 3
168 171 3
188 176 2
188 176 2
188 176 2
188 176 2
188 176 2
188 176 3
188 176 3
282 264 2
282 264 3
282 264 3
336 342 2
336 342 3
336 342 3
336 342 3
336 342 3
376 352 2
376 352 3
470 440 2
470 440 2
470 440 3
470 440 3
470 440 3
504 513 2
504 513 2
504 513 2
504 513 2
504 513 3
564 528 2
564 528 2
564 528 2
564 528 2
564 528 3
564 528 3
564 528 3
658 616 2
658 616 2
658 616 3
672 684 2
672 684 3
672 684 3
752 704 2
752 704 2
752 704 2
752 704 2
752 704 3
840 855 2
840 855 3
840 855 3
840 855 3
846 792 2
846 792 2
846 792 2
846 792 2
846 792 2
846 792 2
846 792 2
940 880 2
940 880 2
940 880 2
940 880 2
940 880 2
940 880 2
940 880 2
940 880 3
940 880 3
940 880 3
940 880 3
1008 1026 3
1176 1197 2
1176 1197 2
1176 1197 2
1176 1197 2
1344 1368 2
1344 1368 2
1344 1368 2
1344 1368 3
1344 1368 3
1512 1539 2
1512 1539 2
1512 1539 3
1512 1539 3
1512 1539 3
1680 1710 2
1680 1710 2
1680 1710 3
94 88 2
94 88 2
94 88 2
94 88 2
94 88 2
94 88 3
94 88 3
94 88 3
168 171 2
168 171 2
168 171 2
168 171 3
188 176 3
188 176 3
282 264 2
282 264 3
282 264 3
336 342 2
336 342 2
336 342 3
336 342 3
376 352 2
376 352 2
376 352 3
376 352 3
376 352 3
470 440 2
470 440 2
470 440 2
470 440 2
470 440 2
470 440 2
504 513 2
504 513 2
504 513 2
504 513 3
504 513 3
504 513 3
564 528 2
564 528 2
564 528 2
564 528 3
658 616 2
658 616 2
658 616 2
658 616 3
658 616 3
658 616 3
672 684 2
672 684 2
672 684 3
672 684 3
752 704 2
752 704 2
752 704 2
752 704 2
752 704 2
752 704 2
752 704 3
752 704 3
752 704 3
840 855 2
840 855 3
840 855 3
846 792 2
940 880 2
940 880 2
940 880 2
940 880 2
940 880 2
940 880 2
1008 1026 2
1008 1026 2
1008 1026 2
1008 1026 2
1008 1026 3
1008 1026 3
1008 1026 3
1008 1026 3
1176 1197 2
1176 1197 2
1176 1197 2
1176 1197 2
1176 1197 2
1176 1197 3
1344 1368 2
1344 1368 2
1344 1368 3
1344 1368 3
1512 1539 2
1512 1539 2
1512 1539 3
1512 1539 3
1512 1539 3
1680 1710 2
1680 1710 2
1680 1710 2
1680 1710 2
1680 1710 2
1680 1710 3
94 88 2
94 88 2
94 88 2
94 88 2
94 88 2
94 88 2
94 88 2
94 88 3
94 88 3
94 88 3
94 88 3
94 88 3
94 88 3
94 88 3
94 88 3
168 171 2
168 171 3
168 171 3
188 176 2
188 176 2
188 176 2
188 176 2
188 176 3
282 264 2
282 264 2
282 264 3
282 264 3
282 264 3
336 342 2
336 342 2
336 342 3
336 342 3
336 342 3
376 352 2
376 352 2
470 440 2
470 440 3
504 513 2
504 513 2
504 513 2
504 513 3
564 528 2
564 528 2
658 616 2
658 616 2
658 616 2
658 616 2
658 616 3
658 616 3
672 684 2
672 684 2
672 684 2
672 684 2
672 684 3
752 704 3
840 855 2
840 855 3
846 792 2
846 792 3
846 792 3
846 792 3
940 880 2
940 880 2
940 880 2
940 880 2
940 880 2
940 880 2
940 880 2
940 880 3
940 880 3
940 880 3
1008 1026 2
1008 1026 2
1008 1026 3
1008 1026 3
1008 1026 3
1008 1026 3
1008 1026 3
1176 1197 2
1176 1197 2
1176 1197 2
1176 1197 2
1176 1197 3
1344 1368 2
1344 1368 3
1344 1368 3
1344 1368 3
1344 1368 3
1344 1368 3
1512 1539 2
1512 1539 3
1512 1539 3
1512 1539 3
1680 1710 2
1680 1710 2
1680 1710 3
1680 1710 3
1680 1710 3
1680 1710 3
1680 1710 3
94 88 2
94 88 2
94 88 3
168 171 2
168 171 3
168 171 3
168 171 3
188 176 2
188 176 2
188 176 2
188 176 3
188 176 3
188 176 3
282 264 2
282 264 2
282 264 2
282 264 2
282 264 3
282 264 3
336 342 2
336 342 2
336 342 2
336 342 3
336 342 3
336 342 3
336 342 3
376 352 2
376 352 2
376 352 2
376 352 2
376 352 2
470 440 2
470 440 2
470 440 2
470 440 2
470 440 3
470 440 3
504 513 2
504 513 2
504 513 2
504 513 2
504 513 2
504 513 3
564 528 2
564 528 2
564 528 3
564 528 3
658 616 2
658 616 2
658 616 2
658 616 3
672 684 2
672 684 2
672 684 2
752 704 2
752 704 2
752 704 3
752 704 3
752 704 3
840 855 3
840 855 3
840 855 3
846 792 2
846 792 2
846 792 2
846 792 3
846 792 3
940 880 2
940 880 2
940 880 2
940 880 2
940 880 2
940 880 3
940 880 3
1008 1026 2
1008 1026 2
1008 1026 2
1008 1026 2
1008 1026 2
1008 1026 2
1008 1026 3
1008 1026 3
1008 1026 3
1176 1197 2
1176 1197 2
1176 1197 3
1176 1197 3
1344 1368 2
1344 1368 2
1344 1368 2
1344 1368 3
1344 1368 3
1512 1539 2
1512 1539 2
1512 1539 3
1512 1539 3
1680 1710 2
1680 1710 2
1680 1710 3
1680 1710 3
94 88 2
94 88 2
94 88 3
94 88 3
94 88 3
168 171 2
168 171 2
168 171 3
168 171 3
188 176 2
188 176 2
188 176 2
188 176 2
282 264 2
282 264 2
282 264 3
336 342 2
336 342 2
336 342 3
336 342 3
336 342 3
336 342 3
376 352 2
376 352 2
376 352 3
376 352 3
376 352 3
470 440 2
470 440 2
470 440 2
470 440 2
470 440 2
470 440 3
470 440 3
504 513 2
504 513 2
504 513 2
504 513 2
564 528 2
564 528 2
564 528 2
564 528 2
564 528 3
658 616 2
658 616 2
658 616 2
658 616 2
658 616 2
658 616 3
658 616 3
658 616 3
672 684 2
672 684 2
672 684 2
752 704 2
752 704 3
752 704 3
840 855 2
840 855 2
840 855 2
846 792 2
846 792 2
846 792 2
846 792 2
846 792 3
940 880 2
940 880 2
940 880 2
940 880 2
1008 1026 2
1008 1026 2
1008 1026 3
1008 1026 3
1176 1197 2
1176 1197 2
1176 1197 2
1176 1197 2
1176 1197 2
1176 1197 2
1176 1197 3
1176 1197 3
1176 1197 3
1176 1197 3
1344 1368 2
1344 1368 3
1344 1368 3
1512 1539 2
1512 1539 3
1512 1539 3
1512 1539 3
1512 1539 3
1512 1539 3
1512 1539 3
1680 1710 2
1680 1710 2
1680 1710 2
1680 1710 2
1680 1710 3
1680 1710 3
1680 1710 3
94 88 2
94 88 2
94 88 2
94 88 2
94 88 2
94 88 2
94 88 3
94 88 3
94 88 3
94 88 3
168 171 2
168 171 2
168 171 3
168 171 3
188 176 2
188 176 2
188 176 2
188 176 2
188 176 2
188 176 3
188 176 3
188 176 3
282 264 2
282 264 2
282 264 2
282 264 3
282 264 3
282 264 3
282 264 3
336 342 2
336 342 2
336 342 3
336 342 3
336 342 3
376 352 2
376 352 2
376 352 2
376 352 2
470 440 2
470 440 2
470 440 2
470 440 3
504 513 3
504 513 3
564 528 2
564 528 2
564 528 3
658 616 2
658 616 2
658 616 2
658 616 2
658 616 3
672 684 2
672 684 2
672 684 3
752 704 2
752 704 2
752 704 2
752 704 3
752 704 3
840 855 2
840 855 2
840 855 2
840 855 2
840 855 2
840 855 3
846 792 2
846 792 2
846 792 2
846 792 3
846 792 3
846 792 3
846 792 3
940 880 2
940 880 2
940 880 3
1008 1026 2
1008 1026 2
1176 1197 2
1176 1197 2
1176 1197 2
1176 1197 3
1176 1197 3
1176 1197 3
1344 1368 2
1344 1368 2
1344 1368 2
1344 1368 3
1344 1368 3
1344 1368 3
1512 1539 2
1512 1539 2
1512 1539 3
1512 1539 3
1512 1539 3
1680 1710 2
1680 1710 2
1680 1710 2
1680 1710 2
1680 1710 2
94 88 2
94 88 2
168 171 2
168 171 2
168 171 2
168 171 3
168 171 3
188 176 2
188 176 2
188 176 2
188 176 2
188 176 3
188 176 3
188 176 3
282 264 3
282 264 3
282 264 3
336 342 2
336 342 2
336 342 2
336 342 3
336 342 3
376 352 2
376 352 2
376 352 3
470 440 2
470 440 2
470 440 2
470 440 2
470 440 2
470 440 3
504 513 2
504 513 2
504 513 2
504 513 3
504 513 3
504 513 3
504 513 3
564 528 2
564 528 2
564 528 2
564 528 2
564 528 3
564 528 3
564 528 3
564 528 3
564 528 3
564 528 3
658 616 2
658 616 2
658 616 2
658 616 3
672 684 2
752 704 2
752 704 2
752 704 2
752 704 3
840 855 2
840 855 3
840 855 3
840 855 3
840 855 3
840 855 3
846 792 2
846 792 2
846 792 3
846 792 3
940 880 2
940 880 3
940 880 3
940 880 3
940 880 3
1008 1026 2
1008 1026 2
1008 1026 2
1176 1197 2
1176 1197 2
1176 1197 3
1176 1197 3
1176 1197 3
1176 1197 3
1344 1368 2
1344 1368 2
1344 1368 2
1344 1368 2
1344 1368 3
1512 1539 2
1512 1539 2
1512 1539 2
1512 1539 3
1512 1539 3
1512 1539 3
1680 1710 2
1680 1710 2
1680 1710 2
1680 1710 2
1680 1710 3
1680 1710 3
1680 1710 3
1680 1710 3
94 88 2
94 88 2
94 88 2
94 88 2
94 88 3
94 88 3
168 171 2
168 171 3
168 171 3
168 171 3
188 176 2
188 176 3
282 264 2
282 264 2
282 264 2
282 264 2
282 264 2
282 264 3
336 342 3
336 342 3
376 352 2
376 352 3
376 352 3
376 352 3
470 440 2
470 440 2
470 440 2
470 440 2
470 440 3
470 440 3
504 513 2
504 513 2
504 513 2
504 513 3
504 513 3
504 513 3
504 513 3
564 528 2
564 528 2
564 528 2
658 616 2
658 616 2
658 616 2
658 616 2
658 616 3
658 616 3
658 616 3
658 616 3
658 616 3
672 684 2
672 684 2
672 684 2
672 684 3
672 684 3
752 704 2
752 704 2
752 704 3
840 855 2
840 855 2
840 855 2
840 855 2
840 855 2
840 855 3
846 792 2
846 792 2
846 792 3
846 792 3
846 792 3
940 880 2
940 880 2
940 880 3
1008 1026 2
1008 1026 2
1008 1026 2
1008 1026 3
1008 1026 3
1008 1026 3
1176 1197 2
1176 1197 2
1176 1197 3
1176 1197 3
1176 1197 3
1176 1197 3
1344 1368 2
1344 1368 2
1344 1368 2
1344 1368 2
1344 1368 3
1344 1368 3
1512 1539 2
1512 1539 2
1512 1539 2
1512 1539 3
1680 1710 2
1680 1710 2
1680 1710 2
1680 1710 2
1680 1710 3
1680 1710 3
1680 1710 3
94 88 2
94 88 2
94 88 2
94 88 2
94 88 2
94 88 2
94 88 2
94 88 3
168 171 3
188 176 2
188 176 2
188 176 2
188 176 2
188 176 3
188 176 3
188 176 3
188 176 3
282 264 2
282 264 2
336 342 2
336 342 3
376 352 2
376 352 2
376 352 3
470 440 2
470 440 2
470 440 2
470 440 2
470 440 2
470 440 3
470 440 3
470 440 3
470 440 3
470 440 3
504 513 2
504 513 2
504 513 2
504 513 2
564 528 2
564 528 2
564 528 2
564 528 2
564 528 3
658 616 2
658 616 2
658 616 2
658 616 2
658 616 3
672 684 2
672 684 2
672 684 2
672 684 2
672 684 2
672 684 3
672 684 3
672 684 3
672 684 3
752 704 2
752 704 3
752 704 3
752 704 3
752 704 3
752 704 3
840 855 2
840 855 2
840 855 2
840 855 2
840 855 3
840 855 3
846 792 2
846 792 2
846 792 2
846 792 3
846 792 3
940 880 2
940 880 2
940 880 2
940 880 2
1008 1026 2
1008 1026 2
1008 1026 2
1008 1026 2
1008 1026 2
1008 1026 2
1008 1026 3
1176 1197 2
1176 1197 2
1344 1368 2
1344 1368 3
1344 1368 3
1344 1368 3
1512 1539 2
1512 1539 2
1512 1539 2
1680 1710 2
1680 1710 3
1680 1710 3
1680 1710 3
1680 1710 3
1680 1710 3
94 88 2
94 88 3
168 171 2
168 171 2
168 171 2
168 171 3
188 176 2
188 176 2
188 176 2
188 176 3
282 264 3
336 342 2
336 342 2
336 342 3
376 352 2
376 352 2
376 352 2
376 352 2
376 352 3
376 352 3
376 352 3
376 352 3
376 352 3
470 440 2
470 440 2
470 440 3
470 440 3
470 440 3
504 513 2
504 513 2
504 513 3
504 513 3
564 528 2
564 528 2
564 528 2
564 528 2
564 528 3
564 528 3
658 616 2
658 616 2
658 616 2
658 616 3
658 616 3
658 616 3
658 616 3
672 684 2
672 684 2
672 684 3
672 684 3
672 684 3
672 684 3
672 684 3
752 704 2
752 704 2
752 704 2
752 704 2
752 704 3
752 704 3
752 704 3
840 855 2
840 855 2
840 855 2
840 855 3
846 792 2
846 792 2
846 792 2
846 792 3
846 792 3
940 880 2
940 880 2
940 880 3
940 880 3
1008 1026 2
1008 1026 2
1008 1026 2
1008 1026 3
1008 1026 3
1008 1026 3
1008 1026 3
1176 1197 2
1176 1197 2
1176 1197 3
1176 1197 3
1176 1197 3
1344 1368 2
1344 1368 2
1344 1368 2
1344 1368 2
1344 1368 2
1512 1539 2
1512 1539 2
1512 1539 2
1512 1539 2
1512 1539 2
1512 1539 3
1680 1710 2
1680 1710 2
1680 1710 2
1680 1710 2
1680 1710 3
