200 20 924537
10 60 153
10 148 226
10 96 216
10 124 235
10 77 191
10 112 214
10 81 231
10 125 155
10 102 217
10 95 191
10 52 220
10 61 243
10 76 185
10 67 249
10 57 248
10 91 202
10 100 209
10 133 188
10 129 188
10 109 182
1352 1362 28
2704 2724 30
8112 8172 31
9040 8535 27
10816 10896 28
12168 12258 30
12656 11949 30
14464 13656 25
14464 13656 30
18080 17070 23
5424 5121 31
7232 6828 24
7232 6828 28
9464 9534 27
10816 10896 24
13520 13620 29
14464 13656 30
16272 15363 25
16272 15363 26
18080 17070 24
1352 1362 29
3616 3414 30
5408 5448 23
5424 5121 24
9040 8535 24
9464 9534 32
10816 10896 24
10816 10896 27
10848 10242 31
12656 11949 27
1808 1707 25
1808 1707 28
2704 2724 27
6760 6810 24
9464 9534 24
9464 9534 28
12168 12258 26
13520 13620 30
14464 13656 31
18080 17070 23
1352 1362 30
2704 2724 26
2704 2724 30
3616 3414 28
4056 4086 25
5408 5448 26
5408 5448 27
8112 8172 28
12168 12258 24
14464 13656 26
1808 1707 30
4056 4086 25
5424 5121 23
5424 5121 26
9464 9534 24
9464 9534 28
10816 10896 31
10816 10896 32
12656 11949 25
16272 15363 27
1352 1362 32
2704 2724 32
3616 3414 32
4056 4086 32
9464 9534 27
10848 10242 28
12168 12258 24
12168 12258 28
13520 13620 25
18080 17070 32
1808 1707 24
2704 2724 24
5408 5448 30
7232 6828 23
7232 6828 26
9464 9534 29
13520 13620 28
14464 13656 23
18080 17070 26
18080 17070 31
1352 1362 26
1808 1707 24
2704 2724 27
4056 4086 30
8112 8172 24
9040 8535 31
12168 12258 27
12656 11949 29
16272 15363 23
16272 15363 29
1352 1362 31
1808 1707 28
2704 2724 30
2704 2724 31
3616 3414 27
3616 3414 31
3616 3414 31
12168 12258 31
12656 11949 25
12656 11949 28
1352 1362 25
1808 1707 30
6760 6810 24
8112 8172 25
10816 10896 28
10816 10896 30
10848 10242 26
10848 10242 28
12168 12258 24
14464 13656 31
1352 1362 30
5424 5121 24
7232 6828 24
8112 8172 26
10816 10896 26
10848 10242 25
10848 10242 28
12656 11949 23
13520 13620 23
14464 13656 29
1352 1362 30
1808 1707 26
3616 3414 25
4056 4086 25
6760 6810 23
6760 6810 30
9464 9534 26
10816 10896 25
12656 11949 27
12656 11949 28
1808 1707 24
1808 1707 31
5424 5121 24
7232 6828 25
8112 8172 26
9040 8535 31
9464 9534 26
9464 9534 26
9464 9534 29
16272 15363 32
4056 4086 25
5408 5448 30
9464 9534 32
12656 11949 25
12656 11949 31
13520 13620 28
14464 13656 23
14464 13656 26
18080 17070 29
18080 17070 30
1352 1362 26
1352 1362 27
1352 1362 28
2704 2724 24
4056 4086 30
7232 6828 24
10816 10896 24
12656 11949 30
14464 13656 27
14464 13656 31
5424 5121 26
6760 6810 24
6760 6810 31
9040 8535 29
10816 10896 24
10816 10896 26
12656 11949 29
13520 13620 31
16272 15363 29
18080 17070 25
2704 2724 28
5408 5448 30
7232 6828 25
8112 8172 25
8112 8172 25
10848 10242 31
13520 13620 25
14464 13656 26
14464 13656 28
16272 15363 29
2704 2724 25
4056 4086 23
5424 5121 26
5424 5121 30
9464 9534 29
10848 10242 26
12168 12258 30
12656 11949 26
16272 15363 24
16272 15363 24
1352 1362 25
1808 1707 28
4056 4086 23
4056 4086 31
10816 10896 30
10848 10242 24
10848 10242 24
12168 12258 28
13520 13620 30
14464 13656 32
