1000 20 312861
50 124 152
50 147 229
50 99 246
50 104 195
50 116 208
50 114 230
50 86 150
50 69 157
50 50 214
50 90 200
50 66 155
50 139 220
50 82 165
50 127 169
50 128 236
50 142 219
50 65 243
50 67 212
50 52 227
50 143 230
102 82 5
102 82 5
160 140 5
160 140 5
204 164 5
204 164 5
204 164 5
204 164 6
204 164 6
204 164 6
204 164 6
306 246 5
306 246 6
320 280 5
320 280 5
320 280 6
408 328 5
408 328 6
480 420 5
480 420 5
510 410 5
612 492 5
612 492 6
640 560 5
640 560 5
640 560 6
714 574 5
714 574 5
714 574 6
714 574 6
800 700 5
800 700 6
800 700 6
918 738 5
918 738 5
918 738 6
1020 820 4
1020 820 5
1020 820 5
1020 820 5
1020 820 6
1020 820 6
1120 980 6
1280 1120 6
1280 1120 6
1280 1120 6
1600 1400 4
1600 1400 5
1600 1400 5
1600 1400 6
102 82 5
160 140 6
160 140 6
204 164 5
306 246 5
306 246 5
306 246 5
306 246 6
306 246 6
320 280 4
408 328 5
408 328 5
408 328 5
408 328 6
408 328 6
480 420 5
480 420 5
510 410 5
510 410 5
510 410 5
612 492 5
612 492 5
612 492 5
612 492 5
612 492 6
640 560 4
714 574 4
714 574 5
800 700 6
918 738 5
960 840 4
960 840 4
960 840 5
960 840 5
960 840 6
1120 980 5
1120 980 6
1280 1120 5
1280 1120 6
1280 1120 6
1280 1120 6
1280 1120 6
1440 1260 4
1440 1260 4
1440 1260 5
1440 1260 6
1600 1400 5
1600 1400 6
1600 1400 6
1600 1400 6
102 82 4
102 82 5
102 82 5
306 246 4
306 246 4
306 246 5
306 246 6
320 280 5
320 280 5
320 280 5
320 280 5
320 280 6
320 280 6
408 328 5
408 328 5
480 420 5
480 420 5
480 420 6
510 410 5
510 410 6
510 410 6
612 492 5
612 492 5
640 560 5
714 574 6
714 574 6
800 700 5
800 700 6
816 656 4
816 656 5
816 656 5
918 738 4
918 738 4
918 738 6
960 840 5
960 840 6
960 840 6
960 840 6
960 840 6
1020 820 5
1020 820 5
1020 820 5
1280 1120 4
1280 1120 5
1440 1260 5
1440 1260 5
1440 1260 6
1600 1400 5
1600 1400 5
1600 1400 6
102 82 6
160 140 4
160 140 6
204 164 6
204 164 6
204 164 6
306 246 5
306 246 5
306 246 6
320 280 5
320 280 5
320 280 5
320 280 6
408 328 4
480 420 4
480 420 4
480 420 5
480 420 5
480 420 5
510 410 5
510 410 5
612 492 5
612 492 6
640 560 5
640 560 5
640 560 5
640 560 6
640 560 6
714 574 4
714 574 5
714 574 6
714 574 6
714 574 6
800 700 5
816 656 5
816 656 5
816 656 5
918 738 5
918 738 5
960 840 5
1020 820 6
1120 980 5
1120 980 5
1280 1120 5
1280 1120 5
1280 1120 5
1280 1120 6
1440 1260 5
1440 1260 6
1600 1400 5
160 140 4
160 140 5
204 164 5
204 164 5
204 164 6
306 246 4
306 246 5
306 246 5
306 246 6
306 246 6
320 280 5
320 280 5
320 280 6
320 280 6
320 280 6
320 280 6
408 328 4
408 328 4
408 328 6
480 420 5
480 420 5
510 410 5
510 410 6
612 492 5
640 560 5
640 560 5
640 560 6
640 560 6
714 574 5
714 574 5
800 700 5
800 700 5
800 700 5
800 700 6
918 738 5
918 738 5
918 738 5
960 840 5
1020 820 6
1020 820 6
1120 980 6
1440 1260 4
1440 1260 4
1440 1260 5
1440 1260 5
1440 1260 5
1440 1260 6
1600 1400 5
1600 1400 5
1600 1400 6
102 82 5
102 82 5
102 82 5
102 82 5
160 140 5
160 140 6
160 140 6
160 140 6
204 164 5
204 164 5
306 246 4
306 246 5
306 246 5
306 246 6
320 280 6
320 280 6
408 328 5
408 328 5
408 328 5
408 328 5
408 328 6
480 420 4
480 420 5
510 410 5
510 410 6
510 410 6
612 492 4
612 492 5
640 560 6
714 574 5
714 574 5
714 574 6
800 700 5
816 656 6
918 738 5
918 738 5
960 840 4
960 840 5
960 840 5
960 840 6
1020 820 6
1120 980 5
1120 980 5
1120 980 5
1120 980 5
1280 1120 4
1280 1120 4
1280 1120 6
1280 1120 6
1600 1400 6
102 82 4
102 82 5
102 82 5
102 82 5
204 164 4
204 164 4
204 164 5
204 164 5
204 164 5
204 164 5
204 164 5
204 164 6
306 246 6
306 246 6
320 280 4
320 280 5
408 328 5
408 328 5
408 328 5
480 420 5
480 420 5
480 420 5
480 420 6
510 410 4
510 410 5
510 410 6
612 492 5
640 560 5
714 574 5
714 574 5
714 574 5
800 700 6
816 656 4
816 656 5
816 656 6
816 656 6
816 656 6
960 840 5
960 840 5
960 840 5
1020 820 5
1120 980 5
1280 1120 4
1280 1120 4
1280 1120 5
1280 1120 5
1280 1120 6
1440 1260 6
1600 1400 5
1600 1400 5
102 82 6
102 82 6
160 140 5
160 140 5
160 140 5
204 164 5
306 246 6
320 280 4
320 280 5
320 280 5
320 280 6
320 280 6
408 328 5
480 420 5
480 420 5
480 420 6
612 492 5
640 560 4
640 560 5
640 560 6
640 560 6
714 574 5
714 574 6
800 700 4
800 700 4
800 700 5
800 700 5
800 700 5
816 656 5
816 656 6
918 738 5
960 840 5
960 840 5
1020 820 5
1020 820 5
1020 820 6
1120 980 5
1120 980 5
1120 980 5
1120 980 5
1280 1120 5
1280 1120 6
1280 1120 6
1440 1260 5
1440 1260 5
1440 1260 6
1440 1260 6
1440 1260 6
1600 1400 4
1600 1400 6
102 82 6
160 140 5
160 140 5
160 140 5
204 164 5
204 164 6
204 164 6
306 246 4
306 246 6
320 280 5
320 280 5
320 280 5
320 280 6
320 280 6
320 280 6
408 328 5
408 328 6
408 328 6
408 328 6
480 420 4
480 420 5
480 420 5
480 420 6
510 410 5
510 410 5
510 410 6
510 410 6
612 492 5
612 492 6
640 560 5
640 560 6
714 574 4
800 700 5
800 700 5
800 700 5
800 700 6
918 738 6
918 738 6
960 840 4
960 840 6
960 840 6
960 840 6
1120 980 4
1120 980 6
1120 980 6
1440 1260 5
1440 1260 5
1440 1260 5
1600 1400 5
1600 1400 6
102 82 6
160 140 4
160 140 5
160 140 5
204 164 5
204 164 5
204 164 5
306 246 4
320 280 5
320 280 5
408 328 5
408 328 5
408 328 5
408 328 6
480 420 5
480 420 6
510 410 4
510 410 5
612 492 4
612 492 5
612 492 5
612 492 5
612 492 6
640 560 4
640 560 5
640 560 5
714 574 5
714 574 5
714 574 5
800 700 4
800 700 6
800 700 6
960 840 4
960 840 5
960 840 5
960 840 6
1020 820 5
1020 820 5
1020 820 6
1120 980 5
1120 980 6
1120 980 6
1120 980 6
1280 1120 5
1280 1120 6
1280 1120 6
1440 1260 5
1440 1260 6
1440 1260 6
1440 1260 6
102 82 5
102 82 5
102 82 6
102 82 6
102 82 6
160 140 4
160 140 6
160 140 6
160 140 6
160 140 6
204 164 5
204 164 5
204 164 6
320 280 5
320 280 5
320 280 5
480 420 6
612 492 5
640 560 4
640 560 6
640 560 6
714 574 6
800 700 6
816 656 5
816 656 5
816 656 5
816 656 6
816 656 6
816 656 6
918 738 6
918 738 6
960 840 4
960 840 4
960 840 5
960 840 6
960 840 6
1020 820 4
1020 820 5
1020 820 6
1120 980 5
1120 980 5
1280 1120 5
1280 1120 5
1440 1260 4
1440 1260 5
1440 1260 5
1440 1260 6
1600 1400 5
1600 1400 5
1600 1400 5
102 82 4
102 82 5
160 140 5
160 140 5
204 164 4
204 164 5
204 164 5
204 164 5
306 246 4
306 246 5
306 246 6
320 280 6
408 328 6
480 420 5
480 420 5
480 420 5
480 420 6
510 410 5
510 410 5
510 410 5
612 492 4
612 492 5
612 492 5
612 492 5
612 492 6
612 492 6
640 560 5
640 560 5
640 560 6
714 574 5
714 574 5
800 700 6
816 656 5
918 738 5
960 840 4
960 840 5
960 840 5
1020 820 5
1020 820 5
1020 820 6
1020 820 6
1120 980 5
1120 980 6
1120 980 6
1440 1260 4
1600 1400 4
1600 1400 4
1600 1400 5
1600 1400 6
1600 1400 6
102 82 5
102 82 6
160 140 5
160 140 5
160 140 5
306 246 5
306 246 5
306 246 6
320 280 4
320 280 5
320 280 5
320 280 6
320 280 6
408 328 5
408 328 5
408 328 5
480 420 5
480 420 5
510 410 4
510 410 5
510 410 5
510 410 6
612 492 4
612 492 5
640 560 4
640 560 5
640 560 5
640 560 5
640 560 5
640 560 6
640 560 6
714 574 5
800 700 4
800 700 5
816 656 4
918 738 4
918 738 6
960 840 5
960 840 6
1020 820 5
1020 820 5
1280 1120 5
1280 1120 6
1440 1260 5
1440 1260 5
1440 1260 6
1440 1260 6
1440 1260 6
1440 1260 6
1600 1400 5
102 82 4
102 82 5
102 82 5
102 82 5
102 82 5
160 140 5
160 140 5
160 140 5
204 164 5
204 164 5
204 164 6
306 246 5
306 246 6
306 246 6
320 280 4
320 280 5
320 280 6
480 420 4
480 420 5
480 420 6
510 410 5
510 410 5
612 492 4
640 560 5
640 560 5
640 560 5
640 560 6
714 574 6
800 700 4
800 700 5
800 700 6
816 656 6
918 738 5
918 738 5
918 738 5
918 738 5
918 738 5
918 738 5
918 738 5
1020 820 5
1020 820 6
1280 1120 5
1280 1120 5
1280 1120 6
1280 1120 6
1440 1260 5
1440 1260 5
1440 1260 6
1600 1400 4
1600 1400 5
102 82 5
102 82 5
160 140 6
204 164 5
204 164 6
306 246 4
306 246 6
320 280 4
320 280 5
320 280 5
320 280 6
320 280 6
320 280 6
408 328 5
408 328 5
480 420 6
510 410 5
510 410 5
612 492 5
612 492 5
612 492 5
612 492 6
612 492 6
640 560 6
714 574 5
800 700 5
800 700 5
800 700 5
816 656 5
816 656 5
816 656 5
918 738 5
918 738 5
918 738 5
960 840 5
960 840 5
960 840 6
1020 820 4
1020 820 5
1020 820 6
1020 820 6
1120 980 6
1280 1120 5
1280 1120 5
1280 1120 6
1440 1260 4
1440 1260 5
1440 1260 5
1440 1260 5
1600 1400 4
102 82 5
102 82 5
102 82 5
204 164 4
204 164 5
204 164 5
306 246 5
320 280 4
320 280 5
320 280 5
408 328 5
408 328 5
408 328 5
408 328 5
408 328 5
408 328 6
480 420 4
480 420 5
480 420 6
480 420 6
480 420 6
480 420 6
510 410 5
510 410 5
510 410 6
510 410 6
612 492 4
612 492 5
612 492 5
640 560 4
640 560 5
640 560 5
640 560 6
714 574 5
714 574 6
800 700 5
816 656 6
960 840 6
960 840 6
1020 820 5
1120 980 4
1280 1120 5
1280 1120 5
1280 1120 5
1280 1120 5
1280 1120 6
1440 1260 5
1440 1260 5
1600 1400 5
1600 1400 5
102 82 5
102 82 6
102 82 6
160 140 5
160 140 6
204 164 6
204 164 6
306 246 5
306 246 5
306 246 5
320 280 5
320 280 6
320 280 6
408 328 5
480 420 5
480 420 5
480 420 6
510 410 5
510 410 5
510 410 6
510 410 6
640 560 5
714 574 5
714 574 6
714 574 6
714 574 6
800 700 4
800 700 5
800 700 6
800 700 6
816 656 5
816 656 5
816 656 6
816 656 6
816 656 6
918 738 4
918 738 4
918 738 5
960 840 5
960 840 6
1120 980 6
1280 1120 4
1280 1120 5
1280 1120 5
1280 1120 6
1440 1260 5
1600 1400 5
1600 1400 5
1600 1400 6
1600 1400 6
102 82 5
102 82 5
102 82 6
160 140 5
160 140 5
204 164 5
204 164 6
204 164 6
306 246 5
306 246 5
320 280 5
320 280 6
320 280 6
408 328 5
408 328 5
408 328 6
480 420 5
480 420 6
510 410 4
510 410 5
510 410 5
612 492 4
612 492 5
612 492 5
612 492 6
612 492 6
640 560 6
714 574 5
714 574 6
714 574 6
714 574 6
800 700 4
800 700 5
800 700 5
816 656 6
918 738 6
918 738 6
960 840 4
960 840 5
960 840 5
960 840 5
960 840 6
1020 820 6
1120 980 6
1280 1120 5
1280 1120 6
1280 1120 6
1440 1260 5
1440 1260 5
1600 1400 5
102 82 5
102 82 6
102 82 6
102 82 6
160 140 5
160 140 5
204 164 5
306 246 5
320 280 4
320 280 6
408 328 5
408 328 6
480 420 5
480 420 6
480 420 6
510 410 5
510 410 5
612 492 4
612 492 5
612 492 6
640 560 5
640 560 5
714 574 5
714 574 5
714 574 5
714 574 5
714 574 6
714 574 6
800 700 5
816 656 4
816 656 5
816 656 5
816 656 5
816 656 5
816 656 5
918 738 4
918 738 5
918 738 6
918 738 6
960 840 6
1020 820 6
1120 980 5
1280 1120 5
1280 1120 5
1280 1120 6
1440 1260 6
1440 1260 6
1600 1400 5
1600 1400 6
1600 1400 6
102 82 4
102 82 5
102 82 6
102 82 6
160 140 5
160 140 5
160 140 5
204 164 5
204 164 6
306 246 6
306 246 6
320 280 5
320 280 5
320 280 5
320 280 6
408 328 5
408 328 5
408 328 6
408 328 6
480 420 4
510 410 4
510 410 5
510 410 5
612 492 5
612 492 5
612 492 5
612 492 5
612 492 6
640 560 5
640 560 5
714 574 4
714 574 5
714 574 5
714 574 5
714 574 5
800 700 4
800 700 5
816 656 5
918 738 4
918 738 5
960 840 5
1020 820 5
1020 820 6
1120 980 5
1280 1120 4
1280 1120 5
1280 1120 5
1600 1400 4
1600 1400 6
1600 1400 6
