100 20 24545
5 105 179
5 102 247
5 85 191
5 88 208
5 145 244
5 142 179
5 138 190
5 77 245
5 110 151
5 99 242
5 109 238
5 135 162
5 137 223
5 97 213
5 118 176
5 139 204
5 59 204
5 134 207
5 113 208
5 73 177
25 48 58
100 192 66
203 1078 66
225 432 55
290 1540 66
25 48 48
29 154 60
58 308 56
175 336 58
200 384 50
125 240 52
174 924 52
203 1078 60
225 432 62
232 1232 53
58 308 64
87 462 49
100 192 50
100 192 57
250 480 57
29 154 54
50 96 51
145 770 62
174 924 57
200 384 59
25 48 52
58 308 60
75 144 67
145 770 52
175 336 66
25 48 63
50 96 50
58 308 63
125 240 50
261 1386 63
116 616 52
150 288 61
200 384 64
203 1078 59
290 1540 57
29 154 60
50 96 64
58 308 67
100 192 63
232 1232 59
50 96 54
75 144 65
150 288 53
175 336 53
232 1232 67
145 770 62
175 336 60
175 336 60
250 480 52
250 480 57
50 96 54
87 462 59
100 192 57
174 924 50
225 432 51
100 192 59
100 192 65
125 240 52
175 336 56
250 480 65
29 154 56
58 308 52
145 770 57
174 924 57
175 336 64
50 96 67
87 462 56
87 462 60
200 384 59
261 1386 53
50 96 48
50 96 57
175 336 52
200 384 54
261 1386 53
87 462 50
145 770 65
203 1078 64
225 432 63
261 1386 55
25 48 66
100 192 62
100 192 64
116 616 53
125 240 60
50 96 66
116 616 63
125 240 60
175 336 64
261 1386 56
25 48 52
116 616 53
116 616 64
150 288 52
225 432 64
