2000 20 908133
100 138 233
100 63 233
100 145 155
100 130 231
100 131 246
100 134 249
100 53 218
100 126 178
100 63 216
100 127 212
100 92 182
100 98 193
100 131 217
100 102 185
100 130 156
100 117 155
100 116 196
100 68 178
100 137 241
100 147 214
263 292 2
263 292 2
263 292 3
263 292 3
263 292 3
263 292 3
526 584 2
526 584 3
526 584 3
789 876 2
789 876 2
789 876 3
789 876 3
789 876 3
789 876 3
801 77 2
801 77 2
801 77 3
1052 1168 2
1052 1168 3
1315 1460 2
1315 1460 2
1315 1460 3
1315 1460 3
1578 1752 3
1602 154 3
1602 154 3
1841 2044 2
1841 2044 3
1841 2044 3
1841 2044 3
1841 2044 3
2104 2336 3
2104 2336 3
2104 2336 3
2104 2336 3
2104 2336 3
2104 2336 3
2104 2336 3
2367 2628 3
2367 2628 3
2367 2628 3
2367 2628 3
2367 2628 3
2403 231 3
2403 231 3
2403 231 3
2403 231 3
2403 231 3
2630 2920 2
2630 2920 3
2630 2920 3
2630 2920 3
3204 308 2
3204 308 3
3204 308 3
3204 308 3
3204 308 3
3204 308 3
3204 308 3
4005 385 3
4005 385 3
4005 385 3
4005 385 3
4806 462 2
4806 462 3
4806 462 3
4806 462 3
4806 462 3
4806 462 3
5607 539 2
5607 539 3
5607 539 3
5607 539 3
5607 539 3
5607 539 3
5607 539 3
6408 616 2
6408 616 2
6408 616 2
6408 616 3
6408 616 3
6408 616 3
6408 616 3
6408 616 3
6408 616 3
6408 616 3
7209 693 3
7209 693 3
7209 693 3
7209 693 3
7209 693 3
8010 770 2
8010 770 2
8010 770 2
8010 770 3
8010 770 3
8010 770 3
8010 770 3
8010 770 3
263 292 3
263 292 3
263 292 3
526 584 2
526 584 3
526 584 3
526 584 3
526 584 3
789 876 2
789 876 3
789 876 3
789 876 3
801 77 2
801 77 3
801 77 3
801 77 3
1052 1168 3
1052 1168 3
1052 1168 3
1315 1460 2
1315 1460 3
1315 1460 3
1315 1460 3
1315 1460 3
1315 1460 3
1315 1460 3
1315 1460 3
1315 1460 3
1315 1460 3
1315 1460 3
1578 1752 2
1578 1752 3
1578 1752 3
1602 154 2
1602 154 3
1602 154 3
1602 154 3
1602 154 3
1602 154 3
1602 154 3
1602 154 3
1841 2044 3
1841 2044 3
1841 2044 3
1841 2044 3
1841 2044 3
1841 2044 3
1841 2044 3
2104 2336 2
2104 2336 2
2104 2336 3
2104 2336 3
2104 2336 3
2104 2336 3
2104 2336 3
2104 2336 3
2104 2336 3
2367 2628 2
2367 2628 3
2367 2628 3
2367 2628 3
2403 231 2
2403 231 3
2403 231 3
2403 231 3
2403 231 3
2630 2920 2
2630 2920 3
2630 2920 3
2630 2920 3
2630 2920 3
2630 2920 3
3204 308 2
3204 308 3
3204 308 3
3204 308 3
3204 308 3
4005 385 3
4005 385 3
4005 385 3
4806 462 3
4806 462 3
4806 462 3
5607 539 3
5607 539 3
5607 539 3
5607 539 3
5607 539 3
6408 616 3
6408 616 3
6408 616 3
6408 616 3
7209 693 3
7209 693 3
8010 770 3
8010 770 3
8010 770 3
8010 770 3
8010 770 3
8010 770 3
263 292 2
263 292 2
263 292 3
263 292 3
263 292 3
263 292 3
263 292 3
263 292 3
263 292 3
526 584 3
526 584 3
526 584 3
789 876 2
789 876 3
789 876 3
789 876 3
801 77 3
801 77 3
801 77 3
1052 1168 2
1052 1168 3
1052 1168 3
1052 1168 3
1052 1168 3
1052 1168 3
1052 1168 3
1315 1460 3
1315 1460 3
1315 1460 3
1315 1460 3
1315 1460 3
1315 1460 3
1578 1752 3
1578 1752 3
1578 1752 3
1602 154 2
1602 154 3
1602 154 3
1602 154 3
1602 154 3
1602 154 3
1841 2044 2
1841 2044 3
1841 2044 3
2104 2336 2
2104 2336 3
2104 2336 3
2104 2336 3
2367 2628 2
2367 2628 3
2367 2628 3
2367 2628 3
2403 231 2
2403 231 3
2403 231 3
2403 231 3
2630 2920 3
2630 2920 3
2630 2920 3
3204 308 2
3204 308 2
3204 308 3
3204 308 3
3204 308 3
3204 308 3
4005 385 3
4005 385 3
4806 462 2
4806 462 3
4806 462 3
4806 462 3
4806 462 3
4806 462 3
5607 539 2
5607 539 3
5607 539 3
5607 539 3
5607 539 3
5607 539 3
5607 539 3
5607 539 3
5607 539 3
6408 616 3
6408 616 3
6408 616 3
6408 616 3
6408 616 3
7209 693 3
7209 693 3
7209 693 3
7209 693 3
7209 693 3
7209 693 3
8010 770 2
8010 770 3
8010 770 3
8010 770 3
8010 770 3
8010 770 3
8010 770 3
263 292 2
263 292 2
263 292 3
263 292 3
263 292 3
263 292 3
526 584 3
526 584 3
526 584 3
526 584 3
801 77 3
801 77 3
801 77 3
801 77 3
801 77 3
801 77 3
1052 1168 2
1052 1168 2
1052 1168 3
1315 1460 2
1315 1460 2
1315 1460 2
1315 1460 3
1315 1460 3
1315 1460 3
1578 1752 2
1578 1752 3
1578 1752 3
1578 1752 3
1578 1752 3
1578 1752 3
1578 1752 3
1578 1752 3
1602 154 2
1602 154 2
1602 154 2
1602 154 3
1602 154 3
1602 154 3
1602 154 3
1602 154 3
1602 154 3
1841 2044 2
1841 2044 2
1841 2044 3
2104 2336 3
2104 2336 3
2104 2336 3
2104 2336 3
2104 2336 3
2367 2628 2
2367 2628 2
2367 2628 3
2367 2628 3
2403 231 2
2403 231 2
2403 231 2
2403 231 3
2403 231 3
2403 231 3
2630 2920 2
2630 2920 3
2630 2920 3
2630 2920 3
3204 308 2
3204 308 2
3204 308 2
3204 308 3
3204 308 3
3204 308 3
3204 308 3
4005 385 2
4005 385 3
4005 385 3
4005 385 3
4005 385 3
4005 385 3
4806 462 3
4806 462 3
4806 462 3
5607 539 3
5607 539 3
5607 539 3
5607 539 3
5607 539 3
6408 616 3
6408 616 3
6408 616 3
6408 616 3
6408 616 3
6408 616 3
7209 693 3
7209 693 3
7209 693 3
7209 693 3
7209 693 3
7209 693 3
7209 693 3
8010 770 2
8010 770 3
263 292 2
263 292 3
263 292 3
263 292 3
263 292 3
263 292 3
263 292 3
526 584 2
526 584 3
526 584 3
526 584 3
526 584 3
526 584 3
526 584 3
526 584 3
789 876 3
789 876 3
801 77 3
801 77 3
801 77 3
801 77 3
801 77 3
1052 1168 2
1052 1168 3
1052 1168 3
1052 1168 3
1052 1168 3
1052 1168 3
1052 1168 3
1052 1168 3
1315 1460 2
1315 1460 3
1315 1460 3
1578 1752 2
1578 1752 2
1578 1752 3
1578 1752 3
1578 1752 3
1578 1752 3
1578 1752 3
1602 154 3
1602 154 3
1602 154 3
1841 2044 3
1841 2044 3
1841 2044 3
1841 2044 3
2104 2336 2
2104 2336 2
2104 2336 3
2104 2336 3
2104 2336 3
2367 2628 3
2367 2628 3
2367 2628 3
2403 231 2
2403 231 2
2403 231 3
2403 231 3
2403 231 3
2403 231 3
2403 231 3
2403 231 3
2630 2920 2
2630 2920 3
2630 2920 3
2630 2920 3
2630 2920 3
2630 2920 3
2630 2920 3
2630 2920 3
3204 308 3
3204 308 3
4005 385 2
4005 385 3
4005 385 3
4005 385 3
4005 385 3
4005 385 3
4005 385 3
4806 462 3
4806 462 3
4806 462 3
4806 462 3
5607 539 3
6408 616 3
6408 616 3
7209 693 2
7209 693 3
7209 693 3
7209 693 3
7209 693 3
7209 693 3
7209 693 3
8010 770 2
8010 770 3
8010 770 3
8010 770 3
8010 770 3
8010 770 3
263 292 3
526 584 3
526 584 3
526 584 3
526 584 3
526 584 3
789 876 3
789 876 3
789 876 3
789 876 3
789 876 3
801 77 2
801 77 3
1052 1168 3
1052 1168 3
1052 1168 3
1052 1168 3
1052 1168 3
1052 1168 3
1052 1168 3
1315 1460 3
1315 1460 3
1315 1460 3
1578 1752 3
1578 1752 3
1578 1752 3
1578 1752 3
1602 154 2
1602 154 3
1602 154 3
1841 2044 3
1841 2044 3
1841 2044 3
2104 2336 2
2104 2336 3
2104 2336 3
2104 2336 3
2104 2336 3
2104 2336 3
2104 2336 3
2104 2336 3
2104 2336 3
2367 2628 2
2367 2628 2
2367 2628 2
2367 2628 3
2367 2628 3
2367 2628 3
2367 2628 3
2367 2628 3
2367 2628 3
2367 2628 3
2403 231 2
2403 231 3
2403 231 3
2403 231 3
2403 231 3
2403 231 3
2403 231 3
2403 231 3
2630 2920 3
2630 2920 3
2630 2920 3
2630 2920 3
2630 2920 3
2630 2920 3
3204 308 3
3204 308 3
3204 308 3
4005 385 3
4005 385 3
4005 385 3
4005 385 3
4806 462 3
4806 462 3
4806 462 3
4806 462 3
4806 462 3
5607 539 3
5607 539 3
5607 539 3
5607 539 3
6408 616 2
6408 616 2
6408 616 3
6408 616 3
6408 616 3
6408 616 3
6408 616 3
7209 693 2
7209 693 3
7209 693 3
7209 693 3
7209 693 3
8010 770 3
8010 770 3
8010 770 3
8010 770 3
8010 770 3
8010 770 3
263 292 2
263 292 3
263 292 3
526 584 3
526 584 3
526 584 3
526 584 3
789 876 2
789 876 3
789 876 3
789 876 3
789 876 3
789 876 3
789 876 3
801 77 2
801 77 2
801 77 3
801 77 3
801 77 3
1052 1168 2
1052 1168 3
1052 1168 3
1052 1168 3
1052 1168 3
1315 1460 3
1315 1460 3
1315 1460 3
1578 1752 2
1578 1752 3
1602 154 2
1602 154 2
1602 154 3
1602 154 3
1602 154 3
1841 2044 2
1841 2044 3
1841 2044 3
1841 2044 3
1841 2044 3
1841 2044 3
2104 2336 2
2104 2336 2
2104 2336 3
2104 2336 3
2104 2336 3
2104 2336 3
2104 2336 3
2367 2628 3
2367 2628 3
2367 2628 3
2367 2628 3
2367 2628 3
2367 2628 3
2367 2628 3
2403 231 2
2403 231 2
2403 231 3
2403 231 3
2403 231 3
2403 231 3
2403 231 3
2403 231 3
2403 231 3
2403 231 3
2630 2920 2
2630 2920 2
2630 2920 3
2630 2920 3
2630 2920 3
2630 2920 3
2630 2920 3
3204 308 3
3204 308 3
3204 308 3
3204 308 3
3204 308 3
4005 385 2
4005 385 3
4005 385 3
4005 385 3
4005 385 3
4806 462 3
4806 462 3
4806 462 3
4806 462 3
5607 539 3
5607 539 3
5607 539 3
5607 539 3
5607 539 3
6408 616 2
6408 616 3
6408 616 3
6408 616 3
6408 616 3
7209 693 3
7209 693 3
8010 770 2
8010 770 2
8010 770 3
526 584 2
526 584 3
526 584 3
526 584 3
789 876 2
789 876 3
789 876 3
789 876 3
789 876 3
789 876 3
801 77 2
801 77 3
801 77 3
801 77 3
801 77 3
801 77 3
801 77 3
801 77 3
801 77 3
801 77 3
1052 1168 2
1052 1168 3
1052 1168 3
1052 1168 3
1052 1168 3
1052 1168 3
1052 1168 3
1052 1168 3
1315 1460 2
1315 1460 3
1315 1460 3
1315 1460 3
1315 1460 3
1578 1752 2
1578 1752 3
1578 1752 3
1602 154 3
1602 154 3
1602 154 3
1602 154 3
1602 154 3
1602 154 3
1602 154 3
1841 2044 2
1841 2044 2
1841 2044 3
1841 2044 3
1841 2044 3
1841 2044 3
1841 2044 3
1841 2044 3
2104 2336 3
2104 2336 3
2104 2336 3
2367 2628 2
2367 2628 3
2367 2628 3
2367 2628 3
2367 2628 3
2367 2628 3
2367 2628 3
2403 231 2
2403 231 3
2630 2920 3
2630 2920 3
2630 2920 3
2630 2920 3
2630 2920 3
3204 308 3
3204 308 3
3204 308 3
3204 308 3
3204 308 3
3204 308 3
4005 385 2
4005 385 3
4005 385 3
4806 462 2
4806 462 3
4806 462 3
4806 462 3
4806 462 3
5607 539 3
5607 539 3
5607 539 3
5607 539 3
6408 616 3
6408 616 3
6408 616 3
7209 693 3
7209 693 3
7209 693 3
8010 770 2
8010 770 2
8010 770 3
8010 770 3
8010 770 3
8010 770 3
8010 770 3
8010 770 3
263 292 2
263 292 3
263 292 3
263 292 3
263 292 3
263 292 3
526 584 2
526 584 2
526 584 3
526 584 3
526 584 3
526 584 3
789 876 2
789 876 2
789 876 2
789 876 3
789 876 3
789 876 3
789 876 3
789 876 3
789 876 3
789 876 3
801 77 3
801 77 3
801 77 3
801 77 3
1052 1168 2
1052 1168 2
1052 1168 3
1052 1168 3
1052 1168 3
1052 1168 3
1315 1460 2
1315 1460 3
1315 1460 3
1315 1460 3
1315 1460 3
1315 1460 3
1578 1752 3
1578 1752 3
1578 1752 3
1578 1752 3
1578 1752 3
1602 154 3
1602 154 3
1602 154 3
1602 154 3
1841 2044 3
1841 2044 3
1841 2044 3
1841 2044 3
1841 2044 3
1841 2044 3
1841 2044 3
2104 2336 2
2104 2336 3
2104 2336 3
2104 2336 3
2104 2336 3
2367 2628 3
2367 2628 3
2403 231 2
2403 231 2
2403 231 3
2403 231 3
2403 231 3
2403 231 3
2630 2920 2
2630 2920 3
2630 2920 3
2630 2920 3
2630 2920 3
2630 2920 3
2630 2920 3
2630 2920 3
3204 308 2
3204 308 2
3204 308 3
3204 308 3
4005 385 2
4005 385 2
4806 462 2
4806 462 3
4806 462 3
4806 462 3
4806 462 3
4806 462 3
4806 462 3
4806 462 3
5607 539 3
5607 539 3
5607 539 3
6408 616 2
6408 616 3
6408 616 3
6408 616 3
6408 616 3
7209 693 2
7209 693 2
8010 770 3
263 292 2
263 292 3
263 292 3
263 292 3
526 584 3
526 584 3
526 584 3
526 584 3
526 584 3
526 584 3
526 584 3
789 876 3
789 876 3
789 876 3
789 876 3
789 876 3
789 876 3
789 876 3
789 876 3
801 77 3
1052 1168 2
1052 1168 2
1052 1168 3
1052 1168 3
1052 1168 3
1052 1168 3
1052 1168 3
1052 1168 3
1052 1168 3
1315 1460 3
1315 1460 3
1315 1460 3
1315 1460 3
1315 1460 3
1578 1752 3
1578 1752 3
1578 1752 3
1578 1752 3
1578 1752 3
1602 154 3
1602 154 3
1602 154 3
1602 154 3
1841 2044 3
1841 2044 3
1841 2044 3
1841 2044 3
1841 2044 3
1841 2044 3
2104 2336 2
2104 2336 2
2104 2336 3
2104 2336 3
2104 2336 3
2104 2336 3
2367 2628 3
2403 231 2
2403 231 3
2403 231 3
2403 231 3
2630 2920 2
2630 2920 3
2630 2920 3
3204 308 2
3204 308 3
3204 308 3
3204 308 3
3204 308 3
3204 308 3
4005 385 3
4005 385 3
4005 385 3
4005 385 3
4005 385 3
4005 385 3
4806 462 2
4806 462 3
4806 462 3
5607 539 2
5607 539 2
5607 539 3
5607 539 3
5607 539 3
5607 539 3
5607 539 3
6408 616 3
6408 616 3
6408 616 3
6408 616 3
6408 616 3
7209 693 2
7209 693 2
7209 693 3
7209 693 3
7209 693 3
8010 770 2
8010 770 3
8010 770 3
8010 770 3
8010 770 3
263 292 2
263 292 3
263 292 3
263 292 3
526 584 2
526 584 3
526 584 3
526 584 3
789 876 2
801 77 2
801 77 2
801 77 3
801 77 3
801 77 3
801 77 3
801 77 3
801 77 3
1052 1168 3
1052 1168 3
1052 1168 3
1052 1168 3
1052 1168 3
1052 1168 3
1052 1168 3
1052 1168 3
1315 1460 3
1315 1460 3
1315 1460 3
1315 1460 3
1578 1752 3
1578 1752 3
1578 1752 3
1578 1752 3
1602 154 2
1602 154 3
1602 154 3
1602 154 3
1602 154 3
1602 154 3
1841 2044 3
1841 2044 3
1841 2044 3
1841 2044 3
1841 2044 3
1841 2044 3
2104 2336 3
2104 2336 3
2367 2628 3
2367 2628 3
2367 2628 3
2367 2628 3
2403 231 2
2403 231 2
2403 231 3
2403 231 3
2630 2920 3
2630 2920 3
3204 308 2
3204 308 3
3204 308 3
3204 308 3
3204 308 3
3204 308 3
4005 385 3
4005 385 3
4005 385 3
4806 462 3
4806 462 3
4806 462 3
4806 462 3
4806 462 3
4806 462 3
4806 462 3
4806 462 3
4806 462 3
4806 462 3
4806 462 3
4806 462 3
5607 539 3
5607 539 3
5607 539 3
5607 539 3
5607 539 3
5607 539 3
5607 539 3
6408 616 2
6408 616 2
6408 616 2
6408 616 3
6408 616 3
6408 616 3
6408 616 3
6408 616 3
7209 693 2
7209 693 3
7209 693 3
7209 693 3
7209 693 3
8010 770 3
8010 770 3
263 292 2
263 292 3
263 292 3
263 292 3
263 292 3
263 292 3
263 292 3
263 292 3
526 584 2
526 584 3
526 584 3
526 584 3
789 876 3
789 876 3
789 876 3
789 876 3
789 876 3
789 876 3
789 876 3
789 876 3
801 77 2
801 77 3
801 77 3
801 77 3
1052 1168 2
1052 1168 2
1052 1168 3
1052 1168 3
1315 1460 2
1315 1460 2
1315 1460 3
1315 1460 3
1315 1460 3
1315 1460 3
1578 1752 2
1578 1752 3
1602 154 2
1602 154 3
1841 2044 3
1841 2044 3
1841 2044 3
1841 2044 3
1841 2044 3
1841 2044 3
2104 2336 2
2104 2336 3
2104 2336 3
2104 2336 3
2104 2336 3
2367 2628 2
2367 2628 2
2367 2628 3
2367 2628 3
2367 2628 3
2367 2628 3
2367 2628 3
2403 231 2
2403 231 3
2403 231 3
2403 231 3
2403 231 3
2403 231 3
2403 231 3
2403 231 3
2403 231 3
2630 2920 3
2630 2920 3
2630 2920 3
2630 2920 3
2630 2920 3
3204 308 2
3204 308 3
3204 308 3
3204 308 3
3204 308 3
3204 308 3
4005 385 3
4005 385 3
4005 385 3
4005 385 3
4005 385 3
4806 462 2
4806 462 3
4806 462 3
4806 462 3
5607 539 3
5607 539 3
5607 539 3
6408 616 2
6408 616 3
6408 616 3
6408 616 3
7209 693 2
7209 693 2
7209 693 3
8010 770 3
8010 770 3
8010 770 3
8010 770 3
8010 770 3
263 292 2
263 292 3
263 292 3
526 584 2
526 584 3
526 584 3
526 584 3
789 876 3
789 876 3
789 876 3
789 876 3
789 876 3
801 77 2
801 77 2
801 77 3
801 77 3
801 77 3
801 77 3
801 77 3
801 77 3
1052 1168 2
1052 1168 3
1052 1168 3
1052 1168 3
1052 1168 3
1315 1460 2
1315 1460 3
1315 1460 3
1315 1460 3
1315 1460 3
1578 1752 2
1578 1752 3
1578 1752 3
1578 1752 3
1578 1752 3
1578 1752 3
1578 1752 3
1602 154 3
1602 154 3
1602 154 3
1841 2044 2
1841 2044 3
1841 2044 3
1841 2044 3
1841 2044 3
2104 2336 3
2104 2336 3
2104 2336 3
2367 2628 3
2367 2628 3
2367 2628 3
2403 231 2
2403 231 3
2403 231 3
2403 231 3
2403 231 3
2403 231 3
2403 231 3
2403 231 3
2403 231 3
2630 2920 2
2630 2920 3
2630 2920 3
2630 2920 3
2630 2920 3
2630 2920 3
2630 2920 3
3204 308 2
3204 308 3
3204 308 3
3204 308 3
3204 308 3
3204 308 3
4005 385 3
4806 462 2
4806 462 3
5607 539 2
5607 539 2
5607 539 3
5607 539 3
5607 539 3
6408 616 2
6408 616 3
6408 616 3
6408 616 3
7209 693 2
7209 693 3
7209 693 3
7209 693 3
7209 693 3
7209 693 3
7209 693 3
7209 693 3
7209 693 3
7209 693 3
8010 770 2
8010 770 3
8010 770 3
8010 770 3
8010 770 3
263 292 2
263 292 2
263 292 3
263 292 3
526 584 3
526 584 3
526 584 3
526 584 3
526 584 3
789 876 2
789 876 3
789 876 3
789 876 3
801 77 3
801 77 3
801 77 3
801 77 3
801 77 3
1052 1168 2
1052 1168 3
1052 1168 3
1052 1168 3
1315 1460 2
1315 1460 3
1315 1460 3
1315 1460 3
1315 1460 3
1315 1460 3
1315 1460 3
1315 1460 3
1578 1752 2
1578 1752 3
1578 1752 3
1578 1752 3
1578 1752 3
1578 1752 3
1578 1752 3
1578 1752 3
1602 154 3
1602 154 3
1602 154 3
1602 154 3
1602 154 3
1841 2044 2
1841 2044 3
1841 2044 3
1841 2044 3
1841 2044 3
1841 2044 3
1841 2044 3
1841 2044 3
2104 2336 2
2104 2336 3
2104 2336 3
2104 2336 3
2367 2628 2
2367 2628 2
2367 2628 3
2367 2628 3
2367 2628 3
2403 231 3
2403 231 3
2403 231 3
2403 231 3
2630 2920 2
2630 2920 3
2630 2920 3
2630 2920 3
2630 2920 3
2630 2920 3
3204 308 2
3204 308 3
3204 308 3
3204 308 3
3204 308 3
3204 308 3
3204 308 3
3204 308 3
4005 385 3
4005 385 3
4005 385 3
4005 385 3
4806 462 2
4806 462 3
4806 462 3
4806 462 3
5607 539 2
5607 539 3
5607 539 3
6408 616 3
6408 616 3
6408 616 3
6408 616 3
6408 616 3
6408 616 3
7209 693 2
7209 693 3
7209 693 3
8010 770 3
8010 770 3
263 292 2
263 292 3
263 292 3
263 292 3
263 292 3
263 292 3
526 584 2
526 584 2
526 584 3
526 584 3
789 876 2
789 876 3
789 876 3
789 876 3
789 876 3
789 876 3
789 876 3
789 876 3
801 77 2
801 77 3
801 77 3
801 77 3
801 77 3
801 77 3
1052 1168 2
1052 1168 3
1052 1168 3
1052 1168 3
1052 1168 3
1315 1460 2
1315 1460 3
1315 1460 3
1315 1460 3
1578 1752 3
1602 154 3
1602 154 3
1602 154 3
1602 154 3
1602 154 3
1602 154 3
1602 154 3
1602 154 3
1602 154 3
1841 2044 3
1841 2044 3
2104 2336 3
2104 2336 3
2104 2336 3
2104 2336 3
2367 2628 2
2367 2628 3
2367 2628 3
2367 2628 3
2367 2628 3
2367 2628 3
2367 2628 3
2403 231 2
2403 231 2
2403 231 3
2403 231 3
2403 231 3
2403 231 3
2630 2920 2
2630 2920 2
2630 2920 3
3204 308 3
3204 308 3
3204 308 3
3204 308 3
4005 385 2
4005 385 3
4005 385 3
4005 385 3
4806 462 3
4806 462 3
4806 462 3
5607 539 2
5607 539 3
5607 539 3
5607 539 3
5607 539 3
6408 616 3
6408 616 3
6408 616 3
6408 616 3
6408 616 3
6408 616 3
7209 693 2
7209 693 2
7209 693 3
7209 693 3
7209 693 3
7209 693 3
8010 770 2
8010 770 3
8010 770 3
8010 770 3
8010 770 3
8010 770 3
8010 770 3
263 292 3
263 292 3
526 584 3
526 584 3
526 584 3
526 584 3
526 584 3
526 584 3
526 584 3
789 876 2
789 876 2
789 876 3
789 876 3
789 876 3
789 876 3
789 876 3
789 876 3
789 876 3
789 876 3
789 876 3
789 876 3
801 77 2
801 77 3
801 77 3
801 77 3
801 77 3
801 77 3
801 77 3
801 77 3
1052 1168 3
1315 1460 3
1315 1460 3
1315 1460 3
1578 1752 2
1578 1752 3
1578 1752 3
1578 1752 3
1602 154 2
1602 154 2
1602 154 3
1602 154 3
1602 154 3
1841 2044 2
1841 2044 2
1841 2044 2
1841 2044 3
1841 2044 3
1841 2044 3
1841 2044 3
1841 2044 3
1841 2044 3
1841 2044 3
1841 2044 3
2104 2336 2
2104 2336 2
2104 2336 3
2104 2336 3
2104 2336 3
2367 2628 3
2403 231 2
2403 231 2
2403 231 2
2403 231 3
2403 231 3
2630 2920 3
2630 2920 3
2630 2920 3
2630 2920 3
3204 308 3
3204 308 3
3204 308 3
3204 308 3
4005 385 3
4005 385 3
4005 385 3
4806 462 3
4806 462 3
4806 462 3
4806 462 3
5607 539 2
5607 539 2
5607 539 3
5607 539 3
5607 539 3
5607 539 3
5607 539 3
5607 539 3
5607 539 3
6408 616 2
6408 616 3
6408 616 3
6408 616 3
6408 616 3
6408 616 3
7209 693 2
7209 693 3
7209 693 3
8010 770 2
8010 770 3
8010 770 3
263 292 2
263 292 3
526 584 3
526 584 3
526 584 3
526 584 3
526 584 3
526 584 3
526 584 3
789 876 3
789 876 3
789 876 3
789 876 3
789 876 3
789 876 3
789 876 3
789 876 3
801 77 2
801 77 2
801 77 3
801 77 3
801 77 3
1052 1168 2
1052 1168 2
1052 1168 3
1052 1168 3
1052 1168 3
1052 1168 3
1315 1460 2
1315 1460 3
1578 1752 2
1578 1752 2
1578 1752 3
1578 1752 3
1602 154 2
1602 154 3
1602 154 3
1602 154 3
1602 154 3
1602 154 3
1841 2044 3
1841 2044 3
1841 2044 3
1841 2044 3
1841 2044 3
1841 2044 3
2104 2336 2
2104 2336 2
2104 2336 3
2104 2336 3
2104 2336 3
2104 2336 3
2104 2336 3
2104 2336 3
2367 2628 3
2367 2628 3
2403 231 2
2403 231 2
2403 231 3
2403 231 3
2403 231 3
2403 231 3
2630 2920 3
2630 2920 3
2630 2920 3
2630 2920 3
2630 2920 3
2630 2920 3
3204 308 2
3204 308 3
3204 308 3
3204 308 3
4005 385 2
4005 385 3
4005 385 3
4005 385 3
4005 385 3
4005 385 3
4005 385 3
4005 385 3
4806 462 3
4806 462 3
4806 462 3
4806 462 3
5607 539 3
5607 539 3
5607 539 3
6408 616 2
6408 616 3
6408 616 3
6408 616 3
6408 616 3
7209 693 2
7209 693 2
7209 693 3
7209 693 3
7209 693 3
7209 693 3
8010 770 2
8010 770 2
263 292 2
263 292 3
263 292 3
263 292 3
526 584 2
526 584 2
526 584 3
526 584 3
526 584 3
526 584 3
789 876 3
789 876 3
789 876 3
789 876 3
789 876 3
789 876 3
801 77 2
801 77 3
1052 1168 2
1052 1168 3
1052 1168 3
1052 1168 3
1052 1168 3
1315 1460 2
1315 1460 2
1315 1460 2
1315 1460 3
1315 1460 3
1315 1460 3
1315 1460 3
1315 1460 3
1315 1460 3
1315 1460 3
1315 1460 3
1315 1460 3
1315 1460 3
1315 1460 3
1578 1752 2
1578 1752 3
1578 1752 3
1578 1752 3
1578 1752 3
1578 1752 3
1602 154 3
1602 154 3
1602 154 3
1602 154 3
1841 2044 3
1841 2044 3
1841 2044 3
1841 2044 3
2104 2336 3
2367 2628 3
2367 2628 3
2367 2628 3
2367 2628 3
2367 2628 3
2367 2628 3
2403 231 3
2403 231 3
2403 231 3
2403 231 3
2403 231 3
2403 231 3
2630 2920 2
2630 2920 3
2630 2920 3
2630 2920 3
3204 308 2
3204 308 2
3204 308 2
3204 308 3
3204 308 3
4005 385 2
4005 385 3
4005 385 3
4005 385 3
4005 385 3
4005 385 3
4005 385 3
4005 385 3
4806 462 3
5607 539 2
5607 539 3
5607 539 3
6408 616 2
6408 616 3
6408 616 3
6408 616 3
6408 616 3
6408 616 3
7209 693 2
7209 693 3
7209 693 3
7209 693 3
8010 770 2
8010 770 3
8010 770 3
8010 770 3
8010 770 3
263 292 2
263 292 3
263 292 3
263 292 3
526 584 2
526 584 3
526 584 3
526 584 3
526 584 3
526 584 3
526 584 3
526 584 3
789 876 2
789 876 3
789 876 3
789 876 3
789 876 3
789 876 3
801 77 3
801 77 3
801 77 3
801 77 3
801 77 3
801 77 3
801 77 3
1052 1168 2
1052 1168 3
1052 1168 3
1315 1460 3
1315 1460 3
1315 1460 3
1578 1752 2
1578 1752 2
1578 1752 3
1578 1752 3
1578 1752 3
1578 1752 3
1602 154 3
1602 154 3
1602 154 3
1602 154 3
1841 2044 2
1841 2044 3
1841 2044 3
1841 2044 3
1841 2044 3
1841 2044 3
2104 2336 2
2104 2336 3
2104 2336 3
2104 2336 3
2104 2336 3
2104 2336 3
2104 2336 3
2367 2628 3
2367 2628 3
2367 2628 3
2367 2628 3
2403 231 3
2630 2920 3
2630 2920 3
2630 2920 3
2630 2920 3
2630 2920 3
2630 2920 3
3204 308 3
3204 308 3
3204 308 3
3204 308 3
3204 308 3
4005 385 2
4005 385 3
4005 385 3
4005 385 3
4005 385 3
4806 462 2
4806 462 3
5607 539 3
5607 539 3
5607 539 3
5607 539 3
5607 539 3
6408 616 3
6408 616 3
6408 616 3
6408 616 3
6408 616 3
7209 693 2
7209 693 3
7209 693 3
7209 693 3
7209 693 3
7209 693 3
7209 693 3
7209 693 3
8010 770 3
8010 770 3
8010 770 3
8010 770 3
8010 770 3
263 292 2
263 292 2
263 292 3
263 292 3
263 292 3
263 292 3
526 584 2
526 584 3
526 584 3
789 876 2
789 876 3
801 77 2
801 77 3
801 77 3
801 77 3
1052 1168 2
1052 1168 3
1052 1168 3
1052 1168 3
1052 1168 3
1315 1460 3
1315 1460 3
1578 1752 2
1578 1752 2
1578 1752 3
1578 1752 3
1578 1752 3
1578 1752 3
1578 1752 3
1602 154 2
1602 154 3
1602 154 3
1602 154 3
1602 154 3
1602 154 3
1602 154 3
1841 2044 2
1841 2044 2
1841 2044 3
1841 2044 3
1841 2044 3
1841 2044 3
1841 2044 3
1841 2044 3
2104 2336 2
2104 2336 2
2104 2336 3
2104 2336 3
2104 2336 3
2367 2628 2
2367 2628 3
2367 2628 3
2367 2628 3
2367 2628 3
2367 2628 3
2367 2628 3
2403 231 2
2403 231 2
2403 231 3
2403 231 3
2403 231 3
2630 2920 2
2630 2920 3
2630 2920 3
3204 308 2
3204 308 2
3204 308 3
3204 308 3
3204 308 3
3204 308 3
3204 308 3
4005 385 3
4005 385 3
4005 385 3
4005 385 3
4005 385 3
4806 462 2
4806 462 2
4806 462 3
4806 462 3
4806 462 3
5607 539 2
5607 539 2
5607 539 3
5607 539 3
5607 539 3
6408 616 3
6408 616 3
6408 616 3
6408 616 3
7209 693 3
7209 693 3
7209 693 3
7209 693 3
7209 693 3
7209 693 3
8010 770 2
8010 770 2
8010 770 3
8010 770 3
