500 20 224733
25 148 249
25 51 163
25 74 248
25 138 182
25 83 181
25 120 194
25 104 176
25 51 236
25 73 186
25 98 184
25 132 230
25 145 155
25 103 215
25 139 164
25 139 165
25 55 239
25 129 153
25 87 204
25 120 245
25 146 209
143 146 11
169 165 13
429 438 10
572 584 10
676 660 11
715 730 13
845 825 10
845 825 11
858 876 9
1001 1022 11
1001 1022 12
1001 1022 12
1014 990 11
1014 990 12
1144 1168 9
1144 1168 13
1183 1155 12
1183 1155 12
1287 1314 10
1352 1320 10
1430 1460 12
1430 1460 12
1521 1485 11
1521 1485 12
1690 1650 11
143 146 11
338 330 11
429 438 12
507 495 11
572 584 10
572 584 12
676 660 12
715 730 11
715 730 11
715 730 12
715 730 12
858 876 10
858 876 11
858 876 13
1001 1022 11
1001 1022 12
1001 1022 12
1144 1168 12
1183 1155 10
1352 1320 10
1352 1320 13
1430 1460 10
1430 1460 10
1521 1485 10
1521 1485 10
169 165 10
286 292 10
338 330 10
338 330 10
338 330 11
429 438 11
429 438 13
507 495 11
507 495 13
572 584 12
676 660 11
676 660 11
715 730 10
715 730 12
858 876 11
858 876 11
1001 1022 11
1001 1022 12
1014 990 11
1014 990 13
1352 1320 11
1430 1460 13
1521 1485 12
1521 1485 13
1690 1650 11
143 146 11
143 146 11
169 165 11
286 292 10
338 330 11
338 330 12
338 330 12
429 438 10
429 438 10
429 438 10
507 495 13
676 660 11
676 660 13
715 730 11
715 730 13
858 876 12
1014 990 9
1014 990 10
1014 990 12
1144 1168 10
1144 1168 13
1183 1155 10
1287 1314 9
1430 1460 10
1690 1650 12
286 292 12
286 292 13
338 330 12
429 438 12
507 495 13
676 660 12
715 730 12
1001 1022 10
1001 1022 11
1014 990 11
1144 1168 11
1144 1168 11
1144 1168 13
1183 1155 9
1183 1155 10
1183 1155 11
1183 1155 12
1183 1155 12
1352 1320 13
1352 1320 13
1430 1460 11
1430 1460 12
1521 1485 10
1690 1650 10
1690 1650 12
143 146 11
143 146 11
169 165 12
572 584 12
572 584 13
676 660 12
715 730 10
845 825 10
845 825 13
858 876 12
858 876 13
1001 1022 10
1014 990 10
1014 990 11
1014 990 11
1144 1168 10
1144 1168 13
1287 1314 11
1287 1314 12
1287 1314 13
1352 1320 10
1430 1460 11
1430 1460 13
1690 1650 11
1690 1650 11
143 146 12
169 165 13
169 165 13
338 330 13
572 584 10
572 584 10
676 660 13
858 876 10
858 876 10
858 876 11
1001 1022 10
1001 1022 11
1001 1022 11
1001 1022 13
1001 1022 13
1014 990 10
1287 1314 10
1287 1314 11
1352 1320 11
1352 1320 11
1352 1320 11
1352 1320 12
1430 1460 9
1430 1460 10
1521 1485 11
143 146 13
169 165 13
286 292 10
286 292 13
338 330 12
429 438 12
507 495 10
676 660 10
676 660 10
676 660 13
715 730 12
845 825 11
845 825 12
858 876 9
858 876 12
858 876 13
1001 1022 12
1001 1022 13
1144 1168 9
1144 1168 11
1183 1155 10
1183 1155 12
1430 1460 10
1521 1485 10
1690 1650 11
169 165 11
169 165 11
169 165 12
286 292 13
338 330 11
338 330 13
429 438 10
429 438 11
429 438 12
572 584 12
676 660 10
676 660 11
845 825 10
858 876 10
858 876 10
1001 1022 10
1183 1155 11
1352 1320 13
1521 1485 9
1521 1485 10
1521 1485 11
1521 1485 12
1690 1650 9
1690 1650 11
1690 1650 11
169 165 10
169 165 10
169 165 11
169 165 11
429 438 11
507 495 10
507 495 11
507 495 12
572 584 11
676 660 10
676 660 10
676 660 11
858 876 11
1001 1022 11
1001 1022 12
1001 1022 12
1014 990 13
1144 1168 12
1144 1168 12
1352 1320 10
1352 1320 11
1352 1320 11
1430 1460 13
1690 1650 11
1690 1650 12
143 146 10
169 165 10
169 165 11
286 292 12
429 438 10
429 438 11
429 438 13
429 438 13
507 495 10
507 495 11
507 495 11
572 584 11
572 584 13
676 660 11
676 660 13
1001 1022 10
1014 990 13
1144 1168 9
1183 1155 13
1287 1314 11
1287 1314 12
1352 1320 11
1521 1485 12
1521 1485 12
1690 1650 12
143 146 10
143 146 10
143 146 12
143 146 13
169 165 12
338 330 11
507 495 11
572 584 11
676 660 9
676 660 12
715 730 13
715 730 13
858 876 10
858 876 11
858 876 13
1001 1022 10
1014 990 9
1014 990 10
1144 1168 10
1144 1168 13
1287 1314 11
1430 1460 11
1521 1485 9
1690 1650 10
1690 1650 11
169 165 9
169 165 10
169 165 11
169 165 12
338 330 12
429 438 10
429 438 11
572 584 13
676 660 11
676 660 13
715 730 11
715 730 11
715 730 12
845 825 11
858 876 12
1001 1022 12
1014 990 12
1144 1168 12
1144 1168 12
1144 1168 13
1287 1314 11
1287 1314 11
1430 1460 12
1690 1650 10
1690 1650 11
143 146 12
286 292 10
338 330 9
338 330 10
429 438 10
429 438 10
429 438 13
507 495 10
572 584 10
572 584 12
676 660 11
676 660 13
715 730 10
715 730 10
845 825 11
858 876 13
1001 1022 10
1001 1022 12
1144 1168 12
1287 1314 11
1352 1320 10
1430 1460 10
1430 1460 12
1521 1485 11
1690 1650 11
286 292 10
286 292 12
338 330 9
572 584 9
572 584 11
572 584 12
676 660 13
715 730 10
715 730 13
858 876 12
1001 1022 10
1001 1022 10
1001 1022 13
1001 1022 13
1014 990 12
1014 990 12
1144 1168 9
1144 1168 11
1144 1168 13
1287 1314 9
1352 1320 13
1430 1460 10
1430 1460 11
1690 1650 11
1690 1650 12
143 146 11
169 165 11
286 292 12
338 330 11
429 438 11
429 438 11
572 584 10
572 584 12
715 730 10
715 730 11
845 825 12
858 876 11
858 876 12
1001 1022 10
1001 1022 12
1014 990 9
1014 990 11
1014 990 13
1183 1155 12
1287 1314 12
1352 1320 10
1690 1650 10
1690 1650 11
1690 1650 12
1690 1650 13
143 146 9
169 165 10
286 292 10
286 292 12
338 330 11
338 330 11
338 330 11
507 495 11
572 584 9
676 660 12
715 730 11
715 730 11
858 876 12
1001 1022 10
1001 1022 12
1014 990 10
1014 990 11
1144 1168 9
1144 1168 12
1183 1155 12
1352 1320 10
1352 1320 11
1430 1460 11
1521 1485 11
1521 1485 12
143 146 9
169 165 10
169 165 11
169 165 12
286 292 11
429 438 13
507 495 13
715 730 12
845 825 10
845 825 13
858 876 9
858 876 10
858 876 11
1001 1022 13
1144 1168 9
1183 1155 11
1183 1155 13
1183 1155 13
1287 1314 10
1352 1320 11
1430 1460 9
1430 1460 11
1430 1460 12
1521 1485 10
1690 1650 12
169 165 11
286 292 9
338 330 13
429 438 10
676 660 11
715 730 11
715 730 13
845 825 11
845 825 11
858 876 12
858 876 13
1001 1022 10
1001 1022 10
1014 990 10
1014 990 12
1014 990 12
1144 1168 10
1287 1314 10
1287 1314 10
1287 1314 10
1352 1320 10
1352 1320 11
1690 1650 11
1690 1650 11
1690 1650 12
143 146 10
169 165 12
286 292 13
338 330 12
429 438 10
429 438 11
429 438 12
507 495 11
507 495 11
572 584 12
572 584 12
676 660 10
676 660 11
676 660 13
715 730 12
845 825 12
858 876 11
858 876 13
1001 1022 10
1001 1022 11
1144 1168 10
1352 1320 10
1352 1320 12
1521 1485 13
1690 1650 10
