1000 20 3038335
50 73 169
50 132 214
50 107 208
50 72 158
50 122 247
50 131 245
50 75 249
50 138 181
50 73 188
50 67 208
50 76 169
50 141 233
50 137 182
50 122 175
50 104 250
50 121 203
50 129 212
50 54 229
50 128 197
50 71 223
1365 999 4
1365 999 5
1365 999 5
1365 999 6
1365 999 6
1608 1200 5
1608 1200 5
1608 1200 5
1608 1200 5
2730 1998 5
2730 1998 5
3216 2400 6
4095 2997 4
4095 2997 4
4095 2997 6
4824 3600 5
4824 3600 5
5460 3996 5
6432 4800 5
6432 4800 5
6432 4800 5
6825 4995 6
8040 6000 5
8040 6000 6
9555 6993 6
9555 6993 6
9555 6993 6
9555 6993 6
9648 7200 4
9648 7200 5
9648 7200 6
10920 7992 5
10920 7992 5
10920 7992 6
11256 8400 4
11256 8400 4
11256 8400 6
12285 8991 4
12864 9600 5
12864 9600 5
12864 9600 5
12864 9600 5
12864 9600 6
12864 9600 6
13650 9990 5
13650 9990 5
14472 10800 5
16080 12000 5
16080 12000 6
16080 12000 6
1365 999 4
1365 999 4
1365 999 5
1365 999 5
1365 999 6
1608 1200 6
1608 1200 6
2730 1998 5
2730 1998 5
2730 1998 5
3216 2400 5
3216 2400 5
3216 2400 6
4095 2997 4
4095 2997 5
4095 2997 5
4095 2997 6
4824 3600 5
4824 3600 5
4824 3600 6
6432 4800 5
8040 6000 4
8040 6000 5
8040 6000 5
8190 5994 5
8190 5994 5
8190 5994 6
8190 5994 6
8190 5994 6
9555 6993 4
9555 6993 5
9555 6993 5
9648 7200 4
9648 7200 5
9648 7200 6
9648 7200 6
10920 7992 4
10920 7992 5
10920 7992 5
10920 7992 6
11256 8400 6
12285 8991 4
12285 8991 5
13650 9990 4
13650 9990 6
14472 10800 4
16080 12000 4
16080 12000 5
16080 12000 6
16080 12000 6
1365 999 4
1365 999 5
1365 999 6
1608 1200 4
1608 1200 5
1608 1200 6
1608 1200 6
2730 1998 5
2730 1998 6
3216 2400 4
4095 2997 4
4095 2997 4
4095 2997 5
4095 2997 5
4095 2997 5
4095 2997 6
4824 3600 5
5460 3996 5
5460 3996 5
6432 4800 4
6432 4800 4
6825 4995 5
8040 6000 5
8040 6000 6
8190 5994 5
8190 5994 6
9555 6993 4
9648 7200 4
9648 7200 5
9648 7200 5
10920 7992 5
11256 8400 5
11256 8400 5
12285 8991 4
12285 8991 5
12285 8991 5
12285 8991 5
12864 9600 4
12864 9600 5
12864 9600 5
12864 9600 5
12864 9600 6
13650 9990 5
13650 9990 6
13650 9990 6
14472 10800 5
14472 10800 5
14472 10800 5
14472 10800 6
16080 12000 4
1365 999 5
1365 999 5
1365 999 5
1365 999 6
1608 1200 4
2730 1998 5
2730 1998 5
2730 1998 6
3216 2400 5
4095 2997 5
4095 2997 5
4095 2997 5
4095 2997 6
4095 2997 6
4824 3600 5
4824 3600 5
4824 3600 5
4824 3600 5
5460 3996 5
5460 3996 5
5460 3996 5
6825 4995 4
6825 4995 4
6825 4995 6
6825 4995 6
8040 6000 5
8040 6000 6
8190 5994 6
9555 6993 5
9648 7200 5
9648 7200 5
9648 7200 6
10920 7992 4
10920 7992 4
10920 7992 5
10920 7992 6
11256 8400 5
11256 8400 6
11256 8400 6
12864 9600 4
12864 9600 4
12864 9600 5
12864 9600 6
13650 9990 6
14472 10800 5
14472 10800 6
16080 12000 5
16080 12000 5
16080 12000 6
16080 12000 6
1365 999 5
1365 999 6
1365 999 6
1365 999 6
1608 1200 6
1608 1200 6
1608 1200 6
2730 1998 4
2730 1998 6
2730 1998 6
3216 2400 5
3216 2400 5
3216 2400 5
5460 3996 5
5460 3996 5
5460 3996 5
5460 3996 5
5460 3996 6
5460 3996 6
6432 4800 5
6432 4800 6
6432 4800 6
6825 4995 4
6825 4995 5
8040 6000 5
8040 6000 5
8190 5994 5
8190 5994 5
8190 5994 6
9555 6993 4
9555 6993 5
9555 6993 6
9648 7200 4
9648 7200 5
10920 7992 5
10920 7992 5
10920 7992 6
11256 8400 4
11256 8400 5
12285 8991 4
12285 8991 4
12285 8991 5
12285 8991 6
12864 9600 4
12864 9600 5
12864 9600 6
13650 9990 5
14472 10800 6
16080 12000 5
16080 12000 6
1365 999 4
1608 1200 4
1608 1200 5
1608 1200 5
1608 1200 6
1608 1200 6
2730 1998 5
3216 2400 5
3216 2400 5
3216 2400 6
4095 2997 5
4095 2997 5
4095 2997 6
4095 2997 6
4824 3600 5
4824 3600 5
4824 3600 5
4824 3600 5
4824 3600 6
5460 3996 5
5460 3996 5
6432 4800 5
6432 4800 5
6825 4995 4
6825 4995 5
6825 4995 5
6825 4995 5
8190 5994 6
9555 6993 6
9555 6993 6
9648 7200 5
10920 7992 4
10920 7992 5
10920 7992 6
11256 8400 6
12285 8991 6
12285 8991 6
12864 9600 5
12864 9600 6
13650 9990 5
13650 9990 5
13650 9990 6
13650 9990 6
14472 10800 4
14472 10800 5
14472 10800 6
14472 10800 6
16080 12000 5
16080 12000 5
16080 12000 5
1365 999 4
1365 999 5
1365 999 5
1365 999 5
1365 999 5
1365 999 6
1365 999 6
1608 1200 4
1608 1200 6
1608 1200 6
1608 1200 6
2730 1998 4
2730 1998 4
2730 1998 6
3216 2400 5
3216 2400 6
4095 2997 5
4095 2997 6
4095 2997 6
4824 3600 4
4824 3600 5
4824 3600 5
4824 3600 6
5460 3996 5
6432 4800 4
6432 4800 6
6825 4995 5
6825 4995 6
8040 6000 5
8190 5994 4
8190 5994 5
8190 5994 5
8190 5994 5
9555 6993 5
9555 6993 6
9555 6993 6
9648 7200 5
9648 7200 6
9648 7200 6
10920 7992 5
10920 7992 5
10920 7992 6
11256 8400 5
12285 8991 5
12285 8991 5
12864 9600 5
13650 9990 5
13650 9990 6
16080 12000 5
16080 12000 5
1365 999 5
1608 1200 5
1608 1200 5
1608 1200 5
1608 1200 6
2730 1998 4
2730 1998 5
3216 2400 5
3216 2400 6
4095 2997 5
4095 2997 5
4095 2997 6
4095 2997 6
4095 2997 6
4824 3600 5
4824 3600 5
4824 3600 6
5460 3996 5
5460 3996 6
5460 3996 6
6432 4800 4
6432 4800 6
8040 6000 6
8040 6000 6
8190 5994 5
8190 5994 5
8190 5994 5
9648 7200 5
9648 7200 5
9648 7200 5
9648 7200 5
10920 7992 5
10920 7992 6
11256 8400 6
11256 8400 6
12285 8991 4
12285 8991 5
12285 8991 5
12285 8991 6
12864 9600 5
12864 9600 5
13650 9990 5
13650 9990 6
13650 9990 6
13650 9990 6
14472 10800 5
16080 12000 4
16080 12000 5
16080 12000 5
16080 12000 5
1608 1200 5
1608 1200 5
2730 1998 4
2730 1998 5
2730 1998 5
2730 1998 6
3216 2400 5
3216 2400 5
3216 2400 5
3216 2400 6
3216 2400 6
4095 2997 4
4095 2997 5
4095 2997 5
4824 3600 6
4824 3600 6
5460 3996 5
6432 4800 5
6432 4800 5
8040 6000 4
8040 6000 5
8040 6000 6
8040 6000 6
8190 5994 5
8190 5994 5
8190 5994 5
9555 6993 5
9555 6993 5
9555 6993 6
9648 7200 4
9648 7200 5
9648 7200 6
10920 7992 6
10920 7992 6
10920 7992 6
11256 8400 5
12285 8991 4
12285 8991 4
12285 8991 5
12864 9600 5
12864 9600 6
12864 9600 6
13650 9990 5
13650 9990 5
14472 10800 5
14472 10800 5
14472 10800 5
14472 10800 5
16080 12000 4
16080 12000 6
1365 999 5
1365 999 6
1608 1200 4
1608 1200 5
1608 1200 6
1608 1200 6
2730 1998 5
2730 1998 5
3216 2400 5
3216 2400 5
3216 2400 5
3216 2400 5
3216 2400 5
3216 2400 6
4095 2997 4
4095 2997 5
4824 3600 5
4824 3600 5
4824 3600 6
4824 3600 6
5460 3996 5
5460 3996 5
6432 4800 5
6825 4995 5
6825 4995 5
8040 6000 4
8040 6000 5
8190 5994 4
8190 5994 6
9555 6993 6
9648 7200 4
9648 7200 4
9648 7200 5
10920 7992 4
10920 7992 4
10920 7992 5
11256 8400 4
11256 8400 5
11256 8400 6
12285 8991 6
12285 8991 6
12864 9600 5
12864 9600 5
12864 9600 6
13650 9990 5
13650 9990 5
13650 9990 6
16080 12000 4
16080 12000 5
16080 12000 5
1365 999 5
1365 999 5
1365 999 5
1608 1200 4
1608 1200 5
1608 1200 5
1608 1200 5
1608 1200 5
2730 1998 4
2730 1998 5
3216 2400 5
3216 2400 6
4095 2997 4
4095 2997 4
4095 2997 5
5460 3996 5
5460 3996 5
5460 3996 5
5460 3996 6
6432 4800 5
6432 4800 6
6432 4800 6
6825 4995 5
8190 5994 5
8190 5994 5
8190 5994 5
8190 5994 6
9555 6993 4
9555 6993 5
9648 7200 4
9648 7200 6
10920 7992 5
10920 7992 5
11256 8400 4
11256 8400 5
11256 8400 5
12864 9600 5
12864 9600 5
12864 9600 6
12864 9600 6
12864 9600 6
13650 9990 5
13650 9990 6
13650 9990 6
13650 9990 6
14472 10800 5
14472 10800 6
14472 10800 6
16080 12000 4
16080 12000 5
1365 999 6
1365 999 6
1608 1200 4
1608 1200 5
1608 1200 5
1608 1200 5
1608 1200 5
1608 1200 6
2730 1998 6
2730 1998 6
2730 1998 6
3216 2400 5
3216 2400 5
3216 2400 5
3216 2400 6
4095 2997 6
5460 3996 4
5460 3996 6
5460 3996 6
6432 4800 5
6432 4800 5
6432 4800 5
6432 4800 5
6432 4800 6
6825 4995 5
6825 4995 5
6825 4995 6
6825 4995 6
8190 5994 4
8190 5994 4
8190 5994 6
9555 6993 4
9555 6993 4
9555 6993 5
9555 6993 6
9648 7200 4
9648 7200 5
9648 7200 6
10920 7992 4
10920 7992 6
10920 7992 6
11256 8400 5
11256 8400 6
11256 8400 6
12285 8991 5
12864 9600 5
12864 9600 6
12864 9600 6
13650 9990 4
16080 12000 5
1365 999 5
1365 999 6
1365 999 6
1608 1200 5
1608 1200 6
1608 1200 6
2730 1998 5
2730 1998 5
3216 2400 4
3216 2400 5
3216 2400 5
3216 2400 6
3216 2400 6
4095 2997 4
4095 2997 5
4095 2997 5
4824 3600 5
4824 3600 6
4824 3600 6
4824 3600 6
5460 3996 5
6432 4800 5
6432 4800 5
6432 4800 6
6432 4800 6
6825 4995 5
8040 6000 5
8040 6000 5
8040 6000 5
8040 6000 6
8190 5994 4
9555 6993 4
9555 6993 5
9555 6993 5
9648 7200 5
9648 7200 6
9648 7200 6
10920 7992 5
10920 7992 5
11256 8400 5
12285 8991 5
12285 8991 5
12285 8991 5
12864 9600 5
12864 9600 5
13650 9990 5
14472 10800 4
14472 10800 5
14472 10800 5
14472 10800 6
1608 1200 5
1608 1200 5
1608 1200 5
2730 1998 5
2730 1998 5
2730 1998 6
3216 2400 6
4095 2997 6
4095 2997 6
4824 3600 5
5460 3996 5
5460 3996 5
5460 3996 5
5460 3996 5
5460 3996 6
6432 4800 5
6432 4800 5
6432 4800 6
6432 4800 6
6825 4995 5
6825 4995 5
6825 4995 5
8040 6000 5
8040 6000 6
8190 5994 5
8190 5994 5
8190 5994 5
8190 5994 5
8190 5994 5
10920 7992 4
10920 7992 4
10920 7992 5
10920 7992 5
10920 7992 5
10920 7992 6
10920 7992 6
11256 8400 5
11256 8400 5
12864 9600 5
12864 9600 5
12864 9600 5
12864 9600 6
13650 9990 6
14472 10800 5
14472 10800 6
16080 12000 4
16080 12000 5
16080 12000 5
16080 12000 6
16080 12000 6
1365 999 5
1365 999 5
1608 1200 4
1608 1200 5
1608 1200 5
1608 1200 5
1608 1200 6
1608 1200 6
2730 1998 5
2730 1998 5
2730 1998 5
2730 1998 6
3216 2400 4
3216 2400 5
3216 2400 5
3216 2400 5
3216 2400 6
4095 2997 4
4095 2997 4
4095 2997 5
4095 2997 5
4824 3600 4
4824 3600 4
4824 3600 5
5460 3996 5
6432 4800 4
6432 4800 4
6825 4995 4
6825 4995 5
6825 4995 5
6825 4995 5
8040 6000 4
8040 6000 5
8040 6000 5
8190 5994 4
8190 5994 5
8190 5994 5
9555 6993 4
9555 6993 5
9555 6993 5
9555 6993 6
9648 7200 4
10920 7992 5
10920 7992 5
10920 7992 6
11256 8400 5
11256 8400 5
12864 9600 6
16080 12000 6
16080 12000 6
1365 999 5
1365 999 5
1365 999 5
1365 999 5
1365 999 6
1608 1200 4
1608 1200 5
1608 1200 5
1608 1200 6
1608 1200 6
2730 1998 6
3216 2400 5
3216 2400 6
3216 2400 6
3216 2400 6
4095 2997 4
4095 2997 6
4824 3600 5
4824 3600 6
5460 3996 4
5460 3996 5
5460 3996 6
6432 4800 5
6432 4800 5
6432 4800 6
8040 6000 5
8040 6000 6
8190 5994 4
8190 5994 5
8190 5994 5
9555 6993 4
9555 6993 6
9555 6993 6
9648 7200 5
10920 7992 4
10920 7992 5
10920 7992 5
10920 7992 5
10920 7992 6
11256 8400 6
11256 8400 6
12285 8991 5
12285 8991 6
12285 8991 6
12864 9600 5
13650 9990 5
13650 9990 5
13650 9990 6
14472 10800 5
14472 10800 6
1365 999 4
1365 999 4
1365 999 5
1365 999 5
1608 1200 4
1608 1200 6
2730 1998 6
3216 2400 5
3216 2400 6
4095 2997 6
4095 2997 6
5460 3996 5
6432 4800 5
6432 4800 5
6432 4800 6
6825 4995 5
6825 4995 5
6825 4995 6
6825 4995 6
8040 6000 5
8040 6000 5
8040 6000 5
8040 6000 5
8040 6000 6
8040 6000 6
9555 6993 5
9555 6993 5
9555 6993 5
9555 6993 6
9648 7200 6
10920 7992 5
11256 8400 5
11256 8400 6
11256 8400 6
12285 8991 4
12285 8991 5
12285 8991 5
12864 9600 4
12864 9600 4
12864 9600 6
12864 9600 6
13650 9990 6
14472 10800 5
14472 10800 6
14472 10800 6
16080 12000 4
16080 12000 4
16080 12000 4
16080 12000 5
16080 12000 6
1365 999 5
2730 1998 4
2730 1998 5
3216 2400 5
3216 2400 6
4095 2997 6
4095 2997 6
4824 3600 5
4824 3600 5
4824 3600 5
4824 3600 5
4824 3600 6
5460 3996 5
5460 3996 5
5460 3996 5
5460 3996 5
5460 3996 5
5460 3996 6
6432 4800 4
6432 4800 6
6432 4800 6
6432 4800 6
6825 4995 4
6825 4995 5
8040 6000 5
8040 6000 6
8190 5994 5
8190 5994 5
9555 6993 5
9555 6993 6
9555 6993 6
9555 6993 6
10920 7992 5
10920 7992 5
10920 7992 5
10920 7992 6
11256 8400 6
11256 8400 6
12285 8991 5
12285 8991 5
12285 8991 5
13650 9990 4
13650 9990 5
13650 9990 5
13650 9990 5
13650 9990 5
14472 10800 4
14472 10800 6
16080 12000 4
16080 12000 6
1365 999 5
1608 1200 5
1608 1200 6
2730 1998 5
2730 1998 5
2730 1998 6
3216 2400 4
3216 2400 5
4095 2997 4
4095 2997 5
4095 2997 5
4095 2997 6
4095 2997 6
5460 3996 4
5460 3996 5
5460 3996 6
5460 3996 6
5460 3996 6
6825 4995 4
6825 4995 5
6825 4995 5
8040 6000 4
8040 6000 5
8190 5994 5
8190 5994 5
8190 5994 5
8190 5994 6
9555 6993 5
9555 6993 5
9555 6993 5
9648 7200 5
9648 7200 6
9648 7200 6
9648 7200 6
10920 7992 5
10920 7992 5
11256 8400 4
11256 8400 6
12285 8991 6
13650 9990 4
13650 9990 4
13650 9990 5
13650 9990 5
13650 9990 5
13650 9990 5
13650 9990 6
13650 9990 6
14472 10800 4
14472 10800 6
16080 12000 6
1365 999 4
1365 999 5
1365 999 5
1608 1200 5
2730 1998 4
2730 1998 5
3216 2400 5
3216 2400 5
3216 2400 6
3216 2400 6
4095 2997 4
4095 2997 5
4095 2997 6
4095 2997 6
4824 3600 4
4824 3600 5
5460 3996 4
5460 3996 5
5460 3996 5
5460 3996 6
6432 4800 5
6432 4800 5
6432 4800 5
6432 4800 6
6825 4995 5
6825 4995 6
8040 6000 4
8040 6000 4
8040 6000 4
8040 6000 6
8040 6000 6
8190 5994 5
9555 6993 6
10920 7992 5
10920 7992 5
10920 7992 5
10920 7992 6
10920 7992 6
11256 8400 4
11256 8400 5
11256 8400 5
11256 8400 6
12285 8991 5
12285 8991 5
12864 9600 5
12864 9600 6
13650 9990 6
13650 9990 6
16080 12000 5
16080 12000 5
