200 100 418742
2 94 164
2 109 211
2 141 194
2 100 171
2 69 193
2 74 158
2 75 169
2 89 216
2 60 238
2 90 171
2 138 204
2 67 189
2 73 151
2 112 186
2 144 224
2 62 198
2 110 155
2 139 212
2 85 204
2 66 234
2 101 207
2 82 208
2 129 191
2 94 232
2 124 235
2 150 194
2 72 189
2 81 182
2 98 185
2 66 232
2 94 210
2 145 193
2 102 188
2 143 168
2 58 175
2 97 193
2 116 247
2 75 240
2 59 244
2 58 166
2 53 229
2 108 228
2 137 204
2 125 211
2 102 160
2 124 150
2 70 170
2 66 213
2 110 197
2 79 219
2 93 171
2 134 203
2 146 217
2 63 246
2 57 232
2 142 235
2 82 213
2 90 242
2 54 175
2 51 239
2 106 230
2 108 159
2 92 230
2 60 226
2 109 162
2 135 234
2 68 185
2 128 196
2 60 199
2 62 225
2 114 150
2 72 210
2 145 205
2 149 151
2 101 154
2 130 175
2 70 249
2 57 233
2 97 169
2 94 183
2 78 179
2 71 234
2 57 179
2 111 243
2 55 181
2 124 223
2 80 215
2 148 188
2 66 235
2 102 155
2 98 229
2 132 241
2 133 194
2 128 222
2 136 170
2 104 159
2 51 241
2 132 242
2 67 200
2 133 245
6888 6088 164
15498 13698 164
3520 1520 168
12054 10654 183
6888 6088 168
8610 7610 170
704 304 171
12054 10654 138
1408 608 182
10332 9132 139
2464 1064 158
3168 1368 158
3444 3044 143
10332 9132 169
5166 4566 139
13776 12176 164
1056 456 163
1722 1522 150
1408 608 143
3168 1368 166
1056 456 148
1056 456 181
352 152 148
13776 12176 153
1722 1522 151
6888 6088 151
2464 1064 156
3520 1520 148
6888 6088 151
10332 9132 155
2464 1064 161
17220 15220 145
1722 1522 134
3444 3044 135
5166 4566 160
12054 10654 136
2112 912 153
3520 1520 152
3168 1368 147
3168 1368 188
1722 1522 183
3444 3044 154
1056 456 182
12054 10654 146
6888 6088 159
12054 10654 162
1722 1522 151
2816 1216 170
352 152 134
1056 456 153
704 304 176
17220 15220 143
352 152 136
13776 12176 136
352 152 146
3520 1520 182
2816 1216 143
3168 1368 140
352 152 142
2464 1064 165
2464 1064 143
3444 3044 140
3168 1368 146
10332 9132 136
1408 608 165
12054 10654 153
1760 760 136
3444 3044 168
1408 608 175
3520 1520 175
3168 1368 149
3168 1368 170
1722 1522 181
13776 12176 136
1056 456 134
15498 13698 184
1408 608 150
6888 6088 166
8610 7610 166
13776 12176 154
1056 456 143
17220 15220 176
704 304 155
1408 608 181
704 304 166
1408 608 171
1722 1522 147
13776 12176 160
3168 1368 142
3168 1368 160
1408 608 138
8610 7610 149
704 304 145
1760 760 168
1722 1522 147
3444 3044 168
704 304 142
5166 4566 179
1056 456 175
3168 1368 172
2464 1064 145
2816 1216 171
352 152 186
13776 12176 160
352 152 164
17220 15220 136
2816 1216 161
3444 3044 188
8610 7610 135
10332 9132 135
704 304 157
3444 3044 156
10332 9132 185
15498 13698 160
704 304 174
2464 1064 141
6888 6088 175
15498 13698 167
1056 456 177
1722 1522 159
2816 1216 149
6888 6088 164
1760 760 141
10332 9132 150
12054 10654 174
15498 13698 141
2464 1064 167
3520 1520 139
3520 1520 162
17220 15220 137
2816 1216 180
15498 13698 156
352 152 138
3520 1520 181
1408 608 165
1760 760 159
1722 1522 165
17220 15220 160
1408 608 184
3168 1368 180
3444 3044 146
17220 15220 150
2112 912 169
17220 15220 156
1408 608 174
12054 10654 176
1056 456 151
2464 1064 149
2112 912 142
3444 3044 154
15498 13698 175
17220 15220 138
2112 912 152
2464 1064 159
1056 456 179
6888 6088 182
1722 1522 138
2816 1216 164
1760 760 183
10332 9132 153
704 304 142
12054 10654 167
1722 1522 138
5166 4566 186
3444 3044 170
8610 7610 161
1408 608 164
10332 9132 168
1722 1522 156
3168 1368 181
1722 1522 145
15498 13698 164
3520 1520 138
12054 10654 148
1408 608 136
12054 10654 183
2816 1216 139
6888 6088 141
352 152 153
3444 3044 155
13776 12176 139
17220 15220 177
352 152 161
10332 9132 137
352 152 167
13776 12176 138
2464 1064 138
3444 3044 164
704 304 164
1408 608 170
3168 1368 146
5166 4566 139
12054 10654 168
15498 13698 137
1056 456 170
1760 760 164
3168 1368 161
10332 9132 134
6888 6088 180
17220 15220 152
