2000 100 189854
20 95 189
20 61 171
20 122 209
20 76 209
20 101 195
20 101 242
20 81 166
20 137 234
20 118 248
20 147 158
20 128 239
20 96 229
20 150 201
20 97 231
20 111 228
20 90 248
20 129 173
20 93 150
20 94 228
20 70 158
20 55 181
20 68 201
20 132 213
20 136 213
20 69 191
20 52 215
20 140 150
20 135 180
20 136 186
20 105 242
20 89 207
20 60 197
20 85 213
20 129 181
20 105 167
20 68 201
20 140 194
20 66 176
20 119 211
20 98 181
20 63 181
20 87 154
20 112 218
20 129 248
20 120 162
20 94 195
20 116 180
20 119 177
20 92 176
20 78 243
20 78 187
20 130 159
20 130 188
20 84 194
20 66 153
20 98 163
20 80 201
20 133 223
20 96 201
20 67 226
20 108 244
20 73 174
20 114 225
20 119 157
20 128 168
20 86 205
20 85 239
20 106 192
20 78 185
20 115 218
20 144 234
20 78 203
20 148 240
20 138 216
20 69 198
20 94 216
20 147 180
20 115 169
20 77 235
20 112 234
20 124 188
20 125 228
20 122 245
20 135 216
20 93 210
20 144 179
20 70 233
20 125 205
20 55 150
20 81 220
20 62 206
20 105 162
20 121 202
20 111 195
20 55 157
20 101 245
20 116 177
20 136 225
20 70 232
20 102 182
54 34 14
108 68 13
108 68 16
159 99 12
159 99 13
159 99 13
159 99 15
159 99 15
212 132 12
216 136 12
265 165 16
318 198 15
324 204 12
324 204 16
424 264 12
424 264 13
424 264 16
432 272 13
477 297 17
530 330 14
53 33 13
53 33 14
54 34 15
106 66 13
108 68 12
159 99 13
159 99 14
159 99 15
212 132 14
212 132 15
270 170 13
270 170 15
318 198 14
324 204 15
378 238 15
424 264 12
486 306 14
486 306 16
540 340 15
540 340 16
54 34 12
106 66 14
108 68 14
159 99 13
159 99 16
162 102 14
216 136 12
265 165 13
265 165 17
270 170 16
371 231 12
424 264 13
432 272 16
477 297 16
477 297 16
486 306 14
486 306 15
486 306 15
530 330 12
530 330 14
54 34 14
108 68 16
159 99 12
159 99 13
159 99 13
159 99 14
162 102 12
162 102 13
270 170 15
270 170 16
318 198 13
318 198 14
318 198 16
324 204 16
424 264 17
477 297 16
486 306 14
530 330 15
530 330 17
540 340 14
53 33 15
54 34 15
54 34 16
106 66 13
159 99 13
159 99 14
159 99 16
212 132 12
265 165 12
265 165 15
270 170 12
270 170 16
318 198 13
324 204 12
378 238 15
424 264 15
486 306 13
486 306 13
486 306 14
486 306 16
54 34 13
54 34 14
54 34 17
108 68 15
212 132 14
216 136 13
216 136 15
265 165 16
318 198 12
318 198 14
318 198 15
324 204 12
371 231 12
371 231 14
371 231 16
371 231 17
378 238 13
432 272 12
432 272 13
477 297 16
53 33 13
106 66 14
106 66 17
162 102 15
265 165 13
265 165 13
270 170 15
324 204 14
324 204 14
324 204 15
371 231 14
378 238 12
378 238 17
424 264 14
432 272 13
432 272 14
477 297 16
486 306 15
530 330 15
540 340 15
53 33 13
106 66 16
162 102 13
212 132 16
265 165 12
265 165 12
265 165 14
265 165 17
318 198 14
324 204 14
324 204 14
378 238 15
424 264 15
432 272 12
432 272 15
477 297 15
477 297 16
530 330 16
530 330 17
540 340 13
54 34 14
106 66 13
108 68 12
108 68 12
108 68 16
159 99 16
162 102 15
212 132 14
216 136 14
270 170 14
324 204 15
324 204 16
371 231 17
424 264 15
432 272 13
477 297 14
486 306 12
486 306 16
530 330 12
530 330 14
53 33 12
53 33 15
54 34 14
106 66 16
159 99 14
159 99 16
162 102 13
212 132 14
212 132 15
212 132 16
270 170 12
318 198 14
318 198 14
324 204 14
371 231 15
424 264 15
432 272 14
432 272 15
530 330 16
540 340 13
54 34 16
106 66 13
106 66 14
106 66 15
106 66 16
108 68 12
108 68 15
162 102 15
212 132 16
216 136 13
265 165 12
265 165 17
318 198 14
324 204 12
324 204 15
324 204 16
424 264 12
424 264 13
477 297 13
477 297 17
53 33 13
53 33 16
54 34 14
54 34 14
54 34 16
108 68 12
108 68 13
108 68 15
162 102 14
212 132 15
318 198 16
318 198 17
371 231 13
371 231 14
371 231 16
477 297 12
477 297 13
486 306 14
540 340 12
540 340 17
53 33 12
54 34 14
108 68 13
159 99 13
265 165 13
270 170 12
270 170 12
270 170 14
324 204 14
324 204 16
371 231 13
371 231 14
378 238 15
378 238 15
378 238 16
424 264 15
432 272 14
477 297 12
486 306 12
486 306 13
54 34 14
108 68 14
108 68 14
162 102 15
212 132 15
265 165 13
265 165 14
270 170 12
324 204 12
324 204 15
371 231 15
424 264 14
424 264 16
424 264 17
432 272 17
477 297 14
477 297 17
486 306 14
540 340 13
540 340 15
54 34 13
108 68 12
108 68 12
162 102 13
162 102 13
162 102 16
212 132 17
265 165 15
270 170 12
318 198 12
324 204 15
371 231 15
424 264 15
432 272 13
432 272 14
432 272 17
432 272 17
486 306 15
530 330 14
540 340 14
53 33 15
54 34 15
106 66 16
108 68 13
108 68 14
159 99 13
159 99 16
162 102 16
265 165 15
270 170 12
270 170 14
324 204 15
324 204 16
371 231 14
371 231 14
424 264 13
424 264 14
432 272 12
486 306 14
530 330 12
54 34 14
54 34 15
106 66 15
159 99 16
159 99 17
162 102 13
162 102 15
212 132 13
216 136 12
265 165 12
265 165 16
378 238 13
378 238 13
424 264 13
424 264 17
432 272 16
432 272 16
477 297 17
486 306 12
530 330 14
53 33 14
106 66 15
212 132 13
212 132 15
212 132 15
270 170 16
318 198 14
318 198 16
371 231 13
371 231 14
378 238 12
378 238 13
378 238 16
424 264 12
432 272 16
530 330 13
530 330 14
530 330 15
530 330 16
540 340 13
53 33 16
54 34 12
54 34 14
108 68 12
108 68 13
159 99 13
159 99 15
159 99 15
162 102 13
216 136 16
270 170 12
270 170 13
270 170 13
270 170 14
371 231 16
378 238 13
378 238 16
530 330 12
540 340 12
540 340 17
54 34 12
54 34 12
54 34 16
106 66 15
108 68 14
108 68 16
162 102 13
216 136 13
216 136 13
270 170 15
270 170 16
324 204 13
324 204 13
371 231 13
371 231 16
378 238 16
424 264 13
477 297 14
486 306 16
530 330 15
108 68 13
108 68 15
162 102 15
162 102 15
212 132 13
212 132 14
265 165 12
265 165 12
265 165 13
265 165 16
270 170 13
318 198 13
324 204 13
424 264 16
424 264 16
432 272 12
432 272 13
477 297 14
530 330 12
540 340 12
53 33 15
54 34 16
108 68 12
159 99 12
159 99 14
162 102 14
162 102 16
270 170 16
318 198 13
371 231 16
378 238 16
432 272 16
477 297 12
477 297 16
477 297 16
477 297 17
486 306 13
486 306 16
486 306 16
530 330 16
53 33 14
53 33 16
54 34 14
106 66 14
108 68 13
108 68 17
159 99 17
212 132 15
216 136 15
216 136 16
265 165 14
270 170 16
318 198 17
324 204 15
371 231 15
432 272 13
432 272 15
530 330 16
540 340 12
540 340 12
53 33 15
54 34 14
54 34 16
106 66 14
108 68 15
162 102 12
162 102 17
265 165 14
270 170 16
318 198 14
318 198 14
371 231 15
378 238 15
424 264 14
424 264 15
432 272 12
486 306 17
530 330 12
530 330 13
540 340 14
53 33 14
106 66 15
108 68 12
212 132 13
212 132 15
216 136 13
265 165 13
270 170 13
270 170 16
318 198 13
318 198 14
324 204 13
378 238 14
378 238 16
432 272 13
432 272 14
477 297 13
477 297 14
486 306 12
540 340 14
54 34 13
54 34 16
159 99 14
162 102 13
162 102 15
212 132 12
216 136 16
216 136 16
216 136 17
265 165 15
265 165 16
318 198 16
318 198 16
324 204 12
324 204 14
324 204 14
378 238 14
432 272 16
477 297 15
540 340 17
53 33 14
53 33 14
54 34 12
54 34 16
106 66 12
159 99 14
216 136 12
265 165 13
265 165 16
270 170 16
270 170 16
318 198 13
371 231 16
378 238 16
424 264 14
424 264 16
424 264 16
530 330 15
540 340 14
540 340 15
53 33 16
106 66 13
106 66 13
106 66 13
162 102 15
212 132 15
265 165 13
265 165 13
265 165 14
265 165 14
318 198 16
324 204 13
324 204 15
324 204 16
378 238 13
378 238 16
432 272 15
486 306 16
540 340 13
540 340 15
54 34 16
108 68 14
108 68 15
108 68 17
159 99 13
159 99 17
162 102 15
162 102 17
212 132 15
212 132 17
216 136 15
265 165 13
324 204 17
371 231 14
371 231 15
371 231 16
378 238 15
477 297 15
530 330 13
540 340 14
53 33 12
54 34 13
54 34 14
159 99 14
212 132 14
216 136 17
265 165 14
270 170 15
318 198 13
318 198 17
371 231 13
424 264 16
424 264 16
432 272 14
477 297 13
486 306 14
486 306 14
486 306 16
530 330 13
530 330 14
54 34 14
54 34 15
54 34 16
106 66 13
108 68 12
265 165 16
270 170 12
270 170 15
318 198 15
324 204 15
324 204 15
371 231 15
424 264 14
424 264 15
424 264 16
432 272 13
432 272 15
530 330 12
540 340 12
540 340 15
53 33 13
54 34 14
54 34 14
162 102 12
212 132 13
216 136 14
216 136 14
265 165 13
265 165 14
318 198 13
324 204 15
371 231 13
371 231 15
378 238 12
378 238 16
432 272 15
477 297 16
530 330 15
530 330 17
540 340 14
54 34 13
54 34 14
106 66 15
108 68 12
108 68 16
162 102 15
216 136 15
265 165 12
265 165 16
270 170 13
270 170 13
318 198 13
371 231 15
424 264 14
432 272 16
477 297 12
477 297 13
486 306 15
530 330 15
540 340 14
54 34 12
212 132 14
212 132 16
216 136 12
216 136 13
265 165 13
265 165 15
270 170 16
324 204 12
324 204 12
371 231 12
378 238 16
424 264 14
424 264 15
424 264 16
432 272 15
432 272 17
477 297 14
530 330 14
540 340 14
53 33 12
53 33 16
106 66 16
108 68 15
108 68 16
159 99 14
159 99 16
162 102 14
162 102 14
212 132 14
216 136 16
265 165 15
265 165 15
318 198 16
324 204 13
371 231 16
432 272 16
477 297 12
530 330 16
540 340 16
53 33 12
106 66 16
159 99 14
159 99 15
159 99 16
162 102 17
212 132 13
216 136 14
265 165 15
318 198 14
371 231 13
371 231 14
371 231 14
378 238 15
432 272 13
432 272 14
432 272 16
486 306 13
530 330 14
540 340 13
53 33 14
53 33 17
54 34 16
159 99 12
162 102 13
216 136 15
318 198 15
324 204 15
324 204 17
324 204 17
371 231 13
371 231 16
378 238 16
432 272 14
432 272 14
432 272 14
477 297 16
486 306 17
530 330 14
530 330 16
53 33 12
53 33 16
54 34 12
54 34 14
54 34 14
54 34 15
108 68 17
159 99 13
162 102 14
162 102 15
265 165 15
270 170 14
270 170 16
318 198 14
378 238 15
378 238 15
424 264 16
477 297 16
486 306 14
540 340 13
53 33 15
54 34 14
106 66 12
108 68 16
159 99 13
162 102 14
162 102 14
212 132 14
216 136 13
265 165 14
265 165 16
318 198 14
324 204 12
324 204 16
371 231 12
371 231 15
378 238 12
486 306 15
540 340 12
540 340 13
54 34 14
108 68 15
159 99 14
159 99 15
162 102 17
216 136 16
270 170 12
318 198 12
318 198 17
324 204 13
324 204 15
371 231 14
371 231 14
371 231 15
378 238 12
378 238 13
424 264 16
432 272 13
486 306 16
530 330 14
53 33 12
53 33 13
159 99 14
216 136 12
216 136 12
318 198 13
318 198 13
318 198 16
324 204 12
371 231 12
424 264 14
477 297 13
477 297 14
477 297 15
477 297 15
486 306 13
486 306 15
530 330 14
530 330 14
540 340 16
54 34 13
54 34 15
106 66 15
108 68 12
108 68 13
108 68 13
159 99 16
212 132 13
212 132 13
212 132 13
318 198 17
371 231 12
378 238 13
424 264 15
424 264 15
432 272 13
432 272 13
432 272 15
432 272 17
477 297 13
108 68 12
108 68 13
162 102 14
162 102 15
212 132 15
212 132 15
318 198 14
318 198 16
324 204 14
371 231 12
371 231 15
371 231 16
424 264 16
432 272 16
477 297 17
486 306 12
486 306 14
486 306 16
530 330 12
540 340 15
53 33 12
53 33 15
162 102 13
212 132 12
212 132 14
216 136 16
265 165 17
270 170 14
318 198 15
318 198 15
324 204 16
371 231 14
371 231 15
378 238 16
378 238 16
424 264 15
432 272 13
432 272 14
486 306 14
486 306 15
53 33 13
106 66 12
106 66 16
108 68 13
108 68 17
159 99 14
216 136 16
265 165 17
270 170 13
318 198 14
371 231 12
371 231 14
424 264 13
424 264 16
424 264 17
432 272 14
477 297 14
477 297 15
486 306 16
530 330 14
108 68 14
108 68 15
159 99 15
162 102 13
212 132 14
212 132 15
212 132 17
216 136 15
216 136 17
270 170 15
318 198 14
318 198 16
371 231 17
424 264 13
424 264 13
477 297 14
486 306 17
530 330 12
540 340 16
540 340 17
159 99 15
162 102 14
162 102 17
216 136 12
216 136 15
265 165 14
270 170 12
318 198 13
318 198 14
318 198 16
318 198 17
324 204 15
324 204 17
371 231 16
371 231 16
424 264 16
424 264 17
432 272 14
477 297 13
540 340 12
53 33 15
108 68 15
159 99 13
159 99 15
212 132 13
212 132 15
216 136 15
216 136 16
216 136 17
318 198 16
318 198 16
371 231 14
371 231 14
371 231 15
378 238 12
432 272 14
432 272 14
477 297 14
486 306 14
540 340 16
53 33 15
54 34 12
108 68 15
162 102 14
212 132 12
265 165 12
265 165 17
270 170 15
318 198 13
318 198 16
324 204 16
371 231 12
378 238 14
378 238 15
424 264 15
424 264 16
432 272 16
477 297 15
486 306 13
530 330 14
53 33 14
108 68 12
108 68 13
108 68 13
212 132 16
216 136 15
216 136 16
265 165 16
270 170 15
318 198 12
318 198 15
324 204 13
324 204 14
371 231 15
378 238 15
378 238 16
424 264 16
477 297 13
477 297 16
530 330 15
54 34 13
106 66 12
106 66 15
108 68 12
108 68 12
159 99 15
162 102 14
212 132 12
265 165 13
265 165 17
318 198 14
378 238 15
378 238 15
424 264 12
424 264 14
424 264 16
432 272 12
477 297 16
477 297 17
530 330 15
159 99 15
159 99 16
162 102 14
162 102 15
212 132 12
216 136 16
265 165 15
265 165 15
270 170 13
270 170 13
270 170 16
318 198 12
318 198 14
318 198 17
432 272 15
432 272 15
486 306 13
486 306 15
530 330 13
540 340 13
53 33 16
54 34 14
106 66 16
108 68 14
108 68 17
159 99 15
159 99 16
162 102 15
212 132 12
212 132 13
216 136 14
216 136 16
270 170 15
318 198 15
378 238 12
378 238 15
477 297 14
477 297 15
486 306 13
486 306 16
53 33 13
53 33 15
54 34 14
106 66 17
108 68 12
108 68 12
159 99 14
162 102 15
212 132 13
212 132 15
265 165 16
270 170 17
324 204 13
371 231 15
378 238 13
378 238 15
424 264 16
432 272 17
477 297 17
540 340 15
106 66 15
106 66 15
108 68 13
108 68 14
108 68 14
159 99 15
159 99 17
270 170 15
270 170 15
318 198 16
432 272 12
432 272 14
477 297 16
486 306 13
540 340 13
540 340 15
540 340 15
540 340 15
540 340 16
540 340 16
54 34 16
106 66 13
106 66 14
106 66 14
159 99 12
159 99 16
162 102 13
216 136 12
265 165 14
265 165 15
270 170 15
270 170 17
318 198 17
324 204 13
324 204 13
324 204 13
324 204 15
371 231 13
424 264 15
540 340 14
53 33 13
106 66 13
108 68 12
108 68 13
108 68 15
159 99 13
159 99 14
162 102 14
216 136 13
216 136 15
216 136 16
378 238 14
378 238 15
378 238 16
424 264 14
432 272 17
486 306 16
486 306 17
530 330 17
540 340 14
54 34 15
159 99 14
212 132 15
212 132 17
270 170 13
270 170 14
270 170 15
318 198 14
324 204 16
324 204 16
371 231 13
378 238 12
378 238 16
424 264 14
432 272 15
477 297 14
486 306 12
486 306 13
486 306 13
486 306 16
53 33 13
54 34 14
54 34 16
159 99 15
159 99 15
159 99 16
216 136 12
265 165 13
270 170 14
270 170 15
270 170 17
318 198 13
324 204 17
378 238 14
432 272 13
477 297 13
477 297 15
486 306 14
530 330 17
540 340 13
53 33 12
53 33 14
106 66 12
159 99 13
162 102 16
212 132 15
216 136 15
265 165 14
265 165 15
265 165 16
265 165 17
424 264 12
424 264 14
432 272 12
432 272 16
432 272 16
477 297 15
477 297 16
540 340 13
540 340 14
53 33 14
53 33 14
53 33 16
106 66 12
159 99 14
270 170 14
318 198 14
324 204 13
371 231 12
371 231 14
378 238 14
424 264 12
424 264 14
424 264 15
424 264 16
486 306 15
530 330 13
530 330 15
530 330 17
530 330 17
53 33 12
53 33 14
106 66 15
108 68 14
159 99 16
162 102 12
162 102 14
265 165 15
270 170 16
318 198 14
324 204 15
324 204 17
324 204 17
378 238 14
378 238 15
477 297 13
486 306 12
486 306 14
540 340 13
540 340 15
106 66 14
108 68 13
108 68 13
159 99 17
162 102 16
212 132 13
216 136 13
216 136 13
265 165 12
318 198 12
318 198 15
378 238 15
424 264 12
424 264 12
432 272 12
432 272 12
432 272 17
486 306 13
486 306 15
530 330 15
106 66 12
106 66 14
106 66 16
108 68 13
108 68 14
108 68 15
212 132 16
216 136 15
265 165 15
270 170 12
270 170 14
371 231 14
371 231 15
371 231 16
432 272 17
477 297 16
486 306 13
486 306 14
530 330 13
530 330 14
54 34 12
106 66 14
108 68 14
159 99 15
216 136 13
216 136 14
216 136 15
216 136 17
318 198 14
318 198 15
318 198 15
324 204 16
371 231 17
378 238 13
424 264 16
477 297 17
486 306 12
486 306 16
486 306 17
530 330 13
54 34 14
108 68 15
108 68 15
162 102 13
162 102 14
212 132 15
216 136 13
216 136 17
270 170 15
270 170 16
318 198 14
324 204 13
324 204 14
324 204 15
324 204 15
371 231 16
371 231 16
424 264 16
530 330 15
540 340 13
53 33 14
53 33 16
106 66 16
216 136 12
216 136 16
318 198 17
318 198 17
324 204 13
324 204 14
371 231 14
424 264 13
424 264 14
424 264 16
432 272 15
432 272 15
477 297 15
486 306 14
486 306 15
530 330 13
540 340 16
53 33 12
53 33 13
53 33 15
54 34 14
54 34 17
106 66 16
106 66 17
108 68 14
159 99 15
162 102 14
265 165 13
318 198 16
371 231 14
378 238 16
424 264 13
424 264 14
477 297 13
477 297 15
486 306 15
486 306 16
53 33 14
54 34 14
106 66 12
159 99 15
162 102 13
162 102 17
162 102 17
216 136 12
265 165 13
265 165 17
371 231 14
378 238 13
378 238 13
378 238 14
378 238 15
424 264 14
432 272 16
432 272 16
477 297 13
530 330 15
106 66 13
108 68 13
108 68 15
162 102 12
162 102 16
216 136 13
216 136 13
265 165 13
270 170 17
318 198 15
324 204 13
324 204 15
432 272 14
432 272 14
486 306 13
486 306 15
486 306 16
530 330 13
530 330 14
530 330 16
53 33 12
54 34 14
54 34 15
212 132 16
216 136 16
265 165 14
265 165 14
270 170 13
270 170 13
270 170 13
270 170 14
318 198 16
324 204 15
371 231 13
378 238 14
424 264 13
424 264 14
432 272 13
486 306 14
530 330 16
53 33 17
216 136 12
216 136 13
216 136 16
265 165 14
270 170 13
270 170 14
270 170 16
324 204 12
324 204 14
371 231 12
432 272 12
432 272 13
432 272 17
477 297 12
477 297 13
486 306 12
486 306 15
530 330 14
540 340 16
53 33 12
53 33 15
53 33 16
54 34 15
108 68 13
108 68 15
159 99 16
162 102 12
216 136 15
318 198 13
324 204 12
371 231 15
378 238 14
477 297 14
477 297 14
477 297 16
477 297 16
530 330 14
540 340 12
540 340 13
53 33 14
54 34 12
106 66 12
106 66 16
159 99 12
159 99 14
162 102 15
216 136 14
216 136 15
371 231 14
371 231 14
378 238 12
378 238 12
424 264 14
432 272 16
432 272 16
486 306 13
486 306 14
530 330 16
540 340 14
53 33 12
54 34 14
54 34 16
106 66 12
106 66 15
162 102 14
212 132 12
212 132 15
216 136 14
265 165 12
265 165 15
324 204 12
324 204 15
378 238 14
432 272 15
477 297 17
477 297 17
530 330 12
530 330 14
540 340 14
53 33 14
53 33 15
106 66 13
108 68 15
162 102 14
162 102 16
212 132 15
265 165 15
270 170 16
318 198 13
318 198 16
371 231 12
371 231 15
477 297 12
477 297 12
477 297 16
486 306 13
530 330 15
540 340 13
540 340 15
106 66 17
108 68 14
159 99 13
162 102 16
212 132 14
212 132 15
265 165 13
318 198 15
318 198 16
324 204 13
371 231 13
378 238 13
378 238 14
424 264 12
424 264 14
424 264 14
432 272 15
477 297 14
530 330 13
530 330 16
53 33 14
53 33 16
106 66 16
108 68 13
159 99 13
162 102 13
212 132 12
212 132 13
216 136 13
324 204 17
324 204 17
371 231 14
371 231 14
371 231 16
371 231 16
432 272 14
432 272 15
477 297 17
530 330 12
540 340 16
53 33 15
106 66 15
159 99 13
212 132 16
212 132 16
216 136 15
216 136 16
265 165 13
265 165 16
270 170 15
318 198 13
371 231 15
378 238 14
378 238 15
486 306 15
530 330 13
530 330 16
540 340 13
540 340 13
540 340 16
53 33 13
108 68 16
159 99 13
159 99 13
159 99 13
212 132 13
212 132 14
212 132 16
216 136 13
265 165 16
265 165 16
324 204 16
371 231 14
371 231 14
432 272 13
432 272 14
432 272 15
477 297 14
477 297 14
486 306 16
53 33 16
106 66 14
159 99 15
162 102 12
162 102 15
265 165 15
318 198 13
318 198 16
324 204 14
324 204 15
324 204 16
378 238 16
424 264 13
424 264 13
424 264 15
424 264 15
477 297 17
530 330 14
540 340 12
540 340 15
53 33 15
53 33 15
54 34 12
162 102 12
212 132 12
212 132 14
216 136 14
265 165 17
270 170 17
324 204 13
371 231 13
371 231 15
371 231 17
378 238 12
378 238 16
424 264 13
424 264 16
432 272 13
477 297 14
486 306 13
53 33 16
54 34 16
106 66 13
106 66 15
212 132 14
212 132 16
216 136 14
270 170 12
324 204 12
324 204 16
371 231 15
378 238 15
432 272 13
432 272 14
477 297 14
477 297 14
477 297 15
486 306 16
540 340 16
540 340 17
106 66 12
106 66 14
106 66 16
108 68 12
108 68 12
159 99 14
159 99 16
212 132 13
265 165 13
270 170 17
318 198 16
324 204 14
371 231 12
371 231 15
378 238 14
424 264 16
477 297 12
477 297 16
530 330 16
540 340 12
53 33 12
108 68 13
162 102 15
212 132 13
212 132 15
216 136 13
216 136 14
216 136 16
270 170 13
318 198 12
318 198 13
318 198 15
371 231 16
371 231 17
371 231 17
378 238 13
424 264 14
424 264 15
432 272 15
540 340 12
53 33 15
106 66 15
108 68 13
108 68 14
108 68 16
162 102 12
162 102 16
212 132 16
216 136 13
216 136 17
265 165 12
265 165 14
324 204 15
378 238 14
424 264 16
432 272 12
477 297 13
477 297 14
530 330 16
540 340 12
53 33 12
53 33 16
54 34 13
106 66 12
106 66 14
108 68 16
159 99 12
212 132 15
212 132 16
216 136 14
216 136 16
265 165 12
318 198 13
371 231 12
371 231 14
378 238 15
432 272 13
477 297 12
477 297 15
530 330 15
53 33 14
106 66 13
108 68 15
159 99 17
162 102 14
162 102 15
212 132 14
212 132 17
216 136 15
216 136 16
216 136 16
265 165 13
270 170 16
371 231 12
432 272 15
477 297 13
477 297 16
530 330 16
530 330 16
540 340 16
53 33 15
53 33 16
162 102 12
162 102 15
162 102 15
162 102 16
212 132 14
265 165 16
265 165 17
265 165 17
318 198 15
318 198 17
371 231 13
371 231 15
378 238 16
432 272 13
432 272 17
530 330 14
530 330 15
530 330 17
54 34 13
106 66 12
108 68 13
162 102 13
162 102 13
162 102 15
212 132 12
212 132 13
212 132 16
216 136 16
265 165 13
265 165 15
318 198 13
318 198 14
318 198 15
318 198 15
371 231 12
432 272 15
486 306 13
486 306 15
54 34 15
108 68 17
159 99 12
159 99 15
159 99 16
162 102 17
216 136 12
270 170 14
270 170 16
371 231 12
371 231 13
371 231 14
371 231 15
378 238 13
424 264 12
424 264 17
432 272 16
486 306 16
530 330 13
540 340 14
53 33 14
54 34 13
108 68 14
108 68 15
159 99 15
162 102 15
265 165 16
265 165 17
270 170 16
318 198 12
324 204 12
324 204 13
371 231 15
424 264 14
477 297 16
486 306 16
530 330 13
530 330 16
540 340 14
540 340 15
53 33 14
53 33 16
106 66 14
106 66 16
162 102 15
216 136 15
216 136 16
270 170 15
270 170 16
318 198 16
318 198 17
324 204 12
324 204 12
378 238 14
424 264 14
424 264 14
424 264 17
432 272 13
477 297 17
530 330 15
53 33 15
106 66 14
106 66 15
106 66 15
106 66 16
159 99 14
212 132 14
216 136 16
265 165 15
265 165 15
318 198 15
318 198 16
324 204 15
371 231 13
371 231 15
378 238 16
432 272 14
432 272 16
530 330 15
530 330 15
106 66 15
162 102 13
162 102 13
162 102 16
216 136 15
318 198 14
318 198 15
324 204 13
371 231 16
378 238 13
378 238 16
432 272 15
432 272 15
432 272 16
486 306 17
530 330 12
530 330 12
530 330 14
530 330 14
530 330 16
159 99 12
212 132 12
216 136 15
270 170 14
318 198 13
318 198 15
318 198 16
324 204 12
371 231 12
378 238 12
378 238 14
424 264 14
424 264 16
432 272 13
432 272 13
432 272 14
477 297 13
486 306 13
540 340 12
540 340 16
54 34 12
106 66 13
106 66 13
106 66 16
108 68 17
265 165 15
270 170 13
270 170 13
270 170 13
318 198 15
318 198 16
324 204 12
324 204 16
378 238 15
424 264 13
432 272 12
432 272 12
432 272 13
530 330 16
540 340 16
54 34 16
108 68 14
159 99 16
216 136 12
216 136 12
216 136 16
265 165 14
265 165 14
270 170 15
324 204 14
324 204 15
324 204 16
378 238 16
432 272 13
477 297 15
477 297 15
477 297 16
486 306 15
530 330 13
540 340 16
54 34 13
106 66 13
106 66 14
108 68 14
108 68 14
159 99 12
212 132 12
216 136 13
265 165 16
378 238 15
378 238 16
424 264 14
477 297 13
486 306 14
486 306 15
530 330 13
530 330 16
540 340 13
540 340 14
540 340 16
53 33 16
54 34 15
54 34 16
54 34 16
106 66 14
108 68 15
159 99 14
212 132 13
216 136 15
265 165 17
318 198 14
324 204 16
371 231 16
378 238 15
378 238 15
432 272 12
432 272 13
432 272 16
477 297 13
477 297 16
