2000 20 682399
100 86 226
100 63 173
100 87 152
100 98 243
100 100 233
100 143 152
100 61 191
100 103 158
100 107 235
100 125 192
100 72 225
100 58 221
100 78 248
100 65 174
100 114 151
100 64 181
100 149 192
100 59 177
100 79 248
100 91 191
52 32 2
52 32 2
52 32 3
104 64 2
104 64 2
104 64 2
104 64 2
104 64 2
104 64 3
104 64 3
156 96 2
156 96 2
156 96 2
156 96 2
208 128 2
208 128 2
208 128 2
208 128 2
208 128 2
208 128 2
208 128 2
208 128 2
208 128 3
208 128 3
208 128 3
208 128 3
219 199 2
219 199 2
219 199 3
260 160 2
260 160 2
312 192 2
312 192 2
312 192 3
312 192 3
312 192 3
364 224 2
364 224 2
364 224 2
416 256 2
416 256 2
416 256 2
416 256 2
416 256 2
416 256 3
438 398 2
438 398 2
438 398 2
438 398 3
438 398 3
468 288 2
468 288 2
468 288 2
468 288 2
468 288 2
468 288 3
520 320 2
520 320 2
520 320 2
520 320 2
520 320 2
520 320 3
657 597 2
657 597 2
657 597 2
657 597 2
657 597 2
657 597 2
876 796 2
876 796 2
876 796 2
876 796 3
876 796 3
876 796 3
1095 995 2
1314 1194 2
1314 1194 2
1314 1194 2
1314 1194 2
1314 1194 3
1533 1393 2
1533 1393 3
1533 1393 3
1752 1592 2
1752 1592 2
1752 1592 2
1752 1592 2
1752 1592 3
1752 1592 3
1971 1791 2
1971 1791 3
1971 1791 3
2190 1990 2
2190 1990 2
2190 1990 2
2190 1990 2
2190 1990 2
2190 1990 2
2190 1990 3
2190 1990 3
52 32 2
52 32 2
52 32 3
52 32 3
52 32 3
52 32 3
104 64 2
104 64 2
104 64 3
104 64 3
156 96 2
156 96 2
156 96 2
156 96 3
156 96 3
208 128 2
208 128 2
208 128 2
208 128 3
208 128 3
208 128 3
219 199 2
219 199 2
219 199 2
219 199 2
219 199 2
219 199 3
260 160 2
260 160 3
260 160 3
260 160 3
312 192 2
312 192 2
312 192 3
364 224 2
364 224 2
364 224 2
364 224 2
364 224 2
364 224 2
364 224 3
364 224 3
364 224 3
416 256 2
416 256 2
416 256 2
438 398 2
438 398 2
438 398 2
468 288 2
468 288 3
468 288 3
468 288 3
468 288 3
520 320 2
520 320 2
520 320 3
520 320 3
520 320 3
657 597 2
657 597 2
657 597 2
657 597 2
657 597 3
657 597 3
657 597 3
876 796 2
876 796 2
876 796 3
876 796 3
1095 995 2
1095 995 2
1095 995 2
1095 995 3
1095 995 3
1314 1194 2
1314 1194 2
1314 1194 2
1314 1194 2
1314 1194 3
1314 1194 3
1533 1393 2
1533 1393 2
1533 1393 3
1533 1393 3
1533 1393 3
1752 1592 2
1752 1592 2
1752 1592 2
1752 1592 3
1752 1592 3
1971 1791 2
1971 1791 2
1971 1791 2
1971 1791 2
2190 1990 2
2190 1990 2
2190 1990 2
2190 1990 3
2190 1990 3
52 32 2
52 32 2
52 32 3
104 64 2
104 64 3
156 96 2
156 96 2
156 96 2
156 96 3
156 96 3
208 128 2
208 128 2
208 128 2
208 128 2
219 199 2
219 199 2
219 199 3
260 160 2
260 160 2
260 160 2
260 160 2
260 160 2
260 160 3
260 160 3
260 160 3
312 192 2
312 192 3
312 192 3
312 192 3
364 224 2
364 224 2
364 224 2
364 224 3
416 256 2
416 256 2
416 256 2
416 256 3
416 256 3
438 398 2
438 398 2
438 398 2
438 398 3
468 288 2
468 288 3
520 320 2
520 320 2
520 320 2
520 320 2
520 320 3
520 320 3
520 320 3
657 597 2
657 597 2
657 597 2
657 597 2
657 597 2
657 597 2
657 597 2
657 597 3
657 597 3
876 796 2
876 796 2
876 796 2
876 796 2
876 796 2
876 796 2
876 796 2
876 796 3
1095 995 2
1095 995 2
1095 995 3
1314 1194 2
1314 1194 2
1314 1194 2
1314 1194 2
1314 1194 2
1314 1194 2
1314 1194 2
1314 1194 3
1314 1194 3
1533 1393 2
1533 1393 2
1533 1393 3
1533 1393 3
1752 1592 2
1752 1592 2
1752 1592 2
1752 1592 3
1971 1791 2
1971 1791 2
1971 1791 2
1971 1791 2
1971 1791 2
1971 1791 3
1971 1791 3
2190 1990 2
2190 1990 2
2190 1990 2
2190 1990 3
2190 1990 3
52 32 2
52 32 2
104 64 2
104 64 3
156 96 2
208 128 2
208 128 2
208 128 2
208 128 2
208 128 2
208 128 3
208 128 3
208 128 3
208 128 3
219 199 2
219 199 2
219 199 2
219 199 2
219 199 2
219 199 2
219 199 3
219 199 3
260 160 3
312 192 2
312 192 2
312 192 2
312 192 2
312 192 2
312 192 3
312 192 3
312 192 3
364 224 2
364 224 2
364 224 2
364 224 2
364 224 2
364 224 2
364 224 3
364 224 3
416 256 2
416 256 3
438 398 2
438 398 2
438 398 2
468 288 2
468 288 2
468 288 2
468 288 3
468 288 3
520 320 2
520 320 2
520 320 2
520 320 3
520 320 3
657 597 2
657 597 2
657 597 2
657 597 3
876 796 2
876 796 2
876 796 2
876 796 3
1095 995 2
1095 995 2
1095 995 2
1095 995 2
1095 995 2
1095 995 3
1095 995 3
1314 1194 2
1314 1194 3
1314 1194 3
1314 1194 3
1533 1393 2
1533 1393 2
1533 1393 2
1533 1393 2
1533 1393 2
1533 1393 2
1533 1393 2
1533 1393 2
1533 1393 3
1533 1393 3
1752 1592 2
1752 1592 2
1752 1592 3
1752 1592 3
1752 1592 3
1752 1592 3
1971 1791 2
1971 1791 2
1971 1791 2
1971 1791 2
1971 1791 3
2190 1990 2
2190 1990 2
2190 1990 2
2190 1990 3
2190 1990 3
2190 1990 3
52 32 2
52 32 2
52 32 2
52 32 2
52 32 2
52 32 2
52 32 3
52 32 3
52 32 3
52 32 3
104 64 2
104 64 2
104 64 2
104 64 2
104 64 3
104 64 3
156 96 2
156 96 2
156 96 2
156 96 2
208 128 3
208 128 3
219 199 2
219 199 2
219 199 2
219 199 2
260 160 2
260 160 2
260 160 2
260 160 3
312 192 2
312 192 2
312 192 2
312 192 2
364 224 3
364 224 3
416 256 2
416 256 2
416 256 2
416 256 2
416 256 3
416 256 3
438 398 2
438 398 3
438 398 3
438 398 3
468 288 2
468 288 2
468 288 2
468 288 2
468 288 2
468 288 2
468 288 3
468 288 3
468 288 3
468 288 3
520 320 2
520 320 2
520 320 3
520 320 3
520 320 3
657 597 2
657 597 2
657 597 3
657 597 3
876 796 2
876 796 2
876 796 2
876 796 2
876 796 2
876 796 3
876 796 3
1095 995 2
1095 995 3
1095 995 3
1095 995 3
1095 995 3
1314 1194 2
1314 1194 2
1533 1393 2
1533 1393 2
1533 1393 3
1752 1592 2
1752 1592 3
1752 1592 3
1752 1592 3
1752 1592 3
1971 1791 2
1971 1791 2
1971 1791 2
1971 1791 2
1971 1791 3
1971 1791 3
2190 1990 2
2190 1990 2
2190 1990 2
2190 1990 2
2190 1990 2
2190 1990 3
2190 1990 3
52 32 2
52 32 3
52 32 3
52 32 3
104 64 2
104 64 2
104 64 2
104 64 3
104 64 3
104 64 3
156 96 2
156 96 2
156 96 2
156 96 3
156 96 3
156 96 3
156 96 3
156 96 3
208 128 2
208 128 2
208 128 2
208 128 2
208 128 3
219 199 2
219 199 3
219 199 3
260 160 2
260 160 2
260 160 2
260 160 2
260 160 2
260 160 3
312 192 2
312 192 2
312 192 2
364 224 2
364 224 2
364 224 2
364 224 2
364 224 3
416 256 2
416 256 2
416 256 2
416 256 3
438 398 2
438 398 2
438 398 2
438 398 3
438 398 3
438 398 3
468 288 2
468 288 3
520 320 2
520 320 2
520 320 2
520 320 2
520 320 2
520 320 3
520 320 3
520 320 3
520 320 3
520 320 3
520 320 3
657 597 3
657 597 3
657 597 3
876 796 2
876 796 3
876 796 3
1095 995 2
1314 1194 2
1314 1194 2
1314 1194 2
1314 1194 3
1314 1194 3
1314 1194 3
1314 1194 3
1314 1194 3
1533 1393 2
1533 1393 2
1533 1393 3
1533 1393 3
1752 1592 2
1752 1592 3
1752 1592 3
1971 1791 2
1971 1791 2
1971 1791 2
1971 1791 2
1971 1791 2
1971 1791 2
1971 1791 2
1971 1791 2
1971 1791 3
2190 1990 2
2190 1990 2
2190 1990 2
2190 1990 3
2190 1990 3
2190 1990 3
52 32 2
52 32 2
52 32 2
52 32 2
52 32 2
52 32 3
52 32 3
104 64 2
104 64 3
104 64 3
104 64 3
156 96 2
156 96 2
156 96 2
156 96 3
156 96 3
208 128 2
208 128 2
208 128 2
208 128 2
208 128 2
208 128 2
208 128 3
208 128 3
219 199 2
219 199 2
219 199 2
219 199 3
219 199 3
219 199 3
260 160 2
260 160 2
260 160 3
260 160 3
260 160 3
260 160 3
312 192 2
312 192 2
312 192 2
312 192 2
312 192 2
312 192 3
312 192 3
364 224 2
364 224 3
364 224 3
416 256 2
416 256 2
416 256 3
416 256 3
438 398 2
438 398 2
438 398 2
438 398 2
438 398 3
468 288 2
468 288 2
468 288 2
468 288 2
468 288 2
468 288 2
468 288 2
468 288 2
520 320 2
520 320 3
520 320 3
657 597 2
657 597 3
657 597 3
876 796 2
876 796 2
1095 995 2
1095 995 2
1095 995 2
1095 995 2
1095 995 2
1533 1393 2
1533 1393 2
1533 1393 2
1533 1393 2
1533 1393 2
1533 1393 2
1533 1393 2
1533 1393 2
1533 1393 2
1752 1592 2
1752 1592 2
1752 1592 2
1752 1592 2
1752 1592 3
1971 1791 2
1971 1791 2
1971 1791 3
1971 1791 3
1971 1791 3
1971 1791 3
2190 1990 2
2190 1990 2
2190 1990 3
2190 1990 3
52 32 2
52 32 2
52 32 2
52 32 2
52 32 3
104 64 2
104 64 2
104 64 2
104 64 2
104 64 2
104 64 3
104 64 3
156 96 2
156 96 2
156 96 2
156 96 3
208 128 2
208 128 2
208 128 2
208 128 2
208 128 2
208 128 2
208 128 2
208 128 2
208 128 2
208 128 2
208 128 3
208 128 3
208 128 3
219 199 2
219 199 2
219 199 2
219 199 3
219 199 3
260 160 2
312 192 2
312 192 2
312 192 2
312 192 2
312 192 2
312 192 2
312 192 3
312 192 3
364 224 2
364 224 3
364 224 3
364 224 3
416 256 2
416 256 2
416 256 3
416 256 3
416 256 3
416 256 3
438 398 2
438 398 2
438 398 2
438 398 2
438 398 3
468 288 2
468 288 2
520 320 3
657 597 2
657 597 2
657 597 2
657 597 3
657 597 3
876 796 2
876 796 2
876 796 2
876 796 2
876 796 2
876 796 2
876 796 3
1095 995 2
1095 995 2
1095 995 2
1314 1194 2
1314 1194 2
1314 1194 3
1533 1393 2
1533 1393 2
1533 1393 2
1533 1393 2
1533 1393 2
1533 1393 3
1533 1393 3
1752 1592 2
1752 1592 2
1752 1592 2
1752 1592 3
1752 1592 3
1752 1592 3
1971 1791 2
1971 1791 2
1971 1791 2
1971 1791 2
1971 1791 3
2190 1990 2
2190 1990 2
2190 1990 2
52 32 2
52 32 2
52 32 2
52 32 2
52 32 2
52 32 3
52 32 3
156 96 2
156 96 2
156 96 2
156 96 3
208 128 2
208 128 2
208 128 2
219 199 2
219 199 2
219 199 2
219 199 2
219 199 3
219 199 3
219 199 3
219 199 3
260 160 2
260 160 2
260 160 2
260 160 2
260 160 3
260 160 3
260 160 3
260 160 3
312 192 2
312 192 2
312 192 2
312 192 2
312 192 2
312 192 3
312 192 3
364 224 2
364 224 2
364 224 2
364 224 2
364 224 2
364 224 2
364 224 2
364 224 3
364 224 3
364 224 3
364 224 3
416 256 2
416 256 2
416 256 3
416 256 3
416 256 3
438 398 2
438 398 2
438 398 2
438 398 3
438 398 3
438 398 3
468 288 2
468 288 2
468 288 2
468 288 3
520 320 2
520 320 2
520 320 2
520 320 2
520 320 3
520 320 3
520 320 3
657 597 2
657 597 2
657 597 2
657 597 3
657 597 3
657 597 3
876 796 2
876 796 2
876 796 2
876 796 3
876 796 3
1314 1194 2
1314 1194 2
1314 1194 2
1314 1194 3
1533 1393 2
1533 1393 2
1533 1393 3
1533 1393 3
1752 1592 3
1752 1592 3
1971 1791 2
1971 1791 2
1971 1791 2
1971 1791 3
1971 1791 3
2190 1990 2
2190 1990 2
2190 1990 3
2190 1990 3
52 32 2
52 32 2
52 32 3
104 64 2
104 64 2
156 96 2
156 96 2
156 96 3
156 96 3
156 96 3
208 128 2
208 128 2
208 128 2
208 128 2
208 128 3
208 128 3
219 199 2
219 199 2
219 199 2
219 199 2
219 199 3
260 160 2
260 160 3
312 192 2
312 192 3
312 192 3
312 192 3
364 224 2
364 224 2
364 224 2
416 256 2
416 256 3
416 256 3
438 398 2
438 398 2
438 398 2
438 398 2
438 398 3
438 398 3
438 398 3
438 398 3
468 288 2
468 288 2
468 288 2
468 288 2
468 288 3
520 320 2
520 320 2
520 320 2
520 320 2
520 320 3
520 320 3
520 320 3
657 597 3
657 597 3
657 597 3
657 597 3
657 597 3
876 796 2
876 796 2
876 796 3
876 796 3
876 796 3
876 796 3
876 796 3
1095 995 2
1095 995 2
1095 995 3
1095 995 3
1095 995 3
1095 995 3
1314 1194 2
1314 1194 2
1314 1194 2
1314 1194 2
1314 1194 3
1314 1194 3
1533 1393 2
1533 1393 2
1533 1393 2
1533 1393 3
1533 1393 3
1533 1393 3
1533 1393 3
1533 1393 3
1752 1592 2
1752 1592 2
1971 1791 2
1971 1791 2
1971 1791 2
1971 1791 3
2190 1990 2
2190 1990 2
2190 1990 2
2190 1990 2
2190 1990 2
2190 1990 3
2190 1990 3
2190 1990 3
2190 1990 3
52 32 3
52 32 3
104 64 2
104 64 3
156 96 2
156 96 2
156 96 2
156 96 3
156 96 3
156 96 3
208 128 2
208 128 3
219 199 2
219 199 2
219 199 2
219 199 2
219 199 3
260 160 2
260 160 2
260 160 2
260 160 2
260 160 2
260 160 2
260 160 2
312 192 2
312 192 2
364 224 2
364 224 2
364 224 2
364 224 2
364 224 3
364 224 3
416 256 2
416 256 3
416 256 3
416 256 3
438 398 2
438 398 2
438 398 2
438 398 3
468 288 2
468 288 2
468 288 2
468 288 2
468 288 2
468 288 3
520 320 2
520 320 2
520 320 2
520 320 2
520 320 2
520 320 2
520 320 2
520 320 3
520 320 3
520 320 3
520 320 3
657 597 2
657 597 2
657 597 2
657 597 3
657 597 3
876 796 2
876 796 2
876 796 3
876 796 3
1095 995 2
1095 995 2
1095 995 2
1095 995 3
1095 995 3
1095 995 3
1314 1194 2
1314 1194 2
1314 1194 3
1314 1194 3
1533 1393 2
1533 1393 2
1533 1393 2
1533 1393 2
1533 1393 2
1533 1393 3
1752 1592 2
1752 1592 2
1752 1592 3
1971 1791 2
1971 1791 2
1971 1791 2
1971 1791 2
1971 1791 2
1971 1791 3
1971 1791 3
2190 1990 2
2190 1990 2
2190 1990 2
2190 1990 2
2190 1990 2
2190 1990 2
2190 1990 2
2190 1990 3
52 32 2
52 32 2
104 64 2
104 64 2
104 64 2
104 64 2
104 64 3
104 64 3
104 64 3
156 96 2
156 96 2
156 96 2
156 96 2
156 96 2
156 96 2
156 96 3
208 128 2
208 128 2
208 128 2
208 128 2
208 128 3
219 199 2
219 199 3
260 160 2
260 160 2
260 160 2
260 160 2
260 160 2
260 160 3
260 160 3
312 192 2
312 192 2
312 192 2
312 192 3
364 224 2
364 224 2
364 224 2
364 224 2
364 224 2
364 224 2
364 224 3
364 224 3
416 256 2
416 256 2
416 256 3
438 398 2
438 398 2
438 398 2
438 398 3
468 288 2
468 288 2
468 288 2
468 288 2
468 288 3
520 320 2
520 320 2
520 320 2
520 320 2
520 320 2
520 320 3
520 320 3
520 320 3
657 597 2
657 597 2
657 597 3
876 796 2
876 796 2
876 796 2
876 796 2
876 796 2
876 796 2
1095 995 2
1095 995 2
1095 995 2
1095 995 3
1314 1194 2
1314 1194 2
1314 1194 2
1314 1194 2
1314 1194 3
1533 1393 2
1533 1393 2
1533 1393 2
1533 1393 2
1533 1393 3
1533 1393 3
1533 1393 3
1752 1592 3
1752 1592 3
1971 1791 2
1971 1791 2
1971 1791 3
1971 1791 3
2190 1990 2
2190 1990 2
2190 1990 2
2190 1990 3
2190 1990 3
2190 1990 3
2190 1990 3
52 32 2
52 32 2
52 32 2
52 32 2
52 32 3
52 32 3
52 32 3
156 96 2
156 96 2
156 96 2
156 96 3
208 128 2
208 128 2
208 128 2
208 128 2
208 128 2
208 128 2
208 128 2
208 128 3
208 128 3
208 128 3
219 199 2
219 199 2
219 199 3
260 160 2
260 160 2
260 160 3
312 192 3
364 224 2
364 224 3
364 224 3
364 224 3
364 224 3
364 224 3
416 256 2
416 256 2
416 256 2
416 256 2
416 256 2
416 256 2
416 256 3
416 256 3
416 256 3
438 398 2
438 398 2
438 398 3
468 288 2
468 288 2
468 288 2
468 288 3
468 288 3
520 320 2
520 320 2
520 320 3
520 320 3
520 320 3
657 597 2
657 597 2
657 597 3
657 597 3
876 796 2
876 796 2
876 796 3
876 796 3
1095 995 2
1095 995 2
1095 995 2
1095 995 2
1095 995 2
1095 995 2
1095 995 3
1314 1194 2
1314 1194 2
1314 1194 2
1314 1194 2
1314 1194 2
1314 1194 3
1533 1393 2
1533 1393 2
1533 1393 3
1533 1393 3
1752 1592 2
1752 1592 2
1752 1592 3
1752 1592 3
1971 1791 2
1971 1791 2
1971 1791 2
1971 1791 2
1971 1791 3
1971 1791 3
1971 1791 3
2190 1990 2
2190 1990 2
2190 1990 2
2190 1990 2
2190 1990 2
2190 1990 3
2190 1990 3
2190 1990 3
52 32 2
52 32 2
52 32 2
52 32 3
104 64 2
104 64 2
104 64 2
104 64 2
156 96 2
156 96 2
156 96 2
156 96 2
156 96 3
156 96 3
208 128 2
208 128 2
208 128 2
208 128 2
208 128 3
208 128 3
208 128 3
219 199 2
219 199 2
219 199 2
219 199 2
219 199 2
219 199 2
260 160 2
260 160 2
260 160 3
312 192 2
312 192 2
312 192 2
312 192 3
312 192 3
312 192 3
312 192 3
364 224 2
364 224 2
364 224 2
364 224 2
364 224 2
364 224 2
416 256 2
416 256 2
416 256 2
416 256 2
416 256 3
416 256 3
438 398 2
438 398 3
438 398 3
438 398 3
468 288 2
468 288 2
520 320 2
520 320 2
520 320 2
520 320 3
520 320 3
657 597 2
657 597 2
657 597 2
657 597 2
657 597 2
657 597 2
657 597 3
876 796 2
876 796 2
1095 995 2
1095 995 2
1095 995 2
1095 995 3
1095 995 3
1095 995 3
1095 995 3
1314 1194 2
1314 1194 2
1314 1194 2
1314 1194 3
1533 1393 2
1533 1393 2
1533 1393 2
1752 1592 2
1752 1592 2
1752 1592 2
1752 1592 2
1752 1592 3
1752 1592 3
1971 1791 2
1971 1791 2
1971 1791 3
1971 1791 3
1971 1791 3
2190 1990 2
2190 1990 2
2190 1990 2
2190 1990 2
2190 1990 3
2190 1990 3
52 32 2
52 32 2
52 32 2
52 32 2
52 32 2
52 32 2
52 32 2
52 32 2
52 32 3
52 32 3
104 64 2
104 64 2
104 64 3
156 96 2
156 96 2
156 96 2
156 96 2
156 96 3
156 96 3
208 128 2
208 128 2
208 128 3
208 128 3
208 128 3
208 128 3
219 199 2
219 199 2
219 199 2
219 199 3
219 199 3
260 160 2
260 160 2
260 160 2
312 192 2
312 192 2
312 192 3
364 224 2
364 224 2
364 224 3
416 256 2
416 256 2
416 256 2
416 256 2
416 256 2
416 256 3
438 398 2
438 398 2
438 398 3
438 398 3
468 288 2
468 288 3
520 320 2
520 320 2
520 320 2
520 320 2
520 320 2
520 320 3
520 320 3
657 597 2
657 597 3
657 597 3
876 796 2
876 796 2
876 796 3
876 796 3
876 796 3
1095 995 2
1095 995 2
1314 1194 2
1314 1194 2
1314 1194 2
1314 1194 2
1314 1194 2
1314 1194 3
1314 1194 3
1314 1194 3
1314 1194 3
1533 1393 2
1752 1592 2
1752 1592 2
1752 1592 2
1752 1592 2
1752 1592 2
1752 1592 3
1752 1592 3
1752 1592 3
1971 1791 2
1971 1791 2
1971 1791 2
1971 1791 2
1971 1791 2
1971 1791 2
1971 1791 3
2190 1990 2
2190 1990 2
2190 1990 2
2190 1990 2
2190 1990 2
2190 1990 3
2190 1990 3
52 32 2
52 32 2
52 32 2
52 32 2
52 32 3
104 64 2
104 64 2
104 64 2
156 96 2
156 96 2
156 96 2
156 96 3
156 96 3
156 96 3
156 96 3
208 128 2
208 128 2
208 128 2
208 128 2
208 128 2
208 128 2
219 199 2
219 199 2
219 199 2
219 199 3
260 160 2
260 160 2
260 160 2
312 192 2
312 192 2
312 192 2
312 192 3
312 192 3
312 192 3
416 256 2
416 256 2
416 256 2
416 256 2
416 256 2
438 398 3
438 398 3
438 398 3
468 288 2
468 288 2
468 288 2
468 288 2
468 288 2
468 288 2
468 288 2
468 288 2
468 288 3
520 320 2
520 320 2
520 320 2
520 320 2
520 320 2
520 320 3
657 597 2
657 597 2
657 597 2
657 597 2
657 597 2
657 597 3
657 597 3
657 597 3
876 796 2
876 796 2
876 796 2
876 796 3
876 796 3
1095 995 2
1095 995 2
1095 995 2
1095 995 2
1095 995 3
1314 1194 2
1314 1194 3
1314 1194 3
1314 1194 3
1314 1194 3
1533 1393 2
1533 1393 2
1533 1393 2
1533 1393 2
1533 1393 3
1752 1592 2
1752 1592 2
1752 1592 2
1752 1592 3
1752 1592 3
1752 1592 3
1752 1592 3
1971 1791 3
1971 1791 3
1971 1791 3
1971 1791 3
2190 1990 2
2190 1990 3
2190 1990 3
2190 1990 3
52 32 2
52 32 2
52 32 2
52 32 3
52 32 3
52 32 3
104 64 2
104 64 2
104 64 2
104 64 3
104 64 3
156 96 2
156 96 2
156 96 3
208 128 2
208 128 2
208 128 3
219 199 2
219 199 2
219 199 2
219 199 2
219 199 2
219 199 2
219 199 3
260 160 2
260 160 2
260 160 2
260 160 2
260 160 3
312 192 2
312 192 2
312 192 2
312 192 2
312 192 3
312 192 3
312 192 3
312 192 3
364 224 2
364 224 2
364 224 2
364 224 2
364 224 2
364 224 3
416 256 2
416 256 2
416 256 2
416 256 2
416 256 3
416 256 3
438 398 2
438 398 3
438 398 3
468 288 2
468 288 3
468 288 3
468 288 3
520 320 2
520 320 2
520 320 2
520 320 3
657 597 2
657 597 2
657 597 2
657 597 2
876 796 2
876 796 2
876 796 2
876 796 3
876 796 3
876 796 3
1095 995 2
1095 995 2
1095 995 2
1095 995 2
1095 995 3
1314 1194 2
1314 1194 2
1314 1194 3
1314 1194 3
1314 1194 3
1533 1393 2
1533 1393 2
1533 1393 2
1533 1393 3
1533 1393 3
1752 1592 2
1752 1592 2
1752 1592 2
1752 1592 2
1752 1592 3
1752 1592 3
1971 1791 2
1971 1791 2
1971 1791 3
1971 1791 3
2190 1990 2
2190 1990 2
2190 1990 2
2190 1990 2
2190 1990 2
52 32 2
52 32 2
52 32 2
52 32 3
52 32 3
52 32 3
52 32 3
104 64 2
104 64 2
104 64 2
104 64 3
104 64 3
156 96 2
156 96 2
156 96 2
156 96 3
156 96 3
156 96 3
208 128 2
208 128 2
208 128 2
208 128 2
208 128 2
208 128 3
208 128 3
219 199 2
219 199 2
219 199 2
219 199 2
219 199 2
219 199 2
219 199 2
219 199 3
219 199 3
219 199 3
260 160 2
260 160 2
260 160 3
312 192 2
364 224 2
364 224 2
364 224 2
416 256 2
416 256 2
416 256 3
438 398 2
438 398 2
438 398 2
438 398 3
468 288 3
468 288 3
468 288 3
520 320 2
520 320 2
520 320 2
520 320 2
520 320 3
520 320 3
657 597 2
657 597 2
657 597 2
657 597 2
657 597 2
657 597 2
657 597 2
657 597 2
657 597 3
876 796 2
876 796 2
876 796 2
876 796 2
876 796 2
1095 995 2
1095 995 2
1095 995 2
1095 995 3
1314 1194 2
1314 1194 2
1314 1194 3
1314 1194 3
1314 1194 3
1533 1393 2
1533 1393 2
1533 1393 2
1533 1393 3
1533 1393 3
1533 1393 3
1752 1592 2
1752 1592 2
1752 1592 3
1752 1592 3
1971 1791 2
1971 1791 2
2190 1990 2
2190 1990 2
2190 1990 2
2190 1990 2
2190 1990 2
2190 1990 2
2190 1990 3
52 32 2
52 32 2
104 64 2
104 64 2
104 64 2
104 64 2
104 64 2
156 96 2
156 96 3
156 96 3
156 96 3
208 128 2
208 128 2
208 128 3
208 128 3
208 128 3
219 199 2
219 199 3
219 199 3
219 199 3
260 160 2
260 160 2
260 160 3
312 192 2
312 192 2
312 192 2
312 192 3
312 192 3
312 192 3
364 224 2
364 224 2
364 224 2
364 224 2
364 224 2
364 224 2
364 224 2
364 224 3
416 256 2
416 256 2
416 256 2
416 256 3
416 256 3
438 398 2
438 398 2
438 398 3
438 398 3
438 398 3
438 398 3
468 288 2
468 288 2
468 288 2
468 288 3
520 320 2
520 320 2
520 320 2
520 320 2
520 320 2
520 320 2
520 320 3
520 320 3
657 597 2
657 597 2
657 597 3
876 796 2
876 796 2
876 796 2
876 796 2
876 796 2
876 796 3
876 796 3
876 796 3
1095 995 2
1095 995 2
1095 995 3
1095 995 3
1314 1194 2
1314 1194 2
1314 1194 2
1314 1194 3
1314 1194 3
1314 1194 3
1314 1194 3
1314 1194 3
1533 1393 2
1533 1393 2
1533 1393 2
1533 1393 3
1533 1393 3
1533 1393 3
1533 1393 3
1752 1592 2
1752 1592 2
1752 1592 2
1752 1592 2
1752 1592 3
1971 1791 2
1971 1791 2
1971 1791 2
2190 1990 2
2190 1990 2
52 32 2
52 32 2
52 32 2
52 32 2
52 32 3
52 32 3
52 32 3
52 32 3
52 32 3
104 64 2
104 64 2
104 64 2
104 64 3
104 64 3
156 96 2
156 96 2
156 96 3
156 96 3
156 96 3
208 128 2
208 128 2
208 128 2
208 128 3
219 199 2
219 199 2
219 199 2
219 199 3
219 199 3
260 160 2
260 160 2
260 160 3
260 160 3
312 192 2
312 192 2
312 192 3
312 192 3
312 192 3
312 192 3
312 192 3
364 224 2
364 224 2
364 224 2
364 224 3
364 224 3
364 224 3
364 224 3
416 256 2
416 256 3
438 398 2
438 398 2
438 398 3
438 398 3
438 398 3
438 398 3
468 288 2
468 288 2
520 320 2
520 320 2
520 320 3
657 597 2
657 597 2
876 796 2
876 796 2
876 796 2
876 796 2
876 796 3
876 796 3
1095 995 2
1095 995 2
1095 995 2
1095 995 2
1314 1194 2
1314 1194 2
1314 1194 2
1314 1194 2
1314 1194 2
1314 1194 3
1314 1194 3
1533 1393 2
1533 1393 2
1533 1393 2
1533 1393 2
1533 1393 3
1752 1592 2
1752 1592 2
1752 1592 3
1752 1592 3
1971 1791 2
1971 1791 2
1971 1791 2
1971 1791 2
1971 1791 3
2190 1990 2
2190 1990 2
2190 1990 2
2190 1990 2
2190 1990 3
2190 1990 3
2190 1990 3
2190 1990 3
