2000 20 1253988
100 50 162
100 86 234
100 109 185
100 116 203
100 118 203
100 85 228
100 64 172
100 135 155
100 102 172
100 96 167
100 66 240
100 121 197
100 68 163
100 145 206
100 142 167
100 67 179
100 129 212
100 59 204
100 60 201
100 72 232
393 193 2
393 193 2
393 193 2
393 193 2
393 193 2
393 193 2
393 193 2
393 193 3
393 193 3
440 240 2
440 240 3
440 240 3
440 240 3
786 386 2
786 386 2
786 386 3
786 386 3
786 386 3
786 386 3
786 386 3
880 480 2
880 480 2
880 480 2
880 480 2
880 480 3
880 480 3
880 480 3
1179 579 2
1179 579 2
1179 579 2
1179 579 3
1320 720 2
1320 720 2
1320 720 3
1572 772 2
1572 772 2
1572 772 2
1572 772 2
1572 772 3
1572 772 3
1572 772 3
1760 960 2
1760 960 2
1760 960 2
1760 960 2
1760 960 2
1760 960 2
1760 960 3
1760 960 3
1760 960 3
1760 960 3
1760 960 3
1965 965 2
1965 965 2
1965 965 2
1965 965 2
1965 965 2
2200 1200 2
2200 1200 2
2200 1200 2
2200 1200 2
2200 1200 2
2200 1200 2
2200 1200 3
2200 1200 3
2200 1200 3
2358 1158 2
2358 1158 2
2358 1158 3
2640 1440 2
2640 1440 2
2751 1351 2
2751 1351 2
2751 1351 2
2751 1351 3
2751 1351 3
2751 1351 3
2751 1351 3
3080 1680 2
3080 1680 2
3080 1680 2
3080 1680 2
3080 1680 3
3144 1544 3
3144 1544 3
3520 1920 2
3520 1920 3
3537 1737 3
3930 1930 2
3930 1930 2
3930 1930 3
3960 2160 2
3960 2160 2
4400 2400 2
4400 2400 2
4400 2400 2
4400 2400 2
4400 2400 2
4400 2400 3
4400 2400 3
393 193 2
393 193 2
393 193 2
393 193 3
393 193 3
393 193 3
440 240 3
440 240 3
786 386 2
786 386 2
786 386 2
786 386 3
786 386 3
786 386 3
880 480 2
880 480 2
880 480 2
880 480 2
880 480 2
880 480 2
880 480 3
1179 579 2
1179 579 2
1179 579 2
1179 579 2
1179 579 3
1179 579 3
1320 720 2
1320 720 2
1320 720 2
1572 772 2
1572 772 3
1572 772 3
1572 772 3
1760 960 2
1760 960 2
1965 965 2
1965 965 2
1965 965 2
1965 965 2
1965 965 2
1965 965 2
1965 965 3
1965 965 3
2200 1200 2
2200 1200 2
2200 1200 2
2200 1200 2
2358 1158 2
2358 1158 2
2358 1158 2
2358 1158 2
2358 1158 3
2358 1158 3
2358 1158 3
2358 1158 3
2358 1158 3
2640 1440 3
2751 1351 2
2751 1351 2
2751 1351 2
2751 1351 2
2751 1351 2
2751 1351 3
2751 1351 3
2751 1351 3
3080 1680 2
3080 1680 2
3080 1680 3
3144 1544 2
3144 1544 2
3144 1544 2
3144 1544 3
3520 1920 2
3520 1920 2
3520 1920 2
3520 1920 3
3520 1920 3
3520 1920 3
3537 1737 2
3537 1737 2
3537 1737 2
3537 1737 2
3537 1737 2
3537 1737 3
3930 1930 2
3930 1930 3
3960 2160 2
3960 2160 2
3960 2160 2
3960 2160 2
3960 2160 3
4400 2400 2
4400 2400 2
4400 2400 2
4400 2400 2
4400 2400 2
4400 2400 2
4400 2400 2
4400 2400 3
393 193 2
393 193 2
393 193 2
393 193 2
393 193 2
440 240 2
440 240 2
440 240 3
786 386 2
786 386 2
786 386 2
786 386 2
786 386 3
786 386 3
880 480 2
880 480 2
880 480 2
1179 579 2
1179 579 2
1179 579 2
1179 579 2
1179 579 3
1179 579 3
1320 720 2
1320 720 2
1320 720 2
1320 720 2
1320 720 2
1320 720 2
1320 720 3
1320 720 3
1572 772 2
1572 772 2
1572 772 3
1572 772 3
1760 960 2
1965 965 2
1965 965 2
1965 965 2
1965 965 2
1965 965 2
1965 965 3
1965 965 3
2200 1200 2
2200 1200 2
2200 1200 3
2200 1200 3
2200 1200 3
2200 1200 3
2358 1158 2
2358 1158 2
2358 1158 3
2358 1158 3
2640 1440 2
2640 1440 2
2640 1440 3
2640 1440 3
2640 1440 3
2751 1351 2
2751 1351 2
2751 1351 2
2751 1351 3
2751 1351 3
2751 1351 3
2751 1351 3
3080 1680 2
3080 1680 3
3080 1680 3
3080 1680 3
3144 1544 2
3144 1544 3
3144 1544 3
3144 1544 3
3520 1920 2
3520 1920 2
3520 1920 2
3520 1920 3
3537 1737 2
3537 1737 2
3537 1737 3
3537 1737 3
3537 1737 3
3930 1930 2
3930 1930 2
3930 1930 2
3930 1930 2
3930 1930 2
3930 1930 2
3930 1930 2
3930 1930 3
3960 2160 2
3960 2160 2
3960 2160 2
3960 2160 2
4400 2400 2
4400 2400 2
4400 2400 2
4400 2400 2
4400 2400 3
4400 2400 3
393 193 2
393 193 2
393 193 2
393 193 3
440 240 2
440 240 2
440 240 2
440 240 2
440 240 2
786 386 2
786 386 2
786 386 2
786 386 2
786 386 2
786 386 2
880 480 2
880 480 2
880 480 2
880 480 2
880 480 2
880 480 3
880 480 3
880 480 3
1179 579 2
1179 579 2
1179 579 3
1179 579 3
1320 720 2
1320 720 2
1320 720 2
1320 720 2
1320 720 3
1320 720 3
1320 720 3
1572 772 2
1572 772 3
1572 772 3
1572 772 3
1572 772 3
1760 960 2
1760 960 2
1760 960 2
1760 960 2
1760 960 2
1760 960 3
1760 960 3
1760 960 3
1760 960 3
1760 960 3
1965 965 2
1965 965 2
2200 1200 3
2358 1158 2
2358 1158 2
2358 1158 2
2358 1158 2
2358 1158 2
2358 1158 3
2640 1440 2
2640 1440 2
2640 1440 2
2640 1440 2
2640 1440 3
2751 1351 2
2751 1351 2
2751 1351 2
2751 1351 2
2751 1351 2
3080 1680 2
3080 1680 2
3080 1680 3
3144 1544 2
3144 1544 2
3144 1544 2
3144 1544 3
3520 1920 2
3520 1920 2
3520 1920 3
3520 1920 3
3520 1920 3
3537 1737 2
3537 1737 2
3537 1737 2
3537 1737 2
3537 1737 2
3537 1737 3
3537 1737 3
3537 1737 3
3960 2160 2
3960 2160 2
3960 2160 3
3960 2160 3
3960 2160 3
3960 2160 3
4400 2400 2
4400 2400 2
4400 2400 2
4400 2400 2
4400 2400 3
4400 2400 3
393 193 2
393 193 2
393 193 2
393 193 2
440 240 2
440 240 2
786 386 2
786 386 2
786 386 2
786 386 3
880 480 2
880 480 2
880 480 2
1179 579 2
1179 579 2
1179 579 2
1179 579 2
1179 579 2
1179 579 3
1320 720 2
1320 720 2
1320 720 3
1320 720 3
1320 720 3
1572 772 2
1760 960 2
1760 960 2
1760 960 3
1760 960 3
1760 960 3
1965 965 2
1965 965 2
1965 965 2
1965 965 2
1965 965 2
1965 965 3
1965 965 3
1965 965 3
1965 965 3
2200 1200 2
2200 1200 2
2200 1200 2
2200 1200 2
2200 1200 2
2200 1200 2
2200 1200 2
2200 1200 2
2200 1200 3
2200 1200 3
2200 1200 3
2358 1158 2
2358 1158 2
2358 1158 3
2358 1158 3
2358 1158 3
2640 1440 2
2640 1440 2
2640 1440 2
2640 1440 2
2640 1440 3
2751 1351 2
2751 1351 2
2751 1351 2
2751 1351 2
2751 1351 2
2751 1351 2
2751 1351 2
2751 1351 3
2751 1351 3
3080 1680 2
3080 1680 3
3144 1544 2
3144 1544 3
3144 1544 3
3144 1544 3
3520 1920 2
3520 1920 2
3520 1920 2
3537 1737 2
3537 1737 2
3537 1737 2
3537 1737 3
3537 1737 3
3537 1737 3
3930 1930 2
3930 1930 3
3930 1930 3
3930 1930 3
3930 1930 3
3960 2160 2
3960 2160 2
3960 2160 2
3960 2160 2
3960 2160 2
3960 2160 2
4400 2400 3
4400 2400 3
4400 2400 3
4400 2400 3
4400 2400 3
393 193 2
393 193 2
393 193 2
393 193 2
393 193 3
393 193 3
393 193 3
393 193 3
440 240 2
440 240 2
440 240 2
440 240 2
440 240 2
440 240 3
440 240 3
440 240 3
786 386 2
786 386 2
786 386 2
786 386 2
786 386 3
786 386 3
880 480 2
880 480 2
880 480 2
880 480 3
880 480 3
1179 579 3
1320 720 2
1320 720 2
1320 720 2
1320 720 2
1320 720 3
1320 720 3
1320 720 3
1572 772 2
1572 772 2
1572 772 2
1572 772 2
1572 772 2
1572 772 3
1760 960 2
1760 960 3
1760 960 3
1760 960 3
1965 965 2
1965 965 3
2200 1200 2
2200 1200 2
2200 1200 2
2200 1200 2
2200 1200 2
2200 1200 3
2358 1158 2
2358 1158 2
2358 1158 3
2358 1158 3
2358 1158 3
2640 1440 2
2640 1440 2
2640 1440 2
2640 1440 2
2751 1351 2
2751 1351 2
2751 1351 3
2751 1351 3
3080 1680 2
3080 1680 2
3080 1680 3
3144 1544 3
3520 1920 2
3520 1920 2
3520 1920 2
3520 1920 2
3520 1920 2
3520 1920 3
3520 1920 3
3537 1737 2
3537 1737 2
3537 1737 2
3537 1737 2
3537 1737 2
3537 1737 2
3930 1930 2
3930 1930 2
3930 1930 3
3930 1930 3
3930 1930 3
3960 2160 2
3960 2160 2
3960 2160 2
3960 2160 3
4400 2400 2
4400 2400 2
4400 2400 2
4400 2400 2
4400 2400 2
4400 2400 3
4400 2400 3
4400 2400 3
393 193 2
393 193 3
393 193 3
393 193 3
393 193 3
440 240 2
440 240 2
440 240 2
440 240 2
440 240 2
440 240 3
440 240 3
440 240 3
440 240 3
440 240 3
786 386 2
786 386 2
786 386 2
786 386 2
786 386 3
786 386 3
880 480 2
880 480 2
880 480 2
880 480 2
880 480 3
1179 579 2
1179 579 2
1179 579 3
1320 720 2
1320 720 2
1320 720 2
1320 720 2
1320 720 2
1320 720 3
1320 720 3
1572 772 2
1572 772 2
1572 772 2
1572 772 3
1760 960 2
1760 960 2
1965 965 2
1965 965 2
1965 965 3
2200 1200 2
2200 1200 2
2200 1200 2
2200 1200 2
2200 1200 3
2200 1200 3
2358 1158 2
2358 1158 2
2358 1158 2
2358 1158 3
2358 1158 3
2358 1158 3
2640 1440 2
2640 1440 2
2640 1440 2
2640 1440 2
2640 1440 2
2640 1440 3
2640 1440 3
2640 1440 3
2751 1351 2
3080 1680 3
3144 1544 2
3144 1544 2
3144 1544 2
3144 1544 3
3144 1544 3
3520 1920 2
3520 1920 2
3520 1920 2
3520 1920 3
3520 1920 3
3520 1920 3
3537 1737 2
3537 1737 2
3537 1737 3
3930 1930 2
3930 1930 2
3930 1930 2
3960 2160 2
3960 2160 2
3960 2160 2
3960 2160 2
3960 2160 2
3960 2160 2
3960 2160 2
3960 2160 3
3960 2160 3
4400 2400 2
4400 2400 2
4400 2400 2
4400 2400 2
4400 2400 2
4400 2400 2
4400 2400 2
393 193 2
393 193 2
393 193 2
393 193 2
440 240 2
440 240 2
440 240 2
440 240 2
786 386 2
786 386 3
880 480 2
880 480 2
880 480 2
880 480 2
880 480 2
880 480 2
880 480 2
880 480 2
1179 579 2
1179 579 2
1179 579 2
1179 579 2
1179 579 3
1179 579 3
1179 579 3
1320 720 2
1320 720 3
1320 720 3
1320 720 3
1572 772 2
1572 772 2
1572 772 2
1572 772 2
1760 960 2
1760 960 2
1965 965 2
1965 965 2
1965 965 2
1965 965 2
1965 965 3
1965 965 3
1965 965 3
2200 1200 2
2200 1200 2
2200 1200 3
2200 1200 3
2200 1200 3
2358 1158 2
2358 1158 2
2358 1158 3
2358 1158 3
2358 1158 3
2640 1440 2
2640 1440 3
2751 1351 2
2751 1351 2
2751 1351 2
3080 1680 2
3080 1680 2
3080 1680 2
3080 1680 2
3080 1680 2
3080 1680 3
3080 1680 3
3080 1680 3
3080 1680 3
3144 1544 2
3144 1544 2
3144 1544 2
3144 1544 2
3144 1544 2
3144 1544 2
3144 1544 3
3144 1544 3
3520 1920 2
3520 1920 2
3520 1920 2
3520 1920 3
3520 1920 3
3537 1737 2
3537 1737 2
3537 1737 2
3537 1737 2
3537 1737 2
3537 1737 2
3537 1737 2
3537 1737 2
3537 1737 3
3930 1930 2
3930 1930 2
3930 1930 2
3930 1930 2
3930 1930 2
3930 1930 3
3930 1930 3
3930 1930 3
3960 2160 2
3960 2160 2
4400 2400 2
4400 2400 2
393 193 3
440 240 2
440 240 3
440 240 3
440 240 3
440 240 3
786 386 2
786 386 2
786 386 3
880 480 2
880 480 2
880 480 2
880 480 2
880 480 2
880 480 2
880 480 3
880 480 3
880 480 3
1179 579 2
1179 579 3
1179 579 3
1320 720 2
1320 720 2
1320 720 3
1320 720 3
1320 720 3
1320 720 3
1320 720 3
1572 772 2
1572 772 2
1572 772 3
1760 960 2
1760 960 2
1760 960 2
1760 960 2
1760 960 2
1760 960 3
1760 960 3
1965 965 2
1965 965 2
1965 965 2
1965 965 2
1965 965 2
1965 965 3
1965 965 3
2200 1200 2
2200 1200 2
2200 1200 2
2200 1200 2
2200 1200 2
2200 1200 2
2200 1200 2
2200 1200 2
2200 1200 3
2200 1200 3
2200 1200 3
2358 1158 3
2640 1440 2
2640 1440 2
2640 1440 3
2751 1351 2
2751 1351 2
2751 1351 2
2751 1351 2
2751 1351 3
2751 1351 3
2751 1351 3
2751 1351 3
3080 1680 2
3080 1680 2
3080 1680 2
3080 1680 2
3080 1680 3
3080 1680 3
3144 1544 2
3144 1544 2
3144 1544 2
3144 1544 2
3144 1544 3
3144 1544 3
3144 1544 3
3144 1544 3
3520 1920 3
3537 1737 2
3537 1737 2
3537 1737 3
3537 1737 3
3930 1930 2
3930 1930 2
3930 1930 2
3930 1930 2
3930 1930 3
3960 2160 2
3960 2160 2
3960 2160 2
4400 2400 2
4400 2400 2
4400 2400 2
4400 2400 2
4400 2400 2
393 193 3
440 240 2
440 240 2
440 240 2
440 240 2
440 240 3
440 240 3
440 240 3
440 240 3
786 386 3
786 386 3
880 480 2
880 480 2
880 480 2
880 480 3
880 480 3
880 480 3
1179 579 2
1179 579 2
1179 579 2
1179 579 3
1320 720 2
1320 720 2
1320 720 2
1572 772 2
1572 772 2
1572 772 2
1572 772 3
1760 960 2
1760 960 3
1965 965 2
1965 965 2
1965 965 2
1965 965 2
2200 1200 2
2200 1200 2
2200 1200 3
2200 1200 3
2358 1158 2
2358 1158 2
2358 1158 2
2358 1158 2
2358 1158 2
2358 1158 3
2640 1440 2
2640 1440 2
2640 1440 2
2640 1440 2
2640 1440 2
2640 1440 2
2640 1440 2
2640 1440 2
2640 1440 2
2640 1440 2
2640 1440 3
2640 1440 3
2640 1440 3
2640 1440 3
2751 1351 2
2751 1351 2
2751 1351 2
2751 1351 2
2751 1351 2
2751 1351 3
2751 1351 3
3080 1680 3
3080 1680 3
3144 1544 2
3144 1544 2
3144 1544 2
3144 1544 2
3144 1544 2
3144 1544 3
3520 1920 2
3520 1920 2
3520 1920 2
3520 1920 3
3520 1920 3
3520 1920 3
3520 1920 3
3537 1737 2
3537 1737 2
3537 1737 2
3537 1737 2
3537 1737 3
3930 1930 2
3930 1930 2
3930 1930 2
3930 1930 3
3930 1930 3
3930 1930 3
3960 2160 2
3960 2160 2
3960 2160 2
3960 2160 3
4400 2400 2
4400 2400 2
4400 2400 2
4400 2400 3
4400 2400 3
393 193 2
393 193 2
393 193 2
393 193 2
393 193 3
393 193 3
393 193 3
393 193 3
393 193 3
440 240 2
440 240 2
440 240 3
786 386 2
786 386 2
786 386 3
880 480 2
880 480 2
880 480 2
880 480 2
880 480 3
880 480 3
880 480 3
880 480 3
1179 579 2
1179 579 2
1179 579 3
1179 579 3
1320 720 2
1320 720 2
1320 720 2
1320 720 2
1320 720 3
1572 772 2
1572 772 2
1572 772 2
1572 772 2
1572 772 2
1572 772 3
1572 772 3
1760 960 2
1760 960 2
1760 960 2
1760 960 3
1760 960 3
1760 960 3
1760 960 3
1965 965 2
1965 965 2
1965 965 2
1965 965 2
1965 965 2
1965 965 2
1965 965 3
1965 965 3
2200 1200 2
2200 1200 2
2200 1200 2
2358 1158 2
2358 1158 2
2358 1158 2
2358 1158 3
2358 1158 3
2358 1158 3
2640 1440 2
2640 1440 2
2640 1440 3
2751 1351 2
2751 1351 2
2751 1351 2
2751 1351 2
2751 1351 2
2751 1351 2
3080 1680 2
3080 1680 3
3080 1680 3
3144 1544 2
3144 1544 2
3144 1544 2
3520 1920 2
3520 1920 2
3520 1920 2
3520 1920 3
3520 1920 3
3537 1737 2
3537 1737 2
3537 1737 2
3537 1737 2
3537 1737 3
3930 1930 2
3930 1930 2
3930 1930 3
3960 2160 2
3960 2160 2
3960 2160 2
3960 2160 3
4400 2400 2
4400 2400 2
4400 2400 2
4400 2400 2
4400 2400 3
393 193 2
393 193 2
393 193 2
393 193 2
393 193 2
440 240 2
440 240 2
440 240 3
440 240 3
440 240 3
786 386 3
786 386 3
786 386 3
880 480 2
880 480 2
880 480 2
880 480 2
880 480 2
880 480 3
880 480 3
880 480 3
1179 579 2
1179 579 2
1179 579 2
1179 579 2
1179 579 2
1179 579 3
1179 579 3
1320 720 2
1320 720 2
1320 720 2
1320 720 3
1320 720 3
1572 772 2
1572 772 2
1572 772 2
1572 772 2
1572 772 2
1760 960 2
1760 960 2
1760 960 3
1760 960 3
1760 960 3
1760 960 3
1965 965 2
1965 965 2
1965 965 3
1965 965 3
1965 965 3
2200 1200 2
2200 1200 3
2358 1158 2
2358 1158 2
2358 1158 3
2640 1440 2
2640 1440 2
2640 1440 2
2640 1440 2
2640 1440 2
2640 1440 3
2640 1440 3
2640 1440 3
2751 1351 3
3080 1680 2
3080 1680 2
3080 1680 2
3080 1680 2
3144 1544 2
3144 1544 2
3144 1544 2
3144 1544 2
3144 1544 3
3520 1920 2
3520 1920 3
3520 1920 3
3520 1920 3
3520 1920 3
3537 1737 2
3537 1737 2
3537 1737 2
3537 1737 3
3537 1737 3
3537 1737 3
3537 1737 3
3930 1930 2
3930 1930 2
3930 1930 2
3930 1930 2
3930 1930 3
3930 1930 3
3960 2160 2
3960 2160 2
3960 2160 3
4400 2400 2
4400 2400 2
4400 2400 2
4400 2400 2
4400 2400 2
4400 2400 3
4400 2400 3
393 193 2
393 193 3
393 193 3
393 193 3
440 240 2
440 240 2
440 240 2
440 240 2
440 240 2
440 240 2
440 240 3
440 240 3
440 240 3
786 386 2
786 386 2
786 386 3
786 386 3
880 480 2
880 480 2
880 480 2
880 480 3
880 480 3
880 480 3
880 480 3
1179 579 2
1179 579 2
1179 579 2
1179 579 2
1179 579 3
1179 579 3
1179 579 3
1179 579 3
1320 720 2
1320 720 2
1320 720 2
1320 720 3
1572 772 2
1572 772 2
1760 960 2
1760 960 2
1760 960 3
1760 960 3
1965 965 2
1965 965 2
1965 965 3
1965 965 3
2200 1200 2
2358 1158 2
2358 1158 2
2358 1158 3
2640 1440 2
2640 1440 2
2640 1440 2
2640 1440 2
2640 1440 3
2640 1440 3
2751 1351 2
2751 1351 2
2751 1351 2
2751 1351 2
2751 1351 2
2751 1351 3
3080 1680 2
3080 1680 2
3080 1680 2
3144 1544 2
3144 1544 2
3144 1544 2
3144 1544 3
3144 1544 3
3144 1544 3
3144 1544 3
3520 1920 2
3520 1920 2
3520 1920 2
3520 1920 2
3520 1920 2
3520 1920 2
3520 1920 3
3520 1920 3
3537 1737 2
3537 1737 2
3537 1737 3
3930 1930 2
3930 1930 2
3930 1930 2
3930 1930 2
3930 1930 2
3930 1930 2
3930 1930 2
3930 1930 3
3960 2160 2
3960 2160 2
3960 2160 2
3960 2160 2
3960 2160 2
3960 2160 2
4400 2400 2
4400 2400 2
4400 2400 3
393 193 2
393 193 2
393 193 2
393 193 2
393 193 2
393 193 3
440 240 2
440 240 2
440 240 2
440 240 2
440 240 3
440 240 3
786 386 2
786 386 2
786 386 3
786 386 3
880 480 2
880 480 3
880 480 3
880 480 3
1179 579 2
1179 579 2
1179 579 2
1179 579 2
1179 579 2
1320 720 2
1320 720 2
1320 720 2
1320 720 2
1320 720 2
1320 720 3
1320 720 3
1320 720 3
1320 720 3
1572 772 2
1572 772 2
1572 772 3
1760 960 2
1760 960 2
1760 960 2
1760 960 3
1760 960 3
1760 960 3
1760 960 3
1965 965 2
1965 965 2
1965 965 3
2200 1200 2
2200 1200 3
2358 1158 2
2358 1158 2
2358 1158 3
2358 1158 3
2358 1158 3
2358 1158 3
2640 1440 2
2640 1440 3
2751 1351 2
2751 1351 2
2751 1351 2
3080 1680 2
3080 1680 3
3080 1680 3
3144 1544 2
3144 1544 2
3144 1544 2
3144 1544 2
3144 1544 3
3144 1544 3
3144 1544 3
3520 1920 2
3520 1920 2
3520 1920 2
3520 1920 2
3520 1920 2
3520 1920 3
3520 1920 3
3537 1737 2
3537 1737 2
3537 1737 2
3537 1737 2
3537 1737 3
3930 1930 2
3930 1930 2
3930 1930 3
3930 1930 3
3930 1930 3
3960 2160 2
3960 2160 2
3960 2160 2
3960 2160 2
3960 2160 2
3960 2160 3
4400 2400 2
4400 2400 2
4400 2400 2
4400 2400 2
4400 2400 2
4400 2400 3
4400 2400 3
393 193 2
393 193 2
393 193 2
393 193 2
393 193 3
440 240 3
786 386 2
786 386 3
786 386 3
880 480 2
880 480 2
880 480 2
880 480 2
880 480 3
1179 579 2
1179 579 2
1179 579 2
1179 579 3
1320 720 2
1320 720 2
1320 720 2
1320 720 3
1572 772 2
1572 772 2
1572 772 2
1572 772 2
1572 772 2
1572 772 2
1572 772 3
1572 772 3
1760 960 2
1760 960 2
1760 960 3
1760 960 3
1760 960 3
1760 960 3
1760 960 3
1965 965 2
1965 965 2
1965 965 2
1965 965 2
1965 965 2
1965 965 2
1965 965 3
1965 965 3
2200 1200 2
2200 1200 2
2200 1200 3
2200 1200 3
2358 1158 2
2358 1158 2
2358 1158 2
2358 1158 2
2358 1158 2
2358 1158 3
2358 1158 3
2640 1440 2
2640 1440 2
2640 1440 2
2640 1440 3
2640 1440 3
2640 1440 3
2751 1351 2
2751 1351 2
2751 1351 3
3080 1680 2
3080 1680 2
3080 1680 3
3080 1680 3
3080 1680 3
3080 1680 3
3080 1680 3
3144 1544 2
3144 1544 2
3144 1544 2
3520 1920 2
3520 1920 3
3520 1920 3
3520 1920 3
3537 1737 2
3537 1737 2
3537 1737 2
3537 1737 2
3537 1737 3
3537 1737 3
3537 1737 3
3537 1737 3
3930 1930 2
3930 1930 2
3930 1930 2
3930 1930 3
3960 2160 2
3960 2160 2
3960 2160 3
3960 2160 3
4400 2400 2
4400 2400 2
4400 2400 2
4400 2400 2
4400 2400 3
393 193 2
393 193 2
393 193 2
393 193 3
393 193 3
440 240 2
440 240 2
440 240 2
440 240 2
440 240 3
440 240 3
440 240 3
786 386 2
786 386 2
786 386 2
786 386 3
786 386 3
880 480 2
880 480 2
880 480 2
880 480 2
880 480 3
880 480 3
880 480 3
1179 579 2
1179 579 2
1179 579 2
1179 579 2
1179 579 2
1179 579 2
1179 579 3
1179 579 3
1179 579 3
1320 720 2
1572 772 2
1572 772 2
1572 772 3
1760 960 2
1760 960 2
1760 960 2
1760 960 2
1760 960 2
1760 960 2
1760 960 2
1760 960 3
1965 965 2
1965 965 3
2200 1200 2
2200 1200 2
2200 1200 2
2200 1200 3
2200 1200 3
2358 1158 2
2358 1158 2
2358 1158 2
2640 1440 2
2640 1440 2
2640 1440 2
2640 1440 3
2751 1351 2
2751 1351 2
2751 1351 2
2751 1351 2
2751 1351 2
2751 1351 2
3080 1680 2
3080 1680 2
3080 1680 3
3144 1544 2
3144 1544 2
3144 1544 2
3144 1544 2
3144 1544 2
3144 1544 3
3520 1920 2
3520 1920 2
3520 1920 2
3520 1920 3
3520 1920 3
3537 1737 2
3537 1737 3
3537 1737 3
3537 1737 3
3930 1930 2
3930 1930 2
3930 1930 3
3930 1930 3
3960 2160 2
3960 2160 2
3960 2160 2
3960 2160 3
3960 2160 3
3960 2160 3
4400 2400 2
4400 2400 2
4400 2400 3
4400 2400 3
4400 2400 3
4400 2400 3
4400 2400 3
393 193 2
393 193 3
393 193 3
393 193 3
440 240 2
440 240 2
440 240 2
440 240 3
440 240 3
786 386 3
786 386 3
786 386 3
786 386 3
880 480 2
880 480 3
1320 720 2
1320 720 2
1320 720 2
1320 720 2
1320 720 2
1320 720 3
1572 772 2
1572 772 2
1572 772 2
1572 772 3
1572 772 3
1572 772 3
1572 772 3
1760 960 2
1760 960 2
1760 960 2
1760 960 3
1965 965 2
1965 965 2
1965 965 2
1965 965 2
1965 965 3
1965 965 3
1965 965 3
1965 965 3
2200 1200 3
2200 1200 3
2358 1158 2
2358 1158 2
2358 1158 2
2358 1158 2
2358 1158 3
2358 1158 3
2358 1158 3
2640 1440 2
2640 1440 2
2640 1440 2
2640 1440 2
2640 1440 2
2751 1351 2
2751 1351 2
2751 1351 3
2751 1351 3
2751 1351 3
2751 1351 3
3080 1680 2
3080 1680 2
3080 1680 2
3080 1680 2
3080 1680 2
3080 1680 2
3080 1680 2
3080 1680 2
3080 1680 3
3080 1680 3
3144 1544 2
3144 1544 2
3144 1544 2
3144 1544 3
3144 1544 3
3520 1920 2
3520 1920 2
3520 1920 3
3520 1920 3
3537 1737 2
3537 1737 2
3537 1737 2
3537 1737 2
3537 1737 3
3930 1930 2
3930 1930 2
3930 1930 2
3930 1930 2
3930 1930 3
3930 1930 3
3960 2160 2
3960 2160 3
3960 2160 3
4400 2400 2
4400 2400 2
4400 2400 2
4400 2400 2
4400 2400 2
4400 2400 3
4400 2400 3
393 193 2
393 193 2
393 193 3
393 193 3
440 240 2
440 240 2
440 240 3
786 386 2
786 386 2
786 386 2
786 386 2
786 386 3
880 480 2
880 480 2
880 480 3
880 480 3
1179 579 2
1179 579 3
1320 720 2
1320 720 2
1320 720 2
1320 720 2
1320 720 2
1320 720 3
1320 720 3
1572 772 2
1572 772 2
1572 772 2
1572 772 3
1572 772 3
1760 960 2
1760 960 2
1760 960 2
1760 960 2
1760 960 2
1760 960 3
1760 960 3
1760 960 3
1965 965 2
1965 965 2
1965 965 2
1965 965 3
1965 965 3
2200 1200 2
2200 1200 2
2200 1200 2
2200 1200 2
2200 1200 2
2200 1200 2
2200 1200 2
2200 1200 3
2358 1158 2
2358 1158 2
2358 1158 3
2358 1158 3
2640 1440 2
2640 1440 2
2751 1351 2
2751 1351 2
2751 1351 2
2751 1351 2
2751 1351 2
2751 1351 2
2751 1351 3
3080 1680 2
3080 1680 2
3080 1680 2
3080 1680 2
3080 1680 2
3080 1680 3
3144 1544 2
3144 1544 2
3144 1544 2
3144 1544 2
3520 1920 2
3520 1920 3
3520 1920 3
3520 1920 3
3537 1737 2
3537 1737 2
3537 1737 2
3537 1737 2
3537 1737 2
3537 1737 2
3537 1737 3
3537 1737 3
3930 1930 2
3930 1930 3
3960 2160 2
3960 2160 3
3960 2160 3
3960 2160 3
4400 2400 2
4400 2400 2
4400 2400 2
4400 2400 2
4400 2400 2
4400 2400 3
4400 2400 3
4400 2400 3
393 193 2
393 193 2
393 193 3
440 240 2
440 240 2
440 240 3
786 386 2
786 386 2
786 386 3
880 480 2
880 480 2
880 480 2
1179 579 2
1179 579 2
1179 579 2
1179 579 2
1179 579 2
1179 579 2
1179 579 2
1179 579 2
1179 579 3
1320 720 2
1320 720 2
1320 720 3
1572 772 2
1572 772 2
1572 772 2
1760 960 2
1760 960 2
1760 960 2
1760 960 2
1760 960 2
1760 960 2
1760 960 3
1760 960 3
1760 960 3
1965 965 2
1965 965 2
2200 1200 2
2200 1200 2
2200 1200 2
2200 1200 2
2200 1200 2
2200 1200 3
2200 1200 3
2200 1200 3
2358 1158 2
2358 1158 2
2358 1158 2
2358 1158 2
2358 1158 2
2358 1158 2
2358 1158 2
2358 1158 2
2358 1158 3
2640 1440 2
2640 1440 2
2751 1351 2
2751 1351 2
2751 1351 2
2751 1351 2
2751 1351 2
2751 1351 2
2751 1351 3
3080 1680 2
3080 1680 2
3080 1680 2
3144 1544 2
3144 1544 2
3144 1544 2
3144 1544 2
3144 1544 2
3144 1544 2
3144 1544 2
3520 1920 2
3520 1920 2
3520 1920 2
3520 1920 2
3537 1737 2
3537 1737 2
3537 1737 3
3537 1737 3
3537 1737 3
3930 1930 2
3930 1930 3
3930 1930 3
3930 1930 3
3960 2160 2
3960 2160 2
3960 2160 2
3960 2160 2
3960 2160 2
3960 2160 2
3960 2160 3
3960 2160 3
3960 2160 3
4400 2400 2
4400 2400 2
4400 2400 2
4400 2400 2
393 193 3
393 193 3
440 240 2
440 240 2
440 240 2
440 240 2
440 240 2
440 240 2
440 240 2
786 386 2
786 386 2
786 386 3
786 386 3
786 386 3
786 386 3
786 386 3
786 386 3
880 480 3
1179 579 2
1179 579 2
1179 579 2
1179 579 3
1179 579 3
1320 720 2
1320 720 2
1320 720 2
1320 720 2
1320 720 2
1320 720 2
1320 720 2
1320 720 3
1572 772 2
1572 772 2
1572 772 2
1572 772 2
1572 772 2
1572 772 3
1572 772 3
1760 960 2
1760 960 2
1760 960 2
1760 960 2
1760 960 2
1760 960 3
1760 960 3
1760 960 3
1760 960 3
1760 960 3
1965 965 2
1965 965 2
2200 1200 2
2200 1200 3
2200 1200 3
2200 1200 3
2200 1200 3
2358 1158 2
2358 1158 2
2640 1440 2
2640 1440 3
2640 1440 3
2751 1351 2
2751 1351 2
2751 1351 2
2751 1351 3
2751 1351 3
3080 1680 2
3080 1680 2
3080 1680 3
3144 1544 2
3144 1544 2
3520 1920 2
3520 1920 2
3520 1920 2
3520 1920 2
3520 1920 2
3520 1920 2
3520 1920 3
3520 1920 3
3520 1920 3
3520 1920 3
3520 1920 3
3537 1737 2
3537 1737 2
3537 1737 2
3537 1737 2
3537 1737 2
3537 1737 2
3537 1737 3
3537 1737 3
3537 1737 3
3930 1930 2
3930 1930 2
3930 1930 2
3960 2160 2
3960 2160 2
3960 2160 2
4400 2400 2
4400 2400 2
4400 2400 2
4400 2400 3
