2000 100 6578089
20 72 242
20 90 215
20 60 246
20 129 221
20 77 242
20 63 166
20 123 226
20 95 232
20 127 183
20 126 155
20 111 164
20 82 176
20 78 194
20 139 205
20 121 236
20 67 215
20 52 184
20 137 233
20 129 186
20 77 216
20 108 209
20 92 216
20 73 176
20 100 195
20 130 163
20 76 249
20 123 161
20 51 186
20 50 239
20 70 165
20 66 185
20 103 235
20 53 191
20 78 178
20 77 179
20 53 198
20 63 159
20 99 228
20 76 176
20 103 180
20 145 206
20 94 230
20 145 196
20 101 228
20 85 199
20 94 214
20 67 180
20 72 197
20 123 236
20 100 176
20 123 150
20 142 232
20 59 165
20 82 234
20 69 209
20 93 176
20 100 241
20 109 161
20 148 209
20 110 221
20 121 183
20 92 233
20 114 170
20 69 190
20 103 223
20 125 159
20 52 212
20 118 154
20 96 186
20 143 237
20 115 219
20 148 155
20 53 175
20 60 222
20 120 249
20 134 214
20 59 189
20 87 197
20 143 178
20 145 247
20 51 240
20 75 163
20 92 205
20 128 245
20 112 159
20 144 208
20 112 205
20 99 167
20 139 169
20 137 179
20 84 224
20 83 187
20 130 225
20 55 176
20 127 226
20 74 220
20 115 188
20 123 198
20 142 176
20 78 187
1622 1720 15
2433 2580 14
4055 4300 15
4449 4635 13
4449 4635 14
4449 4635 15
4866 5160 14
4866 5160 15
5677 6020 14
5677 6020 17
6488 6880 12
6488 6880 14
6488 6880 17
7299 7740 15
8110 8600 16
8110 8600 17
8110 8600 17
8898 9270 14
8898 9270 14
13347 13905 13
811 860 13
811 860 15
2966 3090 17
3244 3440 16
4055 4300 13
4055 4300 14
4866 5160 18
5677 6020 13
5677 6020 17
5932 6180 14
7299 7740 13
7299 7740 15
7415 7725 13
7415 7725 13
7415 7725 14
13347 13905 14
13347 13905 14
13347 13905 17
14830 15450 17
14830 15450 17
1622 1720 13
2966 3090 16
3244 3440 13
4449 4635 15
5677 6020 13
5677 6020 14
5677 6020 17
5677 6020 18
6488 6880 13
6488 6880 15
7299 7740 12
7299 7740 13
7415 7725 15
7415 7725 17
8898 9270 16
11864 12360 13
11864 12360 14
11864 12360 15
14830 15450 16
14830 15450 17
811 860 18
1622 1720 14
1622 1720 15
1622 1720 15
2433 2580 17
2966 3090 15
4055 4300 16
4055 4300 17
4449 4635 13
4866 5160 12
4866 5160 14
4866 5160 15
4866 5160 17
5677 6020 13
5677 6020 14
6488 6880 14
8110 8600 16
8898 9270 15
13347 13905 12
13347 13905 17
1622 1720 12
1622 1720 13
2433 2580 14
4055 4300 14
4449 4635 16
4449 4635 17
5932 6180 15
5932 6180 16
5932 6180 17
6488 6880 16
6488 6880 17
7299 7740 16
8110 8600 13
8110 8600 14
8898 9270 14
8898 9270 18
10381 10815 14
11864 12360 16
13347 13905 15
14830 15450 14
811 860 14
811 860 15
811 860 15
1622 1720 15
1622 1720 15
2433 2580 14
2966 3090 16
2966 3090 17
4449 4635 15
4449 4635 17
4866 5160 15
4866 5160 17
6488 6880 16
7415 7725 16
7415 7725 17
8898 9270 14
8898 9270 15
8898 9270 17
11864 12360 17
14830 15450 13
811 860 14
811 860 16
1483 1545 17
2966 3090 15
4055 4300 17
4449 4635 13
4449 4635 17
4866 5160 15
5932 6180 13
5932 6180 15
6488 6880 15
7299 7740 14
7299 7740 15
7299 7740 16
8110 8600 15
8110 8600 17
8898 9270 14
8898 9270 17
11864 12360 14
11864 12360 15
1622 1720 16
1622 1720 17
2433 2580 14
3244 3440 13
3244 3440 16
4866 5160 13
5677 6020 16
5677 6020 16
5677 6020 17
5932 6180 16
6488 6880 13
7299 7740 16
7415 7725 17
8110 8600 17
8898 9270 16
8898 9270 17
10381 10815 13
10381 10815 16
10381 10815 17
11864 12360 14
1483 1545 13
1483 1545 16
1622 1720 13
1622 1720 16
2966 3090 12
2966 3090 14
2966 3090 17
4055 4300 17
4449 4635 16
4866 5160 15
5677 6020 12
5677 6020 17
5677 6020 17
5932 6180 14
6488 6880 15
7299 7740 15
8898 9270 17
11864 12360 13
13347 13905 17
14830 15450 14
811 860 17
1483 1545 14
1483 1545 15
1622 1720 15
2433 2580 17
2966 3090 15
2966 3090 15
4449 4635 16
4866 5160 14
5677 6020 15
5677 6020 15
5677 6020 17
5932 6180 13
5932 6180 17
7299 7740 12
7299 7740 15
8898 9270 16
10381 10815 14
10381 10815 15
14830 15450 13
811 860 14
1622 1720 14
1622 1720 16
2966 3090 14
4866 5160 16
5677 6020 14
5677 6020 15
5677 6020 15
5932 6180 13
6488 6880 13
6488 6880 16
6488 6880 17
7299 7740 14
7415 7725 17
8110 8600 13
10381 10815 14
10381 10815 17
13347 13905 13
13347 13905 16
14830 15450 13
811 860 14
2966 3090 15
4055 4300 16
4055 4300 16
4449 4635 17
4866 5160 13
4866 5160 14
5677 6020 14
6488 6880 14
7299 7740 17
7415 7725 13
7415 7725 17
8110 8600 14
8898 9270 14
8898 9270 15
10381 10815 14
10381 10815 15
11864 12360 13
11864 12360 17
14830 15450 15
811 860 12
1483 1545 13
1622 1720 18
2433 2580 16
2966 3090 12
2966 3090 13
4055 4300 17
5677 6020 14
5677 6020 17
5932 6180 16
6488 6880 12
8110 8600 14
8110 8600 14
8110 8600 17
8898 9270 14
8898 9270 15
10381 10815 13
13347 13905 15
14830 15450 12
14830 15450 16
811 860 12
811 860 16
1622 1720 13
2966 3090 15
2966 3090 17
3244 3440 17
4449 4635 12
4866 5160 16
5932 6180 13
6488 6880 17
7415 7725 13
7415 7725 14
7415 7725 14
7415 7725 15
7415 7725 15
7415 7725 17
11864 12360 13
11864 12360 14
11864 12360 14
13347 13905 13
811 860 13
811 860 16
811 860 17
811 860 18
1483 1545 13
3244 3440 15
4055 4300 15
4449 4635 15
5677 6020 17
7299 7740 14
7415 7725 16
7415 7725 16
7415 7725 17
8110 8600 14
8110 8600 17
8898 9270 15
10381 10815 13
10381 10815 16
11864 12360 16
14830 15450 17
811 860 16
1622 1720 16
1622 1720 17
2433 2580 16
2433 2580 18
3244 3440 15
3244 3440 16
4055 4300 13
4055 4300 16
4449 4635 15
7299 7740 17
8110 8600 13
8110 8600 15
8898 9270 13
8898 9270 15
8898 9270 17
8898 9270 17
10381 10815 16
13347 13905 16
14830 15450 16
811 860 12
1483 1545 14
2433 2580 17
2966 3090 14
3244 3440 15
4055 4300 13
4449 4635 15
4449 4635 16
6488 6880 12
6488 6880 14
7299 7740 15
7299 7740 16
7415 7725 13
7415 7725 14
8110 8600 12
8110 8600 17
8898 9270 14
11864 12360 15
11864 12360 15
11864 12360 18
811 860 12
811 860 15
1483 1545 14
2966 3090 14
3244 3440 16
4055 4300 14
5677 6020 12
5677 6020 15
7415 7725 17
7415 7725 17
8110 8600 13
8898 9270 15
10381 10815 14
10381 10815 14
10381 10815 15
11864 12360 15
11864 12360 18
13347 13905 14
14830 15450 13
14830 15450 14
811 860 13
1483 1545 17
1622 1720 14
2433 2580 14
2966 3090 13
2966 3090 17
2966 3090 17
3244 3440 14
4055 4300 17
4449 4635 16
4449 4635 16
4449 4635 17
5677 6020 13
5932 6180 17
6488 6880 13
7415 7725 14
10381 10815 14
10381 10815 17
11864 12360 13
14830 15450 12
1483 1545 15
1622 1720 17
2433 2580 13
2433 2580 17
3244 3440 13
4055 4300 14
4055 4300 16
5677 6020 17
5932 6180 17
7299 7740 12
7299 7740 15
7415 7725 16
8110 8600 13
8110 8600 14
8898 9270 12
8898 9270 13
10381 10815 13
10381 10815 16
11864 12360 15
13347 13905 15
2966 3090 16
3244 3440 15
4055 4300 14
4055 4300 15
4449 4635 12
4449 4635 17
4449 4635 17
4866 5160 17
5677 6020 13
5932 6180 17
5932 6180 17
7415 7725 15
8898 9270 13
11864 12360 13
11864 12360 15
11864 12360 16
14830 15450 13
14830 15450 13
14830 15450 13
14830 15450 14
811 860 14
811 860 15
1483 1545 16
2433 2580 14
2433 2580 17
2966 3090 15
2966 3090 15
3244 3440 13
4055 4300 15
4449 4635 14
6488 6880 15
6488 6880 17
8110 8600 13
8110 8600 18
10381 10815 13
10381 10815 13
11864 12360 14
11864 12360 17
13347 13905 17
14830 15450 16
811 860 14
811 860 15
1622 1720 13
1622 1720 14
2433 2580 16
2966 3090 14
4055 4300 16
5932 6180 12
6488 6880 13
6488 6880 16
7415 7725 17
8110 8600 14
8110 8600 17
8898 9270 15
8898 9270 16
10381 10815 14
10381 10815 14
11864 12360 17
13347 13905 14
14830 15450 16
1622 1720 15
1622 1720 15
2433 2580 14
2433 2580 16
2433 2580 17
2966 3090 15
2966 3090 15
3244 3440 15
3244 3440 16
4055 4300 14
5677 6020 16
5932 6180 13
6488 6880 12
7299 7740 14
7415 7725 14
8110 8600 14
8898 9270 15
11864 12360 14
13347 13905 13
14830 15450 15
811 860 16
1483 1545 14
1483 1545 16
2433 2580 16
2966 3090 17
3244 3440 12
4866 5160 14
4866 5160 16
4866 5160 16
5677 6020 13
6488 6880 14
6488 6880 15
6488 6880 15
6488 6880 15
7415 7725 16
8110 8600 13
8898 9270 14
8898 9270 17
8898 9270 17
13347 13905 14
811 860 15
811 860 16
1483 1545 13
1483 1545 16
1622 1720 17
2433 2580 15
2966 3090 16
3244 3440 15
4055 4300 13
5677 6020 15
6488 6880 14
7299 7740 16
7415 7725 14
8898 9270 14
8898 9270 17
8898 9270 17
10381 10815 13
11864 12360 13
11864 12360 13
13347 13905 15
1483 1545 15
1483 1545 16
3244 3440 14
3244 3440 16
4449 4635 13
4449 4635 15
4866 5160 15
5932 6180 14
5932 6180 16
6488 6880 17
7299 7740 17
7415 7725 16
8110 8600 16
8110 8600 17
8110 8600 17
8898 9270 13
10381 10815 17
11864 12360 16
11864 12360 17
14830 15450 17
1483 1545 14
1483 1545 15
1483 1545 17
1483 1545 18
2433 2580 17
2966 3090 14
3244 3440 16
4055 4300 15
4055 4300 17
4866 5160 12
5677 6020 17
7415 7725 14
7415 7725 15
8110 8600 15
11864 12360 17
13347 13905 14
13347 13905 16
13347 13905 16
14830 15450 13
14830 15450 17
1483 1545 17
2433 2580 13
2966 3090 13
4055 4300 14
4866 5160 14
5677 6020 14
5677 6020 15
5677 6020 16
6488 6880 13
7299 7740 15
7299 7740 17
7415 7725 14
7415 7725 17
7415 7725 17
8898 9270 13
8898 9270 16
8898 9270 17
11864 12360 17
11864 12360 17
14830 15450 14
1622 1720 14
1622 1720 18
3244 3440 15
4055 4300 16
4449 4635 15
4866 5160 16
4866 5160 16
5932 6180 13
6488 6880 12
6488 6880 13
6488 6880 15
6488 6880 18
7299 7740 13
7415 7725 13
8110 8600 15
8110 8600 17
10381 10815 14
11864 12360 14
13347 13905 15
14830 15450 15
811 860 14
1483 1545 12
1483 1545 14
1483 1545 16
2433 2580 17
2966 3090 15
2966 3090 16
4055 4300 15
6488 6880 13
8110 8600 15
8898 9270 16
11864 12360 12
11864 12360 13
11864 12360 13
11864 12360 14
11864 12360 17
13347 13905 13
13347 13905 16
13347 13905 17
14830 15450 14
811 860 17
1483 1545 15
1622 1720 15
2433 2580 15
2433 2580 15
2966 3090 16
3244 3440 14
4055 4300 13
4055 4300 17
4055 4300 17
4449 4635 14
4866 5160 16
5677 6020 17
10381 10815 14
10381 10815 15
10381 10815 17
13347 13905 16
13347 13905 16
14830 15450 13
14830 15450 15
811 860 14
1622 1720 16
2433 2580 12
3244 3440 14
3244 3440 14
4055 4300 13
4449 4635 15
4449 4635 16
5677 6020 15
6488 6880 17
7415 7725 16
8110 8600 13
8110 8600 15
8110 8600 16
8898 9270 14
10381 10815 17
11864 12360 16
11864 12360 17
13347 13905 17
14830 15450 17
1483 1545 15
1483 1545 16
1483 1545 17
1622 1720 15
2966 3090 13
4449 4635 18
4866 5160 13
4866 5160 17
5677 6020 15
7299 7740 13
8110 8600 12
8110 8600 13
8110 8600 17
8110 8600 17
13347 13905 13
14830 15450 14
14830 15450 15
14830 15450 16
14830 15450 17
14830 15450 17
811 860 14
811 860 16
2433 2580 12
4449 4635 13
4449 4635 16
4449 4635 17
5677 6020 16
5932 6180 17
7299 7740 14
7299 7740 15
7299 7740 15
7415 7725 17
8110 8600 16
8898 9270 14
8898 9270 14
10381 10815 14
11864 12360 14
11864 12360 14
11864 12360 16
14830 15450 14
811 860 13
811 860 17
2433 2580 15
2966 3090 15
4055 4300 14
4055 4300 15
4866 5160 17
5677 6020 17
5932 6180 17
6488 6880 12
7415 7725 14
7415 7725 17
8110 8600 14
8110 8600 16
8898 9270 14
10381 10815 18
11864 12360 13
11864 12360 13
14830 15450 12
14830 15450 14
1622 1720 12
1622 1720 12
2433 2580 14
3244 3440 12
4055 4300 15
4055 4300 15
4866 5160 14
5677 6020 16
5932 6180 13
5932 6180 13
5932 6180 17
7299 7740 16
8110 8600 17
8898 9270 14
10381 10815 15
10381 10815 16
10381 10815 17
11864 12360 13
13347 13905 15
14830 15450 15
811 860 14
1483 1545 16
1622 1720 13
1622 1720 17
4055 4300 16
4055 4300 17
4449 4635 17
4866 5160 14
5677 6020 13
5677 6020 18
5932 6180 12
5932 6180 14
6488 6880 13
7299 7740 16
7415 7725 17
8898 9270 13
10381 10815 15
11864 12360 14
13347 13905 14
14830 15450 15
811 860 15
1483 1545 16
2966 3090 14
2966 3090 15
3244 3440 13
4055 4300 16
4449 4635 16
4866 5160 16
4866 5160 16
5677 6020 15
5677 6020 17
5932 6180 14
5932 6180 14
6488 6880 16
6488 6880 17
7299 7740 16
7415 7725 16
13347 13905 16
14830 15450 13
14830 15450 15
1483 1545 16
1622 1720 13
1622 1720 15
2433 2580 18
2966 3090 14
4055 4300 14
4055 4300 18
4449 4635 15
4449 4635 16
5677 6020 17
5932 6180 14
7299 7740 13
7415 7725 15
8110 8600 15
8898 9270 16
10381 10815 17
11864 12360 13
13347 13905 12
13347 13905 13
13347 13905 17
811 860 15
811 860 17
2433 2580 14
2433 2580 16
2433 2580 17
2966 3090 15
2966 3090 16
2966 3090 16
4449 4635 14
4866 5160 13
5932 6180 13
6488 6880 14
7299 7740 17
8110 8600 17
8898 9270 14
10381 10815 15
10381 10815 16
13347 13905 13
13347 13905 16
13347 13905 16
811 860 13
811 860 16
1483 1545 16
2966 3090 14
2966 3090 14
4449 4635 14
5932 6180 16
5932 6180 16
6488 6880 13
6488 6880 13
6488 6880 16
7299 7740 15
8110 8600 16
8898 9270 17
10381 10815 14
10381 10815 15
13347 13905 13
13347 13905 13
14830 15450 13
14830 15450 17
811 860 13
811 860 16
1483 1545 14
1483 1545 16
2433 2580 13
4055 4300 15
4055 4300 16
4866 5160 15
4866 5160 16
4866 5160 17
5677 6020 15
6488 6880 16
8110 8600 15
8898 9270 13
8898 9270 15
8898 9270 16
8898 9270 16
10381 10815 13
11864 12360 17
13347 13905 17
811 860 16
811 860 16
1483 1545 14
1483 1545 17
1622 1720 13
2433 2580 15
2433 2580 17
2966 3090 16
3244 3440 17
4449 4635 14
4449 4635 15
5677 6020 15
5677 6020 16
6488 6880 17
7415 7725 17
8110 8600 16
8110 8600 17
10381 10815 13
11864 12360 13
11864 12360 15
1483 1545 15
1622 1720 13
2433 2580 13
2433 2580 15
4055 4300 15
4055 4300 16
4449 4635 16
4449 4635 17
4866 5160 18
5677 6020 17
5932 6180 17
6488 6880 13
7299 7740 13
7299 7740 15
7299 7740 15
7415 7725 14
7415 7725 15
8898 9270 14
10381 10815 17
11864 12360 17
1483 1545 17
2433 2580 13
2966 3090 16
4055 4300 14
4866 5160 12
4866 5160 13
4866 5160 15
4866 5160 16
4866 5160 17
5677 6020 13
5677 6020 15
5932 6180 13
6488 6880 12
7299 7740 17
7415 7725 14
11864 12360 15
13347 13905 12
13347 13905 13
13347 13905 14
14830 15450 17
811 860 15
1483 1545 13
1483 1545 16
1483 1545 17
2966 3090 15
2966 3090 16
3244 3440 12
3244 3440 15
4055 4300 15
4449 4635 13
4866 5160 14
4866 5160 15
4866 5160 17
5677 6020 14
5677 6020 17
5677 6020 17
6488 6880 16
7299 7740 14
8898 9270 13
14830 15450 14
811 860 15
811 860 15
1483 1545 13
1483 1545 14
2433 2580 14
2433 2580 17
2966 3090 12
3244 3440 13
3244 3440 16
4866 5160 14
4866 5160 16
5677 6020 15
5932 6180 12
5932 6180 17
7299 7740 16
7415 7725 14
7415 7725 16
8110 8600 16
8110 8600 16
11864 12360 17
2433 2580 15
3244 3440 17
3244 3440 17
4055 4300 17
4449 4635 15
4866 5160 13
4866 5160 16
5677 6020 14
5677 6020 17
5932 6180 13
5932 6180 15
6488 6880 13
7299 7740 15
8898 9270 13
8898 9270 14
10381 10815 14
11864 12360 15
13347 13905 12
13347 13905 16
13347 13905 17
1483 1545 14
2433 2580 13
3244 3440 16
4055 4300 13
4055 4300 17
5677 6020 17
6488 6880 13
7299 7740 13
7299 7740 15
7299 7740 16
7415 7725 13
7415 7725 13
7415 7725 17
8898 9270 15
10381 10815 14
10381 10815 14
10381 10815 17
11864 12360 14
14830 15450 16
14830 15450 17
811 860 14
811 860 17
1622 1720 13
1622 1720 17
2433 2580 13
2433 2580 15
2433 2580 16
3244 3440 18
4866 5160 14
4866 5160 15
5677 6020 14
5677 6020 17
7415 7725 15
8110 8600 14
10381 10815 13
10381 10815 16
10381 10815 16
10381 10815 17
14830 15450 14
14830 15450 15
1483 1545 13
1483 1545 14
1483 1545 16
2433 2580 13
2966 3090 13
3244 3440 14
4449 4635 14
4866 5160 14
5677 6020 16
5932 6180 17
6488 6880 13
6488 6880 17
7299 7740 17
7415 7725 14
7415 7725 14
8110 8600 14
8110 8600 15
8898 9270 15
10381 10815 17
14830 15450 15
811 860 14
2433 2580 14
3244 3440 15
4449 4635 14
4866 5160 13
4866 5160 14
5932 6180 17
6488 6880 17
7299 7740 14
7299 7740 16
7299 7740 17
7415 7725 15
8898 9270 13
8898 9270 14
10381 10815 14
10381 10815 16
11864 12360 14
11864 12360 14
11864 12360 16
13347 13905 13
1483 1545 15
1622 1720 15
2966 3090 16
4449 4635 13
4449 4635 17
4866 5160 15
4866 5160 17
5677 6020 17
5932 6180 14
5932 6180 17
7299 7740 15
7415 7725 15
8110 8600 15
8110 8600 17
8898 9270 13
8898 9270 16
8898 9270 17
11864 12360 13
11864 12360 14
13347 13905 17
811 860 17
1483 1545 13
1622 1720 13
2433 2580 14
2433 2580 16
2433 2580 17
2966 3090 12
3244 3440 15
4055 4300 17
4055 4300 18
5677 6020 17
5932 6180 15
7415 7725 17
7415 7725 17
7415 7725 17
8110 8600 17
8898 9270 17
8898 9270 18
13347 13905 13
14830 15450 15
811 860 13
811 860 17
811 860 17
1483 1545 14
1622 1720 16
1622 1720 16
2966 3090 13
2966 3090 13
2966 3090 16
3244 3440 14
3244 3440 16
4055 4300 17
4866 5160 17
7299 7740 17
7415 7725 16
8110 8600 13
8110 8600 16
11864 12360 15
14830 15450 15
14830 15450 17
2433 2580 14
3244 3440 13
3244 3440 17
3244 3440 17
4055 4300 14
4055 4300 14
4449 4635 15
4866 5160 13
4866 5160 15
5677 6020 17
7415 7725 15
7415 7725 15
8898 9270 13
8898 9270 17
10381 10815 15
10381 10815 17
13347 13905 16
14830 15450 13
14830 15450 14
14830 15450 15
1622 1720 12
2433 2580 13
2966 3090 18
3244 3440 14
4055 4300 15
4866 5160 15
5677 6020 14
5932 6180 13
5932 6180 14
5932 6180 16
7299 7740 13
7415 7725 13
8110 8600 17
11864 12360 14
11864 12360 16
11864 12360 16
13347 13905 14
14830 15450 14
14830 15450 14
14830 15450 15
811 860 15
811 860 15
3244 3440 13
3244 3440 17
4866 5160 14
4866 5160 17
5932 6180 16
6488 6880 14
6488 6880 17
7415 7725 17
8110 8600 13
8110 8600 15
8110 8600 16
8898 9270 14
10381 10815 16
11864 12360 14
13347 13905 14
13347 13905 16
14830 15450 13
14830 15450 18
811 860 14
1483 1545 17
1622 1720 16
2433 2580 13
2433 2580 14
2966 3090 15
3244 3440 17
4055 4300 13
4055 4300 13
5677 6020 16
6488 6880 13
6488 6880 16
6488 6880 16
7415 7725 17
8110 8600 14
8110 8600 15
8110 8600 17
8898 9270 16
10381 10815 15
13347 13905 15
1483 1545 14
1483 1545 16
1622 1720 16
3244 3440 14
3244 3440 17
4449 4635 13
4449 4635 15
4449 4635 16
4866 5160 13
4866 5160 14
5932 6180 14
6488 6880 16
7415 7725 16
8110 8600 13
8110 8600 16
10381 10815 15
10381 10815 16
10381 10815 17
11864 12360 17
14830 15450 15
811 860 16
811 860 16
811 860 17
1483 1545 16
1622 1720 13
1622 1720 15
1622 1720 16
2966 3090 14
3244 3440 14
3244 3440 17
4055 4300 15
4866 5160 15
5677 6020 12
5677 6020 15
5677 6020 15
6488 6880 13
7299 7740 14
7299 7740 15
7299 7740 16
14830 15450 15
1622 1720 15
1622 1720 15
1622 1720 16
2966 3090 13
2966 3090 17
4449 4635 15
4449 4635 17
4866 5160 16
5677 6020 13
5677 6020 13
5932 6180 13
6488 6880 13
6488 6880 14
7415 7725 13
8110 8600 16
8110 8600 17
10381 10815 14
10381 10815 15
13347 13905 15
14830 15450 13
1622 1720 14
2433 2580 14
2966 3090 14
4449 4635 16
4866 5160 17
5677 6020 13
5677 6020 15
5677 6020 17
5932 6180 17
6488 6880 13
6488 6880 14
7299 7740 15
8110 8600 14
8898 9270 17
10381 10815 16
11864 12360 16
13347 13905 12
13347 13905 13
13347 13905 15
13347 13905 17
811 860 15
1483 1545 13
1483 1545 15
1622 1720 14
1622 1720 14
2433 2580 12
4055 4300 13
4866 5160 13
4866 5160 17
5932 6180 15
6488 6880 14
7415 7725 16
7415 7725 16
8110 8600 13
8110 8600 15
11864 12360 13
13347 13905 14
13347 13905 15
14830 15450 14
14830 15450 16
811 860 15
1483 1545 14
1483 1545 17
1622 1720 14
1622 1720 16
1622 1720 17
2433 2580 14
2433 2580 14
3244 3440 14
4055 4300 13
4055 4300 17
4449 4635 13
5677 6020 14
5932 6180 14
7415 7725 14
8110 8600 14
8110 8600 16
8110 8600 17
8898 9270 16
11864 12360 14
811 860 12
811 860 16
1483 1545 14
1622 1720 15
2433 2580 13
2966 3090 13
3244 3440 16
4449 4635 14
4449 4635 16
4866 5160 17
5677 6020 17
5932 6180 13
6488 6880 15
6488 6880 17
7415 7725 15
8110 8600 14
8110 8600 15
8110 8600 17
11864 12360 15
11864 12360 16
811 860 14
1622 1720 16
2433 2580 13
2966 3090 15
2966 3090 16
3244 3440 14
4055 4300 13
4055 4300 17
4055 4300 18
4449 4635 13
4866 5160 14
5932 6180 14
5932 6180 16
5932 6180 17
6488 6880 13
7415 7725 15
8898 9270 15
10381 10815 12
11864 12360 16
14830 15450 14
1483 1545 17
1622 1720 12
1622 1720 15
2433 2580 15
3244 3440 14
4055 4300 17
4449 4635 17
4866 5160 17
5932 6180 17
6488 6880 17
7299 7740 13
7299 7740 17
7415 7725 13
7415 7725 14
7415 7725 16
10381 10815 12
14830 15450 15
14830 15450 15
14830 15450 15
14830 15450 15
811 860 13
1483 1545 14
1622 1720 15
1622 1720 17
2433 2580 13
2966 3090 15
2966 3090 16
3244 3440 15
4055 4300 12
4055 4300 17
4866 5160 14
5932 6180 15
6488 6880 16
7299 7740 16
7415 7725 16
8110 8600 13
8110 8600 15
10381 10815 16
11864 12360 13
11864 12360 15
1483 1545 15
1622 1720 13
1622 1720 14
1622 1720 15
2433 2580 15
2433 2580 16
2966 3090 17
4055 4300 17
5677 6020 17
5932 6180 14
5932 6180 17
6488 6880 17
6488 6880 17
8898 9270 13
8898 9270 15
8898 9270 15
11864 12360 15
14830 15450 14
14830 15450 15
14830 15450 16
811 860 14
1483 1545 13
1483 1545 17
2966 3090 16
3244 3440 13
4449 4635 16
4866 5160 15
5677 6020 13
6488 6880 13
6488 6880 14
6488 6880 16
7299 7740 14
7299 7740 17
7415 7725 14
8898 9270 13
10381 10815 13
10381 10815 15
11864 12360 12
11864 12360 15
14830 15450 13
811 860 15
1622 1720 14
1622 1720 18
2433 2580 13
2433 2580 16
2433 2580 17
3244 3440 14
3244 3440 15
4055 4300 13
4866 5160 15
4866 5160 17
5932 6180 12
5932 6180 15
5932 6180 16
7415 7725 13
7415 7725 15
8110 8600 17
8110 8600 17
10381 10815 18
13347 13905 16
811 860 14
2966 3090 13
2966 3090 13
2966 3090 13
2966 3090 15
4055 4300 13
4055 4300 17
4055 4300 17
4449 4635 13
4866 5160 13
5677 6020 16
5932 6180 13
6488 6880 15
6488 6880 17
7415 7725 13
8898 9270 16
8898 9270 17
10381 10815 14
11864 12360 16
13347 13905 17
811 860 16
811 860 17
1483 1545 14
1483 1545 15
3244 3440 17
4449 4635 14
4449 4635 16
4449 4635 16
5677 6020 16
5932 6180 12
6488 6880 15
7415 7725 17
8110 8600 12
8898 9270 14
10381 10815 16
11864 12360 14
13347 13905 13
13347 13905 17
14830 15450 15
14830 15450 17
811 860 15
1483 1545 14
1483 1545 15
1622 1720 12
2966 3090 16
3244 3440 12
3244 3440 14
4055 4300 18
5677 6020 16
5677 6020 17
5932 6180 13
5932 6180 15
6488 6880 16
7415 7725 15
8110 8600 14
10381 10815 16
11864 12360 18
13347 13905 16
14830 15450 13
14830 15450 16
1622 1720 13
2433 2580 13
2966 3090 14
3244 3440 15
4055 4300 13
4055 4300 16
4055 4300 18
4449 4635 15
4866 5160 15
5677 6020 13
5677 6020 14
5677 6020 15
5677 6020 16
7299 7740 13
7415 7725 17
8110 8600 14
13347 13905 13
13347 13905 15
13347 13905 16
14830 15450 15
811 860 13
811 860 15
2433 2580 13
2433 2580 14
2433 2580 15
4055 4300 14
4449 4635 12
4449 4635 16
4866 5160 17
5677 6020 15
5932 6180 16
5932 6180 16
6488 6880 13
7299 7740 13
7415 7725 16
8110 8600 15
8898 9270 14
11864 12360 13
13347 13905 15
13347 13905 17
1622 1720 16
2966 3090 15
2966 3090 15
2966 3090 16
3244 3440 13
4055 4300 14
4055 4300 17
4449 4635 15
4449 4635 15
4449 4635 17
5932 6180 14
6488 6880 16
7299 7740 15
8110 8600 17
13347 13905 13
14830 15450 13
14830 15450 14
14830 15450 14
14830 15450 16
14830 15450 17
811 860 17
1483 1545 13
1622 1720 14
1622 1720 15
2433 2580 13
2966 3090 15
3244 3440 14
3244 3440 15
4449 4635 17
5677 6020 12
5677 6020 16
5932 6180 14
5932 6180 16
5932 6180 16
6488 6880 15
6488 6880 16
7299 7740 16
7415 7725 13
8898 9270 16
10381 10815 14
1483 1545 15
1483 1545 17
3244 3440 16
4055 4300 13
4449 4635 17
5677 6020 14
5932 6180 15
7415 7725 14
7415 7725 15
8110 8600 15
8898 9270 14
8898 9270 14
8898 9270 17
11864 12360 13
11864 12360 15
13347 13905 14
13347 13905 15
13347 13905 16
14830 15450 13
14830 15450 14
1483 1545 16
1483 1545 17
1622 1720 15
2433 2580 13
2433 2580 16
2966 3090 17
3244 3440 14
3244 3440 16
4055 4300 15
4055 4300 18
4866 5160 13
5677 6020 14
5677 6020 15
6488 6880 14
7299 7740 16
7299 7740 17
8110 8600 16
10381 10815 17
11864 12360 15
14830 15450 17
811 860 17
1622 1720 16
1622 1720 17
2433 2580 13
3244 3440 14
3244 3440 15
4055 4300 12
5677 6020 17
6488 6880 12
6488 6880 14
7299 7740 14
7415 7725 17
8110 8600 13
10381 10815 15
10381 10815 17
11864 12360 13
11864 12360 16
13347 13905 16
13347 13905 17
14830 15450 14
811 860 15
1622 1720 12
1622 1720 14
2433 2580 13
2966 3090 15
3244 3440 15
4449 4635 16
5677 6020 14
5677 6020 17
5677 6020 17
5932 6180 13
5932 6180 14
5932 6180 16
5932 6180 16
5932 6180 16
8898 9270 15
10381 10815 15
10381 10815 16
13347 13905 14
14830 15450 17
811 860 16
2966 3090 12
2966 3090 15
3244 3440 13
4055 4300 12
4055 4300 14
4055 4300 15
4055 4300 17
4449 4635 12
5677 6020 13
7415 7725 13
7415 7725 15
8110 8600 14
8110 8600 17
8898 9270 13
8898 9270 15
11864 12360 15
11864 12360 16
13347 13905 13
14830 15450 17
1483 1545 16
2433 2580 15
2966 3090 16
2966 3090 17
3244 3440 13
4055 4300 13
4449 4635 18
5677 6020 13
5677 6020 15
5677 6020 18
5932 6180 16
6488 6880 17
7299 7740 18
7415 7725 13
8110 8600 16
8898 9270 17
10381 10815 15
11864 12360 15
13347 13905 13
13347 13905 14
811 860 14
811 860 15
811 860 16
811 860 17
1483 1545 13
1622 1720 12
1622 1720 18
2433 2580 17
4449 4635 13
5932 6180 14
5932 6180 16
5932 6180 18
6488 6880 14
7299 7740 17
7415 7725 14
8110 8600 15
11864 12360 15
13347 13905 16
14830 15450 15
14830 15450 17
2433 2580 14
2433 2580 14
2433 2580 17
2433 2580 17
3244 3440 13
3244 3440 14
3244 3440 16
4055 4300 12
4055 4300 15
4866 5160 14
5932 6180 12
5932 6180 13
6488 6880 17
7299 7740 17
8110 8600 16
8898 9270 13
13347 13905 13
13347 13905 16
13347 13905 17
13347 13905 17
811 860 15
811 860 17
1622 1720 14
2433 2580 13
2433 2580 13
2966 3090 16
2966 3090 17
4055 4300 15
4449 4635 14
4449 4635 16
4449 4635 16
4866 5160 17
5677 6020 17
7299 7740 17
7415 7725 16
8898 9270 13
8898 9270 15
8898 9270 16
11864 12360 13
14830 15450 15
811 860 14
1483 1545 17
2966 3090 15
2966 3090 17
3244 3440 14
4055 4300 15
4055 4300 15
5932 6180 13
6488 6880 14
7415 7725 13
7415 7725 14
7415 7725 17
8110 8600 13
8898 9270 16
11864 12360 15
11864 12360 17
13347 13905 13
13347 13905 16
14830 15450 15
14830 15450 16
811 860 15
811 860 15
811 860 17
1622 1720 14
2433 2580 17
2966 3090 16
3244 3440 13
4055 4300 14
4449 4635 12
4449 4635 13
4449 4635 17
5932 6180 14
5932 6180 17
6488 6880 13
6488 6880 18
8110 8600 14
8898 9270 14
8898 9270 16
10381 10815 17
14830 15450 14
811 860 13
811 860 17
1483 1545 15
3244 3440 12
3244 3440 17
3244 3440 17
4055 4300 13
4055 4300 14
4055 4300 15
4449 4635 17
5677 6020 13
5932 6180 15
5932 6180 16
5932 6180 16
5932 6180 16
6488 6880 16
7299 7740 17
8110 8600 13
13347 13905 17
14830 15450 17
1622 1720 17
2433 2580 16
2966 3090 14
2966 3090 16
4055 4300 15
4055 4300 16
4055 4300 17
4449 4635 13
4449 4635 15
4866 5160 16
4866 5160 17
5932 6180 14
5932 6180 15
6488 6880 13
6488 6880 15
7415 7725 14
8898 9270 17
10381 10815 14
14830 15450 14
14830 15450 18
1483 1545 17
1622 1720 13
2433 2580 17
2966 3090 15
2966 3090 15
4055 4300 14
4055 4300 15
4449 4635 17
5677 6020 13
5677 6020 17
7299 7740 15
7415 7725 12
8110 8600 15
8110 8600 17
8898 9270 15
8898 9270 16
10381 10815 17
13347 13905 13
14830 15450 14
14830 15450 17
811 860 13
1483 1545 13
1622 1720 16
2433 2580 12
2966 3090 13
4866 5160 14
4866 5160 14
4866 5160 17
6488 6880 15
6488 6880 16
7299 7740 13
7299 7740 14
7299 7740 17
10381 10815 16
11864 12360 13
11864 12360 16
13347 13905 13
13347 13905 16
13347 13905 16
14830 15450 15
811 860 14
811 860 16
2433 2580 15
2966 3090 17
4055 4300 14
4449 4635 16
4866 5160 16
4866 5160 16
4866 5160 18
5677 6020 14
5677 6020 15
5932 6180 17
5932 6180 17
6488 6880 16
7299 7740 12
8110 8600 15
11864 12360 13
11864 12360 16
14830 15450 14
14830 15450 17
811 860 14
811 860 16
4449 4635 13
4866 5160 13
5677 6020 13
5677 6020 13
5677 6020 15
5677 6020 16
5677 6020 17
6488 6880 15
7299 7740 16
7299 7740 16
7415 7725 16
8898 9270 13
8898 9270 15
8898 9270 17
10381 10815 15
13347 13905 14
14830 15450 13
14830 15450 17
1622 1720 12
1622 1720 14
2433 2580 14
2966 3090 13
2966 3090 16
2966 3090 17
3244 3440 13
4866 5160 16
4866 5160 16
4866 5160 16
5677 6020 13
7415 7725 17
8110 8600 12
8110 8600 17
10381 10815 13
13347 13905 13
13347 13905 15
13347 13905 16
13347 13905 16
14830 15450 17
811 860 16
1483 1545 16
1622 1720 14
2966 3090 17
4055 4300 14
4449 4635 13
4449 4635 14
4449 4635 14
4866 5160 12
5932 6180 14
5932 6180 18
6488 6880 13
6488 6880 14
7299 7740 16
8110 8600 13
8110 8600 13
8898 9270 12
8898 9270 15
11864 12360 14
13347 13905 14
1622 1720 16
1622 1720 17
2966 3090 13
2966 3090 17
4449 4635 13
4866 5160 16
5677 6020 13
5677 6020 14
6488 6880 17
7299 7740 15
7415 7725 13
7415 7725 16
7415 7725 17
8110 8600 17
10381 10815 14
10381 10815 15
10381 10815 15
10381 10815 17
10381 10815 17
10381 10815 17
