200 100 50296
2 123 198
2 64 173
2 83 248
2 93 249
2 95 185
2 140 217
2 50 235
2 55 236
2 57 246
2 122 172
2 113 171
2 105 196
2 66 216
2 148 187
2 72 193
2 121 173
2 146 170
2 79 229
2 76 163
2 61 245
2 75 151
2 73 155
2 117 210
2 64 211
2 109 236
2 138 214
2 92 240
2 70 201
2 79 166
2 83 223
2 121 219
2 56 160
2 107 218
2 149 247
2 118 164
2 89 236
2 72 178
2 141 191
2 132 155
2 119 246
2 90 154
2 86 208
2 61 196
2 138 166
2 91 184
2 102 155
2 115 220
2 63 173
2 150 189
2 117 226
2 75 152
2 60 212
2 51 224
2 61 227
2 132 208
2 132 181
2 88 160
2 149 150
2 98 185
2 82 207
2 146 169
2 95 212
2 123 223
2 83 219
2 145 216
2 124 216
2 149 152
2 68 199
2 89 220
2 74 176
2 67 220
2 128 170
2 53 242
2 52 178
2 110 178
2 92 189
2 58 161
2 133 155
2 95 158
2 94 189
2 51 206
2 109 203
2 73 192
2 124 246
2 128 229
2 92 207
2 53 242
2 60 158
2 70 194
2 55 250
2 145 177
2 68 193
2 51 181
2 141 205
2 127 203
2 124 217
2 134 212
2 111 180
2 72 236
2 104 160
320 344 171
1280 1376 178
180 72 166
1120 1204 173
100 40 163
1440 1548 152
40 16 164
160 172 169
60 24 156
80 32 153
40 16 150
1280 1376 153
800 860 143
1280 1376 157
20 8 164
960 1032 156
160 64 151
1120 1204 184
40 16 172
800 860 172
120 48 150
1120 1204 171
160 172 172
180 72 178
60 24 146
80 32 150
640 688 157
1120 1204 157
80 32 136
1120 1204 147
40 16 155
1280 1376 165
960 1032 138
960 1032 170
60 24 143
640 688 174
60 24 153
60 24 163
120 48 159
800 860 134
120 48 151
320 344 151
40 16 155
800 860 155
180 72 175
960 1032 167
40 16 168
120 48 177
60 24 142
180 72 155
200 80 178
480 516 150
120 48 142
140 56 180
1440 1548 176
1600 1720 177
640 688 160
1280 1376 159
100 40 177
140 56 170
160 64 167
160 172 184
160 172 149
160 172 160
140 56 162
960 1032 141
160 64 152
800 860 146
100 40 164
1440 1548 164
20 8 136
100 40 177
200 80 150
1280 1376 150
20 8 186
1600 1720 152
1120 1204 155
1600 1720 145
320 344 159
960 1032 147
200 80 153
1280 1376 154
1440 1548 146
1440 1548 178
480 516 164
960 1032 149
180 72 166
800 860 166
100 40 143
960 1032 179
80 32 145
160 172 149
1120 1204 186
1600 1720 137
20 8 170
60 24 141
80 32 178
960 1032 168
480 516 137
1120 1204 162
320 344 139
1440 1548 135
160 172 175
320 344 160
20 8 172
160 172 163
140 56 136
960 1032 135
160 64 171
640 688 165
60 24 177
200 80 181
140 56 160
180 72 142
160 64 150
200 80 147
80 32 179
1600 1720 153
100 40 150
100 40 169
120 48 169
1120 1204 169
180 72 139
320 344 134
480 516 137
640 688 178
120 48 167
140 56 140
180 72 183
480 516 172
1440 1548 175
1440 1548 179
800 860 152
1280 1376 152
320 344 172
1440 1548 169
40 16 186
640 688 138
800 860 171
1600 1720 138
100 40 136
180 72 171
1280 1376 170
1440 1548 135
120 48 148
800 860 148
100 40 178
480 516 137
1440 1548 163
1600 1720 178
20 8 150
1280 1376 160
140 56 146
480 516 147
20 8 151
1280 1376 148
80 32 153
200 80 158
140 56 149
640 688 153
20 8 154
60 24 151
140 56 164
180 72 182
320 344 142
800 860 139
100 40 163
160 64 169
120 48 135
1280 1376 150
100 40 167
480 516 188
40 16 176
160 172 182
320 344 158
640 688 158
80 32 143
1440 1548 137
140 56 141
480 516 175
40 16 174
320 344 141
20 8 149
60 24 177
1120 1204 163
1120 1204 180
80 32 188
960 1032 140
1440 1548 139
1600 1720 148
80 32 155
640 688 156
160 172 176
1280 1376 143
160 172 180
1600 1720 168
200 80 180
1120 1204 185
180 72 151
200 80 160
