1000 100 464545
10 51 173
10 55 156
10 84 202
10 68 189
10 55 245
10 143 214
10 150 184
10 74 247
10 102 162
10 135 178
10 60 245
10 81 237
10 73 210
10 124 218
10 105 228
10 125 158
10 75 246
10 116 190
10 82 230
10 88 177
10 77 219
10 106 211
10 102 164
10 113 191
10 104 169
10 51 174
10 54 226
10 147 223
10 123 170
10 111 171
10 112 234
10 97 187
10 103 176
10 111 225
10 65 180
10 54 156
10 94 233
10 142 250
10 118 207
10 149 205
10 58 231
10 90 205
10 96 216
10 59 232
10 148 226
10 89 229
10 60 154
10 127 233
10 147 200
10 69 239
10 72 244
10 74 201
10 147 178
10 142 209
10 79 202
10 81 187
10 92 191
10 114 215
10 100 240
10 95 250
10 132 241
10 62 220
10 98 167
10 65 227
10 124 168
10 96 163
10 78 226
10 115 188
10 93 154
10 76 188
10 91 237
10 136 182
10 110 175
10 115 150
10 125 181
10 65 167
10 63 168
10 150 200
10 143 209
10 107 217
10 150 235
10 115 232
10 96 212
10 150 184
10 103 209
10 76 239
10 131 248
10 79 185
10 89 193
10 134 181
10 69 154
10 110 173
10 143 151
10 86 194
10 132 243
10 99 237
10 99 173
10 96 151
10 130 162
10 136 246
1 148 27
2 296 28
5 740 35
6 888 32
7 1036 32
145 195 34
725 975 28
725 975 34
870 1170 25
1305 1755 35
10 1480 34
145 195 28
290 390 33
435 585 27
580 780 31
1015 1365 30
1160 1560 27
1160 1560 29
1450 1950 30
1450 1950 34
2 296 28
3 444 29
8 1184 27
435 585 25
435 585 32
725 975 31
725 975 35
870 1170 35
1015 1365 29
1305 1755 32
1 148 26
7 1036 26
9 1332 30
9 1332 34
10 1480 35
145 195 28
290 390 28
435 585 28
435 585 35
870 1170 30
1 148 31
6 888 33
7 1036 28
9 1332 33
145 195 29
145 195 33
290 390 29
290 390 32
1015 1365 27
1450 1950 27
2 296 30
2 296 30
6 888 35
10 1480 31
145 195 35
290 390 31
435 585 29
580 780 29
580 780 34
1160 1560 31
2 296 36
3 444 26
3 444 26
3 444 27
4 592 32
290 390 31
435 585 27
435 585 34
1305 1755 28
1450 1950 34
1 148 36
4 592 29
6 888 27
9 1332 29
145 195 34
725 975 32
725 975 35
870 1170 32
870 1170 34
1450 1950 35
1 148 28
2 296 33
3 444 32
4 592 25
8 1184 30
10 1480 25
10 1480 29
725 975 32
870 1170 25
1450 1950 35
1 148 26
3 444 25
4 592 30
5 740 32
5 740 32
10 1480 35
435 585 33
1160 1560 28
1160 1560 35
1305 1755 35
5 740 30
6 888 26
145 195 26
145 195 27
145 195 32
435 585 26
435 585 32
725 975 28
1015 1365 29
1015 1365 34
2 296 26
2 296 28
435 585 28
580 780 30
870 1170 27
870 1170 34
1015 1365 30
1160 1560 28
1160 1560 28
1305 1755 28
4 592 27
10 1480 34
10 1480 35
580 780 32
725 975 28
725 975 34
870 1170 29
1015 1365 31
1015 1365 32
1450 1950 26
1 148 35
5 740 26
5 740 33
9 1332 25
10 1480 28
10 1480 30
290 390 31
435 585 26
1160 1560 27
1305 1755 26
1 148 25
2 296 32
4 592 29
9 1332 29
9 1332 34
290 390 30
580 780 25
580 780 25
870 1170 29
1450 1950 28
1 148 33
2 296 27
3 444 28
3 444 35
4 592 30
290 390 35
435 585 30
580 780 32
870 1170 31
1450 1950 33
2 296 26
4 592 34
5 740 25
435 585 32
435 585 34
580 780 25
580 780 34
1015 1365 28
1450 1950 28
1450 1950 35
3 444 29
3 444 32
4 592 33
10 1480 33
435 585 32
725 975 25
1015 1365 28
1015 1365 34
1305 1755 27
1450 1950 31
2 296 26
8 1184 30
145 195 32
290 390 30
435 585 31
725 975 29
1015 1365 34
1160 1560 30
1305 1755 32
1450 1950 32
4 592 27
5 740 25
7 1036 26
7 1036 27
145 195 28
725 975 33
870 1170 35
1160 1560 29
1160 1560 30
1450 1950 25
1 148 31
2 296 26
2 296 29
5 740 27
5 740 31
7 1036 26
145 195 31
580 780 30
1305 1755 36
1450 1950 32
2 296 28
2 296 30
145 195 31
290 390 35
435 585 31
870 1170 27
870 1170 32
1160 1560 27
1160 1560 35
1450 1950 33
1 148 33
3 444 28
3 444 32
5 740 32
7 1036 32
9 1332 30
145 195 34
870 1170 36
1015 1365 33
1450 1950 36
3 444 32
5 740 32
10 1480 31
145 195 27
145 195 32
435 585 34
580 780 27
1305 1755 27
1305 1755 30
1450 1950 30
1 148 30
2 296 28
5 740 28
8 1184 25
145 195 27
145 195 30
580 780 30
725 975 35
870 1170 28
1305 1755 26
2 296 34
3 444 33
5 740 35
7 1036 28
7 1036 35
8 1184 32
725 975 30
725 975 34
1015 1365 29
1305 1755 35
3 444 33
7 1036 26
8 1184 29
10 1480 27
290 390 32
1015 1365 32
1160 1560 26
1305 1755 31
1305 1755 34
1450 1950 32
1 148 32
3 444 25
3 444 34
6 888 35
8 1184 25
10 1480 32
435 585 28
580 780 25
580 780 35
1015 1365 26
2 296 27
4 592 31
5 740 27
5 740 27
8 1184 25
8 1184 31
145 195 35
290 390 29
290 390 31
1450 1950 32
2 296 30
4 592 35
7 1036 34
9 1332 27
145 195 26
290 390 30
435 585 35
580 780 34
1160 1560 34
1305 1755 27
3 444 33
3 444 35
6 888 32
7 1036 35
9 1332 35
10 1480 26
290 390 33
1160 1560 26
1160 1560 32
1305 1755 25
1 148 26
8 1184 28
10 1480 27
10 1480 32
725 975 34
870 1170 33
1015 1365 34
1305 1755 36
1450 1950 26
1450 1950 31
1 148 27
1 148 35
2 296 30
5 740 34
7 1036 32
9 1332 25
435 585 27
580 780 26
580 780 36
1160 1560 30
1 148 28
4 592 34
7 1036 35
9 1332 33
435 585 28
725 975 33
1015 1365 28
1450 1950 28
1450 1950 28
1450 1950 30
2 296 35
3 444 31
4 592 30
4 592 32
8 1184 27
145 195 32
145 195 34
870 1170 30
1160 1560 26
1160 1560 32
3 444 28
4 592 27
6 888 26
6 888 26
145 195 33
290 390 35
580 780 33
870 1170 28
870 1170 31
1305 1755 32
3 444 27
9 1332 33
10 1480 32
435 585 32
435 585 35
580 780 30
870 1170 30
870 1170 33
1015 1365 34
1450 1950 35
1 148 33
5 740 28
5 740 31
6 888 29
8 1184 31
8 1184 32
10 1480 35
435 585 30
1160 1560 32
1450 1950 33
4 592 32
6 888 31
7 1036 26
8 1184 28
8 1184 30
9 1332 27
145 195 36
725 975 33
1160 1560 31
1305 1755 30
2 296 34
8 1184 34
9 1332 34
10 1480 35
290 390 25
290 390 33
290 390 34
435 585 32
580 780 33
870 1170 28
3 444 31
3 444 32
7 1036 31
9 1332 27
9 1332 31
10 1480 34
145 195 26
870 1170 35
1160 1560 31
1305 1755 31
1 148 27
3 444 30
3 444 34
4 592 31
290 390 26
435 585 27
435 585 32
870 1170 30
1015 1365 34
1160 1560 33
2 296 25
4 592 28
8 1184 30
8 1184 32
145 195 32
435 585 30
580 780 28
870 1170 33
1160 1560 30
1160 1560 30
2 296 28
4 592 35
5 740 25
7 1036 27
7 1036 32
7 1036 34
10 1480 30
290 390 35
290 390 35
725 975 26
3 444 28
8 1184 28
9 1332 29
145 195 28
145 195 30
290 390 27
290 390 28
870 1170 31
1015 1365 30
1160 1560 30
2 296 35
5 740 30
7 1036 27
8 1184 27
8 1184 29
9 1332 32
10 1480 34
870 1170 28
1160 1560 30
1160 1560 30
1 148 33
4 592 32
6 888 30
8 1184 29
10 1480 27
290 390 29
580 780 33
725 975 28
1015 1365 35
1160 1560 28
1 148 28
1 148 29
3 444 34
5 740 28
7 1036 27
290 390 32
435 585 36
580 780 26
1015 1365 35
1160 1560 25
6 888 26
7 1036 35
145 195 31
290 390 30
435 585 33
435 585 36
725 975 26
1305 1755 25
1305 1755 30
1450 1950 26
1 148 29
6 888 25
7 1036 27
7 1036 27
145 195 25
290 390 26
290 390 28
870 1170 33
1160 1560 31
1305 1755 36
8 1184 25
9 1332 29
9 1332 35
725 975 35
870 1170 27
1015 1365 27
1305 1755 29
1305 1755 29
1450 1950 29
1450 1950 35
4 592 33
7 1036 29
7 1036 30
145 195 26
725 975 28
870 1170 32
1450 1950 30
1450 1950 31
1450 1950 33
1450 1950 34
3 444 34
3 444 35
4 592 34
6 888 31
6 888 32
7 1036 30
10 1480 27
290 390 33
725 975 28
1015 1365 30
3 444 28
6 888 31
7 1036 28
7 1036 35
8 1184 35
9 1332 25
145 195 25
870 1170 28
870 1170 32
870 1170 36
4 592 32
5 740 34
6 888 36
7 1036 34
9 1332 30
145 195 31
290 390 32
725 975 27
870 1170 30
1450 1950 34
1 148 29
2 296 25
4 592 26
5 740 28
6 888 27
6 888 36
8 1184 33
290 390 36
435 585 31
725 975 28
1 148 27
1 148 29
3 444 33
7 1036 30
8 1184 30
145 195 33
290 390 34
580 780 33
870 1170 34
1450 1950 34
2 296 27
5 740 26
6 888 30
6 888 31
8 1184 35
9 1332 30
580 780 28
580 780 34
870 1170 27
870 1170 35
1 148 26
2 296 29
4 592 34
5 740 30
10 1480 32
580 780 32
725 975 25
1160 1560 32
1305 1755 26
1305 1755 34
5 740 28
5 740 32
5 740 32
6 888 34
290 390 35
435 585 30
435 585 36
1015 1365 27
1160 1560 29
1305 1755 27
7 1036 26
7 1036 29
10 1480 33
145 195 27
145 195 29
290 390 33
290 390 35
435 585 31
435 585 32
870 1170 30
2 296 33
5 740 33
7 1036 31
8 1184 35
9 1332 27
9 1332 31
290 390 33
435 585 35
580 780 33
1305 1755 30
3 444 29
5 740 32
5 740 32
7 1036 34
7 1036 35
8 1184 29
290 390 28
435 585 31
435 585 35
1160 1560 29
1 148 28
2 296 25
4 592 25
4 592 34
6 888 27
6 888 30
145 195 28
145 195 34
1305 1755 34
1450 1950 34
4 592 30
6 888 27
7 1036 34
8 1184 31
9 1332 32
290 390 28
435 585 33
725 975 27
1015 1365 33
1160 1560 28
2 296 31
3 444 26
8 1184 27
9 1332 30
10 1480 25
10 1480 27
10 1480 31
435 585 32
725 975 32
1015 1365 30
4 592 34
5 740 25
5 740 28
145 195 33
290 390 30
435 585 27
435 585 28
725 975 28
1305 1755 29
1305 1755 33
3 444 26
3 444 29
5 740 26
5 740 36
7 1036 25
7 1036 29
9 1332 33
435 585 29
1160 1560 25
1305 1755 30
1 148 26
2 296 25
3 444 26
3 444 35
6 888 33
10 1480 27
725 975 31
870 1170 32
1015 1365 26
1450 1950 34
1 148 26
3 444 33
4 592 29
5 740 26
580 780 32
725 975 26
725 975 28
725 975 34
1305 1755 28
1450 1950 31
2 296 31
3 444 34
9 1332 34
145 195 32
145 195 35
290 390 31
435 585 27
1160 1560 27
1305 1755 29
1450 1950 33
2 296 29
2 296 33
3 444 32
4 592 26
5 740 27
10 1480 31
870 1170 29
1015 1365 31
1160 1560 32
1305 1755 29
6 888 31
6 888 31
8 1184 32
8 1184 35
9 1332 34
9 1332 36
10 1480 27
290 390 29
1450 1950 28
1450 1950 34
3 444 30
4 592 31
4 592 31
5 740 27
8 1184 36
435 585 32
1015 1365 33
1160 1560 36
1305 1755 29
1450 1950 28
1 148 26
4 592 26
8 1184 27
8 1184 30
290 390 31
580 780 26
580 780 34
1160 1560 32
1160 1560 35
1305 1755 33
1 148 30
1 148 35
3 444 28
4 592 29
5 740 28
6 888 30
6 888 30
7 1036 34
580 780 30
1450 1950 35
7 1036 35
8 1184 30
9 1332 34
9 1332 35
10 1480 30
10 1480 32
10 1480 33
725 975 34
1160 1560 36
1450 1950 32
1 148 34
5 740 35
7 1036 27
9 1332 33
145 195 28
145 195 32
290 390 26
725 975 26
725 975 27
1305 1755 28
1 148 33
3 444 31
4 592 31
6 888 26
6 888 29
7 1036 34
145 195 26
145 195 27
1305 1755 35
1450 1950 26
1 148 27
3 444 32
4 592 25
4 592 31
4 592 31
8 1184 29
580 780 32
1160 1560 31
1450 1950 27
1450 1950 36
7 1036 35
8 1184 27
9 1332 33
725 975 25
725 975 26
870 1170 25
870 1170 28
1160 1560 30
1305 1755 32
1450 1950 26
3 444 31
4 592 31
10 1480 35
290 390 28
580 780 35
1160 1560 25
1305 1755 25
1305 1755 27
1450 1950 29
1450 1950 34
9 1332 36
435 585 34
580 780 28
580 780 32
725 975 33
725 975 34
870 1170 30
1015 1365 35
1305 1755 32
1450 1950 31
2 296 35
4 592 27
6 888 26
9 1332 32
145 195 27
145 195 35
435 585 33
870 1170 35
1015 1365 29
1015 1365 33
1 148 35
4 592 34
6 888 32
7 1036 28
9 1332 27
9 1332 30
290 390 35
870 1170 32
1305 1755 35
1305 1755 36
1 148 25
2 296 32
7 1036 33
8 1184 31
8 1184 34
290 390 30
580 780 26
870 1170 32
870 1170 34
1450 1950 26
3 444 28
145 195 35
145 195 35
580 780 30
725 975 25
725 975 27
870 1170 32
1015 1365 35
1160 1560 32
1450 1950 27
2 296 31
3 444 29
4 592 27
8 1184 34
10 1480 32
435 585 29
580 780 30
725 975 28
725 975 35
1015 1365 30
5 740 34
6 888 31
9 1332 29
145 195 32
290 390 33
580 780 25
870 1170 26
1305 1755 29
1305 1755 31
1305 1755 35
1 148 31
2 296 31
7 1036 32
8 1184 25
8 1184 27
290 390 35
435 585 30
725 975 27
1160 1560 29
1160 1560 32
3 444 35
9 1332 30
145 195 28
290 390 25
580 780 29
725 975 26
870 1170 28
1160 1560 25
1160 1560 33
1450 1950 35
1 148 31
9 1332 31
580 780 35
725 975 28
725 975 30
725 975 35
1015 1365 27
1015 1365 35
1450 1950 32
1450 1950 32
1 148 29
1 148 34
3 444 30
3 444 33
6 888 27
6 888 28
8 1184 36
9 1332 33
145 195 31
1450 1950 26
1 148 28
6 888 30
10 1480 29
145 195 28
290 390 32
290 390 32
580 780 34
870 1170 33
1015 1365 30
1160 1560 27
3 444 28
4 592 31
10 1480 35
290 390 26
870 1170 34
870 1170 35
1015 1365 31
1160 1560 27
1160 1560 34
1160 1560 35
7 1036 35
9 1332 27
9 1332 34
10 1480 29
10 1480 30
435 585 33
580 780 34
725 975 29
1015 1365 27
1305 1755 35
3 444 35
4 592 27
5 740 28
7 1036 28
7 1036 32
9 1332 29
145 195 25
145 195 30
1450 1950 32
1450 1950 32
1 148 35
2 296 34
4 592 34
7 1036 29
7 1036 33
8 1184 25
9 1332 30
145 195 30
1015 1365 31
1305 1755 33
2 296 26
2 296 31
5 740 29
5 740 31
6 888 34
9 1332 26
580 780 34
870 1170 27
1015 1365 27
1305 1755 31
4 592 33
7 1036 28
8 1184 26
435 585 25
725 975 32
1160 1560 27
1160 1560 30
1305 1755 29
1450 1950 26
1450 1950 35
