200 20 81248
10 106 192
10 147 238
10 64 157
10 108 249
10 114 153
10 63 168
10 73 193
10 127 168
10 87 175
10 120 220
10 83 183
10 96 231
10 138 191
10 80 209
10 96 246
10 112 169
10 121 176
10 57 218
10 51 170
10 67 175
172 164 27
688 656 29
1032 984 27
1032 984 30
1152 1032 26
1152 1032 30
1152 1032 31
1296 1161 25
1296 1161 26
1376 1312 32
288 258 33
516 492 28
576 516 27
720 645 33
864 774 33
1032 984 30
1204 1148 31
1376 1312 32
1548 1476 31
1720 1640 29
144 129 26
344 328 26
344 328 30
516 492 27
516 492 31
1008 903 30
1032 984 26
1032 984 33
1204 1148 25
1720 1640 29
172 164 27
288 258 26
288 258 33
432 387 31
860 820 33
864 774 25
1032 984 32
1152 1032 25
1440 1290 30
1720 1640 28
288 258 27
288 258 31
344 328 29
432 387 29
516 492 26
860 820 24
860 820 26
1376 1312 32
1720 1640 26
1720 1640 28
144 129 31
516 492 29
516 492 31
576 516 28
688 656 30
720 645 28
864 774 29
1032 984 27
1152 1032 29
1152 1032 30
344 328 30
432 387 25
432 387 26
576 516 30
688 656 27
720 645 26
1032 984 26
1296 1161 26
1296 1161 29
1376 1312 33
516 492 29
516 492 31
688 656 33
860 820 29
864 774 26
864 774 28
1008 903 29
1376 1312 24
1720 1640 27
1720 1640 29
288 258 30
432 387 28
516 492 26
576 516 29
1008 903 26
1152 1032 26
1152 1032 27
1204 1148 32
1440 1290 26
1548 1476 33
720 645 25
860 820 27
1008 903 29
1032 984 27
1296 1161 32
1376 1312 25
1376 1312 30
1440 1290 32
1720 1640 26
1720 1640 27
288 258 32
432 387 33
688 656 25
860 820 26
864 774 32
1008 903 29
1032 984 29
1204 1148 26
1440 1290 29
1440 1290 31
144 129 29
144 129 33
288 258 33
344 328 26
432 387 26
576 516 33
864 774 28
864 774 32
1032 984 24
1152 1032 33
144 129 28
172 164 26
172 164 27
288 258 24
344 328 27
864 774 25
864 774 29
1204 1148 27
1720 1640 32
1720 1640 32
144 129 27
144 129 30
344 328 31
432 387 28
516 492 26
576 516 27
688 656 30
688 656 31
1008 903 24
1204 1148 29
172 164 26
516 492 31
688 656 31
688 656 31
860 820 29
1032 984 33
1296 1161 31
1440 1290 25
1440 1290 33
1720 1640 26
144 129 30
344 328 25
516 492 28
576 516 33
688 656 29
720 645 30
720 645 33
860 820 29
1296 1161 32
1376 1312 24
172 164 31
432 387 28
576 516 26
720 645 26
720 645 28
860 820 30
1008 903 26
1152 1032 30
1296 1161 30
1376 1312 30
172 164 27
172 164 31
288 258 30
344 328 28
516 492 24
720 645 28
864 774 26
1032 984 26
1296 1161 28
1440 1290 25
516 492 30
688 656 25
1008 903 31
1032 984 31
1296 1161 33
1376 1312 28
1440 1290 26
1440 1290 31
1548 1476 26
1548 1476 28
144 129 32
172 164 24
172 164 30
288 258 33
344 328 29
516 492 33
688 656 32
688 656 33
864 774 24
1548 1476 27
