200 20 589196
10 86 240
10 96 184
10 58 237
10 142 235
10 81 177
10 57 194
10 124 235
10 61 183
10 108 150
10 106 186
10 107 161
10 138 204
10 66 183
10 105 214
10 118 184
10 142 183
10 97 194
10 137 152
10 85 193
10 112 238
1039 1003 27
1039 1003 36
5195 5015 32
5195 5015 37
6000 8286 30
6234 6018 28
6234 6018 37
8000 11048 33
10390 10030 27
10390 10030 37
3000 4143 36
4156 4012 31
5000 6905 35
5195 5015 30
7000 9667 37
7273 7021 35
8000 11048 29
9000 12429 33
9000 12429 34
10000 13810 35
2000 2762 36
2000 2762 38
3117 3009 27
5000 6905 35
5195 5015 28
6000 8286 28
7000 9667 30
7000 9667 35
8000 11048 31
8000 11048 32
1039 1003 35
1039 1003 36
3000 4143 31
4000 5524 29
5000 6905 30
6000 8286 35
7000 9667 36
9000 12429 34
9000 12429 37
9351 9027 34
1039 1003 29
1039 1003 34
2078 2006 32
4000 5524 27
5195 5015 30
6000 8286 31
6234 6018 32
7000 9667 36
9351 9027 33
9351 9027 35
3117 3009 28
3117 3009 32
4156 4012 31
5195 5015 29
5195 5015 32
7000 9667 28
7273 7021 30
8000 11048 34
10000 13810 33
10390 10030 36
1000 1381 34
2000 2762 31
2078 2006 33
4156 4012 28
7000 9667 33
7273 7021 35
8000 11048 29
8312 8024 32
10000 13810 28
10390 10030 31
1000 1381 33
1039 1003 33
1039 1003 34
2000 2762 30
2078 2006 33
4156 4012 35
5000 6905 28
6000 8286 28
6000 8286 35
8000 11048 27
1039 1003 28
1039 1003 35
2000 2762 36
3117 3009 37
4000 5524 29
4000 5524 36
6000 8286 29
7273 7021 28
9000 12429 28
10000 13810 29
1039 1003 34
3000 4143 30
3117 3009 30
3117 3009 32
4000 5524 34
4156 4012 37
6234 6018 36
7000 9667 28
9000 12429 36
10000 13810 29
1039 1003 32
2000 2762 33
2078 2006 36
3000 4143 31
3117 3009 27
5000 6905 34
5000 6905 36
7273 7021 28
8000 11048 29
9000 12429 32
1000 1381 31
2000 2762 30
2000 2762 35
3117 3009 29
4156 4012 32
5195 5015 31
6234 6018 35
7000 9667 37
8000 11048 30
10000 13810 32
1000 1381 37
1039 1003 33
1039 1003 35
2000 2762 34
3000 4143 28
6000 8286 37
6234 6018 27
8000 11048 32
8312 8024 34
9351 9027 28
1039 1003 37
2078 2006 34
3117 3009 36
4156 4012 32
4156 4012 36
5195 5015 36
6234 6018 36
7273 7021 36
8312 8024 29
10390 10030 30
1000 1381 30
2000 2762 33
6000 8286 28
7273 7021 28
8312 8024 35
8312 8024 37
9000 12429 29
9000 12429 32
9351 9027 27
10000 13810 33
2000 2762 31
2078 2006 30
3000 4143 31
3000 4143 37
6234 6018 36
8312 8024 27
8312 8024 36
9351 9027 28
9351 9027 28
10390 10030 29
4000 5524 30
4000 5524 36
4156 4012 37
6000 8286 33
7000 9667 31
7273 7021 34
7273 7021 34
7273 7021 36
8000 11048 28
8312 8024 37
1039 1003 34
2000 2762 37
4000 5524 28
5000 6905 37
5195 5015 37
7000 9667 33
9000 12429 30
9000 12429 36
9351 9027 31
10390 10030 35
1039 1003 30
2078 2006 32
4000 5524 30
5195 5015 32
6234 6018 32
7000 9667 33
8000 11048 27
8312 8024 28
9351 9027 35
10390 10030 33
1000 1381 35
1039 1003 36
2078 2006 36
3117 3009 28
4000 5524 34
4156 4012 33
6000 8286 34
6000 8286 37
7000 9667 35
8000 11048 30
