2000 20 3393249
100 79 192
100 109 249
100 80 209
100 105 244
100 66 223
100 140 192
100 71 209
100 125 232
100 81 213
100 116 165
100 147 242
100 148 210
100 134 167
100 132 184
100 75 157
100 111 249
100 103 217
100 146 207
100 119 221
100 52 172
343 143 2
343 143 2
343 143 2
343 143 2
343 143 2
343 143 3
686 286 2
686 286 2
686 286 2
686 286 2
686 286 3
686 286 3
1029 429 2
1029 429 3
1029 429 3
1029 429 3
1339 1139 2
1339 1139 2
1339 1139 3
1339 1139 3
1339 1139 3
1372 572 2
1372 572 2
1715 715 2
1715 715 3
1715 715 3
1715 715 3
1715 715 3
1715 715 3
1715 715 3
2058 858 2
2058 858 2
2058 858 3
2058 858 3
2058 858 3
2401 1001 2
2401 1001 3
2401 1001 3
2401 1001 3
2401 1001 3
2678 2278 2
2678 2278 2
2678 2278 2
2678 2278 3
2744 1144 2
2744 1144 2
2744 1144 2
2744 1144 3
2744 1144 3
2744 1144 3
2744 1144 3
3087 1287 2
3087 1287 2
3087 1287 2
3087 1287 2
3087 1287 3
3087 1287 3
3087 1287 3
3087 1287 3
3430 1430 2
3430 1430 2
3430 1430 3
3430 1430 3
4017 3417 2
4017 3417 3
4017 3417 3
4017 3417 3
4017 3417 3
4017 3417 3
4017 3417 3
5356 4556 2
5356 4556 3
6695 5695 2
6695 5695 2
6695 5695 2
6695 5695 3
8034 6834 3
8034 6834 3
8034 6834 3
8034 6834 3
8034 6834 3
9373 7973 2
9373 7973 2
9373 7973 2
9373 7973 3
9373 7973 3
9373 7973 3
10712 9112 2
10712 9112 2
10712 9112 3
10712 9112 3
12051 10251 2
12051 10251 2
12051 10251 2
12051 10251 2
13390 11390 2
13390 11390 3
13390 11390 3
13390 11390 3
13390 11390 3
343 143 2
343 143 2
343 143 2
343 143 3
343 143 3
343 143 3
686 286 3
686 286 3
686 286 3
686 286 3
1029 429 3
1029 429 3
1029 429 3
1339 1139 2
1339 1139 3
1339 1139 3
1339 1139 3
1372 572 2
1372 572 2
1372 572 2
1372 572 2
1372 572 3
1372 572 3
1372 572 3
1715 715 2
2058 858 2
2058 858 3
2401 1001 2
2401 1001 2
2401 1001 2
2401 1001 2
2401 1001 3
2401 1001 3
2401 1001 3
2401 1001 3
2401 1001 3
2678 2278 2
2678 2278 2
2678 2278 2
2678 2278 2
2678 2278 3
2744 1144 2
2744 1144 2
2744 1144 2
2744 1144 3
2744 1144 3
2744 1144 3
2744 1144 3
3087 1287 2
3087 1287 3
3087 1287 3
3430 1430 2
3430 1430 3
3430 1430 3
4017 3417 3
4017 3417 3
4017 3417 3
4017 3417 3
4017 3417 3
4017 3417 3
4017 3417 3
5356 4556 2
5356 4556 2
5356 4556 2
5356 4556 2
5356 4556 2
5356 4556 2
5356 4556 3
5356 4556 3
6695 5695 2
6695 5695 3
6695 5695 3
6695 5695 3
6695 5695 3
8034 6834 2
8034 6834 3
8034 6834 3
8034 6834 3
8034 6834 3
9373 7973 2
9373 7973 2
9373 7973 3
10712 9112 2
10712 9112 3
10712 9112 3
10712 9112 3
12051 10251 2
12051 10251 3
12051 10251 3
12051 10251 3
12051 10251 3
12051 10251 3
12051 10251 3
12051 10251 3
13390 11390 2
13390 11390 2
13390 11390 2
13390 11390 3
13390 11390 3
13390 11390 3
343 143 2
343 143 2
343 143 2
343 143 3
343 143 3
343 143 3
343 143 3
343 143 3
686 286 2
686 286 3
686 286 3
686 286 3
1029 429 2
1029 429 2
1029 429 3
1339 1139 3
1339 1139 3
1339 1139 3
1339 1139 3
1372 572 2
1372 572 3
1372 572 3
1372 572 3
1715 715 2
1715 715 3
1715 715 3
1715 715 3
1715 715 3
2058 858 2
2058 858 2
2058 858 3
2058 858 3
2058 858 3
2058 858 3
2058 858 3
2401 1001 2
2401 1001 2
2401 1001 3
2401 1001 3
2401 1001 3
2401 1001 3
2401 1001 3
2678 2278 3
2678 2278 3
2678 2278 3
2744 1144 2
2744 1144 2
2744 1144 2
2744 1144 2
2744 1144 3
2744 1144 3
2744 1144 3
3087 1287 3
3087 1287 3
3430 1430 2
3430 1430 2
3430 1430 2
3430 1430 3
3430 1430 3
4017 3417 3
5356 4556 2
5356 4556 2
5356 4556 2
5356 4556 2
5356 4556 3
5356 4556 3
5356 4556 3
5356 4556 3
5356 4556 3
6695 5695 2
6695 5695 2
6695 5695 2
6695 5695 2
6695 5695 3
6695 5695 3
8034 6834 2
8034 6834 3
9373 7973 2
9373 7973 2
9373 7973 2
9373 7973 2
9373 7973 2
9373 7973 3
9373 7973 3
9373 7973 3
9373 7973 3
10712 9112 2
10712 9112 3
10712 9112 3
10712 9112 3
12051 10251 2
12051 10251 2
12051 10251 2
12051 10251 3
12051 10251 3
12051 10251 3
13390 11390 2
13390 11390 3
13390 11390 3
13390 11390 3
343 143 2
343 143 2
343 143 3
343 143 3
343 143 3
343 143 3
343 143 3
686 286 2
686 286 2
686 286 2
686 286 3
686 286 3
686 286 3
1029 429 2
1029 429 3
1339 1139 2
1339 1139 2
1339 1139 3
1339 1139 3
1339 1139 3
1372 572 2
1372 572 2
1372 572 2
1372 572 2
1372 572 2
1372 572 2
1372 572 3
1372 572 3
1372 572 3
1372 572 3
1715 715 2
1715 715 2
1715 715 3
2058 858 2
2058 858 2
2058 858 3
2058 858 3
2401 1001 3
2401 1001 3
2401 1001 3
2678 2278 2
2678 2278 2
2678 2278 2
2678 2278 3
2678 2278 3
2678 2278 3
2744 1144 2
2744 1144 2
2744 1144 3
2744 1144 3
3087 1287 2
3087 1287 2
3087 1287 2
3087 1287 2
3087 1287 2
3087 1287 2
3087 1287 3
3087 1287 3
3087 1287 3
3087 1287 3
3430 1430 2
3430 1430 3
3430 1430 3
4017 3417 2
4017 3417 2
4017 3417 2
4017 3417 3
4017 3417 3
4017 3417 3
4017 3417 3
5356 4556 2
5356 4556 2
5356 4556 2
5356 4556 3
5356 4556 3
5356 4556 3
5356 4556 3
6695 5695 2
6695 5695 2
6695 5695 2
6695 5695 3
6695 5695 3
8034 6834 3
8034 6834 3
8034 6834 3
8034 6834 3
8034 6834 3
8034 6834 3
10712 9112 2
10712 9112 2
10712 9112 2
10712 9112 3
10712 9112 3
12051 10251 2
12051 10251 2
12051 10251 3
13390 11390 2
13390 11390 3
13390 11390 3
13390 11390 3
343 143 2
343 143 2
343 143 3
343 143 3
343 143 3
686 286 2
686 286 3
686 286 3
686 286 3
1029 429 2
1029 429 3
1029 429 3
1029 429 3
1029 429 3
1029 429 3
1339 1139 2
1339 1139 2
1339 1139 2
1339 1139 3
1339 1139 3
1339 1139 3
1339 1139 3
1339 1139 3
1372 572 2
1372 572 3
1715 715 2
2058 858 2
2058 858 3
2058 858 3
2058 858 3
2401 1001 2
2401 1001 2
2401 1001 2
2401 1001 2
2401 1001 3
2401 1001 3
2401 1001 3
2678 2278 2
2678 2278 2
2678 2278 2
2678 2278 2
2678 2278 2
2678 2278 3
2678 2278 3
2744 1144 2
2744 1144 2
2744 1144 3
2744 1144 3
3087 1287 2
3087 1287 2
3087 1287 2
3087 1287 2
3087 1287 2
3087 1287 2
3087 1287 2
3087 1287 3
3087 1287 3
3087 1287 3
3087 1287 3
3430 1430 2
3430 1430 3
3430 1430 3
3430 1430 3
4017 3417 2
4017 3417 3
4017 3417 3
5356 4556 2
5356 4556 3
5356 4556 3
5356 4556 3
5356 4556 3
5356 4556 3
5356 4556 3
6695 5695 2
6695 5695 2
6695 5695 3
8034 6834 2
8034 6834 3
8034 6834 3
8034 6834 3
9373 7973 2
9373 7973 2
9373 7973 3
10712 9112 2
10712 9112 2
10712 9112 3
10712 9112 3
10712 9112 3
10712 9112 3
10712 9112 3
10712 9112 3
10712 9112 3
12051 10251 2
12051 10251 2
12051 10251 3
12051 10251 3
12051 10251 3
12051 10251 3
13390 11390 2
13390 11390 3
343 143 2
343 143 3
343 143 3
343 143 3
686 286 2
686 286 2
686 286 2
686 286 2
686 286 2
686 286 3
1029 429 2
1029 429 2
1339 1139 2
1339 1139 2
1339 1139 2
1339 1139 3
1339 1139 3
1372 572 3
1372 572 3
1372 572 3
1372 572 3
1372 572 3
1715 715 2
1715 715 2
1715 715 2
1715 715 3
1715 715 3
1715 715 3
1715 715 3
2058 858 2
2058 858 2
2058 858 2
2058 858 3
2401 1001 2
2401 1001 2
2401 1001 2
2401 1001 3
2401 1001 3
2401 1001 3
2401 1001 3
2401 1001 3
2678 2278 3
2678 2278 3
2678 2278 3
2678 2278 3
2744 1144 2
2744 1144 2
2744 1144 3
2744 1144 3
2744 1144 3
3087 1287 2
3087 1287 3
3087 1287 3
3087 1287 3
3087 1287 3
3087 1287 3
3430 1430 2
3430 1430 3
3430 1430 3
4017 3417 2
4017 3417 2
4017 3417 3
5356 4556 2
5356 4556 2
5356 4556 3
6695 5695 2
6695 5695 2
6695 5695 3
6695 5695 3
6695 5695 3
6695 5695 3
8034 6834 2
8034 6834 3
8034 6834 3
8034 6834 3
9373 7973 2
9373 7973 3
9373 7973 3
9373 7973 3
9373 7973 3
9373 7973 3
9373 7973 3
9373 7973 3
10712 9112 2
10712 9112 2
10712 9112 2
10712 9112 2
10712 9112 3
10712 9112 3
10712 9112 3
12051 10251 2
12051 10251 2
12051 10251 2
12051 10251 2
12051 10251 3
12051 10251 3
13390 11390 2
13390 11390 3
13390 11390 3
13390 11390 3
343 143 2
343 143 2
343 143 2
343 143 2
343 143 3
686 286 2
686 286 2
686 286 2
686 286 3
686 286 3
686 286 3
686 286 3
1029 429 2
1029 429 2
1029 429 3
1029 429 3
1029 429 3
1029 429 3
1339 1139 3
1339 1139 3
1339 1139 3
1339 1139 3
1372 572 2
1372 572 3
1372 572 3
1372 572 3
1715 715 2
1715 715 2
1715 715 3
1715 715 3
2058 858 2
2058 858 2
2058 858 2
2058 858 2
2058 858 3
2058 858 3
2058 858 3
2058 858 3
2401 1001 3
2401 1001 3
2401 1001 3
2678 2278 2
2678 2278 2
2678 2278 2
2678 2278 2
2678 2278 3
2678 2278 3
2678 2278 3
2744 1144 2
2744 1144 2
2744 1144 3
2744 1144 3
2744 1144 3
3087 1287 2
3087 1287 2
3087 1287 3
3087 1287 3
3430 1430 2
3430 1430 3
3430 1430 3
3430 1430 3
4017 3417 2
4017 3417 3
4017 3417 3
5356 4556 2
5356 4556 3
5356 4556 3
6695 5695 2
6695 5695 2
6695 5695 3
6695 5695 3
6695 5695 3
8034 6834 2
8034 6834 3
8034 6834 3
9373 7973 2
9373 7973 2
9373 7973 2
9373 7973 3
9373 7973 3
9373 7973 3
10712 9112 2
10712 9112 2
10712 9112 2
10712 9112 3
10712 9112 3
10712 9112 3
10712 9112 3
10712 9112 3
10712 9112 3
12051 10251 2
12051 10251 2
12051 10251 3
12051 10251 3
13390 11390 2
13390 11390 3
13390 11390 3
13390 11390 3
13390 11390 3
13390 11390 3
343 143 2
343 143 2
343 143 2
343 143 3
686 286 3
1029 429 2
1029 429 3
1029 429 3
1339 1139 2
1339 1139 3
1339 1139 3
1339 1139 3
1339 1139 3
1372 572 2
1372 572 3
1372 572 3
1715 715 2
1715 715 2
1715 715 3
1715 715 3
2058 858 2
2058 858 2
2058 858 3
2058 858 3
2058 858 3
2401 1001 2
2401 1001 2
2401 1001 2
2401 1001 3
2401 1001 3
2401 1001 3
2678 2278 2
2678 2278 2
2678 2278 3
2678 2278 3
2678 2278 3
2678 2278 3
2678 2278 3
2744 1144 2
2744 1144 2
2744 1144 3
2744 1144 3
3087 1287 2
3087 1287 2
3087 1287 3
3087 1287 3
3087 1287 3
3087 1287 3
3087 1287 3
3430 1430 2
3430 1430 2
3430 1430 2
3430 1430 3
3430 1430 3
3430 1430 3
3430 1430 3
4017 3417 2
4017 3417 3
4017 3417 3
4017 3417 3
4017 3417 3
4017 3417 3
5356 4556 2
5356 4556 2
5356 4556 2
5356 4556 3
5356 4556 3
6695 5695 2
6695 5695 2
6695 5695 2
6695 5695 3
6695 5695 3
6695 5695 3
8034 6834 2
8034 6834 3
8034 6834 3
8034 6834 3
8034 6834 3
9373 7973 2
9373 7973 2
9373 7973 3
10712 9112 2
10712 9112 2
10712 9112 2
10712 9112 2
10712 9112 3
10712 9112 3
10712 9112 3
10712 9112 3
10712 9112 3
12051 10251 2
12051 10251 2
12051 10251 2
12051 10251 2
12051 10251 3
13390 11390 2
13390 11390 2
13390 11390 2
13390 11390 3
13390 11390 3
343 143 2
343 143 2
343 143 3
343 143 3
343 143 3
343 143 3
343 143 3
686 286 2
686 286 2
686 286 3
686 286 3
686 286 3
1029 429 3
1029 429 3
1029 429 3
1339 1139 2
1339 1139 3
1339 1139 3
1339 1139 3
1339 1139 3
1372 572 2
1372 572 3
1372 572 3
1372 572 3
1715 715 2
1715 715 3
2058 858 2
2058 858 2
2058 858 2
2058 858 3
2058 858 3
2401 1001 2
2401 1001 3
2401 1001 3
2401 1001 3
2401 1001 3
2401 1001 3
2678 2278 2
2678 2278 2
2678 2278 3
2678 2278 3
2744 1144 2
2744 1144 2
2744 1144 2
2744 1144 2
2744 1144 3
2744 1144 3
2744 1144 3
2744 1144 3
3087 1287 2
3087 1287 3
3087 1287 3
3087 1287 3
3430 1430 2
3430 1430 2
3430 1430 2
3430 1430 3
3430 1430 3
3430 1430 3
3430 1430 3
4017 3417 3
4017 3417 3
4017 3417 3
5356 4556 2
5356 4556 2
5356 4556 2
5356 4556 2
5356 4556 3
6695 5695 2
6695 5695 2
6695 5695 2
6695 5695 3
6695 5695 3
8034 6834 2
8034 6834 2
8034 6834 3
8034 6834 3
9373 7973 2
9373 7973 3
9373 7973 3
9373 7973 3
9373 7973 3
9373 7973 3
10712 9112 2
10712 9112 2
10712 9112 3
10712 9112 3
10712 9112 3
12051 10251 2
12051 10251 2
12051 10251 2
12051 10251 2
12051 10251 3
12051 10251 3
13390 11390 2
13390 11390 2
13390 11390 3
13390 11390 3
13390 11390 3
13390 11390 3
343 143 2
343 143 2
343 143 3
343 143 3
343 143 3
343 143 3
343 143 3
343 143 3
686 286 2
686 286 2
686 286 3
686 286 3
686 286 3
686 286 3
1029 429 2
1029 429 2
1029 429 2
1029 429 2
1029 429 3
1372 572 2
1372 572 2
1372 572 2
1372 572 3
1372 572 3
1372 572 3
1372 572 3
1715 715 3
1715 715 3
1715 715 3
1715 715 3
2058 858 2
2058 858 2
2058 858 2
2058 858 3
2058 858 3
2058 858 3
2058 858 3
2401 1001 2
2401 1001 2
2401 1001 3
2401 1001 3
2401 1001 3
2401 1001 3
2678 2278 2
2678 2278 3
2744 1144 2
2744 1144 2
2744 1144 2
2744 1144 3
2744 1144 3
3087 1287 2
3087 1287 2
3087 1287 3
3087 1287 3
3087 1287 3
3087 1287 3
3430 1430 3
3430 1430 3
3430 1430 3
3430 1430 3
3430 1430 3
4017 3417 2
4017 3417 2
4017 3417 2
4017 3417 2
4017 3417 2
4017 3417 3
5356 4556 2
5356 4556 2
5356 4556 2
5356 4556 2
5356 4556 3
6695 5695 2
6695 5695 2
6695 5695 2
6695 5695 2
6695 5695 2
6695 5695 3
6695 5695 3
6695 5695 3
8034 6834 2
8034 6834 3
8034 6834 3
8034 6834 3
8034 6834 3
9373 7973 2
9373 7973 2
9373 7973 3
9373 7973 3
10712 9112 2
12051 10251 2
12051 10251 3
12051 10251 3
12051 10251 3
13390 11390 2
13390 11390 2
13390 11390 2
13390 11390 3
13390 11390 3
13390 11390 3
343 143 2
343 143 2
343 143 3
343 143 3
343 143 3
343 143 3
686 286 2
686 286 2
686 286 3
686 286 3
1029 429 2
1029 429 2
1029 429 2
1029 429 3
1029 429 3
1339 1139 3
1339 1139 3
1339 1139 3
1372 572 2
1372 572 2
1372 572 2
1372 572 3
1372 572 3
1715 715 3
1715 715 3
1715 715 3
2058 858 3
2058 858 3
2401 1001 2
2401 1001 2
2401 1001 2
2401 1001 2
2401 1001 2
2401 1001 2
2401 1001 2
2401 1001 3
2401 1001 3
2678 2278 2
2678 2278 3
2678 2278 3
2678 2278 3
2678 2278 3
2744 1144 2
2744 1144 2
2744 1144 2
2744 1144 3
2744 1144 3
3087 1287 3
3087 1287 3
3087 1287 3
3430 1430 2
3430 1430 2
3430 1430 2
3430 1430 3
3430 1430 3
3430 1430 3
4017 3417 2
4017 3417 2
4017 3417 2
4017 3417 3
4017 3417 3
4017 3417 3
4017 3417 3
5356 4556 2
5356 4556 2
5356 4556 3
5356 4556 3
5356 4556 3
5356 4556 3
6695 5695 2
6695 5695 2
6695 5695 3
6695 5695 3
6695 5695 3
6695 5695 3
8034 6834 2
8034 6834 2
8034 6834 2
8034 6834 2
8034 6834 3
8034 6834 3
8034 6834 3
9373 7973 2
9373 7973 2
9373 7973 2
9373 7973 3
9373 7973 3
9373 7973 3
10712 9112 2
10712 9112 3
10712 9112 3
10712 9112 3
12051 10251 2
12051 10251 3
12051 10251 3
12051 10251 3
13390 11390 2
13390 11390 3
13390 11390 3
13390 11390 3
343 143 2
343 143 2
343 143 3
343 143 3
343 143 3
343 143 3
343 143 3
686 286 3
686 286 3
686 286 3
1029 429 3
1029 429 3
1029 429 3
1339 1139 2
1339 1139 2
1339 1139 3
1372 572 2
1372 572 2
1372 572 2
1372 572 3
1372 572 3
1372 572 3
1715 715 2
1715 715 2
1715 715 2
1715 715 2
1715 715 3
2058 858 2
2058 858 2
2058 858 2
2058 858 3
2058 858 3
2401 1001 2
2401 1001 3
2401 1001 3
2401 1001 3
2678 2278 2
2678 2278 2
2678 2278 3
2744 1144 2
2744 1144 2
2744 1144 3
2744 1144 3
2744 1144 3
2744 1144 3
3087 1287 2
3087 1287 2
3087 1287 3
3087 1287 3
3430 1430 2
3430 1430 2
3430 1430 2
3430 1430 2
3430 1430 3
3430 1430 3
4017 3417 2
4017 3417 2
4017 3417 3
4017 3417 3
4017 3417 3
5356 4556 2
5356 4556 2
5356 4556 2
5356 4556 2
5356 4556 3
5356 4556 3
5356 4556 3
5356 4556 3
5356 4556 3
6695 5695 3
6695 5695 3
6695 5695 3
6695 5695 3
6695 5695 3
8034 6834 2
8034 6834 2
8034 6834 3
8034 6834 3
8034 6834 3
8034 6834 3
9373 7973 2
9373 7973 3
9373 7973 3
9373 7973 3
9373 7973 3
9373 7973 3
10712 9112 2
10712 9112 2
10712 9112 2
10712 9112 3
10712 9112 3
12051 10251 2
12051 10251 3
12051 10251 3
12051 10251 3
13390 11390 3
13390 11390 3
13390 11390 3
13390 11390 3
13390 11390 3
343 143 2
343 143 2
343 143 3
343 143 3
343 143 3
686 286 2
686 286 2
686 286 2
686 286 2
686 286 2
686 286 2
686 286 3
686 286 3
1029 429 2
1029 429 3
1339 1139 2
1339 1139 2
1339 1139 2
1339 1139 3
1372 572 2
1372 572 3
1715 715 2
1715 715 3
2058 858 2
2058 858 2
2058 858 2
2058 858 3
2058 858 3
2401 1001 2
2401 1001 2
2401 1001 3
2401 1001 3
2401 1001 3
2401 1001 3
2678 2278 2
2678 2278 2
2678 2278 2
2678 2278 2
2678 2278 2
2678 2278 2
2678 2278 3
2678 2278 3
2678 2278 3
2744 1144 2
2744 1144 2
2744 1144 3
2744 1144 3
3087 1287 2
3087 1287 2
3087 1287 3
3087 1287 3
3087 1287 3
3087 1287 3
3087 1287 3
3430 1430 2
3430 1430 2
3430 1430 3
3430 1430 3
3430 1430 3
4017 3417 2
4017 3417 2
4017 3417 2
5356 4556 2
5356 4556 2
5356 4556 2
5356 4556 3
5356 4556 3
5356 4556 3
5356 4556 3
6695 5695 2
6695 5695 2
6695 5695 2
6695 5695 3
8034 6834 2
9373 7973 2
9373 7973 2
9373 7973 2
9373 7973 3
9373 7973 3
9373 7973 3
10712 9112 3
10712 9112 3
10712 9112 3
10712 9112 3
10712 9112 3
12051 10251 2
12051 10251 2
12051 10251 2
12051 10251 2
12051 10251 3
12051 10251 3
13390 11390 2
13390 11390 2
13390 11390 3
13390 11390 3
13390 11390 3
13390 11390 3
13390 11390 3
13390 11390 3
13390 11390 3
343 143 2
343 143 2
343 143 2
343 143 3
343 143 3
686 286 3
686 286 3
686 286 3
1029 429 2
1029 429 2
1029 429 3
1029 429 3
1339 1139 2
1339 1139 2
1339 1139 2
1339 1139 2
1339 1139 3
1339 1139 3
1339 1139 3
1372 572 2
1372 572 2
1372 572 3
1372 572 3
1372 572 3
1715 715 2
1715 715 3
1715 715 3
1715 715 3
2058 858 2
2058 858 2
2058 858 2
2058 858 2
2058 858 3
2401 1001 2
2401 1001 2
2678 2278 3
2678 2278 3
2678 2278 3
2678 2278 3
2678 2278 3
2678 2278 3
2678 2278 3
2744 1144 2
2744 1144 2
2744 1144 2
2744 1144 2
2744 1144 2
2744 1144 3
2744 1144 3
2744 1144 3
2744 1144 3
3087 1287 2
3087 1287 2
3087 1287 3
3087 1287 3
3087 1287 3
3087 1287 3
3430 1430 3
3430 1430 3
4017 3417 2
4017 3417 2
4017 3417 2
4017 3417 3
5356 4556 2
5356 4556 2
5356 4556 2
5356 4556 2
5356 4556 3
5356 4556 3
5356 4556 3
5356 4556 3
6695 5695 3
6695 5695 3
6695 5695 3
6695 5695 3
8034 6834 2
8034 6834 2
8034 6834 2
8034 6834 3
8034 6834 3
8034 6834 3
8034 6834 3
8034 6834 3
8034 6834 3
9373 7973 2
9373 7973 3
10712 9112 2
10712 9112 3
10712 9112 3
10712 9112 3
12051 10251 2
12051 10251 2
12051 10251 2
12051 10251 3
12051 10251 3
12051 10251 3
13390 11390 2
13390 11390 3
13390 11390 3
13390 11390 3
343 143 2
343 143 2
343 143 2
343 143 3
343 143 3
343 143 3
686 286 2
686 286 2
686 286 3
686 286 3
1029 429 2
1029 429 2
1029 429 2
1029 429 3
1339 1139 2
1339 1139 2
1339 1139 3
1339 1139 3
1339 1139 3
1339 1139 3
1339 1139 3
1339 1139 3
1372 572 3
1372 572 3
1715 715 2
2058 858 2
2058 858 2
2058 858 2
2058 858 3
2401 1001 2
2401 1001 3
2401 1001 3
2678 2278 2
2678 2278 2
2678 2278 3
2678 2278 3
2678 2278 3
2678 2278 3
2678 2278 3
2678 2278 3
2744 1144 2
2744 1144 3
3087 1287 2
3087 1287 3
3087 1287 3
3087 1287 3
3087 1287 3
3087 1287 3
3087 1287 3
3087 1287 3
3087 1287 3
3087 1287 3
3087 1287 3
3087 1287 3
3430 1430 2
3430 1430 2
3430 1430 3
3430 1430 3
3430 1430 3
3430 1430 3
3430 1430 3
3430 1430 3
4017 3417 2
4017 3417 2
4017 3417 2
4017 3417 3
4017 3417 3
4017 3417 3
4017 3417 3
4017 3417 3
4017 3417 3
4017 3417 3
5356 4556 2
5356 4556 2
5356 4556 2
5356 4556 2
5356 4556 2
5356 4556 3
5356 4556 3
6695 5695 2
6695 5695 2
6695 5695 3
6695 5695 3
8034 6834 2
8034 6834 3
8034 6834 3
9373 7973 2
9373 7973 2
9373 7973 2
9373 7973 2
9373 7973 3
10712 9112 3
10712 9112 3
10712 9112 3
12051 10251 3
13390 11390 2
13390 11390 2
13390 11390 3
13390 11390 3
13390 11390 3
343 143 2
343 143 2
686 286 2
686 286 2
686 286 2
686 286 2
686 286 2
686 286 2
686 286 3
686 286 3
686 286 3
686 286 3
1029 429 2
1029 429 2
1029 429 3
1029 429 3
1339 1139 2
1339 1139 2
1339 1139 2
1339 1139 3
1372 572 2
1372 572 2
1372 572 2
1372 572 2
1372 572 3
1372 572 3
1372 572 3
1372 572 3
1372 572 3
1715 715 3
1715 715 3
1715 715 3
1715 715 3
2058 858 3
2401 1001 2
2401 1001 2
2401 1001 2
2401 1001 3
2401 1001 3
2401 1001 3
2401 1001 3
2678 2278 2
2678 2278 2
2678 2278 3
2678 2278 3
2678 2278 3
2678 2278 3
2678 2278 3
2678 2278 3
2678 2278 3
2678 2278 3
2744 1144 2
2744 1144 3
2744 1144 3
3087 1287 2
3087 1287 2
3087 1287 3
3087 1287 3
3087 1287 3
3087 1287 3
3430 1430 2
3430 1430 2
3430 1430 2
3430 1430 3
3430 1430 3
3430 1430 3
3430 1430 3
4017 3417 3
4017 3417 3
4017 3417 3
5356 4556 2
5356 4556 2
5356 4556 2
5356 4556 3
5356 4556 3
5356 4556 3
5356 4556 3
5356 4556 3
6695 5695 2
6695 5695 3
6695 5695 3
8034 6834 2
8034 6834 3
8034 6834 3
8034 6834 3
8034 6834 3
9373 7973 2
9373 7973 2
10712 9112 2
10712 9112 3
10712 9112 3
12051 10251 3
12051 10251 3
12051 10251 3
13390 11390 2
13390 11390 2
13390 11390 3
13390 11390 3
13390 11390 3
13390 11390 3
343 143 2
343 143 2
343 143 3
686 286 2
686 286 2
686 286 3
686 286 3
686 286 3
686 286 3
686 286 3
1029 429 2
1029 429 3
1029 429 3
1029 429 3
1029 429 3
1339 1139 2
1339 1139 3
1339 1139 3
1339 1139 3
1339 1139 3
1339 1139 3
1372 572 3
1715 715 2
1715 715 2
1715 715 2
1715 715 2
1715 715 3
1715 715 3
1715 715 3
2058 858 2
2058 858 3
2058 858 3
2058 858 3
2401 1001 2
2401 1001 2
2401 1001 2
2401 1001 3
2401 1001 3
2678 2278 2
2678 2278 3
2678 2278 3
2678 2278 3
2744 1144 2
2744 1144 2
2744 1144 2
2744 1144 3
2744 1144 3
2744 1144 3
2744 1144 3
2744 1144 3
3087 1287 2
3087 1287 2
3087 1287 2
3087 1287 3
3087 1287 3
3087 1287 3
3087 1287 3
3087 1287 3
3430 1430 2
3430 1430 3
3430 1430 3
3430 1430 3
3430 1430 3
4017 3417 2
4017 3417 2
4017 3417 3
4017 3417 3
4017 3417 3
5356 4556 2
5356 4556 2
5356 4556 3
5356 4556 3
5356 4556 3
5356 4556 3
5356 4556 3
6695 5695 2
8034 6834 3
8034 6834 3
8034 6834 3
8034 6834 3
9373 7973 2
9373 7973 2
9373 7973 2
10712 9112 2
10712 9112 2
10712 9112 2
10712 9112 3
10712 9112 3
10712 9112 3
10712 9112 3
10712 9112 3
12051 10251 2
12051 10251 2
12051 10251 2
12051 10251 3
12051 10251 3
13390 11390 3
13390 11390 3
13390 11390 3
13390 11390 3
343 143 2
343 143 2
343 143 3
343 143 3
686 286 2
686 286 3
686 286 3
686 286 3
686 286 3
1029 429 2
1029 429 2
1029 429 2
1029 429 2
1029 429 2
1029 429 2
1029 429 2
1029 429 3
1029 429 3
1339 1139 2
1339 1139 2
1339 1139 3
1339 1139 3
1339 1139 3
1372 572 3
1372 572 3
1715 715 2
1715 715 2
1715 715 2
1715 715 3
1715 715 3
1715 715 3
1715 715 3
1715 715 3
2058 858 2
2058 858 2
2058 858 2
2058 858 3
2401 1001 2
2401 1001 3
2678 2278 2
2678 2278 2
2678 2278 3
2678 2278 3
2744 1144 2
2744 1144 2
2744 1144 2
2744 1144 3
2744 1144 3
2744 1144 3
2744 1144 3
3087 1287 2
3087 1287 3
3087 1287 3
3087 1287 3
3430 1430 2
3430 1430 3
3430 1430 3
3430 1430 3
4017 3417 3
4017 3417 3
4017 3417 3
4017 3417 3
5356 4556 2
5356 4556 3
5356 4556 3
5356 4556 3
5356 4556 3
5356 4556 3
5356 4556 3
6695 5695 3
6695 5695 3
8034 6834 2
8034 6834 2
8034 6834 2
8034 6834 3
8034 6834 3
8034 6834 3
8034 6834 3
9373 7973 3
9373 7973 3
9373 7973 3
9373 7973 3
9373 7973 3
10712 9112 2
10712 9112 2
10712 9112 3
10712 9112 3
12051 10251 2
12051 10251 2
12051 10251 3
12051 10251 3
12051 10251 3
13390 11390 2
13390 11390 2
13390 11390 2
13390 11390 3
13390 11390 3
13390 11390 3
13390 11390 3
13390 11390 3
343 143 2
343 143 2
343 143 2
343 143 3
686 286 2
686 286 2
686 286 3
686 286 3
686 286 3
686 286 3
686 286 3
1029 429 2
1029 429 2
1029 429 3
1029 429 3
1339 1139 2
1339 1139 2
1339 1139 2
1339 1139 3
1339 1139 3
1339 1139 3
1339 1139 3
1372 572 2
1372 572 2
1372 572 2
1372 572 2
1372 572 2
1372 572 2
1372 572 3
1715 715 2
1715 715 2
1715 715 2
1715 715 2
1715 715 2
1715 715 2
1715 715 2
1715 715 3
1715 715 3
1715 715 3
2058 858 2
2058 858 2
2058 858 3
2058 858 3
2401 1001 2
2401 1001 2
2401 1001 3
2401 1001 3
2401 1001 3
2401 1001 3
2401 1001 3
2401 1001 3
2678 2278 2
2678 2278 2
2678 2278 2
2678 2278 3
2678 2278 3
2678 2278 3
2678 2278 3
2744 1144 2
2744 1144 2
2744 1144 3
2744 1144 3
2744 1144 3
2744 1144 3
2744 1144 3
3087 1287 2
3087 1287 3
3430 1430 3
4017 3417 2
4017 3417 2
4017 3417 3
4017 3417 3
5356 4556 2
5356 4556 2
5356 4556 3
5356 4556 3
5356 4556 3
6695 5695 2
6695 5695 3
6695 5695 3
6695 5695 3
8034 6834 2
8034 6834 2
8034 6834 2
8034 6834 3
9373 7973 2
9373 7973 2
9373 7973 2
9373 7973 3
10712 9112 2
10712 9112 2
10712 9112 3
12051 10251 2
12051 10251 3
13390 11390 2
13390 11390 2
13390 11390 2
13390 11390 2
13390 11390 2
13390 11390 3
343 143 2
343 143 2
343 143 2
343 143 3
343 143 3
686 286 2
686 286 2
686 286 3
686 286 3
686 286 3
686 286 3
1029 429 2
1029 429 3
1029 429 3
1339 1139 2
1339 1139 2
1339 1139 3
1339 1139 3
1339 1139 3
1339 1139 3
1372 572 2
1372 572 3
1715 715 2
1715 715 2
1715 715 2
1715 715 3
1715 715 3
1715 715 3
2058 858 2
2058 858 2
2058 858 3
2058 858 3
2058 858 3
2058 858 3
2058 858 3
2401 1001 3
2401 1001 3
2401 1001 3
2401 1001 3
2401 1001 3
2401 1001 3
2401 1001 3
2678 2278 2
2678 2278 3
2678 2278 3
2744 1144 2
2744 1144 2
2744 1144 3
3087 1287 2
3087 1287 2
3087 1287 2
3087 1287 2
3087 1287 3
3087 1287 3
3430 1430 2
3430 1430 2
3430 1430 3
3430 1430 3
3430 1430 3
4017 3417 2
4017 3417 2
4017 3417 3
4017 3417 3
4017 3417 3
5356 4556 2
5356 4556 2
5356 4556 2
5356 4556 3
5356 4556 3
5356 4556 3
5356 4556 3
6695 5695 2
6695 5695 2
6695 5695 3
6695 5695 3
6695 5695 3
8034 6834 2
8034 6834 2
8034 6834 3
8034 6834 3
8034 6834 3
8034 6834 3
8034 6834 3
9373 7973 2
9373 7973 2
9373 7973 2
9373 7973 3
9373 7973 3
10712 9112 2
10712 9112 3
12051 10251 2
12051 10251 2
12051 10251 3
12051 10251 3
12051 10251 3
12051 10251 3
13390 11390 3
13390 11390 3
13390 11390 3
13390 11390 3
