1000 20 3258572
50 92 186
50 53 194
50 128 214
50 89 228
50 116 183
50 117 200
50 131 227
50 89 247
50 91 172
50 52 189
50 61 238
50 53 170
50 53 203
50 135 235
50 129 215
50 142 165
50 117 152
50 90 160
50 114 242
50 110 249
111 1564 5
111 1564 5
111 1564 6
111 1564 6
111 1564 6
222 3128 5
222 3128 5
222 3128 6
222 3128 6
444 6256 5
444 6256 6
444 6256 6
555 7820 6
666 9384 6
666 9384 6
666 9384 6
666 9384 6
777 10948 5
777 10948 6
888 12512 5
888 12512 5
888 12512 7
999 14076 5
999 14076 6
1110 15640 5
1110 15640 7
1397 867 6
2794 1734 6
2794 1734 6
4191 2601 5
4191 2601 5
4191 2601 5
5588 3468 6
5588 3468 6
6985 4335 5
6985 4335 5
6985 4335 6
8382 5202 5
8382 5202 5
8382 5202 5
8382 5202 7
9779 6069 6
9779 6069 6
11176 6936 6
11176 6936 7
11176 6936 7
12573 7803 5
12573 7803 6
13970 8670 5
13970 8670 6
111 1564 6
111 1564 6
222 3128 5
222 3128 5
222 3128 6
222 3128 6
222 3128 6
333 4692 5
333 4692 6
444 6256 5
444 6256 5
555 7820 6
555 7820 6
666 9384 5
666 9384 5
666 9384 6
666 9384 6
777 10948 5
777 10948 5
777 10948 6
777 10948 6
888 12512 5
888 12512 7
999 14076 6
1110 15640 5
1110 15640 5
1110 15640 5
1110 15640 6
1110 15640 6
1397 867 5
1397 867 6
1397 867 6
4191 2601 6
5588 3468 7
5588 3468 7
6985 4335 5
6985 4335 6
6985 4335 6
8382 5202 5
8382 5202 6
8382 5202 7
9779 6069 6
9779 6069 6
9779 6069 7
11176 6936 6
11176 6936 6
12573 7803 5
12573 7803 6
13970 8670 5
13970 8670 5
222 3128 5
222 3128 5
222 3128 6
333 4692 6
333 4692 6
333 4692 6
333 4692 7
444 6256 5
444 6256 5
555 7820 5
555 7820 5
555 7820 5
555 7820 6
555 7820 6
666 9384 5
777 10948 6
777 10948 6
777 10948 6
888 12512 6
888 12512 7
999 14076 5
999 14076 6
999 14076 6
1110 15640 6
1110 15640 6
1397 867 6
4191 2601 5
4191 2601 6
5588 3468 6
5588 3468 7
6985 4335 5
6985 4335 6
8382 5202 5
8382 5202 5
9779 6069 5
9779 6069 5
9779 6069 7
11176 6936 5
11176 6936 5
11176 6936 6
11176 6936 6
11176 6936 6
12573 7803 5
12573 7803 6
12573 7803 6
12573 7803 6
12573 7803 6
12573 7803 7
13970 8670 6
13970 8670 7
111 1564 5
111 1564 5
111 1564 6
111 1564 7
111 1564 7
222 3128 6
222 3128 7
333 4692 5
333 4692 5
444 6256 5
555 7820 5
555 7820 5
666 9384 5
666 9384 5
666 9384 5
666 9384 5
777 10948 7
888 12512 6
888 12512 6
888 12512 6
888 12512 6
888 12512 6
999 14076 5
1110 15640 5
1110 15640 5
1110 15640 7
1397 867 6
1397 867 7
2794 1734 5
2794 1734 5
2794 1734 7
4191 2601 5
5588 3468 5
5588 3468 5
5588 3468 6
5588 3468 6
6985 4335 6
8382 5202 5
8382 5202 5
9779 6069 6
9779 6069 6
9779 6069 6
11176 6936 6
11176 6936 6
11176 6936 6
11176 6936 7
11176 6936 7
11176 6936 7
12573 7803 5
12573 7803 6
111 1564 7
222 3128 7
333 4692 7
333 4692 7
444 6256 5
444 6256 5
555 7820 6
555 7820 6
555 7820 7
555 7820 7
666 9384 5
666 9384 6
777 10948 5
777 10948 6
777 10948 6
888 12512 6
888 12512 6
999 14076 5
999 14076 6
1110 15640 5
1110 15640 6
1110 15640 7
1110 15640 7
1397 867 6
1397 867 6
1397 867 6
2794 1734 5
2794 1734 7
4191 2601 6
4191 2601 6
4191 2601 7
4191 2601 7
5588 3468 5
5588 3468 5
6985 4335 5
6985 4335 5
6985 4335 5
8382 5202 5
8382 5202 7
9779 6069 5
9779 6069 7
11176 6936 5
11176 6936 6
11176 6936 7
12573 7803 5
12573 7803 5
12573 7803 5
12573 7803 6
13970 8670 5
13970 8670 6
111 1564 5
111 1564 6
111 1564 7
222 3128 5
222 3128 6
222 3128 7
333 4692 5
444 6256 5
444 6256 6
555 7820 5
555 7820 5
555 7820 6
555 7820 7
666 9384 6
666 9384 7
777 10948 5
777 10948 6
777 10948 6
888 12512 6
888 12512 6
888 12512 6
888 12512 6
999 14076 5
999 14076 6
1397 867 6
2794 1734 5
2794 1734 6
4191 2601 6
4191 2601 6
4191 2601 6
4191 2601 6
4191 2601 7
5588 3468 7
6985 4335 6
8382 5202 5
8382 5202 5
8382 5202 6
8382 5202 6
8382 5202 7
9779 6069 5
9779 6069 5
9779 6069 6
9779 6069 6
11176 6936 5
12573 7803 7
13970 8670 5
13970 8670 5
13970 8670 6
13970 8670 6
13970 8670 7
111 1564 5
222 3128 5
222 3128 6
333 4692 5
333 4692 6
444 6256 5
444 6256 6
555 7820 6
555 7820 6
666 9384 5
666 9384 5
666 9384 6
666 9384 6
777 10948 5
777 10948 5
777 10948 5
777 10948 5
777 10948 5
777 10948 6
888 12512 5
888 12512 6
888 12512 6
999 14076 6
1110 15640 6
1110 15640 6
2794 1734 6
4191 2601 5
4191 2601 7
5588 3468 6
5588 3468 7
6985 4335 6
6985 4335 7
8382 5202 6
8382 5202 6
8382 5202 7
9779 6069 5
9779 6069 5
9779 6069 5
9779 6069 5
9779 6069 6
9779 6069 7
11176 6936 5
11176 6936 6
11176 6936 6
11176 6936 6
11176 6936 6
12573 7803 5
12573 7803 6
13970 8670 5
13970 8670 7
222 3128 5
222 3128 6
222 3128 6
333 4692 5
333 4692 7
444 6256 5
444 6256 6
444 6256 6
555 7820 5
555 7820 5
555 7820 5
555 7820 6
555 7820 6
666 9384 5
666 9384 6
666 9384 6
777 10948 5
777 10948 6
888 12512 5
888 12512 5
888 12512 7
1110 15640 6
1110 15640 6
1397 867 5
1397 867 5
2794 1734 5
2794 1734 5
2794 1734 6
2794 1734 6
2794 1734 6
2794 1734 6
4191 2601 5
4191 2601 6
5588 3468 6
6985 4335 5
6985 4335 6
8382 5202 5
8382 5202 5
8382 5202 6
9779 6069 5
9779 6069 5
9779 6069 7
11176 6936 5
11176 6936 5
11176 6936 6
12573 7803 6
12573 7803 6
12573 7803 6
13970 8670 5
13970 8670 5
111 1564 5
111 1564 5
111 1564 6
111 1564 6
111 1564 6
111 1564 7
222 3128 5
333 4692 5
333 4692 6
444 6256 5
444 6256 6
444 6256 6
444 6256 7
555 7820 5
555 7820 5
555 7820 6
555 7820 6
666 9384 5
777 10948 5
888 12512 5
888 12512 6
999 14076 5
999 14076 6
999 14076 7
1110 15640 5
1110 15640 6
1397 867 5
1397 867 6
2794 1734 6
2794 1734 6
4191 2601 6
4191 2601 6
4191 2601 6
5588 3468 6
6985 4335 5
6985 4335 5
6985 4335 5
6985 4335 6
6985 4335 6
6985 4335 6
8382 5202 5
8382 5202 5
8382 5202 6
9779 6069 6
9779 6069 7
12573 7803 5
12573 7803 5
12573 7803 7
13970 8670 7
13970 8670 7
111 1564 5
111 1564 5
111 1564 5
222 3128 5
222 3128 5
222 3128 6
222 3128 6
222 3128 7
333 4692 5
333 4692 5
333 4692 5
333 4692 6
555 7820 6
666 9384 5
666 9384 5
666 9384 5
777 10948 5
777 10948 6
777 10948 6
777 10948 6
777 10948 6
888 12512 6
999 14076 5
999 14076 5
1110 15640 6
1110 15640 7
1397 867 5
1397 867 5
1397 867 6
1397 867 6
2794 1734 5
2794 1734 5
2794 1734 6
2794 1734 6
4191 2601 5
4191 2601 5
5588 3468 6
6985 4335 5
6985 4335 5
6985 4335 6
8382 5202 7
9779 6069 5
9779 6069 5
9779 6069 5
9779 6069 6
11176 6936 6
11176 6936 6
12573 7803 5
13970 8670 5
13970 8670 6
111 1564 5
111 1564 6
111 1564 6
222 3128 5
222 3128 6
222 3128 7
222 3128 7
333 4692 5
333 4692 6
444 6256 5
444 6256 5
444 6256 6
444 6256 6
444 6256 7
555 7820 5
555 7820 5
555 7820 6
666 9384 6
777 10948 5
777 10948 6
777 10948 6
888 12512 6
888 12512 6
888 12512 6
888 12512 6
999 14076 5
999 14076 6
1110 15640 6
1397 867 5
1397 867 6
2794 1734 6
2794 1734 6
4191 2601 7
5588 3468 5
5588 3468 6
6985 4335 5
6985 4335 5
6985 4335 6
8382 5202 5
8382 5202 6
9779 6069 5
9779 6069 5
11176 6936 5
11176 6936 6
12573 7803 6
13970 8670 5
13970 8670 5
13970 8670 5
13970 8670 5
13970 8670 6
111 1564 5
111 1564 6
111 1564 7
222 3128 5
222 3128 5
222 3128 6
222 3128 6
333 4692 6
333 4692 6
444 6256 5
444 6256 6
555 7820 5
555 7820 5
555 7820 7
666 9384 5
666 9384 5
777 10948 6
888 12512 6
888 12512 6
999 14076 5
1110 15640 5
1110 15640 5
1110 15640 5
1110 15640 6
1110 15640 7
1397 867 7
2794 1734 6
2794 1734 6
4191 2601 6
5588 3468 5
5588 3468 5
6985 4335 5
6985 4335 5
6985 4335 5
6985 4335 5
6985 4335 6
8382 5202 5
8382 5202 5
8382 5202 5
8382 5202 5
8382 5202 6
9779 6069 5
9779 6069 5
11176 6936 5
11176 6936 5
11176 6936 5
11176 6936 5
11176 6936 6
12573 7803 5
12573 7803 5
111 1564 5
222 3128 6
333 4692 5
333 4692 5
333 4692 6
333 4692 6
444 6256 5
444 6256 5
444 6256 6
555 7820 5
555 7820 6
555 7820 7
666 9384 5
666 9384 6
666 9384 6
777 10948 5
777 10948 6
777 10948 6
888 12512 6
888 12512 6
999 14076 5
999 14076 5
999 14076 5
999 14076 6
1110 15640 5
1110 15640 5
1110 15640 6
1110 15640 6
1397 867 6
1397 867 6
1397 867 6
2794 1734 5
2794 1734 5
2794 1734 5
2794 1734 6
2794 1734 6
4191 2601 5
4191 2601 5
4191 2601 6
5588 3468 5
5588 3468 6
5588 3468 6
6985 4335 6
8382 5202 5
8382 5202 6
9779 6069 6
11176 6936 5
11176 6936 6
11176 6936 7
12573 7803 6
111 1564 5
111 1564 6
222 3128 5
222 3128 5
222 3128 5
222 3128 5
222 3128 7
222 3128 7
333 4692 5
444 6256 6
444 6256 7
555 7820 6
666 9384 6
666 9384 6
777 10948 5
777 10948 6
777 10948 6
777 10948 7
888 12512 5
888 12512 6
999 14076 5
999 14076 7
1110 15640 6
1110 15640 6
1397 867 6
1397 867 6
1397 867 7
2794 1734 5
2794 1734 5
2794 1734 6
4191 2601 5
4191 2601 5
4191 2601 6
4191 2601 6
5588 3468 5
5588 3468 6
5588 3468 6
5588 3468 6
6985 4335 5
6985 4335 6
6985 4335 7
8382 5202 6
8382 5202 7
8382 5202 7
9779 6069 6
9779 6069 6
9779 6069 7
11176 6936 5
11176 6936 6
11176 6936 6
111 1564 5
111 1564 5
111 1564 6
111 1564 6
222 3128 5
222 3128 6
333 4692 5
333 4692 6
333 4692 6
333 4692 6
444 6256 5
444 6256 7
666 9384 6
777 10948 5
777 10948 6
777 10948 6
888 12512 6
888 12512 6
999 14076 5
999 14076 6
1110 15640 5
1110 15640 5
1110 15640 6
1110 15640 6
1110 15640 7
1397 867 5
2794 1734 5
2794 1734 6
4191 2601 5
4191 2601 5
4191 2601 6
5588 3468 6
5588 3468 6
6985 4335 5
6985 4335 5
6985 4335 6
6985 4335 6
6985 4335 7
9779 6069 5
9779 6069 5
9779 6069 6
11176 6936 5
11176 6936 6
11176 6936 6
11176 6936 6
12573 7803 5
12573 7803 6
12573 7803 6
13970 8670 5
13970 8670 5
111 1564 5
111 1564 6
222 3128 5
222 3128 6
333 4692 5
333 4692 6
444 6256 5
444 6256 6
555 7820 5
555 7820 6
666 9384 5
666 9384 5
666 9384 6
666 9384 6
666 9384 7
777 10948 6
777 10948 7
888 12512 5
888 12512 5
888 12512 6
888 12512 6
888 12512 6
999 14076 6
999 14076 7
999 14076 7
1110 15640 5
1110 15640 6
1110 15640 6
1397 867 5
1397 867 5
1397 867 6
2794 1734 5
2794 1734 6
2794 1734 7
5588 3468 5
6985 4335 5
6985 4335 5
6985 4335 5
8382 5202 6
9779 6069 6
9779 6069 7
11176 6936 5
11176 6936 6
12573 7803 5
12573 7803 5
12573 7803 6
13970 8670 6
13970 8670 6
13970 8670 6
13970 8670 6
111 1564 5
222 3128 5
222 3128 6
222 3128 6
222 3128 6
222 3128 6
333 4692 6
333 4692 6
444 6256 5
444 6256 5
444 6256 6
555 7820 5
555 7820 6
555 7820 7
666 9384 5
666 9384 6
666 9384 7
777 10948 5
777 10948 7
888 12512 5
888 12512 5
999 14076 5
999 14076 5
999 14076 6
1397 867 5
1397 867 6
1397 867 6
1397 867 6
4191 2601 6
4191 2601 6
5588 3468 5
5588 3468 7
6985 4335 5
6985 4335 5
6985 4335 6
6985 4335 6
8382 5202 7
9779 6069 5
9779 6069 5
9779 6069 6
9779 6069 6
11176 6936 6
12573 7803 7
12573 7803 7
13970 8670 5
13970 8670 5
13970 8670 6
13970 8670 6
13970 8670 6
13970 8670 6
111 1564 5
111 1564 5
111 1564 6
222 3128 6
222 3128 6
222 3128 6
222 3128 6
222 3128 6
222 3128 6
222 3128 7
333 4692 5
333 4692 7
444 6256 5
555 7820 6
666 9384 6
666 9384 7
666 9384 7
777 10948 5
777 10948 6
777 10948 6
888 12512 5
888 12512 5
888 12512 6
888 12512 6
888 12512 6
888 12512 7
1110 15640 6
1110 15640 6
1397 867 6
1397 867 6
2794 1734 5
2794 1734 7
4191 2601 6
4191 2601 6
5588 3468 5
5588 3468 5
5588 3468 6
6985 4335 6
8382 5202 5
8382 5202 6
9779 6069 5
9779 6069 5
9779 6069 5
9779 6069 6
11176 6936 5
11176 6936 6
12573 7803 5
12573 7803 5
12573 7803 6
13970 8670 6
111 1564 5
111 1564 5
111 1564 6
111 1564 6
222 3128 5
222 3128 5
222 3128 5
222 3128 6
222 3128 6
222 3128 6
333 4692 5
444 6256 6
444 6256 6
444 6256 6
444 6256 7
555 7820 5
555 7820 5
555 7820 5
555 7820 6
555 7820 6
666 9384 6
666 9384 6
666 9384 7
666 9384 7
888 12512 6
888 12512 6
888 12512 6
888 12512 7
999 14076 6
999 14076 6
999 14076 6
999 14076 6
1110 15640 5
1110 15640 6
1397 867 5
1397 867 6
1397 867 6
2794 1734 7
4191 2601 6
5588 3468 5
5588 3468 6
8382 5202 6
8382 5202 6
9779 6069 6
11176 6936 5
12573 7803 5
12573 7803 6
12573 7803 6
13970 8670 5
13970 8670 6
222 3128 6
222 3128 6
222 3128 6
222 3128 6
333 4692 5
333 4692 6
333 4692 7
444 6256 5
444 6256 6
444 6256 6
555 7820 5
555 7820 5
555 7820 6
666 9384 5
666 9384 6
777 10948 5
777 10948 6
777 10948 6
777 10948 6
777 10948 6
888 12512 5
999 14076 6
999 14076 6
1110 15640 6
2794 1734 6
2794 1734 6
2794 1734 6
2794 1734 6
2794 1734 6
2794 1734 6
4191 2601 5
4191 2601 6
5588 3468 5
5588 3468 6
5588 3468 6
6985 4335 5
6985 4335 5
6985 4335 6
6985 4335 6
8382 5202 6
9779 6069 6
9779 6069 6
9779 6069 7
11176 6936 6
11176 6936 7
12573 7803 5
12573 7803 6
13970 8670 5
13970 8670 5
13970 8670 6
