2000 100 249830
20 89 205
20 100 236
20 72 152
20 90 213
20 128 183
20 146 236
20 86 190
20 69 249
20 141 212
20 134 236
20 67 185
20 122 201
20 107 173
20 142 244
20 53 170
20 105 177
20 95 224
20 136 186
20 77 215
20 87 227
20 141 209
20 96 191
20 81 250
20 53 161
20 79 159
20 84 155
20 100 163
20 110 249
20 56 171
20 83 169
20 94 238
20 53 161
20 148 182
20 146 217
20 86 217
20 94 168
20 109 160
20 65 180
20 148 213
20 91 211
20 54 247
20 126 209
20 51 198
20 147 158
20 146 247
20 62 231
20 90 174
20 74 207
20 143 186
20 81 194
20 73 182
20 98 250
20 111 150
20 108 213
20 125 239
20 77 184
20 74 226
20 66 239
20 112 153
20 82 174
20 66 214
20 143 165
20 136 234
20 100 175
20 67 226
20 136 157
20 150 230
20 97 218
20 53 247
20 65 160
20 127 222
20 64 229
20 65 176
20 130 240
20 84 187
20 132 240
20 101 161
20 109 181
20 96 213
20 133 230
20 150 217
20 81 248
20 115 215
20 142 174
20 83 201
20 105 214
20 91 171
20 62 154
20 91 208
20 131 156
20 107 246
20 139 209
20 122 165
20 103 198
20 141 225
20 115 228
20 135 237
20 84 220
20 58 154
20 113 194
11 20 16
11 20 16
33 60 13
33 60 15
44 80 17
44 80 18
55 100 17
55 100 17
62 80 16
62 80 18
66 120 16
110 200 17
124 160 15
124 160 15
186 240 17
248 320 16
248 320 16
248 320 16
372 480 13
434 560 16
11 20 18
22 40 15
33 60 16
33 60 17
44 80 17
44 80 18
62 80 16
62 80 19
66 120 16
66 120 17
110 200 15
124 160 15
124 160 15
372 480 14
372 480 14
372 480 15
434 560 14
558 720 15
558 720 17
620 800 19
11 20 17
22 40 17
33 60 13
33 60 17
44 80 17
55 100 16
62 80 14
99 180 17
110 200 16
124 160 15
124 160 16
186 240 15
186 240 16
248 320 18
310 400 13
310 400 17
372 480 17
434 560 18
496 640 18
558 720 18
11 20 13
11 20 16
11 20 18
11 20 18
11 20 18
11 20 18
22 40 16
33 60 18
77 140 13
110 200 14
110 200 15
110 200 15
186 240 13
186 240 15
372 480 14
372 480 15
372 480 16
496 640 16
558 720 15
558 720 16
11 20 13
33 60 16
55 100 15
55 100 18
62 80 16
62 80 17
66 120 16
88 160 14
99 180 14
99 180 18
110 200 16
110 200 16
124 160 18
186 240 18
310 400 15
310 400 19
372 480 16
434 560 16
434 560 18
434 560 18
11 20 14
11 20 15
11 20 16
22 40 13
22 40 14
33 60 15
33 60 15
33 60 17
44 80 16
62 80 16
66 120 18
77 140 16
77 140 18
88 160 13
88 160 13
88 160 14
88 160 14
99 180 14
110 200 17
310 400 19
11 20 15
11 20 17
11 20 18
22 40 15
33 60 17
44 80 16
55 100 15
55 100 16
55 100 17
77 140 15
77 140 16
99 180 17
99 180 17
110 200 14
124 160 14
248 320 14
310 400 18
372 480 17
496 640 14
496 640 18
11 20 15
11 20 17
55 100 14
55 100 17
62 80 17
66 120 15
77 140 14
77 140 15
77 140 16
124 160 17
186 240 15
186 240 16
310 400 16
310 400 18
372 480 13
372 480 14
372 480 16
372 480 17
620 800 16
620 800 18
11 20 15
22 40 16
33 60 15
44 80 16
55 100 17
62 80 17
66 120 17
66 120 17
66 120 18
77 140 14
77 140 17
88 160 14
110 200 17
186 240 17
310 400 14
310 400 15
372 480 16
372 480 17
434 560 18
558 720 19
11 20 17
11 20 18
33 60 14
33 60 16
33 60 18
44 80 18
77 140 18
88 160 18
110 200 15
110 200 18
124 160 18
186 240 18
248 320 15
248 320 15
310 400 14
372 480 17
434 560 17
434 560 18
496 640 18
620 800 16
11 20 15
22 40 16
44 80 15
44 80 18
62 80 16
62 80 18
66 120 17
99 180 15
124 160 15
186 240 17
310 400 14
310 400 15
372 480 14
434 560 13
434 560 16
434 560 17
496 640 14
620 800 14
620 800 16
620 800 16
11 20 16
22 40 16
22 40 17
22 40 18
44 80 16
55 100 14
55 100 14
55 100 17
62 80 16
88 160 16
186 240 15
186 240 15
248 320 15
372 480 17
372 480 18
434 560 17
496 640 17
496 640 19
620 800 18
620 800 18
22 40 14
33 60 17
44 80 18
77 140 15
88 160 14
88 160 17
99 180 16
110 200 14
110 200 14
110 200 17
124 160 18
248 320 17
372 480 13
372 480 16
372 480 18
434 560 17
558 720 19
620 800 14
620 800 15
620 800 17
11 20 15
11 20 16
11 20 19
22 40 13
55 100 13
62 80 18
62 80 18
66 120 19
77 140 16
88 160 16
88 160 18
99 180 17
110 200 14
186 240 16
248 320 15
496 640 14
558 720 16
558 720 18
620 800 13
620 800 18
22 40 14
33 60 15
33 60 15
33 60 18
55 100 17
77 140 14
77 140 15
77 140 18
88 160 16
110 200 14
110 200 14
124 160 14
186 240 14
310 400 18
372 480 15
372 480 17
496 640 14
496 640 16
558 720 14
620 800 15
11 20 13
11 20 14
33 60 14
33 60 18
44 80 18
55 100 17
66 120 17
110 200 16
124 160 16
248 320 13
248 320 18
310 400 14
310 400 17
372 480 18
372 480 19
434 560 17
434 560 19
496 640 18
496 640 19
558 720 16
44 80 18
44 80 18
44 80 18
44 80 18
55 100 13
77 140 16
77 140 17
77 140 19
88 160 18
99 180 19
186 240 14
186 240 14
248 320 14
248 320 18
310 400 14
372 480 18
434 560 17
496 640 15
558 720 18
620 800 14
11 20 17
11 20 18
22 40 15
22 40 16
33 60 15
33 60 17
62 80 13
62 80 16
62 80 18
110 200 14
124 160 17
186 240 14
186 240 19
248 320 14
248 320 17
310 400 17
310 400 18
372 480 17
434 560 19
496 640 15
11 20 14
22 40 15
22 40 17
44 80 17
55 100 18
88 160 18
99 180 14
99 180 16
110 200 15
110 200 15
186 240 14
186 240 17
310 400 13
310 400 16
372 480 14
434 560 14
434 560 17
434 560 17
434 560 18
496 640 17
44 80 14
55 100 15
55 100 15
55 100 16
62 80 16
66 120 17
88 160 15
99 180 19
110 200 16
110 200 16
186 240 16
248 320 17
248 320 18
310 400 13
310 400 14
434 560 17
434 560 19
558 720 18
620 800 16
620 800 18
11 20 14
11 20 15
11 20 18
22 40 18
33 60 15
44 80 14
44 80 15
62 80 17
66 120 16
66 120 17
66 120 17
99 180 16
124 160 14
124 160 15
186 240 18
248 320 18
310 400 18
434 560 14
558 720 15
620 800 13
11 20 14
11 20 16
22 40 17
22 40 18
33 60 13
44 80 15
62 80 15
62 80 15
77 140 17
77 140 18
110 200 14
110 200 16
310 400 14
372 480 16
434 560 14
434 560 18
496 640 15
558 720 15
558 720 16
620 800 16
11 20 15
11 20 18
22 40 16
33 60 16
44 80 19
62 80 15
62 80 18
88 160 14
88 160 15
99 180 14
110 200 14
110 200 18
186 240 15
186 240 17
310 400 16
372 480 17
434 560 14
558 720 15
620 800 13
620 800 16
11 20 16
22 40 15
22 40 18
22 40 19
33 60 16
33 60 17
55 100 14
62 80 14
77 140 14
99 180 15
99 180 16
110 200 17
124 160 18
124 160 18
310 400 14
310 400 14
310 400 17
310 400 18
496 640 17
558 720 14
11 20 15
22 40 15
22 40 18
33 60 16
33 60 16
44 80 18
55 100 16
62 80 16
66 120 16
66 120 17
88 160 15
88 160 16
88 160 17
110 200 14
110 200 15
310 400 17
372 480 17
558 720 14
558 720 19
620 800 18
22 40 14
22 40 18
44 80 15
55 100 14
62 80 14
88 160 18
124 160 13
124 160 17
124 160 18
186 240 17
186 240 17
248 320 15
248 320 15
248 320 16
248 320 17
310 400 16
372 480 16
496 640 15
496 640 17
496 640 18
11 20 13
33 60 14
55 100 14
77 140 16
88 160 13
99 180 15
99 180 18
110 200 17
124 160 17
248 320 14
248 320 17
310 400 18
372 480 15
372 480 15
372 480 15
372 480 16
434 560 17
558 720 18
558 720 18
620 800 13
11 20 13
11 20 13
11 20 17
11 20 18
22 40 18
44 80 17
55 100 15
77 140 14
77 140 17
77 140 18
99 180 14
124 160 14
186 240 16
248 320 18
248 320 19
310 400 14
310 400 17
372 480 18
558 720 17
620 800 13
22 40 13
22 40 15
33 60 14
33 60 18
55 100 14
55 100 19
62 80 16
77 140 17
88 160 13
99 180 16
110 200 16
124 160 13
124 160 15
372 480 14
372 480 18
434 560 15
434 560 19
496 640 14
496 640 17
558 720 14
33 60 14
33 60 16
44 80 14
66 120 15
66 120 16
77 140 17
110 200 14
110 200 15
124 160 17
124 160 18
248 320 14
310 400 16
310 400 16
310 400 18
372 480 13
372 480 15
372 480 15
496 640 14
496 640 16
620 800 18
22 40 18
44 80 15
44 80 16
44 80 18
62 80 15
62 80 17
66 120 19
77 140 18
124 160 18
186 240 17
248 320 15
310 400 16
372 480 15
372 480 18
372 480 18
434 560 13
496 640 13
558 720 16
558 720 17
558 720 17
11 20 18
22 40 16
22 40 19
33 60 14
44 80 14
55 100 14
66 120 14
99 180 13
99 180 17
124 160 14
310 400 19
372 480 16
434 560 15
434 560 15
434 560 16
434 560 16
496 640 16
496 640 17
558 720 14
558 720 17
11 20 14
33 60 15
33 60 16
55 100 14
62 80 17
62 80 18
66 120 18
77 140 17
77 140 17
124 160 13
248 320 13
248 320 16
310 400 14
434 560 17
496 640 14
496 640 16
496 640 17
620 800 15
620 800 18
620 800 18
22 40 14
22 40 17
62 80 15
66 120 17
66 120 17
77 140 16
77 140 17
99 180 14
110 200 15
110 200 16
124 160 14
248 320 16
248 320 18
310 400 16
310 400 18
372 480 14
372 480 16
496 640 17
496 640 17
496 640 18
11 20 15
11 20 16
22 40 16
33 60 14
33 60 14
33 60 17
62 80 17
66 120 14
66 120 18
88 160 15
88 160 17
99 180 15
99 180 16
186 240 14
310 400 15
310 400 17
496 640 15
496 640 18
496 640 18
558 720 14
11 20 17
22 40 19
55 100 15
62 80 18
62 80 19
66 120 18
77 140 14
99 180 16
110 200 14
110 200 15
186 240 14
310 400 15
372 480 15
372 480 15
434 560 14
434 560 15
558 720 15
558 720 17
558 720 18
558 720 18
11 20 14
22 40 18
22 40 19
44 80 15
55 100 15
62 80 17
62 80 18
77 140 14
88 160 15
88 160 18
99 180 16
110 200 15
124 160 16
124 160 17
186 240 16
186 240 18
248 320 14
248 320 18
310 400 14
434 560 17
11 20 17
33 60 13
55 100 15
62 80 16
66 120 15
66 120 17
66 120 17
77 140 14
77 140 14
88 160 16
88 160 18
99 180 18
110 200 18
186 240 18
310 400 14
372 480 17
434 560 17
496 640 15
620 800 18
620 800 18
11 20 17
22 40 16
22 40 18
44 80 14
44 80 15
66 120 16
66 120 16
77 140 14
88 160 13
88 160 17
110 200 14
110 200 18
186 240 15
186 240 16
186 240 16
186 240 18
248 320 16
558 720 16
558 720 16
558 720 18
11 20 17
22 40 13
22 40 16
22 40 18
44 80 15
44 80 16
62 80 16
62 80 18
66 120 14
66 120 17
88 160 17
99 180 14
99 180 16
186 240 16
248 320 15
248 320 19
372 480 15
434 560 13
434 560 18
620 800 19
11 20 15
11 20 16
33 60 18
44 80 17
62 80 14
62 80 17
62 80 17
66 120 18
77 140 18
99 180 14
186 240 15
186 240 15
248 320 14
248 320 18
248 320 19
310 400 14
310 400 18
372 480 14
372 480 18
620 800 18
22 40 14
33 60 18
33 60 19
55 100 14
62 80 17
62 80 18
66 120 13
77 140 16
77 140 17
77 140 19
110 200 17
124 160 16
248 320 15
310 400 15
434 560 15
434 560 18
496 640 15
496 640 16
558 720 14
558 720 18
11 20 16
22 40 19
44 80 14
44 80 15
44 80 18
55 100 14
62 80 17
66 120 13
66 120 14
77 140 18
77 140 18
88 160 17
110 200 14
110 200 16
310 400 18
372 480 17
434 560 14
434 560 16
496 640 16
558 720 16
22 40 17
33 60 16
44 80 16
66 120 16
66 120 17
66 120 18
77 140 13
88 160 17
110 200 13
124 160 18
186 240 16
186 240 17
186 240 17
248 320 13
248 320 13
434 560 18
496 640 13
496 640 17
496 640 19
558 720 16
11 20 17
22 40 15
22 40 16
22 40 18
55 100 16
62 80 18
66 120 17
66 120 18
77 140 17
88 160 13
88 160 15
99 180 14
110 200 16
248 320 17
310 400 16
310 400 17
310 400 17
310 400 17
558 720 17
620 800 16
22 40 15
44 80 17
62 80 17
66 120 18
77 140 14
77 140 19
88 160 17
99 180 17
110 200 17
110 200 17
124 160 15
186 240 14
310 400 15
496 640 14
496 640 16
558 720 15
558 720 15
558 720 16
620 800 16
620 800 18
11 20 14
11 20 18
22 40 15
22 40 17
22 40 18
55 100 16
66 120 17
88 160 18
99 180 13
99 180 14
110 200 19
124 160 16
124 160 18
186 240 18
248 320 15
310 400 15
434 560 15
558 720 15
620 800 15
620 800 17
33 60 16
44 80 15
55 100 19
62 80 14
62 80 14
66 120 18
77 140 14
77 140 15
77 140 17
77 140 18
99 180 13
110 200 17
110 200 17
124 160 15
186 240 18
310 400 15
372 480 17
496 640 13
558 720 17
558 720 18
11 20 14
11 20 15
11 20 19
22 40 18
33 60 16
62 80 14
62 80 15
66 120 17
66 120 18
66 120 18
110 200 14
124 160 15
124 160 18
248 320 15
248 320 15
248 320 16
310 400 15
310 400 16
434 560 14
434 560 18
11 20 18
22 40 14
22 40 14
22 40 17
44 80 15
62 80 15
66 120 16
77 140 15
77 140 15
88 160 17
310 400 14
310 400 14
372 480 13
372 480 16
434 560 14
496 640 16
558 720 15
558 720 19
620 800 15
620 800 17
11 20 17
11 20 18
22 40 14
33 60 18
44 80 17
62 80 17
66 120 14
88 160 14
99 180 16
110 200 18
186 240 15
186 240 16
186 240 17
372 480 13
372 480 18
434 560 14
434 560 16
558 720 14
558 720 15
558 720 18
11 20 18
22 40 17
22 40 18
33 60 17
62 80 17
66 120 17
88 160 17
88 160 17
99 180 13
99 180 14
99 180 17
186 240 15
186 240 16
248 320 13
248 320 15
372 480 13
372 480 17
434 560 17
496 640 19
558 720 17
11 20 17
11 20 17
33 60 15
44 80 15
55 100 14
55 100 18
55 100 18
66 120 17
77 140 13
99 180 15
99 180 16
99 180 17
124 160 17
186 240 15
248 320 18
372 480 18
434 560 15
434 560 16
496 640 15
558 720 15
11 20 15
22 40 16
33 60 14
55 100 19
77 140 14
77 140 16
88 160 19
110 200 16
110 200 17
124 160 16
124 160 16
124 160 17
124 160 18
310 400 18
372 480 16
558 720 13
558 720 15
558 720 17
620 800 17
620 800 17
33 60 17
44 80 16
44 80 16
62 80 19
66 120 18
77 140 16
77 140 18
88 160 13
99 180 14
99 180 18
110 200 19
110 200 19
124 160 15
124 160 16
124 160 18
186 240 16
496 640 17
620 800 14
620 800 16
620 800 16
44 80 15
44 80 16
44 80 17
62 80 18
66 120 16
77 140 14
77 140 15
99 180 15
99 180 17
110 200 15
110 200 16
110 200 18
124 160 13
186 240 15
186 240 16
248 320 13
248 320 15
372 480 17
372 480 18
434 560 17
22 40 16
44 80 16
55 100 19
77 140 14
88 160 15
88 160 16
110 200 15
124 160 15
124 160 19
186 240 16
248 320 14
248 320 14
248 320 15
372 480 14
434 560 13
434 560 15
558 720 14
558 720 15
558 720 16
620 800 17
22 40 18
33 60 17
33 60 18
62 80 14
62 80 14
66 120 18
88 160 13
88 160 14
88 160 17
99 180 14
99 180 15
124 160 13
248 320 14
248 320 16
310 400 13
372 480 16
434 560 18
434 560 18
496 640 14
620 800 13
44 80 15
44 80 18
66 120 15
77 140 15
77 140 18
77 140 18
99 180 17
110 200 15
124 160 13
124 160 15
248 320 14
310 400 15
310 400 16
372 480 14
372 480 15
372 480 15
372 480 18
434 560 13
434 560 13
496 640 13
22 40 14
33 60 19
44 80 14
44 80 17
62 80 13
62 80 15
77 140 16
77 140 18
77 140 18
99 180 15
99 180 17
99 180 19
110 200 16
186 240 15
248 320 15
248 320 17
372 480 17
558 720 14
558 720 18
620 800 18
11 20 13
11 20 17
11 20 17
22 40 17
62 80 14
66 120 17
77 140 15
77 140 17
77 140 17
124 160 14
124 160 18
186 240 16
248 320 16
310 400 18
372 480 16
372 480 17
434 560 17
434 560 18
496 640 18
558 720 14
11 20 17
11 20 19
44 80 14
55 100 18
55 100 19
66 120 18
77 140 14
88 160 15
186 240 14
186 240 14
186 240 18
310 400 15
310 400 18
434 560 16
434 560 18
496 640 16
558 720 15
558 720 15
558 720 17
620 800 18
11 20 17
88 160 16
88 160 17
99 180 18
110 200 15
110 200 15
124 160 17
124 160 17
124 160 18
248 320 14
248 320 15
372 480 13
372 480 16
434 560 14
496 640 14
496 640 15
558 720 14
558 720 14
558 720 14
620 800 18
11 20 16
33 60 16
33 60 16
55 100 18
62 80 17
62 80 18
88 160 17
99 180 16
110 200 16
110 200 18
110 200 18
110 200 19
124 160 15
186 240 17
248 320 18
310 400 18
434 560 15
558 720 15
558 720 16
620 800 14
11 20 13
33 60 14
33 60 16
44 80 15
55 100 15
62 80 14
62 80 15
62 80 16
66 120 16
66 120 17
88 160 16
99 180 17
110 200 14
124 160 16
186 240 15
434 560 15
620 800 15
620 800 17
620 800 17
620 800 18
11 20 14
11 20 14
11 20 15
22 40 18
33 60 16
33 60 16
55 100 15
62 80 17
66 120 19
77 140 15
77 140 16
77 140 17
99 180 16
99 180 17
124 160 15
186 240 18
372 480 18
434 560 14
558 720 16
558 720 18
55 100 14
55 100 15
66 120 15
88 160 14
88 160 14
99 180 18
99 180 18
124 160 13
124 160 14
124 160 17
186 240 16
248 320 16
310 400 18
372 480 14
434 560 18
558 720 16
558 720 18
620 800 13
620 800 16
620 800 16
11 20 17
11 20 17
33 60 15
44 80 15
55 100 17
62 80 14
66 120 17
66 120 19
88 160 18
99 180 17
99 180 17
99 180 19
124 160 17
248 320 13
248 320 14
310 400 18
310 400 18
434 560 14
496 640 17
496 640 17
11 20 18
22 40 17
33 60 17
44 80 17
55 100 18
88 160 13
99 180 13
99 180 14
99 180 15
110 200 17
110 200 18
124 160 14
186 240 15
186 240 15
248 320 15
248 320 18
372 480 15
496 640 15
496 640 17
558 720 14
22 40 17
22 40 18
44 80 19
55 100 14
62 80 16
62 80 17
66 120 13
66 120 18
99 180 17
110 200 13
110 200 14
110 200 18
124 160 17
186 240 14
434 560 14
434 560 17
496 640 16
496 640 16
558 720 16
620 800 18
22 40 16
33 60 15
33 60 16
33 60 18
44 80 16
44 80 18
55 100 15
77 140 19
99 180 17
99 180 17
99 180 18
99 180 18
186 240 17
186 240 18
186 240 18
310 400 13
372 480 14
434 560 18
620 800 14
620 800 16
44 80 17
55 100 14
55 100 19
62 80 13
62 80 17
62 80 17
62 80 18
77 140 14
77 140 17
88 160 17
88 160 17
88 160 18
110 200 17
124 160 15
124 160 16
124 160 16
248 320 14
248 320 16
496 640 18
558 720 17
11 20 15
22 40 16
22 40 16
33 60 17
44 80 18
55 100 14
62 80 13
62 80 16
66 120 18
77 140 16
99 180 13
110 200 16
124 160 14
124 160 14
124 160 17
248 320 15
310 400 14
496 640 14
558 720 16
558 720 17
33 60 17
44 80 15
55 100 14
55 100 16
66 120 14
66 120 14
66 120 16
66 120 16
77 140 15
77 140 15
88 160 14
99 180 15
110 200 14
186 240 14
186 240 18
248 320 16
310 400 19
310 400 19
496 640 14
558 720 18
11 20 18
33 60 16
44 80 15
55 100 14
66 120 13
66 120 16
77 140 15
77 140 17
110 200 18
124 160 14
186 240 13
186 240 14
186 240 18
248 320 15
310 400 13
496 640 16
558 720 14
558 720 16
620 800 14
620 800 16
22 40 15
33 60 19
44 80 15
44 80 18
55 100 14
55 100 14
55 100 15
55 100 16
55 100 17
62 80 14
77 140 16
88 160 15
110 200 18
186 240 15
248 320 18
310 400 15
310 400 17
310 400 18
434 560 15
558 720 16
22 40 14
22 40 17
44 80 17
44 80 18
55 100 13
55 100 14
62 80 17
66 120 14
77 140 15
77 140 17
77 140 19
186 240 16
186 240 17
310 400 18
310 400 18
372 480 15
496 640 14
496 640 15
558 720 16
558 720 19
11 20 14
22 40 15
22 40 17
44 80 13
44 80 15
44 80 17
66 120 18
77 140 15
77 140 16
88 160 14
88 160 18
99 180 16
99 180 17
110 200 17
186 240 14
186 240 15
186 240 16
248 320 15
248 320 16
558 720 16
11 20 14
22 40 13
22 40 17
33 60 17
55 100 14
66 120 14
77 140 18
88 160 13
88 160 17
99 180 15
110 200 15
124 160 14
124 160 16
186 240 14
248 320 17
372 480 17
372 480 17
434 560 15
620 800 15
620 800 19
22 40 15
22 40 18
62 80 16
66 120 17
77 140 15
77 140 19
99 180 15
99 180 16
110 200 18
110 200 18
310 400 14
310 400 18
372 480 15
434 560 15
434 560 17
434 560 17
496 640 15
496 640 16
496 640 18
558 720 18
11 20 16
11 20 17
44 80 17
44 80 17
55 100 14
55 100 16
55 100 16
55 100 19
62 80 18
66 120 18
77 140 18
99 180 15
110 200 18
186 240 16
186 240 17
372 480 14
372 480 14
372 480 15
434 560 15
496 640 18
11 20 18
33 60 18
44 80 17
62 80 17
77 140 14
77 140 16
88 160 15
88 160 17
99 180 16
99 180 16
99 180 17
124 160 14
124 160 17
124 160 18
248 320 16
310 400 17
496 640 15
496 640 16
620 800 13
620 800 16
22 40 15
33 60 16
33 60 18
44 80 17
62 80 14
62 80 16
62 80 18
66 120 13
66 120 16
88 160 18
99 180 17
110 200 15
110 200 18
110 200 18
186 240 18
248 320 16
310 400 15
310 400 17
496 640 18
558 720 17
22 40 13
22 40 16
33 60 19
55 100 13
55 100 18
62 80 13
66 120 15
66 120 18
88 160 14
88 160 15
99 180 15
186 240 14
186 240 18
248 320 14
248 320 15
310 400 18
372 480 14
372 480 18
558 720 18
620 800 13
11 20 13
11 20 15
11 20 18
22 40 14
22 40 14
22 40 17
44 80 18
44 80 18
55 100 18
62 80 15
77 140 15
110 200 18
110 200 18
124 160 16
124 160 16
124 160 18
186 240 15
372 480 18
434 560 18
620 800 16
11 20 15
33 60 18
44 80 17
55 100 15
62 80 18
66 120 17
77 140 15
99 180 17
110 200 16
110 200 18
124 160 18
186 240 18
248 320 18
310 400 15
434 560 16
558 720 16
620 800 13
620 800 15
620 800 15
620 800 18
11 20 15
11 20 18
33 60 16
33 60 17
44 80 14
44 80 19
55 100 16
66 120 15
88 160 18
99 180 14
110 200 14
110 200 18
124 160 16
186 240 14
186 240 16
248 320 15
372 480 18
434 560 17
620 800 18
620 800 19
22 40 13
44 80 18
66 120 16
66 120 18
88 160 15
99 180 13
99 180 17
110 200 15
110 200 18
124 160 16
186 240 18
248 320 14
434 560 18
558 720 15
558 720 15
558 720 17
620 800 15
620 800 15
620 800 16
620 800 16
11 20 15
44 80 15
44 80 16
62 80 16
77 140 14
77 140 15
77 140 15
77 140 17
99 180 18
110 200 13
110 200 15
124 160 18
310 400 15
372 480 14
372 480 16
434 560 15
496 640 18
558 720 18
620 800 14
620 800 17
11 20 18
22 40 13
33 60 13
33 60 15
55 100 16
77 140 14
99 180 16
110 200 16
124 160 16
186 240 16
248 320 18
434 560 18
496 640 15
558 720 14
558 720 16
558 720 18
558 720 19
620 800 13
620 800 13
620 800 16
11 20 13
11 20 17
33 60 15
33 60 16
33 60 18
44 80 14
62 80 17
66 120 14
77 140 15
77 140 17
110 200 14
124 160 14
186 240 15
186 240 18
310 400 15
372 480 13
372 480 17
558 720 15
558 720 18
620 800 14
11 20 14
11 20 14
11 20 15
11 20 16
22 40 18
33 60 18
66 120 17
77 140 16
77 140 16
88 160 14
99 180 15
99 180 18
110 200 16
110 200 18
248 320 14
310 400 16
310 400 17
372 480 13
496 640 16
620 800 16
11 20 17
22 40 16
22 40 19
33 60 16
44 80 14
55 100 16
66 120 14
66 120 19
77 140 19
99 180 16
99 180 17
99 180 18
124 160 13
186 240 17
186 240 17
248 320 18
434 560 14
496 640 13
558 720 14
620 800 14
44 80 14
44 80 14
44 80 15
44 80 15
44 80 18
55 100 17
66 120 17
77 140 17
88 160 18
88 160 18
99 180 16
99 180 17
110 200 17
124 160 13
310 400 14
310 400 16
434 560 14
434 560 18
558 720 14
558 720 18
33 60 18
55 100 15
55 100 15
62 80 16
62 80 18
66 120 15
66 120 16
110 200 14
124 160 16
186 240 17
186 240 18
248 320 17
372 480 14
434 560 16
434 560 17
434 560 18
434 560 18
558 720 14
620 800 15
620 800 15
11 20 15
33 60 14
33 60 16
33 60 18
44 80 18
44 80 18
44 80 18
62 80 15
66 120 18
88 160 17
88 160 18
186 240 16
248 320 15
248 320 18
248 320 19
496 640 14
496 640 17
558 720 15
558 720 17
620 800 14
11 20 13
22 40 17
33 60 17
33 60 17
55 100 14
55 100 18
62 80 18
99 180 14
99 180 16
110 200 14
186 240 15
310 400 16
372 480 14
372 480 15
372 480 15
372 480 16
372 480 18
434 560 17
496 640 15
620 800 15
11 20 15
22 40 18
44 80 16
44 80 18
55 100 14
55 100 14
55 100 15
66 120 16
77 140 15
77 140 19
88 160 16
99 180 15
110 200 16
186 240 16
248 320 15
248 320 16
248 320 16
310 400 15
558 720 15
620 800 14
22 40 17
33 60 16
33 60 17
44 80 15
55 100 14
62 80 18
77 140 13
110 200 14
110 200 15
124 160 17
186 240 18
248 320 15
248 320 18
310 400 18
310 400 18
434 560 14
434 560 14
558 720 15
620 800 14
620 800 14
22 40 18
33 60 17
33 60 17
55 100 18
66 120 18
77 140 19
88 160 16
88 160 18
99 180 18
110 200 14
110 200 15
110 200 16
186 240 17
248 320 18
310 400 16
372 480 16
434 560 13
434 560 15
620 800 14
620 800 15
