500 20 206479
25 73 159
25 150 168
25 127 166
25 58 185
25 51 191
25 57 155
25 75 168
25 145 155
25 62 204
25 84 225
25 91 201
25 55 226
25 65 155
25 124 184
25 131 220
25 100 226
25 134 218
25 107 210
25 61 159
25 80 174
149 153 11
149 153 11
298 306 10
450 405 10
450 405 11
600 540 11
745 765 11
745 765 11
750 675 11
894 918 10
900 810 9
900 810 11
900 810 12
900 810 12
900 810 13
1043 1071 12
1050 945 10
1050 945 10
1050 945 11
1192 1224 11
1192 1224 12
1192 1224 13
1200 1080 9
1350 1215 10
1500 1350 13
150 135 11
450 405 12
450 405 13
600 540 10
600 540 11
745 765 11
745 765 11
750 675 9
894 918 10
894 918 12
900 810 11
1043 1071 11
1043 1071 12
1043 1071 13
1050 945 10
1050 945 10
1200 1080 11
1200 1080 12
1341 1377 10
1341 1377 11
1341 1377 12
1341 1377 13
1490 1530 13
1490 1530 13
1500 1350 11
149 153 9
149 153 10
150 135 9
150 135 10
298 306 10
298 306 10
298 306 11
300 270 11
447 459 10
447 459 12
447 459 13
450 405 12
596 612 9
600 540 10
745 765 12
745 765 13
750 675 9
1043 1071 11
1200 1080 13
1350 1215 9
1350 1215 10
1350 1215 11
1350 1215 12
1490 1530 10
1500 1350 10
149 153 9
149 153 10
150 135 11
150 135 12
298 306 12
300 270 11
300 270 13
447 459 9
447 459 10
596 612 11
600 540 13
745 765 11
750 675 11
750 675 11
894 918 13
1043 1071 10
1050 945 10
1192 1224 10
1192 1224 10
1192 1224 11
1350 1215 9
1490 1530 10
1500 1350 10
1500 1350 11
1500 1350 11
150 135 10
298 306 9
298 306 13
300 270 9
450 405 10
450 405 11
596 612 10
596 612 10
600 540 10
600 540 11
745 765 12
745 765 12
750 675 9
750 675 12
894 918 10
1192 1224 10
1192 1224 11
1200 1080 12
1200 1080 12
1350 1215 9
1490 1530 12
1500 1350 11
1500 1350 11
1500 1350 11
1500 1350 13
150 135 10
447 459 11
447 459 13
596 612 11
600 540 9
600 540 11
600 540 12
745 765 9
745 765 10
745 765 11
745 765 12
750 675 12
750 675 13
894 918 11
894 918 11
900 810 10
900 810 12
900 810 12
1043 1071 11
1050 945 10
1050 945 11
1192 1224 9
1200 1080 11
1341 1377 12
1500 1350 13
149 153 10
149 153 10
149 153 11
300 270 11
447 459 11
450 405 9
450 405 11
600 540 12
745 765 9
745 765 10
750 675 11
894 918 12
1043 1071 9
1043 1071 12
1192 1224 9
1341 1377 11
1341 1377 12
1341 1377 12
1341 1377 13
1350 1215 9
1350 1215 9
1350 1215 11
1490 1530 11
1490 1530 12
1500 1350 13
149 153 13
150 135 11
300 270 12
447 459 9
450 405 12
450 405 13
596 612 10
600 540 11
600 540 11
745 765 13
750 675 12
894 918 10
894 918 12
894 918 13
900 810 10
1043 1071 10
1050 945 11
1192 1224 10
1192 1224 12
1200 1080 12
1341 1377 10
1341 1377 13
1350 1215 12
1490 1530 11
1500 1350 10
149 153 10
149 153 12
150 135 9
150 135 10
300 270 10
447 459 10
447 459 12
447 459 13
450 405 13
596 612 10
600 540 11
600 540 12
745 765 11
745 765 13
750 675 12
894 918 10
894 918 12
900 810 11
900 810 11
1043 1071 10
1043 1071 11
1043 1071 11
1050 945 13
1350 1215 9
1490 1530 9
149 153 9
149 153 9
150 135 10
150 135 12
298 306 9
298 306 11
300 270 11
447 459 10
447 459 10
447 459 11
447 459 12
450 405 11
600 540 10
600 540 12
750 675 11
894 918 13
900 810 12
1043 1071 10
1043 1071 11
1043 1071 11
1043 1071 13
1050 945 11
1200 1080 11
1350 1215 10
1490 1530 12
150 135 11
150 135 12
298 306 13
300 270 9
300 270 12
450 405 9
450 405 11
450 405 13
596 612 11
600 540 11
745 765 11
900 810 9
900 810 12
1050 945 9
1192 1224 10
1192 1224 12
1200 1080 11
1341 1377 9
1341 1377 12
1350 1215 11
1490 1530 10
1500 1350 10
1500 1350 11
1500 1350 11
1500 1350 12
149 153 9
149 153 9
149 153 11
300 270 11
447 459 10
450 405 11
450 405 12
450 405 12
600 540 11
745 765 12
750 675 11
894 918 12
900 810 10
1043 1071 10
1050 945 9
1050 945 12
1192 1224 11
1192 1224 11
1192 1224 12
1192 1224 12
1200 1080 12
1490 1530 9
1490 1530 11
1490 1530 12
1490 1530 12
149 153 9
150 135 10
150 135 12
298 306 9
298 306 9
298 306 10
300 270 10
300 270 12
450 405 11
596 612 9
600 540 10
600 540 13
750 675 9
750 675 13
900 810 10
900 810 11
1043 1071 11
1050 945 12
1192 1224 12
1192 1224 12
1200 1080 11
1200 1080 12
1490 1530 9
1490 1530 12
1500 1350 13
149 153 10
149 153 10
149 153 13
150 135 10
150 135 10
298 306 9
300 270 10
447 459 11
450 405 12
596 612 10
600 540 11
745 765 12
750 675 11
894 918 10
900 810 12
1050 945 12
1050 945 12
1192 1224 11
1192 1224 11
1192 1224 12
1200 1080 10
1200 1080 12
1341 1377 11
1341 1377 12
1500 1350 12
149 153 10
150 135 10
150 135 10
300 270 12
300 270 12
447 459 10
450 405 11
596 612 10
596 612 10
745 765 12
745 765 12
894 918 12
900 810 12
900 810 12
1043 1071 12
1050 945 11
1192 1224 12
1192 1224 12
1192 1224 12
1200 1080 9
1200 1080 10
1350 1215 9
1350 1215 10
1490 1530 12
1490 1530 12
149 153 9
149 153 11
150 135 10
298 306 9
447 459 10
447 459 11
447 459 11
447 459 12
447 459 13
450 405 9
450 405 12
600 540 10
600 540 12
600 540 12
750 675 10
750 675 12
1043 1071 11
1043 1071 12
1200 1080 10
1341 1377 10
1350 1215 9
1350 1215 9
1490 1530 13
1500 1350 9
1500 1350 12
149 153 12
149 153 12
150 135 13
300 270 10
300 270 12
447 459 12
450 405 13
600 540 9
600 540 11
745 765 11
745 765 12
750 675 11
894 918 9
894 918 9
894 918 10
900 810 10
900 810 11
900 810 11
1043 1071 10
1200 1080 9
1200 1080 11
1341 1377 12
1490 1530 9
1490 1530 11
1500 1350 12
149 153 10
150 135 10
298 306 9
298 306 10
300 270 10
450 405 12
596 612 10
596 612 12
600 540 9
745 765 11
750 675 10
750 675 12
894 918 11
894 918 11
1043 1071 10
1043 1071 10
1192 1224 12
1200 1080 12
1341 1377 9
1490 1530 10
1490 1530 10
1490 1530 13
1500 1350 10
1500 1350 12
1500 1350 13
149 153 12
150 135 10
150 135 11
150 135 12
150 135 12
300 270 11
447 459 10
600 540 9
600 540 11
600 540 11
894 918 10
894 918 11
900 810 11
1043 1071 13
1050 945 10
1192 1224 9
1192 1224 9
1192 1224 11
1192 1224 11
1200 1080 10
1200 1080 10
1200 1080 10
1341 1377 9
1490 1530 11
1490 1530 12
149 153 9
149 153 11
149 153 12
150 135 12
298 306 11
298 306 13
300 270 11
447 459 12
450 405 12
596 612 11
600 540 10
600 540 11
600 540 12
600 540 12
745 765 12
745 765 13
894 918 12
900 810 11
1043 1071 10
1192 1224 13
1200 1080 11
1341 1377 12
1350 1215 11
1490 1530 10
1490 1530 12
