500 20 232420
25 69 238
25 84 246
25 66 250
25 145 243
25 106 158
25 71 249
25 135 247
25 54 194
25 112 192
25 64 178
25 146 208
25 137 239
25 138 233
25 90 250
25 83 164
25 146 179
25 131 246
25 80 188
25 50 217
25 60 166
167 147 10
167 147 11
167 147 11
334 294 11
501 441 10
501 441 13
591 531 11
668 588 10
788 708 10
835 735 12
985 885 10
985 885 12
1002 882 11
1169 1029 11
1169 1029 11
1169 1029 12
1169 1029 13
1182 1062 12
1336 1176 11
1379 1239 11
1503 1323 10
1503 1323 11
1576 1416 10
1970 1770 9
1970 1770 13
197 177 11
334 294 10
334 294 11
501 441 10
501 441 10
591 531 11
591 531 12
591 531 12
668 588 12
985 885 11
985 885 11
1002 882 10
1002 882 11
1169 1029 11
1169 1029 12
1169 1029 13
1336 1176 9
1336 1176 12
1576 1416 11
1576 1416 12
1576 1416 12
1670 1470 11
1773 1593 13
1970 1770 9
1970 1770 12
167 147 11
334 294 10
334 294 13
394 354 9
501 441 9
501 441 10
501 441 12
591 531 10
591 531 12
668 588 9
668 588 11
788 708 10
1169 1029 11
1169 1029 12
1182 1062 10
1182 1062 13
1336 1176 10
1336 1176 12
1503 1323 10
1576 1416 10
1576 1416 12
1576 1416 13
1773 1593 9
1773 1593 9
1773 1593 10
197 177 10
334 294 9
501 441 10
591 531 9
668 588 10
788 708 11
788 708 12
835 735 9
835 735 9
1169 1029 10
1169 1029 10
1336 1176 9
1379 1239 9
1379 1239 12
1503 1323 11
1576 1416 11
1576 1416 12
1670 1470 12
1773 1593 11
1773 1593 11
1773 1593 12
1773 1593 12
1970 1770 12
1970 1770 12
1970 1770 12
197 177 11
334 294 10
334 294 11
394 354 12
501 441 9
591 531 9
668 588 11
668 588 13
788 708 10
788 708 12
788 708 12
835 735 12
985 885 12
1002 882 10
1002 882 11
1002 882 12
1169 1029 9
1169 1029 10
1169 1029 10
1182 1062 12
1336 1176 13
1379 1239 9
1576 1416 9
1576 1416 11
1670 1470 9
167 147 9
167 147 12
197 177 10
334 294 10
334 294 12
501 441 10
591 531 12
668 588 10
668 588 10
788 708 11
788 708 12
835 735 9
835 735 11
835 735 11
985 885 11
985 885 12
1002 882 11
1002 882 12
1169 1029 12
1169 1029 12
1336 1176 10
1336 1176 10
1670 1470 10
1670 1470 11
1970 1770 11
167 147 11
167 147 11
197 177 9
197 177 10
334 294 9
334 294 9
334 294 12
334 294 13
394 354 9
394 354 12
668 588 11
788 708 11
788 708 11
1169 1029 10
1169 1029 11
1336 1176 10
1336 1176 11
1379 1239 10
1503 1323 10
1503 1323 12
1576 1416 10
1576 1416 11
1670 1470 11
1773 1593 12
1970 1770 9
167 147 13
197 177 12
334 294 12
394 354 11
394 354 13
501 441 10
501 441 10
501 441 12
501 441 12
501 441 12
788 708 10
788 708 11
788 708 11
835 735 12
835 735 12
985 885 12
985 885 12
1169 1029 9
1169 1029 11
1182 1062 13
1336 1176 12
1379 1239 11
1576 1416 10
1670 1470 11
1670 1470 11
167 147 9
197 177 12
334 294 12
334 294 13
501 441 12
501 441 12
501 441 12
668 588 11
788 708 10
985 885 10
985 885 10
1002 882 9
1002 882 11
1002 882 11
1169 1029 12
1182 1062 12
1379 1239 11
1379 1239 11
1379 1239 12
1503 1323 13
1576 1416 9
1576 1416 11
1670 1470 9
1773 1593 11
1773 1593 13
167 147 9
167 147 12
197 177 13
334 294 11
334 294 11
394 354 10
394 354 11
394 354 13
591 531 10
591 531 12
668 588 9
788 708 11
835 735 11
1002 882 11
1169 1029 12
1336 1176 12
1379 1239 10
1503 1323 12
1503 1323 13
1576 1416 12
1670 1470 10
1773 1593 11
1773 1593 11
1773 1593 12
1970 1770 12
167 147 13
197 177 10
197 177 11
334 294 10
334 294 10
334 294 11
334 294 12
394 354 9
591 531 9
591 531 11
591 531 13
668 588 9
835 735 11
985 885 9
985 885 11
1169 1029 9
1169 1029 12
1182 1062 10
1336 1176 11
1379 1239 10
1379 1239 10
1379 1239 12
1503 1323 10
1670 1470 9
1773 1593 10
197 177 9
334 294 11
501 441 13
668 588 10
668 588 12
788 708 10
788 708 11
788 708 12
835 735 9
985 885 13
1002 882 10
1182 1062 10
1182 1062 10
1182 1062 11
1336 1176 10
1336 1176 11
1336 1176 11
1336 1176 13
1379 1239 10
1379 1239 10
1379 1239 13
1503 1323 10
1503 1323 11
1503 1323 12
1773 1593 11
197 177 12
334 294 9
394 354 11
501 441 11
501 441 13
591 531 12
591 531 13
788 708 10
788 708 11
835 735 9
835 735 12
1002 882 11
1169 1029 11
1182 1062 10
1336 1176 9
1336 1176 11
1336 1176 11
1336 1176 13
1379 1239 10
1379 1239 11
1379 1239 11
1576 1416 13
1670 1470 12
1773 1593 10
1970 1770 13
197 177 11
197 177 12
334 294 9
334 294 10
394 354 10
501 441 11
591 531 9
591 531 10
591 531 10
788 708 12
835 735 10
835 735 10
835 735 11
835 735 13
985 885 10
985 885 10
1002 882 11
1002 882 12
1336 1176 11
1503 1323 10
1576 1416 11
1670 1470 11
1970 1770 10
1970 1770 10
1970 1770 11
197 177 10
197 177 12
334 294 11
334 294 12
394 354 9
668 588 10
668 588 10
668 588 10
668 588 11
788 708 10
985 885 12
985 885 13
1002 882 12
1182 1062 9
1336 1176 12
1379 1239 10
1379 1239 12
1503 1323 12
1576 1416 12
1670 1470 9
1773 1593 10
1773 1593 10
1773 1593 11
1970 1770 11
1970 1770 12
197 177 10
394 354 10
394 354 12
501 441 12
501 441 12
788 708 9
788 708 9
788 708 11
788 708 12
835 735 10
835 735 13
985 885 9
1002 882 10
1002 882 12
1169 1029 11
1182 1062 12
1336 1176 12
1336 1176 13
1379 1239 11
1503 1323 11
1576 1416 9
1576 1416 12
1576 1416 12
1670 1470 10
1773 1593 11
197 177 9
197 177 11
334 294 11
394 354 9
591 531 12
668 588 12
788 708 11
835 735 9
835 735 10
835 735 11
1169 1029 12
1169 1029 12
1182 1062 10
1182 1062 11
1182 1062 12
1336 1176 10
1336 1176 11
1503 1323 9
1576 1416 9
1576 1416 10
1576 1416 12
1670 1470 9
1773 1593 12
1970 1770 10
1970 1770 12
167 147 10
167 147 11
197 177 10
334 294 9
394 354 9
501 441 11
591 531 9
788 708 10
788 708 10
788 708 13
835 735 10
835 735 11
835 735 12
1002 882 12
1169 1029 11
1169 1029 12
1169 1029 13
1336 1176 10
1336 1176 11
1336 1176 11
1336 1176 12
1503 1323 10
1503 1323 12
1576 1416 9
1970 1770 11
167 147 9
167 147 11
167 147 12
334 294 10
334 294 10
394 354 10
394 354 12
668 588 10
668 588 11
788 708 10
835 735 9
985 885 12
1002 882 10
1169 1029 11
1169 1029 13
1182 1062 10
1182 1062 12
1336 1176 9
1503 1323 13
1576 1416 11
1670 1470 11
1670 1470 12
1670 1470 13
1773 1593 11
1970 1770 12
167 147 9
167 147 11
167 147 12
197 177 11
591 531 11
591 531 11
591 531 13
668 588 11
668 588 12
788 708 11
835 735 9
1002 882 12
1169 1029 10
1169 1029 10
1169 1029 12
1169 1029 12
1169 1029 12
1182 1062 11
1182 1062 12
1336 1176 10
1336 1176 11
1336 1176 12
1503 1323 10
1670 1470 12
1970 1770 11
