100 20 214675
5 117 197
5 121 206
5 51 171
5 86 212
5 134 236
5 114 153
5 116 155
5 70 168
5 97 182
5 67 242
5 86 152
5 75 150
5 63 237
5 103 223
5 100 153
5 106 206
5 116 170
5 141 162
5 104 241
5 149 191
1722 1322 56
6027 4627 58
10800 9000 58
12000 10000 62
12000 10000 71
1722 1322 74
2400 2000 70
6888 5288 71
7200 6000 65
8400 7000 78
861 661 59
4800 4000 58
4800 4000 75
6027 4627 73
12000 10000 64
6888 5288 57
7200 6000 73
8610 6610 59
8610 6610 61
9600 8000 56
4800 4000 56
4800 4000 59
4800 4000 74
6888 5288 68
8610 6610 57
861 661 74
6000 5000 71
6888 5288 61
7200 6000 56
8400 7000 62
2400 2000 73
6000 5000 67
7749 5949 71
9600 8000 70
10800 9000 70
6000 5000 57
6000 5000 67
7200 6000 61
7200 6000 76
10800 9000 69
3444 2644 73
3444 2644 78
6000 5000 65
10800 9000 70
10800 9000 75
1722 1322 67
6000 5000 70
6027 4627 63
7749 5949 62
10800 9000 78
3444 2644 56
4800 4000 63
5166 3966 59
6000 5000 56
6000 5000 57
861 661 56
2400 2000 73
4800 4000 61
6000 5000 65
7749 5949 69
1200 1000 61
4800 4000 67
6000 5000 56
9600 8000 57
12000 10000 60
2583 1983 70
3444 2644 62
3444 2644 73
6000 5000 76
6027 4627 57
1200 1000 73
1722 1322 75
2400 2000 64
2583 1983 70
8400 7000 68
861 661 56
1200 1000 69
2583 1983 57
4305 3305 68
4800 4000 60
4305 3305 59
6027 4627 58
8400 7000 66
9600 8000 65
10800 9000 67
861 661 69
1722 1322 75
2400 2000 74
4305 3305 69
7200 6000 71
3444 2644 65
3444 2644 72
4800 4000 61
10800 9000 64
10800 9000 70
3444 2644 78
3600 3000 77
5166 3966 70
8400 7000 72
12000 10000 70
