200 100 279401
2 147 212
2 117 161
2 138 196
2 88 151
2 139 164
2 103 201
2 95 206
2 96 182
2 100 163
2 83 178
2 85 173
2 128 240
2 144 157
2 89 230
2 56 174
2 104 159
2 90 215
2 109 229
2 56 213
2 132 188
2 95 234
2 54 153
2 87 214
2 142 184
2 112 202
2 135 162
2 69 180
2 70 239
2 130 162
2 63 176
2 75 246
2 95 189
2 150 221
2 119 163
2 87 229
2 113 222
2 147 199
2 55 160
2 121 194
2 96 175
2 102 231
2 109 236
2 105 213
2 122 196
2 125 196
2 149 242
2 121 172
2 104 230
2 141 173
2 104 238
2 133 244
2 107 228
2 99 182
2 98 248
2 130 189
2 118 155
2 79 170
2 141 243
2 93 233
2 78 249
2 140 178
2 94 163
2 103 199
2 149 185
2 79 205
2 129 247
2 143 167
2 86 191
2 145 213
2 87 187
2 91 200
2 111 191
2 107 151
2 144 182
2 132 243
2 114 177
2 100 162
2 52 161
2 121 219
2 128 183
2 139 197
2 77 177
2 150 239
2 90 206
2 127 205
2 90 190
2 115 206
2 146 198
2 90 177
2 67 226
2 69 150
2 81 180
2 55 197
2 141 244
2 104 227
2 66 191
2 52 168
2 111 238
2 103 176
2 104 239
2100 1944 161
2800 2592 172
2100 1944 161
2800 2592 147
700 648 160
4550 3950 164
4550 3950 151
8190 7110 151
7280 6320 150
7280 6320 164
3150 2916 153
3500 3240 137
2730 2370 155
3500 3240 169
1050 972 151
8190 7110 175
700 648 144
700 648 163
1750 1620 178
2100 1944 138
2100 1944 140
3500 3240 144
910 790 186
2800 2592 148
910 790 157
1400 1296 157
1820 1580 170
3150 2916 184
1050 972 142
2730 2370 164
3150 2916 159
5460 4740 159
5460 4740 143
6370 5530 181
910 790 156
2450 2268 187
2450 2268 180
9100 7900 137
700 648 175
7280 6320 151
3500 3240 155
8190 7110 171
1050 972 153
9100 7900 153
1400 1296 181
2100 1944 180
700 648 171
8190 7110 163
2100 1944 137
3500 3240 169
1050 972 151
9100 7900 155
700 648 171
1400 1296 176
1750 1620 163
8190 7110 177
3150 2916 144
7280 6320 162
3640 3160 169
7280 6320 176
1400 1296 149
8190 7110 141
3150 2916 189
4550 3950 182
700 648 180
1050 972 149
1400 1296 163
9100 7900 144
1050 972 150
6370 5530 188
3500 3240 174
9100 7900 178
1050 972 144
2730 2370 148
2800 2592 139
2800 2592 144
3640 3160 183
9100 7900 140
910 790 167
3640 3160 164
1820 1580 172
6370 5530 171
1750 1620 138
2800 2592 137
350 324 159
2800 2592 154
1400 1296 137
1820 1580 153
350 324 143
1750 1620 174
350 324 144
8190 7110 154
3500 3240 172
5460 4740 172
350 324 151
1400 1296 181
1050 972 158
7280 6320 150
1750 1620 187
8190 7110 140
1400 1296 172
1750 1620 143
1750 1620 175
2100 1944 147
1050 972 166
1050 972 182
3150 2916 188
3640 3160 166
1750 1620 164
9100 7900 164
2450 2268 139
9100 7900 155
1050 972 167
1750 1620 170
910 790 192
1400 1296 165
5460 4740 181
6370 5530 167
3640 3160 159
9100 7900 178
3640 3160 140
6370 5530 137
700 648 159
9100 7900 160
2450 2268 174
6370 5530 148
3640 3160 151
8190 7110 177
1750 1620 143
2450 2268 151
1050 972 178
4550 3950 161
910 790 167
4550 3950 152
2100 1944 185
9100 7900 191
1050 972 155
5460 4740 160
2730 2370 186
7280 6320 165
2730 2370 142
3500 3240 178
2450 2268 146
7280 6320 149
700 648 146
2100 1944 144
350 324 182
700 648 142
910 790 173
1750 1620 170
700 648 177
1400 1296 144
6370 5530 137
7280 6320 162
910 790 161
2800 2592 161
350 324 156
9100 7900 152
1750 1620 180
6370 5530 181
1750 1620 174
2730 2370 187
2450 2268 154
2730 2370 177
350 324 142
3640 3160 176
1400 1296 191
8190 7110 178
7280 6320 140
9100 7900 148
910 790 182
2100 1944 153
350 324 144
2100 1944 178
1050 972 159
9100 7900 173
3640 3160 167
6370 5530 169
2100 1944 178
2450 2268 173
1050 972 150
3500 3240 150
1400 1296 137
8190 7110 147
5460 4740 167
9100 7900 151
1750 1620 174
6370 5530 171
910 790 189
2100 1944 159
1820 1580 166
2100 1944 170
1050 972 168
5460 4740 140
910 790 183
1820 1580 176
700 648 139
3500 3240 176
350 324 147
3500 3240 146
