1000 20 290722
50 75 173
50 134 219
50 97 218
50 150 158
50 116 225
50 110 170
50 108 189
50 84 152
50 116 172
50 103 165
50 97 224
50 141 232
50 97 207
50 146 206
50 79 225
50 117 154
50 147 246
50 118 250
50 150 226
50 79 205
100 80 5
123 128 6
200 160 5
200 160 5
200 160 6
200 160 6
200 160 6
246 256 5
246 256 6
300 240 5
300 240 6
369 384 5
369 384 6
369 384 6
400 320 5
400 320 5
400 320 5
400 320 6
492 512 5
492 512 6
500 400 5
500 400 5
500 400 6
500 400 6
600 480 5
600 480 5
600 480 5
600 480 6
700 560 6
700 560 6
738 768 5
738 768 5
738 768 5
738 768 5
738 768 5
800 640 5
800 640 5
800 640 6
861 896 5
900 720 5
900 720 5
900 720 6
984 1024 6
1000 800 5
1000 800 6
1107 1152 5
1107 1152 6
1230 1280 6
1230 1280 6
1230 1280 6
100 80 5
100 80 5
100 80 6
123 128 5
123 128 6
123 128 6
123 128 6
200 160 6
200 160 6
200 160 6
200 160 6
246 256 6
246 256 6
300 240 6
369 384 5
369 384 6
369 384 6
400 320 5
400 320 6
400 320 6
500 400 5
500 400 6
600 480 4
600 480 5
600 480 5
600 480 6
600 480 6
615 640 5
615 640 6
700 560 6
700 560 6
738 768 5
738 768 5
738 768 5
738 768 5
800 640 5
861 896 4
861 896 5
861 896 5
861 896 6
861 896 6
861 896 6
900 720 5
900 720 6
900 720 6
900 720 6
900 720 6
1000 800 6
1107 1152 5
1230 1280 6
100 80 4
100 80 6
100 80 6
100 80 6
123 128 6
200 160 6
200 160 6
246 256 6
300 240 5
300 240 6
300 240 6
369 384 5
400 320 5
400 320 5
400 320 6
400 320 6
492 512 5
600 480 5
600 480 6
600 480 6
600 480 6
615 640 5
615 640 6
615 640 6
615 640 6
700 560 5
700 560 6
738 768 5
738 768 5
738 768 5
800 640 5
800 640 6
861 896 6
861 896 6
900 720 5
900 720 6
900 720 6
984 1024 5
984 1024 5
984 1024 6
984 1024 6
1000 800 5
1000 800 6
1107 1152 5
1107 1152 5
1230 1280 5
1230 1280 5
1230 1280 5
1230 1280 6
1230 1280 6
100 80 5
100 80 5
100 80 6
100 80 6
123 128 5
200 160 5
200 160 5
246 256 5
246 256 6
300 240 4
300 240 4
300 240 5
300 240 6
300 240 6
300 240 6
300 240 6
369 384 5
369 384 6
369 384 6
400 320 5
400 320 5
500 400 5
500 400 6
600 480 5
600 480 5
600 480 6
615 640 5
615 640 5
615 640 5
615 640 5
700 560 5
700 560 6
738 768 5
738 768 6
738 768 6
800 640 5
800 640 6
861 896 5
861 896 6
900 720 5
900 720 6
984 1024 5
984 1024 6
1000 800 5
1000 800 5
1000 800 6
1000 800 6
1107 1152 6
1230 1280 5
1230 1280 5
100 80 5
100 80 6
100 80 6
200 160 5
200 160 6
246 256 5
246 256 5
246 256 5
246 256 6
300 240 5
300 240 5
300 240 6
300 240 6
369 384 5
369 384 6
369 384 6
369 384 6
400 320 6
492 512 5
500 400 5
500 400 6
600 480 5
615 640 4
615 640 6
615 640 6
700 560 5
700 560 5
700 560 6
738 768 5
738 768 5
738 768 5
738 768 5
738 768 5
738 768 6
738 768 6
800 640 5
800 640 5
800 640 6
900 720 5
900 720 5
900 720 5
984 1024 5
984 1024 6
1000 800 6
1000 800 6
1107 1152 5
1107 1152 5
1107 1152 6
1230 1280 5
1230 1280 6
100 80 5
100 80 5
123 128 5
200 160 5
200 160 5
200 160 5
200 160 5
200 160 5
300 240 4
300 240 6
300 240 6
369 384 5
369 384 6
369 384 6
400 320 5
400 320 5
400 320 5
492 512 6
492 512 6
500 400 5
500 400 6
600 480 5
600 480 5
600 480 6
615 640 5
615 640 5
738 768 5
800 640 5
800 640 5
800 640 5
800 640 6
861 896 5
861 896 6
861 896 6
900 720 5
900 720 6
900 720 6
900 720 6
900 720 6
900 720 6
984 1024 5
984 1024 5
984 1024 5
984 1024 6
1000 800 5
1000 800 5
1230 1280 5
1230 1280 5
1230 1280 6
1230 1280 6
100 80 5
100 80 5
100 80 5
100 80 5
100 80 6
123 128 6
200 160 6
246 256 5
246 256 6
300 240 5
300 240 5
300 240 6
300 240 6
369 384 5
369 384 5
369 384 5
369 384 5
369 384 6
400 320 6
400 320 6
500 400 5
500 400 5
600 480 5
600 480 5
600 480 5
600 480 6
600 480 6
600 480 6
615 640 5
615 640 5
615 640 6
738 768 5
800 640 6
800 640 6
800 640 6
800 640 6
861 896 5
861 896 6
900 720 5
984 1024 5
984 1024 6
1000 800 5
1000 800 6
1000 800 6
1107 1152 5
1107 1152 5
1230 1280 5
1230 1280 5
1230 1280 6
1230 1280 6
100 80 5
100 80 6
246 256 5
246 256 5
246 256 6
246 256 6
300 240 5
300 240 5
300 240 6
300 240 6
300 240 6
300 240 6
400 320 5
400 320 5
400 320 6
400 320 6
400 320 6
400 320 6
492 512 5
492 512 5
492 512 6
600 480 5
600 480 6
600 480 6
600 480 6
615 640 5
615 640 6
615 640 6
738 768 5
738 768 5
738 768 6
800 640 5
800 640 5
800 640 5
800 640 6
861 896 5
900 720 5
900 720 6
984 1024 5
984 1024 5
984 1024 5
984 1024 6
1000 800 4
1000 800 5
1000 800 5
1000 800 6
1107 1152 5
1107 1152 6
1230 1280 6
1230 1280 6
100 80 5
100 80 6
100 80 6
123 128 5
123 128 5
200 160 6
200 160 6
200 160 6
246 256 4
246 256 6
300 240 5
300 240 5
300 240 5
300 240 6
400 320 5
400 320 6
400 320 6
500 400 5
500 400 5
500 400 5
600 480 5
600 480 6
615 640 5
615 640 5
615 640 6
615 640 6
700 560 5
700 560 5
861 896 5
861 896 5
861 896 5
861 896 6
900 720 5
900 720 5
900 720 5
900 720 6
900 720 6
900 720 6
900 720 6
984 1024 6
984 1024 6
984 1024 6
1000 800 4
1000 800 6
1107 1152 5
1107 1152 6
1107 1152 6
1230 1280 4
1230 1280 6
1230 1280 6
100 80 5
100 80 6
123 128 5
123 128 5
200 160 5
200 160 6
246 256 5
246 256 5
246 256 6
246 256 6
246 256 6
300 240 5
369 384 5
369 384 6
400 320 5
400 320 6
400 320 6
492 512 5
492 512 5
492 512 6
500 400 5
500 400 5
500 400 5
500 400 6
500 400 6
600 480 6
600 480 6
615 640 6
615 640 6
615 640 6
700 560 6
700 560 6
738 768 5
738 768 6
800 640 5
800 640 5
800 640 6
861 896 6
900 720 5
984 1024 5
984 1024 5
984 1024 5
984 1024 5
984 1024 6
1000 800 5
1000 800 6
1000 800 6
1000 800 6
1107 1152 6
1230 1280 6
100 80 6
100 80 6
100 80 6
100 80 6
123 128 5
200 160 6
200 160 6
246 256 5
300 240 5
300 240 6
369 384 4
369 384 5
369 384 6
369 384 6
369 384 6
400 320 5
400 320 5
400 320 6
492 512 5
492 512 6
492 512 6
500 400 5
500 400 5
600 480 5
600 480 5
600 480 6
615 640 5
615 640 6
615 640 6
700 560 5
700 560 6
738 768 5
738 768 6
738 768 6
800 640 5
800 640 6
861 896 5
861 896 5
861 896 5
861 896 5
861 896 6
900 720 6
900 720 6
1000 800 5
1230 1280 4
1230 1280 5
1230 1280 5
1230 1280 6
1230 1280 6
1230 1280 6
100 80 5
123 128 6
200 160 5
200 160 5
200 160 6
200 160 6
200 160 6
246 256 5
246 256 5
246 256 5
246 256 6
246 256 6
246 256 6
246 256 6
300 240 6
300 240 6
369 384 6
492 512 4
492 512 5
492 512 6
500 400 5
500 400 5
500 400 6
500 400 6
500 400 6
600 480 6
600 480 6
700 560 5
700 560 6
738 768 5
738 768 6
800 640 6
861 896 5
861 896 5
900 720 5
900 720 5
900 720 6
900 720 6
984 1024 6
984 1024 6
1000 800 5
1000 800 6
1000 800 6
1107 1152 5
1107 1152 6
1230 1280 5
1230 1280 5
1230 1280 5
1230 1280 5
1230 1280 6
100 80 5
123 128 5
123 128 5
123 128 5
123 128 6
200 160 4
200 160 5
200 160 6
200 160 6
246 256 5
246 256 5
246 256 6
369 384 5
369 384 6
400 320 6
400 320 6
492 512 5
492 512 5
492 512 6
500 400 5
500 400 6
500 400 6
600 480 6
600 480 6
615 640 5
700 560 5
700 560 6
738 768 5
738 768 5
738 768 6
738 768 6
738 768 6
800 640 6
861 896 5
861 896 5
861 896 6
861 896 6
861 896 6
984 1024 6
984 1024 6
984 1024 6
1000 800 5
1000 800 5
1000 800 6
1000 800 6
1107 1152 5
1107 1152 5
1107 1152 6
1107 1152 6
1230 1280 6
100 80 5
100 80 6
123 128 5
123 128 6
200 160 5
200 160 6
300 240 5
300 240 5
300 240 5
300 240 6
300 240 6
300 240 6
369 384 6
400 320 5
400 320 5
400 320 6
492 512 4
492 512 5
492 512 5
492 512 6
500 400 5
500 400 5
500 400 6
500 400 6
500 400 6
600 480 5
600 480 5
600 480 5
600 480 6
615 640 5
615 640 5
615 640 5
615 640 5
615 640 6
615 640 6
615 640 6
700 560 5
700 560 5
738 768 4
800 640 6
800 640 6
800 640 6
861 896 5
900 720 5
900 720 5
1000 800 4
1000 800 5
1000 800 5
1000 800 5
1230 1280 5
100 80 5
100 80 5
100 80 6
100 80 6
100 80 6
123 128 5
123 128 5
123 128 6
123 128 6
123 128 6
123 128 6
200 160 6
200 160 6
200 160 6
200 160 6
246 256 4
246 256 5
246 256 6
300 240 5
369 384 5
369 384 5
369 384 6
492 512 5
492 512 6
492 512 6
500 400 5
600 480 5
600 480 6
600 480 6
600 480 6
615 640 5
615 640 6
615 640 6
615 640 6
738 768 5
738 768 6
800 640 5
800 640 5
800 640 6
900 720 5
900 720 5
900 720 6
984 1024 5
984 1024 5
1000 800 5
1000 800 6
1107 1152 6
1107 1152 6
1230 1280 6
1230 1280 6
123 128 4
123 128 5
123 128 5
123 128 6
123 128 6
200 160 5
200 160 5
200 160 6
246 256 5
246 256 6
300 240 6
369 384 5
369 384 6
400 320 6
400 320 6
400 320 6
492 512 5
492 512 5
500 400 6
500 400 6
600 480 5
600 480 6
600 480 6
600 480 6
615 640 5
700 560 6
700 560 6
738 768 5
738 768 5
800 640 5
800 640 5
800 640 6
861 896 6
861 896 6
900 720 5
900 720 6
900 720 6
900 720 6
900 720 6
984 1024 5
984 1024 6
1000 800 6
1107 1152 5
1107 1152 5
1107 1152 5
1107 1152 5
1230 1280 5
1230 1280 6
1230 1280 6
1230 1280 6
100 80 5
100 80 5
123 128 5
123 128 6
200 160 5
200 160 6
246 256 6
246 256 6
246 256 6
300 240 5
300 240 6
300 240 6
369 384 4
369 384 5
369 384 6
400 320 5
500 400 6
600 480 4
600 480 5
615 640 5
615 640 5
615 640 5
615 640 5
615 640 6
615 640 6
700 560 5
700 560 5
700 560 5
700 560 6
700 560 6
738 768 4
738 768 5
738 768 5
738 768 5
800 640 4
800 640 6
800 640 6
861 896 5
861 896 6
900 720 5
900 720 5
900 720 6
900 720 6
1000 800 5
1107 1152 5
1107 1152 5
1107 1152 5
1230 1280 5
1230 1280 5
1230 1280 5
100 80 5
100 80 5
100 80 5
100 80 6
200 160 4
246 256 4
246 256 5
300 240 5
300 240 6
300 240 6
492 512 5
492 512 5
492 512 6
500 400 5
500 400 6
500 400 6
600 480 5
600 480 6
615 640 5
615 640 6
615 640 6
615 640 6
700 560 5
700 560 5
700 560 6
700 560 6
738 768 5
738 768 6
800 640 6
861 896 5
861 896 6
900 720 5
900 720 6
984 1024 5
984 1024 6
984 1024 6
1000 800 4
1000 800 5
1000 800 5
1000 800 6
1107 1152 5
1107 1152 5
1107 1152 5
1107 1152 5
1107 1152 5
1107 1152 6
1107 1152 6
1230 1280 6
1230 1280 6
1230 1280 6
100 80 5
100 80 6
100 80 6
123 128 5
123 128 6
200 160 5
200 160 6
246 256 6
300 240 5
300 240 5
300 240 5
300 240 5
300 240 5
369 384 5
369 384 5
400 320 5
400 320 5
400 320 5
400 320 5
400 320 6
492 512 4
492 512 5
500 400 6
600 480 5
600 480 5
600 480 5
600 480 6
615 640 6
700 560 6
700 560 6
738 768 5
738 768 6
738 768 6
738 768 6
738 768 6
800 640 5
800 640 6
861 896 6
861 896 6
861 896 6
900 720 5
984 1024 6
984 1024 6
1000 800 5
1000 800 5
1107 1152 5
1107 1152 5
1107 1152 6
1107 1152 6
1230 1280 4
100 80 5
200 160 6
246 256 5
246 256 5
246 256 5
246 256 5
300 240 6
300 240 6
300 240 6
369 384 5
369 384 6
369 384 6
369 384 6
492 512 5
492 512 5
492 512 5
492 512 6
492 512 6
500 400 5
500 400 5
500 400 6
500 400 6
600 480 5
600 480 6
615 640 5
615 640 5
615 640 6
700 560 6
738 768 5
738 768 5
861 896 5
861 896 5
861 896 6
861 896 6
900 720 5
900 720 5
900 720 6
984 1024 6
984 1024 6
1000 800 4
1000 800 5
1000 800 5
1000 800 5
1107 1152 5
1107 1152 5
1107 1152 6
1230 1280 5
1230 1280 5
1230 1280 5
1230 1280 5
