1000 20 309414
50 103 188
50 103 164
50 91 183
50 115 193
50 141 226
50 144 179
50 149 185
50 145 206
50 132 175
50 141 187
50 71 163
50 147 239
50 85 208
50 137 167
50 115 189
50 70 206
50 56 182
50 113 222
50 56 192
50 143 172
100 80 5
150 130 5
150 130 5
150 130 5
300 240 4
300 240 5
300 240 6
300 240 6
300 260 4
300 260 5
300 260 6
300 260 6
400 320 4
400 320 5
400 320 5
400 320 5
450 390 4
450 390 5
450 390 5
450 390 6
500 400 5
500 400 5
600 480 4
600 520 4
600 520 6
700 560 5
700 560 5
700 560 6
750 650 5
750 650 6
800 640 5
800 640 5
900 720 4
900 720 5
900 720 5
900 720 5
900 720 6
900 780 5
1000 800 4
1000 800 4
1050 910 5
1050 910 5
1050 910 6
1200 1040 6
1350 1170 5
1350 1170 5
1350 1170 5
1350 1170 5
1350 1170 5
1500 1300 4
100 80 5
100 80 5
150 130 5
200 160 5
200 160 6
300 240 5
300 240 5
300 260 5
300 260 5
400 320 4
400 320 6
400 320 6
400 320 6
450 390 5
450 390 6
450 390 6
500 400 5
500 400 5
500 400 5
600 480 5
600 480 5
600 480 5
600 480 6
600 520 5
600 520 5
600 520 5
600 520 6
700 560 4
700 560 5
750 650 5
800 640 5
800 640 5
800 640 5
900 720 5
900 780 4
900 780 5
1000 800 4
1000 800 4
1000 800 4
1000 800 5
1000 800 5
1050 910 6
1200 1040 5
1200 1040 6
1200 1040 6
1350 1170 4
1350 1170 5
1500 1300 4
1500 1300 5
1500 1300 5
100 80 4
100 80 5
100 80 5
100 80 6
100 80 6
150 130 4
150 130 4
150 130 5
150 130 5
150 130 6
200 160 5
200 160 5
200 160 5
200 160 6
300 240 5
300 260 4
300 260 5
400 320 6
450 390 6
500 400 4
500 400 6
600 480 5
600 480 6
600 520 4
600 520 5
600 520 6
700 560 4
700 560 5
700 560 5
700 560 6
700 560 6
800 640 5
800 640 5
800 640 5
800 640 6
900 720 5
900 780 6
900 780 6
1000 800 5
1050 910 5
1050 910 5
1050 910 5
1200 1040 4
1200 1040 5
1200 1040 5
1200 1040 5
1350 1170 5
1350 1170 6
1500 1300 5
1500 1300 5
100 80 5
100 80 6
150 130 5
150 130 5
200 160 5
300 240 4
300 240 5
300 240 5
300 240 5
300 240 6
300 260 5
300 260 5
300 260 6
300 260 6
300 260 6
400 320 6
450 390 4
450 390 4
500 400 5
500 400 5
600 480 5
600 480 5
600 520 4
600 520 5
600 520 5
750 650 5
750 650 5
750 650 5
800 640 5
800 640 5
800 640 6
900 720 5
900 720 6
900 780 5
1000 800 4
1000 800 4
1000 800 5
1000 800 6
1050 910 4
1050 910 5
1050 910 5
1200 1040 4
1200 1040 5
1200 1040 5
1200 1040 5
1200 1040 5
1200 1040 5
1200 1040 6
1350 1170 5
1500 1300 4
100 80 5
100 80 6
150 130 4
150 130 4
150 130 5
150 130 5
200 160 5
200 160 6
200 160 6
300 240 5
300 240 5
300 240 5
300 260 5
300 260 5
400 320 4
400 320 5
400 320 5
400 320 6
400 320 6
450 390 4
600 480 6
600 480 6
600 480 6
600 520 4
700 560 4
700 560 4
700 560 4
750 650 5
750 650 5
800 640 5
800 640 6
900 720 6
900 780 4
900 780 5
1000 800 4
1000 800 5
1000 800 5
1000 800 6
1050 910 5
1050 910 6
1050 910 6
1200 1040 5
1350 1170 4
1350 1170 5
1350 1170 5
1350 1170 6
1500 1300 5
1500 1300 5
1500 1300 5
1500 1300 5
100 80 5
100 80 5
150 130 5
150 130 5
200 160 5
300 240 5
300 240 5
300 240 6
300 240 6
300 260 5
400 320 4
400 320 5
400 320 6
400 320 6
400 320 6
450 390 4
450 390 5
500 400 5
500 400 5
600 480 4
600 480 5
600 480 6
600 480 6
700 560 5
700 560 5
700 560 6
750 650 6
800 640 5
800 640 5
900 720 4
900 720 5
900 720 6
900 720 6
900 720 6
900 780 5
900 780 5
900 780 6
1000 800 4
1000 800 5
1000 800 5
1000 800 6
1050 910 5
1200 1040 5
1200 1040 6
1200 1040 6
1350 1170 4
1350 1170 5
1350 1170 5
1500 1300 5
1500 1300 5
100 80 5
100 80 6
100 80 6
100 80 6
150 130 4
150 130 5
150 130 5
150 130 6
200 160 5
200 160 5
200 160 6
300 240 4
300 240 4
300 240 5
300 240 5
300 240 6
300 240 6
400 320 5
400 320 6
450 390 4
450 390 4
450 390 5
500 400 5
600 480 4
600 480 5
600 480 5
600 520 5
750 650 4
750 650 4
800 640 4
800 640 5
800 640 5
800 640 5
900 720 5
900 720 6
900 780 5
900 780 6
1000 800 5
1000 800 5
1000 800 5
1050 910 5
1050 910 5
1050 910 6
1350 1170 5
1350 1170 6
1350 1170 6
1500 1300 5
1500 1300 5
1500 1300 6
1500 1300 6
100 80 4
100 80 5
100 80 5
100 80 5
100 80 5
100 80 5
200 160 6
300 240 5
300 240 6
300 260 5
300 260 6
400 320 4
450 390 4
450 390 5
500 400 4
500 400 5
500 400 5
500 400 5
600 520 5
600 520 5
700 560 4
700 560 4
700 560 5
700 560 5
700 560 6
750 650 4
750 650 5
800 640 4
800 640 5
800 640 6
800 640 6
900 720 5
900 720 5
900 720 6
900 780 6
1000 800 5
1000 800 5
1000 800 6
1050 910 5
1050 910 5
1050 910 5
1050 910 5
1050 910 5
1050 910 6
1200 1040 5
1200 1040 6
1350 1170 6
1500 1300 5
1500 1300 5
1500 1300 6
150 130 5
150 130 6
200 160 6
300 240 5
300 240 6
300 240 6
300 260 4
300 260 5
300 260 5
300 260 5
300 260 6
300 260 6
400 320 5
400 320 5
400 320 6
400 320 6
400 320 6
500 400 5
600 480 4
600 480 5
600 480 5
600 520 5
600 520 5
600 520 5
600 520 5
600 520 6
700 560 4
700 560 5
800 640 5
800 640 5
800 640 5
900 720 5
900 720 5
900 780 4
900 780 4
900 780 4
900 780 5
1000 800 4
1000 800 5
1000 800 5
1050 910 4
1050 910 6
1200 1040 5
1200 1040 6
1350 1170 4
1350 1170 5
1350 1170 5
1500 1300 5
1500 1300 6
1500 1300 6
100 80 5
150 130 5
150 130 5
150 130 5
200 160 5
200 160 6
300 240 4
300 240 4
300 240 5
300 240 6
300 260 4
300 260 4
300 260 5
300 260 6
400 320 5
400 320 5
400 320 5
450 390 4
450 390 5
450 390 6
500 400 4
500 400 5
500 400 5
600 480 4
600 480 4
600 480 4
600 480 5
600 520 4
600 520 4
750 650 5
750 650 5
800 640 6
900 720 4
900 720 5
900 780 4
900 780 6
900 780 6
1000 800 4
1000 800 5
1000 800 6
1000 800 6
1050 910 5
1050 910 5
1050 910 6
1200 1040 5
1200 1040 5
1200 1040 6
1200 1040 6
1350 1170 5
1500 1300 5
100 80 5
100 80 5
150 130 5
150 130 5
200 160 4
200 160 5
200 160 5
200 160 5
200 160 6
300 240 5
300 240 5
300 260 5
300 260 5
300 260 5
300 260 5
300 260 5
450 390 4
450 390 6
500 400 4
500 400 5
500 400 5
500 400 6
500 400 6
600 480 5
600 520 4
700 560 5
700 560 5
750 650 4
750 650 6
800 640 5
800 640 5
800 640 5
800 640 6
900 720 4
900 720 5
900 720 5
900 720 6
900 780 5
900 780 5
900 780 5
1000 800 5
1000 800 5
1000 800 6
1000 800 6
1000 800 6
1050 910 4
1050 910 5
1200 1040 6
1200 1040 6
1500 1300 5
100 80 4
100 80 5
100 80 5
100 80 6
150 130 6
200 160 6
200 160 6
300 240 5
300 260 5
300 260 5
300 260 6
300 260 6
300 260 6
400 320 4
450 390 5
450 390 6
500 400 4
500 400 5
600 480 5
600 480 5
600 480 5
600 480 6
600 520 5
600 520 5
700 560 5
750 650 4
750 650 5
800 640 5
800 640 5
800 640 5
800 640 5
800 640 5
800 640 6
900 720 4
900 720 5
900 720 6
900 780 5
900 780 6
1000 800 5
1000 800 5
1050 910 5
1050 910 5
1050 910 6
1200 1040 5
1350 1170 5
1350 1170 5
1350 1170 6
1500 1300 4
1500 1300 4
1500 1300 6
150 130 6
200 160 5
200 160 6
200 160 6
300 240 4
300 240 5
300 240 5
300 240 5
300 260 4
300 260 5
300 260 6
300 260 6
300 260 6
400 320 5
400 320 5
400 320 6
500 400 5
600 520 4
600 520 5
700 560 5
700 560 6
750 650 5
750 650 5
750 650 5
750 650 5
750 650 6
750 650 6
800 640 4
800 640 5
900 720 5
900 720 5
900 720 6
900 780 4
900 780 5
900 780 6
900 780 6
1000 800 5
1000 800 5
1000 800 5
1000 800 6
1050 910 5
1050 910 6
1200 1040 4
1200 1040 5
1200 1040 5
1350 1170 5
1350 1170 5
1350 1170 5
1350 1170 6
1500 1300 5
100 80 5
100 80 5
100 80 6
150 130 5
150 130 6
150 130 6
150 130 6
200 160 6
300 240 6
300 240 6
300 260 5
400 320 5
450 390 5
450 390 5
450 390 5
450 390 6
450 390 6
450 390 6
450 390 6
450 390 6
500 400 4
500 400 5
500 400 5
500 400 5
600 480 5
600 520 4
600 520 5
600 520 5
750 650 4
750 650 5
750 650 5
750 650 6
750 650 6
800 640 5
800 640 6
900 720 4
900 780 5
1000 800 6
1050 910 5
1050 910 5
1050 910 5
1200 1040 4
1200 1040 6
1350 1170 5
1350 1170 5
1350 1170 5
1350 1170 6
1500 1300 4
1500 1300 5
1500 1300 5
100 80 6
150 130 4
150 130 5
150 130 5
150 130 5
150 130 6
200 160 5
200 160 5
200 160 6
300 240 4
300 240 6
300 260 5
300 260 5
300 260 6
400 320 4
500 400 5
500 400 5
500 400 5
500 400 5
500 400 6
600 480 5
600 480 5
600 480 6
600 520 5
600 520 5
600 520 6
700 560 4
700 560 4
700 560 5
750 650 5
800 640 5
900 720 5
900 720 5
900 720 5
900 780 4
900 780 5
900 780 6
1000 800 4
1050 910 5
1050 910 5
1200 1040 4
1200 1040 5
1200 1040 6
1200 1040 6
1350 1170 4
1350 1170 5
1350 1170 5
1350 1170 6
1500 1300 5
1500 1300 6
100 80 5
100 80 6
150 130 5
150 130 6
150 130 6
300 240 4
300 240 5
300 260 5
300 260 5
300 260 6
400 320 5
400 320 5
400 320 5
450 390 5
450 390 6
450 390 6
450 390 6
500 400 5
500 400 5
500 400 5
600 480 5
600 480 5
600 480 5
600 520 4
600 520 5
600 520 5
600 520 5
700 560 6
750 650 5
750 650 5
800 640 5
800 640 6
900 720 5
900 720 6
900 720 6
900 780 5
900 780 5
900 780 6
900 780 6
1000 800 5
1050 910 5
1050 910 5
1050 910 6
1200 1040 6
1350 1170 6
1350 1170 6
1500 1300 4
1500 1300 5
1500 1300 5
1500 1300 6
100 80 4
100 80 5
150 130 6
200 160 4
200 160 4
200 160 5
200 160 6
300 240 5
300 240 6
300 260 5
300 260 5
400 320 4
400 320 5
400 320 5
450 390 5
450 390 6
500 400 5
600 480 4
600 480 5
600 520 5
600 520 5
600 520 5
600 520 6
700 560 5
700 560 5
700 560 5
700 560 5
700 560 6
750 650 5
750 650 6
800 640 5
800 640 6
800 640 6
900 780 5
1050 910 5
1050 910 5
1050 910 6
1200 1040 4
1200 1040 4
1200 1040 5
1200 1040 5
1200 1040 6
1350 1170 4
1350 1170 5
1350 1170 5
1350 1170 5
1350 1170 5
1350 1170 6
1500 1300 5
1500 1300 6
100 80 5
100 80 5
150 130 4
150 130 5
150 130 5
150 130 6
200 160 4
200 160 5
300 240 4
300 240 5
300 240 5
400 320 4
400 320 6
450 390 4
500 400 4
500 400 5
500 400 5
600 480 5
600 480 5
600 520 5
600 520 5
600 520 6
700 560 5
700 560 5
700 560 5
700 560 5
750 650 5
750 650 5
750 650 6
800 640 4
900 720 5
900 720 6
900 720 6
900 780 5
900 780 5
900 780 6
1000 800 4
1000 800 4
1000 800 4
1000 800 5
1000 800 5
1000 800 5
1050 910 6
1200 1040 4
1200 1040 5
1350 1170 4
1350 1170 5
1350 1170 5
1350 1170 5
1350 1170 6
100 80 5
150 130 5
200 160 4
200 160 4
300 240 4
300 240 4
300 240 5
300 240 5
300 260 5
300 260 5
300 260 6
400 320 4
400 320 5
400 320 5
450 390 4
450 390 4
450 390 4
450 390 5
450 390 5
450 390 5
450 390 6
500 400 5
500 400 5
500 400 6
600 480 4
600 480 5
600 480 6
600 520 4
600 520 5
700 560 5
750 650 5
750 650 6
800 640 5
800 640 5
800 640 5
900 720 5
900 720 5
900 720 5
900 720 5
900 720 5
900 780 5
900 780 5
900 780 5
900 780 5
1050 910 5
1200 1040 4
1200 1040 6
1350 1170 4
1500 1300 5
1500 1300 6
100 80 5
100 80 5
100 80 5
100 80 5
100 80 6
150 130 5
150 130 6
200 160 5
200 160 6
300 240 5
300 260 5
400 320 5
400 320 5
400 320 5
450 390 4
450 390 5
450 390 5
450 390 5
450 390 5
450 390 6
500 400 4
500 400 6
600 480 4
600 480 5
600 480 6
600 480 6
600 520 5
700 560 6
750 650 4
750 650 4
750 650 5
750 650 5
800 640 4
900 720 4
900 720 4
900 720 5
900 780 5
900 780 5
900 780 5
900 780 6
1000 800 4
1000 800 5
1050 910 4
1050 910 4
1200 1040 5
1350 1170 4
1350 1170 4
1350 1170 5
1500 1300 5
1500 1300 5
