1000 100 417687
10 109 176
10 64 244
10 145 167
10 60 152
10 131 232
10 50 195
10 142 231
10 84 199
10 61 202
10 140 207
10 108 238
10 100 198
10 148 237
10 58 217
10 100 176
10 69 184
10 91 156
10 75 196
10 94 192
10 130 213
10 105 231
10 87 175
10 101 158
10 95 166
10 122 182
10 122 216
10 138 213
10 51 164
10 137 179
10 110 243
10 51 153
10 139 198
10 119 186
10 144 218
10 142 182
10 104 176
10 52 208
10 54 235
10 149 238
10 115 248
10 56 164
10 83 233
10 115 169
10 70 169
10 66 226
10 147 191
10 115 172
10 136 214
10 149 245
10 96 150
10 77 231
10 75 191
10 142 216
10 106 173
10 102 218
10 55 227
10 136 152
10 138 185
10 134 178
10 133 220
10 75 215
10 142 156
10 59 203
10 84 163
10 62 236
10 82 168
10 73 195
10 139 165
10 65 192
10 138 240
10 83 161
10 54 201
10 92 177
10 143 227
10 129 207
10 140 246
10 94 188
10 102 204
10 70 153
10 122 181
10 143 191
10 144 238
10 93 181
10 100 161
10 143 151
10 63 204
10 81 199
10 145 231
10 106 180
10 102 174
10 120 168
10 133 161
10 67 229
10 56 237
10 63 182
10 82 176
10 150 165
10 91 173
10 63 178
10 56 165
144 124 24
144 124 28
576 496 26
720 620 23
864 744 25
864 744 32
1008 868 27
1440 1240 31
1464 1304 30
1830 1630 27
183 163 28
549 489 27
576 496 28
720 620 32
732 652 29
864 744 31
915 815 31
1440 1240 23
1464 1304 24
1464 1304 25
288 248 25
549 489 23
720 620 24
720 620 25
915 815 24
915 815 29
1008 868 23
1281 1141 25
1296 1116 28
1830 1630 24
432 372 31
576 496 25
732 652 31
864 744 27
1098 978 24
1098 978 29
1281 1141 25
1296 1116 25
1464 1304 32
1647 1467 27
366 326 30
576 496 31
720 620 25
720 620 25
732 652 24
864 744 30
1008 868 25
1008 868 29
1152 992 25
1830 1630 27
144 124 23
183 163 25
183 163 25
288 248 24
432 372 24
576 496 23
576 496 24
915 815 32
1152 992 31
1440 1240 28
183 163 24
576 496 23
576 496 27
1152 992 26
1281 1141 25
1281 1141 28
1440 1240 30
1464 1304 23
1464 1304 25
1464 1304 25
288 248 24
288 248 29
549 489 26
576 496 31
915 815 27
915 815 31
1098 978 24
1440 1240 30
1464 1304 28
1647 1467 28
288 248 25
366 326 31
549 489 28
720 620 27
1098 978 27
1098 978 27
1440 1240 24
1647 1467 23
1830 1630 29
1830 1630 31
288 248 30
366 326 24
366 326 32
432 372 24
432 372 27
720 620 25
1152 992 29
1440 1240 24
1647 1467 23
1647 1467 31
183 163 28
183 163 29
183 163 29
183 163 30
432 372 28
549 489 23
732 652 27
732 652 29
915 815 32
1647 1467 30
144 124 28
183 163 28
366 326 30
732 652 25
915 815 25
1152 992 24
1152 992 26
1296 1116 32
1830 1630 24
1830 1630 28
432 372 29
576 496 28
864 744 24
1008 868 25
1098 978 26
1281 1141 25
1440 1240 24
1464 1304 30
1647 1467 29
1647 1467 32
183 163 31
732 652 24
864 744 30
915 815 25
1008 868 27
1152 992 23
1281 1141 23
1440 1240 25
1647 1467 24
1830 1630 25
183 163 27
288 248 27
366 326 31
549 489 27
549 489 28
864 744 25
915 815 31
1008 868 24
1440 1240 31
1647 1467 25
288 248 23
576 496 23
720 620 29
732 652 26
864 744 26
1098 978 29
1098 978 29
1281 1141 28
1296 1116 26
1830 1630 24
288 248 28
366 326 23
432 372 27
732 652 27
864 744 25
864 744 25
864 744 32
915 815 28
915 815 30
1008 868 25
549 489 25
720 620 30
732 652 27
1008 868 27
1098 978 24
1152 992 28
1152 992 32
1281 1141 30
1296 1116 28
1440 1240 28
432 372 23
432 372 24
549 489 28
732 652 24
1008 868 23
1098 978 27
1152 992 25
1152 992 27
1152 992 28
1281 1141 31
366 326 28
432 372 30
720 620 23
732 652 32
915 815 25
1008 868 31
1098 978 27
1281 1141 23
1281 1141 27
1440 1240 27
144 124 26
144 124 32
183 163 30
366 326 27
366 326 29
864 744 25
864 744 30
1152 992 30
1296 1116 31
1440 1240 30
183 163 23
288 248 27
366 326 32
549 489 27
732 652 29
915 815 31
1008 868 24
1281 1141 25
1281 1141 30
1440 1240 25
144 124 23
288 248 28
288 248 28
288 248 31
366 326 29
432 372 30
549 489 28
576 496 26
1296 1116 25
1830 1630 31
288 248 32
549 489 32
720 620 29
732 652 28
732 652 31
864 744 25
1008 868 31
1281 1141 30
1440 1240 27
1647 1467 30
183 163 28
432 372 25
720 620 24
915 815 25
915 815 29
1098 978 25
1152 992 23
1296 1116 26
1296 1116 26
1647 1467 25
144 124 31
183 163 28
183 163 29
288 248 32
432 372 30
732 652 25
732 652 31
1008 868 27
1152 992 24
1440 1240 29
183 163 25
366 326 26
366 326 27
576 496 31
720 620 31
1008 868 25
1098 978 27
1152 992 28
1152 992 28
1830 1630 25
366 326 25
366 326 31
432 372 28
549 489 25
864 744 24
1008 868 27
1098 978 26
1152 992 31
1281 1141 25
1440 1240 27
183 163 23
183 163 30
183 163 31
288 248 24
915 815 25
1098 978 28
1281 1141 29
1440 1240 23
1440 1240 31
1647 1467 26
144 124 23
144 124 23
366 326 32
576 496 26
720 620 23
864 744 23
915 815 30
1008 868 30
1098 978 25
1440 1240 25
144 124 31
366 326 28
366 326 28
432 372 25
549 489 32
720 620 30
915 815 24
1152 992 27
1440 1240 32
1647 1467 23
288 248 28
432 372 30
576 496 29
720 620 28
732 652 31
1098 978 27
1098 978 28
1098 978 32
1281 1141 29
1830 1630 25
144 124 25
183 163 26
183 163 28
366 326 29
720 620 32
732 652 30
915 815 24
1296 1116 24
1440 1240 28
1647 1467 28
288 248 28
288 248 29
366 326 23
720 620 31
732 652 30
1281 1141 26
1281 1141 28
1440 1240 29
1464 1304 27
1647 1467 32
144 124 27
183 163 31
288 248 24
366 326 26
720 620 28
732 652 27
864 744 30
915 815 27
1098 978 31
1647 1467 23
183 163 31
432 372 28
576 496 24
720 620 23
720 620 32
732 652 24
732 652 29
1008 868 29
1152 992 24
1281 1141 28
288 248 25
549 489 31
576 496 25
576 496 26
720 620 25
1008 868 28
1098 978 29
1296 1116 26
1464 1304 23
1647 1467 25
144 124 30
183 163 26
288 248 31
549 489 28
549 489 32
576 496 31
720 620 27
1152 992 25
1464 1304 27
1830 1630 28
144 124 32
1008 868 24
1008 868 26
1152 992 28
1296 1116 32
1440 1240 23
1440 1240 26
1440 1240 26
1440 1240 27
1647 1467 32
366 326 23
366 326 26
432 372 27
432 372 31
1008 868 24
1008 868 25
1281 1141 30
1440 1240 25
1647 1467 28
1647 1467 30
144 124 28
366 326 25
432 372 24
549 489 26
576 496 29
1008 868 26
1008 868 27
1098 978 30
1281 1141 32
1464 1304 31
144 124 29
288 248 26
366 326 28
549 489 32
720 620 32
915 815 28
1296 1116 24
1296 1116 31
1440 1240 29
1464 1304 31
144 124 23
366 326 31
576 496 30
720 620 25
864 744 28
864 744 28
915 815 23
1296 1116 29
1440 1240 31
1647 1467 25
288 248 24
576 496 31
915 815 25
915 815 28
1098 978 26
1152 992 27
1440 1240 25
1464 1304 31
1647 1467 27
1830 1630 28
144 124 23
366 326 31
432 372 26
576 496 28
915 815 31
1008 868 26
1098 978 31
1152 992 24
1464 1304 30
1647 1467 27
366 326 24
366 326 32
432 372 30
864 744 28
1008 868 30
1098 978 24
1098 978 29
1281 1141 23
1440 1240 31
1464 1304 23
366 326 31
549 489 26
732 652 26
864 744 29
1152 992 23
1281 1141 24
1440 1240 24
1440 1240 29
1647 1467 26
1647 1467 27
144 124 24
144 124 32
432 372 30
732 652 23
732 652 27
915 815 28
1152 992 27
1281 1141 28
1296 1116 31
1647 1467 27
144 124 30
183 163 29
183 163 29
183 163 30
549 489 27
1098 978 26
1098 978 32
1440 1240 26
1647 1467 29
1830 1630 28
183 163 27
288 248 28
288 248 31
366 326 23
366 326 24
366 326 24
732 652 30
1281 1141 27
1296 1116 24
1296 1116 29
144 124 31
288 248 26
915 815 29
1008 868 26
1008 868 30
1098 978 26
1098 978 32
1647 1467 29
1830 1630 30
1830 1630 31
183 163 26
288 248 31
366 326 26
720 620 28
720 620 32
1098 978 25
1281 1141 26
1281 1141 29
1647 1467 27
1647 1467 31
144 124 27
183 163 24
576 496 28
720 620 25
864 744 25
1008 868 28
1098 978 27
1464 1304 25
1464 1304 31
1647 1467 30
144 124 29
549 489 26
720 620 32
864 744 27
1008 868 27
1008 868 27
1098 978 28
1152 992 28
1281 1141 30
1830 1630 31
144 124 31
288 248 28
366 326 31
720 620 29
720 620 30
864 744 28
915 815 31
1464 1304 27
1464 1304 29
1830 1630 27
864 744 31
915 815 30
1008 868 29
1008 868 31
1098 978 31
1296 1116 32
1440 1240 30
1464 1304 24
1647 1467 23
1647 1467 24
549 489 28
576 496 29
576 496 30
720 620 31
864 744 25
915 815 27
1098 978 29
1281 1141 28
1440 1240 25
1647 1467 24
144 124 30
366 326 26
432 372 27
915 815 26
1008 868 23
1098 978 24
1296 1116 25
1296 1116 25
1296 1116 28
1647 1467 24
144 124 31
183 163 29
432 372 27
549 489 28
549 489 30
720 620 23
720 620 32
1098 978 27
1098 978 32
1647 1467 29
288 248 23
366 326 30
549 489 25
576 496 26
720 620 26
720 620 27
1098 978 32
1281 1141 30
1647 1467 28
1830 1630 24
288 248 32
366 326 25
366 326 28
432 372 27
549 489 24
549 489 30
549 489 31
576 496 32
732 652 30
1281 1141 27
288 248 29
288 248 30
432 372 27
432 372 28
720 620 28
864 744 26
1008 868 32
1098 978 32
1296 1116 23
1296 1116 23
183 163 24
288 248 26
720 620 29
732 652 30
1098 978 31
1152 992 25
1281 1141 28
1440 1240 31
1464 1304 32
1647 1467 31
366 326 28
549 489 31
720 620 31
864 744 29
864 744 32
915 815 24
915 815 27
1296 1116 31
1440 1240 23
1830 1630 24
144 124 30
288 248 25
288 248 31
732 652 26
1008 868 27
1152 992 23
1281 1141 29
1830 1630 26
1830 1630 26
1830 1630 31
549 489 30
576 496 29
720 620 27
1008 868 25
1440 1240 30
1440 1240 31
1464 1304 25
1464 1304 27
1464 1304 30
1830 1630 28
144 124 31
432 372 24
549 489 26
576 496 28
576 496 30
864 744 31
915 815 24
1008 868 29
1464 1304 31
1647 1467 30
183 163 31
576 496 29
720 620 26
732 652 30
1098 978 31
1152 992 27
1281 1141 30
1464 1304 25
1830 1630 25
1830 1630 25
183 163 31
288 248 24
366 326 31
366 326 32
732 652 31
1008 868 28
1281 1141 30
1464 1304 27
1464 1304 32
1647 1467 24
144 124 24
576 496 31
732 652 26
864 744 28
915 815 28
1098 978 29
1152 992 31
1281 1141 24
1296 1116 31
1830 1630 31
144 124 31
288 248 30
549 489 24
549 489 30
576 496 25
915 815 27
1098 978 29
1281 1141 23
1281 1141 30
1464 1304 29
183 163 32
432 372 31
576 496 25
576 496 28
864 744 28
1152 992 25
1281 1141 23
1296 1116 29
1440 1240 28
1464 1304 24
144 124 28
288 248 23
366 326 29
549 489 24
576 496 23
576 496 31
732 652 32
1008 868 24
1440 1240 28
1830 1630 29
144 124 27
144 124 28
183 163 28
183 163 32
366 326 30
576 496 25
576 496 31
1008 868 30
1098 978 28
1464 1304 27
144 124 27
549 489 29
549 489 32
732 652 32
864 744 24
864 744 26
1008 868 25
1008 868 29
1152 992 29
1440 1240 27
183 163 30
432 372 30
549 489 25
864 744 24
915 815 26
915 815 28
1008 868 29
1008 868 31
1296 1116 31
1647 1467 29
549 489 26
549 489 31
576 496 31
720 620 25
720 620 32
1008 868 27
1098 978 24
1440 1240 24
1647 1467 26
1647 1467 26
432 372 26
864 744 26
864 744 26
915 815 23
1008 868 28
1098 978 25
1098 978 26
1152 992 32
1296 1116 27
1464 1304 29
183 163 30
732 652 24
732 652 27
915 815 32
1281 1141 23
1281 1141 23
1296 1116 27
1440 1240 26
1464 1304 31
1830 1630 31
288 248 28
576 496 23
720 620 24
732 652 25
1008 868 26
1152 992 23
1281 1141 28
1296 1116 27
1296 1116 32
1830 1630 27
183 163 26
576 496 24
576 496 25
576 496 25
720 620 31
1440 1240 32
1464 1304 27
1464 1304 31
1647 1467 24
1647 1467 27
144 124 23
288 248 24
432 372 28
549 489 28
864 744 31
1008 868 25
1008 868 29
1296 1116 23
1464 1304 26
1647 1467 24
288 248 30
366 326 27
576 496 32
732 652 27
1008 868 27
1098 978 30
1281 1141 30
1296 1116 23
1440 1240 24
1440 1240 30
144 124 32
183 163 25
576 496 24
576 496 31
732 652 27
732 652 31
1008 868 25
1296 1116 32
1440 1240 26
1647 1467 27
144 124 26
366 326 29
432 372 25
576 496 25
732 652 31
864 744 27
915 815 26
1008 868 29
1464 1304 24
1647 1467 25
144 124 27
183 163 24
366 326 32
549 489 27
576 496 28
576 496 30
720 620 25
732 652 31
864 744 29
1830 1630 28
144 124 23
144 124 29
144 124 31
549 489 26
1098 978 24
1098 978 29
1152 992 26
1296 1116 30
1440 1240 30
1464 1304 25
549 489 28
720 620 28
732 652 27
864 744 32
1281 1141 29
1281 1141 29
1296 1116 23
1440 1240 23
1647 1467 31
1830 1630 30
366 326 30
720 620 24
732 652 30
915 815 24
1098 978 29
1152 992 29
1281 1141 27
1440 1240 30
1440 1240 31
1830 1630 27
144 124 24
288 248 30
576 496 30
732 652 25
915 815 26
1098 978 30
1152 992 24
1281 1141 23
1281 1141 24
1281 1141 31
144 124 27
432 372 23
576 496 24
720 620 25
864 744 26
1008 868 28
1152 992 29
1152 992 29
1464 1304 29
1830 1630 26
144 124 29
183 163 29
432 372 24
549 489 31
576 496 28
720 620 28
720 620 29
864 744 28
1098 978 30
1464 1304 25
366 326 24
366 326 28
366 326 28
549 489 28
915 815 27
1008 868 26
1098 978 24
1098 978 27
1647 1467 32
1830 1630 31
144 124 25
366 326 30
576 496 28
576 496 30
1152 992 28
1296 1116 25
1296 1116 28
1440 1240 24
1830 1630 24
1830 1630 32
144 124 28
144 124 30
183 163 28
366 326 23
366 326 25
549 489 30
915 815 30
1152 992 23
1647 1467 30
1830 1630 26
183 163 30
288 248 26
366 326 31
576 496 23
864 744 30
1152 992 27
1296 1116 25
1464 1304 26
1647 1467 32
1830 1630 23
144 124 29
288 248 30
366 326 25
432 372 24
576 496 29
720 620 29
732 652 24
864 744 30
1464 1304 31
1647 1467 26
144 124 32
183 163 27
366 326 25
366 326 27
432 372 29
549 489 24
720 620 23
915 815 30
1152 992 27
1440 1240 24
288 248 32
366 326 28
432 372 24
720 620 24
732 652 27
864 744 24
1098 978 23
1152 992 27
1440 1240 31
1830 1630 31
183 163 30
288 248 28
366 326 31
432 372 31
720 620 32
732 652 30
915 815 25
1008 868 23
1008 868 29
1281 1141 27
