2000 20 535558
100 78 205
100 90 172
100 147 195
100 125 174
100 50 211
100 60 184
100 102 152
100 84 151
100 130 206
100 79 171
100 93 170
100 148 173
100 119 215
100 108 165
100 98 236
100 130 245
100 119 151
100 93 173
100 107 231
100 93 247
48 172 2
48 172 2
48 172 3
48 172 3
48 172 3
48 172 3
48 172 3
96 344 2
96 344 3
123 40 3
123 40 3
123 40 3
123 40 3
144 516 2
144 516 3
144 516 3
144 516 3
144 516 3
144 516 3
144 516 3
144 516 3
144 516 3
144 516 3
144 516 3
192 688 3
192 688 3
192 688 3
192 688 3
240 860 3
240 860 3
240 860 3
246 80 2
246 80 3
246 80 3
246 80 3
246 80 3
246 80 3
288 1032 2
288 1032 2
288 1032 3
288 1032 3
288 1032 3
288 1032 3
336 1204 3
336 1204 3
336 1204 3
336 1204 3
336 1204 3
336 1204 3
369 120 3
369 120 3
369 120 3
369 120 3
369 120 3
369 120 3
384 1376 3
384 1376 3
432 1548 3
432 1548 3
432 1548 3
432 1548 3
480 1720 2
480 1720 3
480 1720 3
480 1720 3
492 160 2
492 160 2
492 160 2
492 160 3
492 160 3
492 160 3
492 160 3
492 160 3
492 160 3
615 200 2
615 200 2
615 200 3
615 200 3
615 200 3
738 240 2
738 240 3
738 240 3
738 240 3
738 240 3
738 240 3
861 280 3
861 280 3
861 280 3
861 280 3
984 320 2
984 320 3
984 320 3
984 320 3
984 320 3
984 320 3
1107 360 3
1230 400 2
1230 400 3
1230 400 3
1230 400 3
48 172 2
48 172 3
48 172 3
48 172 3
48 172 3
48 172 3
48 172 3
96 344 3
123 40 3
123 40 3
123 40 3
123 40 3
144 516 2
144 516 3
144 516 3
144 516 3
144 516 3
144 516 3
192 688 2
192 688 2
192 688 3
192 688 3
192 688 3
240 860 2
240 860 3
240 860 3
240 860 3
240 860 3
246 80 2
246 80 2
246 80 3
246 80 3
288 1032 2
288 1032 2
288 1032 2
288 1032 2
288 1032 3
288 1032 3
336 1204 2
336 1204 3
336 1204 3
336 1204 3
336 1204 3
369 120 3
369 120 3
369 120 3
384 1376 2
384 1376 2
384 1376 3
384 1376 3
384 1376 3
384 1376 3
432 1548 2
432 1548 2
432 1548 2
432 1548 3
432 1548 3
432 1548 3
432 1548 3
432 1548 3
432 1548 3
480 1720 3
480 1720 3
480 1720 3
480 1720 3
480 1720 3
492 160 2
492 160 3
492 160 3
492 160 3
615 200 2
615 200 3
615 200 3
615 200 3
615 200 3
615 200 3
861 280 2
861 280 2
861 280 3
861 280 3
861 280 3
861 280 3
984 320 2
984 320 3
984 320 3
984 320 3
984 320 3
984 320 3
1107 360 2
1107 360 2
1107 360 3
1107 360 3
1107 360 3
1107 360 3
1107 360 3
1230 400 2
1230 400 2
1230 400 3
1230 400 3
1230 400 3
48 172 3
48 172 3
48 172 3
96 344 2
96 344 3
96 344 3
96 344 3
96 344 3
96 344 3
96 344 3
123 40 2
123 40 3
123 40 3
123 40 3
123 40 3
123 40 3
144 516 2
144 516 2
144 516 3
144 516 3
144 516 3
144 516 3
144 516 3
192 688 3
192 688 3
192 688 3
240 860 3
240 860 3
240 860 3
240 860 3
240 860 3
240 860 3
246 80 2
246 80 2
246 80 2
246 80 3
246 80 3
246 80 3
246 80 3
246 80 3
246 80 3
288 1032 3
288 1032 3
288 1032 3
288 1032 3
288 1032 3
336 1204 3
336 1204 3
369 120 2
369 120 3
369 120 3
384 1376 2
384 1376 2
384 1376 3
384 1376 3
384 1376 3
384 1376 3
384 1376 3
384 1376 3
432 1548 2
432 1548 3
432 1548 3
432 1548 3
432 1548 3
480 1720 3
480 1720 3
480 1720 3
480 1720 3
480 1720 3
480 1720 3
492 160 2
492 160 3
492 160 3
492 160 3
492 160 3
492 160 3
492 160 3
492 160 3
492 160 3
615 200 2
615 200 3
738 240 3
738 240 3
738 240 3
738 240 3
861 280 3
861 280 3
984 320 2
984 320 2
984 320 3
984 320 3
984 320 3
984 320 3
984 320 3
1107 360 3
1107 360 3
1107 360 3
1107 360 3
1230 400 2
1230 400 3
48 172 2
48 172 2
48 172 3
48 172 3
48 172 3
48 172 3
96 344 2
96 344 3
96 344 3
96 344 3
96 344 3
96 344 3
96 344 3
96 344 3
123 40 2
123 40 3
123 40 3
123 40 3
123 40 3
144 516 3
144 516 3
144 516 3
144 516 3
144 516 3
144 516 3
240 860 3
240 860 3
240 860 3
246 80 2
246 80 3
246 80 3
288 1032 3
288 1032 3
336 1204 3
336 1204 3
336 1204 3
336 1204 3
369 120 2
369 120 2
369 120 3
369 120 3
369 120 3
369 120 3
384 1376 3
384 1376 3
384 1376 3
384 1376 3
384 1376 3
384 1376 3
432 1548 3
432 1548 3
432 1548 3
432 1548 3
432 1548 3
432 1548 3
432 1548 3
432 1548 3
480 1720 3
492 160 3
492 160 3
492 160 3
492 160 3
492 160 3
492 160 3
615 200 2
615 200 2
615 200 3
615 200 3
738 240 2
738 240 2
738 240 3
738 240 3
738 240 3
738 240 3
738 240 3
738 240 3
861 280 3
861 280 3
861 280 3
861 280 3
861 280 3
861 280 3
984 320 2
984 320 2
1107 360 2
1107 360 2
1107 360 3
1107 360 3
1107 360 3
1107 360 3
1107 360 3
1230 400 2
1230 400 2
1230 400 2
1230 400 3
1230 400 3
1230 400 3
1230 400 3
1230 400 3
1230 400 3
48 172 2
48 172 3
48 172 3
48 172 3
96 344 3
96 344 3
96 344 3
96 344 3
123 40 3
123 40 3
123 40 3
123 40 3
123 40 3
123 40 3
144 516 3
144 516 3
144 516 3
192 688 2
192 688 2
192 688 2
192 688 2
192 688 3
192 688 3
192 688 3
192 688 3
240 860 2
240 860 3
240 860 3
240 860 3
240 860 3
240 860 3
246 80 2
246 80 2
246 80 3
246 80 3
246 80 3
288 1032 3
288 1032 3
288 1032 3
288 1032 3
336 1204 3
336 1204 3
336 1204 3
336 1204 3
336 1204 3
369 120 2
369 120 2
369 120 2
369 120 2
369 120 3
369 120 3
384 1376 2
384 1376 3
384 1376 3
384 1376 3
384 1376 3
432 1548 2
432 1548 3
432 1548 3
432 1548 3
432 1548 3
480 1720 2
480 1720 3
480 1720 3
492 160 2
492 160 2
492 160 3
492 160 3
492 160 3
615 200 3
615 200 3
615 200 3
615 200 3
738 240 2
738 240 2
738 240 2
738 240 3
738 240 3
861 280 2
861 280 3
861 280 3
861 280 3
861 280 3
984 320 2
984 320 3
984 320 3
984 320 3
984 320 3
1107 360 3
1107 360 3
1107 360 3
1107 360 3
1107 360 3
1107 360 3
1230 400 2
1230 400 3
1230 400 3
1230 400 3
1230 400 3
1230 400 3
48 172 2
48 172 3
48 172 3
48 172 3
48 172 3
48 172 3
48 172 3
96 344 2
96 344 3
96 344 3
96 344 3
96 344 3
96 344 3
123 40 3
123 40 3
123 40 3
144 516 2
144 516 2
144 516 3
144 516 3
144 516 3
144 516 3
144 516 3
144 516 3
192 688 2
192 688 3
192 688 3
192 688 3
192 688 3
192 688 3
192 688 3
192 688 3
192 688 3
240 860 3
240 860 3
240 860 3
240 860 3
246 80 3
246 80 3
288 1032 2
288 1032 3
288 1032 3
288 1032 3
336 1204 2
336 1204 3
336 1204 3
336 1204 3
336 1204 3
336 1204 3
336 1204 3
369 120 2
369 120 3
369 120 3
369 120 3
369 120 3
384 1376 2
384 1376 3
384 1376 3
384 1376 3
384 1376 3
432 1548 2
432 1548 3
432 1548 3
432 1548 3
432 1548 3
432 1548 3
480 1720 2
480 1720 2
480 1720 3
480 1720 3
480 1720 3
492 160 2
492 160 3
492 160 3
615 200 3
615 200 3
615 200 3
615 200 3
738 240 2
738 240 2
738 240 3
861 280 3
861 280 3
861 280 3
861 280 3
861 280 3
984 320 2
984 320 3
984 320 3
984 320 3
1107 360 2
1107 360 2
1107 360 3
1107 360 3
1107 360 3
1230 400 3
1230 400 3
1230 400 3
1230 400 3
1230 400 3
48 172 3
48 172 3
48 172 3
48 172 3
48 172 3
48 172 3
48 172 3
48 172 3
96 344 2
96 344 3
96 344 3
96 344 3
96 344 3
123 40 2
123 40 2
123 40 2
123 40 3
123 40 3
123 40 3
123 40 3
123 40 3
123 40 3
144 516 3
192 688 2
192 688 3
192 688 3
192 688 3
192 688 3
192 688 3
240 860 2
240 860 2
240 860 2
240 860 3
240 860 3
240 860 3
240 860 3
240 860 3
246 80 3
246 80 3
288 1032 3
336 1204 3
336 1204 3
336 1204 3
369 120 2
369 120 3
369 120 3
369 120 3
369 120 3
369 120 3
384 1376 2
384 1376 3
384 1376 3
432 1548 2
432 1548 3
432 1548 3
432 1548 3
432 1548 3
432 1548 3
432 1548 3
432 1548 3
480 1720 3
480 1720 3
480 1720 3
480 1720 3
480 1720 3
480 1720 3
480 1720 3
492 160 2
492 160 3
492 160 3
492 160 3
492 160 3
615 200 2
615 200 3
615 200 3
615 200 3
738 240 3
861 280 2
861 280 2
861 280 3
861 280 3
861 280 3
861 280 3
861 280 3
861 280 3
984 320 3
984 320 3
984 320 3
1107 360 2
1107 360 3
1107 360 3
1107 360 3
1107 360 3
1107 360 3
1107 360 3
1230 400 2
1230 400 2
1230 400 2
1230 400 3
1230 400 3
48 172 3
48 172 3
48 172 3
48 172 3
48 172 3
96 344 2
96 344 3
96 344 3
96 344 3
96 344 3
123 40 2
123 40 3
123 40 3
123 40 3
123 40 3
123 40 3
144 516 2
144 516 2
144 516 3
144 516 3
144 516 3
144 516 3
144 516 3
144 516 3
192 688 2
192 688 3
192 688 3
240 860 2
240 860 3
240 860 3
240 860 3
240 860 3
240 860 3
246 80 3
246 80 3
246 80 3
288 1032 2
288 1032 3
288 1032 3
288 1032 3
288 1032 3
336 1204 3
336 1204 3
336 1204 3
336 1204 3
369 120 2
369 120 3
369 120 3
369 120 3
384 1376 2
384 1376 2
384 1376 3
384 1376 3
384 1376 3
384 1376 3
384 1376 3
384 1376 3
384 1376 3
384 1376 3
384 1376 3
432 1548 2
432 1548 3
432 1548 3
432 1548 3
432 1548 3
432 1548 3
480 1720 2
480 1720 3
480 1720 3
480 1720 3
480 1720 3
480 1720 3
492 160 3
492 160 3
492 160 3
492 160 3
492 160 3
492 160 3
615 200 3
615 200 3
738 240 3
738 240 3
738 240 3
738 240 3
738 240 3
861 280 3
861 280 3
861 280 3
861 280 3
984 320 3
984 320 3
984 320 3
1107 360 3
1107 360 3
1107 360 3
1107 360 3
1107 360 3
1230 400 3
1230 400 3
1230 400 3
48 172 2
48 172 3
48 172 3
48 172 3
48 172 3
48 172 3
48 172 3
48 172 3
96 344 3
96 344 3
96 344 3
123 40 2
123 40 3
123 40 3
123 40 3
144 516 2
144 516 3
144 516 3
144 516 3
144 516 3
192 688 2
192 688 2
192 688 3
192 688 3
192 688 3
192 688 3
192 688 3
240 860 2
240 860 2
240 860 3
240 860 3
240 860 3
240 860 3
240 860 3
240 860 3
246 80 2
246 80 2
246 80 3
246 80 3
246 80 3
246 80 3
246 80 3
246 80 3
246 80 3
246 80 3
246 80 3
246 80 3
246 80 3
246 80 3
288 1032 2
288 1032 2
288 1032 3
288 1032 3
336 1204 2
336 1204 3
336 1204 3
369 120 3
384 1376 2
384 1376 3
384 1376 3
384 1376 3
384 1376 3
384 1376 3
432 1548 3
432 1548 3
432 1548 3
480 1720 3
480 1720 3
480 1720 3
480 1720 3
492 160 3
492 160 3
615 200 3
615 200 3
615 200 3
615 200 3
615 200 3
615 200 3
738 240 2
738 240 3
738 240 3
738 240 3
738 240 3
738 240 3
861 280 3
861 280 3
861 280 3
861 280 3
861 280 3
984 320 2
984 320 3
1107 360 3
1230 400 2
1230 400 3
1230 400 3
1230 400 3
1230 400 3
1230 400 3
1230 400 3
1230 400 3
48 172 2
48 172 2
48 172 3
96 344 3
96 344 3
96 344 3
96 344 3
123 40 3
123 40 3
123 40 3
123 40 3
123 40 3
123 40 3
123 40 3
144 516 2
144 516 3
144 516 3
144 516 3
144 516 3
144 516 3
144 516 3
144 516 3
144 516 3
144 516 3
192 688 2
192 688 3
192 688 3
192 688 3
192 688 3
240 860 2
240 860 3
240 860 3
240 860 3
240 860 3
240 860 3
246 80 2
246 80 2
246 80 3
246 80 3
288 1032 2
288 1032 3
288 1032 3
288 1032 3
288 1032 3
336 1204 2
336 1204 3
336 1204 3
336 1204 3
336 1204 3
336 1204 3
336 1204 3
369 120 3
369 120 3
369 120 3
384 1376 3
384 1376 3
384 1376 3
384 1376 3
384 1376 3
384 1376 3
432 1548 2
432 1548 2
432 1548 3
432 1548 3
432 1548 3
432 1548 3
432 1548 3
432 1548 3
432 1548 3
480 1720 2
480 1720 3
480 1720 3
480 1720 3
480 1720 3
480 1720 3
492 160 3
492 160 3
492 160 3
492 160 3
615 200 2
615 200 3
615 200 3
615 200 3
738 240 3
738 240 3
861 280 3
861 280 3
861 280 3
861 280 3
861 280 3
984 320 3
984 320 3
984 320 3
984 320 3
984 320 3
984 320 3
1107 360 3
1107 360 3
1230 400 3
1230 400 3
48 172 2
48 172 3
48 172 3
48 172 3
48 172 3
48 172 3
48 172 3
48 172 3
48 172 3
48 172 3
96 344 2
96 344 3
96 344 3
96 344 3
96 344 3
96 344 3
123 40 2
123 40 2
123 40 2
123 40 3
123 40 3
144 516 2
144 516 3
144 516 3
144 516 3
144 516 3
144 516 3
192 688 2
192 688 3
192 688 3
192 688 3
192 688 3
192 688 3
240 860 3
240 860 3
240 860 3
240 860 3
246 80 3
246 80 3
246 80 3
288 1032 3
288 1032 3
288 1032 3
288 1032 3
288 1032 3
288 1032 3
288 1032 3
288 1032 3
288 1032 3
336 1204 3
336 1204 3
369 120 3
369 120 3
369 120 3
384 1376 2
384 1376 3
384 1376 3
432 1548 3
432 1548 3
432 1548 3
432 1548 3
432 1548 3
432 1548 3
432 1548 3
480 1720 2
480 1720 2
480 1720 3
480 1720 3
492 160 3
492 160 3
492 160 3
492 160 3
492 160 3
615 200 2
615 200 3
615 200 3
738 240 2
738 240 3
738 240 3
861 280 3
861 280 3
861 280 3
861 280 3
861 280 3
984 320 2
984 320 2
1107 360 3
1107 360 3
1107 360 3
1107 360 3
1107 360 3
1107 360 3
1107 360 3
1107 360 3
1230 400 3
1230 400 3
1230 400 3
1230 400 3
1230 400 3
1230 400 3
48 172 2
48 172 2
48 172 3
48 172 3
48 172 3
96 344 3
96 344 3
96 344 3
96 344 3
96 344 3
123 40 2
123 40 3
123 40 3
144 516 2
144 516 3
192 688 3
192 688 3
192 688 3
192 688 3
192 688 3
192 688 3
192 688 3
192 688 3
192 688 3
192 688 3
192 688 3
240 860 2
240 860 3
240 860 3
240 860 3
240 860 3
246 80 3
288 1032 2
288 1032 2
288 1032 3
288 1032 3
336 1204 2
336 1204 3
336 1204 3
336 1204 3
336 1204 3
336 1204 3
336 1204 3
369 120 2
369 120 3
369 120 3
369 120 3
384 1376 2
384 1376 3
384 1376 3
384 1376 3
384 1376 3
384 1376 3
432 1548 2
432 1548 2
432 1548 3
432 1548 3
432 1548 3
432 1548 3
432 1548 3
432 1548 3
432 1548 3
432 1548 3
432 1548 3
480 1720 2
480 1720 3
480 1720 3
480 1720 3
480 1720 3
492 160 2
492 160 3
492 160 3
615 200 2
615 200 2
615 200 3
615 200 3
615 200 3
615 200 3
615 200 3
615 200 3
738 240 2
738 240 3
738 240 3
738 240 3
738 240 3
861 280 3
861 280 3
861 280 3
984 320 2
984 320 3
984 320 3
984 320 3
984 320 3
984 320 3
1107 360 2
1107 360 3
1107 360 3
1107 360 3
1230 400 3
1230 400 3
48 172 2
48 172 3
48 172 3
48 172 3
48 172 3
48 172 3
48 172 3
96 344 2
96 344 3
96 344 3
123 40 3
123 40 3
123 40 3
144 516 2
144 516 3
192 688 3
192 688 3
192 688 3
240 860 3
240 860 3
240 860 3
240 860 3
240 860 3
246 80 2
246 80 3
246 80 3
246 80 3
246 80 3
246 80 3
288 1032 3
288 1032 3
288 1032 3
336 1204 2
336 1204 2
336 1204 2
336 1204 2
336 1204 3
336 1204 3
336 1204 3
336 1204 3
369 120 2
369 120 2
369 120 3
369 120 3
369 120 3
369 120 3
384 1376 2
384 1376 2
384 1376 3
384 1376 3
384 1376 3
384 1376 3
384 1376 3
432 1548 2
432 1548 2
432 1548 3
432 1548 3
432 1548 3
432 1548 3
432 1548 3
432 1548 3
480 1720 2
480 1720 2
480 1720 3
480 1720 3
492 160 3
492 160 3
492 160 3
615 200 2
615 200 3
615 200 3
615 200 3
615 200 3
738 240 3
738 240 3
738 240 3
738 240 3
861 280 3
861 280 3
861 280 3
861 280 3
984 320 3
984 320 3
984 320 3
984 320 3
984 320 3
984 320 3
984 320 3
1107 360 2
1107 360 3
1107 360 3
1230 400 2
1230 400 2
1230 400 3
1230 400 3
1230 400 3
1230 400 3
1230 400 3
1230 400 3
1230 400 3
48 172 2
48 172 2
48 172 3
48 172 3
48 172 3
96 344 2
96 344 3
96 344 3
96 344 3
123 40 2
123 40 2
123 40 3
123 40 3
123 40 3
123 40 3
123 40 3
123 40 3
123 40 3
144 516 2
144 516 2
144 516 3
144 516 3
144 516 3
192 688 2
192 688 2
192 688 3
192 688 3
192 688 3
192 688 3
240 860 3
240 860 3
240 860 3
240 860 3
246 80 2
246 80 2
246 80 3
246 80 3
246 80 3
246 80 3
246 80 3
288 1032 2
288 1032 2
288 1032 3
336 1204 2
336 1204 3
336 1204 3
336 1204 3
336 1204 3
369 120 2
369 120 2
369 120 3
369 120 3
369 120 3
369 120 3
369 120 3
384 1376 3
384 1376 3
384 1376 3
432 1548 3
432 1548 3
432 1548 3
480 1720 2
480 1720 3
480 1720 3
480 1720 3
492 160 3
492 160 3
492 160 3
492 160 3
492 160 3
615 200 2
615 200 2
615 200 3
615 200 3
615 200 3
615 200 3
615 200 3
738 240 2
861 280 3
861 280 3
984 320 2
984 320 3
984 320 3
984 320 3
984 320 3
984 320 3
984 320 3
984 320 3
984 320 3
1107 360 2
1107 360 3
1107 360 3
1107 360 3
1107 360 3
1107 360 3
1230 400 2
1230 400 2
1230 400 3
1230 400 3
1230 400 3
48 172 2
48 172 2
48 172 3
48 172 3
96 344 2
96 344 3
96 344 3
96 344 3
96 344 3
96 344 3
96 344 3
96 344 3
123 40 3
123 40 3
123 40 3
123 40 3
144 516 2
144 516 3
144 516 3
144 516 3
192 688 2
192 688 3
192 688 3
192 688 3
240 860 2
240 860 2
240 860 2
240 860 2
240 860 3
240 860 3
240 860 3
246 80 3
246 80 3
246 80 3
246 80 3
246 80 3
288 1032 3
288 1032 3
288 1032 3
288 1032 3
336 1204 2
336 1204 3
336 1204 3
336 1204 3
336 1204 3
369 120 2
369 120 3
369 120 3
369 120 3
369 120 3
369 120 3
369 120 3
369 120 3
384 1376 3
384 1376 3
384 1376 3
384 1376 3
384 1376 3
432 1548 2
432 1548 3
480 1720 2
480 1720 2
480 1720 3
480 1720 3
480 1720 3
480 1720 3
480 1720 3
480 1720 3
480 1720 3
480 1720 3
492 160 3
492 160 3
492 160 3
492 160 3
492 160 3
492 160 3
492 160 3
492 160 3
615 200 2
615 200 3
615 200 3
615 200 3
615 200 3
861 280 2
861 280 3
861 280 3
861 280 3
984 320 2
984 320 3
984 320 3
1107 360 3
1107 360 3
1107 360 3
1230 400 2
1230 400 3
1230 400 3
1230 400 3
1230 400 3
1230 400 3
1230 400 3
48 172 2
48 172 3
96 344 2
96 344 2
96 344 3
96 344 3
96 344 3
123 40 2
123 40 2
123 40 3
123 40 3
123 40 3
123 40 3
144 516 2
144 516 3
144 516 3
144 516 3
192 688 2
192 688 3
192 688 3
192 688 3
192 688 3
240 860 2
240 860 3
240 860 3
240 860 3
246 80 2
246 80 2
246 80 3
246 80 3
246 80 3
288 1032 2
288 1032 3
288 1032 3
288 1032 3
288 1032 3
288 1032 3
288 1032 3
288 1032 3
336 1204 3
336 1204 3
336 1204 3
336 1204 3
336 1204 3
336 1204 3
336 1204 3
336 1204 3
336 1204 3
369 120 3
369 120 3
369 120 3
369 120 3
369 120 3
384 1376 2
384 1376 3
384 1376 3
384 1376 3
384 1376 3
384 1376 3
384 1376 3
384 1376 3
432 1548 3
480 1720 2
480 1720 3
480 1720 3
480 1720 3
480 1720 3
480 1720 3
492 160 2
492 160 3
492 160 3
615 200 2
615 200 3
615 200 3
615 200 3
615 200 3
615 200 3
738 240 2
738 240 2
738 240 2
738 240 3
738 240 3
738 240 3
738 240 3
861 280 3
984 320 2
984 320 2
984 320 3
984 320 3
984 320 3
1107 360 2
1107 360 3
1107 360 3
1107 360 3
1107 360 3
1107 360 3
1107 360 3
1230 400 2
1230 400 3
1230 400 3
48 172 3
48 172 3
48 172 3
48 172 3
96 344 2
96 344 2
96 344 3
96 344 3
96 344 3
96 344 3
96 344 3
96 344 3
96 344 3
123 40 3
123 40 3
123 40 3
123 40 3
123 40 3
123 40 3
144 516 3
144 516 3
144 516 3
144 516 3
144 516 3
144 516 3
144 516 3
192 688 3
192 688 3
192 688 3
240 860 3
240 860 3
246 80 2
246 80 3
246 80 3
246 80 3
246 80 3
246 80 3
288 1032 3
288 1032 3
288 1032 3
288 1032 3
336 1204 2
336 1204 3
336 1204 3
369 120 2
369 120 3
369 120 3
369 120 3
384 1376 2
384 1376 2
384 1376 3
432 1548 3
432 1548 3
432 1548 3
432 1548 3
480 1720 3
480 1720 3
480 1720 3
480 1720 3
480 1720 3
480 1720 3
480 1720 3
480 1720 3
480 1720 3
492 160 3
492 160 3
492 160 3
492 160 3
615 200 2
615 200 3
615 200 3
615 200 3
615 200 3
615 200 3
615 200 3
615 200 3
615 200 3
738 240 3
738 240 3
738 240 3
738 240 3
738 240 3
738 240 3
738 240 3
861 280 2
861 280 2
861 280 3
861 280 3
861 280 3
861 280 3
984 320 3
984 320 3
984 320 3
1107 360 2
1107 360 2
1107 360 3
1230 400 2
1230 400 3
1230 400 3
1230 400 3
48 172 2
48 172 3
48 172 3
96 344 3
96 344 3
96 344 3
96 344 3
96 344 3
96 344 3
96 344 3
123 40 2
123 40 2
123 40 3
123 40 3
144 516 3
144 516 3
144 516 3
144 516 3
192 688 3
192 688 3
192 688 3
192 688 3
192 688 3
240 860 2
240 860 2
240 860 2
240 860 3
240 860 3
240 860 3
240 860 3
240 860 3
240 860 3
240 860 3
246 80 3
288 1032 2
288 1032 3
336 1204 2
336 1204 3
336 1204 3
336 1204 3
336 1204 3
369 120 3
369 120 3
369 120 3
369 120 3
369 120 3
384 1376 2
384 1376 2
384 1376 3
384 1376 3
384 1376 3
384 1376 3
432 1548 2
432 1548 2
432 1548 2
432 1548 3
432 1548 3
432 1548 3
432 1548 3
480 1720 2
480 1720 2
480 1720 3
480 1720 3
480 1720 3
492 160 3
492 160 3
615 200 2
615 200 3
615 200 3
615 200 3
738 240 3
738 240 3
738 240 3
738 240 3
738 240 3
861 280 2
861 280 3
861 280 3
861 280 3
861 280 3
861 280 3
861 280 3
861 280 3
984 320 2
984 320 3
984 320 3
1107 360 2
1107 360 3
1107 360 3
1107 360 3
1107 360 3
1230 400 2
1230 400 2
1230 400 3
1230 400 3
1230 400 3
1230 400 3
1230 400 3
1230 400 3
1230 400 3
48 172 3
48 172 3
48 172 3
48 172 3
48 172 3
96 344 3
96 344 3
96 344 3
96 344 3
96 344 3
96 344 3
123 40 2
123 40 2
123 40 3
123 40 3
123 40 3
144 516 2
144 516 3
144 516 3
144 516 3
144 516 3
192 688 2
192 688 2
192 688 3
192 688 3
192 688 3
192 688 3
192 688 3
192 688 3
192 688 3
240 860 3
240 860 3
240 860 3
246 80 2
288 1032 2
288 1032 2
288 1032 3
288 1032 3
288 1032 3
288 1032 3
288 1032 3
288 1032 3
288 1032 3
288 1032 3
288 1032 3
336 1204 2
336 1204 3
336 1204 3
336 1204 3
336 1204 3
336 1204 3
336 1204 3
336 1204 3
369 120 2
369 120 3
369 120 3
369 120 3
369 120 3
384 1376 2
384 1376 3
384 1376 3
384 1376 3
384 1376 3
432 1548 3
432 1548 3
480 1720 3
480 1720 3
480 1720 3
480 1720 3
480 1720 3
480 1720 3
492 160 2
492 160 3
492 160 3
492 160 3
615 200 2
615 200 2
615 200 3
615 200 3
615 200 3
738 240 2
738 240 3
738 240 3
738 240 3
738 240 3
738 240 3
861 280 3
861 280 3
984 320 2
984 320 3
984 320 3
984 320 3
984 320 3
1107 360 3
1107 360 3
1107 360 3
1107 360 3
1107 360 3
1107 360 3
1230 400 3
48 172 2
48 172 3
48 172 3
48 172 3
96 344 3
96 344 3
96 344 3
96 344 3
96 344 3
123 40 2
123 40 2
123 40 3
123 40 3
123 40 3
123 40 3
144 516 3
192 688 3
192 688 3
192 688 3
192 688 3
192 688 3
240 860 3
240 860 3
240 860 3
246 80 2
246 80 3
246 80 3
246 80 3
246 80 3
246 80 3
246 80 3
288 1032 3
288 1032 3
288 1032 3
288 1032 3
288 1032 3
336 1204 2
336 1204 3
336 1204 3
336 1204 3
336 1204 3
336 1204 3
336 1204 3
336 1204 3
369 120 3
369 120 3
369 120 3
369 120 3
369 120 3
369 120 3
384 1376 2
384 1376 2
384 1376 2
384 1376 3
384 1376 3
384 1376 3
432 1548 3
432 1548 3
432 1548 3
432 1548 3
480 1720 3
492 160 3
492 160 3
492 160 3
492 160 3
615 200 3
615 200 3
615 200 3
615 200 3
615 200 3
615 200 3
615 200 3
615 200 3
738 240 3
738 240 3
738 240 3
861 280 3
861 280 3
861 280 3
984 320 2
984 320 3
984 320 3
1107 360 2
1107 360 2
1107 360 2
1107 360 3
1107 360 3
1107 360 3
1107 360 3
1107 360 3
1107 360 3
1107 360 3
1230 400 2
1230 400 3
1230 400 3
1230 400 3
1230 400 3
1230 400 3
1230 400 3
1230 400 3
