500 100 1162670
5 146 244
5 60 188
5 66 205
5 131 222
5 146 243
5 95 235
5 146 199
5 98 237
5 90 150
5 93 158
5 106 242
5 109 225
5 142 164
5 84 240
5 103 174
5 57 165
5 88 238
5 135 249
5 71 151
5 103 178
5 72 180
5 74 155
5 66 161
5 128 250
5 100 209
5 119 195
5 79 215
5 65 242
5 92 162
5 96 230
5 105 215
5 103 235
5 72 233
5 107 225
5 62 201
5 117 204
5 148 197
5 149 194
5 53 217
5 72 153
5 94 241
5 144 176
5 85 210
5 109 195
5 70 193
5 93 170
5 61 151
5 103 172
5 111 234
5 60 214
5 125 226
5 73 166
5 146 184
5 68 162
5 92 154
5 53 158
5 77 211
5 149 193
5 77 198
5 86 178
5 97 161
5 72 204
5 131 221
5 61 152
5 115 206
5 132 205
5 61 229
5 76 232
5 131 221
5 117 217
5 91 204
5 127 230
5 141 197
5 111 213
5 109 160
5 63 238
5 124 232
5 93 194
5 50 222
5 127 213
5 140 239
5 104 238
5 73 190
5 93 229
5 78 202
5 95 204
5 77 155
5 66 151
5 127 163
5 70 151
5 89 245
5 58 202
5 81 245
5 85 171
5 75 163
5 98 196
5 122 217
5 104 173
5 51 180
5 103 228
1380 765 59
1840 1020 52
3680 2040 51
7785 6355 50
15570 12710 49
460 255 54
3680 2040 48
3680 2040 62
14013 11439 59
15570 12710 55
920 510 65
7785 6355 57
10899 8897 62
14013 11439 49
15570 12710 48
2760 1530 55
4140 2295 64
4600 2550 56
10899 8897 58
15570 12710 61
460 255 49
2300 1275 56
3680 2040 58
4140 2295 51
4671 3813 50
2760 1530 57
3220 1785 49
3220 1785 59
4140 2295 53
4600 2550 59
3680 2040 49
4671 3813 62
6228 5084 51
10899 8897 49
12456 10168 48
2300 1275 47
4671 3813 62
6228 5084 51
7785 6355 64
14013 11439 66
920 510 65
2300 1275 64
2760 1530 54
7785 6355 48
9342 7626 57
3220 1785 57
4140 2295 50
10899 8897 51
15570 12710 48
15570 12710 60
1380 765 58
2300 1275 59
4140 2295 57
4600 2550 54
4671 3813 51
920 510 58
2760 1530 65
3680 2040 54
7785 6355 66
9342 7626 51
1380 765 55
3680 2040 56
3680 2040 62
6228 5084 64
7785 6355 52
1840 1020 65
3220 1785 66
7785 6355 48
7785 6355 57
10899 8897 55
1380 765 66
4140 2295 56
4671 3813 60
7785 6355 62
14013 11439 48
460 255 66
4600 2550 59
7785 6355 52
7785 6355 62
9342 7626 65
460 255 52
1380 765 52
4671 3813 60
14013 11439 50
15570 12710 65
460 255 60
3220 1785 48
3680 2040 60
6228 5084 49
6228 5084 62
920 510 64
1840 1020 65
3680 2040 60
3680 2040 62
15570 12710 49
1380 765 54
6228 5084 62
7785 6355 53
10899 8897 56
12456 10168 56
1380 765 65
1557 1271 48
2760 1530 48
7785 6355 60
7785 6355 65
460 255 65
3220 1785 56
3220 1785 58
4671 3813 48
7785 6355 48
1380 765 58
10899 8897 59
10899 8897 61
12456 10168 52
15570 12710 51
4140 2295 62
4140 2295 62
6228 5084 60
10899 8897 62
15570 12710 58
2300 1275 56
6228 5084 53
7785 6355 56
12456 10168 49
15570 12710 59
1840 1020 65
2300 1275 63
4671 3813 50
10899 8897 54
15570 12710 49
460 255 54
3220 1785 55
4600 2550 57
12456 10168 53
12456 10168 54
920 510 57
1840 1020 62
3114 2542 58
7785 6355 63
10899 8897 64
920 510 60
1380 765 63
3220 1785 56
4140 2295 48
10899 8897 54
2300 1275 66
6228 5084 59
7785 6355 51
10899 8897 60
15570 12710 64
1840 1020 52
2760 1530 65
3680 2040 49
4671 3813 65
15570 12710 62
3114 2542 54
4600 2550 52
6228 5084 54
6228 5084 56
10899 8897 58
2300 1275 48
7785 6355 49
7785 6355 51
14013 11439 52
14013 11439 60
2300 1275 59
2760 1530 54
3114 2542 53
7785 6355 62
9342 7626 50
920 510 51
2760 1530 62
10899 8897 60
12456 10168 62
15570 12710 49
1380 765 51
1557 1271 55
1840 1020 62
3220 1785 59
6228 5084 63
4600 2550 47
4600 2550 60
6228 5084 62
12456 10168 57
15570 12710 52
1380 765 64
3220 1785 64
6228 5084 66
7785 6355 66
15570 12710 54
920 510 61
1840 1020 66
2760 1530 64
4671 3813 52
4671 3813 62
920 510 57
1557 1271 57
2760 1530 57
3220 1785 56
6228 5084 60
920 510 66
3114 2542 53
4140 2295 54
4600 2550 64
12456 10168 60
1557 1271 55
2760 1530 54
4671 3813 59
6228 5084 49
9342 7626 60
920 510 57
1380 765 59
1557 1271 61
3680 2040 65
10899 8897 48
460 255 58
3680 2040 55
9342 7626 62
12456 10168 50
14013 11439 48
1557 1271 47
2300 1275 55
3114 2542 60
7785 6355 52
12456 10168 60
1380 765 61
3220 1785 53
9342 7626 48
14013 11439 53
15570 12710 58
460 255 62
2760 1530 52
4600 2550 52
10899 8897 65
14013 11439 65
3220 1785 62
4600 2550 48
4671 3813 53
12456 10168 47
15570 12710 63
1840 1020 48
2760 1530 48
4671 3813 60
7785 6355 66
14013 11439 62
1380 765 50
2300 1275 51
4140 2295 47
9342 7626 49
9342 7626 60
920 510 49
920 510 65
1557 1271 66
3114 2542 54
4600 2550 55
1840 1020 52
1840 1020 62
2300 1275 47
2760 1530 50
3680 2040 53
1840 1020 66
3114 2542 56
3220 1785 53
3220 1785 66
4671 3813 56
920 510 55
920 510 64
4140 2295 51
12456 10168 63
12456 10168 64
2760 1530 66
3680 2040 59
4140 2295 60
7785 6355 51
10899 8897 54
460 255 62
2300 1275 66
6228 5084 63
14013 11439 48
14013 11439 57
3220 1785 64
4140 2295 50
4600 2550 59
6228 5084 51
14013 11439 63
1380 765 52
1840 1020 54
3680 2040 58
10899 8897 64
12456 10168 48
3680 2040 51
7785 6355 65
9342 7626 52
14013 11439 50
14013 11439 57
1557 1271 49
4671 3813 56
7785 6355 49
10899 8897 48
12456 10168 56
920 510 64
3220 1785 49
3220 1785 52
4140 2295 65
6228 5084 65
4140 2295 52
4600 2550 49
12456 10168 54
12456 10168 57
12456 10168 57
2300 1275 63
2760 1530 52
2760 1530 56
3114 2542 57
14013 11439 48
920 510 58
1380 765 57
4600 2550 51
6228 5084 47
10899 8897 60
1557 1271 52
3114 2542 65
3220 1785 63
3680 2040 60
12456 10168 51
460 255 55
1557 1271 57
1840 1020 49
4671 3813 57
6228 5084 65
460 255 54
2300 1275 52
2300 1275 61
2300 1275 63
7785 6355 65
2760 1530 48
3680 2040 62
4600 2550 52
9342 7626 65
14013 11439 51
1557 1271 59
4600 2550 49
4671 3813 60
7785 6355 58
9342 7626 57
1380 765 56
3220 1785 57
4600 2550 63
4600 2550 64
6228 5084 60
1557 1271 50
1557 1271 51
1840 1020 65
2760 1530 49
4671 3813 61
460 255 48
1557 1271 57
9342 7626 53
9342 7626 65
14013 11439 56
1380 765 55
1840 1020 49
4671 3813 52
7785 6355 64
14013 11439 49
460 255 59
2760 1530 54
4671 3813 59
6228 5084 49
12456 10168 61
2300 1275 56
3220 1785 64
4600 2550 59
9342 7626 65
12456 10168 64
1840 1020 59
3114 2542 48
6228 5084 57
6228 5084 60
7785 6355 57
1557 1271 49
1840 1020 64
6228 5084 56
7785 6355 52
12456 10168 57
1380 765 62
4140 2295 49
6228 5084 47
6228 5084 48
6228 5084 54
2760 1530 63
4600 2550 51
4671 3813 50
6228 5084 49
10899 8897 54
460 255 57
4140 2295 64
6228 5084 56
6228 5084 61
10899 8897 49
920 510 56
1380 765 48
1557 1271 66
2760 1530 56
14013 11439 50
3220 1785 52
4140 2295 65
4600 2550 60
7785 6355 60
9342 7626 57
4140 2295 56
4671 3813 51
6228 5084 58
7785 6355 56
14013 11439 55
460 255 47
460 255 55
3114 2542 49
3220 1785 60
7785 6355 60
1380 765 56
2760 1530 55
7785 6355 51
10899 8897 62
10899 8897 64
3114 2542 58
3220 1785 48
4140 2295 56
12456 10168 48
14013 11439 58
1380 765 57
1380 765 62
2760 1530 48
7785 6355 49
10899 8897 53
460 255 48
1557 1271 60
4600 2550 66
7785 6355 57
12456 10168 60
1840 1020 58
4140 2295 62
7785 6355 65
12456 10168 64
14013 11439 64
2760 1530 53
3220 1785 60
6228 5084 60
7785 6355 57
14013 11439 65
2300 1275 51
3114 2542 62
3220 1785 52
3220 1785 62
9342 7626 53
1840 1020 52
2760 1530 62
3114 2542 64
9342 7626 52
10899 8897 66
3114 2542 59
4140 2295 63
4600 2550 62
4671 3813 58
14013 11439 57
460 255 54
1380 765 60
1557 1271 58
10899 8897 51
10899 8897 52
920 510 56
1380 765 52
1380 765 57
2760 1530 59
4600 2550 49
1557 1271 64
1840 1020 59
3680 2040 59
7785 6355 62
15570 12710 65
460 255 51
1557 1271 64
3114 2542 48
3114 2542 59
10899 8897 52
4140 2295 65
4671 3813 54
10899 8897 66
14013 11439 54
15570 12710 53
460 255 60
460 255 62
1380 765 50
3220 1785 60
3680 2040 48
460 255 65
1557 1271 56
1840 1020 58
14013 11439 51
15570 12710 59
