2000 20 5291696
100 54 222
100 119 197
100 127 239
100 64 219
100 90 181
100 122 202
100 139 208
100 66 178
100 64 208
100 142 187
100 112 237
100 64 201
100 63 250
100 74 226
100 76 166
100 103 250
100 125 175
100 118 172
100 99 227
100 144 245
192 116 2
192 116 2
192 116 2
192 116 3
384 232 2
384 232 2
384 232 2
384 232 2
384 232 3
384 232 3
384 232 3
384 232 3
384 232 3
576 348 2
576 348 2
576 348 3
576 348 3
576 348 3
576 348 3
768 464 2
768 464 2
960 580 2
960 580 2
960 580 2
960 580 2
960 580 3
960 580 3
960 580 3
1152 696 2
1152 696 3
1152 696 3
1152 696 3
1152 696 3
1344 812 2
1344 812 2
1344 812 2
1344 812 3
1536 928 3
1536 928 3
1728 1044 2
1728 1044 2
1728 1044 3
1728 1044 3
1728 1044 3
1728 1044 3
1920 1160 2
1920 1160 3
1949 1775 2
1949 1775 2
1949 1775 2
1949 1775 3
1949 1775 3
3898 3550 2
3898 3550 3
3898 3550 3
3898 3550 3
5847 5325 2
5847 5325 2
5847 5325 2
5847 5325 2
5847 5325 2
5847 5325 2
5847 5325 3
5847 5325 3
5847 5325 3
7796 7100 3
7796 7100 3
7796 7100 3
7796 7100 3
9745 8875 2
9745 8875 2
9745 8875 2
9745 8875 2
9745 8875 2
9745 8875 3
11694 10650 2
11694 10650 2
11694 10650 2
11694 10650 2
11694 10650 3
11694 10650 3
11694 10650 3
11694 10650 3
13643 12425 2
13643 12425 2
13643 12425 3
13643 12425 3
15592 14200 2
15592 14200 2
15592 14200 2
15592 14200 3
15592 14200 3
17541 15975 2
17541 15975 2
17541 15975 2
17541 15975 3
17541 15975 3
19490 17750 2
19490 17750 3
19490 17750 3
192 116 2
192 116 2
192 116 2
192 116 3
192 116 3
384 232 2
384 232 2
384 232 3
384 232 3
384 232 3
384 232 3
576 348 2
576 348 2
576 348 2
576 348 2
576 348 3
576 348 3
576 348 3
576 348 3
576 348 3
576 348 3
576 348 3
768 464 2
768 464 2
768 464 3
768 464 3
768 464 3
960 580 2
960 580 2
960 580 3
960 580 3
960 580 3
1152 696 2
1152 696 2
1152 696 3
1152 696 3
1344 812 2
1344 812 2
1344 812 3
1536 928 2
1536 928 2
1536 928 2
1536 928 3
1728 1044 2
1728 1044 2
1728 1044 2
1728 1044 3
1920 1160 2
1920 1160 2
1920 1160 2
1920 1160 2
1920 1160 2
1920 1160 3
1949 1775 2
1949 1775 2
1949 1775 2
1949 1775 3
1949 1775 3
3898 3550 2
3898 3550 2
3898 3550 2
3898 3550 3
5847 5325 2
5847 5325 2
5847 5325 2
5847 5325 2
5847 5325 3
5847 5325 3
5847 5325 3
5847 5325 3
7796 7100 2
9745 8875 2
9745 8875 2
11694 10650 2
11694 10650 3
11694 10650 3
13643 12425 2
13643 12425 2
13643 12425 2
13643 12425 2
13643 12425 2
13643 12425 2
13643 12425 2
13643 12425 2
13643 12425 3
13643 12425 3
15592 14200 2
15592 14200 2
15592 14200 2
15592 14200 3
17541 15975 2
17541 15975 2
17541 15975 2
17541 15975 3
17541 15975 3
19490 17750 2
19490 17750 2
19490 17750 2
19490 17750 2
19490 17750 3
192 116 2
192 116 2
192 116 2
192 116 2
192 116 2
192 116 3
576 348 2
576 348 2
576 348 3
768 464 3
768 464 3
960 580 2
960 580 2
960 580 2
960 580 3
960 580 3
960 580 3
960 580 3
1152 696 2
1152 696 3
1152 696 3
1152 696 3
1152 696 3
1344 812 2
1344 812 2
1344 812 2
1344 812 3
1344 812 3
1344 812 3
1536 928 2
1536 928 2
1536 928 2
1536 928 3
1728 1044 2
1728 1044 2
1728 1044 3
1920 1160 2
1920 1160 2
1920 1160 2
1920 1160 2
1920 1160 3
1949 1775 2
1949 1775 2
1949 1775 2
1949 1775 2
1949 1775 2
1949 1775 2
1949 1775 3
1949 1775 3
1949 1775 3
1949 1775 3
3898 3550 2
3898 3550 3
3898 3550 3
5847 5325 2
5847 5325 2
5847 5325 2
5847 5325 3
7796 7100 2
7796 7100 2
7796 7100 2
7796 7100 2
7796 7100 3
7796 7100 3
7796 7100 3
7796 7100 3
9745 8875 2
9745 8875 2
9745 8875 3
9745 8875 3
11694 10650 2
11694 10650 3
11694 10650 3
11694 10650 3
11694 10650 3
11694 10650 3
11694 10650 3
13643 12425 2
13643 12425 2
13643 12425 2
13643 12425 2
13643 12425 3
13643 12425 3
13643 12425 3
13643 12425 3
15592 14200 2
15592 14200 2
15592 14200 2
15592 14200 2
15592 14200 3
15592 14200 3
15592 14200 3
17541 15975 2
17541 15975 2
17541 15975 2
17541 15975 3
19490 17750 2
19490 17750 3
19490 17750 3
19490 17750 3
192 116 2
192 116 2
192 116 2
192 116 3
384 232 2
384 232 2
384 232 2
384 232 3
576 348 2
576 348 2
576 348 2
576 348 2
576 348 2
576 348 3
576 348 3
768 464 2
768 464 2
960 580 2
960 580 2
960 580 2
960 580 3
960 580 3
1152 696 2
1152 696 3
1152 696 3
1344 812 2
1344 812 2
1344 812 2
1344 812 3
1344 812 3
1344 812 3
1344 812 3
1536 928 2
1536 928 2
1536 928 2
1536 928 2
1536 928 3
1536 928 3
1536 928 3
1536 928 3
1728 1044 2
1728 1044 2
1728 1044 2
1728 1044 3
1728 1044 3
1728 1044 3
1920 1160 2
1920 1160 2
1920 1160 2
1920 1160 2
1920 1160 3
1949 1775 2
1949 1775 2
1949 1775 2
1949 1775 3
1949 1775 3
1949 1775 3
3898 3550 2
3898 3550 2
3898 3550 2
3898 3550 2
3898 3550 2
3898 3550 3
5847 5325 2
5847 5325 2
5847 5325 2
5847 5325 2
5847 5325 2
5847 5325 3
7796 7100 2
7796 7100 2
7796 7100 2
7796 7100 3
9745 8875 2
9745 8875 2
9745 8875 2
9745 8875 3
9745 8875 3
9745 8875 3
11694 10650 2
11694 10650 2
11694 10650 2
11694 10650 2
11694 10650 3
11694 10650 3
11694 10650 3
13643 12425 2
13643 12425 2
13643 12425 2
13643 12425 3
15592 14200 2
15592 14200 3
15592 14200 3
15592 14200 3
17541 15975 2
17541 15975 2
17541 15975 2
17541 15975 3
17541 15975 3
17541 15975 3
192 116 2
192 116 2
192 116 2
192 116 3
192 116 3
384 232 2
384 232 3
384 232 3
384 232 3
576 348 2
576 348 2
576 348 2
768 464 2
768 464 3
768 464 3
768 464 3
768 464 3
768 464 3
768 464 3
768 464 3
960 580 2
960 580 2
960 580 3
960 580 3
960 580 3
960 580 3
1152 696 2
1344 812 2
1344 812 2
1344 812 3
1536 928 2
1536 928 2
1536 928 3
1728 1044 2
1728 1044 2
1728 1044 2
1728 1044 2
1728 1044 2
1728 1044 3
1728 1044 3
1920 1160 2
1920 1160 2
1920 1160 2
1920 1160 3
1920 1160 3
1920 1160 3
1949 1775 2
3898 3550 2
3898 3550 2
3898 3550 3
3898 3550 3
5847 5325 2
5847 5325 2
5847 5325 3
7796 7100 2
7796 7100 2
7796 7100 2
7796 7100 3
7796 7100 3
7796 7100 3
9745 8875 2
9745 8875 2
9745 8875 3
9745 8875 3
9745 8875 3
9745 8875 3
11694 10650 2
11694 10650 2
11694 10650 2
11694 10650 2
11694 10650 2
11694 10650 3
11694 10650 3
11694 10650 3
13643 12425 2
13643 12425 2
13643 12425 2
13643 12425 3
13643 12425 3
13643 12425 3
15592 14200 2
15592 14200 2
15592 14200 2
15592 14200 2
15592 14200 2
15592 14200 2
15592 14200 2
15592 14200 2
15592 14200 2
15592 14200 2
15592 14200 3
17541 15975 2
17541 15975 3
17541 15975 3
19490 17750 2
19490 17750 2
19490 17750 2
19490 17750 2
19490 17750 3
19490 17750 3
192 116 2
192 116 2
192 116 3
192 116 3
192 116 3
384 232 2
384 232 2
384 232 2
384 232 2
384 232 3
576 348 3
576 348 3
576 348 3
768 464 2
768 464 2
768 464 2
768 464 2
768 464 2
768 464 2
768 464 3
768 464 3
960 580 2
960 580 2
960 580 2
960 580 2
960 580 3
960 580 3
960 580 3
1152 696 2
1152 696 2
1152 696 3
1152 696 3
1344 812 3
1344 812 3
1344 812 3
1536 928 2
1536 928 2
1536 928 3
1536 928 3
1536 928 3
1728 1044 2
1728 1044 2
1728 1044 2
1728 1044 2
1728 1044 3
1728 1044 3
1920 1160 2
1920 1160 2
1920 1160 3
1920 1160 3
1920 1160 3
1949 1775 2
1949 1775 2
1949 1775 3
1949 1775 3
1949 1775 3
3898 3550 2
3898 3550 2
5847 5325 2
5847 5325 2
5847 5325 2
5847 5325 3
7796 7100 2
7796 7100 2
7796 7100 2
7796 7100 3
7796 7100 3
7796 7100 3
11694 10650 2
11694 10650 2
11694 10650 2
11694 10650 3
11694 10650 3
11694 10650 3
11694 10650 3
11694 10650 3
11694 10650 3
11694 10650 3
11694 10650 3
13643 12425 2
13643 12425 2
13643 12425 2
13643 12425 3
13643 12425 3
13643 12425 3
15592 14200 2
15592 14200 2
15592 14200 2
15592 14200 3
15592 14200 3
17541 15975 2
17541 15975 2
17541 15975 3
17541 15975 3
17541 15975 3
17541 15975 3
19490 17750 2
19490 17750 3
19490 17750 3
19490 17750 3
192 116 2
192 116 2
192 116 2
192 116 2
192 116 3
384 232 2
384 232 3
384 232 3
384 232 3
384 232 3
576 348 2
576 348 2
576 348 3
768 464 2
768 464 2
768 464 2
768 464 2
768 464 2
768 464 3
768 464 3
768 464 3
960 580 2
960 580 2
960 580 3
960 580 3
960 580 3
960 580 3
960 580 3
1152 696 2
1152 696 2
1152 696 2
1152 696 3
1344 812 2
1344 812 2
1536 928 2
1536 928 2
1536 928 2
1536 928 2
1536 928 3
1536 928 3
1536 928 3
1728 1044 2
1728 1044 2
1728 1044 2
1728 1044 2
1728 1044 2
1728 1044 3
1728 1044 3
1920 1160 2
1920 1160 2
1920 1160 2
1920 1160 3
1920 1160 3
1949 1775 3
1949 1775 3
1949 1775 3
3898 3550 2
3898 3550 2
3898 3550 2
3898 3550 3
3898 3550 3
5847 5325 2
5847 5325 2
5847 5325 2
5847 5325 2
5847 5325 3
7796 7100 2
7796 7100 3
7796 7100 3
9745 8875 2
9745 8875 2
9745 8875 2
9745 8875 2
9745 8875 2
9745 8875 3
11694 10650 2
11694 10650 2
11694 10650 2
11694 10650 2
11694 10650 3
13643 12425 2
13643 12425 3
13643 12425 3
13643 12425 3
15592 14200 2
15592 14200 2
15592 14200 2
15592 14200 2
15592 14200 2
15592 14200 3
15592 14200 3
15592 14200 3
17541 15975 2
17541 15975 2
19490 17750 2
19490 17750 2
19490 17750 2
19490 17750 2
19490 17750 3
19490 17750 3
192 116 2
192 116 2
192 116 2
192 116 2
192 116 2
192 116 3
384 232 3
384 232 3
384 232 3
384 232 3
384 232 3
384 232 3
384 232 3
576 348 2
576 348 2
768 464 2
768 464 2
768 464 3
960 580 2
960 580 3
960 580 3
1152 696 2
1152 696 2
1152 696 3
1344 812 2
1344 812 3
1536 928 2
1728 1044 2
1728 1044 2
1728 1044 2
1728 1044 2
1728 1044 3
1920 1160 2
1920 1160 2
1920 1160 2
1949 1775 2
1949 1775 2
1949 1775 2
1949 1775 2
1949 1775 2
1949 1775 3
1949 1775 3
3898 3550 2
3898 3550 2
3898 3550 2
3898 3550 3
3898 3550 3
3898 3550 3
3898 3550 3
5847 5325 2
5847 5325 2
5847 5325 2
5847 5325 2
5847 5325 2
5847 5325 3
5847 5325 3
5847 5325 3
5847 5325 3
7796 7100 2
7796 7100 2
7796 7100 3
7796 7100 3
9745 8875 2
9745 8875 2
9745 8875 3
9745 8875 3
9745 8875 3
9745 8875 3
11694 10650 2
11694 10650 2
11694 10650 2
11694 10650 3
11694 10650 3
11694 10650 3
11694 10650 3
11694 10650 3
13643 12425 2
13643 12425 2
13643 12425 2
13643 12425 3
13643 12425 3
15592 14200 2
15592 14200 2
15592 14200 3
15592 14200 3
15592 14200 3
17541 15975 2
17541 15975 2
17541 15975 2
17541 15975 3
17541 15975 3
17541 15975 3
17541 15975 3
19490 17750 2
19490 17750 2
19490 17750 2
19490 17750 3
19490 17750 3
19490 17750 3
19490 17750 3
192 116 2
192 116 2
192 116 2
192 116 2
192 116 2
192 116 3
192 116 3
192 116 3
384 232 2
384 232 2
384 232 3
384 232 3
576 348 2
576 348 2
576 348 2
576 348 2
576 348 3
576 348 3
576 348 3
576 348 3
768 464 2
768 464 3
768 464 3
960 580 2
960 580 2
960 580 3
1152 696 2
1152 696 3
1152 696 3
1152 696 3
1344 812 2
1344 812 2
1344 812 2
1344 812 2
1344 812 2
1344 812 3
1344 812 3
1344 812 3
1344 812 3
1344 812 3
1344 812 3
1536 928 2
1536 928 2
1536 928 3
1536 928 3
1728 1044 3
1728 1044 3
1728 1044 3
1728 1044 3
1728 1044 3
1920 1160 2
1920 1160 2
1920 1160 3
1949 1775 2
1949 1775 3
1949 1775 3
3898 3550 2
3898 3550 3
5847 5325 2
5847 5325 2
5847 5325 3
5847 5325 3
7796 7100 2
7796 7100 3
7796 7100 3
9745 8875 2
9745 8875 2
9745 8875 2
9745 8875 2
9745 8875 2
9745 8875 2
9745 8875 2
9745 8875 3
9745 8875 3
9745 8875 3
9745 8875 3
9745 8875 3
11694 10650 2
11694 10650 2
11694 10650 2
11694 10650 2
11694 10650 2
11694 10650 2
11694 10650 2
11694 10650 3
11694 10650 3
13643 12425 2
13643 12425 2
13643 12425 3
13643 12425 3
13643 12425 3
15592 14200 2
15592 14200 3
17541 15975 2
17541 15975 2
17541 15975 2
17541 15975 2
17541 15975 3
19490 17750 2
19490 17750 2
192 116 2
192 116 2
192 116 2
192 116 3
384 232 2
384 232 2
384 232 2
384 232 3
384 232 3
576 348 3
576 348 3
576 348 3
768 464 2
768 464 2
768 464 2
768 464 2
960 580 2
1152 696 2
1152 696 2
1152 696 2
1152 696 2
1152 696 2
1152 696 2
1152 696 3
1152 696 3
1152 696 3
1152 696 3
1152 696 3
1344 812 2
1344 812 2
1344 812 2
1344 812 2
1344 812 2
1344 812 2
1344 812 2
1344 812 2
1344 812 3
1344 812 3
1344 812 3
1344 812 3
1536 928 2
1536 928 2
1536 928 3
1728 1044 2
1728 1044 2
1728 1044 3
1728 1044 3
1728 1044 3
1920 1160 2
1920 1160 2
1920 1160 2
1920 1160 2
1920 1160 3
1949 1775 2
1949 1775 2
1949 1775 3
3898 3550 2
3898 3550 2
3898 3550 2
3898 3550 3
3898 3550 3
5847 5325 2
5847 5325 2
5847 5325 2
5847 5325 3
5847 5325 3
5847 5325 3
5847 5325 3
5847 5325 3
5847 5325 3
7796 7100 2
7796 7100 2
7796 7100 3
7796 7100 3
7796 7100 3
7796 7100 3
9745 8875 2
9745 8875 2
9745 8875 2
9745 8875 2
9745 8875 3
9745 8875 3
11694 10650 3
11694 10650 3
11694 10650 3
13643 12425 2
13643 12425 2
13643 12425 2
13643 12425 3
13643 12425 3
13643 12425 3
15592 14200 2
15592 14200 2
15592 14200 3
15592 14200 3
15592 14200 3
15592 14200 3
17541 15975 3
19490 17750 2
19490 17750 3
192 116 2
192 116 2
192 116 2
192 116 2
192 116 3
192 116 3
384 232 2
384 232 3
576 348 2
576 348 2
576 348 2
576 348 2
576 348 2
576 348 3
576 348 3
576 348 3
576 348 3
576 348 3
768 464 2
768 464 3
768 464 3
768 464 3
768 464 3
960 580 3
1152 696 2
1152 696 2
1152 696 3
1344 812 2
1344 812 3
1344 812 3
1536 928 2
1536 928 3
1728 1044 2
1728 1044 2
1728 1044 2
1728 1044 3
1728 1044 3
1728 1044 3
1728 1044 3
1728 1044 3
1920 1160 2
1920 1160 2
1920 1160 2
1920 1160 2
1920 1160 2
1920 1160 3
1920 1160 3
1920 1160 3
1949 1775 2
1949 1775 2
1949 1775 2
1949 1775 3
1949 1775 3
1949 1775 3
1949 1775 3
1949 1775 3
1949 1775 3
3898 3550 2
3898 3550 2
3898 3550 3
3898 3550 3
3898 3550 3
5847 5325 3
5847 5325 3
5847 5325 3
5847 5325 3
7796 7100 2
7796 7100 2
9745 8875 2
9745 8875 2
9745 8875 2
9745 8875 3
9745 8875 3
11694 10650 2
11694 10650 3
11694 10650 3
11694 10650 3
13643 12425 2
13643 12425 2
13643 12425 2
13643 12425 2
13643 12425 2
13643 12425 2
13643 12425 3
15592 14200 2
15592 14200 2
15592 14200 2
15592 14200 2
15592 14200 3
15592 14200 3
15592 14200 3
17541 15975 2
17541 15975 2
17541 15975 2
17541 15975 3
19490 17750 2
19490 17750 2
19490 17750 2
19490 17750 2
19490 17750 3
192 116 2
192 116 3
192 116 3
384 232 2
384 232 2
576 348 2
576 348 2
576 348 2
576 348 3
576 348 3
576 348 3
768 464 2
768 464 2
768 464 2
960 580 2
960 580 2
960 580 2
960 580 3
960 580 3
960 580 3
960 580 3
1152 696 2
1152 696 3
1152 696 3
1152 696 3
1152 696 3
1344 812 2
1344 812 2
1344 812 3
1344 812 3
1536 928 2
1536 928 2
1536 928 3
1728 1044 2
1728 1044 2
1728 1044 3
1728 1044 3
1920 1160 3
1920 1160 3
1920 1160 3
1949 1775 2
1949 1775 2
1949 1775 3
1949 1775 3
1949 1775 3
3898 3550 2
3898 3550 2
3898 3550 2
3898 3550 2
3898 3550 3
3898 3550 3
3898 3550 3
5847 5325 2
5847 5325 2
5847 5325 3
5847 5325 3
5847 5325 3
7796 7100 2
7796 7100 3
7796 7100 3
7796 7100 3
7796 7100 3
9745 8875 2
9745 8875 2
9745 8875 2
9745 8875 3
9745 8875 3
9745 8875 3
11694 10650 2
11694 10650 2
11694 10650 2
11694 10650 2
11694 10650 2
13643 12425 2
13643 12425 2
13643 12425 2
13643 12425 2
13643 12425 3
13643 12425 3
13643 12425 3
15592 14200 2
15592 14200 2
15592 14200 2
15592 14200 2
15592 14200 3
15592 14200 3
15592 14200 3
17541 15975 2
17541 15975 2
17541 15975 2
17541 15975 2
17541 15975 3
17541 15975 3
17541 15975 3
17541 15975 3
19490 17750 2
19490 17750 3
19490 17750 3
19490 17750 3
19490 17750 3
192 116 2
192 116 2
192 116 3
192 116 3
192 116 3
192 116 3
384 232 2
384 232 2
384 232 2
384 232 2
384 232 2
384 232 2
384 232 3
384 232 3
384 232 3
576 348 2
576 348 2
576 348 2
576 348 3
768 464 2
768 464 2
768 464 2
960 580 2
960 580 2
960 580 3
960 580 3
1152 696 2
1152 696 3
1344 812 2
1344 812 3
1344 812 3
1344 812 3
1536 928 2
1536 928 2
1536 928 2
1536 928 2
1536 928 3
1536 928 3
1536 928 3
1536 928 3
1536 928 3
1536 928 3
1728 1044 2
1728 1044 2
1728 1044 2
1728 1044 2
1728 1044 3
1920 1160 2
1920 1160 3
1920 1160 3
1949 1775 2
3898 3550 2
3898 3550 2
3898 3550 2
3898 3550 2
3898 3550 3
3898 3550 3
5847 5325 2
5847 5325 2
5847 5325 2
5847 5325 2
5847 5325 3
5847 5325 3
7796 7100 2
7796 7100 2
7796 7100 3
9745 8875 2
9745 8875 2
9745 8875 2
9745 8875 3
9745 8875 3
9745 8875 3
9745 8875 3
11694 10650 2
11694 10650 2
11694 10650 2
11694 10650 3
11694 10650 3
13643 12425 2
13643 12425 2
13643 12425 2
13643 12425 2
13643 12425 3
13643 12425 3
15592 14200 2
15592 14200 2
15592 14200 2
15592 14200 2
15592 14200 2
15592 14200 3
15592 14200 3
17541 15975 2
17541 15975 2
19490 17750 2
19490 17750 2
19490 17750 2
19490 17750 3
19490 17750 3
19490 17750 3
19490 17750 3
192 116 2
192 116 2
192 116 2
192 116 3
192 116 3
192 116 3
192 116 3
192 116 3
192 116 3
384 232 2
384 232 2
384 232 3
384 232 3
384 232 3
576 348 2
576 348 2
576 348 2
576 348 3
576 348 3
576 348 3
768 464 2
768 464 3
768 464 3
768 464 3
960 580 2
960 580 2
960 580 3
960 580 3
1152 696 2
1152 696 3
1152 696 3
1344 812 2
1344 812 2
1536 928 2
1536 928 2
1536 928 2
1536 928 3
1728 1044 2
1728 1044 2
1728 1044 2
1728 1044 2
1728 1044 3
1728 1044 3
1728 1044 3
1728 1044 3
1728 1044 3
1920 1160 2
1920 1160 2
1949 1775 2
1949 1775 2
1949 1775 2
1949 1775 2
3898 3550 2
3898 3550 2
3898 3550 2
3898 3550 2
3898 3550 2
3898 3550 2
3898 3550 2
3898 3550 3
3898 3550 3
5847 5325 2
5847 5325 2
5847 5325 3
5847 5325 3
7796 7100 2
7796 7100 2
7796 7100 3
7796 7100 3
7796 7100 3
7796 7100 3
9745 8875 2
9745 8875 2
9745 8875 2
9745 8875 2
9745 8875 3
9745 8875 3
9745 8875 3
11694 10650 2
11694 10650 2
11694 10650 3
11694 10650 3
13643 12425 2
13643 12425 2
13643 12425 2
13643 12425 3
15592 14200 2
15592 14200 2
15592 14200 2
15592 14200 3
15592 14200 3
17541 15975 2
17541 15975 2
17541 15975 3
17541 15975 3
19490 17750 2
19490 17750 3
19490 17750 3
19490 17750 3
19490 17750 3
192 116 2
192 116 2
192 116 2
192 116 2
192 116 2
192 116 3
384 232 2
384 232 3
384 232 3
576 348 2
576 348 2
576 348 2
576 348 2
576 348 2
576 348 2
576 348 3
576 348 3
768 464 2
768 464 2
960 580 2
960 580 2
960 580 3
960 580 3
1152 696 2
1152 696 3
1152 696 3
1152 696 3
1344 812 2
1344 812 2
1344 812 2
1344 812 2
1536 928 2
1536 928 2
1536 928 2
1536 928 2
1536 928 2
1536 928 3
1728 1044 2
1728 1044 2
1728 1044 2
1728 1044 3
1728 1044 3
1728 1044 3
1728 1044 3
1728 1044 3
1920 1160 2
1920 1160 2
1920 1160 2
1920 1160 2
1920 1160 3
1920 1160 3
1949 1775 2
1949 1775 2
1949 1775 3
1949 1775 3
3898 3550 2
3898 3550 2
3898 3550 2
3898 3550 2
5847 5325 2
5847 5325 2
5847 5325 2
5847 5325 2
5847 5325 2
5847 5325 3
5847 5325 3
5847 5325 3
7796 7100 2
7796 7100 2
7796 7100 2
7796 7100 3
7796 7100 3
9745 8875 2
9745 8875 3
9745 8875 3
9745 8875 3
11694 10650 2
11694 10650 2
11694 10650 2
11694 10650 2
11694 10650 2
11694 10650 3
11694 10650 3
13643 12425 2
13643 12425 3
13643 12425 3
13643 12425 3
15592 14200 2
15592 14200 2
15592 14200 3
15592 14200 3
17541 15975 2
17541 15975 2
17541 15975 2
17541 15975 3
19490 17750 2
19490 17750 2
19490 17750 3
19490 17750 3
19490 17750 3
192 116 2
192 116 2
192 116 3
192 116 3
192 116 3
192 116 3
384 232 2
384 232 2
384 232 3
384 232 3
384 232 3
576 348 2
576 348 2
576 348 3
768 464 2
768 464 2
768 464 3
768 464 3
768 464 3
768 464 3
960 580 2
960 580 3
960 580 3
960 580 3
1152 696 2
1152 696 2
1152 696 2
1152 696 3
1152 696 3
1344 812 2
1344 812 2
1344 812 2
1344 812 2
1344 812 3
1536 928 2
1536 928 2
1728 1044 2
1728 1044 2
1728 1044 2
1728 1044 2
1728 1044 3
1728 1044 3
1728 1044 3
1920 1160 2
1920 1160 2
1920 1160 2
1920 1160 3
1920 1160 3
1920 1160 3
1949 1775 3
1949 1775 3
1949 1775 3
3898 3550 2
3898 3550 3
3898 3550 3
3898 3550 3
3898 3550 3
3898 3550 3
5847 5325 2
5847 5325 2
5847 5325 2
5847 5325 3
5847 5325 3
5847 5325 3
7796 7100 2
7796 7100 2
7796 7100 3
7796 7100 3
7796 7100 3
7796 7100 3
7796 7100 3
7796 7100 3
9745 8875 2
9745 8875 2
9745 8875 2
9745 8875 2
9745 8875 3
9745 8875 3
11694 10650 2
11694 10650 2
11694 10650 3
11694 10650 3
13643 12425 2
13643 12425 2
15592 14200 2
15592 14200 2
15592 14200 2
15592 14200 3
15592 14200 3
15592 14200 3
15592 14200 3
15592 14200 3
17541 15975 2
17541 15975 3
17541 15975 3
17541 15975 3
19490 17750 2
19490 17750 2
19490 17750 3
19490 17750 3
192 116 2
192 116 3
192 116 3
576 348 2
576 348 3
576 348 3
576 348 3
576 348 3
576 348 3
576 348 3
768 464 2
768 464 2
768 464 2
768 464 2
768 464 2
768 464 3
960 580 2
960 580 2
960 580 2
960 580 2
960 580 3
960 580 3
960 580 3
960 580 3
1152 696 2
1152 696 2
1152 696 2
1152 696 2
1152 696 2
1152 696 3
1152 696 3
1344 812 2
1344 812 2
1344 812 3
1536 928 2
1536 928 2
1536 928 2
1536 928 2
1536 928 3
1536 928 3
1536 928 3
1536 928 3
1728 1044 2
1728 1044 2
1728 1044 2
1728 1044 3
1920 1160 2
1920 1160 3
1920 1160 3
1920 1160 3
1949 1775 2
1949 1775 2
1949 1775 2
1949 1775 2
1949 1775 3
1949 1775 3
3898 3550 2
3898 3550 2
3898 3550 2
3898 3550 2
3898 3550 3
5847 5325 2
5847 5325 3
5847 5325 3
7796 7100 2
7796 7100 2
7796 7100 3
7796 7100 3
9745 8875 2
9745 8875 2
9745 8875 2
11694 10650 2
11694 10650 2
11694 10650 2
11694 10650 2
11694 10650 3
11694 10650 3
13643 12425 2
13643 12425 2
13643 12425 3
13643 12425 3
13643 12425 3
15592 14200 2
15592 14200 2
15592 14200 2
15592 14200 2
15592 14200 2
15592 14200 3
15592 14200 3
15592 14200 3
15592 14200 3
15592 14200 3
17541 15975 2
17541 15975 3
17541 15975 3
19490 17750 2
19490 17750 2
19490 17750 2
19490 17750 3
19490 17750 3
192 116 2
192 116 2
192 116 2
192 116 2
192 116 2
192 116 2
192 116 2
192 116 2
192 116 3
384 232 2
384 232 3
384 232 3
576 348 2
576 348 2
576 348 3
576 348 3
576 348 3
768 464 2
768 464 3
768 464 3
960 580 2
960 580 2
960 580 2
960 580 2
960 580 3
960 580 3
1152 696 2
1152 696 3
1152 696 3
1344 812 3
1344 812 3
1536 928 2
1536 928 2
1536 928 2
1536 928 2
1536 928 2
1536 928 3
1536 928 3
1728 1044 2
1728 1044 3
1728 1044 3
1920 1160 2
1920 1160 2
1920 1160 2
1920 1160 3
1920 1160 3
1949 1775 2
1949 1775 2
1949 1775 3
1949 1775 3
1949 1775 3
1949 1775 3
1949 1775 3
3898 3550 2
3898 3550 3
3898 3550 3
5847 5325 2
5847 5325 2
5847 5325 2
5847 5325 2
5847 5325 3
5847 5325 3
7796 7100 2
7796 7100 2
7796 7100 2
7796 7100 2
7796 7100 2
7796 7100 3
7796 7100 3
7796 7100 3
7796 7100 3
9745 8875 2
9745 8875 2
9745 8875 2
9745 8875 2
9745 8875 3
9745 8875 3
9745 8875 3
9745 8875 3
11694 10650 2
11694 10650 2
11694 10650 3
11694 10650 3
11694 10650 3
13643 12425 2
13643 12425 2
13643 12425 2
13643 12425 3
13643 12425 3
15592 14200 2
17541 15975 2
17541 15975 3
17541 15975 3
17541 15975 3
17541 15975 3
19490 17750 2
19490 17750 2
19490 17750 3
19490 17750 3
19490 17750 3
192 116 2
192 116 3
192 116 3
192 116 3
384 232 2
384 232 2
384 232 2
384 232 2
384 232 2
384 232 3
384 232 3
384 232 3
576 348 2
576 348 3
576 348 3
768 464 2
768 464 2
768 464 3
768 464 3
960 580 2
960 580 3
960 580 3
1152 696 2
1152 696 2
1152 696 2
1152 696 2
1152 696 3
1152 696 3
1152 696 3
1344 812 2
1344 812 2
1344 812 2
1344 812 3
1344 812 3
1344 812 3
1344 812 3
1344 812 3
1344 812 3
1536 928 2
1536 928 2
1536 928 2
1536 928 2
1536 928 3
1536 928 3
1536 928 3
1728 1044 2
1728 1044 2
1728 1044 3
1728 1044 3
1920 1160 2
1920 1160 2
1920 1160 2
1920 1160 2
1920 1160 3
1920 1160 3
1920 1160 3
1920 1160 3
1949 1775 2
1949 1775 2
1949 1775 2
1949 1775 3
1949 1775 3
1949 1775 3
1949 1775 3
1949 1775 3
3898 3550 2
3898 3550 2
3898 3550 2
3898 3550 2
3898 3550 3
3898 3550 3
5847 5325 2
5847 5325 2
5847 5325 2
5847 5325 2
5847 5325 3
7796 7100 2
7796 7100 3
7796 7100 3
7796 7100 3
9745 8875 2
9745 8875 2
9745 8875 2
9745 8875 3
9745 8875 3
9745 8875 3
9745 8875 3
9745 8875 3
9745 8875 3
11694 10650 2
13643 12425 2
13643 12425 2
13643 12425 3
13643 12425 3
13643 12425 3
15592 14200 2
15592 14200 2
15592 14200 3
15592 14200 3
19490 17750 3
192 116 3
192 116 3
192 116 3
384 232 2
384 232 2
384 232 2
384 232 2
384 232 3
384 232 3
384 232 3
576 348 2
576 348 2
576 348 2
576 348 2
576 348 2
576 348 2
576 348 3
576 348 3
768 464 2
768 464 3
960 580 2
960 580 3
960 580 3
960 580 3
960 580 3
1152 696 2
1152 696 2
1152 696 2
1152 696 2
1152 696 2
1152 696 3
1152 696 3
1344 812 2
1344 812 3
1344 812 3
1344 812 3
1344 812 3
1536 928 2
1536 928 2
1536 928 2
1536 928 2
1536 928 3
1536 928 3
1536 928 3
1536 928 3
1728 1044 2
1728 1044 2
1728 1044 2
1920 1160 3
1949 1775 2
1949 1775 2
1949 1775 3
3898 3550 2
3898 3550 2
3898 3550 2
3898 3550 3
3898 3550 3
3898 3550 3
5847 5325 2
5847 5325 2
5847 5325 2
5847 5325 2
5847 5325 2
5847 5325 2
5847 5325 3
5847 5325 3
5847 5325 3
7796 7100 2
7796 7100 2
7796 7100 2
7796 7100 2
7796 7100 3
7796 7100 3
9745 8875 2
9745 8875 2
9745 8875 3
9745 8875 3
11694 10650 2
11694 10650 3
13643 12425 2
13643 12425 2
13643 12425 2
13643 12425 2
13643 12425 2
13643 12425 3
13643 12425 3
15592 14200 2
15592 14200 2
15592 14200 3
15592 14200 3
15592 14200 3
17541 15975 2
17541 15975 2
17541 15975 2
17541 15975 2
17541 15975 3
17541 15975 3
17541 15975 3
19490 17750 2
19490 17750 3
