1000 20 823466
50 150 152
50 104 192
50 145 177
50 55 244
50 135 244
50 138 246
50 87 183
50 53 240
50 137 221
50 122 153
50 75 218
50 129 240
50 64 249
50 77 249
50 65 195
50 115 172
50 124 205
50 103 153
50 65 177
50 132 214
1001 45 5
1001 45 6
1115 562 5
1115 562 5
1115 562 6
2002 90 6
2002 90 6
2230 1124 5
3003 135 5
3345 1686 5
3345 1686 5
3345 1686 6
3345 1686 6
3345 1686 6
3345 1686 7
4004 180 6
4004 180 7
4460 2248 5
4460 2248 6
4460 2248 6
5005 225 5
5005 225 5
5005 225 6
5575 2810 5
5575 2810 5
5575 2810 6
5575 2810 6
6690 3372 5
6690 3372 5
6690 3372 6
7007 315 6
7007 315 6
7805 3934 5
7805 3934 5
7805 3934 5
7805 3934 5
7805 3934 5
7805 3934 6
7805 3934 6
8008 360 5
8008 360 6
8008 360 6
8008 360 6
8920 4496 5
8920 4496 5
9009 405 6
10010 450 5
10010 450 6
10035 5058 5
11150 5620 7
1001 45 5
1115 562 5
1115 562 5
1115 562 6
1115 562 6
1115 562 6
2002 90 5
2002 90 5
2002 90 5
2230 1124 5
2230 1124 6
2230 1124 6
3003 135 6
3345 1686 5
3345 1686 5
3345 1686 5
3345 1686 5
3345 1686 5
3345 1686 6
4004 180 6
4460 2248 6
4460 2248 6
5005 225 5
6006 270 5
6006 270 5
6006 270 6
6006 270 6
6006 270 6
6006 270 7
6690 3372 5
7007 315 5
7007 315 6
7007 315 6
7007 315 6
7805 3934 5
7805 3934 5
7805 3934 5
7805 3934 6
8008 360 5
8008 360 5
8008 360 5
8008 360 6
8008 360 6
8920 4496 6
8920 4496 6
9009 405 5
10010 450 6
10035 5058 5
10035 5058 6
11150 5620 5
1001 45 5
1001 45 6
1115 562 5
1115 562 6
1115 562 6
1115 562 6
1115 562 7
2002 90 6
2002 90 6
2002 90 6
2230 1124 5
2230 1124 6
2230 1124 7
3003 135 5
3003 135 5
3003 135 5
3003 135 6
3345 1686 6
3345 1686 6
4004 180 5
4004 180 6
4004 180 6
4460 2248 5
4460 2248 5
4460 2248 6
5005 225 5
5005 225 6
5005 225 6
5005 225 6
5575 2810 5
5575 2810 5
5575 2810 6
6006 270 5
6690 3372 5
6690 3372 6
6690 3372 7
7007 315 5
7805 3934 6
8008 360 5
8920 4496 6
9009 405 6
9009 405 6
10010 450 5
10010 450 5
10010 450 6
10010 450 6
10010 450 6
10035 5058 5
10035 5058 5
10035 5058 5
1001 45 5
1001 45 5
1001 45 6
1115 562 5
2002 90 6
2230 1124 6
3003 135 5
3003 135 5
3003 135 6
3003 135 6
4004 180 5
4004 180 6
4004 180 6
4004 180 6
4460 2248 5
4460 2248 6
5005 225 5
5005 225 5
5005 225 6
5005 225 6
5005 225 6
5575 2810 5
5575 2810 5
5575 2810 6
6006 270 5
6006 270 5
6006 270 5
6006 270 6
6006 270 6
6006 270 6
6690 3372 6
6690 3372 6
7805 3934 5
7805 3934 5
7805 3934 6
7805 3934 6
8008 360 5
8008 360 5
8920 4496 5
8920 4496 6
9009 405 5
9009 405 6
9009 405 6
10010 450 5
10010 450 5
10010 450 6
10010 450 6
10035 5058 6
11150 5620 5
11150 5620 5
1115 562 6
2002 90 5
2002 90 5
2002 90 6
2230 1124 5
2230 1124 6
2230 1124 6
2230 1124 6
2230 1124 6
3003 135 5
3003 135 5
3003 135 5
3345 1686 7
4004 180 5
4004 180 6
4004 180 6
4004 180 6
4460 2248 5
4460 2248 5
4460 2248 6
4460 2248 6
4460 2248 7
5005 225 5
5005 225 6
5575 2810 5
5575 2810 7
6006 270 6
6006 270 6
6690 3372 5
6690 3372 5
6690 3372 6
7007 315 5
7007 315 5
7007 315 6
7007 315 6
7805 3934 5
8008 360 6
8008 360 6
8920 4496 5
8920 4496 5
8920 4496 6
8920 4496 6
8920 4496 6
8920 4496 6
9009 405 5
10035 5058 5
10035 5058 5
10035 5058 6
10035 5058 6
11150 5620 6
1001 45 5
1001 45 5
1001 45 6
1115 562 5
1115 562 6
2230 1124 5
2230 1124 5
2230 1124 5
2230 1124 6
2230 1124 6
3003 135 6
3003 135 6
4460 2248 5
4460 2248 6
5005 225 5
5005 225 5
5005 225 7
5575 2810 5
6006 270 5
6006 270 5
6006 270 5
6690 3372 5
6690 3372 5
6690 3372 5
6690 3372 5
6690 3372 6
6690 3372 6
6690 3372 6
7007 315 5
7007 315 6
7007 315 6
7007 315 6
7007 315 6
7805 3934 6
7805 3934 6
7805 3934 6
8920 4496 5
9009 405 5
9009 405 6
10010 450 6
10010 450 6
10010 450 6
10010 450 6
10010 450 7
10035 5058 5
10035 5058 6
10035 5058 6
11150 5620 5
11150 5620 6
11150 5620 6
1001 45 5
1001 45 6
1115 562 5
1115 562 6
2002 90 5
2002 90 6
2230 1124 5
2230 1124 6
2230 1124 6
3003 135 5
3003 135 6
3345 1686 6
4004 180 5
4004 180 5
4004 180 6
4460 2248 5
4460 2248 5
4460 2248 6
4460 2248 6
4460 2248 6
5005 225 5
5575 2810 5
5575 2810 6
5575 2810 6
6006 270 5
6006 270 5
6006 270 6
6006 270 6
6006 270 6
6006 270 6
6690 3372 5
7007 315 5
7007 315 6
7007 315 6
7805 3934 5
7805 3934 6
7805 3934 6
8008 360 5
8008 360 6
8008 360 7
8920 4496 5
8920 4496 5
8920 4496 6
9009 405 6
10010 450 5
10010 450 6
10010 450 6
11150 5620 5
11150 5620 5
11150 5620 5
1115 562 5
1115 562 5
1115 562 5
1115 562 6
1115 562 6
1115 562 6
2002 90 6
2230 1124 6
3003 135 5
3003 135 6
3003 135 7
3345 1686 5
3345 1686 6
3345 1686 6
4004 180 6
4004 180 6
4004 180 6
4460 2248 5
5005 225 5
5005 225 5
5005 225 6
6006 270 5
6006 270 5
6006 270 6
6006 270 6
6006 270 7
6690 3372 6
6690 3372 6
6690 3372 6
7007 315 5
7007 315 6
7805 3934 5
8008 360 5
8008 360 6
8008 360 6
8920 4496 5
8920 4496 5
8920 4496 5
8920 4496 6
8920 4496 7
9009 405 5
10010 450 5
10010 450 6
10035 5058 5
10035 5058 6
11150 5620 5
11150 5620 5
11150 5620 5
11150 5620 6
11150 5620 6
1001 45 6
1001 45 6
1115 562 6
1115 562 6
1115 562 6
2002 90 6
2230 1124 6
3345 1686 5
3345 1686 6
3345 1686 6
4004 180 6
4460 2248 5
4460 2248 5
4460 2248 5
4460 2248 6
4460 2248 6
4460 2248 6
4460 2248 6
4460 2248 6
5005 225 5
5005 225 5
5005 225 5
5005 225 6
5005 225 6
5005 225 7
5575 2810 6
5575 2810 6
6006 270 5
6006 270 5
6006 270 6
6690 3372 5
6690 3372 6
6690 3372 6
6690 3372 6
7007 315 6
7007 315 6
7805 3934 5
7805 3934 5
7805 3934 6
8008 360 5
8008 360 5
8008 360 6
8008 360 6
8920 4496 5
9009 405 5
9009 405 5
9009 405 6
10010 450 5
10010 450 5
11150 5620 5
1001 45 5
1001 45 5
1001 45 6
1115 562 6
2002 90 5
2002 90 5
2002 90 5
2002 90 6
2002 90 6
2230 1124 5
3003 135 6
3003 135 6
3345 1686 5
3345 1686 5
3345 1686 6
4004 180 6
4460 2248 5
5005 225 6
5005 225 6
5005 225 6
5575 2810 5
5575 2810 5
5575 2810 6
5575 2810 6
6006 270 7
6690 3372 5
6690 3372 5
6690 3372 6
7007 315 5
7007 315 5
7007 315 5
7007 315 6
7007 315 6
7805 3934 5
7805 3934 5
7805 3934 5
8008 360 5
8008 360 6
8920 4496 5
9009 405 5
9009 405 5
10010 450 5
10010 450 5
10010 450 6
10035 5058 5
10035 5058 6
10035 5058 6
10035 5058 6
11150 5620 5
11150 5620 7
1001 45 5
1001 45 6
1115 562 5
1115 562 5
1115 562 6
1115 562 6
2002 90 5
2002 90 6
2230 1124 5
2230 1124 6
2230 1124 6
2230 1124 7
3003 135 5
3003 135 6
3003 135 6
3003 135 7
3345 1686 5
3345 1686 5
4004 180 5
4004 180 5
4004 180 6
4004 180 7
4460 2248 5
4460 2248 5
4460 2248 6
5005 225 6
5005 225 6
5575 2810 5
5575 2810 5
6006 270 5
6690 3372 5
6690 3372 5
6690 3372 6
6690 3372 6
7007 315 5
7007 315 5
7805 3934 5
8008 360 5
8920 4496 5
8920 4496 5
8920 4496 6
9009 405 5
9009 405 5
9009 405 5
9009 405 6
9009 405 6
9009 405 6
10035 5058 6
11150 5620 6
11150 5620 6
1001 45 6
1115 562 5
1115 562 6
1115 562 6
1115 562 6
1115 562 6
1115 562 6
2002 90 6
2230 1124 6
2230 1124 6
3345 1686 5
3345 1686 6
3345 1686 6
4004 180 5
4004 180 6
4004 180 6
4004 180 6
4460 2248 6
5005 225 5
5005 225 5
5005 225 6
5575 2810 6
5575 2810 6
5575 2810 6
6006 270 5
6006 270 6
6006 270 6
6690 3372 5
6690 3372 5
6690 3372 5
6690 3372 6
7007 315 5
7007 315 5
7007 315 5
7007 315 6
7007 315 6
7805 3934 5
7805 3934 5
7805 3934 6
7805 3934 7
8008 360 6
8920 4496 6
8920 4496 6
10010 450 5
10010 450 6
10035 5058 6
10035 5058 6
10035 5058 6
11150 5620 6
11150 5620 6
1001 45 5
1001 45 5
1001 45 5
1001 45 6
1115 562 5
1115 562 6
2002 90 5
2230 1124 5
2230 1124 5
2230 1124 5
2230 1124 6
3003 135 5
3003 135 5
3003 135 5
3003 135 5
3345 1686 5
3345 1686 5
3345 1686 6
4004 180 5
4460 2248 5
5005 225 6
5575 2810 5
5575 2810 5
6006 270 6
6690 3372 5
6690 3372 5
6690 3372 5
7007 315 5
7007 315 5
7007 315 5
7007 315 6
7007 315 7
7805 3934 5
7805 3934 5
7805 3934 6
7805 3934 6
8008 360 6
8008 360 6
8920 4496 5
8920 4496 6
8920 4496 6
8920 4496 6
8920 4496 6
9009 405 5
9009 405 5
9009 405 6
9009 405 7
10035 5058 5
11150 5620 5
11150 5620 6
1001 45 5
1001 45 5
1115 562 5
1115 562 5
1115 562 6
1115 562 6
1115 562 6
2002 90 5
2002 90 6
2002 90 6
2230 1124 5
2230 1124 6
3003 135 5
3003 135 6
3003 135 6
3345 1686 6
3345 1686 6
4004 180 6
4004 180 6
4004 180 6
4004 180 6
4460 2248 5
4460 2248 5
4460 2248 5
5005 225 5
5005 225 6
5575 2810 5
5575 2810 6
5575 2810 6
6006 270 6
6006 270 6
6690 3372 5
7007 315 6
7805 3934 5
7805 3934 5
8008 360 5
8008 360 6
8920 4496 5
8920 4496 5
8920 4496 6
9009 405 5
10010 450 6
10010 450 6
10010 450 7
10035 5058 5
10035 5058 6
11150 5620 5
11150 5620 5
11150 5620 6
11150 5620 7
1001 45 6
1115 562 5
1115 562 5
1115 562 5
1115 562 6
1115 562 6
1115 562 6
2002 90 5
2230 1124 5
2230 1124 5
2230 1124 6
3003 135 5
3003 135 6
3345 1686 5
3345 1686 5
3345 1686 5
3345 1686 6
3345 1686 6
3345 1686 6
4004 180 7
4460 2248 5
4460 2248 5
4460 2248 5
4460 2248 6
5005 225 5
5005 225 5
5005 225 6
5575 2810 5
6006 270 5
6690 3372 5
6690 3372 5
6690 3372 6
7805 3934 6
8920 4496 5
8920 4496 6
8920 4496 6
9009 405 6
9009 405 6
9009 405 6
10010 450 5
10010 450 5
10010 450 5
10010 450 6
10010 450 6
10010 450 6
10035 5058 5
10035 5058 6
10035 5058 6
11150 5620 5
11150 5620 6
1001 45 6
1115 562 5
1115 562 5
1115 562 5
1115 562 5
1115 562 6
2002 90 5
2002 90 6
2002 90 6
2230 1124 5
2230 1124 6
2230 1124 6
2230 1124 6
3003 135 6
3345 1686 5
3345 1686 6
4004 180 5
4004 180 5
4004 180 6
4004 180 6
4460 2248 5
4460 2248 5
4460 2248 6
4460 2248 6
4460 2248 7
4460 2248 7
5005 225 5
5005 225 5
5005 225 6
5005 225 6
5005 225 6
6006 270 6
6690 3372 5
6690 3372 5
6690 3372 5
7805 3934 6
7805 3934 6
8008 360 5
8008 360 6
8920 4496 5
8920 4496 5
8920 4496 5
8920 4496 6
9009 405 5
9009 405 6
10010 450 5
10010 450 6
10035 5058 5
10035 5058 6
11150 5620 5
1001 45 5
1115 562 5
2002 90 6
2002 90 6
2002 90 6
2230 1124 5
3003 135 5
3003 135 5
3003 135 5
3003 135 6
3003 135 6
3345 1686 5
3345 1686 6
4004 180 5
4004 180 5
4004 180 6
4004 180 6
4460 2248 5
4460 2248 6
5005 225 5
5575 2810 5
5575 2810 5
5575 2810 5
5575 2810 6
6006 270 6
6690 3372 5
6690 3372 5
6690 3372 5
7007 315 5
7007 315 6
7805 3934 6
7805 3934 6
7805 3934 6
8008 360 5
8008 360 6
8008 360 6
8008 360 6
8008 360 6
8920 4496 5
8920 4496 6
9009 405 5
9009 405 6
10010 450 5
10010 450 6
10035 5058 5
10035 5058 5
10035 5058 5
10035 5058 6
10035 5058 6
10035 5058 6
1001 45 5
1001 45 6
2002 90 5
2230 1124 5
2230 1124 5
2230 1124 6
3003 135 5
3003 135 6
3345 1686 5
3345 1686 6
4004 180 5
4004 180 6
4460 2248 5
4460 2248 5
4460 2248 5
4460 2248 6
4460 2248 6
4460 2248 6
4460 2248 6
4460 2248 6
5575 2810 6
6006 270 5
6006 270 5
6690 3372 5
6690 3372 5
6690 3372 6
6690 3372 7
7007 315 5
7007 315 5
7007 315 5
7007 315 6
7007 315 6
7805 3934 5
7805 3934 6
7805 3934 6
8008 360 5
8008 360 5
8008 360 5
8920 4496 5
8920 4496 6
9009 405 5
10010 450 5
10010 450 5
10010 450 5
10010 450 6
10035 5058 5
10035 5058 5
11150 5620 5
11150 5620 6
11150 5620 6
1001 45 5
1001 45 5
1001 45 5
1001 45 5
1115 562 5
1115 562 6
1115 562 6
2002 90 5
2230 1124 5
2230 1124 6
3003 135 5
3003 135 5
3003 135 6
3345 1686 6
3345 1686 6
3345 1686 6
4004 180 5
4004 180 5
4004 180 6
4004 180 6
4004 180 6
4460 2248 5
4460 2248 5
4460 2248 5
4460 2248 6
5005 225 6
6006 270 6
6690 3372 6
6690 3372 6
6690 3372 6
6690 3372 6
7007 315 5
7007 315 6
7805 3934 5
8008 360 6
8008 360 6
8920 4496 5
8920 4496 6
9009 405 5
9009 405 5
9009 405 6
10010 450 5
10010 450 5
10010 450 5
10035 5058 5
10035 5058 6
10035 5058 6
10035 5058 6
11150 5620 5
11150 5620 6
1001 45 6
1115 562 5
1115 562 5
1115 562 6
2002 90 5
2002 90 5
2002 90 6
2230 1124 5
2230 1124 5
2230 1124 6
2230 1124 6
3003 135 6
3345 1686 5
3345 1686 6
3345 1686 6
3345 1686 6
3345 1686 6
4004 180 6
4460 2248 5
4460 2248 6
4460 2248 6
5005 225 5
5005 225 6
5005 225 6
5005 225 6
5575 2810 5
5575 2810 5
5575 2810 6
6006 270 5
6006 270 6
6690 3372 5
6690 3372 5
6690 3372 5
6690 3372 6
7007 315 6
8008 360 5
8008 360 6
8920 4496 5
9009 405 5
9009 405 5
9009 405 5
9009 405 6
9009 405 7
10010 450 5
10010 450 5
10010 450 6
10010 450 7
10035 5058 6
11150 5620 5
11150 5620 6
