200 20 317225
10 52 215
10 94 176
10 132 248
10 99 199
10 115 195
10 102 228
10 71 169
10 121 180
10 138 233
10 119 175
10 147 155
10 121 175
10 56 150
10 150 208
10 92 250
10 112 168
10 133 153
10 74 166
10 88 212
10 52 247
147 135 29
147 135 33
294 270 25
735 675 27
1029 945 31
1176 1080 24
2414 2194 29
3621 3291 27
4828 4388 28
9656 8776 33
588 540 25
588 540 27
588 540 31
735 675 30
882 810 25
882 810 33
1323 1215 24
8449 7679 32
12070 10970 25
12070 10970 26
147 135 26
441 405 27
588 540 29
1029 945 28
1176 1080 25
2414 2194 27
4828 4388 27
7242 6582 28
7242 6582 29
9656 8776 31
441 405 31
588 540 26
1176 1080 26
1323 1215 27
1470 1350 26
1470 1350 28
3621 3291 31
3621 3291 32
9656 8776 26
9656 8776 33
294 270 28
882 810 31
1176 1080 26
1207 1097 33
2414 2194 28
4828 4388 25
4828 4388 31
6035 5485 31
7242 6582 33
12070 10970 24
294 270 31
441 405 25
588 540 26
588 540 33
588 540 33
1029 945 32
1176 1080 27
1470 1350 26
2414 2194 24
7242 6582 29
294 270 31
735 675 25
735 675 27
882 810 25
1323 1215 32
3621 3291 24
3621 3291 26
4828 4388 32
6035 5485 32
8449 7679 24
441 405 27
441 405 32
1176 1080 28
1323 1215 26
2414 2194 33
7242 6582 28
9656 8776 33
10863 9873 26
10863 9873 27
12070 10970 29
147 135 30
588 540 29
735 675 24
735 675 26
1176 1080 26
1176 1080 28
1176 1080 30
6035 5485 26
9656 8776 28
9656 8776 31
441 405 26
882 810 26
1470 1350 28
3621 3291 24
6035 5485 26
7242 6582 30
7242 6582 31
8449 7679 29
10863 9873 30
12070 10970 26
441 405 27
441 405 32
588 540 24
588 540 31
1176 1080 26
1176 1080 30
1207 1097 24
1470 1350 32
9656 8776 33
12070 10970 30
294 270 27
882 810 29
1176 1080 25
1207 1097 25
1207 1097 31
1470 1350 24
3621 3291 27
4828 4388 29
8449 7679 24
12070 10970 27
294 270 32
441 405 31
735 675 25
1029 945 28
1207 1097 31
3621 3291 33
4828 4388 30
10863 9873 25
10863 9873 26
10863 9873 30
441 405 28
882 810 28
1176 1080 24
1323 1215 25
1323 1215 25
1323 1215 28
1323 1215 33
6035 5485 32
10863 9873 30
10863 9873 33
294 270 25
1323 1215 26
1470 1350 32
2414 2194 28
2414 2194 32
3621 3291 27
4828 4388 28
4828 4388 31
6035 5485 27
7242 6582 33
294 270 26
294 270 33
441 405 27
441 405 32
588 540 33
735 675 33
882 810 24
1029 945 25
2414 2194 29
12070 10970 27
588 540 32
882 810 30
1029 945 33
1029 945 33
1176 1080 26
1470 1350 30
2414 2194 28
2414 2194 33
6035 5485 28
10863 9873 33
294 270 25
441 405 32
1207 1097 28
1207 1097 29
2414 2194 27
6035 5485 29
6035 5485 31
6035 5485 32
7242 6582 24
8449 7679 31
294 270 32
1029 945 27
1029 945 29
1176 1080 25
1176 1080 27
1323 1215 31
1470 1350 26
2414 2194 30
2414 2194 32
10863 9873 29
147 135 30
735 675 26
882 810 33
1029 945 26
1029 945 29
1029 945 32
1176 1080 30
1207 1097 29
6035 5485 25
12070 10970 31
