1000 100 3425936
10 139 158
10 139 194
10 144 225
10 134 171
10 112 225
10 73 195
10 78 187
10 133 185
10 120 152
10 58 194
10 74 169
10 129 152
10 124 239
10 129 172
10 106 178
10 118 160
10 123 197
10 87 242
10 105 175
10 133 227
10 92 209
10 99 234
10 99 229
10 148 201
10 141 200
10 112 151
10 92 201
10 131 189
10 115 195
10 96 214
10 149 182
10 56 201
10 124 211
10 50 208
10 117 203
10 133 158
10 97 249
10 150 174
10 73 180
10 107 164
10 106 176
10 57 160
10 145 198
10 66 162
10 78 219
10 115 169
10 133 216
10 116 186
10 75 161
10 140 248
10 86 212
10 106 241
10 135 196
10 107 184
10 76 200
10 100 205
10 115 209
10 146 250
10 58 240
10 110 157
10 98 214
10 141 244
10 115 195
10 142 193
10 95 219
10 88 185
10 89 247
10 73 223
10 50 195
10 50 214
10 121 190
10 65 204
10 99 207
10 126 243
10 90 213
10 114 168
10 104 184
10 127 184
10 96 242
10 117 179
10 143 202
10 54 210
10 148 160
10 125 178
10 79 193
10 145 227
10 128 223
10 76 249
10 60 193
10 68 167
10 60 156
10 108 166
10 78 181
10 74 183
10 51 224
10 106 189
10 133 234
10 126 155
10 60 237
10 134 170
1199 999 25
3597 2997 29
4953 4353 25
4953 4353 27
8255 7255 33
8393 6993 25
9592 7992 29
11990 9990 34
13208 11608 25
16510 14510 27
3302 2902 29
3302 2902 34
4796 3996 25
4953 4353 33
6604 5804 26
6604 5804 27
7194 5994 26
7194 5994 34
9906 8706 25
14859 13059 29
1199 999 26
2398 1998 24
3302 2902 27
3302 2902 28
3597 2997 29
4796 3996 32
4953 4353 32
5995 4995 25
8255 7255 25
10791 8991 26
4953 4353 28
6604 5804 26
8255 7255 29
9906 8706 29
10791 8991 26
10791 8991 30
11557 10157 29
11990 9990 26
16510 14510 26
16510 14510 27
1199 999 29
3302 2902 25
3302 2902 29
3302 2902 34
4796 3996 27
5995 4995 33
9592 7992 26
13208 11608 28
14859 13059 33
16510 14510 32
2398 1998 27
3302 2902 30
4953 4353 34
5995 4995 29
8393 6993 28
9906 8706 26
10791 8991 25
11557 10157 28
14859 13059 25
16510 14510 30
3597 2997 25
4796 3996 34
6604 5804 28
6604 5804 29
6604 5804 31
8393 6993 34
9592 7992 31
14859 13059 31
16510 14510 32
16510 14510 33
1199 999 26
6604 5804 26
7194 5994 31
9906 8706 33
11990 9990 34
13208 11608 26
13208 11608 30
14859 13059 29
16510 14510 29
16510 14510 30
1651 1451 31
2398 1998 29
4796 3996 25
4796 3996 28
6604 5804 26
6604 5804 29
8255 7255 32
9592 7992 30
9906 8706 29
11990 9990 26
1651 1451 27
3597 2997 34
7194 5994 29
8255 7255 28
9592 7992 28
11557 10157 24
13208 11608 26
13208 11608 32
14859 13059 27
16510 14510 27
1651 1451 29
2398 1998 33
5995 4995 30
8255 7255 25
8255 7255 28
8255 7255 32
11557 10157 26
11990 9990 28
14859 13059 29
16510 14510 25
5995 4995 26
8255 7255 24
8393 6993 25
9592 7992 26
9592 7992 32
11557 10157 26
11557 10157 26
16510 14510 26
16510 14510 31
16510 14510 34
1199 999 27
1651 1451 34
4796 3996 32
7194 5994 33
8255 7255 30
8255 7255 30
8255 7255 30
8393 6993 27
8393 6993 33
11557 10157 29
4796 3996 31
4953 4353 34
6604 5804 33
7194 5994 28
8393 6993 31
9906 8706 25
9906 8706 29
10791 8991 25
11990 9990 25
14859 13059 29
2398 1998 28
3597 2997 25
3597 2997 31
4796 3996 30
7194 5994 25
9592 7992 28
16510 14510 31
16510 14510 31
16510 14510 31
16510 14510 33
1199 999 27
1199 999 34
1651 1451 27
1651 1451 29
3302 2902 30
4796 3996 31
4796 3996 34
10791 8991 27
13208 11608 29
13208 11608 33
1199 999 31
1651 1451 33
2398 1998 26
2398 1998 27
2398 1998 30
3597 2997 28
6604 5804 31
8255 7255 32
8255 7255 34
8393 6993 24
1199 999 30
2398 1998 34
3302 2902 29
3597 2997 25
3597 2997 28
3597 2997 29
3597 2997 34
4796 3996 31
10791 8991 32
13208 11608 32
1651 1451 30
3597 2997 26
3597 2997 30
4796 3996 26
4796 3996 30
5995 4995 29
8255 7255 31
9592 7992 28
10791 8991 33
14859 13059 24
2398 1998 29
2398 1998 30
3302 2902 31
4953 4353 25
4953 4353 32
8255 7255 30
8255 7255 30
13208 11608 25
16510 14510 28
16510 14510 30
2398 1998 28
2398 1998 29
3302 2902 28
4796 3996 31
8393 6993 30
10791 8991 29
11557 10157 33
11990 9990 25
14859 13059 31
16510 14510 32
1199 999 26
3302 2902 31
6604 5804 25
6604 5804 26
6604 5804 27
6604 5804 32
13208 11608 25
14859 13059 34
16510 14510 25
16510 14510 33
1199 999 29
1199 999 30
1199 999 31
2398 1998 31
3302 2902 34
3597 2997 28
4953 4353 25
5995 4995 34
13208 11608 30
13208 11608 31
3302 2902 26
3597 2997 25
3597 2997 32
4953 4353 31
4953 4353 33
5995 4995 31
6604 5804 25
6604 5804 28
11990 9990 24
14859 13059 28
2398 1998 34
3597 2997 26
3597 2997 31
4796 3996 25
4796 3996 28
5995 4995 29
8255 7255 27
10791 8991 32
11990 9990 27
13208 11608 25
1651 1451 28
3302 2902 28
4953 4353 26
4953 4353 30
5995 4995 30
8255 7255 29
8255 7255 31
10791 8991 28
11990 9990 29
13208 11608 25
1199 999 25
2398 1998 25
2398 1998 28
3597 2997 32
4796 3996 28
5995 4995 27
9906 8706 29
9906 8706 32
13208 11608 25
14859 13059 30
1199 999 33
2398 1998 32
3302 2902 34
5995 4995 30
6604 5804 32
7194 5994 30
8393 6993 29
8393 6993 34
11990 9990 33
16510 14510 25
3302 2902 29
3597 2997 25
5995 4995 28
6604 5804 30
7194 5994 27
8255 7255 32
9592 7992 34
9906 8706 31
10791 8991 33
16510 14510 27
3302 2902 25
3302 2902 30
4953 4353 26
9906 8706 28
10791 8991 27
10791 8991 33
13208 11608 24
13208 11608 32
13208 11608 33
16510 14510 26
1651 1451 31
3597 2997 29
3597 2997 31
6604 5804 27
8255 7255 30
8393 6993 27
8393 6993 29
9906 8706 27
10791 8991 28
13208 11608 24
2398 1998 32
3302 2902 26
4796 3996 28
8255 7255 30
8393 6993 25
9592 7992 30
11990 9990 27
16510 14510 27
16510 14510 30
16510 14510 34
1651 1451 26
4796 3996 32
4953 4353 24
4953 4353 31
7194 5994 29
8393 6993 25
8393 6993 28
10791 8991 31
11557 10157 29
13208 11608 34
1651 1451 30
1651 1451 33
2398 1998 24
7194 5994 30
8393 6993 27
9592 7992 28
9906 8706 25
13208 11608 29
16510 14510 31
16510 14510 34
2398 1998 28
4953 4353 31
4953 4353 33
5995 4995 25
6604 5804 27
9592 7992 29
11557 10157 31
13208 11608 25
13208 11608 27
14859 13059 32
1199 999 25
3302 2902 29
3302 2902 32
3597 2997 29
4796 3996 31
4953 4353 30
8255 7255 25
9592 7992 28
10791 8991 28
16510 14510 30
1199 999 24
1199 999 34
3302 2902 33
4953 4353 31
5995 4995 30
7194 5994 34
8393 6993 32
9906 8706 29
11557 10157 26
13208 11608 28
1199 999 25
3302 2902 33
4953 4353 25
9592 7992 26
9592 7992 30
9592 7992 33
11557 10157 33
11990 9990 26
11990 9990 27
16510 14510 27
3597 2997 28
5995 4995 24
5995 4995 28
5995 4995 32
7194 5994 26
9592 7992 31
10791 8991 32
11557 10157 30
11990 9990 27
13208 11608 27
1199 999 33
1651 1451 34
2398 1998 28
2398 1998 32
4953 4353 26
4953 4353 34
5995 4995 30
8255 7255 29
9906 8706 25
10791 8991 33
1199 999 32
1651 1451 26
3302 2902 26
3597 2997 26
4953 4353 31
7194 5994 25
10791 8991 28
11557 10157 25
11990 9990 29
13208 11608 26
1651 1451 32
1651 1451 33
3302 2902 25
3302 2902 30
3302 2902 31
4796 3996 26
5995 4995 31
7194 5994 27
7194 5994 27
11990 9990 29
1651 1451 34
2398 1998 32
4796 3996 31
4796 3996 32
8255 7255 28
8393 6993 24
9592 7992 28
11990 9990 33
13208 11608 28
13208 11608 28
1199 999 27
3597 2997 25
6604 5804 31
9592 7992 33
9906 8706 33
11990 9990 27
11990 9990 28
11990 9990 31
13208 11608 34
14859 13059 30
1651 1451 34
2398 1998 33
3597 2997 25
5995 4995 34
8255 7255 34
8393 6993 24
8393 6993 29
8393 6993 34
9906 8706 28
16510 14510 26
4796 3996 28
4796 3996 31
5995 4995 26
6604 5804 25
6604 5804 26
7194 5994 28
7194 5994 33
8393 6993 32
9906 8706 33
9906 8706 33
1199 999 34
3302 2902 29
4953 4353 25
5995 4995 26
7194 5994 26
8393 6993 27
9592 7992 34
10791 8991 25
11990 9990 25
16510 14510 30
1651 1451 26
3302 2902 33
3597 2997 28
7194 5994 27
9592 7992 24
9906 8706 24
9906 8706 27
11557 10157 26
11990 9990 25
16510 14510 25
1199 999 25
1651 1451 26
1651 1451 31
2398 1998 28
2398 1998 31
5995 4995 30
5995 4995 31
9592 7992 33
11557 10157 33
14859 13059 29
2398 1998 30
3597 2997 30
5995 4995 26
5995 4995 32
6604 5804 26
6604 5804 27
6604 5804 28
7194 5994 26
14859 13059 34
16510 14510 32
1199 999 27
2398 1998 33
3597 2997 30
4953 4353 29
6604 5804 34
7194 5994 34
9906 8706 27
10791 8991 26
10791 8991 27
11990 9990 27
1651 1451 31
1651 1451 34
2398 1998 27
2398 1998 29
4953 4353 28
5995 4995 32
8255 7255 29
10791 8991 33
13208 11608 34
14859 13059 33
1199 999 31
1651 1451 26
2398 1998 28
5995 4995 31
9906 8706 31
10791 8991 26
11557 10157 24
11557 10157 33
11990 9990 26
11990 9990 33
1651 1451 29
3597 2997 27
4796 3996 28
8393 6993 31
8393 6993 32
9592 7992 25
9592 7992 32
9906 8706 29
13208 11608 27
14859 13059 30
1651 1451 27
2398 1998 34
3597 2997 27
4796 3996 27
4796 3996 28
7194 5994 27
9592 7992 31
9906 8706 27
14859 13059 28
16510 14510 26
1199 999 28
3302 2902 25
3302 2902 32
3597 2997 29
7194 5994 28
8393 6993 27
9592 7992 27
9906 8706 24
11557 10157 28
11557 10157 33
3597 2997 28
3597 2997 28
8255 7255 29
8393 6993 32
9592 7992 26
9906 8706 33
10791 8991 27
13208 11608 26
16510 14510 24
16510 14510 29
1199 999 29
1651 1451 30
3302 2902 32
3597 2997 27
4796 3996 27
10791 8991 25
11557 10157 30
11557 10157 31
14859 13059 31
14859 13059 32
2398 1998 31
2398 1998 33
3302 2902 31
3597 2997 30
4953 4353 34
8393 6993 34
9592 7992 29
10791 8991 31
13208 11608 28
16510 14510 26
4796 3996 25
4796 3996 32
5995 4995 27
6604 5804 30
9592 7992 29
9906 8706 31
10791 8991 26
11557 10157 32
14859 13059 31
14859 13059 33
3597 2997 32
4953 4353 29
5995 4995 26
6604 5804 31
8255 7255 26
8255 7255 29
8393 6993 27
9592 7992 24
9906 8706 26
14859 13059 26
3302 2902 29
3302 2902 31
3302 2902 31
3302 2902 32
3597 2997 26
6604 5804 26
6604 5804 29
8393 6993 32
14859 13059 24
16510 14510 25
1199 999 25
1651 1451 28
1651 1451 34
4953 4353 27
7194 5994 31
11990 9990 27
13208 11608 29
13208 11608 30
13208 11608 33
16510 14510 29
1199 999 30
2398 1998 25
6604 5804 28
8255 7255 27
9592 7992 24
9592 7992 32
9592 7992 32
11557 10157 26
11990 9990 31
11990 9990 33
1199 999 32
2398 1998 24
2398 1998 28
2398 1998 29
2398 1998 34
3302 2902 30
3302 2902 33
5995 4995 27
6604 5804 32
10791 8991 33
2398 1998 25
4953 4353 25
4953 4353 31
6604 5804 27
7194 5994 31
7194 5994 32
8255 7255 31
8393 6993 25
9906 8706 27
11557 10157 30
1199 999 27
4796 3996 29
4796 3996 33
5995 4995 25
6604 5804 28
9592 7992 30
9906 8706 27
10791 8991 27
11557 10157 31
16510 14510 29
1199 999 34
2398 1998 27
2398 1998 32
3597 2997 29
5995 4995 25
6604 5804 27
9592 7992 31
11557 10157 34
13208 11608 32
16510 14510 28
1199 999 29
1651 1451 33
4796 3996 29
4796 3996 31
5995 4995 31
6604 5804 24
8255 7255 30
9592 7992 32
16510 14510 33
16510 14510 34
1199 999 25
3302 2902 25
7194 5994 25
7194 5994 30
9906 8706 27
9906 8706 33
10791 8991 31
11990 9990 34
13208 11608 34
14859 13059 25
3302 2902 28
3597 2997 26
4953 4353 28
6604 5804 29
7194 5994 27
7194 5994 32
9906 8706 30
9906 8706 34
13208 11608 30
16510 14510 32
3597 2997 25
4953 4353 30
6604 5804 27
8255 7255 29
8393 6993 32
9906 8706 33
11557 10157 31
11557 10157 31
11990 9990 33
14859 13059 32
3302 2902 25
3302 2902 27
3597 2997 30
4953 4353 26
6604 5804 25
11557 10157 27
11990 9990 25
11990 9990 28
14859 13059 25
14859 13059 30
3302 2902 33
3302 2902 34
3597 2997 24
4953 4353 26
6604 5804 28
9592 7992 26
11557 10157 25
11557 10157 27
11990 9990 29
13208 11608 32
1651 1451 26
3597 2997 25
3597 2997 29
5995 4995 25
5995 4995 27
5995 4995 31
8255 7255 27
9592 7992 34
10791 8991 25
11557 10157 33
5995 4995 26
6604 5804 32
8255 7255 25
9906 8706 33
9906 8706 33
10791 8991 31
11557 10157 27
13208 11608 30
16510 14510 30
16510 14510 32
2398 1998 25
3302 2902 30
3302 2902 33
5995 4995 28
7194 5994 27
7194 5994 29
9592 7992 32
9906 8706 32
9906 8706 32
16510 14510 31
2398 1998 26
3302 2902 26
4796 3996 27
5995 4995 31
7194 5994 28
8255 7255 29
8393 6993 28
9906 8706 31
10791 8991 24
11990 9990 26
2398 1998 33
4953 4353 26
5995 4995 29
5995 4995 29
7194 5994 31
8393 6993 32
9906 8706 34
11990 9990 28
11990 9990 28
13208 11608 25
4796 3996 25
4953 4353 34
6604 5804 25
6604 5804 26
7194 5994 26
9592 7992 25
9592 7992 26
9592 7992 32
13208 11608 26
14859 13059 25
1199 999 26
1651 1451 28
5995 4995 31
6604 5804 26
7194 5994 28
8255 7255 30
8393 6993 29
11990 9990 27
14859 13059 31
14859 13059 33
1651 1451 26
3597 2997 24
4796 3996 32
4953 4353 29
9592 7992 29
9906 8706 25
9906 8706 26
11557 10157 27
13208 11608 31
16510 14510 26
1199 999 26
1199 999 29
1651 1451 27
4796 3996 30
6604 5804 29
7194 5994 33
8393 6993 29
8393 6993 32
9592 7992 26
13208 11608 25
1651 1451 31
1651 1451 34
3597 2997 32
6604 5804 28
8393 6993 32
9906 8706 31
11990 9990 25
11990 9990 32
13208 11608 34
16510 14510 31
1199 999 27
1199 999 33
4953 4353 26
5995 4995 29
9906 8706 25
9906 8706 28
9906 8706 34
11557 10157 30
14859 13059 28
16510 14510 26
2398 1998 27
3597 2997 30
3597 2997 30
3597 2997 31
5995 4995 26
6604 5804 28
8393 6993 30
11557 10157 28
11990 9990 27
14859 13059 33
1651 1451 26
2398 1998 25
3597 2997 31
3597 2997 33
3597 2997 34
4796 3996 27
7194 5994 25
11557 10157 33
14859 13059 29
16510 14510 28
4796 3996 27
4953 4353 34
5995 4995 26
5995 4995 30
8393 6993 30
9592 7992 27
9592 7992 30
11557 10157 24
13208 11608 25
16510 14510 33
1651 1451 25
3302 2902 26
3302 2902 28
5995 4995 27
6604 5804 33
8255 7255 30
9906 8706 27
11990 9990 25
13208 11608 30
16510 14510 28
1651 1451 29
2398 1998 32
3302 2902 26
4796 3996 28
4953 4353 25
4953 4353 28
8255 7255 33
9592 7992 30
9906 8706 33
13208 11608 30
3302 2902 26
4796 3996 31
6604 5804 32
7194 5994 29
8255 7255 27
9592 7992 25
9592 7992 25
11557 10157 33
14859 13059 27
16510 14510 26
1199 999 28
1199 999 30
3302 2902 30
4953 4353 24
4953 4353 30
9592 7992 30
10791 8991 27
11990 9990 30
16510 14510 25
16510 14510 28
1199 999 25
2398 1998 25
3302 2902 25
5995 4995 30
7194 5994 27
8255 7255 25
8393 6993 24
10791 8991 34
11557 10157 31
16510 14510 32
1651 1451 32
3302 2902 34
3597 2997 30
4796 3996 26
7194 5994 25
8393 6993 31
11557 10157 25
11557 10157 33
11990 9990 28
13208 11608 29
1199 999 27
3302 2902 26
3302 2902 31
8255 7255 27
8393 6993 29
8393 6993 29
9592 7992 28
11557 10157 33
11990 9990 25
16510 14510 27
3302 2902 28
3597 2997 31
3597 2997 31
4953 4353 25
6604 5804 30
7194 5994 34
9592 7992 25
9906 8706 33
10791 8991 26
13208 11608 26
1199 999 25
1651 1451 24
3302 2902 25
4953 4353 31
6604 5804 32
10791 8991 24
11557 10157 27
11557 10157 31
13208 11608 34
16510 14510 32
1199 999 29
1199 999 34
3597 2997 26
9906 8706 26
10791 8991 32
11557 10157 26
11990 9990 27
11990 9990 28
11990 9990 32
14859 13059 32
1199 999 29
4796 3996 28
8255 7255 28
8393 6993 26
9592 7992 34
9906 8706 33
11557 10157 24
14859 13059 29
14859 13059 33
16510 14510 32
2398 1998 29
4796 3996 26
6604 5804 31
9592 7992 29
9906 8706 29
11990 9990 29
11990 9990 29
11990 9990 29
13208 11608 26
14859 13059 32
