1000 100 196100
10 123 165
10 144 239
10 77 236
10 112 183
10 113 239
10 63 223
10 138 159
10 119 165
10 113 240
10 137 225
10 93 229
10 104 231
10 145 247
10 98 169
10 117 166
10 94 218
10 101 207
10 136 187
10 50 228
10 97 207
10 58 194
10 116 195
10 92 208
10 62 150
10 100 217
10 146 199
10 62 211
10 137 215
10 116 224
10 129 180
10 102 217
10 74 249
10 146 172
10 85 150
10 58 206
10 61 154
10 67 194
10 133 214
10 126 165
10 92 209
10 68 154
10 57 151
10 102 247
10 130 197
10 99 152
10 70 172
10 138 230
10 123 164
10 100 152
10 112 170
10 116 170
10 60 238
10 107 220
10 124 175
10 126 187
10 132 191
10 112 232
10 147 173
10 134 246
10 58 249
10 115 191
10 113 211
10 80 237
10 135 225
10 111 207
10 92 172
10 115 223
10 89 152
10 102 185
10 130 194
10 68 197
10 52 225
10 60 237
10 134 219
10 72 218
10 134 222
10 114 160
10 112 167
10 86 226
10 53 198
10 116 246
10 50 203
10 58 214
10 89 237
10 106 204
10 65 176
10 88 239
10 75 183
10 118 189
10 108 170
10 61 215
10 55 224
10 82 245
10 61 237
10 132 169
10 76 231
10 150 167
10 114 233
10 143 240
10 122 191
126 142 28
189 213 27
296 122 23
504 568 28
888 366 24
888 366 25
888 366 25
1036 427 25
1480 610 29
1480 610 30
148 61 29
189 213 28
189 213 32
378 426 25
504 568 32
567 639 25
592 244 25
592 244 26
630 710 23
1480 610 27
63 71 24
252 284 26
441 497 29
444 183 23
444 183 24
504 568 26
592 244 28
630 710 24
1184 488 24
1184 488 26
63 71 23
148 61 26
189 213 30
252 284 25
315 355 28
592 244 23
888 366 26
1036 427 23
1184 488 26
1480 610 27
126 142 27
252 284 28
315 355 23
378 426 30
378 426 31
441 497 24
888 366 32
1184 488 28
1332 549 28
1480 610 31
126 142 27
148 61 28
444 183 28
444 183 31
504 568 25
504 568 28
567 639 23
1036 427 27
1184 488 29
1332 549 24
63 71 27
126 142 26
148 61 31
504 568 30
567 639 28
567 639 32
592 244 29
1036 427 28
1332 549 24
1332 549 32
63 71 30
126 142 25
378 426 25
441 497 30
444 183 29
567 639 31
630 710 24
630 710 31
888 366 25
1036 427 31
148 61 30
189 213 25
189 213 25
189 213 27
189 213 29
315 355 31
504 568 31
1332 549 24
1480 610 27
1480 610 32
63 71 30
252 284 28
296 122 30
315 355 29
378 426 28
567 639 31
740 305 30
740 305 32
888 366 30
1184 488 31
189 213 28
504 568 24
504 568 25
504 568 26
567 639 32
592 244 27
740 305 31
888 366 23
888 366 24
1184 488 28
148 61 24
189 213 27
296 122 24
296 122 25
441 497 26
504 568 27
567 639 25
567 639 30
1036 427 28
1480 610 32
63 71 31
189 213 24
189 213 28
252 284 31
378 426 29
1332 549 25
1332 549 25
1480 610 25
1480 610 26
1480 610 27
148 61 24
148 61 25
296 122 30
378 426 27
444 183 29
504 568 32
567 639 30
740 305 24
888 366 27
1332 549 31
252 284 24
296 122 26
296 122 29
441 497 25
441 497 26
444 183 26
504 568 28
740 305 24
888 366 32
1332 549 32
63 71 27
63 71 30
148 61 25
148 61 25
315 355 23
444 183 31
630 710 29
740 305 24
1036 427 29
1036 427 30
126 142 27
252 284 28
296 122 31
315 355 29
378 426 28
378 426 30
592 244 24
1036 427 24
1036 427 31
1332 549 31
126 142 25
126 142 29
252 284 23
252 284 27
252 284 29
567 639 27
630 710 25
740 305 32
1036 427 31
1480 610 28
126 142 23
315 355 28
378 426 31
504 568 28
592 244 26
592 244 29
630 710 30
1036 427 31
1184 488 32
1332 549 27
126 142 29
444 183 30
504 568 28
592 244 25
592 244 29
592 244 31
630 710 27
1332 549 23
1332 549 28
1480 610 29
126 142 26
378 426 29
441 497 25
444 183 28
592 244 25
740 305 23
888 366 29
1036 427 27
1184 488 27
1332 549 26
189 213 24
189 213 24
378 426 26
441 497 24
444 183 27
444 183 28
567 639 23
630 710 31
1036 427 25
1184 488 27
63 71 28
126 142 29
126 142 30
126 142 31
888 366 31
1036 427 24
1036 427 28
1184 488 32
1332 549 23
1480 610 31
63 71 25
63 71 27
148 61 31
189 213 28
441 497 27
504 568 30
592 244 31
888 366 27
888 366 31
1480 610 24
148 61 26
252 284 27
296 122 27
441 497 25
630 710 23
740 305 28
888 366 25
888 366 25
888 366 29
1480 610 28
126 142 23
148 61 28
296 122 31
441 497 26
441 497 30
630 710 24
1036 427 26
1036 427 29
1036 427 30
1184 488 31
63 71 28
189 213 25
315 355 31
567 639 27
592 244 31
1184 488 23
1184 488 24
1184 488 27
1480 610 25
1480 610 31
126 142 32
148 61 29
189 213 26
252 284 28
315 355 23
315 355 25
378 426 26
444 183 25
740 305 29
1332 549 27
63 71 25
148 61 24
296 122 24
315 355 24
378 426 28
592 244 28
1036 427 26
1332 549 24
1480 610 28
1480 610 30
126 142 26
189 213 26
444 183 26
504 568 23
630 710 31
740 305 30
1184 488 26
1184 488 29
1332 549 25
1332 549 28
63 71 30
126 142 25
189 213 24
252 284 26
252 284 32
378 426 26
504 568 31
567 639 27
1036 427 29
1184 488 27
126 142 26
126 142 27
252 284 27
252 284 29
296 122 27
378 426 28
441 497 28
1036 427 26
1184 488 28
1332 549 32
126 142 30
189 213 29
252 284 27
252 284 32
296 122 27
441 497 23
441 497 30
630 710 26
740 305 28
1332 549 29
63 71 24
63 71 25
126 142 24
148 61 27
252 284 24
504 568 30
630 710 31
888 366 30
1480 610 30
1480 610 31
126 142 30
189 213 28
189 213 32
252 284 24
315 355 32
567 639 23
630 710 29
888 366 31
1184 488 23
1184 488 32
63 71 32
126 142 25
252 284 30
296 122 30
315 355 25
315 355 30
441 497 24
504 568 28
1184 488 31
1332 549 24
63 71 25
126 142 24
126 142 26
296 122 28
378 426 32
444 183 29
592 244 24
592 244 26
740 305 26
1480 610 31
189 213 27
296 122 25
444 183 30
444 183 32
504 568 28
888 366 28
1036 427 28
1332 549 25
1332 549 29
1480 610 31
148 61 28
315 355 28
378 426 27
504 568 32
567 639 28
567 639 31
740 305 30
888 366 26
888 366 32
1184 488 30
63 71 26
63 71 26
126 142 30
252 284 26
444 183 23
888 366 25
1036 427 30
1036 427 30
1332 549 29
1480 610 31
252 284 27
252 284 28
315 355 32
378 426 29
504 568 26
504 568 32
740 305 24
1036 427 25
1184 488 29
1480 610 28
189 213 24
189 213 31
441 497 25
504 568 29
592 244 27
630 710 31
1184 488 25
1184 488 27
1332 549 25
1480 610 26
148 61 26
189 213 25
378 426 31
444 183 27
504 568 26
630 710 27
630 710 28
1184 488 31
1184 488 31
1332 549 26
63 71 24
148 61 31
189 213 31
189 213 32
378 426 28
444 183 32
504 568 24
592 244 25
888 366 26
888 366 29
148 61 30
189 213 27
296 122 29
441 497 31
441 497 31
504 568 26
567 639 30
567 639 31
888 366 24
1332 549 31
126 142 29
126 142 31
148 61 31
252 284 31
296 122 28
441 497 26
740 305 32
888 366 30
1036 427 31
1332 549 24
63 71 24
252 284 24
252 284 30
252 284 31
630 710 27
740 305 32
888 366 29
1184 488 27
1184 488 27
1184 488 28
126 142 29
252 284 24
296 122 23
315 355 31
441 497 23
592 244 25
630 710 25
888 366 27
1036 427 30
1332 549 27
126 142 26
189 213 29
441 497 27
504 568 25
630 710 26
630 710 26
740 305 25
1184 488 24
1184 488 24
1184 488 30
63 71 29
126 142 30
296 122 31
441 497 28
441 497 28
441 497 31
567 639 25
740 305 23
1184 488 23
1184 488 28
63 71 28
148 61 29
189 213 32
378 426 32
444 183 27
504 568 28
630 710 28
740 305 27
888 366 31
1480 610 24
63 71 23
148 61 29
148 61 32
315 355 24
315 355 26
441 497 31
592 244 28
740 305 31
740 305 31
1184 488 30
63 71 23
189 213 31
441 497 24
444 183 25
592 244 31
1036 427 27
1184 488 27
1332 549 25
1332 549 25
1480 610 23
296 122 30
441 497 24
444 183 28
592 244 28
592 244 32
630 710 25
630 710 32
888 366 29
888 366 29
1332 549 26
63 71 28
63 71 29
126 142 24
296 122 25
441 497 31
444 183 30
592 244 24
888 366 23
888 366 29
1184 488 27
252 284 31
441 497 24
441 497 25
441 497 28
444 183 25
567 639 24
592 244 32
630 710 28
1332 549 25
1480 610 30
148 61 27
189 213 31
315 355 28
567 639 25
567 639 30
1036 427 28
1036 427 29
1184 488 29
1332 549 29
1480 610 27
296 122 28
315 355 24
441 497 32
444 183 24
444 183 28
504 568 24
592 244 25
630 710 25
888 366 30
1332 549 25
148 61 25
252 284 31
315 355 30
441 497 29
441 497 30
567 639 24
740 305 32
888 366 24
1036 427 29
1480 610 30
63 71 27
189 213 25
189 213 27
252 284 23
252 284 27
315 355 29
444 183 28
630 710 26
740 305 27
1480 610 29
378 426 23
378 426 30
444 183 24
504 568 29
504 568 31
567 639 29
592 244 24
592 244 30
740 305 26
1184 488 26
63 71 28
148 61 23
148 61 25
378 426 28
441 497 25
441 497 26
592 244 25
740 305 27
888 366 30
1480 610 30
126 142 28
315 355 28
378 426 29
444 183 25
504 568 25
592 244 29
630 710 31
888 366 23
888 366 24
888 366 32
148 61 25
189 213 29
252 284 30
315 355 30
378 426 25
888 366 24
1184 488 25
1184 488 28
1332 549 25
1480 610 25
126 142 27
126 142 30
252 284 31
296 122 23
315 355 27
441 497 31
567 639 26
567 639 28
888 366 25
1332 549 31
148 61 25
148 61 28
189 213 25
296 122 31
296 122 31
441 497 29
592 244 28
630 710 32
1184 488 31
1332 549 25
63 71 26
296 122 25
315 355 28
567 639 30
592 244 25
630 710 28
1036 427 25
1036 427 32
1184 488 30
1480 610 28
126 142 24
126 142 25
126 142 28
148 61 30
296 122 30
441 497 32
444 183 25
888 366 29
1184 488 27
1480 610 26
63 71 30
148 61 30
444 183 25
444 183 26
444 183 32
567 639 28
592 244 24
630 710 28
1036 427 25
1036 427 26
63 71 30
126 142 25
126 142 31
252 284 28
296 122 27
504 568 31
888 366 23
1036 427 27
1184 488 27
1480 610 30
189 213 23
315 355 26
378 426 26
592 244 26
630 710 29
740 305 25
1036 427 24
1036 427 29
1332 549 23
1480 610 23
252 284 25
252 284 28
504 568 32
592 244 23
630 710 25
630 710 26
630 710 28
888 366 23
1036 427 23
1480 610 25
148 61 24
189 213 25
189 213 28
252 284 29
740 305 28
740 305 29
888 366 29
1184 488 32
1480 610 26
1480 610 30
126 142 31
189 213 29
252 284 26
296 122 25
378 426 26
504 568 28
630 710 25
740 305 29
1036 427 30
1332 549 29
63 71 31
148 61 30
252 284 29
296 122 28
296 122 29
296 122 29
441 497 29
567 639 30
630 710 29
1184 488 24
63 71 27
126 142 25
252 284 32
296 122 31
315 355 24
378 426 24
740 305 24
1184 488 31
1332 549 28
1480 610 31
148 61 29
252 284 31
315 355 27
444 183 24
504 568 23
504 568 30
592 244 30
740 305 29
1036 427 26
1480 610 30
126 142 28
148 61 25
148 61 28
189 213 30
296 122 27
441 497 26
630 710 31
1184 488 24
1184 488 26
1480 610 26
148 61 31
296 122 28
315 355 32
441 497 31
444 183 27
567 639 31
567 639 31
592 244 30
1184 488 28
1480 610 25
189 213 29
444 183 30
504 568 25
504 568 28
567 639 23
592 244 26
592 244 30
630 710 32
1036 427 29
1036 427 30
148 61 27
296 122 28
296 122 31
378 426 24
441 497 25
441 497 32
444 183 31
504 568 26
630 710 23
630 710 23
126 142 32
148 61 23
148 61 29
296 122 24
296 122 28
378 426 31
444 183 26
444 183 30
1332 549 24
1480 610 30
126 142 29
148 61 29
189 213 23
592 244 30
888 366 32
1036 427 25
1184 488 28
1332 549 28
1480 610 28
1480 610 29
63 71 23
148 61 26
148 61 28
315 355 26
378 426 25
592 244 30
630 710 30
1036 427 25
1036 427 30
1332 549 29
252 284 26
315 355 24
378 426 24
441 497 30
441 497 31
567 639 32
740 305 25
740 305 30
740 305 31
1036 427 24
126 142 28
252 284 26
315 355 32
378 426 29
444 183 25
444 183 30
592 244 27
888 366 27
1184 488 30
1332 549 31
189 213 27
252 284 28
252 284 28
296 122 23
296 122 27
444 183 29
504 568 29
592 244 29
630 710 27
1480 610 24
189 213 26
378 426 25
378 426 29
378 426 31
441 497 31
592 244 24
630 710 27
740 305 23
1036 427 28
1332 549 24
63 71 27
63 71 32
296 122 26
296 122 30
296 122 31
592 244 24
1036 427 24
1036 427 30
1184 488 32
1480 610 24
126 142 23
252 284 30
252 284 31
296 122 30
378 426 26
504 568 28
567 639 28
630 710 29
740 305 28
1184 488 28
148 61 26
378 426 26
444 183 27
630 710 25
630 710 27
630 710 28
888 366 27
1184 488 24
1480 610 25
1480 610 30
189 213 26
189 213 29
296 122 31
315 355 31
592 244 32
630 710 27
630 710 28
1184 488 30
1184 488 32
1480 610 28
189 213 27
378 426 23
567 639 31
592 244 31
630 710 27
888 366 26
1036 427 32
1184 488 30
1332 549 23
1480 610 27
63 71 28
148 61 27
252 284 32
296 122 32
315 355 25
444 183 23
592 244 32
630 710 31
740 305 23
740 305 30
126 142 26
189 213 23
296 122 27
296 122 32
378 426 23
567 639 28
740 305 23
740 305 24
1036 427 24
1184 488 27
252 284 30
296 122 31
296 122 31
378 426 23
441 497 27
740 305 28
888 366 26
888 366 30
1036 427 28
1332 549 27
252 284 29
378 426 26
378 426 26
444 183 24
592 244 24
592 244 31
592 244 31
740 305 24
1184 488 27
1332 549 31
126 142 26
315 355 25
444 183 26
444 183 30
888 366 27
888 366 31
1184 488 29
1184 488 31
1332 549 27
1480 610 24
126 142 27
126 142 29
189 213 32
252 284 24
378 426 30
441 497 28
504 568 31
567 639 26
888 366 28
1184 488 24
126 142 23
148 61 32
296 122 23
378 426 29
444 183 25
630 710 24
630 710 29
1036 427 25
1036 427 30
1184 488 25
