500 20 766868
25 57 208
25 129 161
25 60 220
25 53 221
25 146 249
25 148 197
25 54 152
25 90 232
25 86 219
25 55 215
25 93 171
25 122 167
25 73 211
25 121 176
25 144 154
25 148 241
25 96 249
25 80 219
25 105 219
25 79 152
320 236 11
640 472 10
640 472 11
640 472 12
640 472 13
640 472 14
1280 944 12
1600 1180 11
2240 1652 14
2805 2856 12
2805 2856 12
2805 2856 13
2880 2124 10
3200 2360 10
3200 2360 11
3200 2360 13
3740 3808 14
4675 4760 11
4675 4760 11
4675 4760 13
5610 5712 12
5610 5712 13
7480 7616 10
7480 7616 11
7480 7616 13
320 236 10
320 236 13
640 472 11
640 472 11
640 472 12
640 472 12
640 472 12
640 472 13
935 952 14
935 952 14
1600 1180 13
1870 1904 14
1920 1416 11
2805 2856 11
2805 2856 12
2880 2124 10
2880 2124 13
3200 2360 11
3200 2360 13
3740 3808 11
3740 3808 11
3740 3808 14
4675 4760 13
5610 5712 14
9350 9520 10
935 952 11
960 708 11
960 708 12
1280 944 12
1600 1180 11
1600 1180 12
1920 1416 12
2240 1652 11
2240 1652 14
2560 1888 11
2560 1888 14
2805 2856 11
2880 2124 11
3200 2360 14
3200 2360 14
3740 3808 10
3740 3808 11
4675 4760 10
4675 4760 12
6545 6664 11
6545 6664 13
6545 6664 13
9350 9520 11
9350 9520 11
9350 9520 12
640 472 11
640 472 12
935 952 13
1280 944 10
1280 944 13
1600 1180 13
1870 1904 12
1870 1904 12
1920 1416 11
2240 1652 14
2560 1888 10
2560 1888 11
2560 1888 13
2805 2856 11
2880 2124 14
2880 2124 14
3740 3808 10
3740 3808 11
3740 3808 14
3740 3808 14
4675 4760 10
6545 6664 12
8415 8568 11
8415 8568 13
9350 9520 12
320 236 13
320 236 13
935 952 11
935 952 12
960 708 11
960 708 13
1600 1180 12
1870 1904 12
1920 1416 10
2805 2856 10
2805 2856 13
2805 2856 14
2880 2124 11
2880 2124 12
3200 2360 10
3740 3808 12
3740 3808 14
4675 4760 14
5610 5712 10
5610 5712 14
6545 6664 14
7480 7616 12
8415 8568 11
9350 9520 12
9350 9520 14
320 236 12
320 236 12
935 952 10
935 952 11
1600 1180 11
1600 1180 13
1600 1180 14
1600 1180 14
1870 1904 10
1870 1904 13
1920 1416 11
1920 1416 12
2240 1652 12
2560 1888 10
2805 2856 10
2805 2856 12
3740 3808 11
3740 3808 11
3740 3808 13
3740 3808 13
4675 4760 11
4675 4760 13
4675 4760 14
9350 9520 11
9350 9520 14
320 236 14
935 952 13
960 708 13
1280 944 10
1600 1180 10
1600 1180 11
1600 1180 13
1600 1180 13
1870 1904 10
1920 1416 11
2240 1652 12
2560 1888 12
2560 1888 12
2880 2124 13
3200 2360 12
3200 2360 13
3200 2360 13
3740 3808 11
4675 4760 11
4675 4760 13
5610 5712 13
6545 6664 11
6545 6664 12
8415 8568 12
9350 9520 11
320 236 14
960 708 11
960 708 13
1280 944 11
1280 944 13
1600 1180 12
1870 1904 14
1920 1416 13
1920 1416 14
2560 1888 11
2805 2856 14
3200 2360 10
4675 4760 11
4675 4760 11
4675 4760 13
4675 4760 13
4675 4760 13
4675 4760 13
6545 6664 14
7480 7616 12
7480 7616 14
8415 8568 11
8415 8568 12
9350 9520 11
9350 9520 12
320 236 13
320 236 13
960 708 11
960 708 13
1870 1904 12
1870 1904 13
1870 1904 13
1920 1416 12
2240 1652 10
2240 1652 13
2805 2856 12
2880 2124 14
3200 2360 11
3740 3808 10
3740 3808 11
3740 3808 12
6545 6664 11
7480 7616 10
7480 7616 11
7480 7616 13
8415 8568 12
8415 8568 12
8415 8568 14
9350 9520 13
9350 9520 14
320 236 11
640 472 12
640 472 13
640 472 13
935 952 12
960 708 10
960 708 13
1600 1180 13
1600 1180 14
1870 1904 10
1920 1416 11
1920 1416 12
2240 1652 13
2240 1652 14
2560 1888 10
2560 1888 12
2560 1888 13
3740 3808 13
3740 3808 14
6545 6664 11
6545 6664 14
7480 7616 12
8415 8568 14
8415 8568 14
9350 9520 13
320 236 14
640 472 12
640 472 14
935 952 13
935 952 14
960 708 10
960 708 13
1280 944 10
1280 944 12
1280 944 13
1280 944 14
1870 1904 11
1870 1904 13
2240 1652 11
2560 1888 13
2880 2124 13
3200 2360 13
3200 2360 14
4675 4760 12
5610 5712 12
5610 5712 14
6545 6664 11
7480 7616 12
8415 8568 12
9350 9520 11
320 236 12
320 236 12
320 236 13
935 952 11
960 708 10
960 708 14
1280 944 13
1600 1180 11
1870 1904 10
1920 1416 12
1920 1416 13
2240 1652 13
2560 1888 11
2805 2856 11
2805 2856 13
2805 2856 13
2880 2124 10
3200 2360 12
3200 2360 13
4675 4760 13
8415 8568 11
8415 8568 13
9350 9520 10
9350 9520 14
9350 9520 14
320 236 13
935 952 13
960 708 13
960 708 14
1280 944 10
1870 1904 14
1870 1904 14
1920 1416 13
1920 1416 14
2240 1652 11
2240 1652 13
2560 1888 12
2880 2124 10
3200 2360 12
3740 3808 10
3740 3808 11
5610 5712 10
5610 5712 12
6545 6664 12
7480 7616 12
8415 8568 14
8415 8568 14
8415 8568 14
9350 9520 12
9350 9520 14
320 236 10
320 236 10
320 236 13
935 952 12
935 952 14
960 708 11
960 708 12
960 708 14
1600 1180 14
1920 1416 13
1920 1416 13
1920 1416 14
2240 1652 13
2805 2856 11
2805 2856 12
2805 2856 12
2805 2856 14
2880 2124 12
3740 3808 14
4675 4760 11
5610 5712 11
5610 5712 12
6545 6664 13
6545 6664 13
9350 9520 12
640 472 11
935 952 11
960 708 12
1920 1416 11
2240 1652 10
2240 1652 11
2240 1652 12
2560 1888 12
2560 1888 14
2805 2856 12
2805 2856 12
2880 2124 11
2880 2124 13
3200 2360 10
3200 2360 12
3200 2360 12
3740 3808 12
3740 3808 14
4675 4760 12
4675 4760 12
4675 4760 12
4675 4760 12
6545 6664 11
7480 7616 11
9350 9520 13
320 236 12
320 236 13
640 472 12
640 472 13
640 472 14
935 952 10
935 952 13
935 952 13
960 708 11
960 708 12
1280 944 12
1280 944 12
1280 944 12
1600 1180 14
1870 1904 10
1870 1904 11
2240 1652 12
2560 1888 13
2805 2856 11
2880 2124 10
3200 2360 11
3200 2360 11
5610 5712 13
6545 6664 14
8415 8568 12
320 236 10
640 472 13
960 708 12
960 708 13
1600 1180 14
1870 1904 11
1870 1904 12
1870 1904 13
1920 1416 10
1920 1416 12
1920 1416 14
2240 1652 12
2240 1652 14
2560 1888 13
2880 2124 11
3200 2360 10
3740 3808 10
3740 3808 11
3740 3808 13
3740 3808 14
4675 4760 12
4675 4760 14
7480 7616 10
7480 7616 10
8415 8568 13
320 236 10
320 236 14
935 952 12
1280 944 12
1280 944 13
1600 1180 13
1870 1904 14
1920 1416 11
1920 1416 11
2240 1652 12
2240 1652 12
2560 1888 13
2805 2856 11
2805 2856 11
2880 2124 11
2880 2124 14
3200 2360 11
3740 3808 11
5610 5712 12
5610 5712 14
7480 7616 11
7480 7616 11
8415 8568 11
8415 8568 14
9350 9520 14
320 236 11
640 472 13
935 952 11
935 952 14
935 952 14
1870 1904 13
1920 1416 13
1920 1416 14
2240 1652 10
2240 1652 14
2805 2856 13
3740 3808 12
3740 3808 13
4675 4760 12
4675 4760 13
5610 5712 12
5610 5712 13
5610 5712 13
7480 7616 11
8415 8568 13
8415 8568 13
9350 9520 11
9350 9520 12
9350 9520 13
9350 9520 13
320 236 10
320 236 12
320 236 13
320 236 14
640 472 14
1280 944 13
1280 944 14
1870 1904 12
1920 1416 10
1920 1416 14
2240 1652 14
2805 2856 12
2880 2124 11
2880 2124 14
3200 2360 13
3740 3808 12
3740 3808 13
4675 4760 14
4675 4760 14
5610 5712 12
6545 6664 14
6545 6664 14
8415 8568 14
8415 8568 14
9350 9520 11
