1000 100 106273
10 70 232
10 99 193
10 128 224
10 75 174
10 146 227
10 146 212
10 106 166
10 123 161
10 78 224
10 120 196
10 97 158
10 136 160
10 112 150
10 113 240
10 51 243
10 136 163
10 51 162
10 142 165
10 51 246
10 86 241
10 133 163
10 83 190
10 66 202
10 111 152
10 116 178
10 83 199
10 64 162
10 55 230
10 55 172
10 100 183
10 105 153
10 104 243
10 119 195
10 119 176
10 115 250
10 110 187
10 94 182
10 113 156
10 103 168
10 149 162
10 137 192
10 96 219
10 148 218
10 123 180
10 57 196
10 74 196
10 127 157
10 53 213
10 128 170
10 124 173
10 113 182
10 53 222
10 84 184
10 73 158
10 101 226
10 102 210
10 100 241
10 70 247
10 59 247
10 146 160
10 90 154
10 60 239
10 131 247
10 137 208
10 79 249
10 107 195
10 143 155
10 137 187
10 128 220
10 80 232
10 88 158
10 96 216
10 64 175
10 75 207
10 104 248
10 72 150
10 82 236
10 98 245
10 102 215
10 70 242
10 51 191
10 54 186
10 121 162
10 97 227
10 135 159
10 69 176
10 74 229
10 63 219
10 119 238
10 110 227
10 107 215
10 118 179
10 125 207
10 107 250
10 129 209
10 64 239
10 74 156
10 89 239
10 97 231
10 61 205
172 136 32
194 88 34
215 170 25
215 170 32
291 132 25
387 306 27
387 306 33
388 176 32
679 308 29
970 440 33
86 68 32
194 88 30
258 204 26
301 238 31
344 272 27
344 272 30
430 340 27
485 220 27
582 264 27
873 396 33
97 44 25
97 44 26
129 102 30
172 136 29
291 132 25
291 132 27
291 132 34
430 340 30
582 264 27
970 440 30
129 102 29
129 102 33
172 136 27
301 238 24
344 272 25
344 272 26
582 264 30
582 264 30
679 308 30
873 396 32
86 68 24
97 44 32
172 136 27
291 132 29
388 176 33
582 264 30
679 308 30
873 396 27
873 396 32
970 440 31
97 44 29
97 44 32
172 136 29
194 88 25
194 88 28
258 204 26
344 272 28
388 176 30
430 340 34
970 440 28
43 34 34
43 34 34
86 68 27
129 102 32
258 204 32
291 132 29
301 238 30
344 272 26
430 340 29
485 220 26
43 34 24
43 34 34
129 102 24
129 102 29
215 170 27
258 204 29
258 204 34
291 132 31
485 220 29
679 308 33
97 44 29
129 102 28
129 102 32
194 88 27
194 88 27
215 170 30
430 340 25
485 220 30
776 352 25
970 440 28
43 34 28
43 34 32
172 136 29
258 204 31
291 132 28
291 132 32
301 238 30
485 220 27
679 308 32
873 396 27
86 68 26
172 136 27
194 88 25
291 132 25
344 272 31
485 220 25
485 220 32
679 308 31
873 396 29
970 440 31
43 34 26
43 34 28
129 102 30
172 136 31
258 204 27
344 272 24
388 176 26
388 176 32
430 340 33
873 396 33
43 34 30
194 88 32
291 132 30
301 238 29
387 306 32
388 176 32
430 340 34
485 220 33
679 308 26
873 396 28
43 34 33
129 102 34
291 132 27
430 340 27
430 340 34
485 220 32
679 308 28
679 308 34
776 352 27
873 396 29
86 68 32
129 102 34
172 136 25
194 88 30
215 170 31
258 204 27
344 272 26
430 340 27
679 308 27
679 308 29
129 102 25
129 102 32
194 88 29
388 176 26
388 176 30
679 308 25
679 308 27
776 352 27
970 440 26
970 440 27
43 34 24
97 44 29
215 170 29
291 132 32
344 272 25
387 306 29
582 264 27
679 308 28
776 352 32
873 396 33
97 44 27
129 102 28
258 204 32
387 306 30
388 176 30
430 340 25
582 264 29
776 352 27
776 352 31
970 440 28
43 34 33
43 34 33
172 136 27
258 204 28
301 238 30
344 272 29
485 220 31
485 220 33
873 396 32
970 440 32
97 44 26
97 44 28
258 204 27
291 132 30
301 238 32
344 272 33
387 306 25
387 306 27
430 340 28
873 396 33
86 68 34
97 44 25
172 136 25
194 88 27
387 306 29
430 340 32
679 308 32
776 352 27
873 396 27
970 440 28
86 68 27
215 170 25
344 272 30
344 272 30
387 306 24
485 220 32
582 264 27
582 264 34
776 352 25
776 352 34
86 68 29
86 68 30
97 44 27
258 204 29
258 204 32
301 238 29
485 220 32
776 352 29
873 396 30
970 440 28
43 34 30
194 88 31
301 238 34
344 272 31
388 176 29
430 340 29
430 340 33
582 264 32
679 308 29
679 308 30
97 44 28
194 88 31
258 204 32
301 238 31
344 272 33
485 220 24
582 264 28
582 264 31
679 308 26
776 352 26
43 34 30
86 68 32
97 44 26
97 44 26
129 102 28
301 238 33
387 306 27
388 176 25
679 308 30
776 352 29
43 34 26
129 102 32
258 204 26
291 132 27
344 272 26
388 176 25
388 176 30
485 220 28
582 264 26
679 308 26
97 44 30
129 102 33
215 170 26
258 204 33
344 272 26
344 272 27
387 306 32
388 176 33
485 220 28
582 264 30
97 44 26
97 44 31
97 44 34
172 136 25
172 136 32
194 88 26
258 204 25
430 340 33
485 220 29
873 396 29
86 68 32
97 44 28
129 102 30
194 88 28
215 170 25
258 204 25
344 272 33
388 176 28
582 264 28
970 440 30
43 34 25
172 136 26
172 136 32
291 132 29
387 306 30
388 176 29
430 340 32
485 220 25
485 220 27
582 264 25
43 34 28
43 34 33
194 88 25
301 238 24
344 272 30
387 306 24
388 176 29
388 176 29
388 176 29
776 352 29
43 34 30
97 44 28
172 136 32
301 238 28
301 238 30
344 272 33
344 272 33
582 264 27
776 352 26
776 352 28
43 34 29
97 44 29
129 102 25
215 170 26
215 170 34
301 238 27
387 306 28
387 306 30
388 176 29
388 176 31
129 102 27
129 102 31
291 132 34
301 238 25
344 272 34
387 306 27
387 306 34
582 264 26
679 308 29
873 396 34
43 34 28
43 34 30
86 68 25
194 88 30
258 204 28
344 272 25
387 306 31
388 176 33
485 220 25
776 352 25
43 34 27
129 102 29
172 136 27
172 136 29
291 132 30
388 176 30
485 220 26
485 220 28
485 220 32
582 264 32
86 68 26
129 102 25
215 170 31
258 204 27
344 272 28
344 272 31
387 306 27
387 306 34
485 220 30
970 440 32
43 34 24
86 68 29
97 44 31
97 44 32
129 102 28
172 136 34
215 170 31
344 272 32
430 340 30
430 340 33
43 34 26
194 88 25
215 170 29
344 272 25
388 176 29
430 340 25
430 340 33
485 220 25
582 264 25
679 308 27
86 68 33
129 102 24
215 170 33
301 238 33
344 272 25
430 340 25
485 220 30
582 264 33
970 440 29
970 440 29
43 34 27
86 68 33
258 204 31
291 132 33
301 238 32
344 272 34
430 340 27
485 220 34
679 308 30
776 352 33
291 132 29
301 238 30
344 272 27
388 176 27
430 340 25
430 340 32
485 220 29
679 308 31
873 396 28
970 440 28
129 102 32
258 204 31
301 238 30
344 272 30
388 176 24
388 176 30
485 220 26
776 352 26
873 396 31
970 440 24
97 44 25
172 136 29
194 88 27
194 88 33
215 170 27
301 238 29
485 220 34
679 308 32
776 352 29
873 396 24
97 44 26
258 204 27
301 238 29
344 272 29
344 272 30
387 306 31
388 176 33
485 220 25
776 352 27
970 440 24
43 34 34
129 102 26
194 88 31
258 204 25
301 238 31
344 272 28
344 272 30
582 264 32
873 396 33
970 440 34
129 102 30
172 136 28
172 136 33
194 88 28
215 170 28
291 132 24
291 132 25
387 306 31
388 176 30
873 396 31
86 68 28
194 88 33
215 170 33
301 238 25
301 238 30
344 272 31
387 306 27
430 340 32
485 220 26
485 220 31
129 102 30
194 88 27
194 88 34
291 132 24
301 238 32
430 340 33
679 308 31
776 352 26
873 396 27
970 440 34
86 68 34
172 136 26
258 204 26
258 204 28
258 204 29
344 272 27
387 306 33
388 176 33
485 220 28
970 440 27
97 44 31
194 88 25
258 204 30
291 132 30
291 132 30
301 238 24
301 238 34
344 272 34
776 352 25
776 352 29
86 68 26
97 44 31
172 136 28
194 88 26
215 170 31
387 306 34
582 264 25
679 308 30
873 396 25
873 396 32
43 34 29
43 34 30
97 44 32
258 204 26
291 132 27
430 340 25
430 340 31
679 308 28
776 352 33
873 396 33
43 34 27
43 34 32
43 34 34
86 68 26
97 44 29
291 132 33
301 238 28
387 306 26
679 308 30
873 396 26
97 44 25
97 44 27
172 136 33
215 170 33
258 204 25
258 204 26
344 272 28
582 264 32
679 308 30
970 440 30
172 136 30
172 136 30
291 132 31
301 238 26
387 306 25
430 340 28
485 220 30
582 264 28
970 440 28
970 440 31
129 102 30
172 136 24
194 88 26
215 170 28
215 170 32
291 132 29
387 306 24
387 306 33
388 176 34
430 340 26
86 68 33
194 88 27
194 88 34
291 132 29
344 272 26
387 306 24
387 306 31
387 306 32
970 440 28
970 440 29
215 170 25
344 272 31
387 306 27
388 176 33
582 264 29
679 308 28
679 308 30
970 440 26
970 440 32
970 440 33
194 88 30
194 88 30
258 204 32
301 238 26
301 238 30
387 306 28
388 176 34
430 340 34
485 220 25
776 352 34
86 68 30
86 68 34
129 102 25
129 102 30
301 238 29
387 306 29
387 306 31
430 340 33
430 340 34
582 264 27
43 34 30
129 102 29
194 88 32
215 170 31
301 238 30
301 238 31
388 176 25
679 308 32
873 396 30
873 396 32
43 34 27
43 34 28
86 68 25
86 68 31
194 88 31
301 238 25
388 176 28
430 340 32
485 220 25
679 308 28
43 34 31
43 34 32
86 68 24
97 44 24
258 204 33
344 272 27
344 272 32
388 176 28
388 176 30
873 396 29
43 34 29
86 68 29
86 68 31
97 44 29
97 44 32
129 102 31
291 132 26
387 306 32
679 308 29
873 396 28
43 34 28
43 34 31
97 44 32
301 238 31
301 238 32
344 272 25
344 272 30
388 176 26
582 264 34
679 308 31
43 34 24
97 44 29
97 44 31
172 136 30
194 88 31
215 170 26
291 132 30
301 238 32
430 340 25
970 440 30
43 34 29
86 68 31
129 102 29
172 136 33
291 132 30
344 272 29
388 176 29
388 176 31
582 264 29
970 440 29
43 34 30
86 68 31
129 102 26
129 102 33
215 170 26
215 170 33
291 132 34
344 272 34
388 176 26
388 176 34
86 68 25
129 102 30
258 204 27
344 272 29
388 176 29
388 176 30
485 220 34
679 308 25
776 352 28
873 396 26
86 68 26
97 44 26
215 170 25
344 272 26
344 272 28
387 306 26
388 176 26
430 340 26
430 340 33
582 264 27
215 170 28
215 170 32
291 132 27
301 238 25
301 238 27
485 220 30
582 264 26
776 352 29
776 352 30
970 440 30
43 34 33
97 44 28
172 136 26
194 88 34
215 170 28
258 204 33
344 272 26
388 176 29
776 352 29
970 440 34
97 44 30
172 136 29
258 204 28
291 132 25
301 238 27
344 272 32
388 176 27
430 340 29
776 352 33
873 396 29
97 44 25
172 136 28
291 132 26
291 132 27
301 238 25
344 272 28
344 272 34
388 176 26
388 176 28
582 264 28
97 44 33
97 44 34
194 88 24
215 170 26
215 170 29
258 204 31
485 220 33
679 308 29
873 396 29
970 440 25
86 68 32
194 88 30
215 170 34
258 204 27
258 204 33
301 238 32
388 176 26
679 308 24
873 396 31
970 440 27
129 102 31
194 88 30
215 170 31
258 204 24
301 238 29
485 220 24
485 220 27
485 220 29
485 220 31
970 440 34
43 34 34
86 68 26
129 102 33
344 272 30
387 306 29
485 220 28
485 220 34
873 396 25
873 396 29
970 440 24
43 34 31
129 102 28
172 136 28
258 204 24
258 204 26
258 204 27
344 272 29
430 340 28
776 352 29
970 440 33
86 68 30
86 68 33
97 44 32
172 136 26
194 88 29
301 238 24
344 272 29
388 176 25
679 308 34
776 352 26
43 34 28
172 136 30
194 88 25
215 170 31
258 204 33
430 340 28
776 352 27
873 396 34
970 440 27
970 440 27
86 68 28
172 136 27
172 136 29
194 88 32
258 204 33
344 272 32
387 306 28
776 352 31
873 396 28
970 440 27
43 34 27
129 102 29
258 204 29
301 238 27
301 238 32
301 238 34
430 340 31
679 308 33
776 352 26
873 396 30
129 102 29
129 102 32
172 136 32
194 88 30
194 88 32
215 170 27
258 204 24
258 204 28
582 264 29
873 396 34
43 34 25
86 68 29
97 44 25
97 44 27
194 88 28
291 132 26
301 238 26
679 308 29
970 440 24
970 440 25
43 34 32
86 68 26
86 68 32
194 88 31
291 132 25
344 272 25
344 272 30
344 272 33
582 264 26
873 396 27
43 34 28
194 88 31
194 88 33
258 204 33
291 132 34
301 238 25
301 238 33
301 238 34
430 340 32
485 220 26
129 102 29
129 102 34
172 136 28
215 170 31
215 170 33
258 204 34
301 238 30
344 272 30
344 272 30
582 264 27
43 34 26
172 136 33
194 88 29
291 132 29
344 272 33
344 272 34
430 340 29
485 220 27
679 308 31
776 352 30
97 44 27
215 170 28
258 204 27
387 306 27
387 306 30
388 176 33
485 220 26
679 308 25
679 308 31
970 440 25
43 34 29
172 136 32
172 136 33
194 88 32
215 170 32
301 238 28
301 238 34
387 306 28
388 176 31
582 264 32
97 44 26
97 44 27
172 136 28
215 170 33
301 238 24
301 238 31
344 272 34
388 176 28
485 220 24
970 440 29
86 68 33
129 102 27
129 102 32
129 102 34
172 136 34
194 88 31
258 204 27
387 306 29
485 220 25
679 308 26
43 34 26
97 44 30
129 102 31
301 238 29
301 238 33
388 176 29
430 340 32
582 264 26
679 308 32
970 440 24
86 68 27
172 136 29
172 136 30
172 136 33
485 220 27
485 220 30
485 220 32
582 264 30
679 308 25
873 396 28
97 44 27
97 44 29
215 170 27
215 170 29
258 204 31
301 238 24
387 306 32
388 176 26
485 220 25
970 440 31
97 44 29
258 204 29
258 204 33
291 132 27
291 132 30
344 272 33
430 340 28
485 220 32
582 264 33
873 396 27
43 34 26
86 68 30
97 44 28
129 102 33
215 170 34
344 272 28
388 176 33
582 264 28
873 396 24
970 440 26
