1000 20 4232048
50 57 235
50 89 157
50 121 182
50 92 219
50 100 229
50 88 217
50 90 166
50 101 175
50 133 208
50 122 245
50 89 208
50 58 223
50 111 191
50 56 222
50 88 158
50 125 230
50 79 238
50 57 200
50 61 245
50 73 203
1553 1382 5
1553 1382 5
1853 1825 6
3106 2764 5
3106 2764 6
3106 2764 6
3106 2764 7
3706 3650 5
3706 3650 5
3706 3650 6
3706 3650 6
4659 4146 5
4659 4146 6
4659 4146 6
4659 4146 7
5559 5475 5
5559 5475 6
6212 5528 6
6212 5528 6
7412 7300 5
7412 7300 5
7412 7300 7
7412 7300 7
7765 6910 5
7765 6910 7
9265 9125 5
9318 8292 5
9318 8292 5
9318 8292 6
9318 8292 6
10871 9674 6
11118 10950 5
11118 10950 6
11118 10950 7
12424 11056 5
12424 11056 5
12424 11056 6
12424 11056 6
12971 12775 5
12971 12775 5
12971 12775 5
12971 12775 5
12971 12775 6
12971 12775 6
14824 14600 6
15530 13820 7
16677 16425 5
16677 16425 5
16677 16425 6
18530 18250 5
1553 1382 6
1853 1825 5
1853 1825 5
1853 1825 6
1853 1825 6
1853 1825 7
3106 2764 5
3106 2764 6
3106 2764 6
4659 4146 5
4659 4146 5
5559 5475 5
5559 5475 6
5559 5475 6
6212 5528 6
6212 5528 6
6212 5528 7
6212 5528 7
7412 7300 5
7412 7300 5
7412 7300 5
7412 7300 5
9265 9125 5
9318 8292 5
9318 8292 6
9318 8292 6
9318 8292 6
9318 8292 6
10871 9674 5
10871 9674 5
10871 9674 6
10871 9674 7
11118 10950 6
12424 11056 5
12424 11056 6
12971 12775 5
12971 12775 6
13977 12438 5
13977 12438 6
13977 12438 6
13977 12438 6
14824 14600 5
14824 14600 6
14824 14600 6
14824 14600 7
15530 13820 6
15530 13820 7
16677 16425 5
16677 16425 6
16677 16425 7
1553 1382 5
1553 1382 5
1553 1382 6
1853 1825 6
1853 1825 6
3106 2764 6
3706 3650 5
3706 3650 5
3706 3650 5
3706 3650 5
3706 3650 6
3706 3650 7
4659 4146 5
4659 4146 5
5559 5475 5
5559 5475 6
5559 5475 7
7412 7300 6
7765 6910 5
9265 9125 5
9265 9125 5
9265 9125 5
9265 9125 6
9265 9125 6
9265 9125 6
9318 8292 6
10871 9674 6
10871 9674 6
10871 9674 6
11118 10950 5
11118 10950 7
12424 11056 6
12971 12775 5
12971 12775 5
12971 12775 5
12971 12775 6
12971 12775 6
12971 12775 7
13977 12438 6
13977 12438 6
14824 14600 5
14824 14600 5
14824 14600 6
15530 13820 5
15530 13820 7
16677 16425 5
16677 16425 6
18530 18250 6
18530 18250 7
18530 18250 7
1553 1382 5
1553 1382 5
1853 1825 5
1853 1825 6
1853 1825 6
3106 2764 5
3106 2764 5
3106 2764 6
3106 2764 6
3706 3650 5
4659 4146 5
4659 4146 6
4659 4146 6
4659 4146 6
5559 5475 5
5559 5475 5
5559 5475 6
5559 5475 6
6212 5528 6
7412 7300 5
7412 7300 5
7412 7300 6
7412 7300 6
7412 7300 7
7765 6910 5
7765 6910 5
7765 6910 6
9265 9125 6
10871 9674 5
10871 9674 5
10871 9674 5
10871 9674 6
10871 9674 6
11118 10950 5
11118 10950 5
12971 12775 5
12971 12775 6
12971 12775 7
13977 12438 5
13977 12438 5
13977 12438 6
14824 14600 5
14824 14600 6
15530 13820 5
15530 13820 6
16677 16425 7
18530 18250 5
18530 18250 6
18530 18250 6
18530 18250 6
1553 1382 7
1853 1825 5
1853 1825 5
1853 1825 7
3106 2764 5
3106 2764 6
3706 3650 5
4659 4146 5
5559 5475 5
5559 5475 6
5559 5475 7
6212 5528 6
6212 5528 6
6212 5528 7
7412 7300 5
7412 7300 6
7412 7300 6
7765 6910 5
9265 9125 5
9265 9125 6
9318 8292 5
9318 8292 6
9318 8292 7
10871 9674 6
11118 10950 5
11118 10950 5
12424 11056 5
12424 11056 6
12971 12775 5
12971 12775 6
12971 12775 7
12971 12775 7
13977 12438 5
13977 12438 6
14824 14600 5
14824 14600 5
14824 14600 5
14824 14600 5
14824 14600 6
15530 13820 5
15530 13820 5
15530 13820 5
15530 13820 6
15530 13820 6
16677 16425 5
16677 16425 5
16677 16425 6
18530 18250 5
18530 18250 5
18530 18250 6
1853 1825 5
1853 1825 6
1853 1825 7
3106 2764 5
3106 2764 5
3706 3650 5
3706 3650 6
3706 3650 6
4659 4146 5
4659 4146 6
5559 5475 6
5559 5475 7
5559 5475 7
6212 5528 5
6212 5528 5
6212 5528 6
6212 5528 7
7412 7300 5
7412 7300 6
7412 7300 6
7412 7300 7
7765 6910 5
7765 6910 6
7765 6910 6
7765 6910 7
9265 9125 6
9265 9125 6
9318 8292 5
10871 9674 5
10871 9674 6
10871 9674 6
11118 10950 6
12424 11056 5
12424 11056 5
12971 12775 6
12971 12775 6
12971 12775 6
13977 12438 5
13977 12438 5
13977 12438 6
13977 12438 6
14824 14600 5
14824 14600 6
15530 13820 5
15530 13820 5
15530 13820 6
16677 16425 5
18530 18250 6
18530 18250 6
18530 18250 6
1853 1825 5
1853 1825 5
3106 2764 5
3106 2764 5
3106 2764 6
3106 2764 6
3106 2764 6
3706 3650 5
3706 3650 6
3706 3650 6
3706 3650 6
3706 3650 7
4659 4146 6
4659 4146 6
5559 5475 5
5559 5475 5
5559 5475 5
5559 5475 6
5559 5475 6
6212 5528 5
6212 5528 5
6212 5528 5
7412 7300 5
7412 7300 5
7412 7300 5
7412 7300 6
7412 7300 6
7765 6910 5
7765 6910 5
7765 6910 6
9265 9125 5
9265 9125 6
9318 8292 5
9318 8292 6
10871 9674 6
10871 9674 7
11118 10950 5
12424 11056 5
12424 11056 7
13977 12438 6
14824 14600 5
14824 14600 5
14824 14600 6
14824 14600 7
14824 14600 7
16677 16425 6
18530 18250 5
18530 18250 5
18530 18250 6
18530 18250 6
1553 1382 5
1553 1382 6
1553 1382 7
1853 1825 5
1853 1825 6
1853 1825 6
1853 1825 7
1853 1825 7
3106 2764 5
3106 2764 5
3106 2764 6
3106 2764 7
3706 3650 6
4659 4146 7
5559 5475 5
5559 5475 5
6212 5528 5
6212 5528 5
6212 5528 5
6212 5528 6
6212 5528 6
6212 5528 7
7412 7300 5
7412 7300 7
7412 7300 7
7765 6910 5
9265 9125 5
9265 9125 5
9265 9125 6
9318 8292 5
9318 8292 6
10871 9674 5
10871 9674 6
10871 9674 6
11118 10950 5
11118 10950 6
12424 11056 5
12424 11056 6
12424 11056 6
12971 12775 5
13977 12438 6
14824 14600 6
14824 14600 6
16677 16425 5
16677 16425 5
16677 16425 7
18530 18250 5
18530 18250 5
18530 18250 6
18530 18250 6
1553 1382 5
1553 1382 5
1553 1382 6
1553 1382 7
1853 1825 5
1853 1825 6
1853 1825 6
3106 2764 5
3106 2764 5
3106 2764 6
3706 3650 5
3706 3650 6
4659 4146 5
4659 4146 5
5559 5475 5
5559 5475 5
5559 5475 6
5559 5475 7
5559 5475 7
6212 5528 5
6212 5528 6
7412 7300 5
7412 7300 6
7412 7300 6
7765 6910 5
9265 9125 6
9265 9125 6
9318 8292 6
9318 8292 7
9318 8292 7
10871 9674 5
10871 9674 5
11118 10950 6
11118 10950 6
12971 12775 5
12971 12775 5
12971 12775 7
12971 12775 7
13977 12438 5
13977 12438 6
14824 14600 5
14824 14600 7
15530 13820 6
16677 16425 5
16677 16425 6
16677 16425 7
18530 18250 5
18530 18250 5
18530 18250 5
18530 18250 6
1553 1382 7
1553 1382 7
1853 1825 5
1853 1825 5
1853 1825 6
1853 1825 7
3106 2764 5
3106 2764 6
3106 2764 6
3706 3650 5
3706 3650 5
3706 3650 6
4659 4146 5
4659 4146 5
4659 4146 6
4659 4146 6
4659 4146 6
5559 5475 5
5559 5475 6
5559 5475 6
6212 5528 5
6212 5528 5
6212 5528 6
7765 6910 5
7765 6910 5
7765 6910 6
9265 9125 5
9265 9125 5
9265 9125 6
9318 8292 5
9318 8292 5
9318 8292 6
9318 8292 7
11118 10950 5
11118 10950 6
12424 11056 5
12424 11056 5
12424 11056 6
12971 12775 5
12971 12775 5
12971 12775 6
12971 12775 7
13977 12438 5
13977 12438 5
13977 12438 5
14824 14600 6
14824 14600 6
15530 13820 5
18530 18250 5
18530 18250 5
3106 2764 5
3706 3650 5
3706 3650 5
3706 3650 5
3706 3650 5
3706 3650 5
4659 4146 5
5559 5475 5
5559 5475 5
5559 5475 5
6212 5528 5
6212 5528 6
7412 7300 6
7412 7300 6
7412 7300 7
7765 6910 5
9265 9125 6
9318 8292 5
9318 8292 5
9318 8292 5
9318 8292 5
9318 8292 6
9318 8292 6
9318 8292 6
9318 8292 6
9318 8292 6
10871 9674 5
10871 9674 6
10871 9674 7
11118 10950 6
11118 10950 6
11118 10950 6
11118 10950 7
12424 11056 5
12424 11056 6
12424 11056 6
12424 11056 6
12424 11056 6
12971 12775 5
13977 12438 6
14824 14600 5
14824 14600 5
14824 14600 5
15530 13820 5
15530 13820 5
15530 13820 7
16677 16425 5
18530 18250 5
18530 18250 6
18530 18250 6
1553 1382 6
1553 1382 7
1853 1825 5
1853 1825 5
1853 1825 6
3106 2764 5
3706 3650 5
3706 3650 6
4659 4146 5
4659 4146 6
4659 4146 6
5559 5475 6
6212 5528 6
7412 7300 5
7412 7300 6
7412 7300 6
7412 7300 6
7765 6910 5
7765 6910 6
7765 6910 6
9265 9125 5
9265 9125 6
9265 9125 6
9318 8292 5
9318 8292 6
10871 9674 5
10871 9674 5
12424 11056 6
12424 11056 6
12424 11056 6
12971 12775 5
12971 12775 6
12971 12775 6
13977 12438 6
14824 14600 5
14824 14600 5
14824 14600 6
14824 14600 6
15530 13820 5
15530 13820 5
15530 13820 6
15530 13820 6
15530 13820 6
15530 13820 6
15530 13820 7
16677 16425 5
16677 16425 5
18530 18250 6
18530 18250 7
18530 18250 7
1553 1382 5
1553 1382 6
1853 1825 5
1853 1825 6
1853 1825 7
3106 2764 5
3106 2764 7
3706 3650 6
4659 4146 5
4659 4146 5
4659 4146 5
4659 4146 5
4659 4146 6
4659 4146 6
4659 4146 6
4659 4146 6
5559 5475 5
6212 5528 6
7412 7300 5
7412 7300 5
7412 7300 5
7412 7300 6
7412 7300 6
7412 7300 6
7412 7300 6
7765 6910 5
7765 6910 6
7765 6910 6
7765 6910 7
7765 6910 7
9265 9125 6
9318 8292 5
11118 10950 6
11118 10950 6
12424 11056 5
12424 11056 5
12424 11056 5
12424 11056 6
12424 11056 6
12971 12775 5
12971 12775 6
12971 12775 7
13977 12438 6
15530 13820 5
15530 13820 6
15530 13820 7
16677 16425 6
18530 18250 5
18530 18250 6
18530 18250 6
1553 1382 5
1553 1382 5
1553 1382 6
1853 1825 5
3106 2764 6
3706 3650 5
3706 3650 5
3706 3650 6
3706 3650 7
4659 4146 5
5559 5475 6
5559 5475 6
6212 5528 5
6212 5528 6
6212 5528 6
7412 7300 5
7412 7300 5
7412 7300 6
7412 7300 6
7412 7300 6
7765 6910 5
7765 6910 6
7765 6910 7
9265 9125 6
9265 9125 6
9265 9125 6
9265 9125 7
9265 9125 7
9318 8292 5
9318 8292 6
11118 10950 6
12424 11056 5
12424 11056 5
12424 11056 6
12424 11056 6
12424 11056 6
12424 11056 6
12971 12775 5
12971 12775 6
12971 12775 6
12971 12775 6
12971 12775 6
13977 12438 5
13977 12438 6
13977 12438 6
13977 12438 7
15530 13820 5
16677 16425 6
16677 16425 6
18530 18250 7
1553 1382 6
1553 1382 6
1853 1825 5
3106 2764 6
3106 2764 6
3706 3650 5
3706 3650 6
4659 4146 5
4659 4146 5
5559 5475 5
5559 5475 5
5559 5475 6
5559 5475 6
5559 5475 6
6212 5528 5
6212 5528 6
6212 5528 6
7412 7300 6
7412 7300 6
7765 6910 5
7765 6910 5
7765 6910 6
7765 6910 6
7765 6910 6
7765 6910 7
9265 9125 5
9265 9125 6
9265 9125 6
9318 8292 6
10871 9674 5
10871 9674 6
10871 9674 6
10871 9674 6
10871 9674 7
11118 10950 5
11118 10950 6
12424 11056 6
12424 11056 7
12971 12775 5
12971 12775 5
14824 14600 6
14824 14600 6
15530 13820 5
15530 13820 6
16677 16425 5
16677 16425 6
18530 18250 5
18530 18250 5
18530 18250 5
18530 18250 6
1553 1382 6
1553 1382 6
1853 1825 5
1853 1825 6
1853 1825 6
3106 2764 6
3706 3650 5
3706 3650 6
3706 3650 7
4659 4146 5
5559 5475 5
5559 5475 5
5559 5475 6
5559 5475 6
6212 5528 5
6212 5528 6
7412 7300 6
7412 7300 6
7412 7300 7
7765 6910 7
9265 9125 7
9318 8292 5
9318 8292 6
10871 9674 5
10871 9674 5
10871 9674 6
10871 9674 7
11118 10950 5
11118 10950 7
12424 11056 5
12424 11056 6
12424 11056 7
12971 12775 5
12971 12775 5
12971 12775 6
12971 12775 6
13977 12438 6
13977 12438 7
14824 14600 5
14824 14600 6
14824 14600 6
14824 14600 6
15530 13820 5
15530 13820 6
15530 13820 6
16677 16425 6
18530 18250 5
18530 18250 5
18530 18250 6
18530 18250 6
1553 1382 5
1553 1382 5
1553 1382 6
1553 1382 6
1553 1382 7
1853 1825 5
3106 2764 5
3106 2764 5
3106 2764 6
3106 2764 6
3106 2764 7
3706 3650 5
3706 3650 6
3706 3650 6
3706 3650 6
4659 4146 5
5559 5475 6
7412 7300 5
7412 7300 5
7412 7300 5
7765 6910 5
7765 6910 6
9265 9125 7
9318 8292 6
9318 8292 7
9318 8292 7
11118 10950 6
11118 10950 6
12424 11056 5
12424 11056 6
12424 11056 6
12424 11056 6
12971 12775 5
12971 12775 5
13977 12438 5
13977 12438 5
13977 12438 7
14824 14600 6
14824 14600 6
14824 14600 6
14824 14600 7
15530 13820 5
15530 13820 5
15530 13820 6
15530 13820 6
15530 13820 6
16677 16425 5
16677 16425 5
16677 16425 7
18530 18250 6
1553 1382 5
1853 1825 5
1853 1825 6
1853 1825 7
3106 2764 5
3106 2764 7
3706 3650 5
3706 3650 6
3706 3650 6
4659 4146 5
4659 4146 6
5559 5475 5
5559 5475 5
5559 5475 5
5559 5475 6
5559 5475 7
6212 5528 6
7412 7300 5
7412 7300 5
7765 6910 5
7765 6910 6
9265 9125 5
9318 8292 5
9318 8292 5
9318 8292 5
9318 8292 5
9318 8292 6
9318 8292 6
10871 9674 5
10871 9674 5
10871 9674 5
10871 9674 6
11118 10950 5
11118 10950 6
11118 10950 6
12424 11056 6
12424 11056 6
12424 11056 7
12971 12775 5
12971 12775 6
13977 12438 5
13977 12438 7
15530 13820 5
15530 13820 6
16677 16425 6
16677 16425 6
16677 16425 6
16677 16425 6
16677 16425 7
18530 18250 7
1553 1382 5
1553 1382 5
1553 1382 6
1553 1382 6
1553 1382 7
1853 1825 6
3706 3650 6
4659 4146 5
4659 4146 6
5559 5475 5
5559 5475 5
5559 5475 6
5559 5475 6
5559 5475 6
5559 5475 7
5559 5475 7
7412 7300 5
7412 7300 5
7412 7300 6
7412 7300 6
7412 7300 6
7412 7300 6
7412 7300 6
7765 6910 5
7765 6910 6
9265 9125 5
9265 9125 6
9265 9125 6
9318 8292 5
9318 8292 5
10871 9674 5
10871 9674 5
10871 9674 6
10871 9674 6
11118 10950 5
11118 10950 6
12424 11056 5
12424 11056 5
12424 11056 5
12424 11056 6
12971 12775 5
12971 12775 6
12971 12775 6
13977 12438 7
16677 16425 5
16677 16425 6
16677 16425 6
18530 18250 5
18530 18250 6
18530 18250 6
1553 1382 5
1553 1382 5
1553 1382 5
1553 1382 6
1553 1382 6
1853 1825 6
1853 1825 6
1853 1825 6
3106 2764 5
3106 2764 5
3106 2764 6
3106 2764 6
3706 3650 6
4659 4146 5
4659 4146 6
4659 4146 6
5559 5475 5
5559 5475 7
6212 5528 5
7412 7300 6
7765 6910 6
9265 9125 5
9265 9125 6
9265 9125 6
9265 9125 6
9318 8292 6
10871 9674 5
10871 9674 6
11118 10950 5
11118 10950 5
11118 10950 5
11118 10950 6
11118 10950 6
11118 10950 6
12424 11056 6
12424 11056 6
12424 11056 6
12424 11056 7
12971 12775 6
12971 12775 6
13977 12438 5
13977 12438 6
13977 12438 6
14824 14600 6
14824 14600 7
15530 13820 6
15530 13820 6
15530 13820 6
16677 16425 6
18530 18250 6
