200 20 477937
10 122 226
10 82 177
10 124 163
10 86 236
10 114 174
10 123 175
10 68 241
10 72 182
10 66 211
10 141 221
10 88 206
10 88 174
10 149 162
10 89 175
10 77 216
10 104 176
10 140 156
10 130 170
10 91 167
10 66 226
481 1896 29
1443 5688 35
1924 7584 30
2886 11376 36
3116 348 26
3367 13272 28
3367 13272 35
3848 15168 36
4674 522 30
4674 522 34
962 3792 27
1443 5688 27
2405 9480 33
2886 11376 29
3116 348 30
3116 348 30
3367 13272 33
3895 435 34
4674 522 29
5453 609 28
481 1896 30
779 87 30
1924 7584 31
2886 11376 31
2886 11376 36
3367 13272 29
3895 435 28
4674 522 36
4674 522 36
5453 609 26
481 1896 29
779 87 29
1558 174 26
1924 7584 30
2405 9480 33
2405 9480 35
2405 9480 35
4810 18960 30
6232 696 31
7011 783 32
481 1896 29
779 87 31
962 3792 34
1558 174 27
2337 261 33
2337 261 34
3116 348 33
3367 13272 29
3848 15168 31
7011 783 26
481 1896 30
779 87 34
1443 5688 26
1443 5688 36
1924 7584 31
2405 9480 36
3848 15168 31
3895 435 33
4810 18960 31
6232 696 26
481 1896 27
481 1896 34
2886 11376 28
3895 435 35
6232 696 27
6232 696 27
6232 696 36
7011 783 32
7011 783 35
7790 870 36
481 1896 27
481 1896 29
1443 5688 32
2405 9480 36
3116 348 34
3895 435 31
4329 17064 33
4674 522 32
4810 18960 31
5453 609 31
779 87 27
962 3792 32
1558 174 32
2405 9480 26
3116 348 34
3367 13272 34
3367 13272 34
3895 435 31
5453 609 31
7790 870 35
481 1896 27
1558 174 29
2337 261 29
2337 261 33
3116 348 32
3116 348 35
3848 15168 29
3895 435 29
5453 609 32
6232 696 28
962 3792 31
1924 7584 29
3116 348 33
3848 15168 31
3895 435 27
3895 435 35
4329 17064 34
4674 522 26
4674 522 30
4810 18960 35
1443 5688 31
1443 5688 31
1558 174 27
2337 261 30
2405 9480 27
2405 9480 32
2886 11376 33
3895 435 28
4810 18960 33
7011 783 29
779 87 35
1443 5688 32
1924 7584 28
2886 11376 33
3367 13272 29
4329 17064 31
5453 609 30
7011 783 26
7011 783 33
7790 870 34
779 87 31
1924 7584 34
2886 11376 29
3848 15168 27
3848 15168 27
3848 15168 31
4329 17064 27
5453 609 35
6232 696 32
6232 696 34
481 1896 27
481 1896 31
481 1896 36
1558 174 30
2337 261 30
2337 261 31
2405 9480 27
2886 11376 35
3895 435 34
4329 17064 35
962 3792 35
1443 5688 30
2337 261 29
2337 261 29
2405 9480 34
2886 11376 34
3116 348 29
3116 348 34
5453 609 34
7790 870 34
481 1896 30
779 87 36
962 3792 27
962 3792 29
1443 5688 26
1558 174 35
2337 261 28
3367 13272 36
3895 435 33
4674 522 27
1558 174 28
1924 7584 33
3848 15168 26
4329 17064 35
4674 522 35
4810 18960 26
4810 18960 36
5453 609 32
6232 696 31
7011 783 34
481 1896 34
962 3792 29
1924 7584 27
2405 9480 26
3116 348 29
4329 17064 36
4674 522 26
5453 609 32
5453 609 36
6232 696 27
481 1896 32
779 87 29
2886 11376 34
2886 11376 35
3116 348 31
3848 15168 35
3895 435 36
6232 696 26
6232 696 34
7011 783 34
