100 20 163101
5 69 154
5 97 226
5 139 240
5 98 167
5 103 151
5 103 184
5 75 248
5 129 233
5 127 172
5 84 159
5 73 182
5 59 206
5 84 208
5 119 181
5 140 205
5 54 231
5 133 220
5 67 177
5 96 239
5 79 218
528 328 64
996 796 65
2988 2388 57
3984 3184 66
7968 6368 64
1992 1592 67
4752 2952 64
5280 3280 61
5976 4776 62
8964 7164 51
528 328 64
1584 984 63
4980 3980 60
6972 5572 60
9960 7960 60
528 328 54
1584 984 58
3696 2296 52
3984 3184 67
4752 2952 59
528 328 63
1056 656 53
2640 1640 50
4980 3980 57
5976 4776 61
2988 2388 66
3984 3184 58
3984 3184 60
4224 2624 67
5976 4776 65
4224 2624 61
4752 2952 60
5280 3280 65
5976 4776 53
9960 7960 69
3696 2296 57
3696 2296 57
3984 3184 66
5280 3280 69
6972 5572 55
528 328 67
996 796 66
3984 3184 62
4980 3980 52
5976 4776 64
528 328 54
5280 3280 59
5976 4776 55
9960 7960 56
9960 7960 64
1992 1592 59
2112 1312 53
6972 5572 64
6972 5572 67
9960 7960 56
528 328 62
2988 2388 68
3696 2296 57
3984 3184 68
4752 2952 63
1584 984 51
2112 1312 57
2112 1312 61
4224 2624 64
8964 7164 63
1056 656 57
2988 2388 53
3168 1968 52
4224 2624 52
7968 6368 52
528 328 64
2640 1640 53
5280 3280 53
5976 4776 67
6972 5572 66
2640 1640 56
4752 2952 57
4980 3980 53
5280 3280 69
7968 6368 65
1992 1592 60
2112 1312 67
2988 2388 56
3168 1968 49
8964 7164 64
1056 656 52
1992 1592 62
4224 2624 55
6972 5572 56
8964 7164 57
528 328 55
996 796 67
4752 2952 49
4980 3980 53
9960 7960 68
1056 656 61
1584 984 68
3984 3184 51
5280 3280 54
9960 7960 55
