200 20 43660
10 87 215
10 147 152
10 59 232
10 65 165
10 67 219
10 127 216
10 126 193
10 79 248
10 125 206
10 82 162
10 80 219
10 88 233
10 108 186
10 143 216
10 142 188
10 76 202
10 127 177
10 148 171
10 110 164
10 123 163
116 76 29
116 76 32
232 152 35
326 286 34
406 266 35
815 715 35
1304 1144 30
1304 1144 33
1467 1287 33
1630 1430 33
58 38 29
174 114 30
174 114 34
290 190 38
464 304 36
522 342 30
522 342 35
652 572 30
1304 1144 30
1304 1144 35
163 143 28
232 152 38
326 286 36
348 228 29
406 266 28
489 429 37
815 715 32
1304 1144 28
1304 1144 30
1467 1287 30
232 152 35
232 152 37
348 228 33
464 304 36
489 429 33
522 342 34
652 572 39
1304 1144 28
1304 1144 37
1630 1430 34
116 76 34
163 143 33
232 152 30
232 152 30
232 152 37
232 152 39
290 190 28
464 304 38
652 572 38
815 715 38
58 38 30
174 114 30
174 114 32
290 190 34
522 342 29
652 572 35
652 572 37
1141 1001 32
1304 1144 35
1467 1287 30
174 114 33
232 152 31
232 152 33
290 190 30
406 266 33
464 304 37
580 380 32
815 715 38
1304 1144 35
1467 1287 38
58 38 30
58 38 36
163 143 31
174 114 32
464 304 33
489 429 33
522 342 34
978 858 28
1141 1001 38
1467 1287 36
290 190 32
326 286 36
406 266 36
522 342 30
522 342 36
652 572 36
1141 1001 38
1304 1144 28
1304 1144 30
1630 1430 38
116 76 33
163 143 32
174 114 36
290 190 32
326 286 30
406 266 36
464 304 33
522 342 38
1304 1144 37
1630 1430 29
58 38 31
116 76 35
174 114 37
464 304 32
489 429 37
522 342 36
580 380 35
652 572 31
978 858 32
1467 1287 34
163 143 29
522 342 38
580 380 29
580 380 35
815 715 31
978 858 28
1304 1144 34
1467 1287 32
1467 1287 33
1630 1430 34
174 114 31
174 114 34
290 190 35
290 190 37
406 266 38
464 304 29
522 342 30
580 380 35
652 572 29
815 715 35
58 38 31
58 38 37
116 76 30
232 152 33
290 190 35
290 190 35
326 286 38
464 304 29
464 304 32
815 715 34
116 76 30
174 114 28
174 114 31
464 304 28
522 342 35
580 380 35
652 572 29
1141 1001 35
1141 1001 37
1467 1287 28
58 38 36
232 152 28
290 190 28
464 304 33
652 572 29
978 858 32
1141 1001 30
1141 1001 39
1304 1144 36
1630 1430 38
58 38 31
232 152 30
406 266 31
464 304 35
464 304 35
522 342 29
580 380 32
652 572 31
978 858 30
1304 1144 29
116 76 38
163 143 32
290 190 32
326 286 35
464 304 33
464 304 33
580 380 31
580 380 32
978 858 30
978 858 34
174 114 28
174 114 32
174 114 35
232 152 36
406 266 34
464 304 32
652 572 33
652 572 35
1141 1001 29
1304 1144 31
116 76 29
174 114 28
406 266 32
489 429 36
522 342 29
522 342 33
580 380 30
815 715 37
978 858 38
1630 1430 32
