50 20 18788
3 119 232
3 62 189
3 149 236
3 66 236
3 62 199
3 93 179
3 90 210
3 91 172
3 63 156
3 136 236
2 93 184
2 62 157
2 113 182
2 127 203
2 87 219
2 74 230
2 147 183
2 86 179
2 144 212
2 94 188
107 167 95
214 334 117
558 1161 101
535 835 109
642 1002 118
1070 1670 118
62 129 95
107 167 118
372 774 124
248 516 98
372 774 98
642 1002 118
62 129 120
248 516 102
558 1161 111
124 258 95
186 387 92
642 1002 128
124 258 111
214 334 113
642 1002 121
321 501 107
963 1503 92
963 1503 125
214 334 93
856 1336 99
963 1503 95
214 334 101
749 1169 122
963 1503 124
535 835 184
856 1336 154
62 129 157
558 1161 157
963 1503 182
1070 1670 142
124 258 143
310 645 146
214 334 174
310 645 162
428 668 137
749 1169 183
372 774 167
535 835 167
248 516 140
642 1002 141
321 501 170
1070 1670 143
749 1169 138
749 1169 142
