2000 100 505227
20 106 247
20 99 171
20 84 151
20 108 198
20 140 215
20 83 221
20 133 174
20 93 223
20 56 197
20 148 192
20 119 201
20 114 189
20 71 188
20 124 229
20 128 175
20 75 197
20 148 241
20 55 177
20 73 200
20 126 226
20 83 177
20 127 241
20 86 202
20 56 203
20 96 151
20 82 192
20 69 156
20 107 240
20 97 208
20 124 153
20 63 228
20 147 153
20 130 222
20 150 212
20 150 171
20 74 158
20 63 151
20 65 166
20 89 225
20 110 189
20 53 230
20 97 228
20 63 201
20 102 150
20 109 165
20 103 200
20 147 222
20 117 184
20 95 232
20 85 184
20 120 160
20 56 237
20 61 202
20 112 221
20 70 239
20 86 174
20 95 181
20 56 165
20 87 152
20 94 215
20 71 250
20 144 247
20 50 245
20 79 185
20 60 245
20 65 156
20 104 199
20 135 162
20 109 229
20 111 181
20 53 196
20 138 155
20 93 214
20 104 217
20 86 236
20 138 229
20 70 164
20 72 151
20 84 240
20 119 230
20 100 200
20 116 227
20 81 165
20 110 203
20 134 188
20 119 217
20 112 153
20 115 166
20 106 249
20 105 223
20 85 234
20 141 155
20 127 240
20 132 203
20 85 218
20 107 212
20 97 247
20 124 173
20 139 227
20 103 164
82 62 13
82 62 16
148 128 15
246 186 16
296 256 16
296 256 16
296 256 17
328 248 13
444 384 17
574 434 12
574 434 16
592 512 15
656 496 14
820 620 14
888 768 13
888 768 16
1036 896 14
1036 896 16
1184 1024 17
1480 1280 12
82 62 16
148 128 13
148 128 15
164 124 16
164 124 16
410 310 13
444 384 13
444 384 16
492 372 13
492 372 15
574 434 14
592 512 13
592 512 16
656 496 14
738 558 13
738 558 16
888 768 13
888 768 14
888 768 16
1332 1152 17
82 62 15
296 256 15
410 310 12
410 310 17
444 384 14
574 434 17
592 512 14
740 640 14
740 640 15
820 620 12
820 620 12
820 620 14
888 768 13
888 768 14
1036 896 16
1184 1024 16
1332 1152 13
1332 1152 14
1332 1152 15
1480 1280 17
82 62 13
82 62 16
148 128 12
164 124 16
164 124 16
296 256 16
328 248 15
328 248 15
410 310 14
444 384 14
492 372 15
492 372 17
574 434 14
574 434 16
738 558 16
820 620 12
820 620 14
1036 896 15
1332 1152 13
1480 1280 12
82 62 16
148 128 15
164 124 13
246 186 17
410 310 16
444 384 15
444 384 17
492 372 15
574 434 13
656 496 15
738 558 16
820 620 13
820 620 15
820 620 16
820 620 16
1036 896 14
1036 896 16
1332 1152 13
1332 1152 15
1332 1152 15
82 62 13
82 62 15
82 62 17
246 186 14
444 384 13
444 384 15
574 434 13
656 496 16
738 558 12
738 558 12
738 558 17
740 640 13
740 640 13
740 640 14
740 640 16
820 620 13
888 768 13
1036 896 16
1332 1152 15
1480 1280 17
148 128 15
164 124 13
164 124 14
246 186 15
410 310 14
410 310 16
492 372 17
574 434 15
574 434 16
592 512 15
738 558 12
738 558 16
740 640 16
820 620 14
1036 896 15
1036 896 15
1332 1152 15
1332 1152 16
1480 1280 14
1480 1280 14
246 186 14
296 256 14
328 248 12
328 248 12
328 248 13
328 248 13
574 434 15
574 434 16
592 512 12
656 496 12
656 496 17
738 558 14
738 558 16
740 640 15
820 620 13
820 620 14
1036 896 15
1332 1152 13
1332 1152 13
1480 1280 16
148 128 17
164 124 16
164 124 17
296 256 13
296 256 14
296 256 14
328 248 16
410 310 15
492 372 17
492 372 17
592 512 17
738 558 14
740 640 15
820 620 13
888 768 14
1184 1024 14
1332 1152 13
1332 1152 15
1332 1152 17
1480 1280 16
148 128 13
246 186 14
246 186 14
296 256 16
328 248 17
492 372 16
574 434 14
656 496 16
738 558 13
820 620 15
888 768 13
888 768 15
888 768 16
1036 896 15
1184 1024 17
1332 1152 15
1332 1152 17
1480 1280 12
1480 1280 16
1480 1280 16
148 128 16
148 128 16
296 256 15
296 256 15
296 256 16
410 310 15
410 310 16
444 384 13
444 384 14
492 372 12
574 434 16
592 512 15
656 496 14
738 558 15
738 558 16
740 640 15
1184 1024 13
1184 1024 14
1332 1152 13
1480 1280 16
82 62 15
82 62 16
82 62 16
164 124 14
246 186 17
328 248 15
410 310 13
410 310 13
410 310 16
444 384 13
444 384 15
592 512 13
592 512 15
738 558 17
820 620 13
820 620 14
888 768 15
888 768 17
1036 896 12
1184 1024 12
82 62 17
148 128 13
164 124 16
328 248 15
410 310 12
444 384 12
444 384 16
492 372 13
492 372 17
592 512 16
656 496 17
738 558 17
740 640 13
740 640 15
740 640 17
820 620 17
888 768 15
1184 1024 15
1332 1152 13
1480 1280 13
82 62 15
164 124 17
296 256 14
296 256 15
296 256 15
328 248 13
328 248 14
410 310 13
444 384 16
444 384 17
492 372 13
492 372 14
656 496 12
656 496 13
740 640 12
888 768 17
1036 896 16
1184 1024 12
1184 1024 12
1332 1152 16
148 128 16
246 186 16
328 248 14
410 310 12
444 384 17
492 372 17
574 434 13
574 434 13
574 434 14
574 434 16
592 512 15
592 512 16
740 640 14
820 620 16
888 768 14
888 768 16
1332 1152 12
1332 1152 15
1332 1152 17
1480 1280 12
82 62 12
148 128 14
148 128 14
328 248 16
410 310 15
410 310 16
492 372 14
574 434 12
574 434 14
656 496 14
656 496 16
738 558 16
738 558 17
740 640 12
888 768 12
1036 896 13
1184 1024 15
1184 1024 16
1480 1280 16
1480 1280 17
82 62 16
164 124 13
246 186 14
296 256 13
296 256 13
296 256 14
328 248 17
410 310 12
410 310 17
492 372 15
492 372 16
592 512 13
656 496 15
656 496 16
738 558 12
888 768 16
1036 896 16
1036 896 17
1184 1024 13
1184 1024 14
82 62 15
82 62 16
164 124 13
164 124 16
164 124 17
296 256 14
492 372 15
574 434 15
656 496 13
656 496 16
656 496 16
738 558 17
740 640 15
888 768 13
888 768 17
1036 896 13
1184 1024 15
1332 1152 15
1332 1152 16
1480 1280 17
164 124 15
164 124 16
296 256 17
410 310 12
444 384 15
492 372 13
492 372 15
574 434 14
574 434 16
592 512 13
592 512 15
592 512 17
592 512 17
740 640 14
740 640 14
820 620 13
1036 896 15
1184 1024 13
1184 1024 16
1332 1152 17
82 62 16
148 128 13
148 128 17
246 186 12
444 384 15
444 384 17
592 512 13
592 512 14
656 496 12
656 496 13
656 496 15
820 620 13
820 620 15
820 620 16
888 768 16
1036 896 12
1184 1024 13
1184 1024 17
1332 1152 12
1332 1152 13
82 62 13
82 62 14
246 186 12
246 186 16
246 186 17
328 248 16
328 248 17
410 310 14
444 384 13
444 384 17
444 384 17
574 434 12
574 434 12
592 512 13
656 496 13
656 496 14
656 496 16
738 558 16
888 768 14
1332 1152 14
82 62 13
82 62 13
82 62 17
148 128 13
164 124 16
246 186 12
296 256 13
296 256 13
296 256 14
328 248 14
410 310 17
444 384 16
444 384 16
444 384 17
656 496 15
656 496 15
738 558 15
740 640 16
888 768 14
1036 896 16
82 62 13
148 128 15
164 124 15
296 256 14
296 256 17
410 310 16
444 384 14
444 384 17
492 372 13
656 496 13
656 496 15
738 558 12
738 558 14
738 558 14
740 640 13
820 620 15
888 768 16
1036 896 17
1184 1024 14
1480 1280 16
148 128 16
164 124 16
246 186 17
328 248 16
444 384 14
444 384 16
574 434 14
574 434 14
656 496 13
656 496 15
738 558 13
738 558 15
820 620 14
820 620 15
820 620 17
888 768 13
888 768 14
888 768 17
1332 1152 12
1332 1152 17
82 62 13
148 128 15
164 124 16
410 310 14
410 310 14
410 310 14
444 384 15
444 384 17
574 434 15
574 434 15
592 512 12
592 512 13
738 558 13
740 640 13
740 640 14
740 640 15
820 620 12
1184 1024 15
1184 1024 17
1480 1280 15
148 128 13
148 128 14
164 124 16
164 124 16
410 310 13
410 310 17
444 384 13
592 512 13
656 496 16
738 558 14
740 640 13
740 640 13
740 640 16
820 620 14
888 768 16
1036 896 15
1184 1024 13
1184 1024 16
1332 1152 17
1480 1280 17
82 62 14
164 124 13
164 124 13
296 256 13
296 256 14
296 256 15
296 256 16
410 310 15
410 310 15
410 310 17
444 384 15
492 372 15
574 434 14
574 434 17
592 512 14
820 620 13
888 768 14
888 768 15
1036 896 16
1184 1024 17
82 62 17
148 128 13
148 128 15
148 128 15
164 124 14
296 256 15
296 256 17
410 310 13
444 384 14
444 384 14
444 384 16
492 372 15
574 434 14
738 558 14
820 620 12
820 620 13
888 768 16
1036 896 14
1184 1024 16
1480 1280 14
82 62 12
82 62 14
148 128 13
164 124 16
164 124 17
246 186 14
246 186 15
328 248 16
410 310 15
492 372 13
492 372 13
574 434 14
574 434 15
592 512 16
656 496 15
888 768 17
1036 896 16
1184 1024 17
1480 1280 15
1480 1280 17
82 62 14
82 62 16
164 124 16
246 186 13
328 248 15
410 310 16
444 384 13
444 384 16
574 434 15
574 434 15
574 434 15
592 512 15
592 512 17
656 496 15
738 558 14
740 640 12
740 640 17
888 768 13
1036 896 13
1036 896 17
82 62 14
82 62 16
148 128 17
164 124 17
410 310 17
444 384 14
444 384 15
444 384 16
574 434 13
592 512 13
738 558 14
738 558 15
740 640 14
888 768 14
888 768 15
888 768 16
1036 896 15
1480 1280 14
1480 1280 15
1480 1280 16
82 62 12
82 62 17
148 128 14
164 124 12
246 186 16
296 256 14
296 256 17
328 248 16
444 384 16
574 434 12
574 434 16
656 496 17
738 558 14
738 558 15
888 768 12
888 768 16
1036 896 17
1184 1024 15
1332 1152 13
1480 1280 17
82 62 14
82 62 15
148 128 12
164 124 12
164 124 12
246 186 13
246 186 17
296 256 12
328 248 13
328 248 13
328 248 14
328 248 15
410 310 17
574 434 14
738 558 13
740 640 17
888 768 12
1332 1152 13
1480 1280 17
1480 1280 17
82 62 13
82 62 17
148 128 15
164 124 13
164 124 16
246 186 12
246 186 16
246 186 16
296 256 16
328 248 14
492 372 15
592 512 14
656 496 14
656 496 16
820 620 13
888 768 13
1036 896 16
1036 896 17
1184 1024 13
1480 1280 17
82 62 12
82 62 14
164 124 12
246 186 13
246 186 16
328 248 14
410 310 15
444 384 13
492 372 17
574 434 14
656 496 14
738 558 14
740 640 13
820 620 14
820 620 16
820 620 17
1184 1024 12
1184 1024 17
1332 1152 12
1332 1152 13
82 62 12
82 62 13
82 62 16
164 124 16
246 186 12
296 256 15
296 256 15
410 310 16
410 310 17
574 434 14
656 496 16
656 496 17
738 558 15
740 640 12
740 640 15
740 640 16
820 620 16
888 768 14
888 768 16
1184 1024 16
164 124 14
246 186 15
296 256 13
328 248 16
444 384 14
444 384 15
492 372 13
492 372 14
574 434 14
592 512 14
592 512 15
820 620 13
820 620 13
820 620 16
888 768 14
1036 896 15
1184 1024 14
1184 1024 17
1332 1152 14
1480 1280 16
148 128 13
148 128 14
148 128 16
148 128 16
164 124 15
296 256 16
328 248 12
328 248 14
328 248 15
328 248 15
410 310 17
444 384 15
444 384 16
738 558 13
738 558 17
740 640 17
820 620 15
888 768 13
1184 1024 14
1480 1280 14
82 62 14
246 186 16
328 248 17
410 310 15
444 384 14
444 384 16
574 434 13
574 434 16
574 434 17
656 496 12
738 558 17
888 768 14
888 768 14
1036 896 17
1184 1024 13
1332 1152 15
1480 1280 12
1480 1280 13
1480 1280 13
1480 1280 14
82 62 17
246 186 12
246 186 13
246 186 17
328 248 15
444 384 12
444 384 16
444 384 17
492 372 16
574 434 13
592 512 17
656 496 12
740 640 14
820 620 13
888 768 12
1036 896 13
1184 1024 15
1184 1024 17
1332 1152 13
1480 1280 17
148 128 14
164 124 15
246 186 17
410 310 12
410 310 12
410 310 13
410 310 16
444 384 13
444 384 15
444 384 17
492 372 14
574 434 16
574 434 17
592 512 13
656 496 16
738 558 12
820 620 13
1036 896 17
1184 1024 15
1184 1024 17
82 62 13
82 62 14
148 128 16
296 256 14
328 248 13
328 248 14
574 434 14
574 434 15
574 434 16
592 512 12
592 512 13
592 512 14
592 512 17
656 496 14
740 640 17
740 640 17
888 768 16
1036 896 14
1184 1024 17
1332 1152 14
82 62 13
82 62 16
164 124 13
246 186 16
296 256 12
296 256 15
296 256 15
444 384 13
444 384 16
492 372 13
492 372 16
574 434 17
592 512 14
656 496 13
656 496 14
656 496 17
740 640 12
740 640 15
820 620 17
888 768 13
164 124 12
164 124 16
444 384 16
444 384 16
444 384 16
574 434 16
574 434 16
738 558 14
740 640 15
740 640 15
740 640 17
820 620 16
888 768 16
888 768 16
888 768 17
1184 1024 15
1184 1024 17
1332 1152 15
1332 1152 16
1480 1280 14
148 128 15
164 124 13
164 124 16
296 256 15
328 248 12
328 248 13
410 310 14
444 384 13
444 384 13
574 434 17
592 512 15
656 496 16
656 496 17
738 558 16
740 640 12
740 640 17
820 620 13
888 768 16
888 768 17
1036 896 15
82 62 14
82 62 17
164 124 12
164 124 16
246 186 14
246 186 14
296 256 14
328 248 14
410 310 14
444 384 13
574 434 15
574 434 16
592 512 16
592 512 16
738 558 16
738 558 17
888 768 13
1332 1152 14
1480 1280 15
1480 1280 15
82 62 14
148 128 16
164 124 13
246 186 14
296 256 13
296 256 16
410 310 15
492 372 14
574 434 15
592 512 15
656 496 15
740 640 13
740 640 16
740 640 16
820 620 15
820 620 16
820 620 17
820 620 17
1184 1024 13
1480 1280 16
296 256 15
296 256 17
328 248 12
328 248 13
328 248 15
410 310 14
410 310 16
410 310 17
444 384 14
444 384 16
492 372 13
492 372 15
574 434 17
738 558 13
738 558 14
738 558 15
740 640 16
820 620 15
1036 896 13
1332 1152 16
148 128 16
164 124 13
246 186 16
410 310 12
410 310 13
410 310 13
444 384 14
444 384 17
592 512 12
592 512 17
656 496 13
656 496 16
820 620 12
888 768 12
888 768 17
1036 896 16
1184 1024 14
1332 1152 16
1480 1280 14
1480 1280 16
164 124 13
164 124 17
246 186 13
246 186 16
296 256 16
328 248 13
444 384 14
574 434 13
574 434 14
574 434 16
592 512 14
656 496 16
738 558 13
738 558 14
740 640 12
820 620 16
820 620 17
1036 896 17
1184 1024 13
1480 1280 14
82 62 14
148 128 15
164 124 13
164 124 14
328 248 14
444 384 16
492 372 15
592 512 15
592 512 15
656 496 13
656 496 14
656 496 14
738 558 13
820 620 13
820 620 14
888 768 12
1036 896 16
1184 1024 13
1332 1152 13
1332 1152 16
82 62 16
82 62 17
148 128 17
164 124 14
246 186 14
296 256 12
296 256 16
328 248 16
410 310 15
574 434 14
740 640 13
740 640 14
820 620 14
820 620 14
820 620 15
820 620 16
1036 896 13
1480 1280 15
1480 1280 16
1480 1280 17
82 62 16
148 128 13
246 186 13
246 186 14
296 256 12
296 256 17
328 248 15
492 372 17
574 434 12
574 434 13
592 512 17
740 640 12
820 620 14
888 768 12
888 768 13
888 768 15
1036 896 13
1332 1152 15
1480 1280 12
1480 1280 13
82 62 16
164 124 14
164 124 15
296 256 13
296 256 16
328 248 15
328 248 17
328 248 17
410 310 14
410 310 16
410 310 16
444 384 15
444 384 15
492 372 13
492 372 15
740 640 16
820 620 17
1036 896 15
1480 1280 13
1480 1280 14
82 62 12
82 62 15
82 62 16
164 124 14
492 372 16
492 372 17
574 434 14
592 512 15
592 512 16
656 496 14
656 496 15
738 558 12
738 558 13
888 768 12
888 768 13
1036 896 15
1036 896 16
1184 1024 12
1184 1024 15
1480 1280 13
82 62 15
82 62 16
82 62 16
148 128 12
148 128 14
148 128 15
164 124 16
296 256 14
296 256 14
328 248 12
410 310 16
492 372 15
574 434 13
592 512 16
656 496 13
740 640 13
820 620 16
1036 896 16
1184 1024 14
1184 1024 17
148 128 13
148 128 17
164 124 12
164 124 16
246 186 15
410 310 16
574 434 14
574 434 16
592 512 17
592 512 17
656 496 15
738 558 15
740 640 15
820 620 17
1036 896 15
1184 1024 13
1184 1024 15
1332 1152 15
1332 1152 16
1480 1280 16
82 62 13
82 62 15
82 62 17
148 128 13
328 248 14
444 384 13
444 384 14
444 384 16
492 372 12
492 372 17
656 496 13
820 620 12
820 620 16
820 620 17
888 768 12
888 768 13
888 768 15
1036 896 12
1184 1024 14
1332 1152 13
82 62 16
148 128 17
246 186 15
246 186 17
296 256 13
296 256 16
328 248 13
328 248 17
492 372 13
574 434 15
574 434 15
738 558 16
740 640 14
820 620 16
1036 896 14
1184 1024 14
1184 1024 15
1332 1152 13
1332 1152 13
1480 1280 14
82 62 13
82 62 17
164 124 13
164 124 16
164 124 16
296 256 13
296 256 14
410 310 16
492 372 12
574 434 14
592 512 17
738 558 13
740 640 12
740 640 14
820 620 14
820 620 14
820 620 15
888 768 15
1036 896 14
1184 1024 16
148 128 13
148 128 14
164 124 14
164 124 17
246 186 15
328 248 13
444 384 17
574 434 15
592 512 15
592 512 15
656 496 13
656 496 14
738 558 16
820 620 14
820 620 17
1036 896 14
1036 896 17
1184 1024 17
1332 1152 14
1480 1280 13
164 124 15
246 186 14
296 256 13
296 256 15
296 256 16
296 256 17
328 248 13
328 248 14
328 248 15
328 248 16
444 384 17
492 372 14
492 372 15
492 372 17
574 434 14
738 558 12
738 558 15
1036 896 15
1184 1024 12
1184 1024 13
164 124 14
164 124 16
246 186 15
296 256 13
328 248 16
410 310 15
492 372 14
492 372 17
592 512 13
656 496 14
656 496 15
656 496 16
738 558 15
740 640 14
1036 896 13
1036 896 16
1036 896 16
1184 1024 13
1480 1280 14
1480 1280 15
82 62 13
148 128 15
164 124 14
164 124 14
164 124 14
296 256 12
328 248 17
410 310 13
444 384 14
492 372 16
574 434 14
574 434 15
656 496 13
738 558 15
738 558 16
740 640 12
820 620 13
888 768 17
1332 1152 13
1480 1280 15
164 124 15
246 186 15
328 248 15
410 310 15
492 372 14
574 434 14
592 512 12
592 512 12
656 496 14
656 496 15
740 640 15
740 640 16
820 620 16
888 768 12
888 768 15
888 768 16
888 768 16
1036 896 13
1332 1152 17
1480 1280 17
82 62 12
82 62 16
82 62 17
148 128 13
148 128 16
246 186 13
246 186 17
328 248 14
444 384 14
444 384 15
492 372 13
574 434 15
656 496 17
738 558 15
738 558 16
820 620 17
888 768 16
1036 896 14
1332 1152 16
1480 1280 13
148 128 14
246 186 17
296 256 14
296 256 15
328 248 14
410 310 16
444 384 16
492 372 13
656 496 14
656 496 14
738 558 13
740 640 14
740 640 15
740 640 17
888 768 16
1036 896 14
1036 896 15
1184 1024 16
1480 1280 14
1480 1280 17
148 128 17
164 124 16
246 186 13
246 186 15
296 256 12
444 384 13
492 372 14
492 372 16
592 512 12
656 496 13
656 496 16
738 558 14
738 558 17
740 640 16
888 768 13
888 768 16
888 768 16
1036 896 17
1184 1024 14
1184 1024 15
82 62 16
164 124 13
164 124 14
164 124 14
246 186 15
656 496 15
738 558 12
740 640 15
740 640 16
820 620 13
820 620 15
820 620 17
888 768 12
1036 896 13
1036 896 17
1184 1024 13
1184 1024 14
1184 1024 16
1332 1152 12
1480 1280 13
82 62 14
82 62 15
82 62 16
148 128 16
246 186 15
246 186 15
246 186 17
296 256 17
328 248 13
410 310 16
492 372 17
592 512 17
656 496 14
738 558 13
738 558 13
740 640 17
820 620 15
820 620 16
888 768 15
1036 896 17
148 128 17
296 256 14
328 248 15
328 248 15
410 310 14
444 384 13
444 384 14
492 372 12
492 372 12
492 372 15
492 372 15
592 512 16
656 496 17
738 558 13
738 558 14
740 640 14
820 620 12
888 768 15
1332 1152 13
1480 1280 16
82 62 13
82 62 14
164 124 17
246 186 15
246 186 16
246 186 17
296 256 16
410 310 14
444 384 13
444 384 17
492 372 16
492 372 17
574 434 14
574 434 15
592 512 13
656 496 12
820 620 13
820 620 14
1036 896 15
1332 1152 15
82 62 14
164 124 12
246 186 15
296 256 13
410 310 13
410 310 17
444 384 13
444 384 15
492 372 14
492 372 14
592 512 13
592 512 15
738 558 13
738 558 14
740 640 13
1036 896 16
1036 896 17
1184 1024 14
1332 1152 14
1332 1152 17
82 62 16
164 124 17
328 248 12
410 310 14
492 372 13
656 496 13
656 496 15
738 558 13
738 558 13
738 558 15
740 640 13
888 768 14
1036 896 12
1036 896 12
1184 1024 15
1184 1024 15
1332 1152 15
1332 1152 15
1480 1280 15
1480 1280 16
164 124 14
246 186 13
246 186 17
296 256 14
328 248 13
410 310 13
410 310 14
444 384 16
574 434 13
574 434 13
574 434 14
738 558 16
820 620 14
888 768 16
1036 896 13
1036 896 13
1332 1152 15
1480 1280 13
1480 1280 15
1480 1280 17
82 62 12
164 124 13
328 248 12
328 248 14
328 248 17
444 384 17
492 372 14
574 434 12
592 512 12
592 512 14
592 512 16
656 496 14
656 496 15
820 620 13
820 620 14
1184 1024 16
1332 1152 13
1332 1152 17
1480 1280 14
1480 1280 16
148 128 17
164 124 15
246 186 15
246 186 16
296 256 14
328 248 12
328 248 16
444 384 14
492 372 15
574 434 15
574 434 15
740 640 17
820 620 13
820 620 13
820 620 13
820 620 13
1184 1024 12
1184 1024 15
1480 1280 14
1480 1280 16
82 62 13
82 62 17
148 128 14
164 124 15
246 186 13
246 186 15
246 186 17
296 256 15
444 384 13
492 372 14
492 372 16
574 434 13
592 512 15
592 512 16
656 496 13
656 496 17
740 640 13
1184 1024 14
1480 1280 15
1480 1280 16
148 128 15
164 124 15
246 186 15
296 256 14
492 372 13
574 434 13
738 558 14
738 558 15
738 558 16
820 620 12
820 620 17
888 768 12
888 768 14
888 768 17
1184 1024 13
1184 1024 15
1184 1024 15
1184 1024 17
1332 1152 17
1332 1152 17
82 62 17
148 128 16
164 124 17
246 186 13
328 248 13
328 248 13
328 248 14
410 310 13
410 310 14
492 372 15
492 372 16
574 434 14
592 512 12
738 558 12
820 620 12
888 768 13
1036 896 13
1036 896 15
1184 1024 14
1184 1024 17
82 62 13
82 62 15
82 62 15
164 124 12
164 124 15
296 256 13
444 384 15
492 372 15
492 372 17
592 512 17
738 558 13
740 640 13
820 620 16
820 620 17
888 768 13
888 768 16
888 768 16
1036 896 14
1036 896 16
1480 1280 16
82 62 12
148 128 13
148 128 16
296 256 17
328 248 17
410 310 13
444 384 12
574 434 16
592 512 17
656 496 15
738 558 16
740 640 13
740 640 16
888 768 14
1036 896 13
1036 896 16
1036 896 16
1184 1024 14
1480 1280 13
1480 1280 16
82 62 13
148 128 14
148 128 14
148 128 15
246 186 16
246 186 16
328 248 15
328 248 17
410 310 12
410 310 12
444 384 13
492 372 15
574 434 14
656 496 15
888 768 12
888 768 17
1184 1024 12
1332 1152 16
1480 1280 12
1480 1280 16
148 128 13
148 128 15
164 124 14
296 256 15
296 256 16
328 248 17
410 310 15
444 384 13
444 384 16
492 372 16
574 434 15
592 512 17
656 496 14
656 496 17
888 768 15
1036 896 14
1184 1024 14
1184 1024 16
1332 1152 15
1332 1152 16
148 128 14
164 124 14
246 186 14
410 310 13
444 384 17
574 434 13
592 512 13
592 512 14
656 496 15
738 558 15
888 768 14
888 768 15
1036 896 14
1036 896 14
1184 1024 14
1332 1152 13
1332 1152 16
1480 1280 15
1480 1280 16
1480 1280 16
82 62 12
82 62 14
148 128 15
164 124 16
164 124 16
246 186 12
246 186 14
246 186 16
328 248 17
410 310 12
492 372 12
492 372 13
492 372 15
492 372 16
574 434 16
656 496 16
738 558 13
888 768 13
1332 1152 15
1480 1280 17
82 62 12
82 62 13
82 62 17
148 128 13
148 128 14
164 124 16
410 310 14
410 310 15
592 512 13
592 512 15
656 496 16
738 558 14
738 558 14
740 640 15
820 620 16
888 768 13
888 768 14
1184 1024 14
1480 1280 13
1480 1280 16
164 124 13
246 186 12
246 186 15
296 256 15
328 248 15
328 248 16
410 310 14
410 310 16
410 310 16
410 310 17
444 384 16
444 384 17
656 496 14
656 496 14
656 496 16
738 558 12
740 640 16
740 640 17
888 768 13
1480 1280 13
82 62 14
82 62 14
82 62 15
82 62 16
148 128 16
148 128 17
164 124 17
328 248 16
410 310 16
492 372 13
492 372 16
492 372 17
574 434 15
574 434 16
592 512 14
656 496 17
740 640 16
820 620 13
888 768 15
1332 1152 13
82 62 12
82 62 13
82 62 17
164 124 13
164 124 14
246 186 17
296 256 17
328 248 16
328 248 17
574 434 15
574 434 16
592 512 14
656 496 17
738 558 15
820 620 16
888 768 17
1036 896 15
1036 896 17
1480 1280 16
1480 1280 17
148 128 13
148 128 13
148 128 15
148 128 15
164 124 16
164 124 16
164 124 16
164 124 16
246 186 13
410 310 14
444 384 14
444 384 15
574 434 15
574 434 16
592 512 15
592 512 16
740 640 17
820 620 13
888 768 14
888 768 15
82 62 16
148 128 13
148 128 14
164 124 17
246 186 16
328 248 15
444 384 15
444 384 17
492 372 13
574 434 13
574 434 15
574 434 16
592 512 14
738 558 15
820 620 12
820 620 16
1332 1152 14
1332 1152 14
1480 1280 15
1480 1280 15
82 62 13
148 128 14
148 128 16
164 124 17
246 186 14
296 256 13
328 248 12
328 248 14
574 434 15
574 434 17
592 512 13
820 620 13
888 768 13
888 768 15
888 768 17
1036 896 12
1036 896 12
1036 896 14
1184 1024 13
1480 1280 13
82 62 14
148 128 16
148 128 17
164 124 15
246 186 13
246 186 15
328 248 16
328 248 17
410 310 12
492 372 14
492 372 17
656 496 15
738 558 14
738 558 14
738 558 16
1036 896 15
1036 896 15
1332 1152 13
1332 1152 14
1480 1280 13
82 62 14
148 128 14
164 124 13
246 186 16
296 256 15
328 248 15
410 310 13
410 310 17
444 384 13
592 512 14
592 512 16
656 496 13
656 496 14
656 496 15
738 558 16
1184 1024 14
1184 1024 15
1480 1280 12
1480 1280 15
1480 1280 15
82 62 15
82 62 15
82 62 16
82 62 16
82 62 17
148 128 13
148 128 16
164 124 13
410 310 13
444 384 13
592 512 12
592 512 16
592 512 16
738 558 13
738 558 16
740 640 13
740 640 15
1184 1024 12
1332 1152 16
1480 1280 15
82 62 14
148 128 14
164 124 15
164 124 15
246 186 12
246 186 17
296 256 15
328 248 16
410 310 16
444 384 17
492 372 16
592 512 12
656 496 14
656 496 16
738 558 15
738 558 17
820 620 13
820 620 14
1036 896 15
1480 1280 13
82 62 13
164 124 14
164 124 14
164 124 17
246 186 13
246 186 13
246 186 16
328 248 14
444 384 12
574 434 13
574 434 17
592 512 14
592 512 17
656 496 15
738 558 14
740 640 14
740 640 15
820 620 16
1036 896 15
1184 1024 15
296 256 16
296 256 17
410 310 13
444 384 17
492 372 14
492 372 15
574 434 16
592 512 13
592 512 15
592 512 16
592 512 17
592 512 17
738 558 14
740 640 15
740 640 16
820 620 16
888 768 14
1036 896 14
1184 1024 12
1184 1024 14
82 62 15
82 62 16
82 62 17
148 128 13
148 128 14
148 128 17
164 124 13
164 124 13
296 256 17
328 248 15
328 248 16
328 248 16
328 248 17
410 310 16
410 310 17
444 384 13
492 372 16
656 496 14
738 558 13
1036 896 14
