200 20 82372
10 61 212
10 112 151
10 70 163
10 85 241
10 93 213
10 149 210
10 109 220
10 57 226
10 74 211
10 64 189
10 57 176
10 89 229
10 50 179
10 97 199
10 109 194
10 61 178
10 114 224
10 117 197
10 96 195
10 104 210
198 187 28
306 260 34
459 390 29
765 650 31
792 748 34
918 780 33
990 935 31
1224 1040 27
1224 1040 27
1224 1040 33
153 130 30
153 130 35
306 260 35
459 390 25
594 561 30
765 650 30
990 935 35
1530 1300 34
1584 1496 35
1782 1683 36
153 130 34
153 130 35
594 561 30
792 748 30
792 748 31
918 780 34
990 935 34
1071 910 25
1584 1496 25
1782 1683 31
306 260 33
594 561 27
792 748 28
792 748 30
1188 1122 29
1224 1040 33
1377 1170 26
1386 1309 35
1584 1496 30
1782 1683 26
459 390 25
459 390 36
594 561 27
594 561 29
792 748 34
1224 1040 29
1224 1040 33
1377 1170 27
1530 1300 25
1530 1300 28
153 130 31
198 187 27
306 260 32
396 374 26
459 390 32
612 520 28
918 780 29
1071 910 33
1377 1170 35
1386 1309 27
153 130 25
396 374 25
459 390 25
459 390 31
1071 910 34
1224 1040 31
1377 1170 35
1386 1309 29
1530 1300 29
1782 1683 31
153 130 29
306 260 28
594 561 26
792 748 31
990 935 29
990 935 32
1071 910 34
1224 1040 31
1584 1496 34
1584 1496 36
306 260 26
594 561 32
765 650 26
918 780 25
990 935 35
1386 1309 27
1386 1309 29
1782 1683 34
1980 1870 29
1980 1870 32
396 374 34
459 390 29
792 748 26
792 748 31
918 780 29
990 935 36
1071 910 35
1224 1040 31
1224 1040 35
1782 1683 35
153 130 26
153 130 36
594 561 31
792 748 29
1224 1040 29
1377 1170 27
1386 1309 28
1386 1309 33
1530 1300 32
1584 1496 32
153 130 27
153 130 30
153 130 35
153 130 35
198 187 28
396 374 26
765 650 31
1188 1122 32
1782 1683 28
1980 1870 30
153 130 35
459 390 30
459 390 34
792 748 35
918 780 28
918 780 34
990 935 30
1188 1122 35
1386 1309 33
1530 1300 27
198 187 30
198 187 31
306 260 28
306 260 28
459 390 26
459 390 34
765 650 30
918 780 30
1224 1040 28
1530 1300 26
459 390 27
459 390 29
612 520 31
990 935 31
1377 1170 32
1386 1309 31
1530 1300 27
1530 1300 31
1584 1496 28
1980 1870 31
594 561 32
612 520 33
918 780 26
990 935 27
990 935 30
990 935 33
1188 1122 31
1377 1170 25
1386 1309 29
1782 1683 35
153 130 34
198 187 33
198 187 35
459 390 35
459 390 36
594 561 34
1071 910 32
1377 1170 32
1584 1496 25
1782 1683 29
612 520 30
792 748 34
918 780 34
1377 1170 27
1386 1309 31
1386 1309 34
1530 1300 33
1584 1496 27
1782 1683 29
1980 1870 27
153 130 32
459 390 28
792 748 27
990 935 27
1071 910 33
1377 1170 30
1386 1309 29
1980 1870 28
1980 1870 29
1980 1870 32
306 260 31
306 260 31
306 260 35
396 374 34
459 390 35
594 561 29
594 561 32
918 780 27
1071 910 27
1071 910 33
