1000 100 2920976
10 111 237
10 74 248
10 88 242
10 148 246
10 67 241
10 83 173
10 54 217
10 91 170
10 57 181
10 132 235
10 53 169
10 128 195
10 59 172
10 144 192
10 66 152
10 119 184
10 140 204
10 79 164
10 77 225
10 145 169
10 112 199
10 135 175
10 139 236
10 80 196
10 124 226
10 73 241
10 81 189
10 110 225
10 63 248
10 64 226
10 54 163
10 77 158
10 59 225
10 58 238
10 117 232
10 85 247
10 141 235
10 66 215
10 84 160
10 77 241
10 136 210
10 87 205
10 137 164
10 104 244
10 90 176
10 132 190
10 110 172
10 133 153
10 139 250
10 86 178
10 139 191
10 64 183
10 110 204
10 145 220
10 127 234
10 82 164
10 107 158
10 142 249
10 119 212
10 56 153
10 74 162
10 143 184
10 82 249
10 148 156
10 51 250
10 63 153
10 146 173
10 138 168
10 73 200
10 122 157
10 125 202
10 51 172
10 87 221
10 54 211
10 131 240
10 112 188
10 102 209
10 141 217
10 67 197
10 69 187
10 85 160
10 83 155
10 115 241
10 136 161
10 80 247
10 116 166
10 104 198
10 77 186
10 119 240
10 109 207
10 86 244
10 52 207
10 89 162
10 113 150
10 55 202
10 136 234
10 119 228
10 141 173
10 80 196
10 106 186
1074 792 33
1884 1774 27
2685 1980 25
3759 2772 30
11304 10644 26
13188 12418 26
13188 12418 32
13188 12418 33
15072 14192 27
18840 17740 33
537 396 25
537 396 30
1074 792 34
1611 1188 33
2685 1980 31
5652 5322 25
7536 7096 32
7536 7096 34
9420 8870 30
15072 14192 28
1884 1774 25
1884 1774 34
2685 1980 25
4296 3168 29
5370 3960 33
7536 7096 31
11304 10644 29
16956 15966 28
16956 15966 29
18840 17740 30
537 396 27
1611 1188 35
1884 1774 33
2685 1980 32
3768 3548 27
4833 3564 26
5652 5322 35
7536 7096 31
11304 10644 25
15072 14192 27
3222 2376 34
5652 5322 31
9420 8870 32
11304 10644 25
11304 10644 31
13188 12418 28
15072 14192 25
15072 14192 30
15072 14192 31
16956 15966 26
537 396 35
1611 1188 27
1884 1774 25
1884 1774 27
2148 1584 34
3759 2772 29
7536 7096 30
11304 10644 27
11304 10644 28
16956 15966 25
537 396 33
1611 1188 25
1611 1188 27
3222 2376 32
3768 3548 27
7536 7096 35
11304 10644 34
15072 14192 32
15072 14192 32
18840 17740 28
537 396 27
1074 792 33
3222 2376 30
4296 3168 26
4833 3564 26
5370 3960 34
15072 14192 26
16956 15966 26
16956 15966 30
18840 17740 32
537 396 31
1611 1188 32
2148 1584 33
2685 1980 26
2685 1980 31
3222 2376 32
3768 3548 25
7536 7096 30
16956 15966 28
18840 17740 25
1611 1188 33
1884 1774 32
3768 3548 34
4296 3168 34
9420 8870 30
11304 10644 27
11304 10644 34
13188 12418 31
15072 14192 30
16956 15966 34
537 396 34
1074 792 26
2148 1584 35
3222 2376 30
3768 3548 26
4833 3564 31
5370 3960 27
5370 3960 32
5370 3960 33
9420 8870 29
1611 1188 31
1884 1774 26
2148 1584 29
3759 2772 29
4296 3168 35
4833 3564 27
4833 3564 29
5652 5322 33
11304 10644 26
16956 15966 32
537 396 27
1611 1188 34
1884 1774 29
3768 3548 29
3768 3548 35
9420 8870 27
9420 8870 31
11304 10644 30
13188 12418 32
15072 14192 33
1611 1188 28
1611 1188 33
1884 1774 30
2148 1584 35
3222 2376 31
4296 3168 27
11304 10644 30
13188 12418 27
15072 14192 33
16956 15966 25
537 396 27
1611 1188 33
1884 1774 28
2148 1584 29
3222 2376 29
4296 3168 33
4833 3564 29
13188 12418 26
13188 12418 28
15072 14192 34
1611 1188 32
2148 1584 32
2685 1980 26
2685 1980 28
2685 1980 31
3222 2376 34
3768 3548 25
5652 5322 31
11304 10644 34
18840 17740 27
1611 1188 31
1611 1188 32
1611 1188 34
1884 1774 27
1884 1774 28
3759 2772 26
3768 3548 26
4296 3168 28
4833 3564 26
18840 17740 32
2148 1584 31
2685 1980 29
3759 2772 27
3759 2772 34
3768 3548 31
4833 3564 26
4833 3564 28
5370 3960 26
5652 5322 29
18840 17740 26
537 396 30
1611 1188 25
1611 1188 30
1884 1774 30
3759 2772 31
4296 3168 31
5370 3960 29
5652 5322 26
15072 14192 26
16956 15966 27
1611 1188 27
1884 1774 33
2148 1584 30
4833 3564 29
5370 3960 31
7536 7096 27
7536 7096 29
13188 12418 34
15072 14192 35
15072 14192 35
537 396 31
1074 792 31
2148 1584 33
2685 1980 31
3222 2376 33
3759 2772 30
3768 3548 25
4833 3564 33
5370 3960 30
9420 8870 33
1074 792 26
1074 792 28
1074 792 32
2685 1980 30
3759 2772 25
3759 2772 27
4833 3564 33
4833 3564 34
9420 8870 33
15072 14192 33
1611 1188 32
1884 1774 30
2148 1584 27
3759 2772 28
3759 2772 29
3768 3548 32
5370 3960 31
5652 5322 26
7536 7096 30
9420 8870 31
537 396 27
1074 792 26
1884 1774 25
2685 1980 30
3222 2376 29
4296 3168 34
5370 3960 27
5370 3960 29
5652 5322 32
9420 8870 33
1074 792 28
1074 792 30
3759 2772 25
4296 3168 29
5370 3960 28
5370 3960 33
5652 5322 29
9420 8870 26
9420 8870 34
18840 17740 27
1611 1188 25
1611 1188 32
2148 1584 27
2148 1584 33
2685 1980 27
9420 8870 28
11304 10644 26
15072 14192 26
16956 15966 25
18840 17740 29
1074 792 25
1074 792 32
1611 1188 27
1884 1774 34
3222 2376 30
3768 3548 28
7536 7096 26
11304 10644 27
13188 12418 34
18840 17740 32
1611 1188 27
1611 1188 31
2685 1980 31
3759 2772 25
15072 14192 27
16956 15966 25
16956 15966 30
16956 15966 33
18840 17740 27
18840 17740 33
537 396 28
1074 792 32
2148 1584 29
2148 1584 34
2685 1980 34
3222 2376 26
4296 3168 29
9420 8870 27
15072 14192 27
18840 17740 30
537 396 27
537 396 33
1611 1188 28
1611 1188 34
1884 1774 34
2148 1584 32
4296 3168 31
4833 3564 30
4833 3564 35
9420 8870 26
537 396 31
1884 1774 29
3222 2376 34
4296 3168 31
5652 5322 30
5652 5322 31
7536 7096 26
9420 8870 30
13188 12418 25
18840 17740 33
537 396 28
3222 2376 27
4833 3564 27
5370 3960 29
9420 8870 26
11304 10644 28
11304 10644 33
13188 12418 28
13188 12418 30
18840 17740 26
1074 792 30
1611 1188 26
2148 1584 30
2148 1584 34
5370 3960 27
5652 5322 28
9420 8870 28
9420 8870 31
15072 14192 33
16956 15966 30
537 396 31
537 396 31
3759 2772 31
3759 2772 34
3768 3548 33
4833 3564 31
4833 3564 33
5370 3960 33
11304 10644 33
15072 14192 34
537 396 27
1074 792 28
1884 1774 31
1884 1774 32
4833 3564 31
5652 5322 34
7536 7096 30
7536 7096 33
9420 8870 30
16956 15966 35
1611 1188 27
2685 1980 27
3222 2376 26
3222 2376 28
3222 2376 33
7536 7096 31
13188 12418 25
15072 14192 32
16956 15966 27
16956 15966 27
1074 792 30
1611 1188 26
2148 1584 34
2685 1980 34
3768 3548 29
4296 3168 32
4296 3168 32
4833 3564 26
18840 17740 25
18840 17740 26
1884 1774 29
2148 1584 30
3759 2772 25
3768 3548 27
4296 3168 31
9420 8870 30
9420 8870 33
9420 8870 34
13188 12418 28
15072 14192 28
1611 1188 28
3222 2376 31
3768 3548 30
4296 3168 31
7536 7096 30
9420 8870 33
11304 10644 25
15072 14192 26
16956 15966 27
16956 15966 34
537 396 27
537 396 32
1074 792 29
1074 792 31
1884 1774 32
2685 1980 31
3222 2376 32
9420 8870 32
13188 12418 34
16956 15966 26
537 396 30
1884 1774 30
2148 1584 25
11304 10644 31
13188 12418 30
13188 12418 31
15072 14192 28
15072 14192 35
16956 15966 31
16956 15966 31
1074 792 31
1074 792 34
2148 1584 26
2685 1980 32
2685 1980 34
7536 7096 32
9420 8870 31
11304 10644 33
15072 14192 30
18840 17740 30
1074 792 26
1074 792 34
2148 1584 26
2685 1980 28
3222 2376 33
4833 3564 31
5652 5322 30
5652 5322 32
9420 8870 35
11304 10644 34
2148 1584 26
3768 3548 30
4833 3564 33
5370 3960 33
5652 5322 29
5652 5322 30
11304 10644 33
13188 12418 25
18840 17740 29
18840 17740 32
2148 1584 27
2148 1584 30
2685 1980 25
2685 1980 29
2685 1980 31
3222 2376 27
5370 3960 32
7536 7096 29
15072 14192 29
18840 17740 33
1611 1188 30
2685 1980 27
3222 2376 25
3222 2376 27
3768 3548 27
4833 3564 26
7536 7096 25
9420 8870 29
13188 12418 32
15072 14192 34
2148 1584 26
2685 1980 35
3222 2376 31
3759 2772 27
4833 3564 31
4833 3564 32
9420 8870 32
13188 12418 27
16956 15966 28
16956 15966 32
1074 792 30
3759 2772 30
4296 3168 27
4296 3168 30
5370 3960 32
11304 10644 28
13188 12418 35
16956 15966 26
18840 17740 28
18840 17740 34
537 396 33
1074 792 33
1611 1188 34
1884 1774 28
3222 2376 29
3768 3548 32
4833 3564 28
5370 3960 28
15072 14192 28
15072 14192 29
537 396 31
1074 792 27
2685 1980 34
3222 2376 33
3759 2772 32
3759 2772 33
3768 3548 26
3768 3548 32
5652 5322 29
7536 7096 26
1074 792 29
1611 1188 27
3759 2772 30
3768 3548 29
4296 3168 29
5370 3960 33
5652 5322 30
7536 7096 35
11304 10644 32
13188 12418 35
537 396 30
537 396 35
1074 792 26
1611 1188 25
1884 1774 28
1884 1774 35
3222 2376 26
5370 3960 27
5652 5322 34
11304 10644 31
3759 2772 28
3759 2772 33
3759 2772 33
3768 3548 29
3768 3548 34
4833 3564 32
7536 7096 28
11304 10644 32
11304 10644 33
15072 14192 25
1611 1188 29
1611 1188 32
1884 1774 26
2685 1980 25
2685 1980 35
5370 3960 26
9420 8870 28
13188 12418 27
18840 17740 26
18840 17740 27
2685 1980 25
2685 1980 27
3222 2376 25
3222 2376 29
3222 2376 30
11304 10644 34
13188 12418 29
13188 12418 32
13188 12418 35
18840 17740 30
537 396 34
1074 792 27
1074 792 30
1074 792 32
1884 1774 31
4833 3564 33
5652 5322 31
7536 7096 25
13188 12418 33
16956 15966 32
1611 1188 28
1611 1188 33
2148 1584 28
3222 2376 32
3768 3548 29
4833 3564 26
4833 3564 30
7536 7096 30
15072 14192 30
15072 14192 33
1611 1188 29
1884 1774 32
2685 1980 33
4296 3168 25
4296 3168 26
4296 3168 34
5370 3960 26
15072 14192 25
15072 14192 30
16956 15966 31
1884 1774 26
2685 1980 32
4296 3168 25
5370 3960 32
11304 10644 35
13188 12418 29
15072 14192 35
16956 15966 27
16956 15966 33
18840 17740 26
1884 1774 26
2148 1584 25
3759 2772 27
4833 3564 25
4833 3564 31
7536 7096 35
16956 15966 25
16956 15966 28
18840 17740 34
18840 17740 34
1074 792 30
1074 792 35
1611 1188 32
2148 1584 29
2148 1584 34
3768 3548 34
5370 3960 26
5652 5322 27
11304 10644 25
11304 10644 27
1074 792 35
2685 1980 25
3768 3548 29
4296 3168 27
4296 3168 32
7536 7096 30
9420 8870 34
15072 14192 26
15072 14192 30
16956 15966 32
1611 1188 29
1884 1774 30
2685 1980 26
3222 2376 34
3759 2772 26
3768 3548 31
4296 3168 35
7536 7096 33
9420 8870 30
11304 10644 26
2148 1584 35
3768 3548 28
4296 3168 26
4833 3564 32
5652 5322 26
7536 7096 27
11304 10644 32
15072 14192 31
16956 15966 31
18840 17740 25
1074 792 33
2148 1584 29
2148 1584 34
3768 3548 33
4833 3564 28
4833 3564 30
5652 5322 27
5652 5322 33
11304 10644 25
15072 14192 31
1074 792 35
2685 1980 26
2685 1980 33
3222 2376 29
3759 2772 33
3768 3548 27
4833 3564 28
4833 3564 31
13188 12418 31
13188 12418 34
537 396 28
1074 792 30
2148 1584 27
3759 2772 31
4296 3168 29
7536 7096 34
9420 8870 26
9420 8870 34
11304 10644 27
16956 15966 34
537 396 34
1884 1774 29
2148 1584 28
3759 2772 29
4296 3168 29
4833 3564 29
4833 3564 30
11304 10644 26
15072 14192 31
16956 15966 26
1884 1774 28
1884 1774 29
3759 2772 29
4296 3168 29
5370 3960 30
9420 8870 33
11304 10644 29
11304 10644 31
11304 10644 32
15072 14192 34
537 396 25
537 396 32
2148 1584 32
2685 1980 25
3768 3548 27
3768 3548 34
4833 3564 31
4833 3564 35
5370 3960 28
5370 3960 35
537 396 26
1611 1188 28
3759 2772 28
3759 2772 31
3768 3548 28
3768 3548 35
4833 3564 34
5370 3960 29
16956 15966 26
16956 15966 31
1611 1188 29
2148 1584 33
2685 1980 34
3222 2376 31
3222 2376 31
7536 7096 31
9420 8870 28
9420 8870 28
9420 8870 32
11304 10644 26
2685 1980 26
2685 1980 31
5370 3960 33
5652 5322 26
5652 5322 30
7536 7096 25
9420 8870 28
9420 8870 32
13188 12418 26
16956 15966 34
537 396 31
1611 1188 26
1884 1774 27
2148 1584 30
2685 1980 26
2685 1980 29
4296 3168 25
5652 5322 31
9420 8870 35
16956 15966 32
1074 792 31
2685 1980 29
3759 2772 34
5652 5322 26
5652 5322 33
7536 7096 29
9420 8870 26
13188 12418 30
15072 14192 27
18840 17740 25
537 396 27
1074 792 29
1074 792 32
1611 1188 28
2148 1584 32
2685 1980 26
5370 3960 27
9420 8870 25
16956 15966 30
16956 15966 32
537 396 25
537 396 34
1074 792 28
1611 1188 26
1884 1774 34
3222 2376 34
5370 3960 27
9420 8870 26
13188 12418 26
16956 15966 30
1074 792 26
1074 792 26
1884 1774 34
3768 3548 31
5370 3960 25
5652 5322 25
5652 5322 27
16956 15966 26
16956 15966 31
16956 15966 32
537 396 34
1884 1774 25
1884 1774 27
2148 1584 27
2685 1980 29
3222 2376 29
4833 3564 26
5370 3960 30
9420 8870 26
13188 12418 25
1611 1188 27
1611 1188 28
2148 1584 29
2148 1584 33
3222 2376 31
5370 3960 25
5370 3960 26
11304 10644 25
13188 12418 25
16956 15966 31
1884 1774 30
3222 2376 32
3759 2772 28
4296 3168 27
4296 3168 29
5652 5322 28
5652 5322 33
11304 10644 27
11304 10644 29
18840 17740 31
1611 1188 30
1611 1188 32
3768 3548 31
5652 5322 28
5652 5322 31
5652 5322 33
5652 5322 33
15072 14192 26
15072 14192 31
15072 14192 35
1074 792 31
1884 1774 33
1884 1774 33
3759 2772 30
3768 3548 27
4296 3168 25
4296 3168 33
7536 7096 29
18840 17740 30
18840 17740 31
537 396 31
1074 792 31
1884 1774 34
2148 1584 29
3222 2376 32
4296 3168 34
7536 7096 29
7536 7096 31
9420 8870 32
13188 12418 29
537 396 28
1074 792 25
1611 1188 32
3222 2376 31
4296 3168 25
4296 3168 33
5370 3960 28
15072 14192 29
16956 15966 31
18840 17740 33
1884 1774 26
2148 1584 32
2685 1980 32
3759 2772 32
4833 3564 26
5370 3960 29
5652 5322 34
13188 12418 25
13188 12418 27
16956 15966 34
537 396 35
2148 1584 25
2685 1980 31
3222 2376 25
3222 2376 34
3768 3548 29
4296 3168 30
9420 8870 33
11304 10644 25
15072 14192 28
1074 792 34
1611 1188 27
2148 1584 33
3222 2376 27
3759 2772 33
5370 3960 29
5652 5322 28
13188 12418 25
13188 12418 32
15072 14192 30
1611 1188 26
1611 1188 35
2148 1584 29
2148 1584 32
3759 2772 29
3768 3548 29
5652 5322 26
5652 5322 32
7536 7096 32
13188 12418 34
1611 1188 27
1884 1774 31
2148 1584 33
2685 1980 27
2685 1980 30
3759 2772 27
4833 3564 27
9420 8870 26
11304 10644 31
16956 15966 27
537 396 30
1884 1774 32
2685 1980 30
2685 1980 32
3759 2772 35
5652 5322 28
7536 7096 31
9420 8870 34
15072 14192 28
15072 14192 33
2685 1980 29
3222 2376 28
3222 2376 30
3759 2772 34
4296 3168 26
4296 3168 31
4833 3564 27
7536 7096 27
13188 12418 33
15072 14192 33
3759 2772 25
3768 3548 28
4296 3168 25
4296 3168 32
4833 3564 31
5652 5322 34
13188 12418 26
15072 14192 26
15072 14192 30
18840 17740 26
1611 1188 32
1884 1774 27
3222 2376 26
3759 2772 25
3759 2772 26
3768 3548 26
3768 3548 30
3768 3548 34
4296 3168 25
18840 17740 32
537 396 34
2148 1584 33
4296 3168 31
7536 7096 33
9420 8870 31
11304 10644 25
11304 10644 27
13188 12418 29
15072 14192 28
16956 15966 31
1074 792 29
1074 792 34
1611 1188 28
2148 1584 34
2685 1980 33
2685 1980 33
5652 5322 30
7536 7096 34
9420 8870 31
13188 12418 31
537 396 29
1611 1188 30
1611 1188 34
1884 1774 26
1884 1774 28
2685 1980 30
4833 3564 34
15072 14192 35
16956 15966 34
18840 17740 32
537 396 25
1611 1188 30
3222 2376 26
4296 3168 30
5652 5322 30
5652 5322 34
11304 10644 29
11304 10644 32
15072 14192 25
16956 15966 33
1611 1188 35
1884 1774 25
3222 2376 30
3222 2376 30
3759 2772 30
3768 3548 25
4296 3168 26
5652 5322 25
11304 10644 33
16956 15966 29
1884 1774 28
1884 1774 30
2148 1584 27
2685 1980 32
3768 3548 25
3768 3548 32
4296 3168 33
5652 5322 25
9420 8870 28
13188 12418 26
