50 20 8051
3 91 184
3 57 172
3 74 236
3 143 229
3 53 241
3 107 170
3 82 244
3 56 171
3 134 182
3 135 221
2 117 178
2 81 225
2 107 236
2 64 183
2 127 188
2 86 155
2 119 232
2 72 173
2 93 197
2 92 209
200 235 94
324 390 90
400 470 79
216 260 82
240 282 83
378 455 95
200 235 98
324 390 107
378 455 95
54 65 106
270 325 96
280 329 99
200 235 80
200 235 103
400 470 90
240 282 89
270 325 108
324 390 88
200 235 100
400 470 79
400 470 85
120 141 91
200 235 96
200 235 106
120 141 84
432 520 95
486 585 103
108 130 83
324 390 101
432 520 85
432 520 140
486 585 142
54 65 165
120 141 132
80 94 132
432 520 124
80 94 138
270 325 159
54 65 141
216 260 150
162 195 124
400 470 155
80 94 140
162 195 145
324 390 161
360 423 129
40 47 148
216 260 130
270 325 146
320 376 166
