1000 100 165938
10 66 245
10 111 156
10 139 205
10 143 250
10 135 201
10 74 197
10 87 242
10 104 159
10 91 231
10 145 220
10 140 200
10 84 175
10 68 198
10 98 216
10 58 248
10 102 247
10 89 175
10 134 211
10 59 242
10 107 229
10 83 246
10 70 207
10 85 239
10 123 210
10 88 206
10 60 164
10 88 177
10 106 215
10 108 192
10 58 168
10 65 219
10 83 161
10 68 184
10 104 188
10 126 223
10 143 212
10 123 228
10 146 177
10 82 169
10 139 155
10 123 209
10 52 159
10 135 185
10 96 215
10 130 203
10 129 182
10 124 184
10 76 199
10 86 172
10 115 193
10 78 161
10 128 220
10 95 232
10 128 172
10 130 163
10 83 162
10 116 156
10 147 209
10 129 190
10 128 245
10 146 248
10 76 193
10 105 198
10 78 162
10 134 227
10 140 237
10 103 197
10 61 204
10 119 196
10 77 213
10 134 180
10 72 250
10 102 241
10 76 194
10 89 237
10 59 173
10 122 221
10 148 215
10 140 190
10 85 223
10 134 165
10 122 202
10 129 185
10 95 158
10 82 249
10 139 184
10 150 220
10 85 211
10 88 244
10 68 171
10 135 198
10 113 169
10 68 233
10 99 235
10 101 199
10 125 155
10 140 155
10 142 152
10 114 177
10 150 156
56 48 29
103 84 28
103 84 32
206 168 32
224 192 31
448 384 33
504 432 32
618 504 36
721 588 28
721 588 28
168 144 30
206 168 31
280 240 33
504 432 36
618 504 27
721 588 28
721 588 32
721 588 32
824 672 30
927 756 34
103 84 31
168 144 28
168 144 31
206 168 29
336 288 30
560 480 29
618 504 33
618 504 36
721 588 36
1030 840 34
103 84 31
168 144 30
168 144 37
224 192 29
280 240 36
392 336 27
560 480 32
618 504 29
618 504 32
824 672 35
103 84 27
103 84 34
206 168 29
224 192 34
309 252 34
309 252 35
412 336 30
721 588 27
721 588 31
927 756 30
103 84 34
103 84 35
309 252 27
309 252 29
392 336 30
412 336 30
504 432 36
515 420 30
515 420 33
721 588 28
168 144 36
168 144 36
224 192 34
336 288 35
392 336 31
392 336 36
412 336 35
618 504 33
824 672 30
1030 840 33
224 192 27
280 240 33
280 240 36
412 336 31
412 336 32
448 384 30
448 384 37
515 420 29
515 420 34
1030 840 27
112 96 27
112 96 34
206 168 28
392 336 30
412 336 32
515 420 35
515 420 35
721 588 32
721 588 34
927 756 34
168 144 31
206 168 30
224 192 30
336 288 32
392 336 37
515 420 26
560 480 31
721 588 32
824 672 28
1030 840 29
56 48 32
336 288 31
412 336 27
412 336 32
448 384 30
504 432 32
515 420 29
515 420 34
824 672 32
1030 840 36
112 96 28
336 288 32
412 336 31
515 420 32
560 480 26
721 588 36
824 672 33
927 756 31
1030 840 27
1030 840 30
103 84 30
280 240 28
392 336 35
412 336 31
515 420 29
515 420 32
721 588 33
927 756 30
927 756 32
927 756 33
56 48 27
56 48 32
168 144 33
168 144 36
309 252 31
336 288 37
824 672 29
824 672 31
824 672 34
1030 840 29
56 48 30
168 144 33
168 144 33
224 192 32
309 252 27
309 252 33
392 336 33
412 336 29
504 432 33
721 588 26
103 84 28
280 240 34
392 336 37
448 384 27
448 384 29
560 480 34
618 504 27
618 504 27
618 504 32
927 756 33
56 48 29
112 96 29
392 336 32
504 432 37
560 480 32
618 504 29
618 504 32
721 588 37
927 756 29
1030 840 34
224 192 27
309 252 29
392 336 26
412 336 27
412 336 29
504 432 35
515 420 28
721 588 33
824 672 29
824 672 35
56 48 34
224 192 28
309 252 28
309 252 30
336 288 27
448 384 30
618 504 30
618 504 31
824 672 27
1030 840 37
206 168 33
206 168 34
224 192 36
280 240 32
412 336 32
504 432 28
504 432 32
515 420 35
618 504 35
1030 840 32
103 84 31
103 84 31
103 84 37
206 168 29
206 168 30
224 192 29
504 432 27
721 588 34
824 672 29
927 756 32
56 48 37
103 84 30
168 144 33
206 168 28
309 252 32
448 384 36
504 432 32
515 420 30
824 672 28
927 756 28
56 48 27
56 48 27
168 144 31
168 144 34
309 252 32
336 288 32
412 336 28
504 432 32
515 420 37
721 588 28
206 168 34
309 252 28
309 252 32
412 336 29
448 384 29
448 384 36
504 432 29
504 432 33
560 480 30
618 504 35
56 48 31
103 84 33
309 252 27
412 336 32
412 336 34
504 432 32
515 420 27
618 504 33
618 504 34
824 672 32
56 48 33
112 96 32
112 96 33
112 96 35
280 240 30
280 240 34
309 252 37
392 336 32
560 480 29
1030 840 31
112 96 29
112 96 30
168 144 33
224 192 33
392 336 32
448 384 28
448 384 35
560 480 33
927 756 30
927 756 32
112 96 35
206 168 32
206 168 37
224 192 35
392 336 30
448 384 30
515 420 35
560 480 31
721 588 35
824 672 33
168 144 35
168 144 36
224 192 27
224 192 27
224 192 29
280 240 36
448 384 33
515 420 34
824 672 37
927 756 26
206 168 28
336 288 34
336 288 37
448 384 27
448 384 28
618 504 30
824 672 30
824 672 35
927 756 27
1030 840 37
56 48 36
206 168 26
280 240 26
309 252 29
309 252 30
392 336 29
412 336 36
448 384 30
448 384 32
927 756 34
206 168 31
206 168 32
224 192 36
309 252 31
336 288 30
336 288 35
392 336 29
412 336 31
824 672 30
927 756 31
56 48 34
112 96 31
168 144 27
206 168 35
336 288 36
448 384 32
448 384 34
515 420 30
560 480 29
1030 840 28
112 96 32
168 144 27
168 144 35
206 168 33
224 192 29
280 240 31
309 252 27
560 480 33
721 588 27
1030 840 32
168 144 27
224 192 29
280 240 27
309 252 29
412 336 33
412 336 35
504 432 26
560 480 28
560 480 36
1030 840 31
224 192 35
280 240 28
412 336 30
448 384 35
448 384 35
448 384 37
515 420 36
560 480 29
560 480 32
618 504 37
103 84 34
168 144 35
224 192 35
280 240 30
336 288 37
504 432 31
504 432 31
515 420 28
618 504 32
824 672 36
56 48 31
103 84 28
206 168 33
412 336 28
412 336 36
515 420 29
515 420 37
560 480 27
618 504 34
721 588 32
56 48 30
56 48 31
168 144 35
206 168 34
448 384 28
448 384 35
448 384 36
504 432 29
515 420 29
721 588 33
112 96 33
168 144 35
206 168 30
280 240 29
392 336 28
448 384 28
504 432 36
560 480 30
927 756 32
1030 840 29
103 84 31
168 144 29
206 168 35
309 252 35
392 336 35
412 336 30
504 432 31
515 420 26
824 672 27
824 672 33
103 84 32
168 144 34
206 168 35
336 288 37
392 336 28
515 420 37
560 480 30
721 588 28
721 588 30
824 672 37
103 84 36
168 144 31
336 288 33
336 288 37
392 336 35
412 336 29
448 384 28
448 384 36
1030 840 31
1030 840 34
103 84 28
224 192 35
309 252 29
336 288 36
412 336 26
412 336 32
618 504 32
721 588 27
721 588 29
927 756 27
103 84 29
206 168 28
206 168 29
336 288 37
448 384 29
448 384 32
515 420 31
560 480 31
618 504 36
1030 840 29
56 48 27
103 84 35
112 96 33
336 288 33
560 480 27
618 504 31
824 672 27
1030 840 31
1030 840 35
1030 840 36
206 168 31
309 252 35
392 336 35
504 432 28
560 480 35
824 672 28
824 672 32
824 672 32
1030 840 29
1030 840 36
112 96 32
206 168 34
309 252 31
309 252 36
336 288 35
392 336 29
412 336 35
504 432 27
504 432 31
1030 840 35
206 168 31
224 192 29
392 336 33
412 336 31
560 480 35
618 504 27
618 504 30
721 588 36
824 672 34
1030 840 35
56 48 35
103 84 30
112 96 29
224 192 29
309 252 28
309 252 30
448 384 27
448 384 31
515 420 34
560 480 27
103 84 27
103 84 37
112 96 35
336 288 37
392 336 30
448 384 33
504 432 36
515 420 34
927 756 36
1030 840 31
56 48 31
103 84 36
224 192 37
504 432 30
504 432 36
515 420 28
515 420 29
515 420 31
927 756 33
1030 840 29
168 144 33
280 240 28
309 252 30
336 288 33
412 336 27
412 336 29
515 420 29
560 480 29
721 588 29
1030 840 33
56 48 27
168 144 29
309 252 36
448 384 32
448 384 36
504 432 36
515 420 27
515 420 30
618 504 33
1030 840 34
103 84 28
103 84 30
206 168 31
224 192 30
392 336 34
412 336 34
515 420 32
560 480 29
618 504 27
1030 840 37
56 48 35
56 48 35
112 96 33
280 240 32
309 252 28
504 432 37
560 480 32
824 672 27
824 672 32
1030 840 27
56 48 36
103 84 35
112 96 33
336 288 32
448 384 31
504 432 30
504 432 33
515 420 30
721 588 33
927 756 36
103 84 27
112 96 29
168 144 37
280 240 27
336 288 34
392 336 31
412 336 32
412 336 36
504 432 36
618 504 37
168 144 29
168 144 35
168 144 37
206 168 32
309 252 31
336 288 32
515 420 34
515 420 35
618 504 32
824 672 31
56 48 27
103 84 30
168 144 29
168 144 32
206 168 27
224 192 33
280 240 36
504 432 32
515 420 32
560 480 32
224 192 27
224 192 31
224 192 34
224 192 35
309 252 29
392 336 27
392 336 32
392 336 36
721 588 34
927 756 31
112 96 31
112 96 36
224 192 28
224 192 29
224 192 30
224 192 36
280 240 35
336 288 36
392 336 30
721 588 36
112 96 29
224 192 37
280 240 29
280 240 35
280 240 36
309 252 32
336 288 29
504 432 28
927 756 27
1030 840 29
103 84 29
103 84 30
168 144 35
392 336 29
392 336 30
515 420 28
560 480 28
560 480 29
927 756 30
927 756 31
224 192 36
280 240 36
309 252 32
392 336 30
448 384 27
504 432 28
504 432 30
824 672 35
927 756 31
1030 840 32
56 48 32
103 84 35
112 96 27
206 168 31
224 192 27
280 240 27
336 288 34
336 288 34
392 336 30
392 336 32
112 96 35
206 168 33
206 168 35
309 252 31
412 336 29
412 336 33
504 432 36
515 420 36
560 480 34
927 756 33
103 84 35
112 96 35
392 336 32
412 336 29
515 420 36
560 480 27
618 504 29
721 588 31
721 588 33
1030 840 34
56 48 36
168 144 33
168 144 34
309 252 30
336 288 29
412 336 37
504 432 37
560 480 34
560 480 36
927 756 27
168 144 28
224 192 28
224 192 30
392 336 35
412 336 35
504 432 34
504 432 37
515 420 32
927 756 29
1030 840 35
56 48 35
168 144 28
168 144 36
224 192 33
224 192 36
412 336 28
412 336 31
618 504 34
721 588 27
1030 840 28
56 48 37
103 84 30
103 84 32
206 168 34
280 240 29
280 240 31
309 252 29
392 336 33
412 336 32
824 672 31
103 84 27
112 96 28
112 96 31
112 96 32
280 240 33
309 252 37
412 336 34
515 420 28
515 420 32
560 480 27
103 84 29
103 84 34
168 144 36
206 168 36
309 252 31
336 288 30
336 288 34
504 432 32
515 420 28
927 756 36
56 48 27
56 48 30
112 96 31
168 144 28
206 168 37
309 252 31
448 384 36
560 480 31
824 672 33
927 756 30
103 84 27
103 84 32
103 84 33
206 168 29
224 192 30
280 240 28
280 240 33
336 288 35
824 672 31
1030 840 30
56 48 33
206 168 29
280 240 29
280 240 30
309 252 30
309 252 30
412 336 27
824 672 33
927 756 29
927 756 36
103 84 35
206 168 32
280 240 30
309 252 29
392 336 35
448 384 27
504 432 33
927 756 32
1030 840 33
1030 840 37
103 84 36
168 144 34
280 240 30
280 240 33
280 240 33
392 336 35
412 336 33
448 384 34
448 384 37
560 480 29
168 144 37
206 168 30
280 240 27
280 240 30
280 240 33
336 288 35
412 336 33
448 384 28
515 420 34
824 672 30
103 84 32
168 144 28
206 168 28
224 192 28
224 192 30
224 192 37
392 336 28
448 384 37
515 420 29
618 504 30
56 48 33
112 96 27
112 96 28
168 144 32
280 240 29
309 252 35
336 288 27
412 336 27
504 432 32
515 420 35
56 48 31
112 96 32
280 240 33
309 252 27
309 252 34
309 252 35
448 384 32
515 420 32
721 588 37
927 756 33
56 48 28
56 48 30
112 96 32
206 168 34
309 252 30
392 336 27
412 336 28
412 336 35
412 336 36
560 480 30
56 48 28
56 48 35
112 96 27
168 144 33
280 240 29
336 288 37
392 336 29
560 480 27
560 480 28
1030 840 27
56 48 30
56 48 34
112 96 31
168 144 34
224 192 29
280 240 34
309 252 31
336 288 30
392 336 27
412 336 36
112 96 29
280 240 35
309 252 32
448 384 37
504 432 35
515 420 37
560 480 32
560 480 37
618 504 28
927 756 27
56 48 28
168 144 32
206 168 31
392 336 30
392 336 33
618 504 30
824 672 36
927 756 30
927 756 32
927 756 36
224 192 29
392 336 27
448 384 30
504 432 29
515 420 36
560 480 30
618 504 35
824 672 26
824 672 36
824 672 37
56 48 32
103 84 27
112 96 29
336 288 27
336 288 28
392 336 37
504 432 35
504 432 36
515 420 30
515 420 31
168 144 29
168 144 35
206 168 30
309 252 29
309 252 35
392 336 33
721 588 35
824 672 33
824 672 34
927 756 34
56 48 28
56 48 29
112 96 33
336 288 32
412 336 28
412 336 35
721 588 35
824 672 29
927 756 29
927 756 35
56 48 35
112 96 32
206 168 31
224 192 28
280 240 36
448 384 28
721 588 32
927 756 31
927 756 31
1030 840 31
112 96 27
168 144 32
412 336 33
448 384 30
448 384 36
560 480 32
560 480 33
618 504 29
721 588 29
927 756 31
112 96 35
168 144 36
224 192 30
280 240 36
309 252 29
336 288 34
412 336 27
721 588 32
824 672 31
927 756 28
103 84 33
103 84 36
224 192 29
224 192 29
336 288 34
721 588 29
824 672 34
927 756 27
927 756 37
1030 840 37
112 96 30
168 144 35
206 168 33
224 192 31
224 192 35
515 420 28
515 420 34
618 504 31
721 588 36
927 756 28
56 48 32
112 96 27
309 252 29
336 288 34
392 336 33
504 432 27
504 432 32
560 480 35
721 588 33
824 672 32
56 48 30
56 48 30
336 288 28
336 288 31
412 336 29
448 384 27
560 480 29
560 480 36
824 672 35
927 756 36
56 48 29
56 48 29
103 84 32
112 96 35
224 192 28
392 336 27
412 336 27
412 336 32
515 420 36
618 504 32
