2000 20 468727
100 64 240
100 149 193
100 72 215
100 64 198
100 71 152
100 146 179
100 138 230
100 142 200
100 60 205
100 113 190
100 122 231
100 139 242
100 62 156
100 136 193
100 141 168
100 132 201
100 69 199
100 96 224
100 71 188
100 52 177
59 39 2
59 39 3
118 78 3
118 78 3
152 132 2
152 132 2
152 132 2
152 132 3
152 132 3
152 132 3
152 132 3
152 132 3
152 132 3
177 117 2
177 117 2
177 117 3
177 117 3
236 156 2
236 156 3
236 156 3
236 156 3
236 156 3
236 156 3
295 195 2
295 195 2
295 195 2
295 195 2
304 264 2
304 264 2
304 264 3
354 234 2
354 234 2
354 234 3
354 234 3
354 234 3
354 234 3
413 273 3
413 273 3
413 273 3
456 396 2
456 396 3
456 396 3
456 396 3
456 396 3
456 396 3
456 396 3
472 312 2
472 312 3
531 351 2
531 351 2
531 351 3
531 351 3
531 351 3
531 351 3
590 390 3
608 528 2
608 528 2
608 528 3
608 528 3
608 528 3
608 528 3
608 528 3
760 660 2
760 660 2
760 660 2
760 660 2
760 660 3
760 660 3
760 660 3
912 792 2
912 792 3
912 792 3
912 792 3
912 792 3
912 792 3
1064 924 2
1064 924 2
1064 924 2
1064 924 2
1064 924 2
1064 924 2
1064 924 2
1064 924 2
1064 924 3
1216 1056 3
1216 1056 3
1216 1056 3
1216 1056 3
1216 1056 3
1368 1188 3
1368 1188 3
1368 1188 3
1368 1188 3
1368 1188 3
1368 1188 3
1520 1320 2
1520 1320 2
1520 1320 2
1520 1320 3
1520 1320 3
59 39 2
59 39 2
59 39 3
118 78 2
118 78 2
118 78 3
152 132 2
152 132 2
152 132 2
152 132 3
152 132 3
152 132 3
152 132 3
152 132 3
177 117 2
177 117 2
177 117 2
177 117 3
177 117 3
177 117 3
236 156 3
295 195 3
295 195 3
304 264 2
304 264 2
304 264 3
304 264 3
304 264 3
354 234 2
354 234 3
354 234 3
413 273 2
413 273 2
413 273 2
413 273 2
413 273 3
413 273 3
413 273 3
456 396 2
456 396 3
472 312 2
472 312 2
472 312 3
531 351 2
531 351 2
531 351 3
531 351 3
531 351 3
531 351 3
531 351 3
590 390 2
590 390 2
590 390 2
590 390 3
590 390 3
590 390 3
590 390 3
608 528 2
608 528 2
608 528 2
608 528 3
608 528 3
608 528 3
608 528 3
608 528 3
608 528 3
608 528 3
760 660 2
760 660 2
760 660 3
760 660 3
760 660 3
760 660 3
760 660 3
760 660 3
760 660 3
912 792 2
912 792 2
912 792 2
912 792 3
912 792 3
912 792 3
912 792 3
912 792 3
912 792 3
1064 924 2
1064 924 2
1064 924 2
1064 924 3
1064 924 3
1216 1056 2
1216 1056 3
1216 1056 3
1216 1056 3
1216 1056 3
1368 1188 2
1368 1188 2
1520 1320 2
1520 1320 3
1520 1320 3
59 39 2
59 39 2
59 39 3
59 39 3
59 39 3
118 78 2
152 132 2
152 132 2
152 132 2
152 132 2
152 132 3
152 132 3
152 132 3
152 132 3
177 117 2
177 117 2
177 117 2
177 117 2
177 117 3
177 117 3
236 156 3
236 156 3
295 195 2
295 195 2
295 195 3
295 195 3
295 195 3
295 195 3
295 195 3
304 264 3
304 264 3
304 264 3
304 264 3
354 234 2
354 234 2
354 234 2
354 234 2
354 234 2
354 234 3
354 234 3
354 234 3
354 234 3
413 273 3
456 396 2
472 312 2
472 312 2
472 312 2
531 351 2
531 351 3
531 351 3
531 351 3
590 390 2
590 390 2
590 390 2
590 390 2
590 390 3
608 528 2
608 528 3
608 528 3
608 528 3
608 528 3
760 660 3
760 660 3
760 660 3
760 660 3
760 660 3
760 660 3
760 660 3
760 660 3
912 792 2
912 792 2
912 792 2
912 792 2
912 792 2
912 792 3
912 792 3
912 792 3
912 792 3
1064 924 2
1064 924 2
1064 924 3
1064 924 3
1064 924 3
1216 1056 2
1216 1056 2
1216 1056 2
1216 1056 3
1216 1056 3
1216 1056 3
1216 1056 3
1368 1188 2
1368 1188 3
1368 1188 3
1368 1188 3
1520 1320 2
1520 1320 2
1520 1320 3
1520 1320 3
1520 1320 3
1520 1320 3
59 39 2
59 39 2
59 39 3
59 39 3
59 39 3
59 39 3
59 39 3
118 78 2
118 78 3
118 78 3
118 78 3
152 132 2
152 132 2
152 132 3
177 117 2
177 117 3
177 117 3
236 156 2
236 156 2
236 156 2
236 156 2
236 156 3
236 156 3
236 156 3
236 156 3
295 195 3
295 195 3
304 264 2
304 264 2
304 264 2
304 264 2
304 264 3
304 264 3
304 264 3
354 234 2
354 234 2
354 234 3
354 234 3
413 273 2
456 396 2
456 396 3
456 396 3
456 396 3
472 312 2
472 312 2
472 312 2
472 312 3
472 312 3
472 312 3
472 312 3
531 351 2
531 351 3
531 351 3
531 351 3
531 351 3
531 351 3
590 390 2
608 528 2
608 528 2
608 528 2
608 528 3
760 660 2
760 660 2
760 660 3
760 660 3
760 660 3
760 660 3
760 660 3
760 660 3
760 660 3
912 792 2
912 792 3
912 792 3
912 792 3
912 792 3
1064 924 2
1064 924 2
1064 924 3
1064 924 3
1064 924 3
1064 924 3
1216 1056 2
1216 1056 2
1216 1056 2
1216 1056 2
1216 1056 3
1216 1056 3
1368 1188 2
1368 1188 2
1368 1188 2
1368 1188 2
1368 1188 2
1368 1188 2
1368 1188 3
1520 1320 2
1520 1320 2
1520 1320 3
1520 1320 3
1520 1320 3
1520 1320 3
59 39 2
59 39 3
118 78 2
118 78 2
118 78 3
118 78 3
118 78 3
152 132 2
152 132 2
152 132 2
152 132 3
152 132 3
152 132 3
177 117 2
177 117 2
177 117 3
236 156 2
236 156 2
236 156 3
295 195 2
295 195 2
295 195 3
295 195 3
295 195 3
304 264 2
304 264 2
304 264 2
304 264 3
304 264 3
304 264 3
304 264 3
304 264 3
304 264 3
354 234 2
354 234 2
354 234 2
354 234 2
354 234 3
354 234 3
413 273 2
413 273 2
413 273 3
413 273 3
413 273 3
413 273 3
413 273 3
456 396 2
456 396 2
456 396 2
456 396 3
456 396 3
456 396 3
472 312 2
472 312 2
472 312 3
472 312 3
472 312 3
531 351 2
531 351 3
590 390 2
608 528 2
608 528 2
608 528 3
608 528 3
760 660 2
760 660 2
760 660 3
760 660 3
760 660 3
912 792 2
912 792 2
912 792 3
912 792 3
912 792 3
912 792 3
912 792 3
912 792 3
1064 924 2
1064 924 2
1064 924 2
1064 924 3
1064 924 3
1216 1056 2
1216 1056 2
1216 1056 2
1216 1056 2
1216 1056 2
1216 1056 2
1216 1056 3
1368 1188 2
1368 1188 2
1368 1188 3
1368 1188 3
1368 1188 3
1520 1320 2
1520 1320 2
1520 1320 3
1520 1320 3
1520 1320 3
1520 1320 3
59 39 3
59 39 3
59 39 3
118 78 2
118 78 2
118 78 3
118 78 3
118 78 3
118 78 3
152 132 2
152 132 2
152 132 2
152 132 3
152 132 3
152 132 3
152 132 3
152 132 3
177 117 2
177 117 3
236 156 3
236 156 3
236 156 3
236 156 3
295 195 2
295 195 2
295 195 2
295 195 2
295 195 3
295 195 3
304 264 2
304 264 2
304 264 2
304 264 3
304 264 3
304 264 3
304 264 3
354 234 2
354 234 2
413 273 2
413 273 3
413 273 3
413 273 3
413 273 3
413 273 3
456 396 2
456 396 3
456 396 3
472 312 2
472 312 2
472 312 2
472 312 3
472 312 3
472 312 3
472 312 3
531 351 2
531 351 2
531 351 3
531 351 3
531 351 3
590 390 2
590 390 2
590 390 2
590 390 2
590 390 3
590 390 3
590 390 3
590 390 3
590 390 3
608 528 2
608 528 2
608 528 2
608 528 3
608 528 3
760 660 2
760 660 2
760 660 2
760 660 3
760 660 3
760 660 3
760 660 3
912 792 3
912 792 3
912 792 3
1064 924 2
1064 924 2
1064 924 2
1064 924 2
1064 924 3
1216 1056 2
1216 1056 2
1216 1056 3
1368 1188 2
1368 1188 2
1520 1320 2
1520 1320 2
1520 1320 3
1520 1320 3
1520 1320 3
1520 1320 3
1520 1320 3
59 39 2
59 39 2
59 39 3
59 39 3
59 39 3
118 78 2
118 78 2
118 78 2
118 78 3
118 78 3
152 132 3
152 132 3
177 117 2
177 117 2
177 117 3
177 117 3
177 117 3
177 117 3
177 117 3
236 156 2
236 156 2
236 156 2
295 195 2
295 195 2
295 195 2
295 195 3
295 195 3
304 264 2
304 264 3
304 264 3
304 264 3
304 264 3
304 264 3
304 264 3
354 234 2
354 234 2
354 234 3
354 234 3
354 234 3
354 234 3
413 273 2
413 273 2
413 273 3
456 396 2
456 396 3
456 396 3
472 312 2
472 312 3
531 351 2
531 351 2
531 351 2
531 351 2
531 351 3
531 351 3
531 351 3
590 390 2
590 390 3
590 390 3
608 528 2
608 528 3
608 528 3
608 528 3
608 528 3
608 528 3
608 528 3
760 660 2
760 660 2
760 660 2
760 660 2
760 660 2
760 660 3
760 660 3
760 660 3
912 792 3
912 792 3
912 792 3
912 792 3
912 792 3
912 792 3
1064 924 2
1064 924 3
1064 924 3
1216 1056 2
1216 1056 2
1216 1056 2
1216 1056 3
1216 1056 3
1216 1056 3
1216 1056 3
1216 1056 3
1368 1188 2
1368 1188 2
1368 1188 2
1368 1188 2
1368 1188 3
1368 1188 3
1368 1188 3
1520 1320 2
1520 1320 3
1520 1320 3
59 39 2
59 39 2
59 39 2
59 39 2
59 39 3
59 39 3
118 78 2
118 78 2
118 78 3
152 132 2
152 132 2
152 132 3
152 132 3
152 132 3
152 132 3
177 117 2
177 117 2
177 117 2
177 117 2
177 117 2
177 117 3
177 117 3
177 117 3
177 117 3
236 156 2
236 156 2
236 156 3
236 156 3
236 156 3
236 156 3
295 195 2
295 195 2
295 195 2
295 195 2
295 195 2
304 264 2
304 264 2
304 264 3
304 264 3
354 234 2
354 234 3
354 234 3
413 273 2
413 273 3
456 396 2
456 396 3
472 312 2
472 312 3
472 312 3
472 312 3
531 351 2
531 351 3
590 390 2
590 390 2
590 390 2
590 390 2
590 390 2
590 390 2
590 390 2
590 390 2
590 390 3
590 390 3
590 390 3
590 390 3
608 528 2
608 528 2
608 528 2
608 528 2
608 528 3
608 528 3
608 528 3
760 660 2
760 660 2
760 660 2
760 660 3
760 660 3
760 660 3
912 792 2
912 792 3
912 792 3
912 792 3
1064 924 3
1064 924 3
1064 924 3
1216 1056 2
1216 1056 2
1216 1056 2
1216 1056 3
1216 1056 3
1216 1056 3
1216 1056 3
1216 1056 3
1368 1188 2
1368 1188 2
1368 1188 3
1520 1320 2
1520 1320 2
1520 1320 3
1520 1320 3
1520 1320 3
59 39 3
59 39 3
118 78 2
118 78 2
118 78 2
118 78 3
118 78 3
118 78 3
118 78 3
118 78 3
152 132 2
152 132 2
152 132 3
152 132 3
152 132 3
152 132 3
177 117 2
177 117 2
177 117 3
236 156 2
236 156 3
236 156 3
236 156 3
236 156 3
295 195 3
295 195 3
295 195 3
304 264 2
304 264 2
304 264 2
304 264 2
304 264 3
304 264 3
354 234 2
354 234 2
354 234 2
354 234 2
354 234 3
354 234 3
354 234 3
354 234 3
413 273 2
413 273 3
413 273 3
413 273 3
413 273 3
456 396 2
456 396 2
456 396 3
456 396 3
472 312 2
472 312 2
472 312 3
472 312 3
472 312 3
531 351 2
531 351 2
531 351 3
531 351 3
531 351 3
531 351 3
531 351 3
531 351 3
590 390 2
590 390 2
590 390 2
590 390 3
590 390 3
590 390 3
590 390 3
608 528 2
608 528 2
608 528 3
760 660 2
760 660 3
912 792 2
912 792 2
1064 924 3
1064 924 3
1064 924 3
1064 924 3
1064 924 3
1064 924 3
1216 1056 2
1216 1056 3
1216 1056 3
1216 1056 3
1216 1056 3
1368 1188 2
1368 1188 3
1368 1188 3
1368 1188 3
1520 1320 2
1520 1320 2
1520 1320 3
1520 1320 3
1520 1320 3
1520 1320 3
1520 1320 3
1520 1320 3
59 39 2
59 39 2
59 39 3
118 78 2
118 78 2
118 78 2
118 78 3
118 78 3
118 78 3
118 78 3
118 78 3
118 78 3
152 132 3
152 132 3
152 132 3
152 132 3
152 132 3
177 117 2
177 117 2
177 117 2
177 117 3
177 117 3
236 156 3
236 156 3
295 195 2
295 195 2
295 195 3
304 264 2
304 264 2
304 264 3
304 264 3
304 264 3
354 234 2
354 234 2
354 234 3
354 234 3
354 234 3
354 234 3
413 273 2
413 273 2
413 273 3
456 396 2
456 396 2
456 396 2
456 396 2
456 396 3
472 312 2
472 312 2
472 312 2
472 312 2
472 312 3
531 351 2
531 351 2
531 351 3
531 351 3
531 351 3
531 351 3
590 390 3
590 390 3
590 390 3
590 390 3
608 528 2
608 528 3
608 528 3
608 528 3
760 660 2
760 660 2
760 660 2
760 660 3
760 660 3
760 660 3
760 660 3
760 660 3
912 792 2
912 792 2
912 792 3
912 792 3
912 792 3
912 792 3
1064 924 2
1064 924 3
1216 1056 2
1216 1056 2
1216 1056 3
1216 1056 3
1216 1056 3
1216 1056 3
1216 1056 3
1216 1056 3
1216 1056 3
1216 1056 3
1368 1188 2
1368 1188 2
1368 1188 2
1368 1188 3
1368 1188 3
1520 1320 2
1520 1320 2
1520 1320 3
1520 1320 3
59 39 2
59 39 3
118 78 3
118 78 3
152 132 2
152 132 2
152 132 2
177 117 2
177 117 2
177 117 2
177 117 3
177 117 3
177 117 3
236 156 2
236 156 2
236 156 3
236 156 3
236 156 3
295 195 2
295 195 3
295 195 3
304 264 2
304 264 3
304 264 3
304 264 3
354 234 2
354 234 2
354 234 2
354 234 2
354 234 3
354 234 3
354 234 3
354 234 3
413 273 2
413 273 2
413 273 3
413 273 3
413 273 3
413 273 3
413 273 3
413 273 3
413 273 3
456 396 2
456 396 2
456 396 2
456 396 2
456 396 3
456 396 3
456 396 3
456 396 3
472 312 2
472 312 2
531 351 2
531 351 2
531 351 2
531 351 3
531 351 3
590 390 2
590 390 2
590 390 2
590 390 2
590 390 3
590 390 3
608 528 2
608 528 2
608 528 2
608 528 3
608 528 3
608 528 3
608 528 3
608 528 3
760 660 2
760 660 2
760 660 2
760 660 3
760 660 3
760 660 3
912 792 2
912 792 2
912 792 3
912 792 3
912 792 3
912 792 3
1064 924 3
1216 1056 2
1216 1056 3
1216 1056 3
1216 1056 3
1216 1056 3
1216 1056 3
1368 1188 2
1368 1188 2
1368 1188 2
1368 1188 3
1520 1320 2
1520 1320 3
1520 1320 3
1520 1320 3
1520 1320 3
1520 1320 3
59 39 2
59 39 2
59 39 3
59 39 3
59 39 3
59 39 3
59 39 3
118 78 2
118 78 3
118 78 3
118 78 3
118 78 3
152 132 2
152 132 3
152 132 3
152 132 3
177 117 2
177 117 3
177 117 3
177 117 3
177 117 3
236 156 2
236 156 2
236 156 2
236 156 3
236 156 3
236 156 3
295 195 2
295 195 2
295 195 2
295 195 2
295 195 2
295 195 3
304 264 2
304 264 2
304 264 3
304 264 3
304 264 3
354 234 2
354 234 2
354 234 3
354 234 3
354 234 3
354 234 3
354 234 3
413 273 2
413 273 2
413 273 2
413 273 3
413 273 3
456 396 2
456 396 2
456 396 2
456 396 2
456 396 3
456 396 3
472 312 2
472 312 3
472 312 3
472 312 3
531 351 2
531 351 2
531 351 2
531 351 2
531 351 2
531 351 3
531 351 3
531 351 3
531 351 3
590 390 2
590 390 2
590 390 3
590 390 3
608 528 2
608 528 2
608 528 2
608 528 3
608 528 3
608 528 3
608 528 3
760 660 3
760 660 3
912 792 2
912 792 3
912 792 3
912 792 3
1064 924 3
1064 924 3
1216 1056 3
1216 1056 3
1216 1056 3
1368 1188 2
1368 1188 2
1368 1188 3
1368 1188 3
1368 1188 3
1520 1320 2
1520 1320 3
1520 1320 3
1520 1320 3
59 39 2
59 39 3
59 39 3
59 39 3
118 78 3
118 78 3
118 78 3
152 132 2
152 132 3
152 132 3
152 132 3
177 117 2
177 117 2
177 117 2
177 117 2
177 117 2
177 117 2
177 117 2
177 117 2
177 117 3
177 117 3
177 117 3
177 117 3
177 117 3
236 156 2
236 156 2
236 156 2
236 156 2
236 156 3
236 156 3
236 156 3
295 195 2
295 195 3
295 195 3
295 195 3
304 264 3
304 264 3
304 264 3
354 234 2
354 234 2
354 234 3
354 234 3
354 234 3
413 273 2
413 273 3
456 396 3
456 396 3
456 396 3
456 396 3
472 312 2
472 312 3
472 312 3
472 312 3
472 312 3
531 351 2
531 351 2
531 351 3
531 351 3
590 390 2
590 390 2
590 390 2
590 390 2
590 390 2
590 390 3
590 390 3
608 528 2
608 528 3
608 528 3
608 528 3
760 660 2
760 660 2
760 660 2
760 660 2
760 660 3
760 660 3
760 660 3
760 660 3
912 792 2
912 792 2
912 792 2
912 792 2
912 792 3
912 792 3
1216 1056 2
1216 1056 3
1216 1056 3
1216 1056 3
1216 1056 3
1216 1056 3
1368 1188 2
1368 1188 2
1368 1188 2
1368 1188 3
1368 1188 3
1520 1320 2
1520 1320 2
1520 1320 3
1520 1320 3
1520 1320 3
1520 1320 3
59 39 2
59 39 2
59 39 3
59 39 3
118 78 3
118 78 3
152 132 2
152 132 2
152 132 2
152 132 3
152 132 3
152 132 3
152 132 3
152 132 3
177 117 2
177 117 2
177 117 3
177 117 3
177 117 3
236 156 2
236 156 3
236 156 3
236 156 3
236 156 3
236 156 3
295 195 2
295 195 3
295 195 3
295 195 3
304 264 2
304 264 2
304 264 2
304 264 3
304 264 3
304 264 3
354 234 2
354 234 3
354 234 3
354 234 3
413 273 2
413 273 2
413 273 2
413 273 2
413 273 2
413 273 3
413 273 3
456 396 2
456 396 3
472 312 3
472 312 3
472 312 3
472 312 3
472 312 3
472 312 3
472 312 3
531 351 2
531 351 2
531 351 3
590 390 2
590 390 2
590 390 2
590 390 2
590 390 2
590 390 3
608 528 2
608 528 2
608 528 2
608 528 3
608 528 3
760 660 2
760 660 3
760 660 3
760 660 3
912 792 2
912 792 2
912 792 3
912 792 3
912 792 3
1064 924 2
1064 924 2
1064 924 3
1216 1056 2
1216 1056 2
1216 1056 3
1216 1056 3
1368 1188 2
1368 1188 3
1368 1188 3
1368 1188 3
1368 1188 3
1368 1188 3
1520 1320 2
1520 1320 3
1520 1320 3
1520 1320 3
1520 1320 3
1520 1320 3
1520 1320 3
1520 1320 3
1520 1320 3
59 39 2
59 39 3
59 39 3
59 39 3
59 39 3
59 39 3
59 39 3
118 78 2
118 78 2
118 78 2
118 78 3
152 132 2
152 132 3
177 117 2
177 117 2
177 117 3
177 117 3
177 117 3
177 117 3
236 156 3
236 156 3
236 156 3
236 156 3
295 195 2
295 195 2
295 195 3
304 264 2
304 264 2
304 264 2
304 264 2
304 264 3
304 264 3
354 234 2
354 234 2
354 234 2
354 234 2
413 273 2
413 273 2
413 273 2
413 273 3
413 273 3
413 273 3
413 273 3
413 273 3
413 273 3
413 273 3
413 273 3
413 273 3
456 396 2
456 396 3
456 396 3
456 396 3
472 312 2
472 312 2
472 312 3
472 312 3
472 312 3
472 312 3
472 312 3
531 351 2
590 390 2
590 390 2
590 390 3
590 390 3
608 528 2
608 528 3
608 528 3
608 528 3
608 528 3
608 528 3
760 660 2
760 660 2
760 660 2
760 660 3
912 792 2
912 792 2
912 792 2
912 792 2
912 792 2
1064 924 3
1064 924 3
1064 924 3
1064 924 3
1216 1056 2
1216 1056 2
1216 1056 3
1216 1056 3
1216 1056 3
1216 1056 3
1216 1056 3
1368 1188 2
1368 1188 2
1368 1188 3
1368 1188 3
1368 1188 3
1520 1320 2
1520 1320 3
1520 1320 3
1520 1320 3
1520 1320 3
59 39 2
59 39 2
59 39 3
118 78 2
118 78 2
118 78 3
118 78 3
118 78 3
118 78 3
152 132 2
152 132 2
152 132 2
152 132 3
152 132 3
152 132 3
152 132 3
177 117 2
177 117 2
177 117 2
177 117 3
177 117 3
236 156 2
236 156 2
236 156 3
236 156 3
236 156 3
295 195 2
295 195 2
295 195 3
304 264 2
304 264 2
304 264 2
304 264 3
304 264 3
304 264 3
304 264 3
354 234 2
354 234 2
354 234 2
354 234 2
354 234 2
354 234 3
413 273 2
413 273 3
413 273 3
413 273 3
456 396 2
456 396 2
456 396 2
456 396 2
456 396 3
456 396 3
472 312 2
472 312 2
472 312 3
531 351 2
531 351 2
531 351 2
531 351 2
531 351 3
590 390 2
590 390 3
590 390 3
590 390 3
590 390 3
608 528 2
608 528 3
608 528 3
608 528 3
608 528 3
608 528 3
608 528 3
760 660 2
760 660 3
760 660 3
760 660 3
912 792 2
912 792 2
912 792 2
912 792 3
912 792 3
1064 924 2
1064 924 2
1064 924 3
1216 1056 2
1216 1056 3
1216 1056 3
1368 1188 2
1368 1188 2
1368 1188 3
1368 1188 3
1368 1188 3
1368 1188 3
1368 1188 3
1368 1188 3
1520 1320 2
1520 1320 3
1520 1320 3
1520 1320 3
1520 1320 3
59 39 2
59 39 3
59 39 3
59 39 3
118 78 2
118 78 2
118 78 2
118 78 3
118 78 3
118 78 3
118 78 3
152 132 2
152 132 2
152 132 2
152 132 3
152 132 3
152 132 3
177 117 2
177 117 2
177 117 2
177 117 2
177 117 3
236 156 2
236 156 2
236 156 2
236 156 3
236 156 3
236 156 3
236 156 3
236 156 3
236 156 3
295 195 2
295 195 2
295 195 2
295 195 2
295 195 2
295 195 2
295 195 2
295 195 3
295 195 3
304 264 2
304 264 3
304 264 3
304 264 3
304 264 3
354 234 2
354 234 2
354 234 3
354 234 3
354 234 3
413 273 2
413 273 3
413 273 3
413 273 3
413 273 3
413 273 3
456 396 2
456 396 3
456 396 3
456 396 3
472 312 3
472 312 3
472 312 3
472 312 3
531 351 2
531 351 2
531 351 3
590 390 2
590 390 3
590 390 3
590 390 3
590 390 3
608 528 2
608 528 2
760 660 2
760 660 3
912 792 2
912 792 2
912 792 2
912 792 2
912 792 3
1064 924 3
1064 924 3
1064 924 3
1064 924 3
1064 924 3
1064 924 3
1216 1056 2
1216 1056 3
1368 1188 2
1368 1188 2
1368 1188 2
1368 1188 2
1368 1188 2
1368 1188 3
1520 1320 2
1520 1320 3
1520 1320 3
1520 1320 3
1520 1320 3
59 39 2
59 39 2
59 39 3
59 39 3
118 78 2
118 78 2
118 78 3
118 78 3
152 132 2
152 132 2
152 132 3
177 117 2
177 117 2
177 117 3
177 117 3
236 156 2
236 156 3
236 156 3
295 195 2
295 195 2
295 195 3
295 195 3
295 195 3
304 264 2
304 264 2
304 264 2
304 264 2
304 264 3
304 264 3
304 264 3
304 264 3
354 234 2
354 234 2
354 234 2
354 234 3
354 234 3
354 234 3
413 273 2
413 273 2
413 273 3
413 273 3
413 273 3
456 396 2
456 396 3
472 312 2
472 312 2
472 312 2
472 312 3
472 312 3
472 312 3
531 351 2
531 351 2
531 351 2
531 351 3
531 351 3
590 390 2
590 390 3
608 528 3
760 660 2
760 660 2
760 660 3
760 660 3
760 660 3
912 792 2
912 792 2
912 792 3
912 792 3
912 792 3
1064 924 2
1064 924 2
1064 924 2
1064 924 3
1064 924 3
1216 1056 2
1216 1056 2
1216 1056 3
1216 1056 3
1216 1056 3
1216 1056 3
1216 1056 3
1368 1188 2
1368 1188 2
1368 1188 3
1368 1188 3
1368 1188 3
1368 1188 3
1368 1188 3
1368 1188 3
1368 1188 3
1368 1188 3
1520 1320 2
1520 1320 2
1520 1320 2
1520 1320 2
1520 1320 3
1520 1320 3
1520 1320 3
1520 1320 3
1520 1320 3
1520 1320 3
59 39 2
59 39 2
59 39 2
59 39 2
59 39 2
59 39 3
59 39 3
59 39 3
59 39 3
118 78 2
118 78 2
118 78 2
118 78 2
118 78 2
118 78 3
118 78 3
152 132 2
152 132 2
152 132 2
152 132 2
152 132 2
152 132 2
177 117 2
177 117 2
177 117 3
236 156 2
236 156 2
236 156 2
236 156 2
236 156 2
236 156 3
295 195 2
295 195 3
295 195 3
304 264 2
304 264 2
304 264 2
304 264 2
304 264 3
304 264 3
304 264 3
354 234 2
354 234 3
354 234 3
354 234 3
354 234 3
413 273 2
413 273 2
413 273 2
413 273 2
413 273 3
413 273 3
456 396 2
456 396 3
456 396 3
472 312 2
472 312 3
531 351 2
531 351 2
531 351 3
531 351 3
531 351 3
590 390 2
590 390 2
590 390 3
590 390 3
608 528 2
608 528 2
608 528 2
608 528 2
608 528 2
608 528 3
608 528 3
760 660 2
760 660 2
912 792 2
912 792 2
912 792 2
912 792 2
912 792 2
912 792 3
912 792 3
1064 924 2
1064 924 2
1064 924 2
1064 924 3
1064 924 3
1064 924 3
1216 1056 2
1216 1056 2
1216 1056 3
1216 1056 3
1368 1188 2
1368 1188 2
1368 1188 2
1368 1188 3
1368 1188 3
1368 1188 3
1520 1320 2
1520 1320 3
59 39 2
59 39 2
59 39 2
59 39 2
59 39 2
59 39 3
118 78 2
118 78 2
118 78 2
118 78 3
118 78 3
118 78 3
118 78 3
152 132 2
152 132 2
152 132 3
152 132 3
152 132 3
152 132 3
177 117 2
177 117 2
177 117 3
177 117 3
177 117 3
236 156 2
236 156 2
236 156 3
236 156 3
236 156 3
236 156 3
295 195 2
295 195 2
295 195 2
295 195 3
295 195 3
295 195 3
304 264 3
304 264 3
304 264 3
354 234 2
354 234 3
413 273 2
413 273 2
413 273 3
456 396 2
456 396 3
456 396 3
472 312 2
472 312 2
472 312 3
531 351 2
531 351 2
531 351 2
531 351 3
531 351 3
531 351 3
590 390 2
590 390 2
590 390 2
590 390 3
590 390 3
590 390 3
590 390 3
590 390 3
608 528 2
608 528 3
608 528 3
608 528 3
608 528 3
760 660 2
760 660 3
760 660 3
760 660 3
760 660 3
760 660 3
912 792 3
912 792 3
1064 924 2
1064 924 2
1064 924 2
1064 924 3
1064 924 3
1064 924 3
1064 924 3
1216 1056 2
1216 1056 2
1216 1056 2
1216 1056 2
1216 1056 2
1216 1056 3
1216 1056 3
1216 1056 3
1368 1188 2
1368 1188 3
1368 1188 3
1368 1188 3
1520 1320 2
1520 1320 3
1520 1320 3
1520 1320 3
