2000 100 8314601
20 77 158
20 125 157
20 81 186
20 148 218
20 81 210
20 110 214
20 63 151
20 73 200
20 95 163
20 117 239
20 81 158
20 55 174
20 144 189
20 127 238
20 134 177
20 56 240
20 101 188
20 82 157
20 120 190
20 52 220
20 96 185
20 76 206
20 106 179
20 84 197
20 143 195
20 51 247
20 86 224
20 148 199
20 75 194
20 121 242
20 117 195
20 141 245
20 98 200
20 54 169
20 122 199
20 53 244
20 99 162
20 53 223
20 105 218
20 150 238
20 82 222
20 140 240
20 117 245
20 109 239
20 78 239
20 81 174
20 113 197
20 93 204
20 64 182
20 125 179
20 110 216
20 84 173
20 57 201
20 144 158
20 138 199
20 54 235
20 141 172
20 136 186
20 79 224
20 96 219
20 80 157
20 126 183
20 141 185
20 114 175
20 61 151
20 130 182
20 54 248
20 117 189
20 122 209
20 55 198
20 53 174
20 78 172
20 60 154
20 83 201
20 108 237
20 108 232
20 68 206
20 96 190
20 94 181
20 124 239
20 118 195
20 112 238
20 63 169
20 121 211
20 76 211
20 136 159
20 72 216
20 120 234
20 124 206
20 125 154
20 67 153
20 58 190
20 62 170
20 59 216
20 70 212
20 147 197
20 62 221
20 63 249
20 72 229
20 77 162
138 1210 14
276 2420 14
293 1652 15
414 3630 12
414 3630 16
586 3304 11
586 3304 14
586 3304 15
690 6050 12
690 6050 15
828 7260 16
879 4956 13
879 4956 16
1104 9680 12
1104 9680 16
1172 6608 13
1380 12100 12
2344 13216 16
2637 14868 14
2930 16520 14
138 1210 14
293 1652 12
293 1652 12
414 3630 16
586 3304 12
586 3304 12
586 3304 15
879 4956 15
879 4956 15
966 8470 12
1172 6608 12
1172 6608 14
1380 12100 14
1465 8260 12
2051 11564 14
2344 13216 13
2637 14868 13
2637 14868 15
2930 16520 12
2930 16520 13
138 1210 13
276 2420 14
293 1652 12
293 1652 13
293 1652 13
414 3630 12
414 3630 15
552 4840 14
828 7260 12
828 7260 14
966 8470 12
1104 9680 12
1104 9680 16
1172 6608 13
1172 6608 14
1380 12100 16
2344 13216 14
2637 14868 13
2637 14868 15
2930 16520 14
138 1210 14
414 3630 12
414 3630 13
414 3630 15
552 4840 16
586 3304 12
690 6050 14
828 7260 15
879 4956 15
966 8470 14
1380 12100 16
1465 8260 15
2051 11564 11
2344 13216 15
2344 13216 16
2637 14868 14
2930 16520 12
2930 16520 15
2930 16520 15
2930 16520 15
276 2420 16
293 1652 14
414 3630 14
690 6050 12
828 7260 12
828 7260 15
966 8470 11
1104 9680 15
1172 6608 14
1172 6608 14
1172 6608 15
1242 10890 14
1242 10890 16
1465 8260 16
2051 11564 15
2344 13216 11
2344 13216 14
2930 16520 11
2930 16520 12
2930 16520 14
138 1210 15
414 3630 12
552 4840 14
552 4840 16
586 3304 14
690 6050 14
828 7260 12
828 7260 13
879 4956 16
1172 6608 13
1242 10890 13
1242 10890 13
1242 10890 14
1242 10890 15
1380 12100 13
1380 12100 15
1465 8260 14
1758 9912 12
2344 13216 16
2637 14868 12
138 1210 16
293 1652 14
414 3630 12
414 3630 14
552 4840 14
586 3304 14
690 6050 12
690 6050 14
828 7260 14
879 4956 12
879 4956 13
1172 6608 15
1465 8260 14
2051 11564 14
2051 11564 14
2344 13216 12
2344 13216 15
2344 13216 15
2637 14868 14
2637 14868 15
276 2420 12
276 2420 12
293 1652 12
293 1652 15
414 3630 12
552 4840 16
828 7260 13
879 4956 15
1172 6608 14
1242 10890 14
1465 8260 12
1465 8260 13
1758 9912 14
1758 9912 15
2051 11564 13
2051 11564 13
2344 13216 13
2344 13216 13
2344 13216 16
2930 16520 16
414 3630 12
552 4840 12
690 6050 12
690 6050 15
828 7260 12
828 7260 14
828 7260 16
1104 9680 16
1172 6608 13
1172 6608 14
1172 6608 15
1242 10890 15
1380 12100 14
1380 12100 15
1465 8260 12
1758 9912 14
1758 9912 14
1758 9912 16
2344 13216 16
2637 14868 12
293 1652 13
414 3630 14
414 3630 14
552 4840 14
690 6050 12
828 7260 12
828 7260 12
1104 9680 14
1172 6608 15
1242 10890 14
1242 10890 14
1242 10890 15
1380 12100 16
1380 12100 16
1465 8260 12
1465 8260 16
1758 9912 13
2344 13216 15
2637 14868 14
2930 16520 16
293 1652 12
414 3630 11
690 6050 12
879 4956 13
879 4956 13
966 8470 16
1104 9680 13
1242 10890 14
1242 10890 14
1380 12100 12
1380 12100 15
1380 12100 15
1380 12100 16
1465 8260 14
1758 9912 15
2051 11564 11
2051 11564 11
2051 11564 13
2637 14868 14
2930 16520 15
138 1210 13
293 1652 15
586 3304 14
690 6050 12
690 6050 16
1172 6608 13
1172 6608 14
1242 10890 12
1242 10890 12
1242 10890 12
1242 10890 15
1242 10890 16
1380 12100 14
1758 9912 12
2051 11564 13
2637 14868 12
2930 16520 13
2930 16520 13
2930 16520 14
2930 16520 15
586 3304 12
690 6050 14
690 6050 15
828 7260 12
828 7260 14
966 8470 12
966 8470 14
966 8470 15
1104 9680 14
1104 9680 14
1104 9680 16
1172 6608 13
1172 6608 15
1380 12100 12
1380 12100 14
1380 12100 15
1380 12100 16
1465 8260 14
2051 11564 12
2051 11564 14
138 1210 13
138 1210 15
276 2420 16
293 1652 16
414 3630 12
414 3630 13
414 3630 14
414 3630 15
586 3304 16
879 4956 13
879 4956 14
879 4956 15
879 4956 15
879 4956 16
1104 9680 13
1465 8260 13
2637 14868 16
2930 16520 12
2930 16520 13
2930 16520 15
138 1210 13
138 1210 16
552 4840 13
552 4840 14
586 3304 12
690 6050 13
828 7260 13
1104 9680 15
1104 9680 16
1242 10890 15
1380 12100 14
1380 12100 16
1380 12100 16
1465 8260 16
1465 8260 16
1758 9912 14
2637 14868 14
2930 16520 13
2930 16520 14
2930 16520 15
138 1210 14
414 3630 14
552 4840 12
690 6050 14
690 6050 16
828 7260 14
879 4956 15
966 8470 12
966 8470 12
966 8470 13
1104 9680 15
1242 10890 13
1380 12100 14
1758 9912 12
2344 13216 13
2344 13216 16
2344 13216 16
2637 14868 14
2637 14868 15
2930 16520 13
138 1210 16
414 3630 16
552 4840 12
552 4840 12
586 3304 15
828 7260 13
828 7260 16
879 4956 14
966 8470 11
1104 9680 16
1242 10890 16
1380 12100 15
1465 8260 14
1758 9912 12
1758 9912 12
1758 9912 14
2344 13216 16
2637 14868 14
2637 14868 15
2930 16520 13
276 2420 14
414 3630 12
414 3630 15
552 4840 16
586 3304 12
586 3304 16
690 6050 15
966 8470 12
1242 10890 14
1242 10890 15
1242 10890 16
1465 8260 15
1465 8260 16
1465 8260 16
1758 9912 11
1758 9912 13
1758 9912 15
1758 9912 16
2051 11564 12
2344 13216 15
138 1210 12
138 1210 13
276 2420 12
276 2420 16
414 3630 12
552 4840 15
586 3304 12
690 6050 12
828 7260 14
879 4956 12
879 4956 13
966 8470 14
1104 9680 13
1172 6608 12
1242 10890 13
1380 12100 12
1380 12100 16
1465 8260 16
1758 9912 13
2637 14868 16
276 2420 16
414 3630 12
552 4840 14
690 6050 14
828 7260 12
828 7260 12
828 7260 15
879 4956 14
1104 9680 13
1172 6608 14
1172 6608 16
1242 10890 12
1242 10890 15
1242 10890 16
1380 12100 15
1380 12100 15
1758 9912 14
2051 11564 13
2930 16520 12
2930 16520 13
138 1210 16
276 2420 16
293 1652 12
414 3630 13
552 4840 14
552 4840 16
879 4956 15
879 4956 16
966 8470 11
1172 6608 14
1242 10890 16
1380 12100 16
1465 8260 11
1465 8260 12
1758 9912 12
2051 11564 12
2051 11564 14
2344 13216 12
2637 14868 12
2637 14868 15
276 2420 12
414 3630 15
552 4840 12
552 4840 12
552 4840 14
690 6050 13
828 7260 14
966 8470 12
1104 9680 12
1104 9680 15
1242 10890 16
1380 12100 11
1380 12100 14
1465 8260 12
1465 8260 12
1465 8260 15
1758 9912 14
2637 14868 13
2637 14868 15
2930 16520 13
276 2420 13
293 1652 15
414 3630 16
552 4840 12
690 6050 12
690 6050 13
828 7260 14
879 4956 13
1104 9680 13
1104 9680 14
1242 10890 12
1242 10890 12
1242 10890 14
1758 9912 12
2051 11564 12
2344 13216 12
2344 13216 14
2637 14868 12
2637 14868 15
2930 16520 13
138 1210 14
138 1210 14
138 1210 16
276 2420 14
276 2420 15
414 3630 16
586 3304 14
879 4956 14
879 4956 16
966 8470 14
1104 9680 14
1380 12100 13
1465 8260 15
2051 11564 13
2344 13216 12
2344 13216 15
2637 14868 13
2637 14868 15
2637 14868 15
2930 16520 16
138 1210 12
138 1210 14
414 3630 15
552 4840 13
586 3304 15
586 3304 16
690 6050 16
828 7260 15
879 4956 15
966 8470 15
1172 6608 11
1172 6608 12
1172 6608 14
1172 6608 14
1380 12100 14
1465 8260 15
2051 11564 12
2051 11564 12
2344 13216 12
2344 13216 13
293 1652 15
414 3630 14
552 4840 12
552 4840 16
828 7260 16
879 4956 16
879 4956 16
1172 6608 14
1172 6608 16
1242 10890 14
1380 12100 13
1380 12100 13
1380 12100 13
1380 12100 13
1465 8260 15
1758 9912 14
1758 9912 16
2051 11564 12
2637 14868 15
2930 16520 12
276 2420 13
414 3630 12
414 3630 13
414 3630 16
690 6050 14
879 4956 15
879 4956 15
966 8470 16
1104 9680 13
1172 6608 16
1242 10890 13
1465 8260 16
1758 9912 12
1758 9912 14
2051 11564 11
2344 13216 15
2637 14868 15
2637 14868 16
2930 16520 14
2930 16520 15
293 1652 12
293 1652 15
586 3304 14
690 6050 15
828 7260 14
828 7260 15
966 8470 13
966 8470 16
1104 9680 14
1104 9680 14
1172 6608 13
1172 6608 15
1380 12100 12
1380 12100 14
1380 12100 16
1465 8260 15
1758 9912 12
2637 14868 13
2637 14868 15
2930 16520 12
138 1210 15
276 2420 13
276 2420 15
293 1652 15
293 1652 15
293 1652 16
414 3630 15
552 4840 12
552 4840 13
586 3304 12
879 4956 12
879 4956 13
879 4956 16
1242 10890 13
1242 10890 14
1242 10890 16
1380 12100 14
2344 13216 11
2344 13216 14
2637 14868 16
276 2420 15
293 1652 14
414 3630 13
552 4840 12
690 6050 12
690 6050 14
828 7260 12
879 4956 13
1104 9680 15
1104 9680 15
1104 9680 16
1242 10890 12
1380 12100 15
1380 12100 16
1465 8260 11
1465 8260 15
2344 13216 15
2344 13216 15
2637 14868 13
2637 14868 14
138 1210 14
276 2420 15
293 1652 14
293 1652 15
414 3630 12
552 4840 16
586 3304 12
690 6050 14
690 6050 16
828 7260 14
1104 9680 13
1104 9680 16
1242 10890 13
1465 8260 15
1465 8260 16
2051 11564 12
2051 11564 14
2637 14868 16
2930 16520 12
2930 16520 15
138 1210 14
276 2420 13
276 2420 15
293 1652 14
293 1652 16
414 3630 13
552 4840 13
690 6050 16
879 4956 14
879 4956 15
879 4956 15
966 8470 12
966 8470 16
1104 9680 16
1172 6608 16
1380 12100 15
2344 13216 13
2344 13216 15
2344 13216 16
2637 14868 13
276 2420 13
276 2420 15
293 1652 12
293 1652 13
552 4840 12
828 7260 12
828 7260 16
879 4956 14
1242 10890 12
1242 10890 13
1242 10890 14
1242 10890 14
1380 12100 12
1380 12100 12
1465 8260 15
1465 8260 16
1465 8260 16
2637 14868 12
2930 16520 14
2930 16520 16
138 1210 15
586 3304 12
586 3304 14
690 6050 13
690 6050 15
828 7260 13
828 7260 14
879 4956 15
1242 10890 12
1465 8260 12
1465 8260 14
1758 9912 13
1758 9912 14
2051 11564 12
2051 11564 13
2051 11564 14
2051 11564 15
2930 16520 14
2930 16520 15
2930 16520 15
276 2420 12
276 2420 13
552 4840 11
690 6050 12
690 6050 15
879 4956 13
879 4956 14
879 4956 15
966 8470 11
966 8470 14
1172 6608 11
1172 6608 13
1380 12100 13
1465 8260 12
1465 8260 15
1758 9912 12
1758 9912 15
2051 11564 12
2344 13216 14
2344 13216 14
276 2420 12
276 2420 13
293 1652 12
293 1652 14
414 3630 11
879 4956 14
879 4956 14
879 4956 14
1104 9680 12
1172 6608 13
1380 12100 12
1380 12100 13
1380 12100 15
1380 12100 15
1758 9912 12
2051 11564 13
2051 11564 16
2930 16520 13
2930 16520 15
2930 16520 16
138 1210 15
276 2420 13
293 1652 12
293 1652 14
586 3304 13
690 6050 15
690 6050 15
879 4956 16
879 4956 16
966 8470 14
1172 6608 12
1242 10890 12
1242 10890 14
1380 12100 14
2051 11564 13
2051 11564 14
2051 11564 16
2344 13216 13
2930 16520 13
2930 16520 14
138 1210 12
138 1210 13
276 2420 16
293 1652 14
414 3630 12
414 3630 14
552 4840 16
690 6050 12
828 7260 12
828 7260 13
966 8470 13
1104 9680 13
1104 9680 16
1465 8260 13
1758 9912 14
1758 9912 15
2051 11564 15
2051 11564 16
2930 16520 12
2930 16520 14
276 2420 12
276 2420 14
293 1652 12
552 4840 14
586 3304 15
690 6050 12
690 6050 14
828 7260 14
828 7260 14
828 7260 16
879 4956 13
966 8470 14
1172 6608 12
1172 6608 14
1465 8260 13
2344 13216 14
2344 13216 15
2637 14868 12
2637 14868 12
2637 14868 13
138 1210 13
138 1210 14
138 1210 15
138 1210 16
293 1652 12
293 1652 16
414 3630 13
552 4840 14
552 4840 16
690 6050 12
966 8470 12
966 8470 15
1104 9680 15
1242 10890 13
1242 10890 14
1242 10890 15
1758 9912 12
1758 9912 16
1758 9912 16
2344 13216 13
414 3630 12
552 4840 14
586 3304 15
690 6050 12
690 6050 16
828 7260 13
966 8470 14
1172 6608 13
1172 6608 14
1172 6608 15
1172 6608 15
1242 10890 13
1380 12100 15
1380 12100 15
2051 11564 16
2344 13216 11
2344 13216 12
2344 13216 15
2930 16520 12
2930 16520 15
138 1210 15
276 2420 12
276 2420 13
414 3630 15
414 3630 15
552 4840 16
586 3304 12
690 6050 14
879 4956 12
879 4956 14
966 8470 13
1172 6608 16
1380 12100 14
1465 8260 11
1758 9912 12
1758 9912 13
2344 13216 14
2344 13216 14
2344 13216 15
2637 14868 16
138 1210 14
293 1652 13
293 1652 14
293 1652 15
414 3630 12
414 3630 14
552 4840 15
828 7260 13
879 4956 13
879 4956 14
879 4956 16
1242 10890 14
1242 10890 16
1380 12100 12
2051 11564 14
2344 13216 12
2344 13216 14
2637 14868 13
2637 14868 13
2930 16520 14
138 1210 14
138 1210 15
276 2420 14
293 1652 14
414 3630 14
414 3630 15
414 3630 16
552 4840 15
690 6050 11
690 6050 16
828 7260 11
879 4956 12
1380 12100 16
1465 8260 12
1465 8260 16
1758 9912 12
1758 9912 15
2344 13216 12
2637 14868 14
2930 16520 14
138 1210 16
276 2420 14
276 2420 15
293 1652 13
293 1652 15
552 4840 12
828 7260 15
966 8470 14
966 8470 16
1104 9680 14
1104 9680 14
1104 9680 15
1104 9680 15
1104 9680 15
1380 12100 12
2051 11564 12
2051 11564 13
2344 13216 12
2344 13216 12
2930 16520 15
138 1210 14
138 1210 14
276 2420 12
276 2420 15
293 1652 12
414 3630 12
414 3630 14
414 3630 15
414 3630 15
586 3304 12
966 8470 13
966 8470 14
966 8470 16
1172 6608 15
1465 8260 12
1465 8260 15
1465 8260 15
2344 13216 12
2344 13216 12
2344 13216 14
276 2420 16
293 1652 13
293 1652 13
293 1652 14
552 4840 12
690 6050 14
966 8470 15
966 8470 15
966 8470 16
1242 10890 12
1242 10890 14
1380 12100 13
1380 12100 13
1465 8260 12
2344 13216 12
2344 13216 12
2637 14868 12
2637 14868 14
2930 16520 12
2930 16520 13
138 1210 13
138 1210 16
276 2420 12
276 2420 16
293 1652 11
414 3630 14
414 3630 15
414 3630 15
552 4840 12
552 4840 14
586 3304 16
586 3304 16
690 6050 14
828 7260 12
966 8470 12
1242 10890 13
1242 10890 15
1380 12100 15
1758 9912 14
2344 13216 16
276 2420 13
276 2420 15
293 1652 16
414 3630 16
552 4840 16
586 3304 13
828 7260 13
828 7260 16
1104 9680 13
1465 8260 13
1465 8260 14
1465 8260 14
1758 9912 12
2344 13216 13
2637 14868 12
2637 14868 13
2637 14868 14
2637 14868 14
2930 16520 13
2930 16520 16
276 2420 13
586 3304 12
586 3304 12
690 6050 13
690 6050 13
828 7260 13
828 7260 16
1172 6608 12
1242 10890 14
1380 12100 13
1380 12100 14
1380 12100 15
1465 8260 14
1465 8260 16
2051 11564 13
2051 11564 14
2051 11564 14
2344 13216 13
2637 14868 15
2930 16520 14
138 1210 14
138 1210 15
414 3630 15
552 4840 15
552 4840 16
690 6050 12
690 6050 14
828 7260 12
879 4956 14
966 8470 12
966 8470 16
1104 9680 16
1380 12100 13
2051 11564 13
2051 11564 13
2051 11564 14
2051 11564 15
2637 14868 13
2930 16520 14
2930 16520 14
138 1210 14
293 1652 14
293 1652 14
293 1652 15
414 3630 15
586 3304 12
690 6050 15
828 7260 12
966 8470 13
1104 9680 13
1104 9680 16
1172 6608 13
1242 10890 14
1380 12100 12
1380 12100 12
1380 12100 12
1758 9912 15
2344 13216 13
2930 16520 15
2930 16520 15
138 1210 13
293 1652 12
293 1652 14
586 3304 12
586 3304 16
690 6050 12
828 7260 16
966 8470 13
966 8470 14
1172 6608 16
1242 10890 12
1380 12100 13
1465 8260 15
2051 11564 15
2051 11564 15
2344 13216 14
2344 13216 15
2637 14868 16
2930 16520 12
2930 16520 15
138 1210 15
276 2420 12
276 2420 14
293 1652 12
293 1652 14
293 1652 15
293 1652 15
293 1652 15
293 1652 16
293 1652 16
552 4840 14
586 3304 12
879 4956 12
966 8470 13
1242 10890 12
1380 12100 13
2344 13216 12
2344 13216 15
2637 14868 13
2930 16520 12
276 2420 12
276 2420 13
276 2420 13
293 1652 15
414 3630 12
552 4840 16
586 3304 16
828 7260 13
879 4956 12
879 4956 13
879 4956 14
1172 6608 12
1242 10890 15
1242 10890 16
1380 12100 13
2051 11564 14
2051 11564 14
2637 14868 12
2637 14868 16
2930 16520 13
293 1652 13
293 1652 14
293 1652 16
414 3630 12
586 3304 15
586 3304 16
828 7260 12
828 7260 12
828 7260 16
879 4956 12
966 8470 16
1104 9680 12
1172 6608 12
1172 6608 13
1380 12100 14
1380 12100 15
1465 8260 13
1758 9912 12
2637 14868 13
2930 16520 13
138 1210 12
276 2420 15
276 2420 16
293 1652 12
293 1652 13
414 3630 15
586 3304 16
690 6050 14
828 7260 12
828 7260 15
828 7260 16
1104 9680 13
1380 12100 12
1380 12100 16
1465 8260 12
1465 8260 13
1758 9912 14
2051 11564 12
2344 13216 12
2930 16520 14
138 1210 16
276 2420 15
293 1652 12
293 1652 13
293 1652 16
586 3304 13
586 3304 13
690 6050 11
690 6050 14
690 6050 15
879 4956 15
966 8470 12
966 8470 13
1104 9680 12
1104 9680 13
1758 9912 12
2051 11564 13
2051 11564 14
2637 14868 12
2930 16520 15
276 2420 15
276 2420 15
293 1652 12
552 4840 13
552 4840 14
828 7260 12
966 8470 12
966 8470 16
1242 10890 15
1380 12100 15
1465 8260 13
1465 8260 16
1758 9912 11
1758 9912 14
1758 9912 16
2051 11564 15
2344 13216 16
2637 14868 16
2930 16520 14
2930 16520 15
138 1210 16
276 2420 12
276 2420 14
293 1652 16
414 3630 13
414 3630 14
586 3304 12
586 3304 14
690 6050 12
828 7260 14
879 4956 14
879 4956 16
1172 6608 13
1172 6608 15
1242 10890 12
1242 10890 15
1380 12100 12
1380 12100 13
2344 13216 13
2344 13216 15
138 1210 13
276 2420 12
293 1652 14
552 4840 15
552 4840 16
586 3304 13
586 3304 14
586 3304 14
690 6050 15
690 6050 16
828 7260 14
879 4956 12
966 8470 12
966 8470 14
1104 9680 14
1172 6608 13
1172 6608 14
1380 12100 16
1758 9912 13
1758 9912 16
276 2420 14
293 1652 14
293 1652 16
414 3630 16
586 3304 14
586 3304 16
828 7260 13
828 7260 14
828 7260 16
879 4956 12
966 8470 12
966 8470 12
1104 9680 15
1172 6608 13
1172 6608 13
1380 12100 16
1465 8260 13
1758 9912 12
1758 9912 16
2344 13216 12
276 2420 13
276 2420 14
293 1652 12
414 3630 14
690 6050 15
828 7260 12
879 4956 14
879 4956 15
966 8470 13
966 8470 14
966 8470 14
966 8470 16
1104 9680 14
1104 9680 14
1172 6608 13
1242 10890 13
1465 8260 12
1465 8260 13
2344 13216 15
2637 14868 15
414 3630 13
414 3630 16
552 4840 14
586 3304 16
828 7260 13
828 7260 15
828 7260 16
1172 6608 12
1172 6608 15
1172 6608 15
1758 9912 14
1758 9912 14
2051 11564 11
2051 11564 13
2051 11564 13
2051 11564 13
2051 11564 14
2344 13216 13
2637 14868 12
2637 14868 13
552 4840 11
586 3304 12
586 3304 13
586 3304 14
690 6050 12
966 8470 14
966 8470 16
1104 9680 12
1104 9680 15
1172 6608 13
1172 6608 14
1172 6608 15
1242 10890 12
1242 10890 14
1242 10890 16
2051 11564 14
2344 13216 14
2637 14868 11
2637 14868 13
2930 16520 15
138 1210 12
414 3630 15
414 3630 16
552 4840 14
552 4840 16
586 3304 13
828 7260 13
966 8470 16
1104 9680 12
1172 6608 14
1242 10890 12
1380 12100 12
1380 12100 16
1465 8260 12
1465 8260 12
2051 11564 13
2051 11564 14
2051 11564 14
2637 14868 15
2637 14868 15
138 1210 11
138 1210 12
138 1210 14
293 1652 13
293 1652 14
414 3630 14
414 3630 14
690 6050 12
690 6050 12
690 6050 13
690 6050 13
690 6050 13
690 6050 16
690 6050 16
828 7260 13
879 4956 15
1172 6608 12
1758 9912 15
1758 9912 16
2930 16520 15
276 2420 12
414 3630 12
414 3630 14
552 4840 13
552 4840 15
586 3304 15
690 6050 13
828 7260 12
879 4956 13
879 4956 15
966 8470 14
966 8470 15
1104 9680 12
1104 9680 12
1104 9680 14
1172 6608 15
1242 10890 16
1380 12100 12
2051 11564 16
2344 13216 13
276 2420 12
276 2420 14
276 2420 15
414 3630 12
414 3630 13
552 4840 12
586 3304 12
586 3304 13
586 3304 14
690 6050 16
879 4956 14
1104 9680 12
1104 9680 12
1242 10890 12
1242 10890 15
1380 12100 16
1758 9912 15
2344 13216 13
2637 14868 14
2930 16520 12
276 2420 13
586 3304 12
690 6050 15
690 6050 16
879 4956 13
879 4956 14
966 8470 12
1172 6608 12
1172 6608 12
1242 10890 12
1242 10890 13
1380 12100 14
1380 12100 15
1465 8260 12
1758 9912 12
1758 9912 15
1758 9912 16
2344 13216 15
2344 13216 15
2930 16520 12
293 1652 16
414 3630 15
552 4840 13
586 3304 12
586 3304 13
586 3304 15
690 6050 16
828 7260 14
828 7260 15
879 4956 12
966 8470 13
1104 9680 12
1104 9680 12
1104 9680 13
1104 9680 15
1242 10890 14
1758 9912 15
2344 13216 13
2930 16520 12
2930 16520 15
138 1210 14
414 3630 12
414 3630 15
414 3630 16
828 7260 15
966 8470 14
1242 10890 11
1242 10890 11
1242 10890 15
1380 12100 13
1380 12100 14
1380 12100 15
1465 8260 12
1758 9912 13
1758 9912 14
1758 9912 14
2051 11564 12
2051 11564 13
2344 13216 13
2344 13216 15
276 2420 12
293 1652 14
293 1652 16
414 3630 13
690 6050 13
690 6050 13
828 7260 14
828 7260 15
879 4956 12
966 8470 12
966 8470 15
966 8470 15
1172 6608 13
1242 10890 16
1380 12100 13
1465 8260 14
2051 11564 14
2344 13216 12
2637 14868 13
2930 16520 15
138 1210 14
138 1210 14
276 2420 16
293 1652 14
414 3630 14
552 4840 14
552 4840 16
828 7260 15
879 4956 12
966 8470 15
966 8470 15
1104 9680 14
1172 6608 15
1242 10890 16
1380 12100 14
1465 8260 14
1758 9912 12
1758 9912 16
2344 13216 15
2930 16520 16
138 1210 12
293 1652 14
293 1652 15
414 3630 15
552 4840 12
552 4840 12
586 3304 13
586 3304 16
828 7260 12
828 7260 12
879 4956 15
879 4956 16
966 8470 12
1104 9680 12
1104 9680 15
1172 6608 14
1380 12100 14
1465 8260 15
1465 8260 16
2637 14868 12
276 2420 12
276 2420 12
276 2420 13
293 1652 15
293 1652 16
414 3630 13
414 3630 14
552 4840 14
586 3304 12
690 6050 15
879 4956 13
966 8470 15
1242 10890 12
1242 10890 15
1465 8260 11
1465 8260 16
2051 11564 12
2051 11564 15
2344 13216 16
2637 14868 15
276 2420 12
276 2420 15
414 3630 13
414 3630 16
586 3304 13
586 3304 14
690 6050 12
690 6050 12
690 6050 14
966 8470 13
1104 9680 15
1172 6608 16
1242 10890 14
1758 9912 12
1758 9912 13
2051 11564 13
2344 13216 15
2637 14868 12
2930 16520 13
2930 16520 13
276 2420 14
414 3630 16
414 3630 16
552 4840 12
552 4840 14
586 3304 16
828 7260 14
879 4956 13
879 4956 13
1172 6608 14
1172 6608 16
1242 10890 14
1242 10890 15
1380 12100 15
1758 9912 13
2637 14868 12
2637 14868 13
2637 14868 16
2930 16520 13
2930 16520 15
138 1210 14
276 2420 16
293 1652 12
552 4840 15
586 3304 14
690 6050 12
879 4956 12
879 4956 16
966 8470 16
1104 9680 13
1172 6608 12
1172 6608 14
1172 6608 15
1465 8260 14
1465 8260 16
1758 9912 13
1758 9912 14
2344 13216 11
2344 13216 14
2637 14868 14
138 1210 15
293 1652 12
552 4840 15
586 3304 16
690 6050 12
828 7260 16
879 4956 13
1172 6608 12
1172 6608 14
1172 6608 15
1242 10890 12
1242 10890 14
1380 12100 14
1465 8260 12
1465 8260 13
1758 9912 16
2051 11564 12
2344 13216 11
2344 13216 13
2637 14868 13
138 1210 16
276 2420 15
276 2420 15
293 1652 16
414 3630 14
414 3630 15
414 3630 16
414 3630 16
690 6050 12
690 6050 13
690 6050 13
690 6050 16
690 6050 16
1172 6608 15
1242 10890 14
1242 10890 15
1758 9912 16
2637 14868 12
2637 14868 13
2637 14868 16
138 1210 12
276 2420 16
414 3630 14
586 3304 12
586 3304 13
1104 9680 12
1104 9680 12
1172 6608 12
1242 10890 11
1242 10890 16
1380 12100 13
1465 8260 13
1465 8260 16
1758 9912 14
1758 9912 14
2051 11564 12
2051 11564 16
2344 13216 13
2637 14868 14
2930 16520 15
138 1210 11
138 1210 13
414 3630 12
414 3630 14
552 4840 16
586 3304 12
586 3304 14
690 6050 12
966 8470 14
1104 9680 12
1104 9680 14
1172 6608 15
1242 10890 13
1380 12100 12
1465 8260 13
2344 13216 12
2344 13216 16
2637 14868 14
2637 14868 15
2930 16520 13
138 1210 14
138 1210 16
276 2420 14
293 1652 13
414 3630 11
414 3630 13
552 4840 14
586 3304 13
828 7260 11
966 8470 15
1104 9680 13
1242 10890 13
1242 10890 13
1242 10890 14
1380 12100 15
1758 9912 12
1758 9912 13
2344 13216 13
2930 16520 13
2930 16520 14
138 1210 12
138 1210 13
414 3630 15
414 3630 16
586 3304 15
586 3304 15
690 6050 12
828 7260 12
879 4956 13
879 4956 16
966 8470 15
1104 9680 13
1172 6608 14
1172 6608 16
1465 8260 14
1465 8260 16
1758 9912 14
2344 13216 13
2344 13216 15
2637 14868 13
138 1210 14
138 1210 16
276 2420 15
276 2420 16
293 1652 13
293 1652 15
293 1652 16
293 1652 16
414 3630 13
828 7260 12
1104 9680 12
1104 9680 13
1172 6608 15
1242 10890 13
1242 10890 16
1380 12100 16
1465 8260 14
1758 9912 15
2344 13216 12
2344 13216 15
138 1210 12
276 2420 11
293 1652 13
293 1652 15
414 3630 13
414 3630 13
414 3630 16
552 4840 14
586 3304 16
690 6050 12
879 4956 13
966 8470 12
1104 9680 15
1104 9680 15
1172 6608 15
1242 10890 16
1380 12100 12
2051 11564 15
2930 16520 16
2930 16520 16
414 3630 13
690 6050 14
828 7260 12
828 7260 14
879 4956 13
966 8470 14
966 8470 15
1104 9680 15
1104 9680 15
1104 9680 16
1172 6608 13
1242 10890 13
1380 12100 12
1465 8260 14
2051 11564 14
2637 14868 13
2637 14868 14
2637 14868 14
2637 14868 15
2930 16520 14
138 1210 12
138 1210 14
276 2420 16
293 1652 12
293 1652 14
293 1652 14
414 3630 12
586 3304 13
586 3304 13
690 6050 14
879 4956 12
966 8470 13
966 8470 15
1104 9680 13
1172 6608 15
1242 10890 13
1465 8260 12
2344 13216 14
2930 16520 12
2930 16520 13
138 1210 13
138 1210 14
138 1210 15
276 2420 12
414 3630 16
552 4840 13
552 4840 14
690 6050 16
879 4956 15
966 8470 13
966 8470 16
1104 9680 14
1242 10890 16
1380 12100 16
1465 8260 12
1758 9912 12
1758 9912 13
2051 11564 14
2344 13216 14
2637 14868 12
276 2420 14
276 2420 15
276 2420 16
276 2420 16
293 1652 15
552 4840 13
552 4840 14
586 3304 12
586 3304 13
586 3304 14
586 3304 15
690 6050 11
690 6050 13
690 6050 14
1104 9680 15
1242 10890 15
1380 12100 12
1465 8260 13
2344 13216 13
2930 16520 14
414 3630 14
414 3630 15
414 3630 15
552 4840 12
552 4840 14
828 7260 12
828 7260 13
1104 9680 13
1104 9680 16
1172 6608 15
1380 12100 14
1758 9912 12
2051 11564 13
2051 11564 14
2344 13216 14
2637 14868 12
2637 14868 12
2637 14868 14
2637 14868 15
2930 16520 16
138 1210 15
276 2420 13
414 3630 12
552 4840 13
586 3304 12
828 7260 13
828 7260 16
879 4956 12
879 4956 14
879 4956 14
879 4956 16
879 4956 16
966 8470 12
966 8470 13
1242 10890 14
1380 12100 14
2344 13216 15
2344 13216 15
2930 16520 12
2930 16520 14
138 1210 12
138 1210 14
293 1652 14
552 4840 14
586 3304 12
586 3304 12
586 3304 13
586 3304 13
586 3304 13
586 3304 13
879 4956 15
966 8470 13
1172 6608 16
1380 12100 14
1380 12100 15
1465 8260 14
1758 9912 12
1758 9912 14
2051 11564 14
2637 14868 12
138 1210 12
293 1652 12
293 1652 16
414 3630 15
552 4840 13
828 7260 14
879 4956 16
966 8470 15
1104 9680 15
1242 10890 12
1242 10890 12
1242 10890 13
1465 8260 12
1465 8260 12
1465 8260 14
2051 11564 14
2344 13216 11
2344 13216 12
2344 13216 15
2637 14868 12
138 1210 12
276 2420 12
276 2420 14
276 2420 14
552 4840 12
586 3304 12
586 3304 13
586 3304 14
828 7260 12
879 4956 12
879 4956 14
966 8470 14
1104 9680 13
1104 9680 15
1172 6608 13
1172 6608 15
1758 9912 12
2051 11564 12
2051 11564 12
2930 16520 12
138 1210 14
276 2420 14
586 3304 12
586 3304 13
828 7260 13
828 7260 13
828 7260 15
879 4956 16
966 8470 12
1104 9680 13
1104 9680 13
1172 6608 16
1380 12100 13
1380 12100 13
1758 9912 15
2344 13216 15
2344 13216 15
2344 13216 16
2637 14868 13
2637 14868 16
293 1652 12
293 1652 12
293 1652 15
414 3630 14
552 4840 12
586 3304 12
586 3304 15
690 6050 12
879 4956 12
879 4956 15
1104 9680 15
1172 6608 12
1172 6608 15
1242 10890 11
1465 8260 14
1758 9912 14
2344 13216 12
2344 13216 14
2344 13216 15
2344 13216 15
138 1210 12
138 1210 15
293 1652 15
828 7260 14
879 4956 12
879 4956 14
966 8470 12
966 8470 12
966 8470 15
966 8470 15
1104 9680 13
1172 6608 13
1242 10890 13
1242 10890 15
1465 8260 14
1465 8260 15
2637 14868 16
2637 14868 16
2930 16520 12
2930 16520 16
138 1210 12
138 1210 13
276 2420 14
276 2420 16
414 3630 15
552 4840 13
586 3304 12
586 3304 12
586 3304 15
690 6050 12
966 8470 14
966 8470 14
966 8470 14
1242 10890 16
1465 8260 12
1758 9912 13
1758 9912 14
2344 13216 16
2930 16520 12
2930 16520 16
