1000 20 1992488
50 90 200
50 90 171
50 149 157
50 150 214
50 105 190
50 53 241
50 144 155
50 59 177
50 64 179
50 100 155
50 66 176
50 96 150
50 84 238
50 55 189
50 51 195
50 144 235
50 113 246
50 115 152
50 50 163
50 89 164
1434 756 4
1434 756 4
1973 584 4
2868 1512 5
2868 1512 6
3946 1168 5
3946 1168 5
3946 1168 5
3946 1168 5
4302 2268 5
4302 2268 5
4302 2268 6
4302 2268 6
4302 2268 6
5736 3024 4
5919 1752 4
5919 1752 6
7892 2336 5
7892 2336 5
7892 2336 6
8604 4536 4
8604 4536 4
8604 4536 4
8604 4536 6
9865 2920 5
9865 2920 6
10038 5292 4
10038 5292 5
10038 5292 6
11472 6048 4
11472 6048 5
11472 6048 6
11472 6048 6
11838 3504 4
11838 3504 4
11838 3504 5
11838 3504 5
12906 6804 5
13811 4088 5
14340 7560 4
14340 7560 5
14340 7560 6
14340 7560 6
15784 4672 5
15784 4672 5
17757 5256 5
17757 5256 6
19730 5840 4
19730 5840 5
19730 5840 5
1434 756 6
2868 1512 6
3946 1168 5
3946 1168 5
3946 1168 5
3946 1168 6
4302 2268 4
4302 2268 4
4302 2268 5
4302 2268 5
4302 2268 6
5736 3024 4
5736 3024 4
5736 3024 5
5736 3024 6
5919 1752 4
7170 3780 4
7170 3780 5
7170 3780 5
7170 3780 5
7892 2336 5
7892 2336 6
7892 2336 6
8604 4536 6
8604 4536 6
9865 2920 5
10038 5292 4
10038 5292 5
10038 5292 5
10038 5292 6
10038 5292 6
11472 6048 4
11472 6048 4
11472 6048 6
11838 3504 5
11838 3504 5
12906 6804 5
12906 6804 5
12906 6804 5
13811 4088 5
13811 4088 6
14340 7560 5
15784 4672 5
17757 5256 5
17757 5256 5
19730 5840 4
19730 5840 5
19730 5840 5
19730 5840 5
19730 5840 6
1973 584 6
2868 1512 4
2868 1512 5
3946 1168 4
3946 1168 5
3946 1168 5
3946 1168 6
3946 1168 6
4302 2268 5
4302 2268 5
5736 3024 6
5736 3024 6
5736 3024 6
5919 1752 5
5919 1752 5
5919 1752 6
7170 3780 5
7170 3780 5
7170 3780 6
7892 2336 4
7892 2336 5
7892 2336 6
8604 4536 5
8604 4536 5
8604 4536 6
9865 2920 5
9865 2920 5
9865 2920 5
9865 2920 6
10038 5292 5
10038 5292 6
11472 6048 4
11472 6048 6
11472 6048 6
11838 3504 5
11838 3504 5
11838 3504 6
12906 6804 6
13811 4088 4
13811 4088 5
14340 7560 4
14340 7560 5
14340 7560 5
14340 7560 5
15784 4672 5
15784 4672 5
17757 5256 5
17757 5256 6
19730 5840 5
19730 5840 5
1434 756 4
1434 756 5
1973 584 4
1973 584 4
1973 584 4
1973 584 5
1973 584 5
1973 584 6
2868 1512 5
2868 1512 6
2868 1512 6
3946 1168 4
3946 1168 5
3946 1168 5
3946 1168 5
4302 2268 4
4302 2268 4
5736 3024 6
5736 3024 6
7170 3780 4
7170 3780 5
7170 3780 6
7892 2336 4
8604 4536 5
8604 4536 5
8604 4536 5
8604 4536 6
9865 2920 6
9865 2920 6
10038 5292 5
10038 5292 5
10038 5292 6
10038 5292 6
11472 6048 6
11472 6048 6
11472 6048 6
11838 3504 5
11838 3504 6
12906 6804 4
12906 6804 4
13811 4088 5
13811 4088 6
14340 7560 5
15784 4672 6
15784 4672 6
17757 5256 5
17757 5256 6
19730 5840 4
19730 5840 4
19730 5840 5
1434 756 5
1434 756 6
1434 756 6
1973 584 6
1973 584 6
2868 1512 6
3946 1168 4
3946 1168 4
4302 2268 4
4302 2268 6
4302 2268 6
5736 3024 5
5736 3024 5
5736 3024 6
5736 3024 6
5919 1752 5
5919 1752 6
7170 3780 5
7892 2336 5
7892 2336 5
8604 4536 4
8604 4536 5
9865 2920 4
9865 2920 5
9865 2920 6
9865 2920 6
9865 2920 6
10038 5292 4
10038 5292 4
10038 5292 5
10038 5292 5
11838 3504 5
11838 3504 5
11838 3504 6
12906 6804 6
13811 4088 5
13811 4088 5
13811 4088 6
14340 7560 5
15784 4672 4
15784 4672 5
15784 4672 6
15784 4672 6
17757 5256 5
17757 5256 6
17757 5256 6
17757 5256 6
19730 5840 5
19730 5840 5
19730 5840 5
1434 756 5
1434 756 5
1973 584 5
1973 584 5
2868 1512 5
2868 1512 5
3946 1168 5
3946 1168 5
3946 1168 6
4302 2268 4
4302 2268 5
4302 2268 6
5736 3024 5
5736 3024 5
5919 1752 6
7170 3780 5
7170 3780 5
7170 3780 6
7170 3780 6
7892 2336 5
8604 4536 5
8604 4536 6
8604 4536 6
10038 5292 5
10038 5292 6
11472 6048 5
11472 6048 5
11838 3504 4
11838 3504 5
12906 6804 4
12906 6804 4
12906 6804 5
12906 6804 5
13811 4088 4
13811 4088 5
13811 4088 6
14340 7560 4
14340 7560 4
14340 7560 5
14340 7560 5
14340 7560 6
15784 4672 5
15784 4672 5
17757 5256 5
17757 5256 5
17757 5256 5
17757 5256 6
17757 5256 6
19730 5840 5
19730 5840 6
1434 756 5
1434 756 5
1434 756 6
2868 1512 4
2868 1512 5
2868 1512 6
2868 1512 6
3946 1168 4
3946 1168 5
3946 1168 6
4302 2268 5
5736 3024 4
5736 3024 5
5736 3024 5
5736 3024 5
5736 3024 6
5736 3024 6
5919 1752 4
5919 1752 6
7170 3780 5
7892 2336 5
7892 2336 5
7892 2336 6
7892 2336 6
8604 4536 5
8604 4536 5
9865 2920 5
9865 2920 6
10038 5292 6
10038 5292 6
11472 6048 5
11472 6048 5
11472 6048 6
11838 3504 4
12906 6804 4
12906 6804 5
12906 6804 5
13811 4088 6
13811 4088 6
14340 7560 5
14340 7560 5
15784 4672 6
17757 5256 5
17757 5256 5
17757 5256 5
17757 5256 6
17757 5256 6
19730 5840 5
19730 5840 6
19730 5840 6
1434 756 5
1434 756 5
1973 584 4
2868 1512 4
2868 1512 5
2868 1512 5
2868 1512 5
3946 1168 4
3946 1168 5
3946 1168 5
3946 1168 5
5736 3024 5
5736 3024 5
5736 3024 5
5919 1752 4
5919 1752 4
5919 1752 5
5919 1752 6
7170 3780 4
7170 3780 5
7170 3780 5
7170 3780 6
7892 2336 6
7892 2336 6
8604 4536 5
9865 2920 5
9865 2920 5
9865 2920 5
11472 6048 5
11472 6048 5
11472 6048 6
11838 3504 5
11838 3504 6
12906 6804 5
12906 6804 6
12906 6804 6
13811 4088 5
13811 4088 6
13811 4088 6
14340 7560 4
14340 7560 5
14340 7560 5
14340 7560 5
14340 7560 6
14340 7560 6
15784 4672 5
15784 4672 5
15784 4672 6
17757 5256 4
17757 5256 4
1434 756 5
1973 584 4
1973 584 5
1973 584 5
1973 584 6
1973 584 6
2868 1512 4
2868 1512 5
3946 1168 4
3946 1168 4
3946 1168 4
3946 1168 5
3946 1168 6
4302 2268 5
4302 2268 6
5736 3024 6
5736 3024 6
5919 1752 5
5919 1752 5
5919 1752 6
5919 1752 6
7170 3780 4
7170 3780 5
7170 3780 6
7892 2336 5
7892 2336 6
8604 4536 4
8604 4536 5
9865 2920 4
9865 2920 6
10038 5292 5
10038 5292 5
10038 5292 6
10038 5292 6
11472 6048 5
11838 3504 5
11838 3504 5
11838 3504 6
12906 6804 4
12906 6804 4
12906 6804 5
14340 7560 4
14340 7560 6
14340 7560 6
14340 7560 6
15784 4672 4
15784 4672 5
17757 5256 5
19730 5840 4
19730 5840 5
1434 756 4
1434 756 5
1434 756 5
1434 756 5
1434 756 5
1973 584 5
1973 584 5
1973 584 5
1973 584 5
1973 584 5
2868 1512 5
3946 1168 4
4302 2268 4
5736 3024 4
5736 3024 5
5736 3024 5
5736 3024 6
5736 3024 6
5919 1752 4
5919 1752 4
5919 1752 5
7170 3780 5
7170 3780 6
7892 2336 4
7892 2336 5
7892 2336 5
8604 4536 5
8604 4536 5
8604 4536 6
8604 4536 6
8604 4536 6
9865 2920 5
9865 2920 6
9865 2920 6
10038 5292 5
10038 5292 5
11472 6048 4
11472 6048 5
11472 6048 5
11838 3504 4
11838 3504 5
12906 6804 5
12906 6804 5
12906 6804 5
13811 4088 5
14340 7560 4
14340 7560 5
15784 4672 6
19730 5840 5
19730 5840 5
1434 756 4
1434 756 4
1434 756 5
1434 756 5
1434 756 5
1434 756 5
1973 584 6
1973 584 6
2868 1512 5
2868 1512 5
3946 1168 5
3946 1168 5
3946 1168 5
3946 1168 5
3946 1168 6
4302 2268 4
4302 2268 6
5736 3024 4
5736 3024 5
5736 3024 5
5736 3024 5
5736 3024 6
5919 1752 4
5919 1752 6
7170 3780 5
7170 3780 6
7892 2336 4
8604 4536 4
8604 4536 5
8604 4536 5
9865 2920 4
9865 2920 6
10038 5292 4
10038 5292 4
11472 6048 4
11472 6048 6
11838 3504 4
12906 6804 6
13811 4088 4
13811 4088 6
13811 4088 6
15784 4672 6
17757 5256 4
17757 5256 5
17757 5256 5
17757 5256 6
19730 5840 5
19730 5840 5
19730 5840 5
19730 5840 5
1434 756 4
1434 756 5
1434 756 6
1973 584 5
2868 1512 5
2868 1512 6
2868 1512 6
3946 1168 5
3946 1168 5
3946 1168 5
4302 2268 4
5736 3024 4
5736 3024 5
5919 1752 4
5919 1752 4
5919 1752 5
5919 1752 5
5919 1752 6
7170 3780 5
7892 2336 4
7892 2336 5
7892 2336 6
8604 4536 5
8604 4536 5
9865 2920 6
9865 2920 6
10038 5292 5
10038 5292 5
11472 6048 5
11472 6048 5
11838 3504 4
11838 3504 4
11838 3504 4
11838 3504 5
11838 3504 6
12906 6804 5
12906 6804 6
14340 7560 5
14340 7560 5
15784 4672 5
15784 4672 6
15784 4672 6
17757 5256 4
17757 5256 5
19730 5840 4
19730 5840 5
19730 5840 5
19730 5840 5
19730 5840 6
19730 5840 6
1434 756 4
1434 756 5
1973 584 5
2868 1512 4
2868 1512 4
2868 1512 4
2868 1512 5
3946 1168 4
3946 1168 5
3946 1168 6
4302 2268 4
4302 2268 4
4302 2268 5
4302 2268 5
4302 2268 6
5736 3024 4
5736 3024 5
5736 3024 5
5736 3024 5
5736 3024 5
5919 1752 6
7170 3780 5
7170 3780 5
7892 2336 4
7892 2336 4
7892 2336 6
8604 4536 5
8604 4536 6
8604 4536 6
9865 2920 5
9865 2920 5
9865 2920 5
10038 5292 5
10038 5292 5
10038 5292 6
11472 6048 5
12906 6804 6
12906 6804 6
12906 6804 6
13811 4088 5
15784 4672 5
15784 4672 5
15784 4672 5
17757 5256 4
17757 5256 5
17757 5256 5
17757 5256 6
17757 5256 6
19730 5840 4
19730 5840 6
1434 756 5
1434 756 5
1973 584 5
2868 1512 5
2868 1512 5
2868 1512 5
2868 1512 6
2868 1512 6
2868 1512 6
3946 1168 4
3946 1168 4
4302 2268 4
4302 2268 4
4302 2268 5
4302 2268 5
4302 2268 6
5736 3024 4
5736 3024 5
5919 1752 5
7170 3780 5
7892 2336 5
7892 2336 6
8604 4536 5
8604 4536 5
8604 4536 6
9865 2920 5
10038 5292 6
11472 6048 5
11472 6048 6
11838 3504 6
11838 3504 6
12906 6804 5
12906 6804 6
12906 6804 6
13811 4088 4
13811 4088 5
14340 7560 4
14340 7560 5
14340 7560 5
14340 7560 5
15784 4672 4
15784 4672 5
15784 4672 5
17757 5256 5
19730 5840 4
19730 5840 5
19730 5840 5
19730 5840 5
19730 5840 5
19730 5840 5
1434 756 5
1973 584 5
2868 1512 5
2868 1512 5
3946 1168 5
3946 1168 5
3946 1168 6
3946 1168 6
3946 1168 6
4302 2268 5
4302 2268 5
5736 3024 5
5736 3024 5
5919 1752 5
5919 1752 5
7170 3780 4
7170 3780 6
7892 2336 4
7892 2336 5
8604 4536 5
8604 4536 6
9865 2920 4
9865 2920 5
9865 2920 6
10038 5292 4
10038 5292 5
11472 6048 5
11472 6048 6
11472 6048 6
11472 6048 6
11838 3504 5
11838 3504 6
11838 3504 6
11838 3504 6
12906 6804 4
12906 6804 4
12906 6804 5
12906 6804 5
12906 6804 6
13811 4088 6
14340 7560 6
14340 7560 6
15784 4672 5
17757 5256 5
17757 5256 5
17757 5256 5
19730 5840 4
19730 5840 4
19730 5840 5
19730 5840 6
1434 756 4
1434 756 5
1434 756 6
1434 756 6
1434 756 6
1973 584 4
1973 584 5
1973 584 5
2868 1512 5
2868 1512 5
3946 1168 5
3946 1168 5
3946 1168 5
3946 1168 5
3946 1168 5
4302 2268 5
4302 2268 5
5736 3024 5
5919 1752 5
5919 1752 6
7170 3780 4
7170 3780 5
7170 3780 5
7170 3780 5
7892 2336 5
8604 4536 4
8604 4536 4
9865 2920 4
9865 2920 5
9865 2920 5
9865 2920 6
10038 5292 4
10038 5292 4
10038 5292 4
10038 5292 5
10038 5292 5
11472 6048 4
11472 6048 5
11838 3504 5
11838 3504 5
13811 4088 5
13811 4088 5
14340 7560 5
14340 7560 5
15784 4672 5
15784 4672 6
17757 5256 5
19730 5840 4
19730 5840 5
19730 5840 5
1434 756 5
1434 756 5
1434 756 6
1973 584 5
1973 584 6
3946 1168 6
4302 2268 5
4302 2268 5
4302 2268 5
4302 2268 5
4302 2268 6
5736 3024 5
5919 1752 4
5919 1752 6
7170 3780 5
7170 3780 5
7170 3780 6
7170 3780 6
7892 2336 5
9865 2920 4
9865 2920 6
10038 5292 4
11472 6048 5
11472 6048 5
11472 6048 6
11472 6048 6
11838 3504 4
11838 3504 4
11838 3504 5
11838 3504 5
11838 3504 6
12906 6804 4
12906 6804 5
12906 6804 5
13811 4088 4
13811 4088 6
14340 7560 4
14340 7560 4
14340 7560 5
14340 7560 6
14340 7560 6
14340 7560 6
14340 7560 6
15784 4672 6
15784 4672 6
17757 5256 5
17757 5256 5
17757 5256 6
19730 5840 4
19730 5840 6
1434 756 5
1434 756 5
1973 584 4
1973 584 5
1973 584 6
2868 1512 5
2868 1512 5
2868 1512 5
3946 1168 4
3946 1168 5
3946 1168 5
3946 1168 5
3946 1168 6
4302 2268 5
4302 2268 5
5736 3024 4
5736 3024 5
5736 3024 6
5919 1752 5
5919 1752 5
5919 1752 6
7170 3780 5
7170 3780 5
7170 3780 5
7170 3780 6
7892 2336 5
7892 2336 6
8604 4536 5
9865 2920 4
9865 2920 4
9865 2920 5
10038 5292 5
10038 5292 6
10038 5292 6
11472 6048 4
11472 6048 4
11472 6048 6
12906 6804 5
13811 4088 5
13811 4088 6
14340 7560 6
15784 4672 5
15784 4672 6
17757 5256 4
17757 5256 5
17757 5256 5
17757 5256 5
19730 5840 5
19730 5840 6
19730 5840 6
1434 756 4
1434 756 4
1434 756 5
1973 584 5
1973 584 5
2868 1512 5
3946 1168 4
3946 1168 6
4302 2268 5
4302 2268 5
5736 3024 5
5736 3024 5
5736 3024 6
5736 3024 6
5919 1752 5
5919 1752 6
7170 3780 6
8604 4536 4
8604 4536 4
8604 4536 5
8604 4536 5
9865 2920 6
10038 5292 5
10038 5292 5
10038 5292 6
11472 6048 6
11838 3504 5
11838 3504 5
11838 3504 6
12906 6804 4
12906 6804 6
13811 4088 4
13811 4088 5
13811 4088 5
13811 4088 6
14340 7560 4
14340 7560 4
14340 7560 5
14340 7560 6
14340 7560 6
15784 4672 5
15784 4672 5
15784 4672 5
15784 4672 5
15784 4672 6
17757 5256 4
17757 5256 5
17757 5256 6
19730 5840 5
19730 5840 6
1434 756 4
1434 756 4
1434 756 6
1973 584 5
1973 584 6
1973 584 6
2868 1512 6
3946 1168 5
3946 1168 6
4302 2268 5
4302 2268 6
5736 3024 6
5919 1752 5
5919 1752 6
7170 3780 4
7170 3780 5
7170 3780 5
7892 2336 4
7892 2336 5
7892 2336 5
7892 2336 6
8604 4536 5
8604 4536 5
8604 4536 5
8604 4536 5
8604 4536 6
9865 2920 5
9865 2920 6
10038 5292 4
10038 5292 5
10038 5292 6
11472 6048 5
11472 6048 5
12906 6804 5
12906 6804 5
13811 4088 5
14340 7560 4
14340 7560 4
14340 7560 5
14340 7560 5
14340 7560 6
15784 4672 5
15784 4672 5
17757 5256 6
17757 5256 6
19730 5840 5
19730 5840 5
19730 5840 5
19730 5840 6
19730 5840 6
