200 100 51933
2 64 154
2 109 184
2 57 158
2 64 235
2 115 174
2 117 197
2 86 162
2 98 205
2 74 232
2 58 248
2 55 162
2 71 248
2 96 220
2 76 216
2 110 187
2 147 160
2 132 242
2 119 207
2 149 156
2 95 170
2 125 229
2 101 218
2 63 221
2 146 203
2 119 201
2 140 232
2 88 204
2 112 165
2 62 238
2 104 204
2 109 167
2 55 153
2 78 213
2 103 179
2 119 240
2 139 215
2 63 184
2 73 192
2 145 250
2 145 174
2 97 232
2 146 169
2 131 207
2 93 209
2 135 192
2 80 241
2 116 232
2 118 159
2 120 176
2 91 155
2 53 225
2 119 204
2 77 189
2 150 187
2 140 215
2 74 227
2 123 163
2 139 190
2 62 179
2 63 178
2 121 188
2 123 193
2 110 217
2 145 150
2 133 183
2 77 232
2 122 204
2 111 210
2 87 236
2 129 225
2 78 237
2 146 243
2 107 212
2 93 184
2 74 153
2 103 187
2 120 169
2 71 204
2 97 230
2 130 169
2 130 188
2 72 176
2 99 230
2 52 246
2 112 160
2 74 165
2 96 159
2 79 185
2 111 236
2 124 198
2 140 174
2 140 200
2 54 177
2 115 157
2 63 206
2 62 214
2 70 158
2 141 208
2 84 163
2 142 237
124 84 154
784 704 154
62 42 138
1176 1056 149
124 84 152
558 378 158
196 176 151
980 880 163
196 176 174
1764 1584 152
196 176 191
980 880 153
186 126 162
1960 1760 160
392 352 170
1176 1056 166
186 126 146
392 352 161
392 352 151
1960 1760 181
434 294 162
620 420 159
186 126 181
196 176 141
186 126 172
434 294 177
980 880 178
1960 1760 180
196 176 181
1764 1584 160
62 42 159
620 420 154
392 352 187
588 528 155
620 420 148
784 704 152
62 42 156
620 420 156
372 252 170
1764 1584 148
980 880 191
1176 1056 172
124 84 158
558 378 192
784 704 169
784 704 174
558 378 153
1764 1584 140
620 420 189
980 880 146
196 176 175
1960 1760 173
186 126 188
1568 1408 181
558 378 156
1960 1760 165
62 42 147
310 210 158
392 352 167
496 336 152
372 252 167
392 352 167
62 42 153
1176 1056 153
196 176 192
1372 1232 139
124 84 179
392 352 179
124 84 182
1960 1760 137
62 42 170
588 528 161
248 168 161
784 704 153
372 252 156
588 528 147
372 252 165
434 294 147
186 126 150
196 176 146
196 176 186
1960 1760 191
186 126 149
310 210 169
558 378 159
980 880 177
248 168 177
1568 1408 189
620 420 147
620 420 155
434 294 180
496 336 152
372 252 177
1960 1760 160
248 168 154
558 378 159
186 126 153
196 176 170
62 42 154
196 176 155
196 176 146
1764 1584 164
372 252 147
372 252 180
496 336 177
784 704 159
62 42 176
1176 1056 187
186 126 151
434 294 176
558 378 178
588 528 188
186 126 163
310 210 163
392 352 174
434 294 172
186 126 142
1764 1584 148
558 378 169
980 880 161
248 168 167
310 210 151
392 352 159
1176 1056 160
62 42 188
588 528 137
196 176 147
588 528 150
186 126 164
372 252 169
372 252 176
1372 1232 149
186 126 142
372 252 178
186 126 137
248 168 165
248 168 158
1176 1056 182
62 42 146
784 704 150
1372 1232 182
1764 1584 171
392 352 154
434 294 139
1372 1232 181
1568 1408 158
196 176 167
434 294 182
186 126 153
784 704 153
310 210 187
588 528 171
558 378 150
1176 1056 150
196 176 191
372 252 160
372 252 185
496 336 150
588 528 140
980 880 142
372 252 178
784 704 188
392 352 176
784 704 149
310 210 161
1960 1760 189
620 420 175
784 704 184
62 42 160
1176 1056 137
372 252 138
1764 1584 148
248 168 159
434 294 159
372 252 185
1764 1584 147
1176 1056 146
1960 1760 151
196 176 186
248 168 189
196 176 166
1568 1408 143
784 704 159
1372 1232 140
1176 1056 177
1568 1408 172
186 126 157
1176 1056 144
392 352 151
1960 1760 170
124 84 169
1960 1760 165
784 704 158
1960 1760 158
372 252 184
1764 1584 161
124 84 163
980 880 148
196 176 191
434 294 142
