100 20 32539
5 149 191
5 63 189
5 148 243
5 66 245
5 81 150
5 94 205
5 123 249
5 122 246
5 124 230
5 139 231
5 107 211
5 102 228
5 114 159
5 99 203
5 52 163
5 120 203
5 78 250
5 114 246
5 50 234
5 69 176
416 480 57
450 483 75
520 600 72
936 1080 62
1050 1127 56
520 600 57
520 600 61
936 1080 58
1050 1127 72
1200 1288 69
150 161 69
312 360 63
600 644 76
624 720 55
832 960 64
104 120 58
104 120 76
750 805 57
832 960 72
1500 1610 64
104 120 58
416 480 60
416 480 61
520 600 72
1350 1449 57
300 322 69
600 644 62
600 644 67
728 840 71
1040 1200 54
208 240 73
520 600 76
600 644 73
728 840 70
750 805 70
312 360 72
832 960 57
832 960 76
1050 1127 71
1500 1610 71
104 120 55
150 161 71
312 360 62
450 483 57
520 600 73
104 120 59
300 322 57
312 360 68
416 480 67
600 644 75
520 600 61
600 644 73
624 720 76
832 960 57
1050 1127 54
150 161 69
300 322 75
416 480 65
600 644 56
1050 1127 70
104 120 65
104 120 73
208 240 60
624 720 64
1050 1127 55
104 120 75
312 360 64
416 480 59
728 840 58
728 840 63
312 360 75
416 480 66
936 1080 75
1050 1127 55
1200 1288 56
624 720 59
624 720 72
832 960 73
1500 1610 57
1500 1610 59
312 360 65
520 600 76
832 960 71
900 966 64
936 1080 60
208 240 55
416 480 57
416 480 58
1040 1200 76
1500 1610 68
300 322 76
520 600 76
750 805 59
900 966 68
1500 1610 63
520 600 61
624 720 66
624 720 72
728 840 62
936 1080 54
