200 20 546550
10 95 179
10 124 216
10 114 161
10 119 228
10 91 174
10 68 179
10 64 168
10 147 227
10 142 234
10 65 221
10 100 186
10 106 186
10 57 180
10 108 237
10 138 159
10 93 182
10 149 166
10 144 248
10 114 234
10 72 160
678 478 33
1356 956 34
2712 1912 29
3836 3436 27
4746 3346 32
5424 3824 29
5424 3824 32
5754 5154 31
17262 15462 33
17262 15462 37
678 478 34
1918 1718 29
2034 1434 28
2712 1912 37
5424 3824 36
5754 5154 29
6780 4780 33
9590 8590 36
13426 12026 38
15344 13744 31
678 478 32
1356 956 28
1918 1718 29
1918 1718 32
4068 2868 33
5754 5154 36
6102 4302 28
6102 4302 38
13426 12026 37
19180 17180 34
678 478 32
1918 1718 28
3836 3436 33
6780 4780 29
13426 12026 30
13426 12026 37
17262 15462 31
17262 15462 37
17262 15462 38
19180 17180 29
1356 956 29
3390 2390 30
4068 2868 36
5424 3824 34
5754 5154 37
6102 4302 38
7672 6872 27
7672 6872 28
9590 8590 30
19180 17180 34
678 478 37
1356 956 28
1918 1718 28
3390 2390 27
4068 2868 28
6102 4302 27
11508 10308 33
13426 12026 30
17262 15462 28
17262 15462 28
2712 1912 30
3390 2390 33
3390 2390 35
3836 3436 35
5424 3824 34
5754 5154 32
5754 5154 38
11508 10308 30
15344 13744 28
15344 13744 35
678 478 32
678 478 35
1918 1718 27
1918 1718 27
2034 1434 33
3836 3436 34
3836 3436 37
4068 2868 31
6102 4302 30
6102 4302 35
1356 956 32
1918 1718 37
2034 1434 36
3836 3436 27
3836 3436 37
4068 2868 28
9590 8590 38
11508 10308 36
13426 12026 31
13426 12026 35
678 478 29
678 478 34
3390 2390 33
3390 2390 35
4068 2868 34
7672 6872 32
11508 10308 35
13426 12026 33
15344 13744 30
19180 17180 36
1356 956 32
1918 1718 37
2034 1434 27
3836 3436 35
6102 4302 30
13426 12026 36
17262 15462 27
17262 15462 31
19180 17180 31
19180 17180 37
2712 1912 29
2712 1912 33
3390 2390 29
3836 3436 33
4746 3346 35
5754 5154 34
6102 4302 28
6780 4780 36
9590 8590 28
13426 12026 34
1918 1718 35
4068 2868 29
4068 2868 34
4068 2868 35
5754 5154 30
6780 4780 38
15344 13744 37
19180 17180 32
19180 17180 32
19180 17180 34
2034 1434 29
2034 1434 33
3836 3436 30
5424 3824 32
5754 5154 37
6780 4780 28
9590 8590 31
9590 8590 37
13426 12026 33
15344 13744 33
678 478 33
4068 2868 34
4746 3346 34
5424 3824 30
5424 3824 33
5754 5154 31
6102 4302 30
7672 6872 37
13426 12026 31
15344 13744 32
678 478 36
2034 1434 33
4068 2868 27
4746 3346 35
5424 3824 30
5424 3824 32
5754 5154 30
6102 4302 33
6780 4780 33
6780 4780 37
1356 956 37
1918 1718 32
2712 1912 33
3390 2390 35
3836 3436 35
4068 2868 32
4746 3346 33
5754 5154 34
9590 8590 33
15344 13744 37
1356 956 29
1356 956 38
1918 1718 30
1918 1718 33
3836 3436 33
4746 3346 32
7672 6872 32
9590 8590 35
15344 13744 34
17262 15462 37
2034 1434 30
2712 1912 37
3836 3436 27
3836 3436 34
5754 5154 28
13426 12026 30
15344 13744 33
17262 15462 30
17262 15462 35
19180 17180 34
1918 1718 31
2034 1434 32
2712 1912 27
2712 1912 36
3390 2390 30
3390 2390 35
3836 3436 27
6102 4302 29
11508 10308 30
11508 10308 34
