1000 100 411676
10 89 205
10 85 241
10 63 171
10 119 216
10 78 175
10 63 181
10 147 222
10 142 201
10 126 223
10 104 170
10 142 163
10 143 209
10 64 247
10 116 212
10 136 179
10 80 247
10 56 242
10 53 152
10 107 235
10 113 205
10 104 235
10 108 180
10 118 151
10 57 225
10 138 228
10 145 199
10 120 189
10 80 159
10 128 242
10 81 154
10 115 227
10 65 189
10 119 242
10 93 182
10 70 168
10 52 178
10 125 156
10 138 238
10 107 179
10 100 226
10 131 169
10 112 167
10 142 169
10 86 230
10 119 162
10 147 192
10 65 209
10 141 205
10 101 246
10 89 214
10 123 195
10 72 245
10 106 202
10 59 180
10 124 240
10 125 235
10 148 150
10 67 150
10 94 248
10 130 199
10 80 197
10 140 184
10 60 170
10 110 201
10 101 171
10 51 212
10 82 210
10 142 237
10 52 211
10 62 181
10 69 172
10 86 223
10 78 221
10 56 203
10 57 229
10 141 159
10 142 246
10 102 248
10 86 202
10 68 222
10 63 228
10 72 225
10 97 215
10 73 209
10 106 168
10 64 219
10 96 217
10 111 160
10 113 165
10 110 247
10 50 196
10 75 224
10 104 160
10 144 193
10 149 171
10 50 180
10 63 153
10 90 195
10 120 196
10 134 209
187 167 30
290 250 28
290 250 30
374 334 27
580 500 32
1015 875 32
1160 1000 25
1305 1125 26
1309 1169 29
1683 1503 33
145 125 25
187 167 30
187 167 34
561 501 28
870 750 27
1015 875 27
1122 1002 27
1450 1250 33
1496 1336 33
1683 1503 25
187 167 25
290 250 34
435 375 30
580 500 33
935 835 26
1122 1002 28
1160 1000 27
1160 1000 34
1450 1250 34
1496 1336 29
145 125 30
187 167 24
187 167 30
187 167 34
561 501 33
580 500 31
870 750 27
935 835 32
1309 1169 31
1496 1336 31
374 334 26
374 334 32
870 750 26
1015 875 27
1015 875 31
1160 1000 28
1160 1000 30
1160 1000 31
1450 1250 27
1870 1670 30
374 334 34
435 375 33
580 500 25
580 500 31
725 625 25
725 625 29
748 668 28
935 835 26
935 835 31
1309 1169 34
145 125 33
187 167 24
290 250 25
935 835 29
1160 1000 25
1160 1000 26
1309 1169 26
1450 1250 30
1496 1336 30
1870 1670 25
145 125 29
187 167 30
187 167 34
435 375 29
748 668 33
935 835 34
1160 1000 27
1309 1169 34
1496 1336 27
1496 1336 29
290 250 33
725 625 24
725 625 29
935 835 26
1160 1000 27
1160 1000 31
1160 1000 34
1305 1125 31
1683 1503 33
1870 1670 27
145 125 27
187 167 25
725 625 31
1160 1000 29
1160 1000 30
1309 1169 26
1309 1169 30
1683 1503 27
1683 1503 29
1683 1503 32
187 167 33
290 250 25
561 501 30
748 668 31
1015 875 31
1160 1000 34
1496 1336 26
1496 1336 26
1870 1670 28
1870 1670 32
290 250 25
374 334 25
435 375 30
725 625 31
1015 875 31
1015 875 32
1122 1002 25
1305 1125 28
1305 1125 32
1309 1169 26
187 167 28
187 167 32
374 334 29
374 334 30
561 501 26
870 750 27
935 835 29
1160 1000 31
1309 1169 27
1309 1169 28
290 250 28
561 501 30
561 501 33
748 668 33
1015 875 29
1122 1002 32
1160 1000 27
1683 1503 29
1683 1503 30
1870 1670 33
145 125 34
290 250 34
374 334 27
374 334 27
561 501 33
935 835 31
1015 875 27
1015 875 28
1015 875 31
1305 1125 33
435 375 30
561 501 25
561 501 29
725 625 25
1015 875 32
1015 875 33
1160 1000 24
1160 1000 27
1309 1169 32
1496 1336 31
187 167 33
290 250 33
561 501 27
561 501 32
580 500 26
580 500 29
1015 875 33
1122 1002 29
1309 1169 26
1309 1169 29
870 750 26
935 835 33
1015 875 25
1122 1002 30
1160 1000 28
1160 1000 31
1160 1000 32
1309 1169 29
1450 1250 33
1870 1670 31
187 167 32
374 334 33
725 625 25
870 750 24
870 750 34
1122 1002 31
1305 1125 33
1450 1250 32
1870 1670 33
1870 1670 33
187 167 29
187 167 33
290 250 25
561 501 31
580 500 32
748 668 32
935 835 31
1309 1169 28
1496 1336 30
1683 1503 28
187 167 26
374 334 25
374 334 32
725 625 31
748 668 26
1160 1000 30
1309 1169 27
1309 1169 31
1496 1336 27
1870 1670 29
187 167 33
374 334 28
435 375 28
725 625 33
748 668 24
870 750 27
1015 875 25
1309 1169 34
1450 1250 25
1870 1670 33
870 750 31
1015 875 25
1015 875 33
1309 1169 25
1309 1169 25
1309 1169 26
1309 1169 29
1309 1169 32
1450 1250 29
1496 1336 27
290 250 28
580 500 28
580 500 31
1309 1169 33
1450 1250 27
1450 1250 28
1496 1336 28
1683 1503 28
1870 1670 27
1870 1670 30
374 334 32
561 501 30
1122 1002 24
1160 1000 32
1305 1125 30
1309 1169 25
1450 1250 30
1683 1503 30
1870 1670 33
1870 1670 34
145 125 26
374 334 31
435 375 28
580 500 28
870 750 29
1309 1169 34
1496 1336 26
1496 1336 31
1683 1503 27
1683 1503 30
187 167 26
290 250 33
435 375 30
580 500 31
725 625 28
748 668 29
1160 1000 24
1496 1336 34
1683 1503 27
1683 1503 31
290 250 27
435 375 34
580 500 30
725 625 25
725 625 32
935 835 25
1015 875 25
1122 1002 29
1305 1125 25
1496 1336 31
374 334 33
561 501 24
561 501 27
748 668 34
1015 875 33
1450 1250 30
1450 1250 32
1496 1336 32
1683 1503 30
1683 1503 34
561 501 33
580 500 27
935 835 27
1122 1002 33
1122 1002 34
1496 1336 25
1496 1336 29
1496 1336 34
1683 1503 26
1683 1503 31
374 334 27
561 501 24
561 501 32
1122 1002 25
1160 1000 26
1160 1000 28
1305 1125 31
1450 1250 31
1450 1250 31
1870 1670 25
435 375 25
435 375 32
725 625 28
748 668 30
1015 875 26
1015 875 33
1160 1000 30
1450 1250 30
1496 1336 32
1870 1670 28
145 125 28
145 125 33
580 500 29
580 500 34
748 668 25
748 668 27
1015 875 31
1305 1125 25
1305 1125 32
1870 1670 31
145 125 25
145 125 28
145 125 34
374 334 30
435 375 30
870 750 27
870 750 33
1015 875 29
1160 1000 34
1683 1503 27
145 125 32
187 167 30
435 375 33
561 501 28
580 500 25
725 625 31
870 750 25
870 750 28
870 750 30
1683 1503 25
290 250 29
870 750 27
870 750 27
870 750 28
1015 875 28
1305 1125 28
1305 1125 29
1496 1336 24
1496 1336 27
1496 1336 28
290 250 26
580 500 32
725 625 33
870 750 31
1122 1002 34
1305 1125 25
1450 1250 30
1450 1250 32
1496 1336 31
1683 1503 34
290 250 26
290 250 27
374 334 33
561 501 24
870 750 25
870 750 31
1015 875 34
1309 1169 26
1683 1503 30
1870 1670 28
145 125 25
145 125 27
145 125 32
374 334 32
580 500 29
748 668 33
870 750 34
1305 1125 30
1309 1169 31
1450 1250 27
145 125 33
145 125 34
435 375 33
725 625 26
870 750 28
935 835 24
935 835 28
1122 1002 29
1122 1002 30
1870 1670 28
187 167 29
374 334 25
561 501 31
725 625 25
725 625 30
1015 875 27
1015 875 27
1450 1250 25
1450 1250 31
1683 1503 30
290 250 26
725 625 33
1015 875 29
1160 1000 31
1309 1169 34
1496 1336 34
1683 1503 30
1683 1503 32
1683 1503 32
1870 1670 26
290 250 30
435 375 27
435 375 30
870 750 27
935 835 26
935 835 34
1160 1000 25
1450 1250 27
1450 1250 30
1683 1503 32
290 250 31
374 334 27
725 625 26
935 835 25
1015 875 31
1160 1000 34
1450 1250 24
1683 1503 24
1683 1503 26
1870 1670 26
748 668 30
870 750 27
935 835 29
1015 875 28
1122 1002 31
1122 1002 32
1160 1000 28
1450 1250 27
1450 1250 28
1496 1336 29
374 334 29
561 501 30
725 625 24
725 625 31
725 625 34
1122 1002 24
1496 1336 34
1683 1503 30
1870 1670 27
1870 1670 33
145 125 28
187 167 31
290 250 26
580 500 27
1015 875 33
1160 1000 28
1160 1000 33
1309 1169 29
1496 1336 25
1683 1503 31
187 167 25
187 167 28
374 334 30
435 375 29
935 835 25
935 835 30
1015 875 31
1160 1000 26
1160 1000 29
1305 1125 30
374 334 25
561 501 28
580 500 29
580 500 32
748 668 26
748 668 28
1015 875 33
1160 1000 31
1309 1169 27
1450 1250 30
187 167 30
374 334 34
435 375 29
561 501 27
561 501 31
561 501 32
1160 1000 33
1450 1250 28
1496 1336 30
1496 1336 34
725 625 30
748 668 25
748 668 30
1015 875 33
1015 875 34
1160 1000 28
1305 1125 28
1305 1125 29
1496 1336 28
1683 1503 25
290 250 25
435 375 27
435 375 27
435 375 32
935 835 29
935 835 33
1122 1002 25
1496 1336 25
1496 1336 32
1870 1670 34
145 125 27
435 375 29
435 375 34
561 501 29
725 625 29
1015 875 33
1160 1000 25
1309 1169 25
1309 1169 26
1683 1503 24
145 125 30
290 250 25
374 334 27
435 375 34
725 625 29
1160 1000 29
1160 1000 29
1160 1000 31
1309 1169 28
1870 1670 27
187 167 29
374 334 26
435 375 31
580 500 33
725 625 28
1122 1002 32
1160 1000 30
1309 1169 33
1683 1503 30
1870 1670 25
145 125 33
290 250 25
290 250 32
435 375 24
435 375 30
561 501 24
561 501 34
1309 1169 28
1496 1336 25
1496 1336 29
187 167 29
187 167 32
374 334 30
561 501 33
725 625 32
870 750 28
1122 1002 31
1496 1336 24
1496 1336 30
1870 1670 27
187 167 27
374 334 31
374 334 33
435 375 25
725 625 25
870 750 29
935 835 30
935 835 32
1450 1250 31
1496 1336 29
145 125 28
290 250 33
435 375 27
580 500 31
1015 875 27
1305 1125 31
1305 1125 34
1309 1169 29
1309 1169 32
1496 1336 25
187 167 30
725 625 24
1015 875 26
1160 1000 29
1309 1169 30
1309 1169 30
1309 1169 30
1450 1250 31
1683 1503 28
1870 1670 26
145 125 29
435 375 29
435 375 31
725 625 25
725 625 32
1015 875 30
1309 1169 27
1450 1250 32
1496 1336 25
1683 1503 29
187 167 29
725 625 28
748 668 26
748 668 29
748 668 30
870 750 32
935 835 30
1160 1000 30
1305 1125 31
1683 1503 29
187 167 27
187 167 27
725 625 26
935 835 26
935 835 28
1015 875 28
1015 875 33
1122 1002 32
1160 1000 31
1870 1670 33
145 125 32
187 167 26
374 334 32
725 625 32
935 835 28
935 835 29
1450 1250 27
1450 1250 28
1683 1503 27
1870 1670 30
145 125 25
145 125 32
290 250 30
561 501 27
725 625 33
1015 875 26
1122 1002 26
1122 1002 32
1309 1169 29
1450 1250 26
290 250 31
374 334 28
561 501 30
725 625 27
725 625 33
1305 1125 27
1305 1125 34
1309 1169 33
1496 1336 33
1683 1503 31
145 125 30
187 167 34
435 375 25
435 375 27
435 375 30
1122 1002 29
1160 1000 31
1305 1125 27
1309 1169 28
1683 1503 33
145 125 27
145 125 27
145 125 29
145 125 33
187 167 33
435 375 31
580 500 24
748 668 31
935 835 33
1450 1250 33
145 125 31
145 125 32
187 167 29
580 500 30
748 668 27
870 750 30
1305 1125 27
1305 1125 32
1309 1169 33
1450 1250 30
145 125 25
145 125 33
290 250 29
374 334 28
374 334 28
580 500 33
870 750 31
870 750 34
935 835 27
1305 1125 32
187 167 27
187 167 31
580 500 26
935 835 25
1015 875 30
1160 1000 28
1309 1169 26
1309 1169 32
1450 1250 28
1870 1670 24
145 125 25
187 167 33
374 334 29
725 625 29
870 750 30
870 750 34
1160 1000 31
1305 1125 34
1496 1336 29
1683 1503 25
290 250 31
748 668 29
870 750 32
870 750 34
935 835 27
1015 875 27
1305 1125 26
1309 1169 28
1683 1503 34
1870 1670 30
374 334 24
435 375 24
580 500 28
870 750 33
1160 1000 28
1160 1000 33
1160 1000 33
1305 1125 28
1450 1250 32
1683 1503 31
870 750 31
1160 1000 32
1305 1125 32
1309 1169 28
1309 1169 30
1450 1250 31
1496 1336 25
1496 1336 33
1683 1503 26
1870 1670 26
145 125 26
374 334 27
561 501 31
748 668 33
1122 1002 33
1160 1000 25
1305 1125 27
1305 1125 27
1305 1125 30
1683 1503 32
145 125 25
145 125 29
374 334 25
435 375 29
561 501 32
748 668 25
870 750 26
935 835 34
1160 1000 33
1496 1336 34
145 125 34
290 250 29
374 334 30
561 501 30
561 501 34
580 500 24
1015 875 31
1305 1125 24
1450 1250 29
1683 1503 28
290 250 28
374 334 32
435 375 26
580 500 31
725 625 26
725 625 31
935 835 29
1015 875 28
1309 1169 25
1450 1250 30
290 250 28
290 250 33
435 375 26
580 500 27
1015 875 34
1305 1125 27
1450 1250 29
1496 1336 26
1870 1670 28
1870 1670 31
145 125 29
187 167 29
187 167 30
561 501 29
580 500 30
748 668 30
870 750 29
935 835 28
1015 875 27
1015 875 30
145 125 25
187 167 27
290 250 27
374 334 30
580 500 29
748 668 29
748 668 33
1122 1002 31
1160 1000 27
1305 1125 33
187 167 25
290 250 27
290 250 30
290 250 31
561 501 33
748 668 28
870 750 32
1305 1125 24
1450 1250 28
1450 1250 31
290 250 25
290 250 31
374 334 25
435 375 30
435 375 32
561 501 31
748 668 30
870 750 32
1305 1125 28
1496 1336 32
187 167 25
374 334 32
435 375 33
935 835 30
935 835 33
1160 1000 29
1450 1250 33
1496 1336 28
1496 1336 31
1870 1670 30
145 125 31
435 375 30
561 501 26
561 501 27
580 500 34
870 750 31
1015 875 32
1305 1125 25
1683 1503 26
1683 1503 28
374 334 26
580 500 32
748 668 29
870 750 24
935 835 30
935 835 30
1450 1250 26
1450 1250 27
1870 1670 26
1870 1670 34
145 125 27
187 167 28
725 625 31
1160 1000 31
1309 1169 24
1309 1169 27
1309 1169 29
1450 1250 26
1450 1250 32
1496 1336 30
374 334 29
561 501 27
561 501 31
870 750 27
935 835 28
1122 1002 30
1160 1000 27
1305 1125 31
1683 1503 27
1870 1670 29
145 125 27
290 250 31
435 375 32
435 375 33
580 500 31
870 750 30
1160 1000 28
1160 1000 34
1305 1125 25
1683 1503 32
145 125 27
187 167 26
561 501 27
561 501 34
870 750 33
935 835 25
1122 1002 25
1160 1000 26
1305 1125 31
1309 1169 32
145 125 25
290 250 28
290 250 30
290 250 32
290 250 33
561 501 33
748 668 32
1305 1125 25
1450 1250 26
1496 1336 31
187 167 32
435 375 28
561 501 28
580 500 29
725 625 25
748 668 26
748 668 26
935 835 25
1015 875 30
1305 1125 31
374 334 27
580 500 29
725 625 34
748 668 32
748 668 32
1309 1169 24
1309 1169 25
1496 1336 25
1683 1503 26
1870 1670 25
187 167 27
290 250 30
290 250 31
374 334 25
1122 1002 30
1305 1125 28
1309 1169 29
1309 1169 31
1496 1336 34
1683 1503 27
187 167 26
187 167 26
935 835 25
935 835 25
935 835 34
1160 1000 33
1450 1250 27
1450 1250 28
1450 1250 32
1870 1670 26
290 250 32
435 375 28
435 375 32
748 668 26
870 750 30
870 750 33
1015 875 25
1305 1125 31
1683 1503 31
1870 1670 29
145 125 29
561 501 28
561 501 34
561 501 34
580 500 31
725 625 33
748 668 25
1305 1125 30
1309 1169 27
1496 1336 25
187 167 28
580 500 27
725 625 31
748 668 27
1160 1000 34
1305 1125 25
1309 1169 31
1450 1250 25
1450 1250 26
1683 1503 25
290 250 30
435 375 25
725 625 31
935 835 32
1122 1002 29
1160 1000 26
1305 1125 30
1309 1169 30
1309 1169 32
1496 1336 27
