2000 100 3240286
20 72 178
20 79 238
20 105 242
20 143 219
20 83 237
20 101 235
20 90 229
20 63 250
20 115 181
20 78 242
20 51 235
20 76 150
20 138 152
20 125 192
20 120 224
20 80 175
20 96 201
20 122 160
20 103 184
20 96 182
20 114 224
20 122 154
20 56 196
20 105 207
20 140 193
20 98 176
20 97 176
20 51 217
20 69 191
20 117 187
20 117 228
20 102 154
20 149 163
20 105 151
20 129 184
20 112 161
20 55 213
20 58 168
20 142 211
20 139 184
20 69 154
20 61 183
20 51 234
20 116 215
20 64 170
20 148 164
20 87 167
20 68 242
20 96 164
20 132 213
20 52 206
20 118 163
20 55 210
20 82 219
20 144 199
20 69 202
20 105 189
20 68 163
20 53 161
20 99 158
20 124 190
20 80 192
20 118 185
20 66 229
20 80 164
20 88 156
20 55 194
20 126 199
20 119 180
20 130 218
20 68 174
20 51 225
20 104 152
20 109 188
20 75 200
20 125 209
20 50 171
20 51 222
20 70 196
20 119 239
20 55 203
20 142 185
20 75 235
20 136 179
20 85 222
20 64 183
20 74 169
20 94 194
20 98 182
20 79 205
20 57 207
20 93 157
20 53 226
20 132 241
20 83 165
20 136 207
20 83 220
20 87 191
20 85 201
20 85 185
196 1178 12
196 1178 14
294 1767 13
294 1767 13
392 2356 16
588 3534 14
686 4123 15
784 4712 17
869 624 15
2607 1872 13
2607 1872 16
2607 1872 17
5214 3744 15
6083 4368 14
6083 4368 15
6952 4992 13
7821 5616 16
8690 6240 13
8690 6240 15
8690 6240 16
98 589 13
588 3534 13
588 3534 15
784 4712 15
784 4712 15
784 4712 17
882 5301 13
1738 1248 12
1738 1248 17
3476 2496 14
4345 3120 15
4345 3120 17
5214 3744 16
5214 3744 17
6083 4368 14
6952 4992 15
7821 5616 13
7821 5616 14
7821 5616 16
8690 6240 14
196 1178 17
294 1767 14
588 3534 14
686 4123 14
686 4123 15
882 5301 13
882 5301 14
882 5301 15
882 5301 15
980 5890 14
980 5890 16
980 5890 17
2607 1872 17
6083 4368 15
6083 4368 15
6083 4368 16
6083 4368 16
6952 4992 12
6952 4992 16
6952 4992 16
98 589 13
98 589 15
196 1178 17
294 1767 15
392 2356 16
490 2945 12
588 3534 14
784 4712 17
869 624 17
882 5301 14
980 5890 15
2607 1872 15
2607 1872 16
2607 1872 17
4345 3120 16
5214 3744 13
5214 3744 16
5214 3744 17
6952 4992 15
8690 6240 12
98 589 15
490 2945 12
588 3534 14
784 4712 13
869 624 14
869 624 17
882 5301 13
980 5890 15
980 5890 16
980 5890 16
1738 1248 16
2607 1872 13
4345 3120 14
4345 3120 16
6083 4368 13
6083 4368 14
6952 4992 14
6952 4992 14
7821 5616 16
8690 6240 13
196 1178 13
392 2356 15
490 2945 17
588 3534 16
686 4123 17
784 4712 16
784 4712 16
784 4712 17
869 624 12
980 5890 14
2607 1872 17
3476 2496 14
3476 2496 14
4345 3120 13
5214 3744 13
5214 3744 13
5214 3744 14
6083 4368 13
6952 4992 14
8690 6240 12
98 589 12
98 589 15
98 589 16
196 1178 15
294 1767 16
392 2356 14
588 3534 17
784 4712 14
869 624 14
869 624 16
882 5301 16
882 5301 17
2607 1872 17
6083 4368 12
7821 5616 13
7821 5616 14
8690 6240 13
8690 6240 15
8690 6240 15
8690 6240 16
196 1178 16
196 1178 17
196 1178 17
294 1767 14
588 3534 16
784 4712 15
784 4712 15
869 624 15
869 624 16
882 5301 15
980 5890 15
1738 1248 12
1738 1248 15
2607 1872 13
2607 1872 14
2607 1872 16
3476 2496 15
4345 3120 15
5214 3744 14
6083 4368 16
98 589 16
196 1178 13
196 1178 15
392 2356 16
490 2945 14
490 2945 15
686 4123 14
784 4712 13
882 5301 13
882 5301 15
882 5301 17
980 5890 16
1738 1248 12
2607 1872 12
2607 1872 15
5214 3744 12
5214 3744 14
6083 4368 12
6952 4992 14
8690 6240 16
294 1767 17
490 2945 15
686 4123 12
686 4123 13
686 4123 14
686 4123 16
686 4123 17
882 5301 16
980 5890 17
1738 1248 13
1738 1248 14
1738 1248 17
4345 3120 12
4345 3120 13
4345 3120 17
5214 3744 12
6083 4368 15
6083 4368 17
7821 5616 14
8690 6240 12
196 1178 17
294 1767 13
294 1767 14
294 1767 14
392 2356 16
588 3534 16
588 3534 17
686 4123 13
784 4712 17
869 624 13
869 624 14
869 624 16
882 5301 12
882 5301 16
980 5890 15
2607 1872 16
4345 3120 13
4345 3120 13
6083 4368 15
6952 4992 17
98 589 16
294 1767 15
490 2945 16
490 2945 17
588 3534 17
686 4123 13
686 4123 14
686 4123 17
784 4712 14
869 624 14
882 5301 12
2607 1872 12
2607 1872 13
2607 1872 16
3476 2496 14
5214 3744 13
6083 4368 13
7821 5616 12
7821 5616 12
7821 5616 13
98 589 16
98 589 16
98 589 17
392 2356 12
392 2356 15
392 2356 17
490 2945 15
490 2945 17
588 3534 14
588 3534 17
686 4123 14
869 624 17
882 5301 12
980 5890 13
980 5890 14
980 5890 14
1738 1248 13
2607 1872 16
6083 4368 14
8690 6240 15
196 1178 14
294 1767 14
392 2356 16
490 2945 14
490 2945 16
686 4123 13
686 4123 14
784 4712 14
784 4712 14
869 624 13
869 624 14
869 624 15
980 5890 16
980 5890 16
3476 2496 13
4345 3120 13
4345 3120 13
5214 3744 13
6083 4368 14
6083 4368 16
392 2356 16
588 3534 14
588 3534 15
588 3534 17
784 4712 14
869 624 16
882 5301 12
882 5301 13
882 5301 14
882 5301 15
882 5301 15
980 5890 13
980 5890 14
1738 1248 13
3476 2496 12
5214 3744 15
6083 4368 14
7821 5616 13
7821 5616 17
8690 6240 13
196 1178 12
196 1178 14
392 2356 12
490 2945 16
784 4712 16
869 624 15
882 5301 15
882 5301 16
980 5890 16
1738 1248 12
1738 1248 15
2607 1872 16
3476 2496 16
4345 3120 17
4345 3120 17
6083 4368 15
7821 5616 13
7821 5616 14
7821 5616 16
8690 6240 15
98 589 16
294 1767 12
490 2945 14
588 3534 14
784 4712 16
869 624 13
869 624 17
980 5890 13
980 5890 16
980 5890 17
1738 1248 13
2607 1872 14
2607 1872 17
3476 2496 13
3476 2496 16
4345 3120 15
4345 3120 16
4345 3120 16
6083 4368 16
7821 5616 14
98 589 17
98 589 17
98 589 17
196 1178 16
196 1178 17
490 2945 14
490 2945 16
588 3534 14
588 3534 15
784 4712 15
869 624 13
869 624 15
980 5890 13
980 5890 13
1738 1248 15
6083 4368 12
6083 4368 15
7821 5616 14
8690 6240 15
8690 6240 16
98 589 14
196 1178 15
294 1767 15
686 4123 14
784 4712 16
869 624 13
882 5301 12
882 5301 13
980 5890 15
1738 1248 12
2607 1872 14
3476 2496 14
3476 2496 17
5214 3744 13
5214 3744 16
6952 4992 14
7821 5616 13
7821 5616 14
7821 5616 15
8690 6240 16
98 589 14
98 589 16
196 1178 14
196 1178 17
392 2356 13
392 2356 17
588 3534 15
686 4123 12
686 4123 16
869 624 13
882 5301 13
882 5301 17
1738 1248 13
2607 1872 14
3476 2496 12
6083 4368 14
6952 4992 13
7821 5616 12
8690 6240 13
8690 6240 14
490 2945 14
490 2945 16
588 3534 13
588 3534 15
869 624 13
869 624 17
980 5890 15
980 5890 16
2607 1872 15
3476 2496 13
4345 3120 13
4345 3120 14
5214 3744 15
6083 4368 12
6083 4368 16
6952 4992 12
7821 5616 13
7821 5616 14
8690 6240 16
8690 6240 17
98 589 15
196 1178 12
196 1178 16
490 2945 12
490 2945 15
588 3534 15
588 3534 16
686 4123 13
784 4712 12
980 5890 13
1738 1248 14
3476 2496 14
3476 2496 16
5214 3744 14
5214 3744 16
5214 3744 16
5214 3744 17
6952 4992 14
7821 5616 14
7821 5616 14
196 1178 13
294 1767 12
294 1767 14
294 1767 15
294 1767 15
294 1767 16
392 2356 15
686 4123 13
686 4123 16
686 4123 17
869 624 12
1738 1248 15
1738 1248 17
2607 1872 16
3476 2496 13
3476 2496 15
4345 3120 14
4345 3120 17
5214 3744 15
7821 5616 15
98 589 13
294 1767 13
294 1767 14
588 3534 15
588 3534 16
686 4123 13
686 4123 14
784 4712 13
980 5890 13
1738 1248 13
1738 1248 13
2607 1872 14
2607 1872 15
2607 1872 17
3476 2496 14
4345 3120 13
4345 3120 14
4345 3120 14
4345 3120 17
8690 6240 12
196 1178 17
294 1767 17
392 2356 14
490 2945 14
490 2945 15
784 4712 17
1738 1248 17
3476 2496 13
4345 3120 15
5214 3744 15
5214 3744 17
6083 4368 14
6952 4992 13
6952 4992 13
6952 4992 14
6952 4992 17
6952 4992 17
7821 5616 16
7821 5616 16
8690 6240 13
98 589 17
196 1178 12
294 1767 14
294 1767 14
294 1767 15
294 1767 16
294 1767 16
294 1767 17
588 3534 12
686 4123 16
882 5301 13
1738 1248 15
1738 1248 17
3476 2496 14
3476 2496 15
4345 3120 17
5214 3744 14
6083 4368 14
6083 4368 16
6952 4992 12
98 589 15
196 1178 12
196 1178 14
294 1767 15
294 1767 15
490 2945 16
588 3534 17
686 4123 13
686 4123 16
784 4712 14
869 624 12
869 624 16
869 624 17
882 5301 13
2607 1872 13
3476 2496 15
4345 3120 14
6952 4992 13
7821 5616 15
8690 6240 15
98 589 13
196 1178 14
294 1767 15
490 2945 13
490 2945 13
588 3534 13
588 3534 14
686 4123 16
869 624 16
882 5301 15
980 5890 13
2607 1872 14
2607 1872 14
2607 1872 16
3476 2496 12
4345 3120 15
5214 3744 13
7821 5616 14
7821 5616 16
8690 6240 13
98 589 15
98 589 15
98 589 15
98 589 17
294 1767 15
294 1767 17
490 2945 17
588 3534 12
686 4123 16
686 4123 17
882 5301 13
882 5301 16
2607 1872 16
5214 3744 14
5214 3744 14
5214 3744 15
6083 4368 13
6083 4368 15
6952 4992 15
7821 5616 15
294 1767 16
392 2356 12
392 2356 12
588 3534 13
588 3534 17
686 4123 12
686 4123 14
784 4712 13
784 4712 13
869 624 15
882 5301 14
1738 1248 14
1738 1248 15
2607 1872 13
2607 1872 13
5214 3744 14
5214 3744 17
6083 4368 12
6952 4992 17
7821 5616 17
196 1178 13
294 1767 14
294 1767 17
392 2356 13
490 2945 13
490 2945 15
490 2945 16
588 3534 13
686 4123 12
686 4123 16
784 4712 14
882 5301 16
3476 2496 13
4345 3120 16
6083 4368 13
6083 4368 14
6083 4368 17
6952 4992 13
7821 5616 17
7821 5616 17
98 589 15
196 1178 14
196 1178 14
294 1767 12
392 2356 17
490 2945 14
588 3534 17
784 4712 13
784 4712 14
882 5301 14
882 5301 16
980 5890 16
980 5890 17
1738 1248 13
2607 1872 15
4345 3120 13
5214 3744 16
6083 4368 12
6952 4992 16
8690 6240 14
98 589 14
392 2356 13
490 2945 13
490 2945 13
490 2945 14
588 3534 14
686 4123 14
686 4123 15
784 4712 14
784 4712 15
869 624 14
882 5301 13
882 5301 14
882 5301 14
2607 1872 13
2607 1872 16
2607 1872 16
4345 3120 13
8690 6240 14
8690 6240 15
98 589 14
98 589 14
392 2356 14
686 4123 15
869 624 12
869 624 16
882 5301 15
882 5301 16
882 5301 16
2607 1872 14
2607 1872 17
3476 2496 17
5214 3744 16
6083 4368 14
6083 4368 16
6952 4992 13
6952 4992 15
8690 6240 13
8690 6240 14
8690 6240 14
392 2356 12
392 2356 17
490 2945 13
490 2945 13
490 2945 14
588 3534 15
588 3534 16
686 4123 15
784 4712 14
784 4712 15
869 624 16
882 5301 13
882 5301 14
2607 1872 13
2607 1872 16
2607 1872 17
6952 4992 12
7821 5616 15
7821 5616 17
8690 6240 15
98 589 13
294 1767 12
294 1767 13
392 2356 13
490 2945 13
588 3534 12
588 3534 13
686 4123 16
882 5301 17
980 5890 16
980 5890 17
1738 1248 13
2607 1872 13
2607 1872 16
4345 3120 14
4345 3120 17
5214 3744 13
6083 4368 14
6952 4992 15
7821 5616 16
294 1767 13
294 1767 13
294 1767 15
392 2356 14
392 2356 14
490 2945 14
490 2945 15
490 2945 16
686 4123 16
882 5301 17
980 5890 12
1738 1248 14
2607 1872 16
3476 2496 15
3476 2496 16
3476 2496 17
3476 2496 17
4345 3120 12
4345 3120 17
6952 4992 17
98 589 13
98 589 16
196 1178 14
392 2356 12
490 2945 12
490 2945 14
588 3534 12
869 624 12
882 5301 13
882 5301 16
1738 1248 14
1738 1248 15
1738 1248 17
2607 1872 14
2607 1872 16
6083 4368 13
6952 4992 13
6952 4992 17
7821 5616 16
8690 6240 13
98 589 17
294 1767 12
392 2356 13
490 2945 13
588 3534 14
588 3534 16
869 624 15
869 624 17
980 5890 14
2607 1872 16
3476 2496 13
3476 2496 16
4345 3120 13
5214 3744 14
6083 4368 17
6952 4992 14
6952 4992 14
6952 4992 15
7821 5616 13
7821 5616 17
196 1178 14
294 1767 15
294 1767 17
588 3534 14
869 624 14
980 5890 12
980 5890 14
1738 1248 14
1738 1248 15
2607 1872 12
2607 1872 16
3476 2496 13
4345 3120 15
5214 3744 17
5214 3744 17
6083 4368 15
7821 5616 12
7821 5616 13
7821 5616 15
8690 6240 13
98 589 15
98 589 17
196 1178 15
392 2356 15
392 2356 16
490 2945 17
588 3534 14
588 3534 17
784 4712 13
869 624 12
869 624 16
882 5301 14
980 5890 15
1738 1248 14
2607 1872 14
2607 1872 17
3476 2496 13
5214 3744 12
6952 4992 12
6952 4992 12
98 589 12
98 589 13
98 589 14
98 589 16
196 1178 15
294 1767 14
588 3534 15
784 4712 16
784 4712 16
869 624 17
5214 3744 13
5214 3744 15
5214 3744 17
6083 4368 17
6952 4992 13
6952 4992 13
7821 5616 15
7821 5616 15
8690 6240 15
8690 6240 16
98 589 12
98 589 12
490 2945 12
490 2945 13
490 2945 13
490 2945 13
490 2945 15
490 2945 16
784 4712 12
869 624 13
869 624 14
882 5301 15
980 5890 13
1738 1248 12
1738 1248 17
3476 2496 16
4345 3120 16
6083 4368 15
7821 5616 14
7821 5616 14
98 589 14
98 589 17
392 2356 13
392 2356 15
588 3534 17
686 4123 16
686 4123 16
869 624 13
869 624 16
882 5301 15
980 5890 14
3476 2496 13
3476 2496 15
4345 3120 17
5214 3744 16
5214 3744 16
6083 4368 13
6952 4992 14
6952 4992 15
8690 6240 15
98 589 13
98 589 16
196 1178 16
392 2356 13
392 2356 16
588 3534 16
686 4123 13
1738 1248 13
1738 1248 15
2607 1872 13
2607 1872 13
2607 1872 14
2607 1872 16
4345 3120 12
4345 3120 14
4345 3120 15
6083 4368 16
6952 4992 14
6952 4992 17
8690 6240 15
98 589 12
294 1767 12
294 1767 14
294 1767 15
392 2356 12
392 2356 14
392 2356 14
490 2945 16
588 3534 13
686 4123 15
686 4123 17
784 4712 16
869 624 17
980 5890 17
980 5890 17
2607 1872 13
6083 4368 17
6952 4992 12
6952 4992 14
8690 6240 12
196 1178 14
294 1767 16
490 2945 15
686 4123 17
784 4712 16
869 624 15
2607 1872 15
2607 1872 16
3476 2496 17
4345 3120 15
4345 3120 15
4345 3120 16
6952 4992 13
6952 4992 13
6952 4992 14
6952 4992 14
6952 4992 16
7821 5616 15
7821 5616 16
8690 6240 12
196 1178 13
294 1767 13
294 1767 17
869 624 16
980 5890 17
1738 1248 14
2607 1872 13
3476 2496 15
3476 2496 16
4345 3120 15
6083 4368 13
6083 4368 14
6083 4368 14
6083 4368 15
6952 4992 17
7821 5616 13
7821 5616 14
7821 5616 16
8690 6240 12
8690 6240 15
196 1178 13
196 1178 17
294 1767 15
392 2356 15
588 3534 16
686 4123 13
686 4123 15
686 4123 15
686 4123 15
784 4712 14
869 624 16
882 5301 15
882 5301 16
1738 1248 16
2607 1872 14
3476 2496 13
4345 3120 16
5214 3744 14
6952 4992 14
8690 6240 15
98 589 16
98 589 17
196 1178 12
392 2356 14
392 2356 16
490 2945 12
588 3534 16
686 4123 15
869 624 16
980 5890 13
980 5890 15
3476 2496 13
4345 3120 13
4345 3120 14
4345 3120 15
5214 3744 14
5214 3744 15
6952 4992 13
7821 5616 16
8690 6240 15
196 1178 15
294 1767 14
294 1767 16
588 3534 14
686 4123 12
784 4712 13
784 4712 17
869 624 12
869 624 15
882 5301 13
980 5890 12
980 5890 14
1738 1248 14
2607 1872 14
2607 1872 14
2607 1872 15
2607 1872 17
3476 2496 12
3476 2496 14
8690 6240 15
98 589 14
98 589 16
98 589 17
196 1178 14
294 1767 15
392 2356 15
490 2945 14
490 2945 16
784 4712 16
882 5301 13
1738 1248 16
1738 1248 16
3476 2496 13
4345 3120 13
6952 4992 13
6952 4992 13
6952 4992 14
7821 5616 16
8690 6240 13
8690 6240 14
98 589 16
196 1178 16
294 1767 15
392 2356 15
392 2356 15
588 3534 13
686 4123 13
869 624 14
869 624 15
2607 1872 14
2607 1872 16
3476 2496 13
3476 2496 13
4345 3120 12
4345 3120 13
5214 3744 14
6083 4368 14
6952 4992 14
8690 6240 14
8690 6240 16
98 589 14
294 1767 13
294 1767 14
392 2356 13
490 2945 14
588 3534 14
784 4712 12
784 4712 15
784 4712 16
882 5301 14
882 5301 15
980 5890 12
980 5890 14
1738 1248 13
2607 1872 15
2607 1872 16
3476 2496 16
5214 3744 17
7821 5616 14
8690 6240 14
98 589 12
98 589 16
294 1767 17
392 2356 14
686 4123 17
869 624 13
869 624 14
869 624 14
882 5301 15
980 5890 15
1738 1248 12
2607 1872 15
3476 2496 15
4345 3120 15
5214 3744 15
5214 3744 15
6952 4992 14
6952 4992 16
7821 5616 16
7821 5616 16
98 589 15
196 1178 14
196 1178 15
294 1767 14
392 2356 16
490 2945 15
686 4123 14
882 5301 14
980 5890 16
1738 1248 13
1738 1248 15
2607 1872 14
4345 3120 13
4345 3120 17
5214 3744 12
5214 3744 17
6083 4368 15
6952 4992 17
7821 5616 14
8690 6240 14
196 1178 13
196 1178 14
294 1767 14
294 1767 14
392 2356 14
392 2356 15
490 2945 13
490 2945 16
490 2945 16
588 3534 14
686 4123 16
882 5301 17
980 5890 12
980 5890 16
1738 1248 17
2607 1872 16
5214 3744 13
5214 3744 16
7821 5616 13
8690 6240 15
196 1178 16
392 2356 13
392 2356 13
392 2356 14
392 2356 15
490 2945 13
588 3534 13
588 3534 14
869 624 13
980 5890 13
1738 1248 14
1738 1248 16
2607 1872 15
2607 1872 16
3476 2496 14
3476 2496 15
3476 2496 16
5214 3744 15
7821 5616 13
8690 6240 15
98 589 13
98 589 15
98 589 17
392 2356 17
490 2945 13
784 4712 17
869 624 16
882 5301 14
882 5301 14
980 5890 14
3476 2496 12
3476 2496 17
4345 3120 13
4345 3120 14
4345 3120 17
5214 3744 12
6083 4368 15
6083 4368 16
6952 4992 14
7821 5616 13
196 1178 15
392 2356 14
490 2945 13
490 2945 14
588 3534 16
686 4123 16
784 4712 12
784 4712 14
869 624 12
869 624 13
980 5890 15
980 5890 15
980 5890 16
2607 1872 16
3476 2496 13
3476 2496 13
4345 3120 13
6952 4992 16
7821 5616 15
7821 5616 17
98 589 16
196 1178 14
196 1178 14
294 1767 14
490 2945 17
686 4123 13
686 4123 15
686 4123 15
784 4712 16
869 624 15
869 624 16
869 624 16
882 5301 15
2607 1872 12
2607 1872 14
2607 1872 15
5214 3744 13
5214 3744 15
6952 4992 13
7821 5616 13
98 589 16
588 3534 13
588 3534 15
588 3534 17
686 4123 14
784 4712 17
869 624 13
980 5890 15
1738 1248 15
2607 1872 14
3476 2496 17
6083 4368 12
6083 4368 13
6083 4368 15
6083 4368 16
6952 4992 14
6952 4992 15
6952 4992 16
7821 5616 13
7821 5616 13
196 1178 12
196 1178 16
294 1767 14
588 3534 12
588 3534 12
588 3534 13
588 3534 17
869 624 15
2607 1872 14
2607 1872 15
2607 1872 16
3476 2496 13
3476 2496 14
4345 3120 12
5214 3744 14
6083 4368 14
6083 4368 15
6952 4992 16
7821 5616 13
7821 5616 15
98 589 13
98 589 15
294 1767 13
294 1767 16
392 2356 15
392 2356 15
392 2356 17
490 2945 17
588 3534 13
784 4712 16
784 4712 17
869 624 13
869 624 17
980 5890 17
2607 1872 14
2607 1872 16
3476 2496 16
6083 4368 17
6952 4992 14
6952 4992 16
98 589 12
98 589 16
196 1178 13
294 1767 14
392 2356 15
490 2945 13
490 2945 14
588 3534 17
686 4123 13
882 5301 17
980 5890 15
1738 1248 14
1738 1248 14
2607 1872 16
3476 2496 16
4345 3120 16
4345 3120 16
5214 3744 16
6083 4368 15
6952 4992 14
98 589 16
98 589 16
196 1178 14
196 1178 15
196 1178 16
490 2945 15
490 2945 16
588 3534 16
869 624 12
869 624 14
2607 1872 15
2607 1872 17
3476 2496 17
5214 3744 17
6083 4368 16
6952 4992 15
6952 4992 16
6952 4992 17
8690 6240 15
8690 6240 16
98 589 13
98 589 16
196 1178 13
294 1767 13
490 2945 17
588 3534 15
588 3534 16
588 3534 17
784 4712 15
882 5301 16
980 5890 14
1738 1248 14
1738 1248 15
1738 1248 15
1738 1248 16
2607 1872 13
2607 1872 16
2607 1872 16
3476 2496 12
3476 2496 17
98 589 12
98 589 13
98 589 14
98 589 15
196 1178 15
196 1178 17
294 1767 13
294 1767 16
490 2945 17
588 3534 14
784 4712 12
980 5890 14
980 5890 14
1738 1248 12
2607 1872 17
3476 2496 17
4345 3120 14
5214 3744 14
6952 4992 14
8690 6240 13
98 589 13
98 589 15
98 589 17
588 3534 16
588 3534 16
784 4712 13
784 4712 14
869 624 13
882 5301 16
1738 1248 16
2607 1872 13
2607 1872 16
3476 2496 13
4345 3120 17
5214 3744 12
5214 3744 15
6083 4368 16
6952 4992 15
7821 5616 13
8690 6240 16
98 589 13
98 589 13
98 589 14
294 1767 15
392 2356 16
490 2945 17
588 3534 16
784 4712 15
869 624 17
882 5301 13
882 5301 15
1738 1248 16
2607 1872 14
3476 2496 13
5214 3744 13
6952 4992 13
6952 4992 14
7821 5616 12
7821 5616 14
7821 5616 17
196 1178 15
490 2945 16
869 624 13
869 624 16
882 5301 14
980 5890 17
1738 1248 14
1738 1248 15
1738 1248 16
1738 1248 17
3476 2496 12
4345 3120 14
4345 3120 15
4345 3120 15
4345 3120 17
4345 3120 17
5214 3744 13
6083 4368 13
8690 6240 17
8690 6240 17
98 589 13
392 2356 12
392 2356 15
686 4123 15
784 4712 16
869 624 14
2607 1872 14
2607 1872 16
3476 2496 13
4345 3120 12
4345 3120 14
4345 3120 16
5214 3744 14
5214 3744 14
6083 4368 16
6083 4368 16
7821 5616 12
7821 5616 15
8690 6240 12
8690 6240 17
98 589 12
98 589 16
98 589 17
196 1178 15
392 2356 16
392 2356 16
490 2945 15
588 3534 17
686 4123 16
869 624 15
882 5301 12
3476 2496 17
4345 3120 13
5214 3744 15
6083 4368 14
6952 4992 12
6952 4992 16
7821 5616 13
7821 5616 15
8690 6240 15
196 1178 17
294 1767 13
294 1767 16
588 3534 14
588 3534 17
686 4123 16
784 4712 16
869 624 17
882 5301 12
980 5890 16
1738 1248 14
2607 1872 13
4345 3120 16
5214 3744 17
6083 4368 13
6952 4992 17
7821 5616 14
7821 5616 16
8690 6240 16
8690 6240 17
98 589 16
196 1178 16
392 2356 12
392 2356 16
490 2945 14
490 2945 16
490 2945 17
588 3534 16
784 4712 13
784 4712 15
869 624 15
869 624 17
882 5301 13
980 5890 12
980 5890 16
1738 1248 17
2607 1872 15
5214 3744 13
6083 4368 14
7821 5616 17
98 589 13
98 589 14
196 1178 15
294 1767 13
490 2945 13
490 2945 17
882 5301 14
882 5301 17
2607 1872 12
2607 1872 16
3476 2496 14
6083 4368 14
6083 4368 16
6952 4992 13
6952 4992 14
6952 4992 17
7821 5616 14
7821 5616 16
7821 5616 16
8690 6240 16
98 589 17
490 2945 17
588 3534 14
869 624 14
869 624 15
869 624 15
980 5890 13
980 5890 14
2607 1872 15
2607 1872 16
3476 2496 13
4345 3120 15
4345 3120 17
5214 3744 16
5214 3744 17
6083 4368 13
6952 4992 13
6952 4992 15
6952 4992 17
8690 6240 15
294 1767 14
392 2356 13
392 2356 14
490 2945 13
490 2945 13
490 2945 17
784 4712 15
869 624 14
882 5301 14
882 5301 17
980 5890 13
980 5890 14
1738 1248 14
4345 3120 14
5214 3744 13
5214 3744 15
6952 4992 12
7821 5616 14
8690 6240 13
8690 6240 16
98 589 17
196 1178 16
294 1767 13
294 1767 14
392 2356 12
490 2945 15
686 4123 15
869 624 13
869 624 13
869 624 16
882 5301 13
882 5301 14
882 5301 15
980 5890 15
1738 1248 15
6952 4992 16
8690 6240 13
8690 6240 13
8690 6240 14
8690 6240 15
98 589 15
98 589 16
196 1178 14
196 1178 16
392 2356 13
490 2945 17
588 3534 16
588 3534 17
869 624 17
882 5301 13
980 5890 14
1738 1248 13
1738 1248 16
2607 1872 15
2607 1872 15
5214 3744 15
6083 4368 12
6083 4368 14
6952 4992 12
6952 4992 14
98 589 14
98 589 15
392 2356 12
392 2356 14
392 2356 14
588 3534 15
686 4123 12
784 4712 13
784 4712 13
980 5890 12
980 5890 13
1738 1248 15
4345 3120 16
5214 3744 15
5214 3744 16
6083 4368 13
6083 4368 14
6952 4992 16
7821 5616 16
8690 6240 15
98 589 13
196 1178 14
294 1767 14
294 1767 14
392 2356 15
392 2356 17
392 2356 17
490 2945 13
588 3534 14
686 4123 15
980 5890 13
1738 1248 16
2607 1872 15
3476 2496 13
3476 2496 17
4345 3120 16
6952 4992 17
7821 5616 12
7821 5616 17
8690 6240 13
196 1178 12
196 1178 13
196 1178 14
392 2356 12
490 2945 13
490 2945 17
588 3534 13
686 4123 15
869 624 13
869 624 15
2607 1872 16
3476 2496 13
3476 2496 16
3476 2496 16
5214 3744 15
6083 4368 13
6083 4368 13
8690 6240 14
8690 6240 14
8690 6240 17
98 589 13
98 589 15
196 1178 17
294 1767 14
686 4123 16
686 4123 17
784 4712 13
869 624 17
882 5301 14
980 5890 16
980 5890 16
3476 2496 16
3476 2496 16
4345 3120 15
5214 3744 16
6083 4368 15
6952 4992 13
8690 6240 13
8690 6240 15
8690 6240 15
98 589 13
294 1767 13
294 1767 13
294 1767 16
490 2945 15
490 2945 17
686 4123 13
869 624 14
869 624 17
882 5301 15
1738 1248 14
1738 1248 16
2607 1872 17
3476 2496 14
4345 3120 12
4345 3120 14
4345 3120 16
6083 4368 12
6952 4992 16
8690 6240 16
98 589 15
294 1767 13
294 1767 15
784 4712 15
869 624 14
869 624 16
1738 1248 15
2607 1872 17
3476 2496 15
4345 3120 12
4345 3120 15
4345 3120 16
4345 3120 16
4345 3120 17
5214 3744 17
6083 4368 12
6952 4992 12
6952 4992 17
7821 5616 12
7821 5616 14
98 589 13
196 1178 15
294 1767 14
294 1767 16
392 2356 14
588 3534 12
588 3534 16
686 4123 15
686 4123 16
784 4712 14
869 624 14
869 624 16
882 5301 16
882 5301 16
1738 1248 14
3476 2496 12
3476 2496 17
4345 3120 12
5214 3744 13
5214 3744 17
490 2945 12
490 2945 13
588 3534 14
784 4712 16
784 4712 16
869 624 16
869 624 16
882 5301 16
980 5890 15
980 5890 16
1738 1248 13
1738 1248 15
3476 2496 12
4345 3120 14
5214 3744 17
6083 4368 15
8690 6240 13
8690 6240 14
8690 6240 14
8690 6240 14
196 1178 16
294 1767 12
294 1767 12
294 1767 16
490 2945 15
490 2945 16
686 4123 12
686 4123 13
686 4123 17
784 4712 16
784 4712 16
869 624 16
1738 1248 16
2607 1872 16
5214 3744 14
6083 4368 12
6083 4368 14
6083 4368 16
7821 5616 14
8690 6240 13
98 589 15
98 589 16
196 1178 13
196 1178 14
196 1178 14
196 1178 16
294 1767 15
490 2945 16
784 4712 17
869 624 14
869 624 15
869 624 16
882 5301 14
882 5301 16
2607 1872 15
3476 2496 15
3476 2496 17
4345 3120 13
6952 4992 16
7821 5616 13
196 1178 12
294 1767 12
294 1767 14
294 1767 15
392 2356 13
490 2945 14
588 3534 13
588 3534 14
686 4123 16
686 4123 17
784 4712 12
784 4712 16
784 4712 17
869 624 14
869 624 16
980 5890 13
1738 1248 14
3476 2496 15
4345 3120 16
6083 4368 16
196 1178 15
392 2356 13
392 2356 13
490 2945 12
490 2945 13
588 3534 16
784 4712 12
869 624 17
882 5301 14
1738 1248 12
1738 1248 12
2607 1872 15
3476 2496 15
4345 3120 13
4345 3120 16
5214 3744 16
5214 3744 17
7821 5616 12
7821 5616 15
7821 5616 17
98 589 13
98 589 13
98 589 16
196 1178 13
392 2356 12
392 2356 12
392 2356 13
490 2945 15
588 3534 14
686 4123 16
686 4123 16
869 624 13
869 624 17
980 5890 17
1738 1248 15
2607 1872 13
3476 2496 13
7821 5616 14
8690 6240 13
8690 6240 15
98 589 15
196 1178 14
196 1178 15
196 1178 17
490 2945 16
588 3534 13
686 4123 12
784 4712 13
784 4712 15
869 624 14
869 624 15
869 624 17
1738 1248 16
4345 3120 13
5214 3744 13
6083 4368 16
6952 4992 17
6952 4992 17
7821 5616 12
7821 5616 16
98 589 17
294 1767 14
294 1767 15
294 1767 15
294 1767 16
392 2356 12
392 2356 14
882 5301 12
882 5301 16
882 5301 16
1738 1248 14
2607 1872 12
3476 2496 17
5214 3744 13
6083 4368 12
6083 4368 14
6083 4368 16
6083 4368 17
6952 4992 16
8690 6240 16
196 1178 14
294 1767 13
294 1767 13
294 1767 15
392 2356 14
392 2356 15
784 4712 13
784 4712 15
869 624 14
869 624 17
882 5301 17
980 5890 14
1738 1248 16
2607 1872 15
5214 3744 16
6952 4992 12
6952 4992 13
6952 4992 13
7821 5616 14
7821 5616 17
98 589 13
196 1178 17
294 1767 14
294 1767 14
294 1767 14
294 1767 16
490 2945 14
490 2945 16
490 2945 16
686 4123 15
686 4123 15
686 4123 17
784 4712 17
882 5301 13
1738 1248 16
6083 4368 13
6952 4992 14
7821 5616 14
7821 5616 15
8690 6240 15
98 589 13
196 1178 17
588 3534 13
588 3534 13
784 4712 16
882 5301 13
882 5301 15
882 5301 17
980 5890 17
1738 1248 14
1738 1248 14
2607 1872 14
2607 1872 15
2607 1872 16
3476 2496 16
6083 4368 15
6083 4368 17
6083 4368 17
6952 4992 15
8690 6240 15
294 1767 17
392 2356 16
490 2945 15
490 2945 15
588 3534 14
784 4712 15
869 624 13
882 5301 13
980 5890 15
2607 1872 12
2607 1872 14
3476 2496 14
3476 2496 16
4345 3120 12
4345 3120 15
6083 4368 15
7821 5616 14
7821 5616 15
7821 5616 15
8690 6240 16
196 1178 14
196 1178 16
294 1767 13
588 3534 15
686 4123 17
869 624 15
869 624 16
882 5301 15
882 5301 17
980 5890 14
1738 1248 16
2607 1872 14
2607 1872 15
2607 1872 15
4345 3120 14
5214 3744 13
6083 4368 13
6083 4368 14
6083 4368 14
6952 4992 15
