200 20 80033
10 89 150
10 80 197
10 99 244
10 106 216
10 81 205
10 86 178
10 128 181
10 144 150
10 103 248
10 69 239
10 81 169
10 139 225
10 53 201
10 146 230
10 107 160
10 119 182
10 65 238
10 79 178
10 63 181
10 132 175
154 134 34
205 185 34
770 670 34
1025 925 27
1230 1110 25
1232 1072 32
1232 1072 34
1435 1295 25
1435 1295 33
1540 1340 32
205 185 27
205 185 33
462 402 26
462 402 31
462 402 34
616 536 34
616 536 34
924 804 31
1232 1072 26
1232 1072 34
154 134 30
154 134 31
308 268 34
615 555 34
616 536 27
770 670 27
770 670 32
820 740 26
1025 925 30
1230 1110 26
154 134 28
205 185 35
616 536 28
820 740 32
924 804 35
1025 925 33
1078 938 34
1230 1110 33
1386 1206 29
1386 1206 31
154 134 35
205 185 32
308 268 29
462 402 31
616 536 28
820 740 28
1025 925 25
1025 925 32
1078 938 32
1640 1480 28
154 134 33
308 268 32
410 370 26
616 536 33
1078 938 31
1078 938 35
1078 938 35
1232 1072 29
1386 1206 27
1845 1665 26
205 185 34
462 402 27
616 536 27
924 804 28
1078 938 28
1232 1072 30
1386 1206 29
1540 1340 26
2050 1850 28
2050 1850 34
154 134 29
462 402 29
616 536 26
616 536 32
770 670 26
770 670 34
820 740 34
1025 925 35
1078 938 30
1540 1340 34
154 134 26
410 370 28
462 402 32
924 804 32
1025 925 25
1025 925 28
1078 938 30
1232 1072 30
1640 1480 33
2050 1850 34
410 370 29
615 555 26
615 555 27
924 804 31
924 804 34
1078 938 28
1078 938 32
1540 1340 26
1540 1340 26
2050 1850 30
154 134 27
308 268 28
462 402 30
770 670 35
1230 1110 33
1386 1206 27
1386 1206 31
1540 1340 34
1540 1340 35
1640 1480 34
410 370 30
410 370 33
770 670 29
820 740 27
924 804 26
1386 1206 31
1386 1206 33
1540 1340 26
2050 1850 30
2050 1850 33
205 185 25
410 370 26
462 402 28
616 536 28
616 536 32
820 740 25
820 740 34
924 804 31
1386 1206 34
2050 1850 29
154 134 27
462 402 27
462 402 27
820 740 26
924 804 32
1230 1110 31
1230 1110 31
1386 1206 31
1640 1480 26
1845 1665 26
205 185 28
205 185 33
462 402 33
615 555 26
616 536 28
616 536 31
770 670 29
1078 938 32
1230 1110 30
1540 1340 33
154 134 29
308 268 28
462 402 29
616 536 32
924 804 27
924 804 34
1025 925 29
1230 1110 30
1540 1340 25
1540 1340 34
308 268 25
615 555 32
924 804 26
1078 938 25
1230 1110 28
1230 1110 30
1232 1072 29
1435 1295 31
1640 1480 28
2050 1850 28
154 134 31
308 268 35
616 536 27
820 740 28
1078 938 32
1230 1110 27
1230 1110 29
1232 1072 29
1540 1340 31
1845 1665 30
154 134 33
308 268 29
616 536 28
616 536 28
820 740 26
820 740 30
1025 925 26
1232 1072 29
1540 1340 27
1640 1480 34
154 134 33
410 370 32
615 555 29
615 555 34
616 536 31
820 740 27
820 740 34
820 740 35
924 804 30
1078 938 29
