500 20 168614
25 137 165
25 101 187
25 79 210
25 52 246
25 111 153
25 72 222
25 81 246
25 136 250
25 129 234
25 65 173
25 129 157
25 104 208
25 71 197
25 134 224
25 53 201
25 57 211
25 129 183
25 109 170
25 143 220
25 136 201
145 143 10
262 244 11
262 244 12
290 286 13
435 429 12
435 429 13
524 488 10
524 488 13
580 572 10
580 572 12
580 572 13
580 572 14
655 610 10
1015 1001 12
1015 1001 14
1048 976 11
1048 976 12
1048 976 12
1160 1144 12
1179 1098 11
1179 1098 13
1179 1098 14
1310 1220 11
1450 1430 13
1450 1430 14
145 143 11
145 143 12
290 286 12
393 366 14
435 429 11
524 488 14
725 715 13
725 715 13
786 732 12
786 732 12
786 732 13
786 732 14
870 858 10
870 858 11
870 858 12
870 858 13
1015 1001 10
1015 1001 14
1048 976 11
1048 976 12
1179 1098 12
1305 1287 12
1305 1287 13
1310 1220 12
1450 1430 12
131 122 13
131 122 13
131 122 14
131 122 14
145 143 12
145 143 14
262 244 11
393 366 13
580 572 10
580 572 13
580 572 14
655 610 11
655 610 12
725 715 13
786 732 11
786 732 13
786 732 14
870 858 12
917 854 11
1015 1001 11
1015 1001 11
1160 1144 10
1179 1098 11
1305 1287 11
1310 1220 12
131 122 11
145 143 10
262 244 13
290 286 10
290 286 13
524 488 11
580 572 12
655 610 12
725 715 13
786 732 12
786 732 12
786 732 13
870 858 11
870 858 12
870 858 12
917 854 10
917 854 11
1015 1001 12
1015 1001 12
1015 1001 13
1179 1098 11
1179 1098 12
1305 1287 10
1310 1220 10
1310 1220 11
131 122 11
145 143 10
145 143 12
145 143 14
262 244 11
262 244 12
262 244 12
290 286 10
435 429 11
580 572 10
655 610 12
725 715 10
725 715 13
725 715 13
917 854 11
917 854 13
1015 1001 11
1015 1001 12
1015 1001 12
1160 1144 10
1179 1098 14
1305 1287 11
1305 1287 13
1305 1287 13
1450 1430 11
131 122 11
145 143 11
262 244 14
290 286 13
435 429 11
435 429 11
435 429 12
524 488 11
524 488 12
524 488 14
580 572 10
655 610 12
655 610 14
725 715 10
870 858 14
1015 1001 14
1015 1001 14
1160 1144 12
1160 1144 14
1179 1098 10
1179 1098 12
1305 1287 11
1310 1220 11
1450 1430 12
1450 1430 12
131 122 12
145 143 11
145 143 12
290 286 13
393 366 13
435 429 10
435 429 11
435 429 11
524 488 10
524 488 12
580 572 11
725 715 13
786 732 12
870 858 12
870 858 13
917 854 11
917 854 12
917 854 12
1015 1001 11
1048 976 10
1160 1144 10
1160 1144 13
1160 1144 14
1310 1220 10
1450 1430 13
290 286 10
393 366 11
393 366 13
393 366 13
435 429 11
435 429 14
435 429 14
655 610 13
655 610 14
655 610 14
725 715 12
786 732 11
786 732 14
870 858 12
1048 976 10
1048 976 10
1048 976 11
1048 976 12
1160 1144 14
1179 1098 10
1179 1098 13
1305 1287 12
1310 1220 10
1310 1220 10
1450 1430 11
131 122 11
145 143 11
393 366 13
435 429 11
435 429 12
524 488 11
580 572 10
655 610 13
655 610 13
655 610 14
725 715 10
725 715 10
786 732 12
786 732 13
786 732 13
870 858 13
917 854 11
1015 1001 14
1015 1001 14
1160 1144 13
1179 1098 14
1179 1098 14
1310 1220 12
1310 1220 13
1310 1220 13
131 122 11
262 244 11
262 244 12
262 244 12
262 244 12
290 286 10
290 286 11
290 286 11
393 366 11
435 429 12
435 429 12
435 429 14
524 488 10
524 488 10
524 488 13
580 572 14
917 854 13
1015 1001 10
1048 976 10
1048 976 12
1179 1098 14
1305 1287 11
1305 1287 13
1305 1287 14
1310 1220 11
131 122 11
131 122 12
145 143 11
145 143 11
145 143 14
145 143 14
262 244 11
290 286 13
435 429 14
524 488 13
725 715 10
725 715 11
725 715 13
725 715 13
786 732 12
786 732 13
870 858 10
870 858 13
870 858 13
917 854 13
1160 1144 13
1179 1098 11
1310 1220 11
1450 1430 12
1450 1430 12
131 122 11
145 143 14
262 244 12
290 286 12
393 366 10
393 366 12
393 366 12
393 366 14
435 429 12
435 429 13
435 429 14
435 429 14
524 488 12
524 488 14
655 610 11
655 610 12
655 610 13
786 732 11
917 854 10
917 854 13
1048 976 11
1160 1144 11
1450 1430 12
1450 1430 12
1450 1430 12
131 122 11
145 143 12
145 143 14
262 244 11
262 244 14
290 286 13
393 366 11
524 488 13
580 572 11
786 732 13
870 858 11
870 858 12
870 858 13
1160 1144 10
1160 1144 10
1160 1144 11
1160 1144 13
1160 1144 14
1179 1098 11
1179 1098 11
1305 1287 10
1305 1287 10
1305 1287 11
1305 1287 12
1310 1220 13
262 244 11
262 244 13
290 286 14
290 286 14
393 366 13
435 429 11
435 429 13
435 429 13
524 488 12
524 488 13
655 610 13
655 610 13
786 732 12
870 858 14
917 854 12
1015 1001 12
1015 1001 13
1048 976 13
1160 1144 10
1179 1098 11
1179 1098 11
1305 1287 13
1310 1220 10
1310 1220 11
1450 1430 14
145 143 10
145 143 13
262 244 12
290 286 13
435 429 14
524 488 11
524 488 13
580 572 10
580 572 11
580 572 11
655 610 10
655 610 13
786 732 14
870 858 11
870 858 12
917 854 11
917 854 11
917 854 13
1015 1001 12
1048 976 13
1160 1144 11
1160 1144 12
1179 1098 12
1179 1098 12
1305 1287 14
131 122 13
145 143 12
290 286 12
290 286 13
393 366 14
435 429 11
435 429 13
524 488 11
580 572 12
580 572 13
580 572 13
725 715 10
725 715 13
786 732 11
786 732 12
786 732 13
870 858 13
1160 1144 12
1160 1144 14
1160 1144 14
1179 1098 11
1179 1098 13
1305 1287 11
1305 1287 12
1450 1430 11
131 122 13
145 143 10
145 143 12
262 244 14
290 286 13
393 366 13
524 488 11
580 572 11
580 572 13
655 610 11
655 610 11
655 610 13
786 732 10
786 732 11
786 732 14
786 732 14
870 858 14
917 854 10
917 854 12
917 854 12
917 854 13
1160 1144 10
1179 1098 12
1179 1098 14
1450 1430 13
131 122 11
131 122 12
131 122 14
145 143 12
145 143 12
145 143 12
393 366 11
393 366 12
435 429 10
435 429 14
524 488 13
655 610 11
655 610 12
725 715 10
786 732 11
870 858 10
870 858 10
870 858 11
870 858 12
1015 1001 11
1160 1144 13
1160 1144 14
1310 1220 10
1310 1220 11
1450 1430 14
131 122 12
131 122 13
145 143 11
145 143 12
262 244 12
290 286 11
393 366 12
393 366 13
393 366 13
435 429 11
435 429 13
524 488 12
524 488 13
524 488 13
580 572 12
580 572 13
870 858 13
1015 1001 13
1048 976 11
1160 1144 12
1305 1287 13
1305 1287 13
1310 1220 13
1450 1430 11
1450 1430 12
131 122 11
131 122 14
145 143 12
145 143 13
145 143 13
262 244 14
290 286 10
290 286 11
290 286 12
290 286 12
435 429 14
725 715 11
725 715 14
786 732 11
917 854 13
1015 1001 13
1015 1001 13
1048 976 10
1048 976 12
1048 976 12
1048 976 13
1160 1144 14
1305 1287 12
1310 1220 11
1450 1430 10
