2000 20 8176610
100 107 237
100 104 246
100 55 178
100 56 247
100 88 172
100 105 174
100 86 207
100 112 161
100 118 209
100 124 151
100 97 223
100 124 171
100 144 222
100 143 190
100 96 173
100 84 162
100 141 244
100 100 180
100 59 221
100 149 219
1411 1380 2
1411 1380 3
1411 1380 3
1411 1380 3
1810 1815 2
2822 2760 2
2822 2760 3
2822 2760 3
2822 2760 3
3620 3630 2
3620 3630 2
3620 3630 2
3620 3630 3
3620 3630 3
4233 4140 3
4233 4140 3
4233 4140 3
4233 4140 3
5430 5445 2
5430 5445 2
5430 5445 3
5430 5445 3
5430 5445 3
5430 5445 3
5430 5445 3
5430 5445 3
5430 5445 3
5430 5445 3
5430 5445 3
5430 5445 3
5644 5520 3
5644 5520 3
5644 5520 3
7055 6900 2
7055 6900 2
7055 6900 2
7055 6900 3
7055 6900 3
7055 6900 3
7240 7260 2
7240 7260 3
7240 7260 3
8466 8280 3
8466 8280 3
8466 8280 3
9050 9075 2
9050 9075 3
9050 9075 3
9050 9075 3
9050 9075 3
9877 9660 3
9877 9660 3
9877 9660 3
9877 9660 3
9877 9660 3
10860 10890 3
10860 10890 3
10860 10890 3
10860 10890 3
10860 10890 3
10860 10890 3
11288 11040 2
11288 11040 2
11288 11040 3
11288 11040 3
11288 11040 3
11288 11040 3
11288 11040 3
11288 11040 3
12670 12705 2
12670 12705 3
12670 12705 3
12670 12705 3
12670 12705 3
12670 12705 3
12699 12420 3
14110 13800 2
14110 13800 2
14110 13800 3
14110 13800 3
14110 13800 3
14110 13800 3
14110 13800 3
14110 13800 3
14110 13800 3
14110 13800 3
14480 14520 3
14480 14520 3
14480 14520 3
14480 14520 3
16290 16335 3
16290 16335 3
18100 18150 2
18100 18150 2
18100 18150 2
18100 18150 2
18100 18150 3
18100 18150 3
18100 18150 3
18100 18150 3
1411 1380 2
1411 1380 3
1411 1380 3
1411 1380 3
1810 1815 2
1810 1815 3
1810 1815 3
1810 1815 3
2822 2760 2
2822 2760 3
2822 2760 3
2822 2760 3
3620 3630 2
3620 3630 2
3620 3630 2
3620 3630 3
3620 3630 3
3620 3630 3
3620 3630 3
3620 3630 3
4233 4140 2
4233 4140 2
4233 4140 3
4233 4140 3
4233 4140 3
4233 4140 3
4233 4140 3
5430 5445 2
5430 5445 3
5430 5445 3
5430 5445 3
5644 5520 2
5644 5520 3
5644 5520 3
7055 6900 2
7055 6900 2
7055 6900 3
7055 6900 3
7055 6900 3
7055 6900 3
7055 6900 3
7240 7260 2
7240 7260 3
8466 8280 2
8466 8280 2
8466 8280 3
8466 8280 3
8466 8280 3
8466 8280 3
8466 8280 3
8466 8280 3
9050 9075 2
9050 9075 2
9050 9075 2
9050 9075 3
9050 9075 3
9050 9075 3
9877 9660 2
9877 9660 2
9877 9660 2
9877 9660 3
9877 9660 3
9877 9660 3
10860 10890 3
11288 11040 2
11288 11040 2
11288 11040 3
11288 11040 3
11288 11040 3
12670 12705 2
12670 12705 3
12670 12705 3
12670 12705 3
12699 12420 2
12699 12420 3
14110 13800 2
14110 13800 2
14110 13800 2
14110 13800 3
14110 13800 3
14110 13800 3
14110 13800 3
14110 13800 3
14480 14520 2
14480 14520 2
14480 14520 3
14480 14520 3
14480 14520 3
14480 14520 3
14480 14520 3
16290 16335 3
16290 16335 3
16290 16335 3
16290 16335 3
16290 16335 3
16290 16335 3
18100 18150 2
18100 18150 2
18100 18150 3
18100 18150 3
1411 1380 2
1411 1380 3
1411 1380 3
1411 1380 3
1810 1815 2
1810 1815 3
1810 1815 3
1810 1815 3
2822 2760 2
2822 2760 2
2822 2760 3
2822 2760 3
2822 2760 3
2822 2760 3
2822 2760 3
3620 3630 2
3620 3630 3
3620 3630 3
4233 4140 2
4233 4140 3
4233 4140 3
4233 4140 3
4233 4140 3
4233 4140 3
4233 4140 3
4233 4140 3
5430 5445 2
5430 5445 3
5430 5445 3
5430 5445 3
5644 5520 2
5644 5520 3
5644 5520 3
7055 6900 2
7055 6900 2
7055 6900 3
7055 6900 3
7055 6900 3
7055 6900 3
7055 6900 3
7240 7260 2
7240 7260 2
7240 7260 2
7240 7260 3
7240 7260 3
8466 8280 2
8466 8280 3
9050 9075 2
9050 9075 2
9050 9075 2
9050 9075 3
9050 9075 3
9050 9075 3
9050 9075 3
9050 9075 3
9050 9075 3
9877 9660 2
9877 9660 2
9877 9660 3
9877 9660 3
9877 9660 3
9877 9660 3
9877 9660 3
10860 10890 3
10860 10890 3
11288 11040 2
11288 11040 2
11288 11040 3
11288 11040 3
11288 11040 3
11288 11040 3
11288 11040 3
11288 11040 3
12670 12705 3
12699 12420 2
12699 12420 3
12699 12420 3
12699 12420 3
12699 12420 3
12699 12420 3
12699 12420 3
14110 13800 2
14110 13800 2
14110 13800 2
14110 13800 3
14110 13800 3
14480 14520 2
14480 14520 3
14480 14520 3
16290 16335 2
16290 16335 2
16290 16335 3
16290 16335 3
16290 16335 3
16290 16335 3
18100 18150 2
18100 18150 2
18100 18150 3
18100 18150 3
18100 18150 3
1411 1380 3
1411 1380 3
1411 1380 3
1411 1380 3
1411 1380 3
1411 1380 3
1411 1380 3
1810 1815 2
1810 1815 2
1810 1815 2
1810 1815 3
1810 1815 3
2822 2760 2
2822 2760 3
2822 2760 3
3620 3630 2
3620 3630 2
4233 4140 2
4233 4140 2
4233 4140 3
4233 4140 3
4233 4140 3
5430 5445 3
5430 5445 3
5430 5445 3
5430 5445 3
5430 5445 3
5430 5445 3
5644 5520 3
5644 5520 3
5644 5520 3
7055 6900 2
7055 6900 3
7055 6900 3
7055 6900 3
7055 6900 3
7240 7260 2
7240 7260 2
7240 7260 2
7240 7260 2
7240 7260 3
7240 7260 3
7240 7260 3
7240 7260 3
8466 8280 3
8466 8280 3
8466 8280 3
8466 8280 3
9050 9075 2
9050 9075 3
9050 9075 3
9050 9075 3
9050 9075 3
9050 9075 3
9050 9075 3
9050 9075 3
9877 9660 3
9877 9660 3
10860 10890 2
10860 10890 3
10860 10890 3
10860 10890 3
10860 10890 3
11288 11040 2
11288 11040 2
11288 11040 2
11288 11040 3
11288 11040 3
11288 11040 3
12670 12705 3
12699 12420 3
12699 12420 3
12699 12420 3
12699 12420 3
14110 13800 2
14110 13800 3
14110 13800 3
14110 13800 3
14110 13800 3
14110 13800 3
14110 13800 3
14110 13800 3
14480 14520 3
14480 14520 3
14480 14520 3
14480 14520 3
16290 16335 2
16290 16335 3
16290 16335 3
16290 16335 3
16290 16335 3
16290 16335 3
18100 18150 2
18100 18150 2
18100 18150 3
18100 18150 3
18100 18150 3
18100 18150 3
18100 18150 3
18100 18150 3
1411 1380 2
1411 1380 3
1411 1380 3
1411 1380 3
1411 1380 3
1411 1380 3
1810 1815 2
1810 1815 2
1810 1815 2
1810 1815 2
1810 1815 2
1810 1815 3
2822 2760 2
2822 2760 2
2822 2760 3
3620 3630 2
3620 3630 2
3620 3630 2
3620 3630 3
3620 3630 3
3620 3630 3
3620 3630 3
3620 3630 3
3620 3630 3
4233 4140 2
4233 4140 2
4233 4140 3
4233 4140 3
4233 4140 3
4233 4140 3
4233 4140 3
5430 5445 3
5430 5445 3
5430 5445 3
5644 5520 3
5644 5520 3
5644 5520 3
7055 6900 2
7055 6900 3
7055 6900 3
7055 6900 3
7055 6900 3
7240 7260 2
7240 7260 2
7240 7260 2
7240 7260 2
7240 7260 3
7240 7260 3
7240 7260 3
8466 8280 2
8466 8280 3
9050 9075 2
9050 9075 2
9050 9075 3
9050 9075 3
9050 9075 3
9050 9075 3
9877 9660 3
9877 9660 3
9877 9660 3
9877 9660 3
10860 10890 2
10860 10890 2
10860 10890 2
10860 10890 3
10860 10890 3
10860 10890 3
10860 10890 3
11288 11040 2
11288 11040 2
11288 11040 3
11288 11040 3
11288 11040 3
11288 11040 3
11288 11040 3
12670 12705 2
12670 12705 2
12670 12705 3
12670 12705 3
12670 12705 3
12670 12705 3
12699 12420 2
12699 12420 3
12699 12420 3
14110 13800 2
14110 13800 3
14110 13800 3
14110 13800 3
14110 13800 3
14110 13800 3
14480 14520 2
14480 14520 3
16290 16335 2
16290 16335 2
16290 16335 3
16290 16335 3
16290 16335 3
16290 16335 3
18100 18150 2
18100 18150 3
1411 1380 2
1411 1380 2
1411 1380 3
1411 1380 3
1411 1380 3
1810 1815 3
1810 1815 3
1810 1815 3
1810 1815 3
1810 1815 3
2822 2760 2
2822 2760 3
2822 2760 3
2822 2760 3
3620 3630 3
3620 3630 3
3620 3630 3
3620 3630 3
4233 4140 2
4233 4140 3
4233 4140 3
4233 4140 3
5430 5445 2
5430 5445 2
5430 5445 2
5430 5445 3
5430 5445 3
5644 5520 2
5644 5520 2
5644 5520 3
5644 5520 3
7055 6900 2
7055 6900 2
7055 6900 3
7055 6900 3
7055 6900 3
7055 6900 3
7240 7260 2
7240 7260 2
7240 7260 3
7240 7260 3
8466 8280 2
8466 8280 2
8466 8280 2
8466 8280 3
8466 8280 3
8466 8280 3
8466 8280 3
9050 9075 2
9050 9075 3
9877 9660 2
9877 9660 3
9877 9660 3
9877 9660 3
9877 9660 3
10860 10890 2
10860 10890 2
10860 10890 3
10860 10890 3
10860 10890 3
12670 12705 2
12670 12705 2
12670 12705 2
12670 12705 2
12670 12705 3
12670 12705 3
12670 12705 3
12670 12705 3
12699 12420 3
14110 13800 2
14110 13800 2
14110 13800 3
14110 13800 3
14110 13800 3
14110 13800 3
14480 14520 2
14480 14520 2
14480 14520 3
14480 14520 3
14480 14520 3
14480 14520 3
14480 14520 3
14480 14520 3
14480 14520 3
14480 14520 3
14480 14520 3
14480 14520 3
16290 16335 2
16290 16335 2
16290 16335 3
16290 16335 3
16290 16335 3
16290 16335 3
16290 16335 3
18100 18150 2
18100 18150 3
18100 18150 3
18100 18150 3
18100 18150 3
18100 18150 3
1411 1380 2
1411 1380 2
1411 1380 2
1411 1380 3
1411 1380 3
1411 1380 3
1411 1380 3
1411 1380 3
1810 1815 2
1810 1815 2
1810 1815 2
1810 1815 2
1810 1815 3
1810 1815 3
2822 2760 3
2822 2760 3
2822 2760 3
3620 3630 2
3620 3630 3
4233 4140 3
4233 4140 3
4233 4140 3
4233 4140 3
5430 5445 2
5430 5445 2
5430 5445 3
5430 5445 3
5430 5445 3
5430 5445 3
5430 5445 3
5430 5445 3
5644 5520 2
5644 5520 2
5644 5520 2
5644 5520 3
5644 5520 3
5644 5520 3
5644 5520 3
7055 6900 3
7055 6900 3
7055 6900 3
7055 6900 3
7055 6900 3
7240 7260 2
7240 7260 3
7240 7260 3
7240 7260 3
8466 8280 2
8466 8280 3
8466 8280 3
9050 9075 2
9050 9075 3
9050 9075 3
9050 9075 3
9050 9075 3
9050 9075 3
9877 9660 2
9877 9660 2
9877 9660 3
9877 9660 3
9877 9660 3
10860 10890 2
10860 10890 2
10860 10890 3
10860 10890 3
10860 10890 3
10860 10890 3
11288 11040 3
11288 11040 3
11288 11040 3
11288 11040 3
12670 12705 2
12670 12705 2
12670 12705 3
12670 12705 3
12699 12420 2
12699 12420 2
12699 12420 2
12699 12420 3
12699 12420 3
12699 12420 3
12699 12420 3
14110 13800 2
14110 13800 2
14110 13800 3
14110 13800 3
14110 13800 3
14480 14520 2
14480 14520 3
14480 14520 3
16290 16335 2
16290 16335 3
16290 16335 3
16290 16335 3
16290 16335 3
18100 18150 2
18100 18150 3
18100 18150 3
18100 18150 3
18100 18150 3
1411 1380 2
1411 1380 2
1411 1380 3
1411 1380 3
1810 1815 3
1810 1815 3
1810 1815 3
1810 1815 3
1810 1815 3
2822 2760 2
2822 2760 2
2822 2760 2
2822 2760 2
2822 2760 3
2822 2760 3
2822 2760 3
2822 2760 3
2822 2760 3
3620 3630 2
3620 3630 3
3620 3630 3
4233 4140 3
4233 4140 3
4233 4140 3
4233 4140 3
5430 5445 2
5430 5445 2
5430 5445 3
5430 5445 3
5430 5445 3
5430 5445 3
5644 5520 2
5644 5520 2
5644 5520 3
5644 5520 3
5644 5520 3
5644 5520 3
7055 6900 2
7055 6900 2
7055 6900 3
7055 6900 3
7055 6900 3
7240 7260 2
7240 7260 3
7240 7260 3
8466 8280 3
8466 8280 3
8466 8280 3
8466 8280 3
9050 9075 2
9050 9075 2
9050 9075 2
9050 9075 3
9050 9075 3
9050 9075 3
9877 9660 2
9877 9660 3
9877 9660 3
10860 10890 2
10860 10890 3
10860 10890 3
11288 11040 2
11288 11040 2
11288 11040 3
11288 11040 3
11288 11040 3
11288 11040 3
12670 12705 2
12670 12705 2
12670 12705 2
12670 12705 3
12670 12705 3
12670 12705 3
12670 12705 3
12670 12705 3
12699 12420 2
12699 12420 3
12699 12420 3
12699 12420 3
14110 13800 2
14110 13800 2
14110 13800 2
14110 13800 3
14110 13800 3
14110 13800 3
14110 13800 3
14480 14520 2
14480 14520 2
16290 16335 3
16290 16335 3
16290 16335 3
16290 16335 3
16290 16335 3
16290 16335 3
18100 18150 2
18100 18150 2
18100 18150 2
18100 18150 3
18100 18150 3
18100 18150 3
1411 1380 2
1411 1380 2
1411 1380 2
1411 1380 3
1411 1380 3
1411 1380 3
1810 1815 3
1810 1815 3
1810 1815 3
1810 1815 3
2822 2760 2
2822 2760 2
2822 2760 3
2822 2760 3
2822 2760 3
2822 2760 3
2822 2760 3
3620 3630 3
3620 3630 3
3620 3630 3
3620 3630 3
4233 4140 3
4233 4140 3
4233 4140 3
4233 4140 3
4233 4140 3
4233 4140 3
4233 4140 3
4233 4140 3
4233 4140 3
5430 5445 2
5430 5445 2
5430 5445 3
5430 5445 3
5430 5445 3
5430 5445 3
5644 5520 2
5644 5520 2
5644 5520 3
5644 5520 3
5644 5520 3
5644 5520 3
5644 5520 3
7055 6900 2
7055 6900 3
7055 6900 3
7240 7260 2
7240 7260 3
7240 7260 3
7240 7260 3
7240 7260 3
7240 7260 3
7240 7260 3
8466 8280 3
8466 8280 3
9050 9075 2
9050 9075 2
9050 9075 3
9050 9075 3
9877 9660 2
9877 9660 2
9877 9660 3
9877 9660 3
9877 9660 3
9877 9660 3
10860 10890 2
10860 10890 3
10860 10890 3
10860 10890 3
10860 10890 3
11288 11040 2
11288 11040 3
11288 11040 3
11288 11040 3
11288 11040 3
12670 12705 2
12699 12420 2
12699 12420 3
14110 13800 2
14110 13800 3
14110 13800 3
14110 13800 3
14480 14520 2
14480 14520 3
14480 14520 3
14480 14520 3
14480 14520 3
14480 14520 3
14480 14520 3
14480 14520 3
14480 14520 3
14480 14520 3
16290 16335 2
16290 16335 3
16290 16335 3
18100 18150 2
18100 18150 2
18100 18150 2
18100 18150 3
18100 18150 3
1411 1380 2
1411 1380 3
1411 1380 3
1411 1380 3
1411 1380 3
1810 1815 3
1810 1815 3
1810 1815 3
2822 2760 2
2822 2760 2
2822 2760 2
2822 2760 2
2822 2760 3
2822 2760 3
2822 2760 3
3620 3630 2
3620 3630 3
3620 3630 3
3620 3630 3
3620 3630 3
4233 4140 3
4233 4140 3
4233 4140 3
5430 5445 2
5430 5445 2
5430 5445 3
5644 5520 2
5644 5520 2
5644 5520 2
5644 5520 2
5644 5520 3
5644 5520 3
5644 5520 3
5644 5520 3
7055 6900 3
7055 6900 3
7055 6900 3
7240 7260 3
8466 8280 2
8466 8280 2
8466 8280 3
8466 8280 3
8466 8280 3
8466 8280 3
8466 8280 3
8466 8280 3
9050 9075 2
9050 9075 3
9050 9075 3
9050 9075 3
9050 9075 3
9050 9075 3
9050 9075 3
9877 9660 3
9877 9660 3
10860 10890 2
10860 10890 3
10860 10890 3
10860 10890 3
10860 10890 3
11288 11040 2
11288 11040 3
11288 11040 3
11288 11040 3
11288 11040 3
11288 11040 3
11288 11040 3
11288 11040 3
11288 11040 3
12670 12705 2
12670 12705 3
12670 12705 3
12670 12705 3
12670 12705 3
12670 12705 3
12699 12420 2
12699 12420 2
12699 12420 2
12699 12420 3
12699 12420 3
12699 12420 3
12699 12420 3
12699 12420 3
12699 12420 3
14110 13800 3
14110 13800 3
14480 14520 2
14480 14520 3
14480 14520 3
14480 14520 3
16290 16335 2
16290 16335 3
16290 16335 3
18100 18150 2
18100 18150 3
18100 18150 3
18100 18150 3
18100 18150 3
18100 18150 3
18100 18150 3
1411 1380 2
1411 1380 3
1411 1380 3
1411 1380 3
1411 1380 3
1411 1380 3
1411 1380 3
1810 1815 3
1810 1815 3
1810 1815 3
1810 1815 3
2822 2760 2
2822 2760 2
2822 2760 3
2822 2760 3
2822 2760 3
3620 3630 3
3620 3630 3
3620 3630 3
4233 4140 2
4233 4140 2
4233 4140 3
4233 4140 3
4233 4140 3
4233 4140 3
4233 4140 3
5430 5445 2
5430 5445 2
5430 5445 2
5430 5445 3
5430 5445 3
5430 5445 3
5430 5445 3
5430 5445 3
5430 5445 3
5644 5520 2
5644 5520 3
5644 5520 3
7055 6900 2
7055 6900 2
7055 6900 2
7055 6900 3
7055 6900 3
7240 7260 3
7240 7260 3
7240 7260 3
7240 7260 3
7240 7260 3
7240 7260 3
8466 8280 2
8466 8280 3
8466 8280 3
8466 8280 3
8466 8280 3
8466 8280 3
8466 8280 3
9050 9075 2
9050 9075 2
9050 9075 2
9050 9075 2
9050 9075 3
9050 9075 3
9050 9075 3
9877 9660 2
9877 9660 2
9877 9660 3
9877 9660 3
10860 10890 3
10860 10890 3
10860 10890 3
11288 11040 2
11288 11040 2
11288 11040 3
11288 11040 3
11288 11040 3
11288 11040 3
11288 11040 3
11288 11040 3
12670 12705 2
12670 12705 3
12699 12420 2
12699 12420 2
12699 12420 3
12699 12420 3
14110 13800 2
14110 13800 2
14110 13800 3
14110 13800 3
14110 13800 3
14480 14520 2
14480 14520 3
16290 16335 2
16290 16335 2
16290 16335 2
16290 16335 3
16290 16335 3
16290 16335 3
16290 16335 3
18100 18150 3
18100 18150 3
1411 1380 2
1411 1380 3
1411 1380 3
1411 1380 3
1411 1380 3
1411 1380 3
1411 1380 3
1810 1815 2
1810 1815 2
1810 1815 2
1810 1815 2
1810 1815 3
1810 1815 3
1810 1815 3
1810 1815 3
2822 2760 3
2822 2760 3
2822 2760 3
2822 2760 3
2822 2760 3
2822 2760 3
3620 3630 2
3620 3630 3
3620 3630 3
3620 3630 3
3620 3630 3
4233 4140 2
4233 4140 3
4233 4140 3
4233 4140 3
4233 4140 3
4233 4140 3
5430 5445 3
5430 5445 3
5644 5520 2
5644 5520 3
5644 5520 3
5644 5520 3
5644 5520 3
7055 6900 2
7055 6900 3
7055 6900 3
7055 6900 3
7055 6900 3
7055 6900 3
7240 7260 2
7240 7260 3
7240 7260 3
7240 7260 3
7240 7260 3
7240 7260 3
8466 8280 2
8466 8280 2
8466 8280 3
9050 9075 2
9050 9075 3
9050 9075 3
9877 9660 2
9877 9660 3
9877 9660 3
9877 9660 3
9877 9660 3
9877 9660 3
10860 10890 2
10860 10890 2
10860 10890 2
10860 10890 3
10860 10890 3
10860 10890 3
11288 11040 2
11288 11040 3
11288 11040 3
12670 12705 3
12699 12420 2
12699 12420 3
12699 12420 3
12699 12420 3
14110 13800 2
14110 13800 2
14110 13800 2
14110 13800 3
14110 13800 3
14110 13800 3
14110 13800 3
14480 14520 2
14480 14520 2
14480 14520 3
14480 14520 3
14480 14520 3
14480 14520 3
14480 14520 3
14480 14520 3
14480 14520 3
16290 16335 2
16290 16335 3
16290 16335 3
16290 16335 3
16290 16335 3
18100 18150 2
18100 18150 3
1411 1380 2
1411 1380 3
1411 1380 3
1411 1380 3
1411 1380 3
1810 1815 2
1810 1815 3
1810 1815 3
1810 1815 3
2822 2760 2
2822 2760 2
2822 2760 3
2822 2760 3
2822 2760 3
2822 2760 3
3620 3630 2
3620 3630 2
3620 3630 2
3620 3630 3
3620 3630 3
3620 3630 3
3620 3630 3
4233 4140 3
4233 4140 3
5430 5445 2
5430 5445 3
5644 5520 2
5644 5520 3
5644 5520 3
7055 6900 2
7055 6900 2
7055 6900 3
7055 6900 3
7055 6900 3
7240 7260 2
7240 7260 2
7240 7260 2
7240 7260 2
7240 7260 2
7240 7260 3
7240 7260 3
7240 7260 3
8466 8280 2
8466 8280 2
8466 8280 2
8466 8280 2
8466 8280 3
8466 8280 3
8466 8280 3
9050 9075 2
9050 9075 3
9050 9075 3
9877 9660 2
9877 9660 2
9877 9660 3
9877 9660 3
9877 9660 3
10860 10890 2
10860 10890 3
10860 10890 3
10860 10890 3
10860 10890 3
10860 10890 3
10860 10890 3
10860 10890 3
10860 10890 3
11288 11040 2
11288 11040 3
11288 11040 3
11288 11040 3
11288 11040 3
11288 11040 3
12670 12705 2
12670 12705 3
12699 12420 3
12699 12420 3
12699 12420 3
12699 12420 3
12699 12420 3
14110 13800 2
14110 13800 3
14110 13800 3
14110 13800 3
14110 13800 3
14110 13800 3
14480 14520 2
14480 14520 2
14480 14520 3
14480 14520 3
14480 14520 3
16290 16335 2
16290 16335 2
16290 16335 3
18100 18150 2
18100 18150 2
18100 18150 2
18100 18150 3
18100 18150 3
18100 18150 3
18100 18150 3
1411 1380 2
1411 1380 2
1411 1380 3
1411 1380 3
1411 1380 3
1411 1380 3
1411 1380 3
1810 1815 2
1810 1815 2
1810 1815 2
1810 1815 3
1810 1815 3
1810 1815 3
2822 2760 3
2822 2760 3
2822 2760 3
2822 2760 3
2822 2760 3
2822 2760 3
3620 3630 3
3620 3630 3
3620 3630 3
3620 3630 3
4233 4140 2
4233 4140 2
4233 4140 2
4233 4140 2
4233 4140 3
4233 4140 3
4233 4140 3
4233 4140 3
5430 5445 2
5430 5445 3
5430 5445 3
5430 5445 3
5430 5445 3
5430 5445 3
5644 5520 2
5644 5520 3
5644 5520 3
7055 6900 3
7055 6900 3
7055 6900 3
7240 7260 2
7240 7260 2
7240 7260 3
7240 7260 3
7240 7260 3
7240 7260 3
8466 8280 2
8466 8280 2
8466 8280 2
8466 8280 2
8466 8280 3
8466 8280 3
8466 8280 3
8466 8280 3
8466 8280 3
9050 9075 2
9050 9075 2
9050 9075 3
9050 9075 3
9050 9075 3
9050 9075 3
9050 9075 3
9877 9660 2
9877 9660 3
9877 9660 3
10860 10890 2
10860 10890 2
10860 10890 3
10860 10890 3
10860 10890 3
10860 10890 3
10860 10890 3
10860 10890 3
11288 11040 2
11288 11040 3
11288 11040 3
12670 12705 3
12670 12705 3
12699 12420 2
12699 12420 2
12699 12420 2
12699 12420 3
14110 13800 3
14110 13800 3
14110 13800 3
14110 13800 3
14110 13800 3
14110 13800 3
14480 14520 3
14480 14520 3
14480 14520 3
16290 16335 3
16290 16335 3
16290 16335 3
16290 16335 3
18100 18150 3
18100 18150 3
1411 1380 3
1810 1815 2
1810 1815 2
1810 1815 3
1810 1815 3
2822 2760 2
2822 2760 3
2822 2760 3
2822 2760 3
3620 3630 2
3620 3630 2
3620 3630 3
3620 3630 3
3620 3630 3
3620 3630 3
3620 3630 3
4233 4140 2
4233 4140 2
4233 4140 2
4233 4140 2
4233 4140 3
4233 4140 3
4233 4140 3
4233 4140 3
4233 4140 3
5430 5445 2
5430 5445 2
5644 5520 2
5644 5520 2
5644 5520 3
5644 5520 3
5644 5520 3
5644 5520 3
5644 5520 3
7055 6900 2
7055 6900 2
7055 6900 2
7055 6900 3
7055 6900 3
7055 6900 3
7055 6900 3
7240 7260 3
7240 7260 3
7240 7260 3
7240 7260 3
7240 7260 3
8466 8280 3
8466 8280 3
8466 8280 3
8466 8280 3
8466 8280 3
9050 9075 2
9050 9075 3
9050 9075 3
9877 9660 2
9877 9660 2
9877 9660 3
9877 9660 3
9877 9660 3
10860 10890 3
11288 11040 2
11288 11040 2
11288 11040 3
11288 11040 3
12670 12705 2
12670 12705 3
12670 12705 3
12670 12705 3
12670 12705 3
12670 12705 3
12699 12420 2
12699 12420 3
12699 12420 3
12699 12420 3
14110 13800 2
14110 13800 3
14110 13800 3
14110 13800 3
14110 13800 3
14110 13800 3
14110 13800 3
14110 13800 3
14480 14520 2
14480 14520 3
14480 14520 3
14480 14520 3
14480 14520 3
14480 14520 3
14480 14520 3
16290 16335 2
16290 16335 2
16290 16335 3
16290 16335 3
16290 16335 3
16290 16335 3
18100 18150 2
18100 18150 3
18100 18150 3
18100 18150 3
18100 18150 3
1411 1380 2
1411 1380 2
1411 1380 3
1411 1380 3
1411 1380 3
1810 1815 2
1810 1815 2
1810 1815 3
1810 1815 3
1810 1815 3
1810 1815 3
1810 1815 3
1810 1815 3
2822 2760 2
2822 2760 3
3620 3630 2
3620 3630 2
3620 3630 3
3620 3630 3
4233 4140 2
4233 4140 3
4233 4140 3
4233 4140 3
4233 4140 3
4233 4140 3
4233 4140 3
4233 4140 3
4233 4140 3
4233 4140 3
5430 5445 2
5430 5445 2
5430 5445 3
5430 5445 3
5430 5445 3
5430 5445 3
5430 5445 3
5430 5445 3
5644 5520 3
5644 5520 3
5644 5520 3
5644 5520 3
7055 6900 3
7055 6900 3
7055 6900 3
7240 7260 2
7240 7260 3
7240 7260 3
8466 8280 2
8466 8280 2
8466 8280 3
9050 9075 2
9050 9075 3
9050 9075 3
9050 9075 3
9050 9075 3
9877 9660 2
9877 9660 2
9877 9660 3
9877 9660 3
9877 9660 3
9877 9660 3
9877 9660 3
9877 9660 3
10860 10890 2
10860 10890 2
10860 10890 2
10860 10890 2
10860 10890 3
10860 10890 3
11288 11040 2
11288 11040 3
11288 11040 3
11288 11040 3
11288 11040 3
12670 12705 3
12670 12705 3
12670 12705 3
12670 12705 3
12699 12420 2
12699 12420 3
12699 12420 3
12699 12420 3
12699 12420 3
14110 13800 2
14110 13800 2
14110 13800 3
14480 14520 2
16290 16335 2
16290 16335 3
16290 16335 3
16290 16335 3
16290 16335 3
16290 16335 3
16290 16335 3
16290 16335 3
16290 16335 3
18100 18150 2
18100 18150 3
18100 18150 3
18100 18150 3
1411 1380 2
1411 1380 3
1411 1380 3
1411 1380 3
1810 1815 2
1810 1815 2
1810 1815 3
1810 1815 3
1810 1815 3
2822 2760 2
2822 2760 3
2822 2760 3
2822 2760 3
3620 3630 2
3620 3630 2
3620 3630 2
3620 3630 2
3620 3630 3
3620 3630 3
3620 3630 3
4233 4140 2
4233 4140 2
4233 4140 3
4233 4140 3
5430 5445 2
5430 5445 3
5430 5445 3
5430 5445 3
5430 5445 3
5430 5445 3
5644 5520 2
5644 5520 2
5644 5520 2
5644 5520 2
5644 5520 3
5644 5520 3
5644 5520 3
7055 6900 2
7055 6900 3
7055 6900 3
7240 7260 2
7240 7260 2
7240 7260 3
7240 7260 3
7240 7260 3
7240 7260 3
8466 8280 2
8466 8280 2
8466 8280 2
8466 8280 3
8466 8280 3
9050 9075 2
9050 9075 2
9050 9075 3
9877 9660 2
9877 9660 2
9877 9660 2
9877 9660 3
9877 9660 3
9877 9660 3
10860 10890 2
10860 10890 2
10860 10890 3
10860 10890 3
10860 10890 3
10860 10890 3
10860 10890 3
10860 10890 3
11288 11040 3
11288 11040 3
12670 12705 2
12670 12705 3
12670 12705 3
12670 12705 3
12670 12705 3
12699 12420 3
12699 12420 3
14110 13800 2
14110 13800 2
14110 13800 3
14110 13800 3
14110 13800 3
14480 14520 2
14480 14520 2
14480 14520 2
14480 14520 2
14480 14520 3
14480 14520 3
14480 14520 3
16290 16335 2
16290 16335 3
16290 16335 3
18100 18150 3
18100 18150 3
18100 18150 3
18100 18150 3
18100 18150 3
18100 18150 3
18100 18150 3
18100 18150 3
1411 1380 2
1411 1380 2
1411 1380 3
1411 1380 3
1810 1815 2
1810 1815 3
1810 1815 3
1810 1815 3
1810 1815 3
2822 2760 3
2822 2760 3
2822 2760 3
3620 3630 2
3620 3630 2
3620 3630 2
3620 3630 3
3620 3630 3
4233 4140 3
4233 4140 3
4233 4140 3
4233 4140 3
4233 4140 3
4233 4140 3
4233 4140 3
5430 5445 2
5430 5445 3
5430 5445 3
5644 5520 2
5644 5520 2
5644 5520 3
5644 5520 3
7055 6900 2
7055 6900 3
7055 6900 3
7055 6900 3
7240 7260 2
7240 7260 2
7240 7260 3
7240 7260 3
7240 7260 3
7240 7260 3
7240 7260 3
7240 7260 3
7240 7260 3
7240 7260 3
7240 7260 3
8466 8280 2
8466 8280 3
8466 8280 3
8466 8280 3
8466 8280 3
8466 8280 3
8466 8280 3
8466 8280 3
8466 8280 3
8466 8280 3
9050 9075 2
9050 9075 3
9877 9660 3
9877 9660 3
9877 9660 3
9877 9660 3
9877 9660 3
9877 9660 3
10860 10890 2
10860 10890 2
10860 10890 3
10860 10890 3
11288 11040 3
11288 11040 3
11288 11040 3
11288 11040 3
12670 12705 3
12699 12420 3
14110 13800 2
14110 13800 2
14110 13800 2
14110 13800 3
14110 13800 3
14110 13800 3
14110 13800 3
14480 14520 2
14480 14520 2
14480 14520 3
14480 14520 3
14480 14520 3
16290 16335 2
16290 16335 2
16290 16335 3
16290 16335 3
16290 16335 3
16290 16335 3
16290 16335 3
18100 18150 2
18100 18150 2
18100 18150 2
18100 18150 2
18100 18150 3
18100 18150 3
18100 18150 3
1411 1380 2
1411 1380 3
1411 1380 3
1411 1380 3
1411 1380 3
1810 1815 2
1810 1815 2
1810 1815 3
2822 2760 3
2822 2760 3
3620 3630 2
3620 3630 3
3620 3630 3
3620 3630 3
4233 4140 3
4233 4140 3
5430 5445 2
5430 5445 2
5430 5445 3
5430 5445 3
5430 5445 3
5430 5445 3
5430 5445 3
5644 5520 2
5644 5520 2
5644 5520 3
5644 5520 3
7055 6900 3
7055 6900 3
7240 7260 2
7240 7260 2
7240 7260 2
7240 7260 3
7240 7260 3
7240 7260 3
7240 7260 3
7240 7260 3
8466 8280 2
8466 8280 3
8466 8280 3
8466 8280 3
9050 9075 3
9050 9075 3
9050 9075 3
9050 9075 3
9050 9075 3
9877 9660 2
9877 9660 2
9877 9660 2
9877 9660 3
9877 9660 3
9877 9660 3
9877 9660 3
9877 9660 3
10860 10890 2
10860 10890 2
10860 10890 2
10860 10890 3
10860 10890 3
10860 10890 3
10860 10890 3
10860 10890 3
10860 10890 3
10860 10890 3
10860 10890 3
10860 10890 3
11288 11040 2
11288 11040 3
12670 12705 3
12670 12705 3
12670 12705 3
12670 12705 3
12699 12420 2
12699 12420 3
12699 12420 3
12699 12420 3
12699 12420 3
12699 12420 3
14110 13800 2
14110 13800 3
14110 13800 3
14110 13800 3
14480 14520 3
14480 14520 3
14480 14520 3
16290 16335 2
16290 16335 2
16290 16335 2
16290 16335 2
16290 16335 2
16290 16335 3
16290 16335 3
16290 16335 3
18100 18150 2
18100 18150 2
18100 18150 3
18100 18150 3
18100 18150 3
18100 18150 3
18100 18150 3
1411 1380 3
1411 1380 3
1411 1380 3
1411 1380 3
1411 1380 3
1810 1815 3
1810 1815 3
1810 1815 3
2822 2760 2
2822 2760 3
2822 2760 3
2822 2760 3
3620 3630 2
3620 3630 2
3620 3630 3
3620 3630 3
3620 3630 3
3620 3630 3
3620 3630 3
3620 3630 3
3620 3630 3
3620 3630 3
4233 4140 2
4233 4140 3
5430 5445 2
5430 5445 2
5430 5445 3
5430 5445 3
5430 5445 3
5430 5445 3
5644 5520 2
5644 5520 2
5644 5520 3
7055 6900 2
7055 6900 3
7055 6900 3
7055 6900 3
7055 6900 3
7055 6900 3
7055 6900 3
7055 6900 3
7240 7260 2
7240 7260 2
7240 7260 2
7240 7260 2
7240 7260 3
7240 7260 3
7240 7260 3
7240 7260 3
8466 8280 2
8466 8280 2
8466 8280 3
8466 8280 3
9050 9075 2
9050 9075 2
9050 9075 3
9050 9075 3
9877 9660 2
9877 9660 2
9877 9660 2
9877 9660 3
9877 9660 3
10860 10890 2
10860 10890 2
10860 10890 3
10860 10890 3
10860 10890 3
10860 10890 3
10860 10890 3
11288 11040 2
11288 11040 3
11288 11040 3
12670 12705 2
12670 12705 2
12670 12705 2
12670 12705 2
12670 12705 2
12670 12705 3
12670 12705 3
12670 12705 3
12670 12705 3
12699 12420 3
12699 12420 3
12699 12420 3
12699 12420 3
12699 12420 3
12699 12420 3
14110 13800 2
14110 13800 2
14110 13800 3
14480 14520 3
14480 14520 3
16290 16335 2
16290 16335 2
16290 16335 3
16290 16335 3
16290 16335 3
16290 16335 3
18100 18150 2
18100 18150 3
