1000 20 259956
50 110 193
50 102 175
50 92 171
50 118 230
50 142 159
50 144 237
50 75 194
50 127 230
50 81 221
50 147 164
50 137 211
50 79 204
50 91 186
50 89 238
50 107 157
50 95 208
50 75 166
50 147 182
50 111 204
50 62 154
39 50 5
78 100 5
78 100 6
78 100 6
78 100 7
117 150 5
117 150 6
117 150 6
117 150 7
117 150 7
156 200 5
156 200 6
156 200 7
195 250 5
195 250 6
195 250 7
195 250 7
234 300 5
234 300 5
234 300 7
273 350 5
273 350 5
273 350 5
312 400 7
334 302 7
351 450 5
351 450 6
351 450 6
390 500 6
390 500 6
390 500 7
501 453 6
501 453 6
501 453 6
501 453 6
668 604 6
668 604 7
835 755 6
835 755 6
1002 906 6
1002 906 6
1002 906 7
1169 1057 6
1169 1057 6
1169 1057 7
1503 1359 6
1503 1359 7
1670 1510 6
1670 1510 6
1670 1510 7
39 50 7
117 150 5
117 150 6
117 150 7
156 200 6
156 200 6
156 200 6
156 200 7
167 151 5
167 151 6
167 151 6
195 250 6
195 250 7
234 300 6
234 300 6
234 300 7
234 300 7
273 350 6
273 350 6
334 302 6
334 302 6
351 450 6
351 450 7
390 500 6
390 500 6
390 500 6
501 453 5
501 453 7
668 604 7
668 604 7
835 755 6
835 755 6
835 755 6
1002 906 5
1002 906 6
1002 906 6
1002 906 6
1002 906 7
1002 906 7
1336 1208 5
1336 1208 6
1336 1208 7
1503 1359 5
1503 1359 5
1503 1359 6
1503 1359 6
1670 1510 6
1670 1510 6
1670 1510 6
1670 1510 7
39 50 7
78 100 5
78 100 7
117 150 5
117 150 7
117 150 7
156 200 6
156 200 6
167 151 5
167 151 6
167 151 6
167 151 6
167 151 6
167 151 7
195 250 5
195 250 6
195 250 6
234 300 5
234 300 6
234 300 7
273 350 7
312 400 5
312 400 7
334 302 6
334 302 6
334 302 6
334 302 7
351 450 5
351 450 6
501 453 6
501 453 7
668 604 6
668 604 7
668 604 7
668 604 7
835 755 6
1002 906 5
1002 906 5
1002 906 6
1002 906 7
1169 1057 6
1169 1057 7
1336 1208 6
1336 1208 6
1336 1208 6
1336 1208 7
1503 1359 6
1503 1359 7
1670 1510 5
1670 1510 7
39 50 5
39 50 5
39 50 6
39 50 7
78 100 5
78 100 6
78 100 6
117 150 5
117 150 5
117 150 6
117 150 6
117 150 7
156 200 5
156 200 6
167 151 6
167 151 6
195 250 5
234 300 6
234 300 7
273 350 5
273 350 6
312 400 6
312 400 6
334 302 6
334 302 6
334 302 7
351 450 6
351 450 6
351 450 6
351 450 7
351 450 7
501 453 5
501 453 6
501 453 7
501 453 7
668 604 5
668 604 5
668 604 7
835 755 5
1169 1057 5
1169 1057 6
1169 1057 6
1169 1057 7
1169 1057 7
1169 1057 7
1336 1208 6
1336 1208 7
1336 1208 7
1503 1359 5
1670 1510 7
39 50 5
39 50 6
39 50 6
78 100 5
117 150 5
117 150 6
156 200 5
156 200 6
156 200 6
156 200 7
167 151 6
167 151 6
167 151 7
195 250 6
195 250 7
234 300 5
234 300 6
234 300 7
273 350 5
273 350 6
312 400 6
312 400 6
312 400 6
334 302 6
334 302 6
351 450 6
351 450 6
501 453 5
501 453 5
501 453 6
501 453 6
668 604 6
668 604 6
668 604 6
668 604 7
668 604 7
668 604 7
835 755 7
1002 906 5
1002 906 6
1002 906 7
1169 1057 6
1169 1057 7
1336 1208 5
1336 1208 7
1336 1208 7
1336 1208 7
1503 1359 5
1503 1359 5
1670 1510 7
39 50 5
39 50 6
39 50 7
78 100 7
117 150 5
117 150 6
117 150 6
117 150 6
117 150 7
156 200 6
167 151 6
167 151 7
195 250 5
195 250 6
234 300 5
273 350 6
273 350 6
273 350 7
312 400 5
312 400 6
334 302 5
334 302 5
334 302 6
334 302 7
351 450 5
351 450 6
351 450 7
390 500 5
390 500 7
501 453 6
501 453 7
501 453 7
501 453 7
668 604 5
668 604 6
668 604 7
835 755 6
835 755 7
835 755 7
1002 906 5
1169 1057 6
1336 1208 6
1336 1208 7
1503 1359 5
1503 1359 6
1503 1359 6
1503 1359 7
1503 1359 7
1670 1510 5
1670 1510 7
39 50 5
78 100 6
117 150 6
117 150 7
117 150 7
156 200 5
156 200 6
156 200 6
167 151 7
167 151 7
234 300 5
234 300 6
234 300 6
273 350 6
273 350 7
312 400 7
334 302 5
334 302 5
334 302 7
334 302 7
351 450 5
351 450 6
351 450 6
351 450 7
351 450 7
390 500 5
390 500 5
390 500 6
390 500 7
501 453 6
668 604 5
668 604 5
668 604 5
668 604 7
835 755 5
1002 906 5
1002 906 6
1169 1057 6
1336 1208 7
1503 1359 5
1503 1359 6
1503 1359 7
1503 1359 7
1503 1359 7
1670 1510 5
1670 1510 6
1670 1510 6
1670 1510 6
1670 1510 6
1670 1510 7
39 50 6
39 50 6
39 50 6
39 50 7
39 50 7
78 100 7
117 150 5
117 150 6
167 151 6
167 151 6
167 151 7
195 250 6
195 250 7
234 300 5
234 300 5
234 300 6
234 300 7
312 400 5
312 400 6
312 400 6
334 302 6
351 450 5
351 450 5
351 450 6
351 450 6
390 500 6
501 453 5
668 604 6
668 604 6
668 604 6
835 755 6
835 755 6
1002 906 5
1002 906 5
1002 906 6
1002 906 7
1169 1057 5
1169 1057 6
1169 1057 7
1169 1057 7
1336 1208 6
1336 1208 7
1336 1208 7
1503 1359 6
1503 1359 7
1670 1510 6
1670 1510 6
1670 1510 6
1670 1510 7
1670 1510 7
39 50 5
39 50 6
39 50 7
78 100 6
78 100 6
78 100 7
117 150 6
156 200 6
156 200 6
156 200 7
167 151 7
167 151 7
195 250 6
195 250 7
234 300 5
234 300 5
234 300 6
234 300 7
234 300 7
273 350 5
273 350 6
273 350 7
312 400 5
312 400 5
312 400 6
334 302 7
334 302 7
351 450 5
351 450 6
351 450 6
351 450 6
501 453 6
668 604 6
668 604 6
668 604 7
835 755 5
835 755 6
1002 906 6
1002 906 6
1002 906 7
1169 1057 7
1336 1208 5
1336 1208 6
1336 1208 6
1336 1208 6
1503 1359 5
1503 1359 6
1503 1359 6
1670 1510 5
1670 1510 5
39 50 5
39 50 5
39 50 6
39 50 6
39 50 7
78 100 5
78 100 7
78 100 7
117 150 6
117 150 6
117 150 6
117 150 6
117 150 7
156 200 6
156 200 6
167 151 5
167 151 5
167 151 5
167 151 6
167 151 6
167 151 7
167 151 7
234 300 7
312 400 6
334 302 6
334 302 6
334 302 7
390 500 6
501 453 5
501 453 6
501 453 6
501 453 7
501 453 7
668 604 5
668 604 5
668 604 7
835 755 5
1002 906 5
1002 906 5
1002 906 6
1002 906 6
1169 1057 5
1169 1057 6
1336 1208 6
1336 1208 6
1336 1208 6
1503 1359 6
1503 1359 6
1503 1359 6
1670 1510 6
39 50 5
39 50 5
78 100 6
78 100 6
117 150 7
117 150 7
156 200 6
156 200 6
156 200 6
156 200 7
156 200 7
167 151 6
195 250 5
195 250 6
234 300 5
234 300 5
234 300 5
234 300 7
234 300 7
234 300 7
273 350 5
273 350 5
273 350 6
273 350 7
273 350 7
312 400 5
312 400 6
334 302 6
334 302 6
334 302 7
390 500 7
501 453 6
501 453 6
501 453 7
501 453 7
501 453 7
668 604 6
668 604 6
668 604 6
668 604 7
1002 906 6
1002 906 6
1169 1057 5
1169 1057 6
1503 1359 5
1503 1359 5
1503 1359 6
1503 1359 7
1503 1359 7
1670 1510 6
39 50 5
39 50 5
39 50 6
78 100 6
117 150 6
117 150 7
156 200 5
156 200 6
156 200 6
156 200 7
156 200 7
167 151 5
167 151 5
167 151 6
167 151 6
167 151 6
167 151 7
195 250 7
195 250 7
195 250 7
234 300 5
234 300 6
273 350 6
312 400 7
312 400 7
334 302 6
351 450 7
351 450 7
390 500 6
390 500 7
390 500 7
501 453 6
501 453 6
501 453 7
501 453 7
668 604 5
668 604 7
835 755 6
835 755 6
835 755 7
1169 1057 5
1169 1057 7
1336 1208 6
1336 1208 6
1336 1208 7
1336 1208 7
1503 1359 7
1670 1510 5
1670 1510 6
1670 1510 7
39 50 7
78 100 6
117 150 6
117 150 6
156 200 5
156 200 7
167 151 5
167 151 5
167 151 6
167 151 7
195 250 6
234 300 5
234 300 5
273 350 5
273 350 7
273 350 7
312 400 6
312 400 7
334 302 6
334 302 6
334 302 7
334 302 7
351 450 5
351 450 5
351 450 6
351 450 6
351 450 6
390 500 5
390 500 5
390 500 6
390 500 6
501 453 7
668 604 5
668 604 6
668 604 7
835 755 5
835 755 7
1002 906 5
1169 1057 6
1169 1057 7
1169 1057 7
1169 1057 7
1336 1208 5
1336 1208 7
1503 1359 5
1670 1510 5
1670 1510 5
1670 1510 5
1670 1510 6
1670 1510 7
39 50 5
39 50 6
39 50 7
78 100 6
78 100 6
117 150 5
117 150 6
117 150 6
117 150 7
156 200 6
156 200 6
195 250 6
195 250 6
195 250 7
234 300 6
234 300 6
234 300 7
273 350 6
273 350 6
312 400 5
312 400 6
312 400 7
334 302 5
334 302 6
351 450 6
351 450 7
390 500 5
501 453 6
501 453 6
668 604 6
668 604 6
668 604 7
835 755 6
835 755 6
835 755 7
1002 906 6
1002 906 6
1002 906 6
1002 906 7
1002 906 7
1169 1057 6
1169 1057 7
1336 1208 5
1336 1208 6
1503 1359 6
1503 1359 7
1670 1510 5
1670 1510 6
1670 1510 6
1670 1510 7
39 50 6
39 50 6
39 50 7
78 100 7
117 150 5
117 150 6
156 200 5
167 151 6
167 151 7
195 250 6
234 300 5
234 300 6
234 300 6
234 300 7
234 300 7
273 350 5
273 350 6
273 350 6
273 350 7
312 400 6
312 400 6
312 400 6
334 302 5
334 302 5
334 302 6
334 302 6
351 450 6
390 500 5
390 500 6
390 500 6
390 500 7
501 453 6
501 453 6
668 604 6
835 755 6
835 755 7
1002 906 6
1002 906 7
1002 906 7
1169 1057 6
1169 1057 7
1336 1208 5
1336 1208 7
1503 1359 5
1503 1359 6
1503 1359 6
1503 1359 6
1503 1359 7
1503 1359 7
1670 1510 7
39 50 5
39 50 5
39 50 7
78 100 6
78 100 7
78 100 7
156 200 5
156 200 5
156 200 5
156 200 7
156 200 7
167 151 6
167 151 6
167 151 7
195 250 7
195 250 7
234 300 5
234 300 5
234 300 6
234 300 7
312 400 6
334 302 6
334 302 7
390 500 6
501 453 5
501 453 6
501 453 6
501 453 7
668 604 6
668 604 7
835 755 6
835 755 6
835 755 6
835 755 7
1002 906 5
1002 906 6
1002 906 6
1002 906 7
1169 1057 5
1336 1208 5
1503 1359 5
1503 1359 5
1503 1359 6
1503 1359 7
1503 1359 7
1670 1510 5
1670 1510 5
1670 1510 6
1670 1510 6
1670 1510 7
39 50 5
39 50 6
39 50 6
39 50 6
39 50 7
78 100 6
117 150 5
156 200 6
156 200 6
167 151 5
195 250 5
195 250 5
195 250 6
234 300 5
234 300 6
234 300 7
273 350 7
312 400 7
334 302 5
334 302 6
334 302 6
351 450 6
351 450 6
351 450 6
390 500 5
501 453 5
501 453 6
501 453 7
501 453 7
668 604 6
668 604 7
668 604 7
835 755 6
835 755 6
835 755 7
1002 906 7
1002 906 7
1169 1057 5
1169 1057 6
1169 1057 6
1169 1057 6
1169 1057 7
1169 1057 7
1169 1057 7
1169 1057 7
1503 1359 5
1503 1359 6
1503 1359 7
1670 1510 5
1670 1510 7
39 50 5
39 50 5
39 50 6
39 50 7
39 50 7
78 100 5
78 100 6
78 100 7
156 200 5
156 200 6
156 200 7
156 200 7
156 200 7
156 200 7
167 151 7
167 151 7
195 250 5
195 250 6
195 250 6
195 250 7
234 300 6
234 300 6
273 350 6
273 350 6
273 350 6
312 400 6
312 400 6
312 400 6
312 400 7
334 302 7
351 450 5
351 450 6
351 450 6
390 500 6
390 500 6
390 500 7
501 453 6
501 453 6
668 604 5
835 755 6
1002 906 6
1002 906 7
1169 1057 6
1169 1057 7
1169 1057 7
1336 1208 6
1503 1359 5
1503 1359 6
1503 1359 6
1670 1510 7
39 50 5
39 50 6
39 50 6
78 100 5
78 100 6
78 100 6
78 100 7
117 150 6
117 150 7
117 150 7
117 150 7
156 200 5
156 200 5
167 151 5
167 151 6
167 151 7
195 250 5
195 250 5
195 250 7
234 300 7
334 302 5
334 302 6
334 302 7
351 450 7
390 500 6
390 500 7
390 500 7
668 604 7
668 604 7
835 755 5
835 755 6
835 755 6
835 755 6
1002 906 6
1002 906 6
1169 1057 6
1169 1057 7
1169 1057 7
1169 1057 7
1336 1208 6
1336 1208 7
1336 1208 7
1503 1359 6
1503 1359 7
1670 1510 5
1670 1510 5
1670 1510 6
1670 1510 6
1670 1510 7
1670 1510 7
39 50 5
39 50 7
78 100 6
78 100 6
78 100 6
78 100 7
78 100 7
117 150 7
156 200 6
167 151 6
167 151 6
167 151 6
167 151 7
195 250 5
195 250 6
195 250 7
234 300 5
234 300 6
334 302 5
334 302 6
334 302 7
351 450 5
351 450 7
390 500 6
668 604 6
668 604 6
668 604 7
668 604 7
668 604 7
1002 906 5
1002 906 5
1169 1057 5
1169 1057 5
1169 1057 6
1169 1057 7
1169 1057 7
1169 1057 7
1169 1057 7
1336 1208 6
1503 1359 5
1503 1359 6
1503 1359 6
1503 1359 6
1503 1359 6
1503 1359 7
1503 1359 7
1670 1510 5
1670 1510 5
1670 1510 7
1670 1510 7
