200 20 100434
10 135 211
10 109 165
10 150 230
10 112 217
10 136 156
10 123 214
10 135 199
10 111 191
10 140 172
10 87 192
10 82 231
10 89 183
10 145 170
10 84 167
10 114 178
10 71 206
10 57 250
10 124 225
10 140 152
10 115 220
387 513 27
390 525 33
520 700 34
650 875 27
780 1050 30
903 1197 30
1040 1400 24
1290 1710 29
1300 1750 25
1300 1750 25
130 175 30
260 350 25
260 350 32
645 855 33
645 855 34
774 1026 27
774 1026 33
780 1050 34
1032 1368 27
1040 1400 33
258 342 25
390 525 30
520 700 29
774 1026 25
780 1050 34
1161 1539 34
1170 1575 24
1170 1575 25
1300 1750 29
1300 1750 31
130 175 28
130 175 33
390 525 25
516 684 28
516 684 33
774 1026 24
774 1026 28
903 1197 27
1032 1368 25
1290 1710 28
129 171 26
129 171 26
130 175 26
130 175 31
130 175 34
260 350 32
260 350 34
650 875 31
1040 1400 25
1170 1575 25
516 684 32
520 700 33
645 855 24
650 875 28
774 1026 27
1032 1368 33
1032 1368 34
1161 1539 34
1170 1575 27
1170 1575 30
129 171 26
390 525 33
390 525 34
650 875 32
774 1026 27
774 1026 29
780 1050 28
910 1225 25
1032 1368 25
1032 1368 33
129 171 31
520 700 30
645 855 28
650 875 26
903 1197 29
903 1197 34
1161 1539 26
1170 1575 24
1170 1575 32
1300 1750 26
129 171 32
258 342 31
260 350 24
520 700 30
645 855 31
903 1197 33
910 1225 28
1161 1539 34
1290 1710 30
1300 1750 29
258 342 28
258 342 30
520 700 28
650 875 24
650 875 28
650 875 30
774 1026 30
1040 1400 32
1161 1539 24
1300 1750 33
260 350 25
390 525 32
516 684 25
774 1026 32
1032 1368 33
1040 1400 26
1040 1400 27
1161 1539 31
1161 1539 33
1300 1750 29
129 171 25
258 342 26
260 350 24
387 513 24
387 513 32
774 1026 30
780 1050 26
910 1225 28
910 1225 30
1161 1539 25
258 342 27
390 525 29
520 700 33
774 1026 32
903 1197 26
1032 1368 28
1040 1400 30
1170 1575 32
1290 1710 33
1300 1750 26
130 175 25
258 342 25
258 342 29
387 513 33
390 525 28
516 684 27
650 875 24
780 1050 34
1161 1539 28
1300 1750 29
258 342 28
258 342 31
387 513 30
387 513 33
516 684 29
516 684 33
780 1050 32
903 1197 30
1161 1539 25
1170 1575 27
130 175 28
260 350 33
650 875 26
650 875 33
774 1026 29
780 1050 31
903 1197 29
1040 1400 28
1040 1400 32
1290 1710 28
387 513 28
387 513 32
645 855 26
645 855 28
1040 1400 30
1161 1539 25
1161 1539 34
1170 1575 31
1170 1575 34
1300 1750 29
387 513 32
516 684 28
516 684 33
520 700 31
650 875 30
903 1197 33
910 1225 27
1040 1400 34
1161 1539 31
1300 1750 34
387 513 25
390 525 27
516 684 32
910 1225 28
910 1225 29
1161 1539 28
1161 1539 28
1170 1575 28
1290 1710 32
1300 1750 30
129 171 28
130 175 27
258 342 26
387 513 31
780 1050 29
780 1050 30
903 1197 28
910 1225 26
1170 1575 33
1300 1750 33
