200 100 28996
2 114 210
2 140 240
2 143 221
2 50 181
2 54 238
2 51 220
2 68 198
2 136 169
2 98 217
2 58 182
2 111 188
2 62 158
2 109 235
2 118 224
2 103 221
2 139 237
2 136 155
2 127 166
2 102 152
2 148 249
2 63 150
2 117 178
2 90 175
2 56 218
2 105 241
2 81 245
2 74 190
2 132 153
2 117 158
2 124 189
2 134 180
2 134 155
2 52 154
2 116 158
2 77 198
2 91 227
2 121 164
2 103 168
2 63 233
2 135 201
2 111 194
2 115 227
2 55 224
2 92 246
2 80 239
2 129 193
2 106 152
2 76 249
2 92 207
2 90 189
2 57 204
2 84 233
2 104 188
2 135 163
2 130 198
2 53 234
2 116 224
2 148 247
2 131 216
2 140 207
2 84 154
2 128 201
2 83 225
2 123 220
2 131 215
2 135 187
2 144 205
2 63 246
2 78 194
2 62 161
2 60 209
2 86 233
2 104 187
2 89 159
2 123 223
2 66 215
2 150 245
2 124 207
2 67 152
2 62 226
2 95 225
2 111 205
2 55 177
2 121 222
2 101 172
2 60 231
2 134 208
2 145 220
2 53 154
2 100 166
2 83 198
2 77 242
2 150 172
2 95 193
2 73 196
2 98 189
2 101 193
2 146 247
2 150 171
2 64 244
545 335 179
850 285 171
1020 342 178
1360 456 184
545 335 140
545 335 149
170 57 181
680 228 181
763 469 168
981 603 160
1020 342 189
1530 513 166
1360 456 155
1700 570 188
327 201 169
1530 513 169
654 402 164
763 469 166
109 67 144
1360 456 182
109 67 168
340 114 152
850 285 144
872 536 158
545 335 189
1360 456 189
680 228 164
1360 456 144
545 335 186
545 335 196
340 114 141
680 228 141
545 335 155
850 285 140
850 285 151
1020 342 150
170 57 152
1700 570 152
654 402 190
850 285 157
981 603 150
1090 670 150
545 335 154
763 469 178
436 268 147
654 402 175
545 335 195
872 536 159
654 402 171
654 402 184
218 134 177
1090 670 172
1020 342 190
1090 670 190
510 171 152
981 603 153
170 57 157
1530 513 158
109 67 171
763 469 182
763 469 175
1190 399 180
218 134 155
680 228 153
109 67 154
510 171 154
327 201 158
1190 399 145
436 268 181
1700 570 143
109 67 167
218 134 158
170 57 140
872 536 164
680 228 168
1020 342 168
680 228 182
1090 670 166
545 335 168
850 285 145
1530 513 180
1700 570 190
510 171 153
1190 399 160
1090 670 169
1360 456 168
109 67 145
1530 513 178
510 171 170
850 285 149
545 335 140
545 335 166
327 201 152
872 536 152
109 67 195
218 134 189
170 57 145
1530 513 194
109 67 185
872 536 152
545 335 143
763 469 179
218 134 154
1530 513 160
545 335 188
680 228 176
1190 399 162
1360 456 161
218 134 194
872 536 178
680 228 169
1190 399 160
545 335 171
1090 670 163
109 67 154
327 201 148
1090 670 160
1190 399 194
218 134 168
654 402 178
170 57 154
510 171 149
109 67 191
545 335 171
170 57 196
1700 570 164
327 201 153
327 201 171
109 67 168
545 335 187
680 228 184
1530 513 164
218 134 168
981 603 189
436 268 161
763 469 161
510 171 181
680 228 188
1530 513 157
1530 513 161
218 134 175
850 285 171
545 335 189
1020 342 170
340 114 173
763 469 186
340 114 150
1090 670 150
218 134 157
981 603 163
545 335 175
1020 342 154
850 285 140
981 603 191
109 67 184
850 285 195
109 67 152
218 134 152
109 67 195
872 536 168
850 285 185
872 536 180
545 335 141
654 402 176
218 134 177
654 402 177
170 57 184
218 134 193
1190 399 153
1360 456 150
872 536 170
1020 342 194
510 171 140
1020 342 189
170 57 158
1530 513 143
436 268 148
1360 456 151
510 171 166
510 171 166
327 201 150
654 402 151
327 201 149
545 335 158
680 228 149
680 228 164
340 114 167
654 402 141
327 201 163
340 114 155
872 536 189
1700 570 175
763 469 178
1530 513 162
510 171 179
654 402 159
436 268 168
1090 670 162
109 67 185
510 171 155
