2000 100 616933
20 81 241
20 131 199
20 79 239
20 117 181
20 70 248
20 75 239
20 89 161
20 63 201
20 76 171
20 78 198
20 124 237
20 145 156
20 134 190
20 146 165
20 123 181
20 121 233
20 111 166
20 146 211
20 59 184
20 62 229
20 127 172
20 52 215
20 129 225
20 82 166
20 123 175
20 143 177
20 137 243
20 81 203
20 113 223
20 115 235
20 54 163
20 56 150
20 63 224
20 136 207
20 148 196
20 111 202
20 125 209
20 145 210
20 107 178
20 54 192
20 97 152
20 99 216
20 82 166
20 96 225
20 114 212
20 62 189
20 134 216
20 59 207
20 120 159
20 143 219
20 72 224
20 56 157
20 101 170
20 88 232
20 119 240
20 51 224
20 106 210
20 65 210
20 118 233
20 67 226
20 150 188
20 55 172
20 56 196
20 119 164
20 143 150
20 96 236
20 89 168
20 79 244
20 107 152
20 96 172
20 139 175
20 139 233
20 95 185
20 71 206
20 50 221
20 87 214
20 53 239
20 90 210
20 50 160
20 53 205
20 74 244
20 144 211
20 126 234
20 122 215
20 117 181
20 142 208
20 101 174
20 133 155
20 83 176
20 55 172
20 138 155
20 107 181
20 93 184
20 51 229
20 102 230
20 148 189
20 107 217
20 71 240
20 112 178
20 118 245
52 48 15
52 48 16
78 72 13
78 72 14
104 96 14
156 144 12
178 197 13
178 197 14
178 197 15
178 197 16
182 168 13
182 168 15
182 168 17
208 192 16
260 240 14
534 591 16
712 788 12
712 788 16
890 985 16
1246 1379 13
26 24 15
52 48 16
52 48 16
78 72 17
130 120 16
234 216 12
356 394 13
356 394 15
534 591 15
534 591 16
712 788 14
890 985 12
890 985 13
890 985 14
890 985 15
1246 1379 16
1424 1576 14
1424 1576 15
1424 1576 15
1780 1970 16
26 24 15
52 48 13
78 72 13
104 96 13
130 120 15
156 144 12
178 197 13
178 197 15
208 192 15
208 192 16
234 216 17
356 394 15
712 788 12
712 788 12
890 985 15
1068 1182 12
1068 1182 14
1602 1773 12
1602 1773 14
1602 1773 17
78 72 12
78 72 16
104 96 13
104 96 13
104 96 16
156 144 16
178 197 13
178 197 14
178 197 16
208 192 12
208 192 15
234 216 15
260 240 16
260 240 16
890 985 13
890 985 14
890 985 14
1424 1576 13
1602 1773 14
1780 1970 16
26 24 13
26 24 14
26 24 15
78 72 12
78 72 12
78 72 14
78 72 15
104 96 16
130 120 16
182 168 13
182 168 15
208 192 16
260 240 14
356 394 15
356 394 15
712 788 13
1068 1182 15
1602 1773 12
1602 1773 16
1780 1970 12
26 24 17
52 48 15
104 96 13
104 96 14
104 96 14
104 96 14
104 96 14
104 96 15
104 96 16
178 197 16
178 197 16
182 168 15
234 216 17
260 240 16
534 591 16
890 985 16
1068 1182 12
1068 1182 15
1424 1576 16
1602 1773 17
26 24 14
52 48 16
78 72 15
130 120 13
156 144 14
182 168 13
182 168 14
208 192 15
208 192 16
208 192 16
234 216 12
234 216 16
260 240 13
534 591 15
712 788 12
1068 1182 13
1424 1576 14
1602 1773 15
1602 1773 16
1780 1970 14
26 24 13
26 24 13
26 24 16
78 72 12
104 96 17
130 120 12
130 120 16
178 197 16
182 168 16
208 192 16
260 240 12
260 240 16
534 591 14
712 788 13
890 985 15
1246 1379 15
1424 1576 13
1424 1576 15
1424 1576 15
1780 1970 12
52 48 15
104 96 14
130 120 13
178 197 14
182 168 14
182 168 14
208 192 12
208 192 12
234 216 14
260 240 13
260 240 15
712 788 16
890 985 13
1068 1182 12
1068 1182 16
1424 1576 12
1424 1576 14
1424 1576 15
1602 1773 16
1780 1970 14
52 48 13
52 48 15
78 72 16
104 96 12
178 197 15
182 168 12
182 168 16
234 216 12
234 216 12
234 216 15
234 216 16
260 240 14
356 394 12
356 394 12
356 394 13
890 985 14
890 985 14
1246 1379 13
1602 1773 16
1780 1970 15
52 48 12
130 120 17
178 197 12
182 168 16
208 192 16
234 216 16
356 394 16
356 394 16
534 591 17
712 788 16
1068 1182 12
1068 1182 13
1068 1182 14
1068 1182 14
1246 1379 15
1246 1379 16
1246 1379 16
1602 1773 13
1602 1773 16
1780 1970 15
52 48 12
52 48 14
52 48 15
78 72 12
78 72 13
130 120 15
178 197 16
178 197 16
182 168 15
208 192 12
208 192 13
260 240 12
260 240 13
356 394 13
356 394 15
712 788 15
890 985 17
1246 1379 17
1424 1576 13
1780 1970 12
26 24 14
52 48 14
52 48 15
52 48 16
104 96 12
130 120 15
156 144 13
178 197 15
182 168 13
182 168 13
208 192 15
234 216 12
234 216 14
356 394 15
534 591 15
712 788 15
890 985 14
890 985 16
1246 1379 14
1424 1576 12
26 24 14
26 24 15
52 48 16
104 96 12
156 144 15
182 168 14
182 168 15
208 192 14
712 788 13
890 985 16
1068 1182 13
1068 1182 14
1246 1379 13
1246 1379 14
1602 1773 14
1602 1773 14
1602 1773 16
1780 1970 13
1780 1970 14
1780 1970 16
52 48 12
104 96 14
104 96 15
104 96 16
156 144 15
178 197 12
178 197 15
182 168 15
208 192 14
260 240 12
260 240 13
260 240 16
534 591 12
534 591 13
534 591 17
890 985 13
890 985 14
890 985 15
1246 1379 13
1602 1773 14
78 72 13
78 72 14
78 72 15
104 96 17
130 120 15
178 197 15
178 197 16
182 168 12
234 216 13
356 394 12
356 394 14
712 788 16
890 985 14
1068 1182 17
1246 1379 13
1246 1379 16
1246 1379 17
1602 1773 15
1602 1773 17
1780 1970 12
104 96 13
104 96 13
156 144 17
178 197 16
182 168 13
234 216 14
356 394 15
534 591 13
534 591 13
712 788 13
890 985 12
890 985 17
1068 1182 13
1246 1379 13
1246 1379 13
1602 1773 13
1602 1773 17
1780 1970 12
1780 1970 14
1780 1970 15
26 24 13
26 24 14
52 48 17
78 72 14
104 96 12
104 96 14
104 96 14
130 120 14
156 144 13
178 197 17
208 192 13
208 192 14
208 192 15
208 192 15
712 788 14
712 788 16
1068 1182 14
1424 1576 13
1780 1970 12
1780 1970 12
26 24 13
78 72 12
78 72 14
104 96 16
130 120 12
130 120 13
156 144 12
156 144 13
156 144 14
178 197 16
208 192 12
208 192 12
260 240 15
534 591 13
534 591 14
534 591 15
712 788 16
890 985 13
1602 1773 14
1602 1773 14
26 24 15
52 48 13
52 48 15
104 96 13
104 96 15
104 96 15
156 144 14
156 144 15
156 144 15
156 144 16
182 168 12
260 240 16
534 591 15
712 788 13
712 788 15
712 788 17
890 985 17
1068 1182 14
1246 1379 16
1246 1379 16
52 48 14
52 48 14
78 72 12
78 72 14
104 96 13
104 96 15
156 144 17
178 197 14
178 197 17
208 192 16
234 216 15
260 240 13
534 591 13
890 985 17
1068 1182 14
1246 1379 14
1424 1576 13
1424 1576 17
1602 1773 15
1780 1970 17
26 24 16
52 48 14
78 72 13
78 72 14
78 72 14
78 72 15
130 120 16
156 144 15
156 144 17
178 197 13
178 197 14
178 197 15
178 197 15
182 168 17
260 240 16
356 394 12
534 591 15
712 788 16
890 985 15
1424 1576 12
52 48 13
52 48 15
52 48 16
104 96 13
130 120 15
178 197 13
234 216 13
234 216 15
534 591 14
534 591 17
890 985 14
890 985 15
1068 1182 16
1246 1379 12
1246 1379 13
1246 1379 15
1246 1379 16
1424 1576 15
1424 1576 15
1780 1970 12
26 24 14
52 48 14
52 48 17
78 72 13
104 96 15
130 120 15
156 144 13
178 197 13
178 197 15
182 168 13
182 168 16
182 168 16
234 216 17
260 240 13
534 591 14
890 985 17
1424 1576 14
1602 1773 15
1780 1970 12
1780 1970 16
52 48 13
78 72 14
104 96 12
104 96 14
130 120 13
178 197 16
208 192 12
208 192 15
534 591 15
534 591 17
712 788 14
890 985 13
890 985 16
1068 1182 15
1068 1182 16
1246 1379 12
1246 1379 15
1246 1379 15
1602 1773 15
1602 1773 16
26 24 15
78 72 15
78 72 16
78 72 16
130 120 12
156 144 14
156 144 15
182 168 14
182 168 14
208 192 13
208 192 13
208 192 16
534 591 14
712 788 17
890 985 16
1068 1182 13
1068 1182 16
1246 1379 12
1424 1576 16
1780 1970 14
26 24 17
52 48 15
78 72 13
104 96 14
156 144 17
178 197 16
182 168 14
182 168 17
234 216 13
234 216 17
260 240 14
534 591 16
712 788 13
890 985 16
1068 1182 12
1068 1182 12
1246 1379 12
1602 1773 15
1780 1970 13
1780 1970 16
52 48 13
130 120 13
130 120 13
156 144 14
156 144 15
156 144 17
182 168 13
234 216 14
234 216 14
712 788 13
712 788 14
1068 1182 12
1068 1182 14
1068 1182 15
1068 1182 16
1246 1379 15
1602 1773 13
1602 1773 16
1780 1970 12
1780 1970 13
26 24 15
78 72 16
78 72 17
130 120 15
130 120 16
182 168 12
182 168 16
234 216 14
534 591 13
712 788 12
712 788 13
712 788 17
890 985 12
1068 1182 17
1246 1379 15
1424 1576 12
1424 1576 15
1602 1773 13
1602 1773 17
1780 1970 12
26 24 16
52 48 16
78 72 13
104 96 12
130 120 17
156 144 15
156 144 16
178 197 15
208 192 17
234 216 14
260 240 16
356 394 17
534 591 13
534 591 15
1068 1182 16
1246 1379 16
1424 1576 16
1780 1970 12
1780 1970 13
1780 1970 16
52 48 13
78 72 16
104 96 14
182 168 12
182 168 13
182 168 14
182 168 15
208 192 12
234 216 15
260 240 13
356 394 16
534 591 14
534 591 16
890 985 14
1246 1379 13
1246 1379 14
1424 1576 14
1424 1576 15
1602 1773 14
1602 1773 15
52 48 17
104 96 12
104 96 13
104 96 15
156 144 15
178 197 15
182 168 14
208 192 13
234 216 13
260 240 15
712 788 14
890 985 12
890 985 15
1068 1182 13
1068 1182 13
1068 1182 13
1246 1379 12
1424 1576 12
1780 1970 13
1780 1970 13
26 24 13
26 24 14
26 24 14
26 24 15
52 48 14
78 72 13
156 144 14
178 197 14
182 168 13
208 192 13
234 216 14
356 394 12
356 394 13
534 591 14
1246 1379 12
1246 1379 15
1424 1576 12
1424 1576 13
1602 1773 17
1780 1970 13
130 120 14
130 120 17
178 197 12
178 197 15
178 197 16
182 168 16
234 216 13
260 240 13
260 240 15
260 240 16
356 394 12
534 591 15
890 985 12
890 985 16
1068 1182 12
1246 1379 14
1424 1576 14
1424 1576 14
1602 1773 14
1780 1970 14
26 24 14
78 72 17
104 96 12
156 144 12
234 216 13
260 240 13
260 240 15
260 240 16
356 394 13
356 394 15
712 788 13
712 788 16
1068 1182 12
1068 1182 16
1068 1182 16
1424 1576 12
1424 1576 15
1602 1773 14
1602 1773 16
1780 1970 17
26 24 14
52 48 15
78 72 16
104 96 12
178 197 13
182 168 13
182 168 16
208 192 13
208 192 15
260 240 14
712 788 13
712 788 16
1246 1379 12
1246 1379 13
1424 1576 16
1424 1576 17
1602 1773 13
1602 1773 15
1602 1773 15
1780 1970 16
26 24 12
52 48 12
52 48 14
78 72 15
104 96 15
156 144 13
156 144 16
178 197 14
178 197 16
208 192 16
234 216 15
260 240 12
260 240 14
356 394 13
712 788 14
890 985 13
890 985 15
1246 1379 14
1602 1773 15
1780 1970 15
26 24 15
52 48 13
78 72 14
104 96 15
104 96 16
104 96 17
156 144 13
156 144 16
178 197 12
178 197 13
182 168 15
260 240 16
534 591 13
712 788 12
712 788 12
1068 1182 17
1246 1379 16
1246 1379 16
1424 1576 13
1602 1773 16
26 24 15
104 96 12
156 144 15
178 197 14
182 168 14
208 192 13
356 394 12
890 985 17
1068 1182 12
1068 1182 12
1068 1182 14
1246 1379 12
1246 1379 14
1246 1379 16
1424 1576 14
1424 1576 14
1424 1576 15
1424 1576 15
1780 1970 15
1780 1970 16
26 24 16
52 48 14
52 48 16
78 72 12
78 72 12
130 120 16
156 144 13
156 144 15
178 197 13
356 394 15
356 394 16
890 985 15
890 985 17
1246 1379 13
1246 1379 15
1246 1379 15
1424 1576 12
1424 1576 14
1424 1576 14
1780 1970 14
26 24 16
52 48 12
78 72 15
104 96 15
104 96 16
130 120 12
130 120 16
156 144 14
156 144 15
178 197 14
182 168 12
208 192 15
208 192 16
234 216 16
356 394 16
712 788 16
712 788 16
1068 1182 13
1246 1379 13
1602 1773 16
26 24 13
52 48 13
52 48 16
78 72 15
104 96 13
104 96 14
178 197 16
182 168 15
234 216 12
234 216 15
260 240 13
260 240 14
356 394 14
534 591 15
1068 1182 15
1246 1379 13
1246 1379 16
1246 1379 16
1602 1773 14
1780 1970 12
52 48 17
78 72 12
104 96 13
130 120 15
182 168 14
234 216 12
234 216 12
260 240 12
534 591 17
534 591 17
712 788 14
712 788 16
1068 1182 16
1246 1379 13
1246 1379 14
1246 1379 17
1424 1576 16
1424 1576 16
1780 1970 13
1780 1970 13
52 48 13
130 120 13
130 120 15
130 120 15
130 120 15
178 197 12
178 197 17
182 168 14
208 192 16
234 216 13
534 591 13
534 591 16
712 788 14
890 985 13
890 985 15
1246 1379 13
1246 1379 15
1246 1379 16
1424 1576 14
1424 1576 16
26 24 16
26 24 17
52 48 12
52 48 12
52 48 12
52 48 13
52 48 14
52 48 15
156 144 13
156 144 14
178 197 12
234 216 14
234 216 15
234 216 15
234 216 16
534 591 15
1068 1182 13
1068 1182 15
1602 1773 13
1780 1970 12
26 24 13
26 24 15
52 48 14
78 72 12
78 72 14
78 72 17
156 144 13
182 168 13
182 168 14
182 168 14
182 168 16
182 168 17
260 240 14
260 240 16
356 394 16
534 591 14
534 591 15
534 591 17
890 985 17
1780 1970 12
78 72 14
104 96 15
130 120 13
130 120 16
156 144 16
178 197 12
178 197 13
182 168 12
260 240 16
356 394 17
712 788 12
890 985 16
890 985 16
1068 1182 17
1246 1379 13
1246 1379 16
1424 1576 14
1602 1773 13
1780 1970 12
1780 1970 15
26 24 12
26 24 14
52 48 12
52 48 14
52 48 16
104 96 16
130 120 16
208 192 16
260 240 12
712 788 15
890 985 12
1246 1379 14
1424 1576 17
1424 1576 17
1602 1773 14
1602 1773 15
1602 1773 15
1602 1773 15
1780 1970 12
1780 1970 15
52 48 12
52 48 15
52 48 17
78 72 16
130 120 14
178 197 12
178 197 14
182 168 15
234 216 12
234 216 14
356 394 14
356 394 16
534 591 13
534 591 16
890 985 15
1068 1182 15
1424 1576 15
1424 1576 17
1602 1773 15
1780 1970 16
26 24 13
26 24 16
52 48 12
104 96 13
104 96 16
130 120 14
130 120 15
156 144 14
182 168 14
182 168 15
182 168 15
182 168 15
208 192 14
208 192 14
260 240 15
1068 1182 13
1424 1576 13
1424 1576 14
1424 1576 16
1602 1773 13
26 24 16
26 24 17
78 72 15
104 96 12
104 96 13
104 96 16
156 144 13
178 197 13
182 168 14
234 216 16
260 240 15
1068 1182 13
1246 1379 13
1424 1576 13
1424 1576 13
1424 1576 15
1424 1576 16
1424 1576 16
1602 1773 12
1602 1773 16
26 24 12
26 24 14
52 48 13
52 48 17
78 72 13
78 72 15
104 96 14
130 120 13
156 144 16
178 197 12
178 197 15
178 197 16
178 197 16
178 197 16
182 168 16
208 192 15
208 192 15
890 985 16
1424 1576 12
1602 1773 13
26 24 17
52 48 13
52 48 16
78 72 13
78 72 17
104 96 13
104 96 16
104 96 17
130 120 13
208 192 14
356 394 16
890 985 14
890 985 14
890 985 16
1424 1576 13
1424 1576 17
1424 1576 17
1602 1773 14
1602 1773 14
1602 1773 16
52 48 14
78 72 13
104 96 12
156 144 14
208 192 12
208 192 12
208 192 13
208 192 16
234 216 13
234 216 14
234 216 16
260 240 12
260 240 17
712 788 12
890 985 13
1068 1182 13
1068 1182 15
1068 1182 17
1424 1576 13
1780 1970 16
104 96 12
104 96 12
104 96 13
104 96 13
104 96 14
104 96 15
130 120 14
156 144 12
182 168 13
234 216 15
260 240 12
260 240 14
260 240 16
356 394 16
356 394 16
890 985 12
890 985 13
1780 1970 12
1780 1970 15
1780 1970 16
26 24 14
104 96 12
104 96 15
104 96 15
130 120 17
178 197 15
182 168 12
182 168 13
182 168 13
182 168 14
208 192 16
260 240 15
356 394 14
356 394 16
712 788 12
1068 1182 13
1068 1182 16
1068 1182 17
1246 1379 15
1780 1970 14
26 24 16
52 48 13
52 48 16
104 96 16
130 120 16
156 144 12
182 168 13
182 168 13
208 192 14
208 192 17
234 216 16
260 240 15
534 591 16
890 985 16
890 985 17
1068 1182 13
1068 1182 13
1602 1773 13
1602 1773 15
1780 1970 13
26 24 13
52 48 16
104 96 12
130 120 15
156 144 12
208 192 12
208 192 15
234 216 12
234 216 12
234 216 15
234 216 17
534 591 13
534 591 13
890 985 12
1246 1379 12
1246 1379 16
1424 1576 13
1424 1576 16
1602 1773 14
1602 1773 16
78 72 14
78 72 15
104 96 13
104 96 14
104 96 16
130 120 14
182 168 14
182 168 16
208 192 15
234 216 17
260 240 13
260 240 13
260 240 14
356 394 12
712 788 16
712 788 16
1246 1379 17
1424 1576 13
1424 1576 15
1602 1773 15
52 48 16
78 72 13
130 120 15
130 120 16
130 120 17
178 197 15
178 197 16
208 192 14
234 216 13
234 216 15
260 240 14
356 394 16
890 985 12
1068 1182 14
1424 1576 13
1424 1576 16
1424 1576 16
1602 1773 13
1602 1773 15
1780 1970 12
26 24 16
130 120 13
130 120 15
130 120 17
156 144 14
182 168 15
208 192 17
234 216 15
234 216 15
234 216 16
356 394 15
890 985 17
1068 1182 14
1068 1182 14
1068 1182 16
1246 1379 12
1424 1576 12
1424 1576 14
1602 1773 14
1780 1970 15
26 24 12
26 24 15
52 48 13
130 120 12
130 120 12
130 120 14
156 144 12
182 168 14
182 168 15
208 192 12
260 240 15
534 591 16
712 788 12
712 788 13
890 985 15
1068 1182 14
1068 1182 14
1424 1576 13
1602 1773 14
1780 1970 12
26 24 13
26 24 13
26 24 15
52 48 16
52 48 17
156 144 13
156 144 15
182 168 15
208 192 12
208 192 15
356 394 13
534 591 14
534 591 15
712 788 13
712 788 15
890 985 13
890 985 16
1246 1379 14
1246 1379 14
1246 1379 16
26 24 12
26 24 12
78 72 14
78 72 16
104 96 14
104 96 15
156 144 13
178 197 16
178 197 17
182 168 13
208 192 14
208 192 14
208 192 15
234 216 16
260 240 13
260 240 14
356 394 13
1602 1773 12
1602 1773 15
1780 1970 12
26 24 13
26 24 15
78 72 13
78 72 14
104 96 16
130 120 15
156 144 12
156 144 16
178 197 15
208 192 15
208 192 15
234 216 15
356 394 16
534 591 12
534 591 14
890 985 13
1246 1379 12
1602 1773 15
1602 1773 16
1780 1970 14
26 24 15
52 48 16
156 144 15
178 197 17
182 168 13
182 168 15
182 168 15
182 168 16
234 216 13
234 216 17
260 240 17
534 591 13
534 591 17
890 985 15
1068 1182 16
1068 1182 16
1246 1379 14
1424 1576 15
1602 1773 14
1602 1773 16
26 24 17
52 48 14
52 48 14
78 72 12
130 120 15
156 144 16
178 197 14
178 197 15
178 197 16
182 168 13
208 192 17
260 240 14
260 240 17
356 394 17
712 788 17
890 985 13
890 985 13
1602 1773 13
1602 1773 15
1780 1970 17
26 24 16
52 48 13
104 96 14
130 120 14
130 120 16
182 168 15
208 192 12
208 192 16
234 216 14
234 216 15
260 240 17
712 788 13
890 985 12
890 985 14
890 985 15
890 985 15
1246 1379 14
1424 1576 12
1424 1576 16
1780 1970 15
52 48 12
104 96 12
104 96 13
104 96 17
130 120 13
178 197 15
234 216 16
260 240 13
260 240 13
356 394 15
356 394 16
534 591 14
534 591 15
890 985 13
890 985 16
1068 1182 15
1602 1773 13
1602 1773 16
1780 1970 13
1780 1970 14
52 48 16
78 72 16
104 96 14
104 96 17
130 120 14
178 197 14
182 168 12
208 192 14
234 216 14
356 394 15
356 394 15
356 394 16
534 591 15
890 985 16
1068 1182 13
1068 1182 15
1068 1182 15
1246 1379 13
1246 1379 15
1246 1379 16
26 24 15
26 24 17
52 48 15
104 96 16
178 197 12
178 197 14
260 240 13
260 240 14
356 394 12
356 394 15
356 394 16
890 985 12
890 985 14
1068 1182 16
1424 1576 15
1424 1576 15
1424 1576 16
1424 1576 16
1602 1773 16
1780 1970 16
26 24 14
26 24 16
26 24 16
52 48 14
78 72 16
104 96 12
104 96 14
130 120 16
156 144 14
156 144 16
178 197 14
182 168 13
234 216 14
234 216 16
260 240 12
260 240 15
356 394 15
534 591 17
712 788 12
1602 1773 12
26 24 16
26 24 17
104 96 14
104 96 16
130 120 13
130 120 15
156 144 13
156 144 15
178 197 13
208 192 16
260 240 13
356 394 16
534 591 14
712 788 12
890 985 13
890 985 13
1068 1182 12
1068 1182 14
1246 1379 15
1780 1970 14
26 24 14
26 24 17
78 72 12
78 72 15
104 96 15
156 144 13
182 168 12
182 168 12
182 168 16
260 240 12
260 240 14
534 591 12
534 591 15
712 788 14
890 985 16
890 985 16
1246 1379 12
1246 1379 13
1602 1773 13
1602 1773 15
52 48 16
52 48 17
78 72 15
104 96 15
130 120 13
156 144 12
156 144 12
156 144 14
178 197 12
182 168 12
182 168 13
208 192 12
208 192 14
534 591 14
534 591 15
890 985 12
890 985 15
1246 1379 12
1424 1576 14
1780 1970 15
52 48 16
78 72 17
78 72 17
130 120 15
156 144 13
208 192 14
260 240 15
356 394 15
534 591 16
712 788 15
890 985 13
1246 1379 16
1424 1576 13
1424 1576 14
1424 1576 15
1424 1576 16
1780 1970 12
1780 1970 15
1780 1970 15
1780 1970 15
26 24 13
52 48 12
52 48 16
52 48 16
52 48 17
130 120 14
130 120 14
130 120 17
156 144 15
156 144 15
156 144 16
178 197 13
182 168 15
182 168 15
260 240 15
712 788 14
890 985 17
1068 1182 13
1246 1379 15
1246 1379 15
26 24 13
52 48 12
52 48 14
52 48 15
104 96 13
104 96 14
156 144 16
178 197 13
178 197 13
208 192 13
208 192 14
234 216 14
234 216 15
890 985 13
890 985 15
1068 1182 15
1068 1182 15
1602 1773 15
1780 1970 13
1780 1970 16
52 48 12
52 48 13
52 48 17
78 72 15
130 120 15
156 144 15
178 197 16
182 168 15
234 216 14
260 240 14
260 240 15
260 240 16
712 788 12
1068 1182 12
1068 1182 12
1068 1182 13
1068 1182 16
1246 1379 14
1602 1773 15
1780 1970 13
52 48 16
78 72 12
104 96 15
130 120 14
178 197 16
182 168 17
260 240 14
260 240 15
534 591 12
534 591 16
712 788 13
890 985 15
1068 1182 12
1068 1182 14
1068 1182 15
1246 1379 13
1424 1576 14
1602 1773 13
1780 1970 12
1780 1970 16
26 24 12
26 24 14
52 48 12
52 48 15
104 96 13
156 144 12
156 144 13
156 144 15
182 168 16
208 192 12
260 240 13
356 394 15
356 394 16
534 591 17
890 985 12
890 985 15
890 985 15
1246 1379 13
1602 1773 16
1780 1970 17
26 24 13
26 24 16
78 72 14
104 96 15
130 120 15
156 144 12
156 144 14
156 144 16
234 216 14
260 240 12
260 240 14
356 394 14
534 591 16
712 788 13
712 788 16
712 788 16
890 985 14
890 985 17
1424 1576 16
1780 1970 15
26 24 12
26 24 14
26 24 16
52 48 12
52 48 17
78 72 12
130 120 15
130 120 16
156 144 12
182 168 14
182 168 16
182 168 16
208 192 14
260 240 15
712 788 13
712 788 13
712 788 15
1068 1182 15
1246 1379 17
1424 1576 14
52 48 13
52 48 17
78 72 15
78 72 15
104 96 14
130 120 16
156 144 12
156 144 14
156 144 14
178 197 12
178 197 14
208 192 12
234 216 12
356 394 13
1068 1182 13
1246 1379 14
1246 1379 15
1602 1773 13
1780 1970 12
1780 1970 12
26 24 14
26 24 15
26 24 15
52 48 15
104 96 13
130 120 14
156 144 12
156 144 16
260 240 12
534 591 15
534 591 15
534 591 16
534 591 17
534 591 17
712 788 12
712 788 12
1068 1182 14
1246 1379 15
1602 1773 12
1602 1773 16
26 24 16
104 96 13
156 144 14
178 197 16
182 168 14
182 168 14
182 168 15
208 192 13
234 216 15
260 240 13
260 240 14
356 394 13
356 394 16
534 591 14
1068 1182 12
1068 1182 14
1068 1182 16
1246 1379 13
1424 1576 15
1424 1576 16
26 24 15
52 48 16
130 120 12
130 120 13
130 120 14
130 120 14
130 120 15
156 144 15
182 168 17
208 192 14
260 240 15
534 591 16
712 788 13
712 788 16
1068 1182 16
1246 1379 15
1424 1576 15
1424 1576 15
1424 1576 16
1602 1773 12
26 24 13
78 72 12
78 72 12
104 96 14
104 96 14
130 120 12
156 144 14
208 192 17
260 240 13
260 240 16
534 591 14
534 591 17
712 788 14
890 985 14
890 985 16
1246 1379 14
1246 1379 16
1246 1379 17
1780 1970 13
1780 1970 17
26 24 12
26 24 12
52 48 14
104 96 12
104 96 15
104 96 17
178 197 12
208 192 13
208 192 16
234 216 14
234 216 14
260 240 14
356 394 14
534 591 13
534 591 13
712 788 14
890 985 12
1246 1379 12
1246 1379 13
1780 1970 16
26 24 16
52 48 14
78 72 12
104 96 12
104 96 14
178 197 15
182 168 14
208 192 15
208 192 16
534 591 14
712 788 14
890 985 13
1068 1182 13
1246 1379 12
1246 1379 15
1424 1576 14
1424 1576 15
1424 1576 15
1424 1576 17
1780 1970 14
26 24 17
52 48 14
78 72 14
78 72 14
182 168 13
182 168 14
182 168 17
182 168 17
208 192 15
208 192 16
234 216 14
356 394 15
534 591 12
534 591 15
1246 1379 12
1424 1576 14
1780 1970 12
1780 1970 14
1780 1970 15
1780 1970 15
26 24 12
26 24 16
26 24 16
52 48 15
78 72 13
78 72 13
104 96 14
130 120 15
156 144 12
156 144 16
178 197 16
356 394 16
534 591 14
534 591 17
890 985 13
1068 1182 14
1246 1379 16
1424 1576 14
1602 1773 15
1780 1970 15
26 24 14
52 48 17
78 72 12
78 72 16
78 72 17
130 120 13
156 144 16
178 197 13
182 168 17
208 192 13
260 240 15
712 788 16
1068 1182 12
1246 1379 14
1246 1379 15
1424 1576 14
1424 1576 14
1602 1773 14
1780 1970 14
1780 1970 14
26 24 14
52 48 16
78 72 14
78 72 16
104 96 13
104 96 16
130 120 16
178 197 14
182 168 15
182 168 16
208 192 12
234 216 16
356 394 13
356 394 14
356 394 14
356 394 14
534 591 16
890 985 16
1246 1379 16
1246 1379 17
26 24 16
52 48 16
104 96 15
104 96 17
178 197 14
182 168 12
182 168 14
182 168 14
182 168 15
208 192 14
208 192 15
260 240 15
356 394 13
356 394 15
356 394 16
534 591 15
1068 1182 12
1602 1773 12
1780 1970 12
1780 1970 17
52 48 15
78 72 14
78 72 15
104 96 12
104 96 15
104 96 16
130 120 12
182 168 12
182 168 15
260 240 14
260 240 16
260 240 16
260 240 16
260 240 17
1068 1182 15
1424 1576 15
1424 1576 16
1780 1970 12
1780 1970 14
1780 1970 15
26 24 15
52 48 15
78 72 14
104 96 13
104 96 14
156 144 14
156 144 15
182 168 12
208 192 14
208 192 14
234 216 15
534 591 13
534 591 15
712 788 16
1424 1576 14
1424 1576 16
1602 1773 14
1602 1773 17
1780 1970 15
1780 1970 16
26 24 16
104 96 12
156 144 14
156 144 15
182 168 13
182 168 14
182 168 17
208 192 13
260 240 14
356 394 13
534 591 13
534 591 13
534 591 17
1068 1182 13
1068 1182 13
1424 1576 14
1424 1576 17
1602 1773 13
1780 1970 13
1780 1970 16
26 24 16
26 24 16
52 48 14
78 72 14
78 72 15
104 96 13
130 120 16
130 120 16
182 168 15
208 192 15
234 216 16
260 240 14
534 591 13
534 591 15
712 788 13
1068 1182 15
1068 1182 16
1246 1379 12
1246 1379 13
1424 1576 17
52 48 12
52 48 13
78 72 16
156 144 15
178 197 12
178 197 14
178 197 14
178 197 16
182 168 14
182 168 16
234 216 14
260 240 13
356 394 16
534 591 13
712 788 16
890 985 16
1068 1182 15
1068 1182 15
1068 1182 16
1424 1576 16
