1000 100 3432827
10 77 159
10 120 164
10 57 171
10 71 207
10 104 205
10 150 168
10 101 229
10 93 157
10 142 190
10 128 220
10 57 199
10 139 162
10 128 151
10 67 241
10 51 154
10 91 242
10 118 153
10 143 240
10 123 205
10 83 198
10 60 199
10 115 185
10 58 244
10 112 239
10 145 150
10 50 208
10 143 229
10 115 199
10 90 202
10 85 212
10 111 191
10 110 244
10 64 192
10 71 211
10 125 193
10 106 204
10 50 184
10 139 216
10 118 202
10 100 165
10 116 213
10 142 237
10 91 194
10 50 250
10 52 230
10 115 166
10 54 247
10 65 181
10 128 243
10 127 180
10 142 222
10 78 165
10 57 169
10 125 241
10 95 164
10 97 246
10 142 214
10 91 231
10 63 150
10 119 214
10 93 150
10 101 176
10 134 163
10 62 234
10 89 214
10 87 176
10 62 168
10 130 185
10 112 160
10 54 169
10 131 189
10 126 195
10 105 245
10 68 176
10 86 172
10 127 239
10 99 216
10 146 188
10 136 175
10 69 188
10 139 248
10 70 189
10 113 221
10 114 206
10 133 171
10 80 244
10 95 194
10 70 183
10 148 213
10 112 184
10 66 209
10 88 224
10 132 175
10 118 154
10 115 171
10 71 244
10 108 215
10 54 246
10 61 246
10 117 171
823 623 25
6561 5961 26
6561 5961 33
6584 4984 30
7407 5607 30
8230 6230 29
13122 11922 34
15309 13909 29
15309 13909 33
19683 17883 35
1646 1246 31
2469 1869 26
3292 2492 35
4374 3974 32
6561 5961 35
7407 5607 33
8748 7948 26
8748 7948 28
19683 17883 26
21870 19870 34
1646 1246 34
3292 2492 27
4115 3115 32
4938 3738 32
6584 4984 32
13122 11922 28
13122 11922 31
15309 13909 26
17496 15896 28
19683 17883 26
1646 1246 25
1646 1246 32
2187 1987 32
4938 3738 29
4938 3738 32
5761 4361 25
7407 5607 35
8748 7948 31
17496 15896 29
21870 19870 29
1646 1246 26
4115 3115 29
4938 3738 32
5761 4361 32
6561 5961 25
6561 5961 33
8748 7948 27
8748 7948 35
19683 17883 27
21870 19870 28
823 623 29
823 623 34
1646 1246 26
1646 1246 33
3292 2492 29
4115 3115 35
6584 4984 28
13122 11922 34
19683 17883 34
21870 19870 28
823 623 30
2187 1987 33
2469 1869 28
2469 1869 33
4374 3974 28
4374 3974 33
5761 4361 34
6561 5961 26
8230 6230 29
15309 13909 32
1646 1246 28
2187 1987 35
2469 1869 35
4374 3974 28
4374 3974 35
4938 3738 34
6561 5961 26
7407 5607 32
10935 9935 35
13122 11922 35
1646 1246 26
4115 3115 28
4115 3115 32
5761 4361 33
6561 5961 30
7407 5607 34
8230 6230 30
8230 6230 33
21870 19870 29
21870 19870 30
1646 1246 25
3292 2492 27
3292 2492 31
3292 2492 33
4115 3115 28
5761 4361 35
6584 4984 30
8748 7948 33
10935 9935 28
15309 13909 32
2187 1987 28
4938 3738 31
4938 3738 31
4938 3738 33
6561 5961 31
6584 4984 33
6584 4984 34
17496 15896 30
19683 17883 26
21870 19870 25
2187 1987 36
2469 1869 25
3292 2492 31
5761 4361 34
5761 4361 36
8230 6230 33
8230 6230 35
10935 9935 31
19683 17883 28
21870 19870 27
2187 1987 27
3292 2492 28
4115 3115 33
4115 3115 35
4938 3738 28
5761 4361 35
7407 5607 31
10935 9935 27
17496 15896 34
19683 17883 28
2469 1869 28
4115 3115 27
4374 3974 30
4938 3738 30
4938 3738 31
4938 3738 31
8748 7948 28
15309 13909 32
17496 15896 26
17496 15896 29
823 623 30
4115 3115 26
4374 3974 26
6561 5961 26
7407 5607 29
8230 6230 29
8230 6230 35
15309 13909 29
17496 15896 28
19683 17883 32
2469 1869 25
3292 2492 32
4115 3115 34
4374 3974 31
7407 5607 30
7407 5607 35
10935 9935 34
13122 11922 27
17496 15896 35
19683 17883 27
1646 1246 28
1646 1246 32
4115 3115 26
4938 3738 26
5761 4361 33
7407 5607 29
13122 11922 27
15309 13909 32
15309 13909 34
17496 15896 32
1646 1246 28
4115 3115 26
4115 3115 31
4374 3974 32
6561 5961 28
7407 5607 26
7407 5607 29
8748 7948 25
17496 15896 25
17496 15896 34
823 623 34
1646 1246 27
2187 1987 26
2187 1987 32
2187 1987 33
2469 1869 28
6584 4984 35
13122 11922 31
13122 11922 33
19683 17883 32
1646 1246 26
1646 1246 27
2469 1869 26
2469 1869 27
4938 3738 34
5761 4361 30
7407 5607 25
17496 15896 30
19683 17883 29
21870 19870 33
1646 1246 27
6561 5961 33
6584 4984 34
8230 6230 28
8748 7948 27
8748 7948 28
8748 7948 36
15309 13909 27
17496 15896 30
21870 19870 35
823 623 28
1646 1246 32
4115 3115 34
5761 4361 30
8230 6230 29
15309 13909 32
17496 15896 29
17496 15896 30
19683 17883 31
21870 19870 31
2187 1987 27
2187 1987 27
2187 1987 35
3292 2492 33
4115 3115 32
4938 3738 29
6561 5961 29
7407 5607 27
13122 11922 26
15309 13909 27
1646 1246 34
3292 2492 25
4938 3738 31
6561 5961 28
6584 4984 26
6584 4984 31
6584 4984 33
8230 6230 27
10935 9935 32
15309 13909 32
823 623 33
823 623 34
3292 2492 26
3292 2492 30
5761 4361 25
6584 4984 27
6584 4984 33
8230 6230 31
10935 9935 25
13122 11922 36
823 623 29
2469 1869 34
2469 1869 35
4374 3974 26
4374 3974 31
4938 3738 26
6561 5961 30
8748 7948 32
13122 11922 35
17496 15896 35
2187 1987 29
2187 1987 32
3292 2492 28
4938 3738 28
6561 5961 32
7407 5607 30
19683 17883 34
21870 19870 28
21870 19870 31
21870 19870 34
823 623 35
1646 1246 29
2469 1869 32
6561 5961 30
6561 5961 35
7407 5607 31
13122 11922 28
15309 13909 32
17496 15896 32
17496 15896 35
2187 1987 25
2469 1869 34
4115 3115 34
6561 5961 30
6561 5961 31
6561 5961 31
6584 4984 32
8748 7948 29
10935 9935 30
13122 11922 26
1646 1246 33
2187 1987 28
2187 1987 30
2469 1869 34
3292 2492 26
3292 2492 26
8748 7948 29
10935 9935 27
10935 9935 36
19683 17883 35
823 623 28
3292 2492 34
3292 2492 34
3292 2492 35
4374 3974 25
5761 4361 33
7407 5607 32
8230 6230 32
19683 17883 31
19683 17883 36
823 623 29
823 623 34
3292 2492 29
3292 2492 30
4115 3115 29
10935 9935 34
13122 11922 30
13122 11922 30
19683 17883 33
19683 17883 34
1646 1246 30
2187 1987 28
2469 1869 34
2469 1869 35
4938 3738 32
6584 4984 27
8748 7948 27
17496 15896 31
17496 15896 35
21870 19870 32
2187 1987 30
2469 1869 28
4374 3974 35
8748 7948 33
10935 9935 32
13122 11922 27
13122 11922 35
15309 13909 30
17496 15896 34
21870 19870 26
823 623 34
1646 1246 30
4938 3738 33
5761 4361 34
6561 5961 26
6584 4984 25
8748 7948 25
10935 9935 28
10935 9935 32
15309 13909 32
823 623 27
823 623 34
2469 1869 29
4938 3738 25
10935 9935 34
15309 13909 26
15309 13909 35
15309 13909 35
17496 15896 34
21870 19870 36
3292 2492 34
4938 3738 32
4938 3738 32
5761 4361 25
6561 5961 30
8230 6230 31
10935 9935 29
10935 9935 33
10935 9935 34
15309 13909 33
1646 1246 34
2187 1987 26
4115 3115 32
4938 3738 30
5761 4361 35
6584 4984 36
7407 5607 25
10935 9935 28
17496 15896 30
19683 17883 34
823 623 26
3292 2492 30
4115 3115 34
5761 4361 29
5761 4361 35
6561 5961 26
8230 6230 33
13122 11922 31
15309 13909 29
19683 17883 26
1646 1246 33
2469 1869 30
4374 3974 34
4938 3738 31
6584 4984 30
8230 6230 32
10935 9935 33
10935 9935 34
17496 15896 28
17496 15896 29
1646 1246 26
1646 1246 32
1646 1246 34
2187 1987 27
3292 2492 35
4115 3115 31
4115 3115 34
4374 3974 27
19683 17883 27
19683 17883 27
3292 2492 27
3292 2492 27
3292 2492 28
6584 4984 31
7407 5607 35
10935 9935 28
15309 13909 26
15309 13909 30
17496 15896 26
17496 15896 29
1646 1246 28
2469 1869 27
2469 1869 30
4374 3974 35
4938 3738 34
6561 5961 28
6561 5961 30
6561 5961 35
13122 11922 25
13122 11922 32
1646 1246 31
4938 3738 26
5761 4361 28
6584 4984 34
8230 6230 27
8230 6230 34
15309 13909 30
15309 13909 32
21870 19870 31
21870 19870 34
823 623 30
1646 1246 27
2469 1869 31
3292 2492 35
6584 4984 28
13122 11922 36
15309 13909 25
17496 15896 26
17496 15896 27
17496 15896 30
2469 1869 30
4115 3115 29
4938 3738 33
5761 4361 36
6561 5961 34
6584 4984 29
6584 4984 35
15309 13909 29
15309 13909 35
17496 15896 26
823 623 32
823 623 33
2187 1987 30
2469 1869 27
4938 3738 32
4938 3738 35
6561 5961 30
7407 5607 29
7407 5607 32
15309 13909 32
2469 1869 30
3292 2492 25
3292 2492 32
4115 3115 32
4115 3115 34
6584 4984 32
13122 11922 25
15309 13909 30
17496 15896 25
19683 17883 27
823 623 26
3292 2492 32
4374 3974 34
4938 3738 32
7407 5607 33
7407 5607 35
8748 7948 33
8748 7948 35
13122 11922 34
21870 19870 27
1646 1246 27
4938 3738 28
4938 3738 35
5761 4361 36
6561 5961 32
6584 4984 26
6584 4984 30
13122 11922 34
17496 15896 29
21870 19870 32
2187 1987 29
4115 3115 30
4374 3974 30
5761 4361 34
7407 5607 29
8748 7948 27
10935 9935 31
13122 11922 31
17496 15896 27
17496 15896 28
823 623 35
2187 1987 34
4938 3738 28
5761 4361 31
8748 7948 34
13122 11922 30
13122 11922 32
13122 11922 36
19683 17883 28
19683 17883 31
1646 1246 32
2187 1987 30
2187 1987 31
4374 3974 29
7407 5607 27
8748 7948 25
10935 9935 35
13122 11922 32
15309 13909 28
21870 19870 31
823 623 36
4938 3738 26
4938 3738 35
5761 4361 29
6584 4984 33
8230 6230 29
13122 11922 31
13122 11922 35
17496 15896 35
21870 19870 29
823 623 33
2469 1869 35
4115 3115 25
4115 3115 31
13122 11922 28
13122 11922 29
17496 15896 27
21870 19870 27
21870 19870 29
21870 19870 35
1646 1246 33
2469 1869 32
2469 1869 33
7407 5607 25
8230 6230 33
8748 7948 30
13122 11922 25
17496 15896 32
17496 15896 34
19683 17883 26
1646 1246 30
1646 1246 32
5761 4361 33
5761 4361 34
6561 5961 33
7407 5607 29
8230 6230 34
10935 9935 36
13122 11922 27
21870 19870 31
2187 1987 34
4115 3115 27
4938 3738 31
4938 3738 33
5761 4361 31
5761 4361 32
7407 5607 34
8748 7948 28
13122 11922 35
21870 19870 31
3292 2492 32
4115 3115 30
4938 3738 28
4938 3738 31
5761 4361 30
6561 5961 28
10935 9935 29
15309 13909 27
17496 15896 32
21870 19870 34
1646 1246 32
2187 1987 30
2187 1987 34
2187 1987 35
3292 2492 25
4115 3115 30
4938 3738 28
7407 5607 35
10935 9935 27
10935 9935 27
823 623 28
2187 1987 28
2469 1869 30
2469 1869 34
3292 2492 28
3292 2492 31
4374 3974 31
5761 4361 25
6561 5961 27
19683 17883 33
2187 1987 28
4938 3738 28
4938 3738 34
5761 4361 31
5761 4361 35
6561 5961 28
6584 4984 27
6584 4984 35
8230 6230 27
15309 13909 32
823 623 30
1646 1246 27
1646 1246 30
2187 1987 25
4374 3974 32
6561 5961 33
10935 9935 30
10935 9935 35
15309 13909 26
15309 13909 31
2187 1987 28
2469 1869 25
4374 3974 34
4374 3974 34
6561 5961 34
6584 4984 27
7407 5607 31
19683 17883 36
21870 19870 32
21870 19870 34
823 623 30
1646 1246 25
2469 1869 25
4115 3115 32
6584 4984 29
8230 6230 26
8748 7948 31
13122 11922 34
15309 13909 34
21870 19870 31
2469 1869 36
4938 3738 32
7407 5607 32
7407 5607 34
8230 6230 35
10935 9935 33
10935 9935 35
13122 11922 33
19683 17883 29
21870 19870 34
823 623 28
823 623 35
2187 1987 30
4374 3974 28
4374 3974 31
4938 3738 29
6561 5961 26
8748 7948 31
10935 9935 32
21870 19870 30
2187 1987 33
6584 4984 28
8230 6230 31
8748 7948 26
8748 7948 27
15309 13909 30
17496 15896 31
19683 17883 30
21870 19870 28
21870 19870 29
2187 1987 34
2469 1869 30
4374 3974 29
7407 5607 30
8230 6230 27
8230 6230 30
8230 6230 34
8748 7948 34
13122 11922 25
13122 11922 29
4115 3115 30
4374 3974 26
4938 3738 25
5761 4361 31
5761 4361 32
7407 5607 33
8748 7948 33
17496 15896 27
17496 15896 27
19683 17883 32
1646 1246 28
1646 1246 30
1646 1246 31
2187 1987 34
2187 1987 35
2187 1987 35
4115 3115 31
17496 15896 31
19683 17883 27
19683 17883 30
823 623 34
1646 1246 33
2187 1987 34
2187 1987 35
2469 1869 32
6561 5961 26
6584 4984 35
7407 5607 26
7407 5607 29
8748 7948 28
823 623 28
823 623 31
823 623 35
2469 1869 34
4115 3115 26
6561 5961 27
6561 5961 27
6561 5961 34
7407 5607 30
10935 9935 34
823 623 25
823 623 31
1646 1246 31
1646 1246 34
4374 3974 31
7407 5607 27
8230 6230 31
17496 15896 27
17496 15896 30
17496 15896 33
2469 1869 35
4115 3115 26
4115 3115 30
4938 3738 28
5761 4361 26
6561 5961 33
6584 4984 35
8230 6230 28
15309 13909 31
17496 15896 29
2187 1987 26
2187 1987 27
4115 3115 34
4374 3974 30
4938 3738 28
10935 9935 33
15309 13909 35
17496 15896 35
19683 17883 33
21870 19870 34
823 623 30
823 623 33
2187 1987 30
2187 1987 33
2187 1987 33
2469 1869 30
3292 2492 29
6561 5961 31
6561 5961 34
19683 17883 34
2187 1987 28
4115 3115 25
7407 5607 34
8230 6230 28
10935 9935 32
10935 9935 32
10935 9935 33
13122 11922 36
17496 15896 25
17496 15896 28
823 623 35
1646 1246 32
2187 1987 27
2469 1869 32
5761 4361 28
6584 4984 26
7407 5607 27
15309 13909 33
19683 17883 32
21870 19870 31
2469 1869 28
4115 3115 27
4938 3738 27
5761 4361 26
6584 4984 27
7407 5607 25
7407 5607 26
8230 6230 27
15309 13909 28
17496 15896 32
2187 1987 26
2187 1987 35
2469 1869 35
4938 3738 35
6584 4984 33
15309 13909 27
15309 13909 32
15309 13909 32
17496 15896 28
17496 15896 29
823 623 32
2187 1987 31
2187 1987 33
4374 3974 35
6561 5961 28
7407 5607 27
8230 6230 28
10935 9935 33
13122 11922 31
15309 13909 28
823 623 29
823 623 30
823 623 30
823 623 35
1646 1246 28
1646 1246 31
2469 1869 29
6561 5961 34
13122 11922 28
17496 15896 27
823 623 32
823 623 35
3292 2492 29
3292 2492 33
4115 3115 31
5761 4361 33
5761 4361 34
6561 5961 33
7407 5607 28
19683 17883 32
1646 1246 27
1646 1246 33
4115 3115 34
4374 3974 25
5761 4361 30
6561 5961 25
6584 4984 27
7407 5607 28
13122 11922 29
19683 17883 29
2469 1869 33
4938 3738 27
6561 5961 27
6584 4984 36
8230 6230 35
10935 9935 34
15309 13909 30
15309 13909 34
19683 17883 27
19683 17883 31
823 623 33
2187 1987 33
2469 1869 30
4374 3974 35
4938 3738 29
4938 3738 34
7407 5607 33
8230 6230 29
19683 17883 25
19683 17883 26
2187 1987 31
3292 2492 26
3292 2492 33
4115 3115 30
4374 3974 26
4374 3974 35
6561 5961 26
6561 5961 34
6584 4984 32
19683 17883 25
1646 1246 28
1646 1246 34
4115 3115 30
4374 3974 35
5761 4361 29
5761 4361 32
6561 5961 25
10935 9935 27
10935 9935 30
17496 15896 35
1646 1246 28
4938 3738 30
6561 5961 32
6584 4984 35
8230 6230 26
8230 6230 30
10935 9935 34
13122 11922 26
13122 11922 29
21870 19870 35
1646 1246 29
2187 1987 28
3292 2492 34
4115 3115 30
7407 5607 35
8748 7948 27
10935 9935 34
13122 11922 31
13122 11922 32
19683 17883 27
4374 3974 35
6584 4984 26
6584 4984 31
6584 4984 32
6584 4984 35
7407 5607 29
7407 5607 35
8230 6230 32
13122 11922 26
21870 19870 31
2187 1987 29
2469 1869 35
4374 3974 26
4938 3738 27
5761 4361 26
6584 4984 26
8230 6230 30
8230 6230 36
13122 11922 31
21870 19870 29
823 623 35
2187 1987 30
2469 1869 30
3292 2492 32
3292 2492 34
4374 3974 31
4374 3974 33
4938 3738 35
6561 5961 35
17496 15896 28
823 623 28
823 623 32
2469 1869 28
4115 3115 29
4374 3974 30
4938 3738 33
4938 3738 34
5761 4361 30
5761 4361 31
15309 13909 30
2469 1869 32
2469 1869 34
4374 3974 26
5761 4361 29
5761 4361 33
6561 5961 32
6584 4984 30
15309 13909 30
17496 15896 27
21870 19870 28
823 623 34
1646 1246 31
1646 1246 32
4115 3115 30
4115 3115 31
4374 3974 30
4938 3738 32
5761 4361 29
10935 9935 28
13122 11922 29
4115 3115 27
4115 3115 31
4938 3738 27
8230 6230 33
8748 7948 26
8748 7948 30
8748 7948 33
19683 17883 32
19683 17883 34
19683 17883 34
3292 2492 31
4374 3974 26
4374 3974 31
6584 4984 25
7407 5607 31
8748 7948 27
13122 11922 32
13122 11922 33
15309 13909 27
17496 15896 33
823 623 30
1646 1246 33
4374 3974 25
4938 3738 31
6584 4984 26
8230 6230 32
10935 9935 32
17496 15896 31
19683 17883 25
21870 19870 26
