500 20 120168
25 52 220
25 101 172
25 134 196
25 142 233
25 101 215
25 80 229
25 116 223
25 74 190
25 118 226
25 134 199
25 64 234
25 112 244
25 77 193
25 135 187
25 98 152
25 100 217
25 97 202
25 139 181
25 141 155
25 90 214
91 71 11
131 111 13
182 142 14
273 213 11
273 213 14
364 284 10
364 284 12
393 333 12
455 355 14
524 444 11
524 444 14
546 426 11
637 497 12
637 497 13
655 555 12
786 666 11
786 666 14
819 639 11
917 777 12
1048 888 11
1048 888 14
1179 999 12
1179 999 14
1310 1110 11
1310 1110 14
91 71 10
91 71 11
91 71 12
91 71 13
131 111 10
131 111 12
131 111 14
262 222 10
273 213 14
273 213 14
524 444 14
546 426 12
655 555 12
655 555 13
728 568 14
910 710 10
910 710 11
910 710 13
917 777 11
917 777 14
1048 888 10
1048 888 12
1048 888 13
1179 999 13
1310 1110 11
131 111 11
131 111 11
182 142 11
182 142 12
273 213 10
364 284 11
364 284 12
364 284 14
393 333 11
393 333 12
455 355 14
637 497 10
637 497 11
637 497 11
637 497 12
655 555 12
819 639 12
819 639 12
819 639 13
910 710 10
917 777 13
1048 888 11
1048 888 13
1310 1110 11
1310 1110 14
91 71 11
91 71 13
131 111 12
182 142 11
182 142 12
182 142 13
262 222 14
273 213 12
393 333 12
524 444 14
546 426 11
546 426 12
546 426 13
546 426 14
546 426 14
637 497 13
728 568 13
728 568 14
819 639 13
1048 888 14
1179 999 10
1179 999 12
1179 999 14
1310 1110 13
1310 1110 14
91 71 12
131 111 13
273 213 10
273 213 11
364 284 12
364 284 12
393 333 11
393 333 13
524 444 12
524 444 12
524 444 13
546 426 14
637 497 11
637 497 12
655 555 12
655 555 13
786 666 11
786 666 12
819 639 13
819 639 14
917 777 12
917 777 13
1048 888 13
1310 1110 12
1310 1110 13
91 71 12
131 111 11
131 111 14
182 142 11
262 222 10
262 222 12
393 333 10
393 333 12
524 444 12
546 426 13
637 497 12
655 555 10
655 555 14
728 568 11
786 666 10
786 666 12
819 639 13
819 639 13
910 710 14
1048 888 11
1048 888 12
1179 999 11
1179 999 12
1179 999 14
1310 1110 14
131 111 10
182 142 11
262 222 11
273 213 11
273 213 12
273 213 14
455 355 11
455 355 11
455 355 12
524 444 10
637 497 11
637 497 13
728 568 10
728 568 10
728 568 10
786 666 14
819 639 12
819 639 12
819 639 13
910 710 10
1048 888 10
1048 888 11
1048 888 12
1179 999 10
1310 1110 13
91 71 11
182 142 12
182 142 14
262 222 10
273 213 10
273 213 12
364 284 11
364 284 14
455 355 10
524 444 14
524 444 14
546 426 10
546 426 12
655 555 13
728 568 12
728 568 12
819 639 12
819 639 12
910 710 13
1048 888 12
1048 888 14
1179 999 12
1179 999 12
1310 1110 11
1310 1110 13
131 111 11
182 142 13
262 222 11
273 213 11
273 213 11
273 213 14
364 284 11
393 333 11
455 355 13
546 426 11
546 426 12
637 497 11
728 568 14
728 568 14
786 666 12
819 639 11
819 639 13
910 710 11
910 710 11
910 710 11
910 710 13
910 710 14
1048 888 11
1048 888 12
1310 1110 13
131 111 13
262 222 12
273 213 11
273 213 11
364 284 12
364 284 13
393 333 11
393 333 12
393 333 13
524 444 12
524 444 12
546 426 14
637 497 11
637 497 13
728 568 14
728 568 14
728 568 14
786 666 10
786 666 13
786 666 14
819 639 12
917 777 11
917 777 12
917 777 12
1048 888 12
91 71 13
131 111 10
182 142 13
182 142 13
273 213 12
273 213 12
273 213 13
364 284 13
364 284 13
393 333 12
455 355 12
524 444 11
524 444 13
524 444 14
546 426 12
637 497 12
637 497 12
637 497 14
655 555 13
786 666 10
786 666 13
910 710 12
910 710 13
917 777 14
1179 999 11
91 71 10
91 71 12
131 111 11
131 111 14
182 142 13
182 142 14
262 222 12
262 222 13
364 284 10
364 284 10
393 333 11
455 355 10
455 355 12
637 497 12
728 568 12
786 666 12
786 666 13
819 639 12
910 710 14
917 777 13
1048 888 10
1048 888 13
1048 888 14
1048 888 14
1048 888 14
91 71 11
91 71 13
131 111 11
131 111 11
182 142 11
182 142 13
182 142 13
182 142 14
364 284 11
455 355 12
524 444 13
546 426 12
655 555 11
728 568 14
786 666 11
786 666 12
910 710 11
910 710 11
910 710 13
917 777 11
917 777 12
917 777 13
917 777 14
1310 1110 10
1310 1110 11
91 71 11
91 71 12
182 142 13
262 222 11
262 222 13
273 213 11
273 213 11
364 284 10
393 333 11
393 333 13
546 426 10
637 497 13
637 497 13
655 555 14
728 568 12
728 568 14
786 666 10
786 666 11
786 666 14
910 710 12
910 710 13
1048 888 10
1179 999 11
1179 999 13
1310 1110 11
131 111 11
182 142 13
262 222 10
273 213 10
273 213 13
393 333 11
393 333 12
455 355 13
524 444 10
524 444 11
524 444 12
655 555 11
655 555 12
655 555 13
786 666 11
819 639 10
819 639 11
819 639 14
917 777 12
917 777 12
1179 999 14
1310 1110 11
1310 1110 12
1310 1110 13
1310 1110 14
91 71 13
131 111 11
131 111 14
182 142 12
182 142 13
262 222 10
262 222 11
262 222 14
273 213 11
364 284 14
364 284 14
546 426 11
637 497 13
655 555 12
655 555 13
728 568 10
728 568 10
728 568 14
786 666 12
786 666 13
786 666 14
819 639 11
819 639 13
910 710 12
1179 999 14
91 71 11
91 71 14
182 142 11
182 142 12
262 222 10
262 222 12
273 213 10
364 284 10
393 333 12
524 444 11
524 444 12
524 444 14
546 426 14
637 497 13
728 568 12
728 568 14
786 666 14
819 639 11
917 777 12
1048 888 14
1179 999 13
1179 999 13
1179 999 14
1310 1110 10
1310 1110 14
131 111 12
182 142 10
182 142 12
182 142 14
393 333 12
455 355 11
455 355 12
524 444 10
546 426 14
546 426 14
655 555 12
655 555 12
655 555 13
728 568 10
728 568 13
786 666 10
786 666 14
819 639 12
819 639 13
910 710 12
910 710 13
910 710 13
1048 888 12
1179 999 10
1179 999 11
91 71 11
91 71 11
182 142 14
273 213 10
273 213 11
273 213 11
364 284 12
364 284 13
393 333 13
455 355 11
455 355 13
524 444 10
524 444 10
524 444 12
546 426 12
546 426 12
655 555 11
655 555 13
819 639 13
819 639 13
1048 888 14
1179 999 10
1179 999 11
1179 999 12
1179 999 13
91 71 11
91 71 12
131 111 13
182 142 12
182 142 13
273 213 12
364 284 14
393 333 11
393 333 11
393 333 12
455 355 12
524 444 11
637 497 12
637 497 14
637 497 14
728 568 12
728 568 12
786 666 11
786 666 13
819 639 10
910 710 11
1048 888 13
1179 999 14
1310 1110 11
1310 1110 13
