200 100 66787
2 149 171
2 92 200
2 99 243
2 105 240
2 50 196
2 100 166
2 53 190
2 118 207
2 51 224
2 149 225
2 128 180
2 87 185
2 136 241
2 87 183
2 90 194
2 115 203
2 142 250
2 71 161
2 112 214
2 81 162
2 79 202
2 131 153
2 89 249
2 91 231
2 142 216
2 143 167
2 62 246
2 95 188
2 133 250
2 136 178
2 108 192
2 150 173
2 73 221
2 106 160
2 118 160
2 78 231
2 75 213
2 127 188
2 91 210
2 116 228
2 91 179
2 91 208
2 68 243
2 68 250
2 127 151
2 139 229
2 123 206
2 51 179
2 145 204
2 149 152
2 70 173
2 55 150
2 93 219
2 72 192
2 66 214
2 122 229
2 131 167
2 74 153
2 105 177
2 94 175
2 126 156
2 74 174
2 61 223
2 135 185
2 123 216
2 97 181
2 75 155
2 74 155
2 78 167
2 57 163
2 58 241
2 84 186
2 72 198
2 142 206
2 68 202
2 118 222
2 100 157
2 129 239
2 131 162
2 74 208
2 141 183
2 105 243
2 93 165
2 67 163
2 71 227
2 137 246
2 112 165
2 123 193
2 95 185
2 147 197
2 91 211
2 68 244
2 113 173
2 144 250
2 51 159
2 136 224
2 109 195
2 77 228
2 125 203
2 78 230
495 336 157
825 560 137
990 672 144
1155 784 152
344 560 147
430 700 179
86 140 139
430 700 174
172 280 149
860 1400 132
1155 784 136
1320 896 151
165 112 174
1155 784 133
165 112 151
990 672 176
825 560 165
1155 784 144
516 840 167
990 672 153
86 140 174
990 672 143
258 420 140
1155 784 135
86 140 175
1320 896 145
1485 1008 137
1485 1008 164
86 140 145
1155 784 179
688 1120 146
1485 1008 172
165 112 179
825 560 164
330 224 143
990 672 148
1155 784 154
1485 1008 170
172 280 143
1650 1120 138
860 1400 146
990 672 164
430 700 135
774 1260 153
660 448 176
1650 1120 143
860 1400 136
1485 1008 138
860 1400 140
1485 1008 184
990 672 167
1320 896 134
258 420 169
660 448 162
430 700 174
516 840 143
258 420 134
602 980 131
516 840 132
825 560 172
165 112 152
1155 784 169
430 700 173
774 1260 166
495 336 160
688 1120 155
602 980 142
774 1260 160
86 140 160
602 980 146
330 224 152
1155 784 157
825 560 133
1155 784 169
86 140 154
774 1260 146
688 1120 179
774 1260 176
344 560 136
1320 896 149
165 112 148
1650 1120 179
825 560 138
860 1400 178
660 448 157
860 1400 145
660 448 169
860 1400 149
330 224 151
660 448 135
330 224 149
330 224 164
165 112 150
660 448 151
516 840 178
660 448 179
165 112 183
330 224 157
516 840 152
990 672 138
688 1120 164
1320 896 147
495 336 138
990 672 145
172 280 177
688 1120 149
330 224 166
430 700 167
430 700 131
825 560 178
165 112 182
516 840 144
344 560 134
495 336 153
165 112 153
330 224 132
172 280 140
990 672 138
516 840 164
688 1120 136
344 560 133
1650 1120 154
516 840 155
1320 896 159
688 1120 182
990 672 159
660 448 143
990 672 148
1485 1008 153
1650 1120 180
990 672 134
1320 896 179
165 112 148
860 1400 154
860 1400 155
1155 784 155
165 112 167
430 700 158
660 448 155
1650 1120 163
495 336 167
1320 896 183
430 700 142
516 840 140
86 140 142
1485 1008 170
495 336 162
602 980 163
330 224 168
1485 1008 131
430 700 160
1320 896 178
430 700 157
1320 896 138
1155 784 177
1650 1120 165
688 1120 162
860 1400 158
688 1120 172
1155 784 183
86 140 169
1650 1120 151
1650 1120 147
1650 1120 168
990 672 133
1650 1120 158
602 980 145
825 560 163
165 112 142
1320 896 145
86 140 174
660 448 159
660 448 165
774 1260 155
330 224 133
516 840 182
688 1120 146
860 1400 184
1320 896 168
1485 1008 162
660 448 168
774 1260 162
86 140 157
688 1120 145
660 448 173
774 1260 160
330 224 167
660 448 182
86 140 159
825 560 159
660 448 131
688 1120 164
86 140 173
602 980 165
495 336 132
602 980 159
258 420 140
344 560 169
172 280 179
258 420 156
