200 20 344243
10 68 228
10 142 151
10 134 181
10 81 196
10 88 241
10 100 239
10 134 231
10 50 152
10 112 247
10 111 217
10 148 217
10 96 175
10 103 161
10 70 182
10 147 209
10 101 231
10 80 196
10 51 152
10 67 180
10 75 205
328 528 27
328 528 28
1363 1173 35
1476 2376 33
1476 2376 33
1476 2376 35
1476 2376 36
2726 2346 29
5452 4692 29
12267 10557 37
1148 1848 32
1148 1848 34
1148 1848 34
4089 3519 34
4089 3519 37
5452 4692 32
6815 5865 34
8178 7038 36
8178 7038 36
10904 9384 32
164 264 30
164 264 37
328 528 35
1312 2112 37
2726 2346 38
4089 3519 29
4089 3519 31
4089 3519 31
12267 10557 28
13630 11730 34
820 1320 28
1312 2112 30
1312 2112 34
1476 2376 30
1476 2376 36
2726 2346 35
2726 2346 37
2726 2346 38
6815 5865 29
8178 7038 32
492 792 35
656 1056 32
820 1320 33
1363 1173 38
1640 2640 28
5452 4692 27
10904 9384 30
12267 10557 34
12267 10557 37
13630 11730 36
328 528 38
656 1056 31
656 1056 35
1148 1848 29
1312 2112 30
1312 2112 34
1363 1173 37
5452 4692 33
6815 5865 32
12267 10557 29
164 264 32
328 528 29
820 1320 29
1476 2376 34
1640 2640 38
13630 11730 30
13630 11730 33
13630 11730 36
13630 11730 36
13630 11730 37
328 528 30
492 792 30
656 1056 28
984 1584 27
984 1584 35
1148 1848 33
1640 2640 31
5452 4692 30
9541 8211 27
12267 10557 33
164 264 27
492 792 31
656 1056 34
1363 1173 34
1640 2640 31
1640 2640 37
2726 2346 36
6815 5865 30
9541 8211 33
13630 11730 34
328 528 33
656 1056 30
656 1056 32
820 1320 30
820 1320 36
1363 1173 34
1363 1173 37
1363 1173 37
9541 8211 27
12267 10557 33
492 792 36
656 1056 30
820 1320 35
820 1320 38
1148 1848 32
1312 2112 35
1312 2112 36
1476 2376 32
1640 2640 36
5452 4692 34
164 264 34
492 792 30
492 792 34
820 1320 31
1148 1848 27
1148 1848 38
1476 2376 36
2726 2346 34
2726 2346 38
12267 10557 32
164 264 37
820 1320 28
820 1320 30
820 1320 33
1148 1848 35
1363 1173 33
1476 2376 29
2726 2346 32
5452 4692 32
10904 9384 36
164 264 38
328 528 32
328 528 36
328 528 36
656 1056 28
820 1320 36
1363 1173 31
1363 1173 35
5452 4692 34
13630 11730 34
656 1056 38
984 1584 31
984 1584 32
984 1584 38
1148 1848 36
2726 2346 31
4089 3519 38
5452 4692 36
8178 7038 36
10904 9384 31
328 528 37
492 792 30
656 1056 31
820 1320 36
6815 5865 28
6815 5865 29
10904 9384 33
12267 10557 27
12267 10557 32
12267 10557 36
820 1320 28
820 1320 35
984 1584 35
1148 1848 34
1312 2112 28
1312 2112 28
1312 2112 38
6815 5865 35
9541 8211 33
9541 8211 36
164 264 30
328 528 28
328 528 31
328 528 32
492 792 27
1148 1848 33
1312 2112 34
1363 1173 36
9541 8211 37
13630 11730 38
164 264 29
328 528 34
1312 2112 32
1312 2112 37
2726 2346 29
10904 9384 31
10904 9384 33
12267 10557 34
12267 10557 36
13630 11730 28
820 1320 35
1312 2112 31
1312 2112 32
1640 2640 27
1640 2640 37
6815 5865 30
9541 8211 33
10904 9384 29
12267 10557 31
13630 11730 32
