2000 20 4957582
100 93 173
100 137 201
100 90 232
100 92 232
100 53 192
100 83 229
100 131 233
100 107 211
100 100 232
100 97 180
100 110 247
100 68 210
100 140 215
100 64 158
100 138 169
100 138 236
100 95 246
100 50 151
100 68 185
100 103 240
1090 90 2
1120 120 3
1186 186 3
1370 370 3
1444 444 2
1565 565 2
1672 672 2
2005 1005 3
2012 1012 3
2225 1225 3
2283 1283 3
2298 1298 3
2400 1400 3
2616 1616 3
2618 1618 3
2655 1655 2
2773 1773 2
2792 1792 3
2927 1927 2
3196 2196 2
3260 2260 3
3347 2347 2
3399 2399 3
3451 2451 3
3494 2494 2
3503 2503 3
3519 2519 2
3545 2545 2
3650 2650 2
3658 2658 3
3931 2931 2
4102 3102 3
4508 3508 2
4519 3519 2
4665 3665 2
4713 3713 3
4730 3730 2
4731 3731 3
4741 3741 2
4790 3790 2
4845 3845 2
4854 3854 3
4921 3921 3
4972 3972 2
4975 3975 3
4979 3979 2
5087 4087 3
5214 4214 3
5411 4411 3
5616 4616 2
5631 4631 2
5652 4652 3
5842 4842 3
5994 4994 3
6023 5023 3
6202 5202 3
6289 5289 3
6486 5486 3
6498 5498 3
6530 5530 2
6790 5790 2
6819 5819 2
6907 5907 2
7021 6021 2
7185 6185 3
7223 6223 2
7314 6314 3
7321 6321 2
7332 6332 2
7388 6388 2
7543 6543 2
7615 6615 2
7681 6681 3
8484 7484 2
8508 7508 2
8563 7563 2
8878 7878 2
9101 8101 3
9184 8184 3
9412 8412 2
9471 8471 3
9533 8533 2
9574 8574 3
9623 8623 2
9864 8864 2
9906 8906 3
10019 9019 3
10104 9104 2
10181 9181 2
10190 9190 2
10192 9192 3
10211 9211 2
10308 9308 2
10378 9378 2
10404 9404 3
10447 9447 3
10480 9480 3
10637 9637 2
10758 9758 2
10876 9876 2
1020 20 3
1170 170 2
1205 205 2
1384 384 2
1424 424 3
1500 500 3
1844 844 3
1956 956 2
2138 1138 3
2242 1242 3
2355 1355 3
2445 1445 2
2512 1512 3
2811 1811 3
2839 1839 3
2860 1860 2
2965 1965 2
2976 1976 3
3010 2010 2
3054 2054 2
3180 2180 3
3377 2377 3
3411 2411 3
3698 2698 2
3775 2775 2
4297 3297 2
4303 3303 2
4399 3399 3
4428 3428 3
4679 3679 3
4720 3720 2
4767 3767 3
4771 3771 2
4847 3847 2
4884 3884 3
4936 3936 3
5055 4055 3
5121 4121 2
5462 4462 2
5697 4697 2
5762 4762 2
5765 4765 3
5791 4791 2
5990 4990 2
6021 5021 3
6053 5053 2
6177 5177 2
6178 5178 2
6325 5325 3
6344 5344 2
6485 5485 3
6513 5513 2
6600 5600 3
6644 5644 2
6760 5760 2
6782 5782 3
6791 5791 2
6816 5816 3
6829 5829 2
7008 6008 3
7018 6018 3
7085 6085 2
7139 6139 3
7152 6152 3
7172 6172 3
7364 6364 2
7399 6399 2
7427 6427 3
7575 6575 2
7577 6577 2
7627 6627 2
7660 6660 2
8092 7092 2
8103 7103 3
8256 7256 3
8294 7294 2
8294 7294 3
8686 7686 2
8980 7980 2
9010 8010 3
9126 8126 3
9300 8300 2
9358 8358 3
9378 8378 2
9539 8539 3
9709 8709 3
9749 8749 3
9834 8834 3
9867 8867 2
9930 8930 3
10015 9015 3
10076 9076 2
10087 9087 3
10247 9247 3
10293 9293 2
10373 9373 3
10749 9749 2
10776 9776 2
10796 9796 2
10882 9882 3
1053 53 3
1105 105 2
1164 164 3
1330 330 2
1404 404 3
1502 502 3
1563 563 3
1651 651 3
1656 656 3
1730 730 3
1741 741 3
1812 812 3
1867 867 3
2002 1002 2
2106 1106 2
2244 1244 3
2329 1329 3
2338 1338 3
2372 1372 3
2729 1729 3
2736 1736 2
2865 1865 2
2984 1984 2
3449 2449 3
3458 2458 3
3550 2550 2
3679 2679 2
3734 2734 2
3897 2897 2
3916 2916 3
4028 3028 3
4274 3274 3
4336 3336 3
4410 3410 3
4478 3478 3
4529 3529 2
4535 3535 2
4693 3693 3
4750 3750 3
4792 3792 2
4893 3893 3
4919 3919 3
5025 4025 3
5026 4026 3
5027 4027 2
5100 4100 3
5158 4158 3
5352 4352 2
5353 4353 3
5408 4408 3
5548 4548 3
5648 4648 3
5658 4658 3
5908 4908 2
5976 4976 3
6012 5012 3
6058 5058 2
6256 5256 3
6395 5395 3
6438 5438 3
6438 5438 3
6477 5477 2
6572 5572 2
6604 5604 3
6606 5606 2
6679 5679 3
6767 5767 2
6916 5916 3
7006 6006 3
7034 6034 2
7042 6042 3
7365 6365 2
7518 6518 3
7569 6569 3
7689 6689 2
7726 6726 2
8006 7006 2
8064 7064 2
8090 7090 2
8336 7336 3
8412 7412 2
8433 7433 2
8516 7516 3
8663 7663 2
8758 7758 3
9039 8039 3
9258 8258 3
9360 8360 3
9512 8512 2
9727 8727 3
9805 8805 3
10024 9024 2
10045 9045 2
10200 9200 3
10573 9573 2
10588 9588 3
10654 9654 3
10738 9738 3
10945 9945 3
10965 9965 3
1174 174 2
1237 237 3
1306 306 3
1390 390 3
1413 413 2
1560 560 3
1563 563 3
1564 564 3
1599 599 3
1901 901 2
1992 992 2
2149 1149 3
2424 1424 3
2451 1451 2
2520 1520 2
2611 1611 3
2614 1614 2
2933 1933 3
3006 2006 3
3051 2051 3
3140 2140 2
3156 2156 2
3186 2186 2
3279 2279 3
3345 2345 3
3355 2355 2
3533 2533 3
3539 2539 2
3946 2946 3
3952 2952 3
4048 3048 2
4159 3159 2
4163 3163 2
4254 3254 2
4355 3355 2
4445 3445 3
4494 3494 2
4528 3528 3
4540 3540 3
4658 3658 3
4963 3963 3
5074 4074 3
5328 4328 3
5628 4628 2
5651 4651 3
5682 4682 2
5689 4689 2
5695 4695 3
5725 4725 3
5769 4769 2
5818 4818 2
6050 5050 2
6064 5064 2
6073 5073 2
6111 5111 2
6142 5142 3
6273 5273 3
6495 5495 2
6575 5575 3
6627 5627 3
6631 5631 3
6752 5752 3
6972 5972 2
6977 5977 2
7054 6054 3
7332 6332 3
7334 6334 3
7565 6565 2
7871 6871 3
7905 6905 2
7934 6934 3
8009 7009 3
8083 7083 3
8167 7167 3
8244 7244 2
8297 7297 2
8598 7598 2
8634 7634 3
8670 7670 2
8670 7670 3
8722 7722 3
8827 7827 3
8891 7891 2
9091 8091 3
9347 8347 3
9451 8451 2
9671 8671 2
9721 8721 3
9803 8803 2
9812 8812 3
9891 8891 3
10047 9047 2
10237 9237 3
10326 9326 2
10630 9630 3
10646 9646 2
10689 9689 3
10868 9868 2
10919 9919 3
10963 9963 3
1029 29 2
1112 112 3
1122 122 2
1123 123 3
1402 402 2
1473 473 2
1660 660 2
1686 686 2
1752 752 3
1927 927 3
2121 1121 3
2274 1274 2
2435 1435 3
2443 1443 3
2785 1785 3
2792 1792 3
2813 1813 2
2819 1819 3
3035 2035 3
3036 2036 3
3057 2057 3
3316 2316 2
3408 2408 2
3462 2462 3
3654 2654 3
3724 2724 2
3727 2727 2
3915 2915 3
4037 3037 2
4078 3078 2
4081 3081 3
4283 3283 3
4307 3307 3
4308 3308 2
4314 3314 3
4782 3782 2
4903 3903 3
5186 4186 2
5209 4209 3
5297 4297 2
5323 4323 2
5391 4391 2
5536 4536 2
5664 4664 3
5779 4779 3
5815 4815 3
6126 5126 3
6137 5137 3
6161 5161 2
6211 5211 3
6364 5364 2
6377 5377 2
6453 5453 2
6485 5485 3
6525 5525 3
6639 5639 3
6846 5846 2
6984 5984 3
7046 6046 2
7170 6170 2
7262 6262 2
7626 6626 2
7746 6746 2
7844 6844 3
7894 6894 2
8173 7173 2
8197 7197 2
8213 7213 3
8245 7245 3
8291 7291 2
8316 7316 3
8361 7361 3
8469 7469 2
8643 7643 3
8764 7764 2
8834 7834 2
8841 7841 2
9045 8045 3
9156 8156 3
9329 8329 2
9453 8453 3
9490 8490 2
9557 8557 2
9638 8638 2
9676 8676 3
9731 8731 3
9738 8738 3
9740 8740 2
9788 8788 3
9821 8821 3
9854 8854 2
9881 8881 2
9932 8932 3
10042 9042 2
10042 9042 3
10421 9421 2
10807 9807 3
10847 9847 3
10866 9866 3
10883 9883 3
1459 459 2
1564 564 3
1590 590 2
1676 676 2
1694 694 3
1728 728 2
2002 1002 3
2018 1018 3
2024 1024 3
2154 1154 3
2279 1279 3
2464 1464 2
2646 1646 2
2959 1959 2
3035 2035 3
3045 2045 2
3196 2196 2
3250 2250 2
3607 2607 3
3643 2643 2
3720 2720 2
3849 2849 3
3855 2855 3
3995 2995 2
4055 3055 3
4082 3082 3
4113 3113 2
4234 3234 3
4366 3366 2
4441 3441 2
4502 3502 3
4576 3576 3
4714 3714 2
5041 4041 3
5218 4218 3
5252 4252 2
5322 4322 2
5384 4384 3
5506 4506 3
5528 4528 2
5639 4639 3
5653 4653 3
5656 4656 2
5703 4703 2
5714 4714 2
5947 4947 3
5975 4975 3
6381 5381 3
6440 5440 2
6466 5466 3
6593 5593 2
6764 5764 2
6821 5821 2
6908 5908 2
6908 5908 3
7000 6000 2
7038 6038 2
7223 6223 3
7279 6279 3
7383 6383 2
7482 6482 2
7502 6502 2
7574 6574 2
7640 6640 2
7818 6818 3
7895 6895 3
7912 6912 3
7935 6935 2
8131 7131 3
8260 7260 3
8390 7390 3
8399 7399 3
8462 7462 2
8519 7519 2
8549 7549 2
8633 7633 2
8718 7718 2
8890 7890 3
8938 7938 3
8964 7964 2
8997 7997 3
9007 8007 2
9022 8022 3
9183 8183 3
9327 8327 3
9715 8715 3
9811 8811 3
9877 8877 2
9989 8989 2
10026 9026 2
10122 9122 3
10198 9198 3
10275 9275 2
10290 9290 2
10343 9343 3
10377 9377 3
10445 9445 2
10545 9545 3
10845 9845 2
10873 9873 2
1119 119 2
1121 121 3
1269 269 3
1470 470 3
1614 614 2
1620 620 2
1686 686 3
1727 727 2
1757 757 2
1783 783 2
1830 830 3
1834 834 2
2008 1008 2
2042 1042 2
2266 1266 3
2268 1268 3
2288 1288 2
2323 1323 3
2442 1442 3
2573 1573 2
2704 1704 3
2904 1904 2
2932 1932 2
2945 1945 2
3184 2184 2
3208 2208 2
3225 2225 3
3237 2237 3
3334 2334 2
3363 2363 3
3379 2379 3
3383 2383 3
3394 2394 3
3404 2404 2
3449 2449 2
3521 2521 2
4028 3028 3
4283 3283 2
4328 3328 3
4333 3333 3
4493 3493 2
4505 3505 2
4580 3580 3
4591 3591 3
4654 3654 3
4700 3700 3
4819 3819 3
4973 3973 2
4985 3985 3
5207 4207 2
5217 4217 3
5226 4226 2
5339 4339 3
5541 4541 2
5552 4552 2
5569 4569 2
5692 4692 3
5808 4808 3
6636 5636 2
6878 5878 3
7020 6020 3
7068 6068 2
7409 6409 3
7414 6414 3
7441 6441 3
7473 6473 2
7491 6491 3
7528 6528 2
7566 6566 3
7702 6702 2
7881 6881 2
7961 6961 2
7983 6983 3
8195 7195 3
8378 7378 3
8441 7441 2
8780 7780 2
8909 7909 2
8952 7952 2
9073 8073 2
9215 8215 2
9219 8219 3
9388 8388 2
9511 8511 2
9708 8708 3
9720 8720 2
9726 8726 2
9937 8937 2
10259 9259 3
10291 9291 2
10335 9335 3
10457 9457 2
10491 9491 3
10495 9495 3
10548 9548 2
10677 9677 2
10718 9718 3
10721 9721 3
10782 9782 2
10937 9937 2
1172 172 3
1182 182 3
1185 185 3
1222 222 3
1331 331 2
1447 447 3
1497 497 2
1711 711 3
1804 804 3
2002 1002 2
2068 1068 2
2098 1098 3
2116 1116 3
2208 1208 2
2265 1265 3
2283 1283 3
2334 1334 3
2412 1412 2
2419 1419 2
2432 1432 2
2475 1475 3
2558 1558 3
2993 1993 2
3023 2023 2
3131 2131 3
3139 2139 3
3234 2234 3
3411 2411 3
3542 2542 3
3560 2560 2
3635 2635 2
3770 2770 2
3837 2837 2
3865 2865 3
3985 2985 2
4051 3051 2
4084 3084 2
4091 3091 2
4112 3112 2
4150 3150 2
4212 3212 2
4255 3255 2
4436 3436 2
4922 3922 3
4945 3945 3
4988 3988 3
5151 4151 2
5234 4234 2
5306 4306 3
5438 4438 2
5474 4474 2
5513 4513 2
5562 4562 2
5633 4633 2
5671 4671 2
5743 4743 3
5851 4851 3
5962 4962 2
5992 4992 2
6077 5077 2
6124 5124 2
6130 5130 3
6289 5289 3
6343 5343 3
6390 5390 3
6504 5504 2
6508 5508 2
6534 5534 2
6571 5571 2
6677 5677 2
7006 6006 3
7237 6237 3
7266 6266 3
7312 6312 3
7328 6328 2
7503 6503 2
7521 6521 3
7523 6523 2
7767 6767 3
8119 7119 3
8262 7262 3
8500 7500 3
8704 7704 3
8832 7832 2
9008 8008 2
9050 8050 2
9090 8090 2
9128 8128 2
9335 8335 3
9465 8465 3
9491 8491 2
9559 8559 3
9629 8629 2
9953 8953 3
10066 9066 2
10249 9249 3
10308 9308 2
10630 9630 2
10893 9893 3
10903 9903 2
1234 234 3
1239 239 2
1321 321 2
1449 449 2
1555 555 3
1733 733 2
1746 746 2
1806 806 3
1833 833 2
1833 833 3
2005 1005 2
2185 1185 3
2217 1217 2
2277 1277 3
2281 1281 3
2346 1346 2
2457 1457 2
2668 1668 3
2681 1681 3
2762 1762 3
2767 1767 3
2888 1888 3
3034 2034 2
3117 2117 2
3229 2229 3
3529 2529 2
3568 2568 2
3577 2577 2
3703 2703 2
3717 2717 2
3725 2725 3
3863 2863 2
4040 3040 2
4089 3089 2
4115 3115 3
4151 3151 3
4652 3652 3
4708 3708 2
4819 3819 2
4908 3908 3
5045 4045 3
5155 4155 2
5214 4214 2
5263 4263 3
5297 4297 3
5327 4327 2
5335 4335 3
5428 4428 2
5459 4459 2
5528 4528 2
5559 4559 3
5726 4726 3
5788 4788 3
5791 4791 2
5829 4829 3
5837 4837 2
5858 4858 2
5880 4880 2
6148 5148 3
6447 5447 2
6478 5478 2
6699 5699 2
6773 5773 3
7004 6004 3
7005 6005 2
7269 6269 2
7279 6279 3
7527 6527 2
7531 6531 3
7596 6596 3
7789 6789 3
7842 6842 3
8141 7141 2
8332 7332 2
8393 7393 2
8466 7466 2
8530 7530 2
8542 7542 3
8619 7619 3
8828 7828 3
8909 7909 2
9018 8018 3
9080 8080 2
9128 8128 3
9156 8156 3
9164 8164 2
9312 8312 3
9362 8362 3
9412 8412 2
9863 8863 3
9908 8908 3
9928 8928 2
10046 9046 3
10066 9066 3
10175 9175 3
10341 9341 2
10430 9430 3
10655 9655 3
10884 9884 3
10997 9997 2
1087 87 3
1142 142 2
1411 411 2
1428 428 2
1477 477 3
1674 674 2
1696 696 2
1701 701 3
1703 703 3
1864 864 3
1882 882 2
1886 886 2
2024 1024 3
2298 1298 3
2304 1304 2
2345 1345 3
2353 1353 2
2456 1456 3
2546 1546 2
2587 1587 2
2896 1896 3
2936 1936 3
3214 2214 2
3249 2249 3
3577 2577 2
3680 2680 2
3810 2810 2
4042 3042 2
4126 3126 3
4478 3478 2
4563 3563 2
4755 3755 2
4755 3755 2
4994 3994 3
5421 4421 3
5492 4492 2
5499 4499 3
5576 4576 2
5601 4601 2
5639 4639 2
5774 4774 2
5882 4882 3
5948 4948 3
5991 4991 3
6008 5008 3
6022 5022 3
6041 5041 3
6082 5082 2
6234 5234 3
6408 5408 3
6428 5428 2
6807 5807 3
6811 5811 3
6818 5818 3
6824 5824 3
6865 5865 3
6968 5968 2
7016 6016 3
7018 6018 3
7351 6351 3
7498 6498 3
7553 6553 3
7570 6570 3
7664 6664 3
7752 6752 3
7776 6776 3
7850 6850 3
7963 6963 3
7995 6995 2
8024 7024 3
8034 7034 3
8089 7089 2
8343 7343 2
8440 7440 3
8461 7461 2
8488 7488 2
8604 7604 3
8636 7636 3
8863 7863 3
8986 7986 2
8996 7996 3
9058 8058 2
9277 8277 3
9362 8362 3
9458 8458 2
9587 8587 3
9775 8775 3
9810 8810 2
9872 8872 2
9915 8915 3
10005 9005 3
10051 9051 2
10503 9503 2
10545 9545 3
10666 9666 2
10688 9688 3
10763 9763 2
10769 9769 3
10794 9794 2
10849 9849 2
1027 27 3
1104 104 3
1188 188 3
1222 222 3
1304 304 3
1439 439 3
1536 536 2
1545 545 3
1718 718 2
1830 830 3
1850 850 2
1872 872 2
1887 887 2
1960 960 2
1965 965 2
2079 1079 3
2175 1175 3
2231 1231 3
2287 1287 3
2309 1309 2
2559 1559 2
2609 1609 3
2684 1684 2
2784 1784 2
2907 1907 3
3222 2222 2
3289 2289 2
3349 2349 2
3434 2434 3
3814 2814 3
3934 2934 2
3988 2988 3
4018 3018 3
4082 3082 2
4089 3089 3
4218 3218 3
4438 3438 2
4560 3560 2
4645 3645 3
4942 3942 3
5270 4270 2
5312 4312 3
5328 4328 3
5424 4424 2
5432 4432 3
5498 4498 2
5605 4605 3
5611 4611 2
5747 4747 2
5920 4920 2
6020 5020 2
6230 5230 3
6267 5267 2
6343 5343 3
6377 5377 3
6786 5786 3
7033 6033 2
7065 6065 3
7156 6156 3
7379 6379 2
7448 6448 3
7614 6614 3
7626 6626 2
7632 6632 3
7649 6649 2
7649 6649 2
7871 6871 2
8128 7128 3
8234 7234 3
8505 7505 2
8738 7738 3
8786 7786 2
8860 7860 3
8864 7864 2
8896 7896 2
8960 7960 2
9021 8021 3
9048 8048 3
9192 8192 2
9258 8258 3
9264 8264 2
9319 8319 2
9348 8348 2
9450 8450 3
9522 8522 3
9573 8573 3
9578 8578 2
9616 8616 2
9643 8643 2
9705 8705 3
9938 8938 3
9979 8979 2
10030 9030 3
10031 9031 3
10057 9057 3
10261 9261 3
10275 9275 3
10856 9856 2
10957 9957 2
10960 9960 3
1159 159 2
1270 270 3
1397 397 2
1434 434 2
1454 454 3
1471 471 3
1483 483 3
1500 500 2
1541 541 3
1848 848 3
1849 849 2
2097 1097 3
2293 1293 2
2324 1324 3
2342 1342 3
2411 1411 2
2707 1707 3
2772 1772 3
2852 1852 3
2914 1914 2
3129 2129 2
3159 2159 2
3176 2176 3
3255 2255 2
3343 2343 3
3365 2365 3
3413 2413 3
3422 2422 2
3483 2483 3
3512 2512 2
3635 2635 2
3726 2726 3
3732 2732 3
3764 2764 2
3809 2809 2
4055 3055 2
4130 3130 2
4430 3430 2
4492 3492 3
4755 3755 2
4770 3770 3
4771 3771 3
4844 3844 3
4867 3867 3
4889 3889 2
5248 4248 3
5352 4352 3
5455 4455 2
5459 4459 2
5521 4521 3
5532 4532 2
5614 4614 3
5752 4752 2
5865 4865 2
6043 5043 3
6265 5265 3
6379 5379 3
6401 5401 3
6459 5459 3
6733 5733 3
6771 5771 2
6827 5827 3
7046 6046 3
7078 6078 3
7328 6328 2
7606 6606 2
7789 6789 3
7802 6802 3
7814 6814 2
7997 6997 3
8136 7136 2
8156 7156 2
8159 7159 3
8228 7228 2
8318 7318 2
8638 7638 2
8794 7794 2
8873 7873 2
9024 8024 2
9084 8084 2
9115 8115 3
9491 8491 2
9536 8536 3
9680 8680 3
9860 8860 3
9964 8964 2
9996 8996 3
10071 9071 3
10106 9106 2
10195 9195 3
10271 9271 2
10304 9304 2
10324 9324 2
10328 9328 2
10575 9575 3
10614 9614 2
10654 9654 2
10705 9705 2
10738 9738 3
10912 9912 3
1082 82 3
1092 92 3
1120 120 3
1235 235 3
1280 280 2
1295 295 3
1552 552 2
1640 640 2
1681 681 3
1710 710 2
1722 722 2
1726 726 2
2138 1138 3
2185 1185 2
2304 1304 2
2509 1509 2
2670 1670 2
2868 1868 3
2870 1870 3
3003 2003 3
3076 2076 3
3160 2160 3
3251 2251 3
3432 2432 2
3549 2549 3
3577 2577 2
3855 2855 3
4148 3148 3
4228 3228 3
4316 3316 3
4327 3327 2
4328 3328 3
4549 3549 3
4770 3770 3
5079 4079 2
5342 4342 3
5569 4569 3
5576 4576 3
5666 4666 2
5668 4668 3
5751 4751 3
6013 5013 3
6155 5155 3
6189 5189 2
6462 5462 3
6527 5527 2
6608 5608 2
6744 5744 3
6790 5790 2
6874 5874 3
6926 5926 3
6929 5929 3
7138 6138 3
7186 6186 2
7294 6294 3
7306 6306 3
7566 6566 2
7601 6601 3
7650 6650 3
7660 6660 2
7725 6725 3
7833 6833 3
7875 6875 2
7970 6970 2
8118 7118 2
8122 7122 2
8190 7190 3
8643 7643 3
8755 7755 3
8761 7761 2
8847 7847 3
8909 7909 2
9267 8267 3
9300 8300 2
9409 8409 2
9411 8411 2
9445 8445 3
9546 8546 3
9591 8591 3
9605 8605 3
9627 8627 3
9687 8687 3
9714 8714 3
9832 8832 3
9842 8842 3
9901 8901 2
9927 8927 3
10006 9006 2
10097 9097 3
10191 9191 3
10398 9398 2
10399 9399 3
10510 9510 2
10637 9637 3
10655 9655 2
10679 9679 2
10812 9812 3
10812 9812 3
10954 9954 3
10977 9977 2
1198 198 3
1221 221 3
1759 759 2
1765 765 3
1862 862 3
1916 916 3
2105 1105 3
2167 1167 2
2223 1223 3
2306 1306 3
2327 1327 3
2560 1560 3
2584 1584 2
2677 1677 2
2929 1929 3
3080 2080 2
3144 2144 3
3296 2296 3
3813 2813 2
3971 2971 2
3995 2995 2
4016 3016 3
4034 3034 3
4246 3246 3
4311 3311 3
4439 3439 3
4526 3526 3
4587 3587 2
4638 3638 3
4706 3706 2
4922 3922 2
4925 3925 2
4950 3950 3
5020 4020 3
5451 4451 3
5514 4514 3
5558 4558 2
5565 4565 3
5576 4576 2
5796 4796 2
5872 4872 2
5950 4950 2
6010 5010 2
6124 5124 2
6261 5261 3
6290 5290 2
6296 5296 3
6325 5325 2
6330 5330 3
6352 5352 3
6680 5680 3
6735 5735 2
6802 5802 3
6879 5879 2
6928 5928 2
7008 6008 2
7029 6029 3
7047 6047 3
7172 6172 3
7205 6205 3
7365 6365 3
7369 6369 3
7486 6486 3
7714 6714 2
7830 6830 2
7924 6924 3
7928 6928 3
7983 6983 2
7996 6996 3
8003 7003 3
8040 7040 3
8103 7103 2
8135 7135 2
8338 7338 2
8411 7411 2
8710 7710 3
8773 7773 2
8958 7958 3
9016 8016 2
9193 8193 2
9280 8280 2
9308 8308 3
9327 8327 2
9585 8585 3
9724 8724 3
9771 8771 3
9805 8805 2
9816 8816 2
10004 9004 2
10029 9029 3
10155 9155 3
10187 9187 3
10272 9272 2
10363 9363 3
10364 9364 3
10367 9367 2
10419 9419 2
10493 9493 3
10549 9549 3
10863 9863 3
1015 15 3
1030 30 2
1045 45 2
1338 338 3
1366 366 2
1450 450 3
1469 469 3
1476 476 2
1491 491 2
1531 531 2
1566 566 2
1668 668 2
1688 688 2
1744 744 3
1776 776 3
1984 984 3
2361 1361 2
2412 1412 2
2511 1511 2
2954 1954 3
3119 2119 3
3132 2132 3
3345 2345 3
3592 2592 2
3647 2647 3
3742 2742 3
3858 2858 2
4017 3017 2
4028 3028 3
4242 3242 2
4368 3368 2
4406 3406 3
4441 3441 2
4442 3442 3
4462 3462 3
4611 3611 3
4746 3746 2
4748 3748 3
4753 3753 3
4920 3920 2
4935 3935 3
4962 3962 3
5009 4009 3
5080 4080 2
5514 4514 3
5565 4565 2
5598 4598 2
5779 4779 2
5915 4915 3
5917 4917 2
6019 5019 2
6040 5040 2
6075 5075 3
6104 5104 2
6237 5237 3
6243 5243 3
6294 5294 2
6401 5401 2
6528 5528 2
6580 5580 2
6656 5656 3
6792 5792 2
6920 5920 3
6991 5991 3
7106 6106 2
7466 6466 3
7513 6513 2
7669 6669 3
7812 6812 3
7819 6819 3
7959 6959 2
7989 6989 3
8079 7079 2
8122 7122 3
8238 7238 3
8349 7349 2
8374 7374 3
8567 7567 3
8743 7743 2
8981 7981 3
8985 7985 3
8991 7991 2
9047 8047 2
9218 8218 3
9387 8387 3
9655 8655 3
9842 8842 3
9907 8907 3
9968 8968 2
9996 8996 3
10241 9241 3
10306 9306 3
10426 9426 3
10494 9494 2
10552 9552 3
10583 9583 3
10715 9715 3
10820 9820 2
10913 9913 2
10925 9925 3
1308 308 3
1615 615 3
1699 699 3
1754 754 2
1829 829 2
1988 988 2
2013 1013 2
2055 1055 3
2097 1097 3
2135 1135 3
2644 1644 2
2988 1988 3
3077 2077 3
3093 2093 3
3361 2361 3
3484 2484 2
3692 2692 2
3724 2724 3
4020 3020 3
4141 3141 2
4248 3248 3
4275 3275 2
4356 3356 2
4398 3398 3
4407 3407 3
4421 3421 2
4551 3551 3
4591 3591 3
4703 3703 2
4801 3801 2
4871 3871 2
5028 4028 3
5040 4040 2
5050 4050 2
5114 4114 2
5197 4197 3
5349 4349 3
5477 4477 2
5485 4485 3
5531 4531 3
5744 4744 2
5791 4791 2
5944 4944 2
5967 4967 3
6030 5030 2
6070 5070 3
6163 5163 3
6484 5484 3
6532 5532 3
6724 5724 2
6796 5796 2
6816 5816 2
6830 5830 2
6854 5854 2
6898 5898 3
6970 5970 2
7026 6026 3
7643 6643 3
7650 6650 3
7678 6678 2
7778 6778 2
7814 6814 2
7943 6943 3
8020 7020 3
8284 7284 2
8335 7335 2
8394 7394 2
8417 7417 2
8535 7535 3
8699 7699 3
8700 7700 3
8715 7715 3
8721 7721 2
8803 7803 3
8986 7986 3
8998 7998 2
9012 8012 2
9132 8132 3
9346 8346 3
9498 8498 2
9591 8591 2
9627 8627 3
9635 8635 3
9662 8662 3
9746 8746 3
9791 8791 2
9831 8831 3
9837 8837 2
9934 8934 3
10132 9132 2
10202 9202 2
10248 9248 3
10260 9260 3
10280 9280 2
10392 9392 3
10484 9484 2
10569 9569 2
10920 9920 3
10952 9952 3
10979 9979 3
1038 38 3
1104 104 2
1123 123 3
1240 240 2
1288 288 2
1330 330 2
1345 345 3
1395 395 3
1404 404 3
1456 456 2
1536 536 2
1645 645 2
1706 706 2
1744 744 3
2078 1078 2
2225 1225 2
2272 1272 3
2362 1362 2
2453 1453 3
2620 1620 2
2731 1731 2
2757 1757 3
2817 1817 2
2871 1871 3
2948 1948 2
3070 2070 2
3167 2167 3
3213 2213 3
3287 2287 3
3595 2595 3
3679 2679 3
3692 2692 3
3859 2859 2
3868 2868 2
4128 3128 3
4470 3470 3
4555 3555 3
4617 3617 2
4638 3638 2
4780 3780 3
4807 3807 3
4859 3859 2
4894 3894 2
4967 3967 3
5048 4048 2
5164 4164 3
5382 4382 2
5394 4394 2
5580 4580 3
5639 4639 2
5815 4815 3
6050 5050 2
6090 5090 2
6109 5109 3
6267 5267 3
6272 5272 3
6415 5415 2
6511 5511 2
6684 5684 3
7004 6004 3
7277 6277 2
7343 6343 2
7406 6406 3
7493 6493 2
7512 6512 2
7541 6541 3
7572 6572 3
7582 6582 3
7618 6618 2
7653 6653 2
7727 6727 3
7756 6756 2
7806 6806 3
7830 6830 3
7846 6846 3
8173 7173 3
8338 7338 3
8359 7359 3
8452 7452 3
8494 7494 3
8496 7496 3
8522 7522 3
9072 8072 3
9078 8078 2
9393 8393 2
9427 8427 3
9439 8439 3
9598 8598 2
9637 8637 2
9697 8697 3
9701 8701 3
9720 8720 2
9860 8860 2
9894 8894 3
10073 9073 3
10134 9134 3
10175 9175 2
10317 9317 3
10425 9425 3
10623 9623 2
1073 73 3
1159 159 2
1312 312 2
1369 369 3
1392 392 2
1400 400 2
1420 420 2
1539 539 3
1622 622 3
1674 674 2
1894 894 2
1904 904 3
2154 1154 3
2247 1247 3
2436 1436 2
2468 1468 3
2479 1479 2
2554 1554 2
2614 1614 3
2757 1757 2
2828 1828 2
2877 1877 2
2976 1976 2
3003 2003 3
3035 2035 3
3061 2061 2
3119 2119 2
3146 2146 2
3231 2231 3
3335 2335 3
3588 2588 3
3630 2630 3
3678 2678 3
3708 2708 3
3836 2836 3
4087 3087 2
4164 3164 3
4238 3238 3
4402 3402 2
4496 3496 2
4506 3506 3
4690 3690 2
4754 3754 3
4851 3851 2
5050 4050 3
5107 4107 3
5633 4633 2
5647 4647 2
5832 4832 3
5921 4921 3
5981 4981 3
6108 5108 3
6166 5166 3
6393 5393 2
6440 5440 2
6500 5500 2
6744 5744 3
6822 5822 3
6991 5991 2
7024 6024 3
7080 6080 3
7129 6129 3
7242 6242 2
7251 6251 2
7257 6257 2
7357 6357 3
7408 6408 2
7483 6483 3
7710 6710 2
7846 6846 3
7873 6873 2
7889 6889 2
7987 6987 3
8173 7173 2
8292 7292 2
8339 7339 3
8469 7469 2
8554 7554 3
8646 7646 3
8671 7671 2
8889 7889 3
8895 7895 2
9014 8014 2
9152 8152 3
9187 8187 3
9206 8206 3
9311 8311 3
9498 8498 3
9562 8562 2
9564 8564 3
9833 8833 2
9959 8959 2
10090 9090 3
10350 9350 3
10395 9395 2
10428 9428 3
10561 9561 3
10597 9597 3
10709 9709 3
10889 9889 2
1006 6 2
1022 22 3
1161 161 2
1190 190 2
1371 371 2
1550 550 3
1598 598 3
1986 986 3
2228 1228 2
2254 1254 2
2302 1302 2
2334 1334 2
2474 1474 2
2588 1588 3
2720 1720 2
2744 1744 3
2794 1794 3
2815 1815 2
2859 1859 3
3063 2063 3
3088 2088 3
3121 2121 3
3317 2317 3
3343 2343 2
3616 2616 2
3689 2689 3
3724 2724 2
3793 2793 3
3832 2832 2
3886 2886 2
4013 3013 3
4224 3224 2
4261 3261 2
4389 3389 3
4402 3402 3
4411 3411 3
4880 3880 3
4942 3942 3
5026 4026 2
5042 4042 2
5135 4135 2
5181 4181 3
5209 4209 2
5262 4262 2
5356 4356 3
5510 4510 3
5523 4523 2
5606 4606 2
5644 4644 2
5699 4699 2
5733 4733 3
5902 4902 3
5976 4976 3
5987 4987 3
6079 5079 3
6390 5390 2
6616 5616 3
6618 5618 2
6736 5736 2
6749 5749 3
6984 5984 2
7103 6103 2
7327 6327 3
7415 6415 3
7427 6427 2
7550 6550 3
7730 6730 3
7846 6846 3
7891 6891 3
8077 7077 2
8158 7158 3
8290 7290 2
8299 7299 3
8385 7385 2
8448 7448 3
8535 7535 3
8552 7552 3
8752 7752 2
8765 7765 3
8990 7990 3
9044 8044 2
9051 8051 3
9064 8064 2
9186 8186 2
9379 8379 2
9517 8517 3
9549 8549 2
9779 8779 3
9811 8811 3
9985 8985 2
10002 9002 2
10099 9099 3
10143 9143 3
10219 9219 2
10377 9377 2
10409 9409 2
10461 9461 3
10729 9729 3
10734 9734 3
10776 9776 3
1095 95 2
1234 234 2
1242 242 3
1407 407 2
1517 517 2
1932 932 3
1962 962 2
2047 1047 3
2183 1183 2
2432 1432 2
2556 1556 3
2740 1740 3
2777 1777 3
2904 1904 3
2973 1973 3
3078 2078 3
3085 2085 3
3169 2169 3
3229 2229 2
3330 2330 3
3364 2364 2
3377 2377 3
3630 2630 3
3696 2696 3
3787 2787 3
3810 2810 3
3867 2867 3
3973 2973 2
4064 3064 3
4138 3138 2
4262 3262 2
4269 3269 2
4552 3552 2
4847 3847 3
4885 3885 2
4919 3919 2
5022 4022 2
5127 4127 3
5132 4132 2
5154 4154 2
5261 4261 2
5308 4308 2
5331 4331 2
5381 4381 3
5403 4403 3
5454 4454 3
5511 4511 3
5662 4662 2
5700 4700 2
5755 4755 3
5819 4819 3
5824 4824 2
5845 4845 3
5991 4991 3
6304 5304 3
6757 5757 3
6805 5805 3
6811 5811 2
6837 5837 2
6910 5910 2
6925 5925 2
6934 5934 3
7059 6059 3
7327 6327 3
7461 6461 3
7641 6641 2
7768 6768 3
7808 6808 2
7979 6979 2
8189 7189 3
8259 7259 2
8316 7316 2
8656 7656 3
8687 7687 3
8829 7829 2
8962 7962 2
9155 8155 3
9358 8358 3
9361 8361 2
9388 8388 3
9539 8539 3
9608 8608 3
9701 8701 3
9782 8782 2
9993 8993 2
10192 9192 3
10271 9271 2
10273 9273 2
10279 9279 2
10326 9326 2
10502 9502 3
10514 9514 3
10544 9544 2
10576 9576 3
10656 9656 3
10706 9706 3
10763 9763 2
10802 9802 2
10873 9873 2
10897 9897 2
