500 20 1127595
25 73 159
25 134 204
25 136 239
25 56 196
25 108 219
25 108 187
25 143 234
25 91 179
25 67 160
25 148 170
25 119 204
25 55 233
25 119 205
25 90 163
25 60 237
25 133 191
25 140 153
25 147 247
25 92 249
25 125 201
1216 216 11
1256 256 14
1320 320 13
1646 646 15
2100 1100 13
3971 2971 14
4172 3172 12
4511 3511 12
4699 3699 11
4811 3811 10
5114 4114 11
5517 4517 11
6155 5155 13
6238 5238 11
6516 5516 11
6521 5521 15
6854 5854 12
7033 6033 11
7168 6168 13
7855 6855 12
8231 7231 13
10294 9294 13
10425 9425 13
10747 9747 13
10836 9836 12
1053 53 14
1182 182 15
1213 213 11
1370 370 14
1552 552 14
1603 603 14
2895 1895 12
2955 1955 14
3581 2581 13
4354 3354 13
4517 3517 13
4746 3746 14
4823 3823 11
4860 3860 12
5076 4076 13
5275 4275 14
5997 4997 15
6779 5779 12
6814 5814 13
6944 5944 13
7317 6317 11
7767 6767 13
7874 6874 12
9197 8197 11
9439 8439 13
1120 120 11
1314 314 10
1956 956 11
2188 1188 11
2370 1370 14
2733 1733 14
3126 2126 12
3346 2346 14
3373 2373 12
3662 2662 13
3792 2792 14
4171 3171 14
4868 3868 12
6748 5748 14
6996 5996 14
7089 6089 13
7188 6188 11
7933 6933 11
8803 7803 12
9156 8156 15
9258 8258 14
9608 8608 14
9978 8978 12
9981 8981 11
10419 9419 14
1607 607 15
1675 675 12
1697 697 12
1713 713 13
2088 1088 11
2264 1264 11
2413 1413 13
2710 1710 10
3141 2141 13
3748 2748 13
4428 3428 11
4613 3613 13
4825 3825 12
5218 4218 12
6212 5212 11
6367 5367 11
7680 6680 14
7710 6710 12
7761 6761 14
9009 8009 12
9432 8432 11
9511 8511 15
9978 8978 11
9997 8997 13
10948 9948 14
1002 2 12
2519 1519 11
3017 2017 15
3182 2182 14
6037 5037 15
6126 5126 13
6505 5505 12
6555 5555 13
6575 5575 11
6836 5836 11
6934 5934 12
6975 5975 13
7653 6653 13
7820 6820 12
7827 6827 11
7892 6892 14
8232 7232 14
8389 7389 12
8391 7391 12
8467 7467 12
9324 8324 11
9793 8793 14
9868 8868 14
10533 9533 13
10936 9936 12
1163 163 13
1223 223 10
1950 950 13
2443 1443 13
3088 2088 13
3705 2705 11
3986 2986 14
4132 3132 14
4801 3801 11
5559 4559 14
5937 4937 12
6437 5437 11
6456 5456 11
6624 5624 12
6626 5626 13
8079 7079 11
8145 7145 13
9036 8036 13
9276 8276 14
9307 8307 15
9409 8409 12
10115 9115 13
10156 9156 12
10259 9259 15
10836 9836 12
1056 56 13
1120 120 11
1258 258 13
1923 923 11
2188 1188 12
3154 2154 12
3824 2824 12
4159 3159 11
4414 3414 14
5090 4090 14
5404 4404 13
5441 4441 15
5848 4848 14
5904 4904 14
6120 5120 14
6221 5221 15
6742 5742 12
7180 6180 14
7590 6590 15
7666 6666 13
7689 6689 12
9924 8924 14
9983 8983 15
10171 9171 12
10389 9389 15
1379 379 12
1501 501 13
1542 542 11
1781 781 13
2211 1211 11
2292 1292 13
2922 1922 13
3646 2646 12
3656 2656 14
3987 2987 13
4181 3181 12
4572 3572 13
4582 3582 11
4605 3605 14
6254 5254 13
6670 5670 13
6717 5717 13
7931 6931 11
8378 7378 11
8865 7865 13
8895 7895 12
10007 9007 10
10381 9381 14
10759 9759 11
10993 9993 15
1269 269 13
1301 301 13
1591 591 15
1636 636 13
2405 1405 11
3429 2429 14
3532 2532 13
3871 2871 14
4003 3003 14
4172 3172 14
4540 3540 11
4813 3813 11
5415 4415 12
6016 5016 11
6255 5255 14
6272 5272 13
6505 5505 12
6540 5540 13
7577 6577 14
8361 7361 14
9351 8351 14
9799 8799 11
10399 9399 12
10571 9571 14
10731 9731 12
1209 209 11
2123 1123 14
2509 1509 15
2657 1657 12
2859 1859 12
3594 2594 13
4079 3079 12
4262 3262 11
4646 3646 12
5345 4345 15
5412 4412 11
5528 4528 12
5663 4663 13
5882 4882 12
7036 6036 10
7794 6794 13
8382 7382 13
8478 7478 12
8676 7676 13
9874 8874 11
9894 8894 14
10156 9156 11
10189 9189 13
10669 9669 13
10725 9725 12
1419 419 11
1695 695 11
2753 1753 12
2952 1952 13
3290 2290 12
4557 3557 13
4706 3706 15
4770 3770 12
5277 4277 14
5904 4904 13
6473 5473 14
6969 5969 13
6993 5993 14
7608 6608 12
7973 6973 15
8171 7171 13
8698 7698 11
8867 7867 15
9060 8060 12
9424 8424 12
9652 8652 12
9676 8676 11
10208 9208 14
10887 9887 11
10961 9961 11
1429 429 11
1764 764 12
2039 1039 13
2211 1211 12
2940 1940 14
4321 3321 14
4825 3825 14
5104 4104 11
5579 4579 14
5637 4637 12
5895 4895 13
5895 4895 15
5907 4907 15
6592 5592 13
7057 6057 11
7516 6516 13
7887 6887 10
7939 6939 12
7953 6953 12
8051 7051 10
8630 7630 14
10286 9286 15
10500 9500 13
10535 9535 12
10708 9708 14
1180 180 13
1427 427 14
1597 597 13
1728 728 11
1868 868 13
1945 945 14
2031 1031 12
2213 1213 15
2436 1436 14
2811 1811 11
3155 2155 12
3327 2327 12
3480 2480 12
3993 2993 13
4705 3705 15
5907 4907 12
6227 5227 11
6452 5452 11
6745 5745 14
7034 6034 14
7205 6205 12
7473 6473 14
8396 7396 12
9515 8515 14
10814 9814 12
1791 791 12
2061 1061 11
2258 1258 11
2929 1929 13
3491 2491 14
3588 2588 11
3770 2770 11
3901 2901 11
4541 3541 12
5163 4163 11
5235 4235 13
5695 4695 15
5894 4894 12
6157 5157 13
6426 5426 11
6567 5567 14
8769 7769 12
9000 8000 13
9654 8654 11
10145 9145 12
10181 9181 14
10225 9225 11
10631 9631 11
10957 9957 15
10999 9999 14
1437 437 14
2870 1870 13
2871 1871 11
3486 2486 15
3902 2902 12
4494 3494 13
4646 3646 12
4773 3773 12
4884 3884 10
4928 3928 11
5726 4726 11
5976 4976 13
5977 4977 12
6273 5273 10
7278 6278 13
7387 6387 13
7991 6991 14
8133 7133 15
8236 7236 12
8662 7662 11
8982 7982 12
9077 8077 12
9567 8567 11
9763 8763 11
9779 8779 11
1087 87 12
2339 1339 11
2502 1502 12
2591 1591 12
2704 1704 11
2721 1721 13
3150 2150 12
4317 3317 12
4680 3680 14
4939 3939 14
5563 4563 13
5569 4569 13
5738 4738 12
5936 4936 14
6569 5569 11
6780 5780 12
7270 6270 12
7690 6690 12
8742 7742 14
9356 8356 13
9403 8403 10
9739 8739 14
10314 9314 13
10389 9389 10
10905 9905 14
1290 290 14
1437 437 12
2170 1170 14
2382 1382 14
2540 1540 10
2564 1564 12
2761 1761 13
3166 2166 13
3452 2452 12
3673 2673 13
3833 2833 14
4630 3630 14
5918 4918 14
5947 4947 11
7139 6139 11
7932 6932 12
7963 6963 14
8468 7468 15
9575 8575 10
9720 8720 14
9758 8758 11
9781 8781 13
10048 9048 14
10318 9318 13
10725 9725 13
1021 21 13
1078 78 15
1827 827 14
2187 1187 12
2623 1623 13
3728 2728 15
4259 3259 14
5053 4053 11
5283 4283 13
5564 4564 15
5597 4597 14
5811 4811 14
6182 5182 14
6313 5313 14
6366 5366 13
6661 5661 11
6807 5807 11
7605 6605 14
7671 6671 14
9003 8003 14
9382 8382 14
10106 9106 12
10795 9795 14
10889 9889 13
10997 9997 12
1019 19 15
1549 549 14
1590 590 14
2404 1404 10
2624 1624 13
3027 2027 12
3190 2190 13
3699 2699 13
3864 2864 14
3962 2962 11
5066 4066 12
5166 4166 15
5320 4320 12
5608 4608 12
5950 4950 13
6897 5897 13
7044 6044 13
8512 7512 11
8587 7587 11
9147 8147 12
9324 8324 12
9506 8506 15
9755 8755 13
9931 8931 12
10702 9702 15
1292 292 12
1922 922 11
3359 2359 12
4011 3011 11
4143 3143 11
4524 3524 15
4854 3854 12
5062 4062 13
5216 4216 12
6179 5179 15
6422 5422 11
6502 5502 11
6724 5724 13
6774 5774 14
6999 5999 14
7617 6617 13
8405 7405 14
8776 7776 14
9329 8329 11
9536 8536 12
9676 8676 15
10121 9121 12
10310 9310 15
10359 9359 15
10722 9722 12
