2000 100 475832
20 57 199
20 149 152
20 111 161
20 73 245
20 132 219
20 71 194
20 66 175
20 51 154
20 125 213
20 106 195
20 104 230
20 143 201
20 102 232
20 146 247
20 136 177
20 98 191
20 57 166
20 149 159
20 107 203
20 74 246
20 64 225
20 96 180
20 62 219
20 127 180
20 97 231
20 138 242
20 55 220
20 148 217
20 64 239
20 117 226
20 91 171
20 121 212
20 149 168
20 130 232
20 54 180
20 95 236
20 65 175
20 52 175
20 134 183
20 105 174
20 113 218
20 91 235
20 74 197
20 77 187
20 54 234
20 65 201
20 62 186
20 54 207
20 104 242
20 109 169
20 137 206
20 141 223
20 98 238
20 73 178
20 68 233
20 146 217
20 62 236
20 136 227
20 93 216
20 55 208
20 144 227
20 64 161
20 88 158
20 126 232
20 139 231
20 125 199
20 145 225
20 95 206
20 130 233
20 145 230
20 95 192
20 106 163
20 92 160
20 100 226
20 54 181
20 89 208
20 66 181
20 126 151
20 53 219
20 84 223
20 126 241
20 136 208
20 53 165
20 55 168
20 150 209
20 111 166
20 70 211
20 60 179
20 63 237
20 115 181
20 150 196
20 128 158
20 101 223
20 123 241
20 77 152
20 114 237
20 96 181
20 106 214
20 69 188
20 99 234
134 34 13
135 35 16
167 67 17
196 96 17
272 172 16
358 258 16
589 489 17
597 497 15
600 500 15
663 563 16
856 756 13
861 761 17
888 788 16
918 818 16
921 821 14
925 825 16
933 833 17
962 862 16
1012 912 18
1034 934 17
109 9 14
118 18 14
149 49 16
215 115 17
225 125 13
249 149 14
310 210 15
406 306 17
465 365 15
592 492 15
592 492 17
626 526 15
690 590 16
707 607 17
734 634 16
743 643 17
796 696 15
961 861 16
996 896 14
1098 998 16
172 72 14
234 134 17
299 199 15
490 390 17
524 424 13
543 443 16
643 543 14
659 559 17
755 655 16
826 726 17
901 801 17
932 832 14
951 851 17
969 869 16
974 874 17
983 883 15
986 886 17
1057 957 15
1063 963 16
1100 1000 13
141 41 18
147 47 15
163 63 15
191 91 14
209 109 14
219 119 14
284 184 15
376 276 16
389 289 16
404 304 16
467 367 18
474 374 17
539 439 17
547 447 13
560 460 15
561 461 13
818 718 16
886 786 13
902 802 16
955 855 16
252 152 14
307 207 14
384 284 13
431 331 17
472 372 15
530 430 15
536 436 17
612 512 15
635 535 15
703 603 17
730 630 16
789 689 14
807 707 17
813 713 14
846 746 16
904 804 13
938 838 15
1002 902 13
1044 944 17
1046 946 16
121 21 16
204 104 15
262 162 14
286 186 15
341 241 15
403 303 15
407 307 15
442 342 14
445 345 14
487 387 14
604 504 13
617 517 17
670 570 14
763 663 16
884 784 15
938 838 17
970 870 13
1034 934 13
1045 945 17
1080 980 13
328 228 13
357 257 14
386 286 14
450 350 15
516 416 13
539 439 16
554 454 15
578 478 13
579 479 18
587 487 18
785 685 16
883 783 17
910 810 16
917 817 15
933 833 15
943 843 13
975 875 14
1007 907 17
1053 953 16
1086 986 13
127 27 18
166 66 15
181 81 17
350 250 17
356 256 17
357 257 16
411 311 13
427 327 14
532 432 15
571 471 14
635 535 14
653 553 15
668 568 14
787 687 14
810 710 13
890 790 14
891 791 14
918 818 16
990 890 14
1043 943 13
186 86 17
219 119 13
319 219 16
329 229 16
367 267 17
397 297 18
463 363 13
535 435 15
582 482 16
627 527 13
661 561 15
665 565 13
673 573 15
715 615 14
749 649 13
763 663 17
873 773 14
918 818 17
947 847 13
967 867 14
141 41 15
167 67 16
181 81 17
262 162 18
281 181 17
293 193 13
340 240 17
388 288 15
407 307 16
451 351 17
524 424 14
583 483 13
595 495 16
636 536 15
678 578 15
742 642 15
799 699 13
811 711 14
846 746 15
860 760 16
105 5 13
111 11 17
115 15 15
171 71 15
219 119 16
292 192 15
328 228 16
401 301 17
411 311 18
414 314 14
434 334 14
466 366 16
574 474 13
789 689 16
838 738 14
876 776 14
899 799 13
923 823 14
974 874 16
1084 984 16
174 74 15
213 113 18
271 171 15
285 185 17
291 191 14
294 194 14
372 272 15
452 352 13
461 361 15
618 518 15
692 592 16
696 596 17
801 701 18
904 804 15
922 822 16
965 865 15
1008 908 17
1061 961 14
1079 979 14
1089 989 16
167 67 18
250 150 17
345 245 16
346 246 16
354 254 16
362 262 17
381 281 15
447 347 16
504 404 16
612 512 17
659 559 15
704 604 17
750 650 16
756 656 14
772 672 13
872 772 16
923 823 17
997 897 14
1055 955 17
1070 970 15
136 36 16
228 128 16
334 234 13
357 257 17
373 273 17
382 282 17
443 343 15
466 366 15
491 391 16
525 425 16
626 526 14
630 530 15
634 534 18
699 599 13
807 707 15
858 758 15
955 855 16
977 877 16
1027 927 13
1086 986 15
152 52 18
201 101 15
244 144 17
254 154 15
269 169 15
309 209 17
325 225 13
382 282 15
402 302 14
532 432 14
562 462 16
562 462 16
838 738 17
903 803 16
918 818 18
930 830 15
964 864 17
975 875 14
1004 904 13
1008 908 14
251 151 18
272 172 17
287 187 17
361 261 16
491 391 16
499 399 13
512 412 16
552 452 15
585 485 15
621 521 14
666 566 14
687 587 14
745 645 17
818 718 15
848 748 14
869 769 15
880 780 15
880 780 18
987 887 13
1096 996 18
130 30 16
146 46 17
217 117 13
284 184 13
336 236 16
338 238 14
400 300 14
448 348 15
486 386 13
487 387 15
545 445 14
568 468 17
606 506 17
632 532 15
693 593 18
884 784 14
891 791 15
901 801 16
946 846 14
1094 994 13
114 14 18
176 76 13
200 100 17
295 195 16
317 217 16
323 223 14
347 247 17
477 377 17
482 382 18
509 409 16
538 438 17
576 476 16
648 548 15
675 575 14
687 587 13
710 610 13
817 717 16
872 772 13
979 879 18
1076 976 14
119 19 15
122 22 13
131 31 16
245 145 14
258 158 17
445 345 17
529 429 15
581 481 17
700 600 18
725 625 17
733 633 14
758 658 13
771 671 13
823 723 14
861 761 17
935 835 13
938 838 15
945 845 16
949 849 13
952 852 17
147 47 17
175 75 15
193 93 15
199 99 14
317 217 15
343 243 16
384 284 16
414 314 15
532 432 13
545 445 17
793 693 16
852 752 16
853 753 14
925 825 15
943 843 13
949 849 13
959 859 16
970 870 18
1085 985 17
1094 994 17
120 20 18
132 32 16
235 135 15
294 194 17
303 203 17
380 280 16
505 405 18
546 446 17
559 459 13
654 554 13
662 562 15
693 593 15
772 672 16
844 744 15
880 780 13
912 812 16
931 831 14
943 843 16
968 868 16
1048 948 13
172 72 16
188 88 15
195 95 16
223 123 16
313 213 14
359 259 17
363 263 18
407 307 13
462 362 15
492 392 13
496 396 14
594 494 17
672 572 16
856 756 14
870 770 17
930 830 13
997 897 15
1046 946 18
1082 982 13
1100 1000 15
132 32 13
226 126 16
267 167 17
352 252 15
373 273 16
537 437 16
656 556 17
663 563 14
673 573 18
683 583 16
696 596 17
699 599 15
720 620 13
755 655 16
783 683 14
790 690 13
796 696 15
856 756 14
1026 926 15
1031 931 13
118 18 17
220 120 14
240 140 16
331 231 15
341 241 14
370 270 16
389 289 13
483 383 13
515 415 13
541 441 14
557 457 13
643 543 16
654 554 13
732 632 14
809 709 15
840 740 15
847 747 14
1023 923 14
1030 930 17
1068 968 15
135 35 16
215 115 13
227 127 13
350 250 13
353 253 14
382 282 14
420 320 13
542 442 13
564 464 15
621 521 17
660 560 15
687 587 18
732 632 15
773 673 14
857 757 14
879 779 13
935 835 14
1033 933 17
1049 949 17
1075 975 13
123 23 17
193 93 17
281 181 13
315 215 15
390 290 15
420 320 13
472 372 17
511 411 15
587 487 18
595 495 13
629 529 13
677 577 15
741 641 15
865 765 13
904 804 13
936 836 16
977 877 16
986 886 16
992 892 16
1002 902 13
107 7 13
184 84 16
263 163 17
526 426 16
538 438 16
539 439 13
560 460 16
596 496 14
643 543 18
748 648 15
864 764 18
866 766 13
930 830 15
933 833 16
972 872 15
1001 901 17
1002 902 13
1016 916 14
1018 918 17
1092 992 15
157 57 15
269 169 14
305 205 14
360 260 17
362 262 18
504 404 15
543 443 16
568 468 15
599 499 14
607 507 15
609 509 18
632 532 14
667 567 15
817 717 17
866 766 17
883 783 18
948 848 13
954 854 17
1032 932 17
1045 945 14
117 17 16
121 21 13
256 156 18
339 239 13
471 371 13
473 373 17
532 432 13
569 469 13
692 592 14
738 638 17
752 652 15
780 680 17
870 770 17
900 800 14
904 804 13
981 881 18
1012 912 13
1040 940 14
1042 942 17
1065 965 18
102 2 14
114 14 14
212 112 16
234 134 13
307 207 15
353 253 14
503 403 17
510 410 17
551 451 13
586 486 15
595 495 13
755 655 16
756 656 18
774 674 14
870 770 16
888 788 13
984 884 14
988 888 14
1012 912 16
1072 972 17
115 15 13
142 42 13
158 58 15
208 108 16
209 109 17
218 118 17
323 223 14
381 281 14
531 431 17
535 435 17
629 529 17
685 585 15
697 597 18
807 707 16
814 714 15
862 762 16
975 875 13
1005 905 13
1011 911 15
1011 911 17
189 89 14
237 137 18
242 142 17
248 148 13
382 282 15
411 311 15
439 339 15
443 343 13
449 349 15
468 368 14
486 386 15
496 396 17
528 428 16
558 458 15
685 585 16
699 599 16
728 628 17
802 702 17
814 714 17
1017 917 17
124 24 15
220 120 15
300 200 16
317 217 17
369 269 15
451 351 14
453 353 16
538 438 15
582 482 15
589 489 14
635 535 17
680 580 15
781 681 17
785 685 16
814 714 15
819 719 18
826 726 16
856 756 14
857 757 15
954 854 16
147 47 16
197 97 16
197 97 18
256 156 17
313 213 13
369 269 14
448 348 16
499 399 17
539 439 15
584 484 15
647 547 16
833 733 18
873 773 13
883 783 14
905 805 14
914 814 17
988 888 14
1011 911 15
1027 927 14
1085 985 16
157 57 15
246 146 17
297 197 15
410 310 15
465 365 13
467 367 15
473 373 15
517 417 17
586 486 14
676 576 15
729 629 13
783 683 13
785 685 15
805 705 14
957 857 14
976 876 17
992 892 16
1046 946 18
1053 953 17
1082 982 16
147 47 17
179 79 14
199 99 16
296 196 13
352 252 16
387 287 14
410 310 13
438 338 17
473 373 16
668 568 15
735 635 15
811 711 17
814 714 16
861 761 18
870 770 14
946 846 15
1017 917 14
1038 938 15
1050 950 15
1090 990 16
176 76 14
196 96 15
224 124 17
243 143 13
316 216 15
326 226 17
373 273 14
385 285 15
389 289 17
425 325 14
480 380 14
608 508 13
620 520 13
646 546 16
716 616 17
934 834 14
967 867 15
996 896 13
1061 961 13
1065 965 16
177 77 17
191 91 13
212 112 17
223 123 17
243 143 17
327 227 13
411 311 15
437 337 15
457 357 14
587 487 14
631 531 14
637 537 15
637 537 15
668 568 13
677 577 17
697 597 14
822 722 15
889 789 14
980 880 16
1016 916 16
144 44 14
158 58 16
160 60 16
165 65 15
254 154 14
330 230 14
379 279 15
574 474 14
636 536 15
665 565 17
700 600 15
725 625 17
780 680 18
807 707 18
831 731 14
834 734 16
847 747 18
984 884 16
995 895 14
1026 926 16
133 33 17
140 40 17
208 108 13
261 161 14
327 227 17
386 286 15
582 482 17
590 490 14
711 611 17
752 652 16
786 686 16
822 722 13
831 731 16
846 746 17
881 781 14
890 790 14
976 876 15
1011 911 16
1018 918 15
1064 964 17
126 26 17
146 46 17
211 111 16
263 163 16
271 171 17
293 193 18
331 231 18
383 283 13
424 324 14
565 465 15
580 480 14
661 561 17
758 658 15
778 678 14
859 759 15
907 807 16
920 820 13
1022 922 17
1034 934 14
1040 940 13
269 169 16
306 206 16
503 403 15
532 432 13
596 496 16
654 554 17
731 631 15
819 719 13
828 728 14
842 742 13
845 745 17
936 836 17
954 854 15
963 863 16
976 876 17
982 882 18
1003 903 17
1021 921 16
1024 924 17
1043 943 14
152 52 14
182 82 13
191 91 14
206 106 16
208 108 16
250 150 16
266 166 18
484 384 14
601 501 17
768 668 15
797 697 17
845 745 15
856 756 13
872 772 17
885 785 15
1016 916 18
1064 964 13
1066 966 17
1091 991 16
1094 994 18
129 29 18
200 100 15
208 108 17
249 149 16
263 163 13
300 200 15
352 252 15
367 267 13
424 324 16
503 403 15
508 408 15
613 513 15
676 576 17
687 587 13
774 674 17
778 678 13
827 727 17
909 809 14
965 865 16
1005 905 13
124 24 17
131 31 15
216 116 14
316 216 14
328 228 13
410 310 14
512 412 14
538 438 16
625 525 15
665 565 13
696 596 16
703 603 14
748 648 17
758 658 15
838 738 15
863 763 17
890 790 18
976 876 13
999 899 14
1066 966 15
200 100 16
212 112 17
285 185 17
339 239 15
448 348 13
449 349 13
469 369 13
488 388 17
584 484 16
613 513 13
618 518 16
632 532 13
646 546 15
751 651 15
823 723 17
938 838 17
951 851 15
973 873 16
1066 966 14
1082 982 13
190 90 18
206 106 14
239 139 14
269 169 15
297 197 16
348 248 14
471 371 14
485 385 18
494 394 16
532 432 14
557 457 13
685 585 13
701 601 17
726 626 14
918 818 18
943 843 17
951 851 13
987 887 16
1031 931 14
1067 967 16
185 85 14
254 154 15
286 186 17
329 229 17
330 230 17
332 232 13
372 272 18
373 273 14
403 303 17
520 420 17
551 451 13
691 591 14
737 637 16
756 656 14
757 657 14
795 695 13
906 806 15
963 863 13
1003 903 16
1052 952 17
102 2 17
163 63 17
353 253 14
416 316 15
425 325 13
572 472 18
602 502 14
625 525 15
668 568 17
672 572 14
688 588 14
719 619 17
739 639 15
743 643 15
770 670 18
864 764 16
893 793 13
917 817 16
931 831 17
955 855 15
150 50 14
209 109 16
213 113 13
238 138 15
272 172 13
284 184 14
292 192 17
353 253 13
416 316 15
474 374 14
510 410 16
552 452 15
825 725 13
851 751 15
987 887 15
996 896 14
1016 916 16
1024 924 17
1035 935 16
1046 946 18
206 106 14
258 158 18
274 174 14
460 360 16
514 414 17
544 444 13
579 479 18
598 498 14
602 502 16
674 574 15
692 592 16
746 646 17
769 669 14
788 688 16
837 737 15
916 816 14
1035 935 13
1062 962 16
1094 994 14
1100 1000 16
124 24 14
138 38 14
165 65 14
168 68 13
168 68 17
242 142 14
278 178 13
398 298 15
418 318 15
513 413 14
601 501 15
647 547 18
667 567 18
691 591 14
701 601 13
742 642 16
789 689 13
811 711 13
826 726 14
997 897 17
112 12 14
150 50 14
243 143 13
260 160 17
267 167 15
354 254 15
414 314 15
440 340 15
473 373 13
479 379 15
504 404 14
588 488 16
693 593 17
723 623 13
782 682 16
988 888 18
990 890 15
1005 905 17
1051 951 17
1077 977 15
167 67 15
267 167 14
467 367 13
486 386 15
522 422 17
548 448 13
551 451 13
594 494 15
644 544 14
644 544 15
678 578 16
687 587 15
699 599 14
712 612 14
797 697 16
971 871 17
1027 927 14
1064 964 15
1083 983 14
1099 999 17
125 25 13
165 65 17
169 69 16
252 152 18
306 206 17
340 240 17
401 301 15
494 394 18
529 429 17
568 468 17
593 493 18
602 502 17
812 712 14
945 845 15
961 861 16
979 879 14
1061 961 14
1068 968 14
1080 980 13
1092 992 16
197 97 14
306 206 17
308 208 15
311 211 16
328 228 17
474 374 17
498 398 16
514 414 14
591 491 13
624 524 13
711 611 15
749 649 17
838 738 13
840 740 16
880 780 17
882 782 13
949 849 14
985 885 14
1026 926 16
1057 957 15
112 12 17
124 24 17
203 103 16
257 157 17
268 168 14
268 168 15
309 209 16
376 276 16
422 322 14
436 336 14
457 357 17
529 429 14
570 470 15
571 471 18
573 473 14
603 503 16
779 679 17
1007 907 18
1021 921 13
1034 934 13
140 40 13
144 44 17
163 63 17
242 142 17
280 180 18
314 214 16
343 243 13
414 314 13
428 328 15
516 416 14
547 447 13
641 541 13
694 594 17
751 651 17
801 701 18
874 774 18
952 852 14
1037 937 15
1039 939 13
1053 953 17
115 15 17
201 101 15
217 117 15
222 122 18
290 190 14
309 209 18
335 235 17
353 253 15
381 281 18
422 322 14
449 349 13
579 479 14
674 574 18
719 619 14
743 643 17
813 713 13
853 753 13
871 771 16
959 859 15
1032 932 13
114 14 17
172 72 17
213 113 17
252 152 17
252 152 18
397 297 18
432 332 13
503 403 16
633 533 14
748 648 13
773 673 18
811 711 14
858 758 17
952 852 14
953 853 13
999 899 16
1021 921 14
1062 962 14
1067 967 15
1082 982 16
123 23 13
223 123 17
258 158 14
287 187 17
296 196 15
336 236 14
370 270 14
391 291 18
418 318 16
449 349 17
519 419 16
521 421 17
587 487 15
600 500 17
711 611 17
783 683 17
842 742 13
916 816 16
924 824 14
951 851 18
122 22 15
158 58 14
333 233 15
348 248 16
358 258 18
421 321 14
484 384 15
506 406 15
530 430 14
574 474 13
579 479 17
590 490 17
612 512 13
619 519 17
699 599 14
709 609 16
1053 953 14
1060 960 16
1064 964 13
1098 998 13
101 1 13
145 45 18
165 65 17
196 96 17
217 117 14
266 166 15
299 199 18
314 214 13
318 218 13
412 312 15
452 352 13
495 395 16
507 407 14
557 457 17
658 558 13
737 637 17
840 740 16
840 740 17
874 774 15
928 828 17
118 18 13
135 35 15
151 51 17
162 62 13
288 188 17
315 215 16
329 229 14
398 298 13
466 366 17
694 594 13
744 644 14
829 729 16
835 735 15
849 749 16
864 764 17
877 777 17
924 824 13
998 898 15
1023 923 16
1030 930 17
262 162 17
264 164 15
275 175 16
315 215 16
372 272 15
413 313 17
423 323 17
440 340 16
559 459 15
567 467 15
572 472 15
578 478 18
622 522 18
635 535 17
680 580 16
706 606 14
719 619 14
835 735 14
929 829 17
943 843 15
149 49 13
151 51 14
362 262 17
368 268 14
371 271 13
388 288 13
455 355 13
498 398 18
502 402 16
511 411 13
529 429 17
597 497 15
641 541 16
841 741 18
854 754 16
871 771 13
889 789 14
992 892 16
1028 928 17
1060 960 14
221 121 15
229 129 15
304 204 16
382 282 15
432 332 17
459 359 16
502 402 13
536 436 15
559 459 14
751 651 15
778 678 13
875 775 17
934 834 17
943 843 17
962 862 15
1006 906 15
1019 919 14
1027 927 16
1029 929 15
1095 995 18
151 51 16
173 73 15
202 102 17
218 118 17
299 199 15
311 211 18
326 226 14
401 301 13
404 304 16
477 377 15
479 379 18
480 380 14
676 576 14
749 649 18
786 686 17
824 724 16
895 795 16
976 876 13
987 887 14
1096 996 17
119 19 13
166 66 14
187 87 17
225 125 14
248 148 16
253 153 16
282 182 13
406 306 13
428 328 15
451 351 13
457 357 13
559 459 16
597 497 16
644 544 17
646 546 15
654 554 17
728 628 17
798 698 13
917 817 15
921 821 14
120 20 17
237 137 13
291 191 18
306 206 14
330 230 17
448 348 17
509 409 17
525 425 14
556 456 13
558 458 18
578 478 18
623 523 16
650 550 13
681 581 16
701 601 17
755 655 14
771 671 14
783 683 17
929 829 15
1085 985 15
123 23 14
138 38 13
193 93 17
219 119 16
277 177 13
376 276 15
453 353 14
524 424 17
545 445 16
606 506 16
613 513 17
630 530 18
643 543 16
730 630 15
847 747 15
912 812 16
967 867 18
992 892 13
1006 906 18
1024 924 15
193 93 13
214 114 17
253 153 16
256 156 16
278 178 17
320 220 17
326 226 17
337 237 13
530 430 15
533 433 16
648 548 14
723 623 18
731 631 15
737 637 14
799 699 16
807 707 16
875 775 17
1021 921 14
1053 953 14
1060 960 17
101 1 14
102 2 14
151 51 13
186 86 17
246 146 14
285 185 15
343 243 16
350 250 13
376 276 14
411 311 15
525 425 16
541 441 14
635 535 16
713 613 17
729 629 14
826 726 15
973 873 17
1003 903 16
1013 913 16
1076 976 17
136 36 14
154 54 13
250 150 13
254 154 13
338 238 14
467 367 14
477 377 15
655 555 15
657 557 14
725 625 17
793 693 14
894 794 16
922 822 16
932 832 16
1014 914 16
1041 941 14
1067 967 14
1092 992 14
1093 993 16
1096 996 17
146 46 15
186 86 16
203 103 13
237 137 13
241 141 13
414 314 13
421 321 17
571 471 17
730 630 14
814 714 17
828 728 18
838 738 16
905 805 14
946 846 14
968 868 15
1030 930 13
1043 943 15
1071 971 13
1071 971 17
1072 972 13
169 69 17
196 96 18
231 131 13
389 289 18
393 293 14
425 325 18
431 331 14
576 476 17
584 484 18
602 502 13
654 554 13
664 564 14
710 610 14
735 635 16
756 656 16
782 682 17
871 771 13
960 860 15
991 891 13
1051 951 16
167 67 13
203 103 16
244 144 14
267 167 14
318 218 13
372 272 17
379 279 16
418 318 16
464 364 16
519 419 15
528 428 17
673 573 17
691 591 18
711 611 17
731 631 13
758 658 15
805 705 16
870 770 13
1033 933 17
1063 963 18
109 9 16
168 68 14
170 70 17
325 225 17
358 258 15
387 287 15
407 307 13
469 369 17
498 398 14
637 537 14
721 621 13
834 734 14
894 794 14
955 855 17
982 882 14
985 885 17
1040 940 18
1044 944 16
1062 962 17
1076 976 17
249 149 13
316 216 13
330 230 18
347 247 18
451 351 17
490 390 14
503 403 17
538 438 13
558 458 13
589 489 17
596 496 15
621 521 13
632 532 13
635 535 15
771 671 15
796 696 16
823 723 13
887 787 15
964 864 15
1017 917 14
138 38 13
144 44 15
164 64 14
227 127 13
307 207 16
328 228 13
498 398 16
588 488 13
624 524 15
694 594 14
703 603 16
788 688 17
834 734 14
861 761 18
865 765 14
931 831 17
964 864 14
969 869 13
984 884 15
1038 938 17
106 6 16
118 18 13
145 45 17
232 132 17
266 166 17
349 249 13
386 286 14
521 421 17
531 431 16
539 439 16
617 517 13
637 537 13
652 552 15
704 604 16
751 651 17
819 719 18
861 761 16
861 761 17
993 893 17
1084 984 16
110 10 14
179 79 14
258 158 15
347 247 17
362 262 17
442 342 14
522 422 17
542 442 13
597 497 14
623 523 17
635 535 15
737 637 15
748 648 16
817 717 13
837 737 14
898 798 17
948 848 15
955 855 18
1072 972 15
1099 999 15
144 44 14
190 90 13
307 207 13
355 255 13
365 265 16
370 270 15
392 292 15
397 297 16
536 436 14
566 466 17
576 476 13
579 479 15
584 484 17
622 522 13
673 573 16
733 633 17
803 703 14
856 756 17
910 810 15
1093 993 17
118 18 18
188 88 15
192 92 13
245 145 14
274 174 16
318 218 18
329 229 16
331 231 14
377 277 16
537 437 18
555 455 15
602 502 14
692 592 17
699 599 14
764 664 15
776 676 14
865 765 17
869 769 15
922 822 14
1036 936 14
155 55 16
210 110 14
256 156 15
261 161 13
264 164 17
422 322 15
493 393 13
519 419 15
529 429 14
555 455 15
564 464 13
589 489 18
605 505 15
667 567 13
719 619 14
784 684 13
817 717 15
923 823 14
1017 917 13
1094 994 16
132 32 13
138 38 15
148 48 14
169 69 15
171 71 16
196 96 15
203 103 15
342 242 14
366 266 13
457 357 14
501 401 13
549 449 14
597 497 15
614 514 17
633 533 15
791 691 17
803 703 15
812 712 15
854 754 16
960 860 16
117 17 16
134 34 14
151 51 17
159 59 13
162 62 14
175 75 15
204 104 16
247 147 17
299 199 16
339 239 16
391 291 13
421 321 16
422 322 16
432 332 13
493 393 13
660 560 16
680 580 15
789 689 14
882 782 17
1061 961 13
105 5 13
232 132 17
243 143 13
270 170 15
325 225 15
411 311 15
464 364 17
521 421 16
568 468 17
595 495 17
611 511 13
623 523 18
665 565 13
731 631 17
780 680 18
782 682 14
793 693 18
843 743 18
939 839 14
1028 928 17
124 24 14
173 73 13
287 187 16
298 198 15
306 206 13
351 251 13
365 265 17
470 370 16
509 409 13
579 479 17
624 524 17
692 592 14
721 621 15
769 669 15
776 676 15
878 778 16
891 791 13
943 843 15
1039 939 18
1044 944 17
193 93 14
219 119 13
268 168 17
367 267 17
420 320 15
437 337 15
489 389 13
556 456 14
598 498 15
636 536 13
663 563 13
730 630 13
804 704 14
816 716 15
818 718 17
852 752 15
880 780 14
1014 914 15
1032 932 16
1063 963 15
167 67 15
179 79 13
340 240 18
353 253 18
365 265 13
394 294 15
450 350 17
482 382 14
621 521 13
694 594 16
795 695 15
807 707 14
862 762 15
863 763 17
894 794 14
916 816 17
980 880 16
1013 913 15
1088 988 15
1096 996 17
251 151 17
258 158 16
288 188 14
288 188 16
368 268 16
627 527 18
692 592 17
757 657 16
791 691 13
799 699 17
811 711 16
826 726 17
880 780 15
884 784 15
890 790 18
900 800 13
963 863 17
1010 910 13
1024 924 15
1080 980 13
202 102 18
243 143 16
326 226 15
353 253 14
494 394 14
496 396 13
505 405 13
525 425 16
527 427 14
594 494 14
659 559 15
680 580 17
705 605 18
715 615 16
748 648 17
843 743 17
879 779 15
951 851 13
1051 951 16
1084 984 17
191 91 16
226 126 15
234 134 15
241 141 13
261 161 17
321 221 15
382 282 15
438 338 17
552 452 14
595 495 13
608 508 15
611 511 18
659 559 16
779 679 17
810 710 15
960 860 14
986 886 13
1015 915 14
1067 967 18
1070 970 13
146 46 13
164 64 17
258 158 15
294 194 17
301 201 13
415 315 17
423 323 16
428 328 14
461 361 13
494 394 13
547 447 15
553 453 17
704 604 14
727 627 13
751 651 17
782 682 17
867 767 15
909 809 13
923 823 13
944 844 14
126 26 16
132 32 13
134 34 15
406 306 15
439 339 16
486 386 16
519 419 14
544 444 15
608 508 13
608 508 16
662 562 13
697 597 17
761 661 15
772 672 17
774 674 13
806 706 13
908 808 18
974 874 17
1008 908 15
1037 937 16
121 21 15
143 43 15
161 61 17
180 80 14
222 122 16
309 209 16
331 231 17
452 352 14
528 428 14
664 564 18
723 623 17
727 627 14
758 658 16
772 672 14
803 703 16
848 748 13
871 771 16
995 895 15
1027 927 17
1090 990 18
118 18 13
150 50 16
267 167 18
273 173 18
290 190 16
296 196 15
331 231 13
332 232 15
369 269 17
377 277 14
478 378 13
557 457 17
582 482 14
687 587 14
708 608 16
761 661 14
767 667 13
901 801 13
954 854 16
1081 981 14
103 3 15
258 158 16
388 288 13
389 289 17
487 387 14
507 407 16
558 458 16
587 487 17
589 489 13
666 566 18
673 573 17
676 576 15
694 594 16
797 697 17
846 746 14
850 750 18
896 796 13
966 866 15
1003 903 17
1064 964 14
122 22 16
135 35 15
149 49 15
191 91 15
203 103 13
318 218 17
345 245 14
381 281 14
443 343 15
561 461 15
566 466 14
566 466 15
764 664 16
873 773 17
895 795 15
955 855 17
965 865 13
1005 905 15
1013 913 14
1095 995 14
