500 20 106435
25 98 243
25 93 249
25 81 156
25 118 176
25 101 206
25 66 228
25 113 180
25 102 156
25 64 190
25 102 200
25 58 163
25 72 152
25 100 162
25 150 242
25 137 216
25 57 242
25 90 182
25 112 157
25 67 155
25 53 205
118 18 14
135 35 14
198 98 11
257 157 13
328 228 14
361 261 12
381 281 13
389 289 15
439 339 13
561 461 12
568 468 11
620 520 15
625 525 13
642 542 11
760 660 13
788 688 14
790 690 13
806 706 11
821 721 14
967 867 13
977 877 14
1016 916 13
1046 946 15
1055 955 15
1086 986 12
108 8 14
169 69 14
240 140 13
250 150 15
270 170 13
291 191 12
295 195 13
341 241 12
360 260 13
447 347 12
480 380 11
490 390 12
575 475 13
589 489 12
659 559 12
670 570 15
703 603 12
710 610 12
740 640 12
778 678 15
910 810 14
953 853 12
971 871 11
1023 923 12
1039 939 14
131 31 15
136 36 15
142 42 14
162 62 12
206 106 12
241 141 14
265 165 11
268 168 14
287 187 12
300 200 14
326 226 11
336 236 15
421 321 14
438 338 11
534 434 11
597 497 13
636 536 11
645 545 13
658 558 15
715 615 14
940 840 11
961 861 15
1012 912 13
1022 922 15
1083 983 13
123 23 11
123 23 14
182 82 15
297 197 15
319 219 15
327 227 11
334 234 15
339 239 11
360 260 11
361 261 14
391 291 13
445 345 14
613 513 13
640 540 13
644 544 11
688 588 12
711 611 13
749 649 13
784 684 15
788 688 15
804 704 14
881 781 12
914 814 14
1071 971 13
1095 995 14
146 46 14
160 60 12
189 89 12
196 96 12
236 136 15
245 145 15
295 195 15
347 247 11
408 308 11
446 346 14
447 347 13
450 350 12
503 403 15
526 426 14
732 632 11
745 645 13
751 651 11
766 666 12
792 692 13
802 702 13
827 727 14
882 782 15
923 823 14
983 883 13
1097 997 13
127 27 14
140 40 13
147 47 12
199 99 15
227 127 15
231 131 12
244 144 12
308 208 14
392 292 14
430 330 13
509 409 12
509 409 14
562 462 13
573 473 12
611 511 12
660 560 14
683 583 11
703 603 15
737 637 14
821 721 11
824 724 14
897 797 14
938 838 12
979 879 12
1005 905 11
227 127 11
239 139 15
259 159 11
301 201 12
339 239 12
384 284 12
433 333 15
505 405 15
590 490 13
619 519 12
643 543 14
657 557 15
723 623 15
825 725 11
835 735 15
838 738 13
865 765 11
889 789 12
890 790 13
919 819 13
929 829 14
946 846 11
956 856 12
973 873 14
1020 920 11
125 25 12
206 106 12
309 209 13
321 221 13
336 236 11
379 279 13
380 280 12
386 286 15
404 304 15
442 342 12
442 342 12
484 384 12
493 393 11
601 501 12
622 522 12
718 618 11
774 674 11
775 675 14
795 695 14
811 711 12
880 780 14
988 888 13
1000 900 11
1031 931 15
1040 940 15
128 28 14
206 106 12
209 109 14
254 154 15
268 168 11
294 194 11
374 274 12
428 328 14
430 330 13
451 351 14
571 471 13
574 474 15
596 496 15
623 523 12
628 528 13
671 571 13
726 626 15
727 627 12
752 652 15
875 775 11
878 778 14
883 783 12
978 878 15
998 898 13
1053 953 15
163 63 15
163 63 15
228 128 13
265 165 14
297 197 14
309 209 12
353 253 12
376 276 14
381 281 12
407 307 11
416 316 14
463 363 12
542 442 14
585 485 13
602 502 12
610 510 15
697 597 14
708 608 12
835 735 11
891 791 12
917 817 15
972 872 12
989 889 15
1010 910 11
1041 941 12
111 11 13
194 94 15
203 103 11
232 132 12
286 186 11
287 187 14
290 190 14
383 283 14
391 291 14
426 326 13
431 331 13
521 421 14
571 471 15
583 483 13
586 486 11
639 539 12
639 539 13
662 562 11
754 654 12
763 663 11
768 668 12
776 676 13
876 776 13
893 793 14
945 845 15
131 31 11
172 72 12
199 99 13
234 134 12
239 139 13
322 222 14
356 256 12
365 265 15
373 273 13
375 275 11
412 312 15
458 358 12
503 403 14
556 456 11
590 490 15
670 570 13
757 657 14
808 708 12
819 719 14
853 753 14
890 790 15
907 807 15
998 898 15
1028 928 13
1053 953 14
143 43 11
153 53 12
214 114 12
235 135 14
237 137 11
237 137 14
287 187 14
310 210 13
312 212 14
398 298 14
402 302 12
468 368 11
654 554 14
722 622 14
820 720 12
833 733 14
874 774 13
884 784 11
913 813 13
956 856 13
987 887 11
987 887 11
1030 930 12
1067 967 11
1093 993 13
161 61 15
166 66 12
224 124 13
225 125 14
284 184 14
303 203 13
354 254 12
391 291 13
436 336 13
441 341 13
484 384 11
552 452 13
592 492 13
605 505 14
644 544 12
677 577 11
697 597 12
730 630 13
772 672 14
853 753 13
858 758 14
907 807 13
910 810 14
948 848 15
1093 993 14
104 4 14
213 113 11
299 199 15
328 228 11
371 271 14
459 359 11
491 391 12
494 394 12
541 441 14
646 546 14
656 556 12
668 568 15
671 571 14
761 661 12
764 664 14
793 693 13
798 698 15
850 750 12
860 760 15
863 763 14
923 823 15
936 836 15
989 889 13
1070 970 11
1086 986 11
125 25 14
140 40 15
163 63 11
227 127 14
237 137 15
250 150 15
429 329 15
473 373 12
506 406 11
506 406 15
508 408 14
530 430 11
575 475 14
609 509 15
671 571 12
682 582 11
705 605 12
707 607 15
860 760 12
877 777 11
879 779 13
966 866 13
1002 902 14
1041 941 15
1085 985 14
114 14 14
119 19 15
177 77 14
217 117 14
316 216 12
341 241 13
379 279 12
407 307 14
409 309 15
427 327 14
503 403 15
551 451 14
627 527 14
639 539 11
738 638 11
747 647 11
747 647 12
829 729 13
843 743 14
855 755 14
882 782 14
900 800 15
939 839 14
1083 983 11
1095 995 14
114 14 12
128 28 13
166 66 15
172 72 12
361 261 14
365 265 15
448 348 11
457 357 12
458 358 13
540 440 15
559 459 11
574 474 14
608 508 14
653 553 13
686 586 11
699 599 15
731 631 12
751 651 14
762 662 15
764 664 11
834 734 15
987 887 11
1022 922 15
1066 966 12
1068 968 15
113 13 13
121 21 15
145 45 13
156 56 15
221 121 15
329 229 12
360 260 13
416 316 12
464 364 11
550 450 12
552 452 13
570 470 11
620 520 14
633 533 11
668 568 15
706 606 12
712 612 11
728 628 12
753 653 14
794 694 11
809 709 15
859 759 15
985 885 14
995 895 12
1095 995 12
103 3 11
123 23 14
138 38 11
147 47 15
166 66 14
195 95 14
227 127 15
364 264 14
384 284 12
396 296 13
403 303 11
426 326 14
453 353 12
477 377 13
551 451 14
650 550 15
659 559 11
675 575 11
754 654 13
758 658 12
819 719 14
851 751 14
888 788 11
888 788 12
1063 963 14
