2000 100 4956592
20 101 161
20 82 184
20 101 158
20 104 158
20 103 152
20 75 216
20 139 223
20 120 239
20 83 240
20 111 157
20 142 161
20 66 235
20 121 158
20 142 169
20 145 235
20 136 219
20 100 191
20 91 152
20 88 181
20 103 209
20 70 244
20 60 206
20 78 229
20 117 179
20 99 153
20 124 219
20 52 176
20 64 169
20 88 153
20 109 168
20 80 231
20 88 185
20 120 217
20 138 195
20 136 213
20 109 208
20 88 152
20 73 224
20 72 249
20 130 152
20 133 246
20 85 234
20 119 230
20 149 183
20 86 168
20 119 232
20 144 229
20 138 242
20 97 203
20 93 238
20 138 243
20 106 215
20 122 195
20 128 234
20 57 220
20 118 158
20 123 228
20 104 199
20 135 189
20 114 211
20 63 171
20 107 186
20 70 204
20 69 161
20 124 181
20 72 194
20 121 221
20 141 158
20 140 248
20 98 171
20 52 217
20 93 217
20 103 241
20 102 247
20 65 180
20 62 218
20 50 249
20 119 199
20 55 230
20 140 232
20 141 201
20 122 168
20 147 181
20 90 181
20 110 173
20 113 226
20 65 239
20 120 211
20 143 151
20 110 176
20 71 231
20 142 240
20 81 233
20 71 202
20 78 177
20 118 235
20 135 167
20 124 224
20 113 158
20 103 193
1080 80 15
2082 1082 16
2092 1092 17
2149 1149 16
2227 1227 17
3947 2947 14
4622 3622 16
4935 3935 13
5033 4033 14
5431 4431 17
5762 4762 15
5813 4813 16
6646 5646 14
6772 5772 14
7041 6041 15
7759 6759 16
7860 6860 12
9803 8803 16
10262 9262 15
10855 9855 17
1374 374 14
2098 1098 13
2246 1246 16
2878 1878 12
3133 2133 16
4232 3232 14
5244 4244 14
5984 4984 15
6267 5267 15
6686 5686 15
6903 5903 17
6956 5956 13
7733 6733 16
8512 7512 13
8527 7527 14
9056 8056 14
9060 8060 15
9401 8401 13
9659 8659 16
10459 9459 13
1764 764 17
2084 1084 16
2459 1459 14
3960 2960 13
4005 3005 16
4381 3381 15
5000 4000 14
5319 4319 13
5585 4585 17
6024 5024 16
7289 6289 13
7536 6536 13
7605 6605 13
7727 6727 14
7840 6840 13
8276 7276 15
8645 7645 14
8829 7829 14
8840 7840 17
9503 8503 15
1342 342 13
1523 523 16
2444 1444 14
2466 1466 12
3028 2028 16
3671 2671 13
3915 2915 13
4482 3482 12
4655 3655 15
4781 3781 17
4924 3924 13
5003 4003 16
5759 4759 16
7007 6007 17
7840 6840 14
8234 7234 16
9823 8823 17
9943 8943 16
10142 9142 17
10187 9187 17
3468 2468 15
3543 2543 12
3592 2592 14
4104 3104 15
4146 3146 17
4573 3573 14
4573 3573 17
5296 4296 17
5779 4779 17
6036 5036 16
6204 5204 13
7648 6648 16
8185 7185 14
8553 7553 16
8672 7672 13
9644 8644 13
10516 9516 15
10812 9812 14
10954 9954 13
10955 9955 15
1030 30 14
1239 239 14
2715 1715 16
2881 1881 15
3152 2152 12
3376 2376 14
3569 2569 17
3959 2959 14
4405 3405 17
4612 3612 15
5237 4237 16
6076 5076 15
6185 5185 15
7438 6438 15
7457 6457 13
7546 6546 16
8378 7378 15
9553 8553 13
9769 8769 13
9898 8898 13
1706 706 13
2444 1444 14
2570 1570 16
2864 1864 16
2927 1927 12
3184 2184 13
3506 2506 13
4262 3262 14
4653 3653 13
5904 4904 16
6448 5448 16
6813 5813 17
6914 5914 12
7002 6002 14
7370 6370 16
7998 6998 12
9351 8351 15
9912 8912 15
10007 9007 16
10830 9830 13
1213 213 17
1318 318 17
1419 419 14
1433 433 15
1793 793 15
1874 874 16
2186 1186 15
2207 1207 15
2637 1637 13
3667 2667 13
4729 3729 15
5142 4142 16
6035 5035 15
6307 5307 17
6454 5454 12
7149 6149 13
9571 8571 14
9935 8935 13
10162 9162 13
10488 9488 15
1291 291 15
2095 1095 14
2752 1752 15
3550 2550 12
3970 2970 14
4165 3165 16
5171 4171 15
5987 4987 17
7023 6023 17
7078 6078 14
7405 6405 16
7634 6634 15
7913 6913 16
8129 7129 12
9202 8202 17
9209 8209 14
9247 8247 16
9778 8778 13
10141 9141 15
10829 9829 15
1090 90 13
2301 1301 13
2620 1620 16
2673 1673 16
3914 2914 16
3916 2916 14
4597 3597 13
4613 3613 15
4980 3980 12
5100 4100 15
5555 4555 17
5579 4579 13
6234 5234 13
7151 6151 14
7297 6297 15
7460 6460 13
8922 7922 16
9801 8801 14
10246 9246 16
10380 9380 17
1489 489 13
1959 959 16
2401 1401 14
2566 1566 13
2611 1611 16
2714 1714 14
2858 1858 16
3905 2905 15
5161 4161 14
5292 4292 15
5680 4680 14
6063 5063 15
6124 5124 14
6127 5127 15
8836 7836 16
9015 8015 15
9567 8567 15
9692 8692 13
10420 9420 15
10907 9907 12
1145 145 14
1957 957 14
2450 1450 17
3487 2487 15
3752 2752 15
4742 3742 17
5057 4057 17
5640 4640 16
5772 4772 14
6036 5036 15
6943 5943 15
7168 6168 12
7232 6232 13
7602 6602 13
7771 6771 13
8499 7499 14
8669 7669 13
8998 7998 17
9464 8464 14
9608 8608 16
1511 511 13
1979 979 16
2089 1089 17
2407 1407 15
2465 1465 14
2598 1598 13
2632 1632 13
3261 2261 15
4214 3214 16
5032 4032 17
7011 6011 17
7959 6959 17
8515 7515 14
8597 7597 16
8638 7638 14
9552 8552 15
9567 8567 17
9618 8618 15
9980 8980 16
10185 9185 15
1050 50 15
3293 2293 15
3334 2334 15
3952 2952 15
4082 3082 14
4705 3705 14
4724 3724 13
5388 4388 15
5513 4513 16
5583 4583 17
5932 4932 12
6096 5096 14
6118 5118 15
6238 5238 13
6514 5514 13
6586 5586 13
6740 5740 14
10295 9295 17
10374 9374 16
10521 9521 16
1647 647 12
1817 817 16
2242 1242 16
3127 2127 15
3443 2443 14
3879 2879 15
4195 3195 13
4315 3315 17
5951 4951 16
6174 5174 12
7097 6097 14
7817 6817 13
7898 6898 16
8346 7346 16
8735 7735 15
9183 8183 15
9780 8780 16
10482 9482 12
10922 9922 14
10956 9956 13
1292 292 14
2752 1752 16
2977 1977 16
3234 2234 16
3321 2321 13
3699 2699 15
3909 2909 13
3970 2970 13
3980 2980 13
4024 3024 14
5221 4221 14
5697 4697 16
5770 4770 17
6126 5126 14
7426 6426 17
7703 6703 14
7747 6747 13
8041 7041 16
9375 8375 16
10361 9361 16
1840 840 17
2154 1154 17
2231 1231 16
2761 1761 17
3207 2207 13
3373 2373 15
4706 3706 16
4867 3867 13
4875 3875 17
6099 5099 16
6629 5629 14
6906 5906 14
6992 5992 15
7159 6159 16
7409 6409 15
7438 6438 17
7970 6970 14
8055 7055 13
8559 7559 17
10178 9178 15
1140 140 16
1165 165 13
1213 213 15
1712 712 15
2176 1176 12
2190 1190 13
2401 1401 13
2577 1577 16
4349 3349 16
5442 4442 13
5755 4755 16
7029 6029 14
7339 6339 16
8733 7733 15
9034 8034 13
9062 8062 15
9462 8462 13
9533 8533 17
10109 9109 16
10265 9265 16
1011 11 17
1015 15 15
2865 1865 12
4338 3338 16
4460 3460 15
4718 3718 14
5103 4103 16
5972 4972 12
6043 5043 14
6453 5453 16
6488 5488 16
7115 6115 17
7940 6940 14
8093 7093 15
8171 7171 17
8377 7377 14
9833 8833 17
10001 9001 13
10299 9299 12
10929 9929 14
1050 50 16
1346 346 13
1779 779 14
2947 1947 12
4078 3078 15
4261 3261 17
5046 4046 15
5607 4607 17
5845 4845 14
6312 5312 12
6315 5315 15
7076 6076 17
7079 6079 13
7142 6142 13
7612 6612 17
8415 7415 17
8813 7813 16
10431 9431 14
10943 9943 16
10979 9979 17
1002 2 16
1428 428 15
1959 959 16
2220 1220 13
2579 1579 13
3299 2299 14
3954 2954 12
4523 3523 13
5254 4254 16
5713 4713 14
5797 4797 17
6137 5137 17
6200 5200 12
6866 5866 13
7707 6707 15
8049 7049 15
8957 7957 14
8994 7994 15
9275 8275 12
10207 9207 16
1425 425 13
1754 754 14
2015 1015 15
3754 2754 13
3827 2827 15
4239 3239 14
5180 4180 17
5481 4481 15
5502 4502 16
5797 4797 13
6086 5086 14
6261 5261 17
7645 6645 15
7846 6846 16
9067 8067 17
9186 8186 13
9276 8276 13
9592 8592 13
9629 8629 12
10002 9002 15
2787 1787 14
3018 2018 12
3808 2808 14
4282 3282 12
4536 3536 17
5244 4244 17
5281 4281 17
5989 4989 17
6105 5105 15
6315 5315 17
7334 6334 13
7560 6560 17
7855 6855 13
8108 7108 16
8470 7470 14
8849 7849 13
9172 8172 12
9302 8302 15
9701 8701 16
10263 9263 13
1440 440 13
1971 971 14
2444 1444 16
2791 1791 16
3160 2160 15
3257 2257 13
3376 2376 16
3831 2831 16
4096 3096 13
4533 3533 14
4744 3744 14
5391 4391 13
6115 5115 16
6398 5398 12
8853 7853 13
9148 8148 13
9725 8725 17
9826 8826 15
9961 8961 15
10140 9140 15
1721 721 15
3494 2494 13
3567 2567 12
3921 2921 17
3950 2950 15
4778 3778 15
5143 4143 14
5533 4533 16
5928 4928 14
5998 4998 16
6275 5275 16
6707 5707 14
6792 5792 17
6931 5931 16
7164 6164 16
7471 6471 17
9436 8436 16
9464 8464 14
9853 8853 13
10281 9281 13
1194 194 13
1445 445 15
1478 478 14
2568 1568 14
4264 3264 13
4877 3877 16
5138 4138 13
5435 4435 15
5483 4483 13
5560 4560 16
5636 4636 12
5690 4690 16
5947 4947 13
6188 5188 13
6365 5365 16
6844 5844 14
7186 6186 15
7948 6948 14
9477 8477 17
10162 9162 15
1285 285 16
1729 729 16
2397 1397 16
2800 1800 14
4171 3171 16
4371 3371 16
4439 3439 12
4657 3657 15
5407 4407 12
5561 4561 13
6085 5085 17
6492 5492 14
7714 6714 13
7816 6816 13
7881 6881 16
8607 7607 15
8627 7627 15
8936 7936 17
9953 8953 12
10241 9241 15
1303 303 16
1712 712 14
2192 1192 17
2238 1238 16
4205 3205 14
4455 3455 17
5049 4049 14
5515 4515 15
5549 4549 14
5572 4572 14
6099 5099 16
7649 6649 14
7878 6878 17
7888 6888 14
8516 7516 13
9724 8724 17
10093 9093 15
10198 9198 16
10372 9372 14
10936 9936 14
1124 124 15
1272 272 14
2354 1354 12
2748 1748 16
3345 2345 14
3377 2377 13
4548 3548 14
5700 4700 14
5960 4960 16
6223 5223 14
6428 5428 15
6527 5527 16
6911 5911 13
6990 5990 13
7681 6681 14
8282 7282 15
8440 7440 15
10020 9020 14
10905 9905 16
10930 9930 17
2797 1797 16
3173 2173 15
3227 2227 17
3334 2334 12
3381 2381 16
4666 3666 17
4771 3771 13
4873 3873 13
5838 4838 16
6292 5292 16
7286 6286 17
7431 6431 17
7440 6440 14
7795 6795 17
7884 6884 16
7966 6966 14
8829 7829 17
9151 8151 14
9356 8356 15
9935 8935 15
1580 580 15
2459 1459 15
2572 1572 17
2964 1964 17
4133 3133 14
4553 3553 14
4773 3773 14
5307 4307 17
5924 4924 16
6125 5125 16
6252 5252 17
6375 5375 17
6709 5709 14
7213 6213 17
7935 6935 15
8263 7263 17
8394 7394 12
8475 7475 14
10613 9613 13
10902 9902 16
1649 649 15
2105 1105 15
2692 1692 15
2697 1697 12
3407 2407 15
4384 3384 13
5050 4050 14
5123 4123 12
5500 4500 14
6152 5152 13
6385 5385 14
6702 5702 15
7186 6186 15
7659 6659 15
9160 8160 17
9449 8449 15
10296 9296 14
10389 9389 14
10531 9531 15
10871 9871 15
2190 1190 15
2311 1311 16
2796 1796 17
3029 2029 13
3249 2249 13
3265 2265 13
3269 2269 16
4660 3660 15
5240 4240 15
5427 4427 13
6369 5369 17
6755 5755 13
6994 5994 15
7609 6609 16
8106 7106 16
8295 7295 17
9570 8570 12
10167 9167 16
10212 9212 13
10273 9273 13
1377 377 17
2187 1187 14
3763 2763 15
3779 2779 15
4147 3147 14
4581 3581 16
5569 4569 14
5630 4630 16
6780 5780 14
7698 6698 16
7834 6834 17
8879 7879 12
9619 8619 14
9831 8831 14
10000 9000 14
10283 9283 17
10412 9412 17
10587 9587 14
10828 9828 12
10894 9894 17
1459 459 14
1526 526 15
2381 1381 14
2779 1779 13
2831 1831 16
3016 2016 14
3469 2469 16
3971 2971 14
5171 4171 12
5681 4681 15
5737 4737 14
5760 4760 13
6312 5312 12
7090 6090 15
7415 6415 15
7744 6744 13
7761 6761 17
8105 7105 16
9801 8801 16
10520 9520 15
1944 944 15
2715 1715 13
2882 1882 15
3219 2219 15
3623 2623 16
4339 3339 13
4409 3409 14
4461 3461 15
5633 4633 12
6592 5592 14
7270 6270 17
7346 6346 14
7782 6782 14
8507 7507 13
8836 7836 14
9344 8344 13
10482 9482 13
10607 9607 14
10698 9698 12
10925 9925 16
1028 28 16
1150 150 15
2151 1151 13
3250 2250 14
4023 3023 14
4988 3988 15
5007 4007 16
5286 4286 16
5747 4747 13
6302 5302 16
6553 5553 14
6715 5715 14
7461 6461 12
8133 7133 16
8721 7721 12
8762 7762 13
9525 8525 13
9643 8643 16
9710 8710 16
10119 9119 13
1826 826 14
2822 1822 13
2919 1919 15
3196 2196 12
3271 2271 13
3646 2646 15
4000 3000 17
5770 4770 14
5782 4782 15
6109 5109 13
6611 5611 17
6796 5796 16
6939 5939 16
7150 6150 14
7709 6709 14
7763 6763 15
8544 7544 16
8638 7638 14
9640 8640 17
10806 9806 14
1493 493 13
1721 721 15
1771 771 15
2609 1609 17
3908 2908 14
3910 2910 15
4152 3152 15
5030 4030 13
6685 5685 16
6822 5822 16
7045 6045 16
7770 6770 13
7843 6843 15
8245 7245 13
8468 7468 16
8626 7626 12
8747 7747 14
9267 8267 12
9689 8689 12
10073 9073 15
1334 334 14
2108 1108 17
2489 1489 16
2839 1839 15
4243 3243 17
4375 3375 13
4783 3783 17
5535 4535 15
6159 5159 15
6326 5326 14
7488 6488 15
7513 6513 15
7740 6740 17
8922 7922 15
9048 8048 14
9357 8357 13
10068 9068 17
10271 9271 12
10658 9658 17
10869 9869 13
1307 307 16
1636 636 16
2106 1106 13
3832 2832 13
4443 3443 13
4492 3492 17
4818 3818 17
4856 3856 15
5900 4900 13
6082 5082 17
6471 5471 17
6901 5901 14
6903 5903 17
7286 6286 13
7475 6475 16
7996 6996 14
9077 8077 15
9827 8827 13
10146 9146 13
10393 9393 13
1557 557 14
3184 2184 13
3643 2643 15
3647 2647 14
4143 3143 14
4416 3416 16
4552 3552 17
4696 3696 16
4849 3849 15
5353 4353 16
5654 4654 15
6666 5666 16
7120 6120 13
7807 6807 15
7849 6849 13
8171 7171 15
8347 7347 15
9599 8599 16
10133 9133 17
10233 9233 13
1335 335 14
2164 1164 14
2497 1497 15
3314 2314 15
3620 2620 14
4078 3078 15
4208 3208 12
4721 3721 17
4981 3981 17
5835 4835 15
5953 4953 14
6107 5107 13
6184 5184 17
7458 6458 17
7588 6588 13
8129 7129 16
8385 7385 16
8641 7641 15
8690 7690 16
8934 7934 14
1582 582 15
2052 1052 16
2054 1054 14
2909 1909 17
4022 3022 13
4867 3867 13
5777 4777 13
5960 4960 14
6068 5068 16
6308 5308 13
6374 5374 12
7276 6276 17
7785 6785 15
7969 6969 14
8512 7512 13
9009 8009 14
9050 8050 12
10238 9238 13
10246 9246 16
10662 9662 15
1186 186 13
1225 225 14
1336 336 16
1720 720 17
1742 742 17
2759 1759 15
2936 1936 17
5334 4334 16
5415 4415 14
5723 4723 12
6271 5271 13
6430 5430 16
6591 5591 13
6645 5645 17
6949 5949 13
7004 6004 16
7621 6621 17
8424 7424 12
9915 8915 16
10195 9195 15
1265 265 14
1615 615 17
1723 723 13
1772 772 17
2131 1131 16
2798 1798 16
3280 2280 16
4466 3466 14
4511 3511 15
5565 4565 15
5662 4662 13
5792 4792 16
5898 4898 15
6951 5951 14
6983 5983 13
7506 6506 15
8591 7591 13
9021 8021 13
9796 8796 17
10904 9904 13
1214 214 16
2678 1678 16
2689 1689 13
2851 1851 13
3374 2374 14
4097 3097 12
4116 3116 15
4256 3256 13
4310 3310 13
5487 4487 13
6112 5112 14
7475 6475 16
8301 7301 17
8582 7582 17
8602 7602 15
8858 7858 12
9928 8928 16
10118 9118 12
10134 9134 14
10390 9390 13
1397 397 17
1997 997 12
3495 2495 15
3600 2600 17
3914 2914 14
4899 3899 16
5024 4024 15
5952 4952 14
6360 5360 14
6525 5525 17
6701 5701 13
6999 5999 16
7054 6054 17
7069 6069 15
7595 6595 14
8124 7124 14
10614 9614 16
10643 9643 14
10845 9845 12
10907 9907 15
1017 17 14
2867 1867 15
2886 1886 14
3115 2115 13
3250 2250 16
4067 3067 13
4963 3963 16
5518 4518 16
6076 5076 14
6180 5180 13
6944 5944 15
8528 7528 14
8570 7570 16
8620 7620 14
9225 8225 12
9507 8507 13
9539 8539 14
10471 9471 13
10664 9664 15
10733 9733 12
1222 222 17
1434 434 13
1510 510 15
2343 1343 16
3360 2360 13
3413 2413 17
3469 2469 13
4316 3316 15
4965 3965 17
5646 4646 12
5865 4865 16
7627 6627 16
8294 7294 17
8361 7361 16
8727 7727 17
8792 7792 13
8961 7961 13
10224 9224 12
10822 9822 13
10919 9919 12
1853 853 14
2884 1884 17
2974 1974 16
3148 2148 15
3930 2930 17
3987 2987 13
4640 3640 13
4695 3695 14
5923 4923 14
6274 5274 17
7629 6629 12
7792 6792 16
8075 7075 16
8638 7638 17
9353 8353 15
9570 8570 14
9605 8605 16
9857 8857 15
10534 9534 17
10819 9819 14
1160 160 17
1788 788 13
2160 1160 16
2353 1353 13
2465 1465 14
3144 2144 17
3331 2331 13
3573 2573 14
3853 2853 17
4721 3721 15
4942 3942 14
5646 4646 15
6799 5799 16
7158 6158 14
7519 6519 14
7967 6967 16
8380 7380 15
9475 8475 12
9879 8879 15
10992 9992 15
1801 801 14
2533 1533 14
2941 1941 17
2975 1975 14
3375 2375 15
3391 2391 15
3680 2680 13
3765 2765 12
4142 3142 16
5330 4330 17
5380 4380 15
5854 4854 16
6403 5403 17
7781 6781 15
8134 7134 14
8222 7222 17
8619 7619 14
8899 7899 15
9752 8752 16
10775 9775 17
1056 56 17
1169 169 16
1184 184 14
1614 614 14
2543 1543 13
3591 2591 14
3678 2678 16
5051 4051 17
5584 4584 15
7063 6063 15
8710 7710 17
8774 7774 17
8873 7873 17
9280 8280 12
9311 8311 14
9353 8353 17
9747 8747 14
9767 8767 14
10287 9287 15
10665 9665 16
1153 153 13
1342 342 16
1733 733 14
2058 1058 13
3400 2400 16
3865 2865 17
3984 2984 16
4541 3541 16
6599 5599 13
7996 6996 15
8522 7522 12
8776 7776 15
8998 7998 15
9026 8026 15
9331 8331 15
9886 8886 15
10093 9093 15
10624 9624 13
10646 9646 14
10879 9879 17
1354 354 13
1514 514 16
3076 2076 17
4778 3778 12
5082 4082 13
5875 4875 13
6552 5552 16
6605 5605 17
6638 5638 16
7339 6339 12
7921 6921 16
8166 7166 17
8216 7216 13
8575 7575 16
8882 7882 13
9254 8254 17
9275 8275 16
9827 8827 15
10544 9544 15
10870 9870 15
1245 245 15
3955 2955 14
4887 3887 13
5491 4491 15
5541 4541 14
5891 4891 16
6302 5302 17
7109 6109 16
7486 6486 14
7497 6497 17
7555 6555 14
7887 6887 12
8042 7042 13
8277 7277 16
8526 7526 16
9081 8081 14
9081 8081 15
9105 8105 16
9631 8631 14
10968 9968 15
1232 232 14
1486 486 15
1832 832 16
2245 1245 13
2474 1474 13
4614 3614 16
5138 4138 13
5342 4342 13
5931 4931 17
6234 5234 13
6492 5492 14
6759 5759 16
6907 5907 14
7689 6689 12
7712 6712 16
7931 6931 16
7977 6977 14
9317 8317 16
10550 9550 15
10967 9967 12
1807 807 13
2089 1089 16
2332 1332 15
2374 1374 17
2984 1984 13
4009 3009 14
4388 3388 17
4407 3407 17
5106 4106 16
5192 4192 17
5223 4223 16
5836 4836 15
7604 6604 14
8042 7042 17
8117 7117 16
9034 8034 16
9162 8162 16
9521 8521 16
10134 9134 16
10992 9992 14
1107 107 14
2387 1387 16
3892 2892 17
4012 3012 14
4129 3129 15
4161 3161 13
4258 3258 13
4412 3412 15
5258 4258 14
5502 4502 14
6369 5369 14
7387 6387 14
7395 6395 15
7914 6914 15
8251 7251 12
8608 7608 15
9471 8471 15
10009 9009 13
10066 9066 17
10922 9922 15
1143 143 13
1205 205 14
1448 448 17
2000 1000 16
3540 2540 15
4674 3674 14
4885 3885 14
5501 4501 13
5828 4828 15
6122 5122 17
6820 5820 17
8132 7132 15
8390 7390 16
8545 7545 17
8769 7769 15
8824 7824 14
9241 8241 13
10705 9705 14
10785 9785 14
10800 9800 13
1133 133 14
1860 860 16
2238 1238 15
2502 1502 16
3104 2104 17
3857 2857 17
4264 3264 17
4305 3305 14
4361 3361 17
4932 3932 15
5127 4127 17
5157 4157 13
5194 4194 14
5310 4310 15
6128 5128 13
6559 5559 13
6991 5991 17
7288 6288 15
7739 6739 15
8622 7622 17
1452 452 15
1863 863 17
2131 1131 14
2329 1329 13
2418 1418 14
3214 2214 17
4526 3526 12
4529 3529 14
4908 3908 13
6046 5046 15
6567 5567 13
6711 5711 17
7339 6339 15
8190 7190 15
8396 7396 14
8921 7921 13
9476 8476 13
9942 8942 17
10005 9005 12
10525 9525 14
2253 1253 14
2459 1459 14
2504 1504 15
2905 1905 13
2925 1925 17
2939 1939 15
4333 3333 15
4607 3607 15
5577 4577 17
6300 5300 15
6474 5474 12
7241 6241 12
7640 6640 17
8177 7177 16
8483 7483 13
8830 7830 15
9337 8337 14
9606 8606 14
10129 9129 17
10820 9820 15
1047 47 14
1101 101 15
1153 153 16
1321 321 15
2424 1424 14
2539 1539 15
3450 2450 12
5892 4892 14
6551 5551 17
7962 6962 15
8378 7378 12
8438 7438 12
9028 8028 16
9200 8200 16
9604 8604 15
9732 8732 14
9852 8852 13
9972 8972 17
10589 9589 15
10626 9626 14
1730 730 15
2184 1184 13
2286 1286 13
3211 2211 15
3333 2333 13
3642 2642 15
3738 2738 16
4122 3122 15
4379 3379 13
4572 3572 17
5015 4015 17
5293 4293 15
5453 4453 16
5478 4478 13
5931 4931 13
6640 5640 14
6845 5845 13
9815 8815 14
10891 9891 15
10951 9951 13
1200 200 12
1253 253 14
2801 1801 14
3733 2733 17
3978 2978 12
4488 3488 14
4598 3598 16
5265 4265 16
6316 5316 14
6879 5879 12
6916 5916 16
7241 6241 13
7629 6629 17
7715 6715 13
7832 6832 13
9586 8586 13
9932 8932 14
10093 9093 13
10460 9460 15
10829 9829 15
2232 1232 13
3288 2288 13
3525 2525 12
3542 2542 17
3681 2681 15
3760 2760 14
3943 2943 16
4689 3689 16
4826 3826 16
5676 4676 16
6358 5358 13
6974 5974 15
7211 6211 16
8265 7265 12
9054 8054 16
9624 8624 17
9748 8748 16
10323 9323 16
10478 9478 15
10545 9545 16
1935 935 13
2393 1393 13
2664 1664 16
3032 2032 14
3096 2096 15
4094 3094 15
4251 3251 17
5272 4272 15
5561 4561 13
5988 4988 17
6119 5119 14
6237 5237 16
7187 6187 17
7608 6608 13
8628 7628 15
9045 8045 14
9211 8211 15
9367 8367 15
10218 9218 14
10520 9520 15
1471 471 13
1744 744 15
1887 887 14
2111 1111 14
2411 1411 15
2582 1582 14
3120 2120 12
3818 2818 15
5190 4190 16
5624 4624 14
7331 6331 16
7877 6877 16
8964 7964 15
9266 8266 15
9390 8390 13
9465 8465 13
9534 8534 13
10493 9493 13
10588 9588 13
10624 9624 16
1778 778 13
2361 1361 15
2835 1835 13
3018 2018 15
4055 3055 16
4362 3362 15
4526 3526 15
4864 3864 17
4905 3905 16
5448 4448 17
5566 4566 14
5921 4921 17
6574 5574 15
7532 6532 14
8050 7050 13
8597 7597 15
8900 7900 14
9059 8059 17
10769 9769 17
10996 9996 14
1407 407 15
1629 629 14
1773 773 16
2351 1351 17
2502 1502 16
3480 2480 17
3673 2673 16
3936 2936 15
4119 3119 13
4165 3165 15
4278 3278 13
4753 3753 14
6075 5075 16
6356 5356 15
7031 6031 15
8716 7716 17
8937 7937 16
9847 8847 13
10528 9528 15
10774 9774 13
1227 227 16
1281 281 16
1737 737 16
1931 931 14
2353 1353 16
2357 1357 12
3385 2385 16
3440 2440 15
3544 2544 15
3687 2687 14
4111 3111 15
4166 3166 16
4442 3442 15
5055 4055 16
6209 5209 16
6925 5925 16
8178 7178 13
9396 8396 14
9510 8510 15
10590 9590 13
1118 118 16
2151 1151 17
2362 1362 15
2591 1591 13
3361 2361 16
3404 2404 17
3501 2501 14
3978 2978 15
5104 4104 13
6155 5155 14
6419 5419 15
7202 6202 12
7545 6545 13
7548 6548 14
8905 7905 12
9136 8136 16
9558 8558 14
9991 8991 17
10647 9647 13
10761 9761 16
1618 618 13
1794 794 13
2087 1087 14
2181 1181 13
2422 1422 13
3152 2152 17
3260 2260 16
4264 3264 17
4364 3364 17
4492 3492 16
4890 3890 17
5919 4919 15
6226 5226 16
6751 5751 17
8046 7046 13
8145 7145 12
9219 8219 12
9590 8590 16
10058 9058 16
10520 9520 13
1862 862 14
1963 963 13
2008 1008 15
2210 1210 14
2411 1411 14
2560 1560 16
3023 2023 17
4462 3462 14
4615 3615 12
5650 4650 15
5752 4752 15
6465 5465 16
7021 6021 14
7259 6259 17
8400 7400 16
8641 7641 15
8826 7826 17
9905 8905 16
9952 8952 17
10576 9576 15
1425 425 16
1594 594 15
1619 619 14
1859 859 13
2855 1855 13
2855 1855 13
3192 2192 17
3539 2539 14
4124 3124 15
4324 3324 15
4324 3324 16
4697 3697 13
4807 3807 12
6034 5034 14
7754 6754 15
7989 6989 16
8134 7134 12
8825 7825 12
9219 8219 14
9238 8238 12
1019 19 14
1025 25 15
1324 324 14
2139 1139 16
2320 1320 16
2675 1675 17
3556 2556 16
3695 2695 16
4338 3338 13
5647 4647 12
6253 5253 13
6568 5568 17
6697 5697 13
6748 5748 13
7743 6743 14
8082 7082 13
9099 8099 15
9422 8422 17
9732 8732 16
10453 9453 14
1174 174 17
1211 211 13
2309 1309 15
3134 2134 14
4726 3726 17
4991 3991 15
5278 4278 14
7126 6126 14
7314 6314 14
7661 6661 14
7714 6714 12
7901 6901 15
8265 7265 16
8311 7311 15
8583 7583 14
8842 7842 12
9017 8017 13
9694 8694 14
10261 9261 16
10695 9695 14
1015 15 17
1101 101 14
1306 306 17
1822 822 15
1833 833 15
2510 1510 15
2536 1536 15
3372 2372 15
3954 2954 15
4189 3189 17
4642 3642 13
6072 5072 17
7908 6908 16
8128 7128 13
8355 7355 16
9300 8300 14
10039 9039 14
10269 9269 14
10714 9714 14
10972 9972 12
1762 762 15
1900 900 14
2594 1594 15
2726 1726 12
2732 1732 16
3185 2185 14
3414 2414 14
3563 2563 13
3737 2737 16
3802 2802 14
4578 3578 13
7465 6465 17
7866 6866 16
7958 6958 13
9095 8095 17
9682 8682 15
9979 8979 17
10123 9123 14
10753 9753 12
10856 9856 13
1253 253 16
1778 778 15
2100 1100 17
2280 1280 13
2922 1922 16
3630 2630 13
3925 2925 17
4114 3114 16
4461 3461 17
4532 3532 17
4973 3973 14
5145 4145 15
5187 4187 16
6652 5652 16
6900 5900 13
7039 6039 14
7176 6176 13
7243 6243 13
8254 7254 16
10836 9836 14
1717 717 17
2249 1249 16
2679 1679 13
2810 1810 13
3214 2214 13
3241 2241 13
3454 2454 13
4004 3004 12
4378 3378 16
4562 3562 13
5580 4580 15
5705 4705 17
6721 5721 16
7058 6058 15
8348 7348 14
9010 8010 15
9873 8873 15
10693 9693 12
10710 9710 14
10934 9934 16
1155 155 14
2641 1641 15
3251 2251 16
3919 2919 16
4113 3113 14
4621 3621 15
5982 4982 15
6946 5946 13
7250 6250 13
7658 6658 16
8487 7487 16
8513 7513 13
8804 7804 13
8918 7918 15
8982 7982 13
10000 9000 12
10017 9017 13
10416 9416 15
10720 9720 16
10780 9780 15
1600 600 14
2168 1168 15
2855 1855 14
3136 2136 14
3538 2538 16
3929 2929 15
4165 3165 13
4681 3681 16
6099 5099 17
6606 5606 15
7134 6134 16
7669 6669 17
7673 6673 12
7885 6885 16
7917 6917 15
8147 7147 15
8347 7347 15
9071 8071 14
9149 8149 13
10461 9461 14
1128 128 17
2966 1966 16
4230 3230 14
4425 3425 17
5823 4823 16
6587 5587 13
6644 5644 15
6673 5673 15
6682 5682 14
7214 6214 15
7538 6538 14
8106 7106 13
8997 7997 12
9434 8434 15
9455 8455 15
9801 8801 13
10239 9239 15
10702 9702 13
10803 9803 14
10832 9832 15
1228 228 13
2012 1012 14
2213 1213 17
2684 1684 16
2786 1786 16
2812 1812 14
4153 3153 17
4686 3686 14
4830 3830 14
5357 4357 15
6280 5280 13
6381 5381 13
6435 5435 14
6942 5942 12
7035 6035 13
7697 6697 14
8671 7671 15
9579 8579 13
10186 9186 17
10363 9363 13
1177 177 14
1564 564 15
1752 752 17
3447 2447 15
4556 3556 13
4591 3591 17
4605 3605 15
6076 5076 16
6188 5188 17
6227 5227 16
7256 6256 15
7783 6783 14
8503 7503 16
8719 7719 12
9020 8020 15
10098 9098 14
10351 9351 14
10469 9469 13
10606 9606 15
10621 9621 13
1434 434 14
1937 937 15
2190 1190 13
3347 2347 14
3512 2512 15
4164 3164 15
4252 3252 14
4392 3392 15
6100 5100 12
6230 5230 14
6525 5525 17
6686 5686 13
6890 5890 15
8504 7504 17
8877 7877 17
9009 8009 13
9071 8071 17
9381 8381 12
9640 8640 13
9759 8759 14
2020 1020 17
2154 1154 15
2676 1676 14
2688 1688 13
2730 1730 15
3685 2685 17
4239 3239 16
4288 3288 14
5751 4751 14
6720 5720 16
6773 5773 17
7625 6625 14
7655 6655 17
8171 7171 14
8405 7405 17
8435 7435 14
9027 8027 16
9111 8111 15
10228 9228 12
10698 9698 17
1108 108 16
1166 166 14
1672 672 13
2747 1747 15
3755 2755 12
3802 2802 16
3910 2910 15
4105 3105 16
4392 3392 17
4432 3432 15
5857 4857 12
7131 6131 17
7163 6163 16
7463 6463 14
7825 6825 16
8747 7747 13
9588 8588 16
9654 8654 15
10292 9292 16
10604 9604 14
2199 1199 16
2312 1312 13
2401 1401 13
2989 1989 16
3814 2814 16
4503 3503 12
4801 3801 14
4884 3884 16
5609 4609 12
5618 4618 17
5760 4760 13
6959 5959 14
7150 6150 15
7792 6792 15
7843 6843 14
8725 7725 14
8911 7911 15
10291 9291 16
10432 9432 12
10636 9636 14
2673 1673 14
3277 2277 14
4705 3705 16
4769 3769 17
5804 4804 14
6296 5296 15
6843 5843 14
6858 5858 12
6918 5918 13
7051 6051 15
7179 6179 15
7763 6763 13
8194 7194 15
8201 7201 15
8920 7920 15
9334 8334 14
9727 8727 15
9836 8836 13
10277 9277 15
10623 9623 14
1189 189 15
1416 416 17
1910 910 17
2042 1042 12
2105 1105 12
2307 1307 14
2390 1390 16
3192 2192 15
3823 2823 15
3866 2866 17
4243 3243 14
5392 4392 13
5899 4899 14
6145 5145 16
7449 6449 12
8605 7605 13
8698 7698 14
9639 8639 14
9846 8846 15
10771 9771 15
1439 439 13
1498 498 13
2414 1414 13
2666 1666 14
2709 1709 12
2788 1788 13
4163 3163 17
5371 4371 13
5762 4762 14
6423 5423 17
6813 5813 17
6854 5854 14
7195 6195 16
8239 7239 16
8859 7859 17
9575 8575 15
10005 9005 13
10120 9120 15
10752 9752 13
10855 9855 16
1197 197 13
1368 368 13
1589 589 12
1919 919 14
2481 1481 15
3922 2922 15
4874 3874 12
5242 4242 14
5566 4566 14
5653 4653 13
5683 4683 15
6058 5058 17
7141 6141 13
7344 6344 16
7644 6644 13
8007 7007 16
9122 8122 13
9441 8441 13
9615 8615 14
9937 8937 15
1293 293 14
1619 619 13
2674 1674 12
2901 1901 12
3102 2102 14
3939 2939 15
4091 3091 16
4170 3170 17
4814 3814 14
4846 3846 17
5028 4028 15
5186 4186 13
5238 4238 13
6229 5229 14
6878 5878 12
7698 6698 17
8066 7066 12
8684 7684 13
8688 7688 17
9510 8510 14
1109 109 16
2137 1137 16
3082 2082 16
3114 2114 15
3452 2452 13
3526 2526 12
4149 3149 15
4319 3319 17
4885 3885 13
5315 4315 12
5685 4685 13
6585 5585 13
7720 6720 17
8181 7181 13
8301 7301 15
8449 7449 13
8972 7972 16
9741 8741 15
9970 8970 13
10449 9449 16
1087 87 14
1351 351 16
1410 410 12
1630 630 13
1759 759 16
2235 1235 14
2323 1323 15
2528 1528 15
2613 1613 14
3495 2495 17
5051 4051 13
7755 6755 14
7830 6830 15
8165 7165 16
8573 7573 15
9305 8305 13
9600 8600 13
10154 9154 16
10341 9341 16
10869 9869 13
1166 166 14
1574 574 16
2235 1235 15
2594 1594 16
2859 1859 17
2889 1889 15
3508 2508 15
3771 2771 17
4525 3525 12
4997 3997 15
5039 4039 13
5575 4575 16
8301 7301 17
8441 7441 17
9641 8641 17
9784 8784 16
9937 8937 13
10177 9177 13
10667 9667 13
10761 9761 15
