2000 100 4548804
20 140 200
20 141 204
20 105 233
20 100 207
20 56 225
20 114 156
20 95 223
20 81 173
20 75 212
20 52 192
20 144 233
20 83 179
20 60 173
20 132 167
20 58 156
20 133 193
20 110 240
20 133 188
20 79 155
20 131 246
20 103 216
20 142 205
20 52 218
20 110 160
20 129 203
20 113 179
20 100 177
20 102 187
20 84 165
20 143 206
20 120 212
20 123 168
20 77 228
20 50 171
20 91 172
20 143 158
20 71 179
20 119 239
20 93 206
20 63 179
20 53 200
20 91 204
20 105 184
20 110 213
20 85 236
20 118 176
20 102 206
20 116 181
20 130 196
20 90 214
20 150 152
20 123 177
20 82 200
20 81 164
20 85 226
20 145 177
20 143 188
20 149 182
20 134 159
20 141 225
20 128 207
20 55 248
20 122 161
20 99 218
20 95 164
20 115 189
20 150 245
20 93 239
20 100 204
20 94 206
20 140 206
20 107 167
20 112 198
20 106 201
20 146 158
20 121 179
20 55 247
20 118 243
20 95 206
20 107 177
20 145 161
20 75 212
20 71 176
20 120 175
20 71 234
20 116 157
20 142 198
20 101 215
20 88 195
20 103 203
20 65 244
20 62 188
20 142 239
20 94 200
20 60 150
20 145 212
20 72 171
20 101 156
20 58 152
20 147 215
1793 793 17
1860 860 18
2481 1481 17
2680 1680 17
3099 2099 14
3394 2394 15
3742 2742 18
3870 2870 18
4386 3386 17
5057 4057 15
5739 4739 17
5790 4790 16
6284 5284 17
6947 5947 18
7239 6239 16
8049 7049 18
8205 7205 18
9284 8284 16
9482 8482 15
10159 9159 14
1070 70 16
1200 200 14
2157 1157 18
2223 1223 16
3343 2343 13
5530 4530 16
5549 4549 18
5679 4679 14
6173 5173 16
6443 5443 16
6539 5539 16
7226 6226 18
7659 6659 17
8062 7062 17
8288 7288 16
8625 7625 14
8868 7868 14
9619 8619 14
9631 8631 19
9695 8695 18
1062 62 17
1558 558 18
1829 829 17
2144 1144 15
2690 1690 15
2797 1797 18
2819 1819 17
4677 3677 16
4795 3795 13
5272 4272 16
5422 4422 14
5952 4952 16
6085 5085 16
6125 5125 18
7304 6304 17
8781 7781 18
9724 8724 16
9899 8899 17
9943 8943 14
10464 9464 18
1339 339 18
1714 714 14
1732 732 13
1836 836 17
2125 1125 14
3258 2258 15
5366 4366 18
5394 4394 14
5500 4500 15
5891 4891 17
6541 5541 18
6710 5710 16
7481 6481 13
7773 6773 16
8030 7030 15
8701 7701 19
9016 8016 13
10244 9244 18
10945 9945 15
10968 9968 18
1168 168 19
1278 278 15
1337 337 19
1511 511 15
1601 601 16
2501 1501 15
3023 2023 17
3059 2059 15
3267 2267 14
4092 3092 13
4299 3299 18
5440 4440 13
6996 5996 18
7129 6129 13
7607 6607 18
8043 7043 18
8801 7801 17
9406 8406 13
10453 9453 17
10915 9915 14
1256 256 16
1594 594 14
1876 876 13
2526 1526 14
2584 1584 15
3299 2299 16
4415 3415 18
4608 3608 16
4943 3943 15
5020 4020 14
5337 4337 17
6562 5562 14
6789 5789 17
7064 6064 16
7968 6968 14
7978 6978 13
8240 7240 18
9018 8018 15
9160 8160 14
10468 9468 14
1172 172 18
1341 341 18
2154 1154 15
2412 1412 13
2618 1618 13
3237 2237 16
4130 3130 15
4819 3819 15
5409 4409 17
5704 4704 16
5861 4861 15
6000 5000 16
6198 5198 15
6439 5439 13
7501 6501 16
8001 7001 17
8269 7269 14
8345 7345 15
8664 7664 15
9738 8738 14
1042 42 15
1197 197 15
1223 223 14
1399 399 19
1841 841 19
2327 1327 16
2630 1630 14
2832 1832 14
6216 5216 18
6345 5345 14
8837 7837 15
9465 8465 14
9710 8710 18
9980 8980 16
10145 9145 14
10185 9185 14
10272 9272 13
10334 9334 17
10879 9879 15
10981 9981 17
1035 35 15
1668 668 18
1778 778 13
1809 809 16
1903 903 16
2907 1907 18
3114 2114 14
3252 2252 18
3871 2871 18
4345 3345 18
5215 4215 14
5409 4409 15
7072 6072 16
8567 7567 17
8889 7889 13
9229 8229 14
9648 8648 18
10213 9213 18
10340 9340 15
10451 9451 18
1157 157 15
3011 2011 14
3356 2356 16
4213 3213 14
5390 4390 19
5461 4461 16
5821 4821 16
7004 6004 15
7254 6254 17
7460 6460 15
7506 6506 16
7778 6778 18
8042 7042 14
8685 7685 16
9533 8533 17
10240 9240 13
10522 9522 15
10577 9577 13
10759 9759 15
10926 9926 14
1267 267 16
1591 591 14
2715 1715 14
2743 1743 15
3179 2179 18
4974 3974 14
6581 5581 18
6600 5600 15
6998 5998 18
7250 6250 18
7313 6313 17
7492 6492 15
8892 7892 18
9269 8269 14
9286 8286 15
9332 8332 17
9578 8578 13
9695 8695 17
10285 9285 15
10449 9449 14
1136 136 17
1548 548 17
2008 1008 17
2410 1410 16
2938 1938 16
3154 2154 15
3415 2415 16
3887 2887 17
4225 3225 18
4280 3280 17
4682 3682 14
5021 4021 16
6508 5508 17
7271 6271 18
8452 7452 13
8492 7492 14
8535 7535 15
9438 8438 15
9856 8856 16
10669 9669 13
2118 1118 14
2301 1301 13
2457 1457 14
2582 1582 15
3361 2361 13
4003 3003 18
4011 3011 18
4275 3275 18
4314 3314 17
4734 3734 14
5668 4668 14
5896 4896 14
6846 5846 16
7290 6290 17
7532 6532 17
8175 7175 14
9211 8211 16
9432 8432 18
10429 9429 18
10517 9517 18
2096 1096 17
2863 1863 18
3077 2077 18
3097 2097 18
3483 2483 16
3622 2622 19
4385 3385 15
5494 4494 18
5992 4992 16
6150 5150 13
7938 6938 13
8022 7022 16
8625 7625 17
8729 7729 15
8823 7823 16
9615 8615 14
9769 8769 15
9898 8898 15
10431 9431 14
10492 9492 16
1302 302 18
1696 696 16
1760 760 16
2163 1163 14
2342 1342 18
2360 1360 15
2559 1559 18
2729 1729 18
2782 1782 15
4134 3134 17
5834 4834 17
6828 5828 16
7717 6717 17
8099 7099 14
8480 7480 14
9102 8102 14
9549 8549 18
10140 9140 15
10220 9220 18
10301 9301 13
1517 517 17
2894 1894 17
3617 2617 16
3795 2795 15
4555 3555 15
4632 3632 17
4908 3908 16
5027 4027 18
5643 4643 13
5679 4679 15
6220 5220 18
7299 6299 15
8135 7135 15
8209 7209 18
8527 7527 17
9005 8005 15
9051 8051 15
10123 9123 14
10431 9431 14
10729 9729 18
1421 421 14
2412 1412 16
2598 1598 14
2951 1951 17
3420 2420 18
3560 2560 13
3597 2597 14
5255 4255 18
5341 4341 19
5649 4649 14
5721 4721 16
5771 4771 14
5828 4828 14
6262 5262 17
8792 7792 17
10205 9205 17
10486 9486 15
10615 9615 14
10794 9794 17
10912 9912 14
1287 287 17
2363 1363 13
4020 3020 16
4370 3370 16
5016 4016 14
5043 4043 16
5477 4477 14
5554 4554 15
5782 4782 18
6258 5258 16
7123 6123 16
7637 6637 14
7950 6950 14
8252 7252 16
8342 7342 16
8374 7374 17
8481 7481 14
9195 8195 14
10421 9421 16
10873 9873 15
1528 528 14
2562 1562 15
3102 2102 18
3161 2161 15
3934 2934 14
4459 3459 13
5437 4437 13
5452 4452 17
5818 4818 18
5860 4860 15
6552 5552 18
8270 7270 18
9069 8069 17
9841 8841 17
10116 9116 16
10183 9183 13
10433 9433 17
10685 9685 14
10745 9745 16
10935 9935 16
1330 330 14
2197 1197 16
2868 1868 16
3468 2468 13
4052 3052 15
4085 3085 17
4148 3148 16
4722 3722 15
4949 3949 13
6439 5439 17
6650 5650 18
6918 5918 18
6929 5929 17
6981 5981 16
7019 6019 14
7170 6170 15
7754 6754 15
9565 8565 18
9811 8811 14
10738 9738 17
1333 333 18
2216 1216 18
2295 1295 16
2520 1520 17
3413 2413 18
3548 2548 15
3574 2574 14
3751 2751 18
4060 3060 18
4823 3823 18
6078 5078 17
6567 5567 18
7713 6713 14
7837 6837 17
8156 7156 13
8491 7491 16
9484 8484 19
9616 8616 18
10103 9103 15
10935 9935 13
1825 825 18
1906 906 16
2116 1116 16
2137 1137 16
2472 1472 19
4469 3469 14
5395 4395 18
5946 4946 14
6796 5796 18
7096 6096 17
7346 6346 15
7651 6651 15
8871 7871 16
9164 8164 18
9728 8728 19
9927 8927 18
9945 8945 14
10426 9426 16
10799 9799 13
10943 9943 14
1585 585 15
2074 1074 15
3592 2592 17
3668 2668 15
4377 3377 16
4807 3807 16
4984 3984 19
5062 4062 17
5116 4116 18
5554 4554 13
5596 4596 18
5739 4739 18
5943 4943 15
6971 5971 18
7237 6237 14
7327 6327 15
8006 7006 15
8588 7588 17
8846 7846 16
9198 8198 15
1522 522 17
2067 1067 18
2132 1132 18
2954 1954 15
3245 2245 17
3326 2326 13
3598 2598 14
3836 2836 14
4390 3390 17
4408 3408 14
4550 3550 17
6927 5927 18
7080 6080 16
7573 6573 16
7848 6848 15
8709 7709 15
9328 8328 18
10295 9295 18
10666 9666 17
10726 9726 15
1605 605 18
2560 1560 16
2836 1836 16
3796 2796 16
3853 2853 14
3949 2949 14
5163 4163 13
5207 4207 15
5475 4475 13
5527 4527 16
5782 4782 16
5807 4807 14
5934 4934 15
6616 5616 16
7083 6083 15
7169 6169 17
8225 7225 14
9137 8137 14
9875 8875 17
10211 9211 15
1284 284 14
1690 690 17
2140 1140 13
2341 1341 16
2703 1703 19
2705 1705 15
3151 2151 17
3643 2643 15
4153 3153 18
6542 5542 15
6644 5644 14
6688 5688 18
6786 5786 15
7133 6133 15
7153 6153 14
8383 7383 16
9308 8308 16
9660 8660 18
9759 8759 19
9961 8961 15
1619 619 16
2518 1518 16
2809 1809 15
3248 2248 16
4179 3179 17
4226 3226 16
4732 3732 17
5197 4197 17
6372 5372 13
7348 6348 17
7611 6611 16
7836 6836 15
8027 7027 17
8114 7114 19
9520 8520 14
10283 9283 17
10337 9337 18
10454 9454 18
10477 9477 16
10821 9821 15
1091 91 15
1245 245 18
1386 386 17
1884 884 15
1906 906 14
3257 2257 14
3884 2884 15
3924 2924 19
5549 4549 17
5627 4627 17
5652 4652 16
6172 5172 19
6525 5525 16
6765 5765 14
7263 6263 18
7973 6973 15
9011 8011 15
10006 9006 17
10171 9171 16
10933 9933 18
1404 404 13
1506 506 19
1817 817 16
2095 1095 16
2715 1715 15
2716 1716 17
2897 1897 18
2914 1914 17
3291 2291 17
3606 2606 14
4956 3956 14
7181 6181 14
7885 6885 14
8200 7200 17
8275 7275 15
8602 7602 16
9064 8064 16
9155 8155 16
9538 8538 17
9640 8640 17
1625 625 18
2027 1027 13
2379 1379 15
3019 2019 16
3109 2109 16
3130 2130 14
3224 2224 19
3266 2266 14
3589 2589 17
4032 3032 18
4386 3386 15
5136 4136 18
5637 4637 16
7066 6066 16
7648 6648 17
7870 6870 15
8752 7752 13
9268 8268 18
10232 9232 15
10286 9286 15
1853 853 18
2102 1102 19
2184 1184 15
2472 1472 15
3529 2529 18
4056 3056 14
4161 3161 18
4941 3941 16
6080 5080 16
6148 5148 14
6247 5247 15
6560 5560 13
7614 6614 15
8168 7168 15
8225 7225 18
9583 8583 15
10034 9034 15
10507 9507 17
10605 9605 19
10935 9935 14
1203 203 14
2192 1192 15
2612 1612 17
3118 2118 15
3474 2474 15
3527 2527 13
3761 2761 14
5673 4673 18
6521 5521 19
7286 6286 16
7627 6627 14
7766 6766 15
8034 7034 14
8104 7104 17
8643 7643 15
9152 8152 16
9213 8213 19
10410 9410 17
10524 9524 13
10565 9565 18
1776 776 17
2596 1596 19
3040 2040 19
3255 2255 17
3276 2276 14
3444 2444 15
3668 2668 19
4396 3396 16
5192 4192 16
5238 4238 17
5277 4277 17
5887 4887 16
6589 5589 16
7115 6115 17
7239 6239 15
8028 7028 17
8250 7250 18
10132 9132 18
10135 9135 14
10807 9807 14
1055 55 17
2208 1208 18
2788 1788 14
2956 1956 14
3002 2002 19
3537 2537 16
3592 2592 18
3885 2885 17
4029 3029 15
4768 3768 15
6375 5375 17
6433 5433 18
6869 5869 18
7106 6106 14
7271 6271 13
8397 7397 16
8699 7699 17
9080 8080 18
9353 8353 15
10085 9085 17
1158 158 16
1267 267 15
1605 605 15
1673 673 18
3036 2036 17
3262 2262 16
3326 2326 17
3802 2802 17
3945 2945 13
4168 3168 17
4679 3679 19
4912 3912 13
4943 3943 15
5671 4671 18
5742 4742 17
6140 5140 16
6964 5964 16
8633 7633 16
8940 7940 18
10458 9458 15
1196 196 18
1445 445 16
2949 1949 13
2949 1949 17
3527 2527 15
3881 2881 17
3962 2962 17
4145 3145 14
4584 3584 18
5022 4022 14
5226 4226 17
5265 4265 14
7509 6509 14
7543 6543 17
7824 6824 16
8135 7135 17
9722 8722 19
9995 8995 18
10045 9045 16
10520 9520 17
1146 146 15
1273 273 17
2251 1251 15
2299 1299 16
2453 1453 18
2975 1975 18
3633 2633 14
4126 3126 14
4946 3946 18
5388 4388 15
7726 6726 13
7940 6940 17
8634 7634 14
9487 8487 16
9567 8567 19
9647 8647 19
9729 8729 14
9910 8910 17
10414 9414 18
10480 9480 15
1243 243 16
1459 459 15
1539 539 18
3661 2661 16
3709 2709 13
4843 3843 16
5044 4044 18
5482 4482 14
6283 5283 18
6819 5819 19
7014 6014 17
7158 6158 17
7361 6361 18
7681 6681 17
8313 7313 18
8644 7644 15
8822 7822 15
9231 8231 13
9722 8722 15
10582 9582 16
1059 59 17
1278 278 18
1979 979 15
2094 1094 18
2645 1645 14
3112 2112 14
4725 3725 17
5087 4087 18
6506 5506 15
7435 6435 16
7475 6475 16
7477 6477 18
7859 6859 18
7863 6863 16
7929 6929 17
8287 7287 16
9133 8133 13
9556 8556 18
9720 8720 17
10387 9387 18
2351 1351 17
3001 2001 16
3145 2145 14
3182 2182 15
4221 3221 15
4308 3308 17
4353 3353 17
4869 3869 15
4914 3914 18
5244 4244 17
5811 4811 13
6046 5046 18
6610 5610 18
7093 6093 18
8747 7747 13
9283 8283 14
9643 8643 15
9770 8770 19
9879 8879 14
10989 9989 14
1073 73 17
1447 447 18
2007 1007 18
2514 1514 16
2534 1534 14
2884 1884 16
3296 2296 18
3737 2737 17
4096 3096 15
4112 3112 18
4362 3362 17
5326 4326 18
6493 5493 18
6908 5908 17
7301 6301 18
8077 7077 15
8512 7512 18
8598 7598 18
9282 8282 17
10883 9883 18
1044 44 19
1121 121 19
1192 192 18
1708 708 18
2474 1474 14
2597 1597 15
5043 4043 15
7052 6052 17
7171 6171 17
7643 6643 16
8063 7063 15
8085 7085 14
8420 7420 14
8649 7649 14
9059 8059 17
9145 8145 16
9232 8232 16
10246 9246 17
10279 9279 15
10948 9948 14
1471 471 15
2282 1282 16
3288 2288 13
3717 2717 15
3762 2762 19
4406 3406 14
4648 3648 16
5814 4814 15
6103 5103 13
6207 5207 14
6937 5937 13
7040 6040 19
7143 6143 15
7431 6431 16
7709 6709 17
8216 7216 15
8559 7559 16
9278 8278 14
9314 8314 15
10124 9124 15
1523 523 16
1621 621 18
2006 1006 14
2365 1365 19
2455 1455 17
3136 2136 17
4515 3515 18
4582 3582 15
4596 3596 15
4982 3982 18
5801 4801 18
6091 5091 18
6109 5109 16
6633 5633 14
8512 7512 16
9465 8465 14
9852 8852 16
9976 8976 16
10061 9061 17
10611 9611 19
1379 379 13
1797 797 15
3534 2534 17
4356 3356 17
4498 3498 15
4623 3623 19
4910 3910 15
4953 3953 18
5763 4763 19
6180 5180 17
6362 5362 17
7873 6873 18
8524 7524 18
8711 7711 16
9233 8233 14
9588 8588 18
10170 9170 16
10251 9251 14
10358 9358 17
10867 9867 16
3505 2505 13
3715 2715 14
3716 2716 15
4392 3392 18
4428 3428 17
4705 3705 17
5444 4444 16
5771 4771 16
6524 5524 18
6586 5586 16
6754 5754 16
7238 6238 18
7748 6748 18
8182 7182 15
8836 7836 13
9373 8373 18
10399 9399 15
10464 9464 14
10601 9601 16
10795 9795 15
1291 291 17
1586 586 17
1727 727 16
1898 898 15
2228 1228 18
3219 2219 17
3594 2594 14
3597 2597 17
4461 3461 17
5209 4209 17
5270 4270 16
5467 4467 14
6693 5693 15
6719 5719 17
6733 5733 13
7005 6005 14
7298 6298 18
8070 7070 16
9157 8157 14
9177 8177 15
2841 1841 15
2897 1897 14
2994 1994 18
3143 2143 14
3577 2577 16
3729 2729 18
5111 4111 14
5427 4427 14
5562 4562 17
5851 4851 15
6838 5838 18
6858 5858 17
7771 6771 18
8112 7112 14
8494 7494 16
9252 8252 15
9264 8264 15
9665 8665 14
10093 9093 14
10117 9117 17
1860 860 13
2035 1035 15
2271 1271 18
2730 1730 13
3113 2113 14
4198 3198 18
4769 3769 18
5030 4030 19
5354 4354 18
5470 4470 18
5768 4768 15
6072 5072 17
7098 6098 17
7111 6111 17
7505 6505 15
7571 6571 16
8531 7531 18
8727 7727 15
8914 7914 15
9946 8946 18
1004 4 14
1339 339 17
2891 1891 14
3707 2707 18
4001 3001 14
5074 4074 15
5078 4078 18
5093 4093 16
5119 4119 18
6047 5047 17
6722 5722 13
6815 5815 14
7867 6867 17
8175 7175 16
8333 7333 18
8881 7881 14
9581 8581 18
9721 8721 16
10117 9117 15
10875 9875 16
1023 23 19
1145 145 14
2230 1230 15
2293 1293 15
2794 1794 17
2839 1839 14
3125 2125 17
3588 2588 16
4503 3503 18
4534 3534 15
6602 5602 19
6659 5659 15
7960 6960 14
8364 7364 16
9366 8366 14
9491 8491 17
9758 8758 17
9765 8765 19
9827 8827 13
10901 9901 19
1548 548 18
1574 574 15
2178 1178 15
2546 1546 16
2611 1611 13
3112 2112 15
3909 2909 13
4275 3275 15
5336 4336 16
5420 4420 14
5422 4422 18
6061 5061 18
6205 5205 18
7399 6399 17
8140 7140 16
8938 7938 18
9806 8806 14
9881 8881 13
10058 9058 16
10538 9538 16
1410 410 16
1553 553 15
1903 903 14
2113 1113 13
2379 1379 16
2809 1809 13
3200 2200 14
4461 3461 16
4593 3593 18
5044 4044 17
5184 4184 18
5424 4424 15
5632 4632 17
5736 4736 15
6342 5342 14
7998 6998 16
9066 8066 13
9889 8889 14
10438 9438 14
10710 9710 14
1072 72 16
1455 455 15
1580 580 16
1688 688 15
3114 2114 15
4065 3065 18
4368 3368 17
5280 4280 14
5763 4763 18
6094 5094 17
7773 6773 15
7870 6870 14
8840 7840 18
9400 8400 14
9669 8669 18
9860 8860 18
9866 8866 18
10243 9243 16
10433 9433 14
10962 9962 16
2012 1012 13
2210 1210 18
3167 2167 16
3482 2482 15
3878 2878 16
4339 3339 17
4600 3600 15
4736 3736 14
5081 4081 14
6047 5047 18
6095 5095 14
6509 5509 15
6782 5782 14
6882 5882 14
8008 7008 17
8143 7143 14
8401 7401 14
9171 8171 15
10510 9510 15
10853 9853 14
1596 596 16
1857 857 19
1909 909 18
2614 1614 14
3324 2324 15
4421 3421 15
4487 3487 14
5971 4971 18
6345 5345 19
6461 5461 15
6962 5962 15
7647 6647 17
7679 6679 18
8211 7211 14
8854 7854 18
9123 8123 18
9405 8405 14
10118 9118 16
10348 9348 18
10968 9968 17
1201 201 16
1467 467 18
2167 1167 13
2322 1322 13
2423 1423 18
2626 1626 15
3591 2591 18
3991 2991 16
5103 4103 18
5339 4339 16
6884 5884 15
6937 5937 16
7042 6042 17
8299 7299 17
9007 8007 14
9651 8651 16
9784 8784 17
10636 9636 17
10726 9726 18
10998 9998 18
1498 498 15
1692 692 13
2244 1244 16
2936 1936 14
4017 3017 16
4528 3528 16
4866 3866 18
5138 4138 14
5319 4319 17
6014 5014 16
6310 5310 17
8145 7145 17
8435 7435 18
8513 7513 15
9391 8391 15
9601 8601 15
10072 9072 16
10144 9144 14
10150 9150 13
10440 9440 17
1882 882 16
2032 1032 15
2135 1135 17
2273 1273 15
2968 1968 19
3981 2981 13
4048 3048 13
4254 3254 16
4769 3769 15
4910 3910 15
5869 4869 14
5989 4989 18
6429 5429 14
6901 5901 19
8093 7093 13
8193 7193 16
8688 7688 16
8966 7966 14
10537 9537 17
10879 9879 13
1073 73 17
2404 1404 14
2595 1595 16
3000 2000 18
3853 2853 16
5053 4053 18
5127 4127 15
5166 4166 16
5710 4710 17
5880 4880 16
6454 5454 14
7520 6520 17
7950 6950 15
8184 7184 18
9029 8029 15
9401 8401 15
9694 8694 17
9988 8988 18
10219 9219 17
10443 9443 18
1024 24 14
1161 161 18
1881 881 17
2070 1070 15
2536 1536 15
3735 2735 16
3837 2837 16
4645 3645 17
4822 3822 15
5406 4406 17
5592 4592 16
5631 4631 13
6047 5047 14
6928 5928 16
7371 6371 18
8973 7973 18
9242 8242 18
9478 8478 16
9819 8819 18
10221 9221 14
1072 72 17
1154 154 17
1517 517 14
1703 703 18
2028 1028 18
2722 1722 15
2846 1846 18
4917 3917 14
5360 4360 18
5984 4984 15
6709 5709 18
6806 5806 13
6807 5807 16
7300 6300 15
8246 7246 13
9228 8228 15
9307 8307 16
9363 8363 18
9364 8364 15
10157 9157 19
1327 327 14
1649 649 14
2155 1155 17
2168 1168 18
2951 1951 16
3260 2260 18
3859 2859 15
4507 3507 16
6654 5654 13
7751 6751 17
8339 7339 17
8609 7609 15
8685 7685 16
9012 8012 19
9157 8157 17
9273 8273 14
10056 9056 19
10397 9397 14
10792 9792 14
10939 9939 15
1249 249 14
1859 859 14
2990 1990 16
3389 2389 14
3461 2461 16
3520 2520 15
3694 2694 16
4537 3537 16
4710 3710 18
4808 3808 16
6522 5522 14
8286 7286 15
9505 8505 14
9799 8799 18
9870 8870 14
9897 8897 16
9955 8955 17
10298 9298 16
10625 9625 15
10843 9843 15
1250 250 15
2703 1703 17
2881 1881 15
3500 2500 16
3540 2540 14
3623 2623 16
4961 3961 15
5208 4208 15
7320 6320 14
8181 7181 14
8549 7549 15
8659 7659 16
9108 8108 16
9191 8191 15
9482 8482 14
9796 8796 18
9971 8971 16
10358 9358 16
10404 9404 16
10896 9896 18
1162 162 18
1305 305 17
1689 689 15
1826 826 17
2876 1876 15
3048 2048 18
3325 2325 15
4145 3145 16
4246 3246 17
4267 3267 14
4875 3875 17
4958 3958 18
5545 4545 14
7453 6453 18
7645 6645 18
7973 6973 14
8437 7437 16
8719 7719 16
8784 7784 18
9288 8288 18
1425 425 18
2164 1164 13
2199 1199 19
3385 2385 14
3657 2657 18
4012 3012 14
4229 3229 17
5023 4023 17
5833 4833 17
6400 5400 13
6401 5401 16
6740 5740 15
7289 6289 15
7389 6389 16
7926 6926 15
8538 7538 18
9203 8203 18
9826 8826 15
10140 9140 17
10601 9601 14
1536 536 18
1731 731 18
2195 1195 15
3017 2017 15
3612 2612 18
4754 3754 16
5152 4152 18
5771 4771 16
6202 5202 14
6874 5874 18
7274 6274 19
7625 6625 15
8064 7064 17
8397 7397 18
8424 7424 15
8619 7619 17
9007 8007 14
9728 8728 14
10040 9040 14
10211 9211 14
1994 994 14
2002 1002 14
2389 1389 17
5222 4222 17
5904 4904 16
5913 4913 18
6136 5136 15
6336 5336 16
6599 5599 15
6649 5649 17
7138 6138 13
7161 6161 14
7775 6775 17
8204 7204 13
8378 7378 15
8914 7914 15
9192 8192 16
9639 8639 16
10206 9206 18
10972 9972 13
1576 576 18
1959 959 18
2575 1575 14
2933 1933 17
2976 1976 16
3335 2335 14
4562 3562 15
4927 3927 18
5327 4327 15
6092 5092 16
6403 5403 16
6786 5786 18
7368 6368 15
7370 6370 17
7453 6453 17
7520 6520 18
8141 7141 19
9056 8056 17
10429 9429 15
10493 9493 15
1180 180 17
1190 190 17
1981 981 15
2705 1705 17
2771 1771 16
3289 2289 16
3486 2486 13
3980 2980 15
4366 3366 18
5109 4109 17
5160 4160 14
5215 4215 13
5968 4968 17
6453 5453 18
6515 5515 14
7094 6094 17
8385 7385 18
8476 7476 14
8815 7815 15
9874 8874 17
1807 807 13
2969 1969 14
4954 3954 18
5231 4231 18
5521 4521 18
5905 4905 18
6239 5239 15
6305 5305 16
6379 5379 18
6659 5659 14
6763 5763 15
6834 5834 14
7426 6426 15
7475 6475 13
7939 6939 18
8306 7306 15
8730 7730 17
8883 7883 13
9941 8941 16
10897 9897 17
1677 677 14
1906 906 14
2316 1316 18
2513 1513 15
2665 1665 18
3475 2475 14
3590 2590 18
6086 5086 15
6099 5099 15
6760 5760 17
6963 5963 17
7010 6010 16
7493 6493 17
7642 6642 16
7880 6880 16
8034 7034 18
8232 7232 15
8980 7980 14
9181 8181 17
9309 8309 17
1497 497 16
1866 866 18
3074 2074 17
4857 3857 16
5061 4061 13
5320 4320 16
5400 4400 18
5890 4890 19
6614 5614 17
6900 5900 14
7391 6391 14
7484 6484 18
7496 6496 16
8254 7254 19
8585 7585 15
8736 7736 18
9122 8122 15
9582 8582 13
10826 9826 17
10866 9866 14
2047 1047 13
2261 1261 17
2679 1679 13
3156 2156 18
4222 3222 18
4239 3239 18
4437 3437 16
4808 3808 16
5508 4508 16
6542 5542 18
7345 6345 14
8403 7403 17
8960 7960 14
9569 8569 18
9957 8957 15
10121 9121 15
10309 9309 13
10356 9356 14
10677 9677 16
10847 9847 17
1336 336 18
1548 548 17
1617 617 18
1673 673 19
1903 903 17
2268 1268 17
2533 1533 15
2810 1810 18
3046 2046 15
3306 2306 16
3695 2695 14
4501 3501 16
5863 4863 18
5892 4892 17
5948 4948 18
6009 5009 15
7474 6474 16
8108 7108 14
8596 7596 17
10566 9566 16
1153 153 18
2260 1260 18
2817 1817 15
3219 2219 16
3898 2898 18
3947 2947 17
4404 3404 15
4957 3957 18
5780 4780 16
6795 5795 16
7032 6032 18
8061 7061 15
8272 7272 16
8847 7847 16
9007 8007 15
9153 8153 16
9441 8441 18
9549 8549 18
10657 9657 18
10844 9844 13
1176 176 18
2210 1210 18
2985 1985 16
2986 1986 15
3001 2001 14
3627 2627 16
3629 2629 16
3717 2717 18
4219 3219 14
4739 3739 14
5562 4562 17
5627 4627 19
6267 5267 15
7410 6410 17
7547 6547 17
8720 7720 15
8744 7744 16
9151 8151 14
9507 8507 17
10110 9110 13
2028 1028 19
3311 2311 18
3890 2890 15
4010 3010 14
4375 3375 14
4745 3745 17
4858 3858 18
5676 4676 15
6038 5038 14
6577 5577 14
6846 5846 17
7545 6545 17
7574 6574 17
7708 6708 15
7708 6708 15
8160 7160 15
8333 7333 14
8519 7519 19
8894 7894 16
9659 8659 14
1712 712 17
1902 902 17
2291 1291 15
2418 1418 14
3329 2329 18
4231 3231 18
4852 3852 14
5268 4268 15
5287 4287 14
6222 5222 15
6549 5549 19
7692 6692 17
7744 6744 14
7745 6745 16
7983 6983 16
8360 7360 17
8444 7444 18
8923 7923 14
10102 9102 17
10594 9594 19
1263 263 14
1474 474 14
1961 961 17
2439 1439 16
3130 2130 16
3490 2490 16
4478 3478 15
4582 3582 17
5012 4012 17
5107 4107 15
5664 4664 15
6539 5539 17
7176 6176 19
8061 7061 17
8430 7430 17
9357 8357 14
9922 8922 19
10130 9130 13
10489 9489 16
10724 9724 15
1474 474 15
2598 1598 17
3260 2260 18
3541 2541 18
4193 3193 14
4720 3720 14
4806 3806 14
4817 3817 17
4875 3875 14
4937 3937 14
5028 4028 17
5204 4204 14
5365 4365 14
6304 5304 17
6310 5310 15
6743 5743 15
8164 7164 13
8268 7268 13
8450 7450 13
10173 9173 13
1256 256 17
1836 836 16
2507 1507 13
2702 1702 15
3028 2028 14
3446 2446 17
4731 3731 15
4851 3851 18
5146 4146 14
5613 4613 14
7479 6479 15
8107 7107 15
8173 7173 13
8203 7203 17
9191 8191 17
10325 9325 17
10403 9403 19
10430 9430 16
10885 9885 15
10981 9981 19
1838 838 18
2000 1000 14
2101 1101 15
2785 1785 13
3340 2340 16
3757 2757 18
3829 2829 16
4153 3153 15
4363 3363 14
5513 4513 14
5774 4774 16
6291 5291 15
7199 6199 16
7351 6351 15
7480 6480 17
8062 7062 16
8980 7980 14
9922 8922 15
10755 9755 14
10887 9887 13
1724 724 17
2501 1501 14
2546 1546 14
3144 2144 17
3161 2161 15
3935 2935 15
4401 3401 18
4617 3617 15
4765 3765 15
5820 4820 17
6201 5201 15
8372 7372 14
9308 8308 17
9916 8916 18
10025 9025 19
10063 9063 13
10111 9111 18
10547 9547 16
10775 9775 15
10953 9953 18
1098 98 13
1773 773 18
2186 1186 16
3146 2146 16
3484 2484 13
3626 2626 17
4366 3366 14
5587 4587 14
6246 5246 18
6511 5511 16
6522 5522 16
6557 5557 17
7147 6147 18
8511 7511 13
9301 8301 16
10064 9064 18
10282 9282 16
10349 9349 17
10862 9862 15
10988 9988 17
1279 279 16
1480 480 17
2049 1049 18
2390 1390 16
2485 1485 16
4088 3088 18
4470 3470 13
4897 3897 15
5042 4042 15
5233 4233 18
6235 5235 16
6297 5297 18
6400 5400 18
6617 5617 15
7967 6967 18
9192 8192 16
9468 8468 16
10195 9195 16
10378 9378 15
10800 9800 15
1148 148 16
1254 254 15
1413 413 14
2297 1297 14
2732 1732 15
2874 1874 16
2983 1983 18
3949 2949 15
4246 3246 15
4690 3690 17
5036 4036 15
5891 4891 16
6173 5173 19
6806 5806 19
7621 6621 18
7722 6722 15
7860 6860 15
8347 7347 15
10392 9392 15
10454 9454 15
1071 71 14
1186 186 17
1435 435 14
1764 764 17
2857 1857 16
2912 1912 17
4002 3002 17
4518 3518 18
5013 4013 14
5303 4303 18
6927 5927 13
6942 5942 16
7546 6546 19
9073 8073 14
9318 8318 15
9399 8399 17
9460 8460 13
9997 8997 18
10527 9527 17
10809 9809 14
1478 478 15
2016 1016 13
2288 1288 16
3051 2051 14
4068 3068 18
5312 4312 19
5359 4359 18
5652 4652 16
6021 5021 18
6165 5165 18
6715 5715 19
6925 5925 16
7086 6086 15
7155 6155 17
7199 6199 19
7284 6284 14
8195 7195 16
10190 9190 18
10212 9212 17
10714 9714 18
1213 213 13
1506 506 13
1687 687 18
1798 798 15
1948 948 15
3595 2595 18
4184 3184 19
4604 3604 14
5266 4266 16
5390 4390 13
6036 5036 18
6823 5823 15
7674 6674 16
7740 6740 18
8277 7277 15
8701 7701 17
8871 7871 14
9874 8874 19
9895 8895 15
10962 9962 18
2920 1920 16
3383 2383 17
4405 3405 14
4431 3431 14
4467 3467 15
4697 3697 16
4737 3737 17
5140 4140 17
5233 4233 18
5276 4276 15
5554 4554 18
5706 4706 15
7116 6116 16
7150 6150 17
7178 6178 16
7856 6856 18
7987 6987 14
8395 7395 17
9324 8324 15
10546 9546 16
1186 186 17
1543 543 13
2259 1259 17
2269 1269 17
3300 2300 15
3483 2483 16
3483 2483 18
3537 2537 14
3667 2667 15
3959 2959 15
4021 3021 17
4440 3440 18
6186 5186 17
6704 5704 14
6885 5885 17
7328 6328 18
7578 6578 19
9845 8845 16
10238 9238 17
10878 9878 13
1420 420 18
1470 470 13
1659 659 15
2257 1257 13
2336 1336 16
2537 1537 18
2632 1632 15
3757 2757 18
3774 2774 15
5480 4480 16
6032 5032 19
6533 5533 14
6541 5541 13
7413 6413 13
8081 7081 16
8479 7479 16
8575 7575 15
8975 7975 15
10002 9002 14
10160 9160 16
1310 310 16
1631 631 16
1699 699 17
2111 1111 14
2724 1724 18
3129 2129 15
3250 2250 16
3309 2309 15
4267 3267 14
4506 3506 15
5347 4347 17
5589 4589 14
5735 4735 16
6902 5902 15
8559 7559 15
8766 7766 17
8825 7825 14
9529 8529 18
9903 8903 18
10005 9005 18
1143 143 15
1157 157 16
1353 353 16
1504 504 18
1812 812 14
1878 878 14
2044 1044 15
2928 1928 17
2969 1969 17
3239 2239 14
3329 2329 17
3938 2938 14
4066 3066 17
4122 3122 17
4301 3301 16
4781 3781 17
5553 4553 16
7771 6771 15
8862 7862 16
10876 9876 15
1138 138 14
2448 1448 18
3212 2212 16
4214 3214 18
5786 4786 13
6269 5269 18
6673 5673 15
7143 6143 19
7342 6342 17
8230 7230 14
8518 7518 17
8762 7762 18
8884 7884 13
8962 7962 15
9105 8105 18
9296 8296 15
9486 8486 14
9584 8584 18
10570 9570 15
10767 9767 13
1110 110 15
2184 1184 14
2867 1867 13
3013 2013 16
3760 2760 17
4776 3776 14
4924 3924 15
5916 4916 15
7325 6325 15
7517 6517 18
7569 6569 14
7628 6628 16
8558 7558 15
9354 8354 17
9853 8853 14
10067 9067 17
10366 9366 15
10676 9676 18
10749 9749 16
10912 9912 14
1331 331 17
1800 800 14
2136 1136 14
2531 1531 18
2614 1614 18
4022 3022 13
4041 3041 17
4728 3728 13
5634 4634 15
5903 4903 18
5923 4923 16
6160 5160 14
7100 6100 16
7510 6510 16
9035 8035 18
9177 8177 18
9267 8267 18
9540 8540 15
10139 9139 16
10360 9360 16
1303 303 13
1355 355 17
1991 991 13
2910 1910 15
3113 2113 16
4754 3754 18
5747 4747 17
6047 5047 18
6468 5468 18
6903 5903 17
7486 6486 17
7529 6529 14
7725 6725 15
8098 7098 18
9929 8929 16
9968 8968 16
10227 9227 16
10643 9643 16
10954 9954 17
10956 9956 14
