1000 20 237020
50 126 173
50 57 236
50 101 219
50 95 186
50 99 219
50 147 211
50 73 174
50 68 229
50 54 222
50 64 242
50 96 200
50 85 222
50 106 152
50 116 245
50 107 200
50 103 173
50 125 205
50 68 236
50 91 223
50 127 178
102 2 6
120 20 6
129 29 6
141 41 5
168 68 6
178 78 7
186 86 5
266 166 6
279 179 6
280 180 5
297 197 6
322 222 6
342 242 7
386 286 5
387 287 6
387 287 6
436 336 5
498 398 5
518 418 6
531 431 6
534 434 6
539 439 6
564 464 5
580 480 6
598 498 5
623 523 6
625 525 5
625 525 7
626 526 7
633 533 5
660 560 5
675 575 5
723 623 6
755 655 5
756 656 5
762 662 7
809 709 6
813 713 7
836 736 6
839 739 5
843 743 6
857 757 6
869 769 6
927 827 7
956 856 5
1011 911 6
1011 911 7
1017 917 6
1035 935 5
1081 981 6
101 1 5
101 1 6
127 27 6
151 51 7
183 83 6
210 110 6
211 111 6
230 130 6
243 143 5
279 179 5
289 189 7
295 195 5
303 203 5
335 235 7
387 287 7
392 292 7
393 293 5
413 313 6
420 320 6
438 338 6
461 361 5
498 398 5
554 454 7
559 459 6
568 468 5
578 478 5
612 512 6
616 516 6
628 528 7
644 544 5
659 559 6
665 565 6
671 571 6
700 600 5
743 643 6
744 644 6
750 650 6
803 703 7
811 711 6
864 764 6
891 791 5
909 809 7
955 855 6
1025 925 5
1030 930 6
1037 937 7
1037 937 7
1050 950 6
1066 966 5
1083 983 5
119 19 5
124 24 5
169 69 7
175 75 5
194 94 7
240 140 7
317 217 6
330 230 6
335 235 6
377 277 5
390 290 6
394 294 5
427 327 6
441 341 6
443 343 6
522 422 6
524 424 6
527 427 6
533 433 5
534 434 5
541 441 5
543 443 5
559 459 6
564 464 6
564 464 6
593 493 6
596 496 5
597 497 6
633 533 6
673 573 7
696 596 5
733 633 7
743 643 5
750 650 6
791 691 5
800 700 6
824 724 7
829 729 6
842 742 7
849 749 6
884 784 5
912 812 5
915 815 6
951 851 5
996 896 6
1019 919 7
1048 948 6
1053 953 6
1062 962 6
1071 971 5
154 54 5
181 81 6
187 87 5
226 126 5
230 130 6
259 159 5
261 161 7
270 170 5
273 173 5
275 175 7
287 187 6
316 216 6
339 239 5
364 264 5
416 316 6
461 361 6
510 410 5
533 433 6
540 440 6
555 455 7
562 462 5
573 473 6
603 503 6
611 511 6
614 514 5
615 515 6
649 549 6
661 561 5
673 573 6
684 584 7
711 611 7
712 612 7
758 658 6
814 714 7
845 745 6
850 750 6
933 833 7
937 837 5
943 843 7
957 857 6
966 866 6
972 872 5
990 890 5
991 891 5
1016 916 5
1021 921 6
1034 934 5
1039 939 5
1065 965 7
1071 971 6
162 62 7
165 65 6
179 79 6
189 89 6
226 126 6
273 173 7
292 192 7
300 200 5
311 211 6
311 211 7
339 239 6
382 282 5
386 286 6
399 299 7
442 342 6
485 385 6
518 418 6
559 459 5
573 473 6
578 478 6
587 487 6
628 528 5
632 532 6
635 535 6
655 555 6
658 558 5
674 574 5
699 599 5
723 623 6
760 660 7
774 674 5
774 674 6
811 711 5
815 715 6
818 718 7
827 727 5
855 755 6
856 756 5
886 786 5
914 814 5
920 820 6
945 845 5
954 854 6
994 894 5
1008 908 6
1010 910 6
1050 950 5
1056 956 6
1083 983 5
1096 996 6
138 38 7
151 51 6
166 66 5
221 121 6
250 150 5
276 176 6
288 188 5
309 209 6
332 232 5
343 243 5
349 249 6
364 264 6
391 291 7
427 327 5
456 356 6
459 359 6
460 360 6
464 364 5
484 384 6
551 451 6
554 454 6
573 473 5
637 537 7
659 559 6
665 565 5
703 603 6
719 619 5
780 680 5
787 687 7
797 697 6
811 711 7
832 732 5
855 755 5
863 763 7
881 781 5
901 801 6
903 803 5
919 819 6
927 827 5
939 839 6
966 866 6
980 880 6
981 881 6
982 882 5
993 893 6
1000 900 5
1015 915 6
1054 954 5
1071 971 7
1095 995 6
120 20 5
120 20 6
124 24 7
128 28 6
132 32 6
154 54 6
164 64 5
166 66 5
176 76 6
203 103 7
221 121 5
221 121 7
226 126 7
278 178 6
300 200 6
316 216 6
341 241 7
358 258 5
360 260 5
383 283 6
388 288 6
395 295 6
422 322 5
425 325 5
425 325 6
465 365 5
529 429 6
533 433 6
604 504 7
637 537 7
667 567 6
668 568 6
675 575 5
680 580 5
684 584 5
701 601 6
725 625 5
740 640 7
758 658 6
763 663 6
781 681 5
787 687 6
803 703 6
818 718 7
914 814 7
994 894 7
1015 915 5
1035 935 6
1038 938 6
1091 991 5
118 18 6
119 19 6
151 51 6
158 58 7
161 61 7
164 64 6
189 89 5
208 108 5
212 112 5
220 120 7
239 139 5
301 201 6
326 226 7
332 232 6
348 248 5
362 262 6
362 262 6
384 284 6
462 362 5
510 410 7
528 428 6
568 468 5
599 499 6
607 507 6
614 514 6
630 530 7
633 533 7
642 542 6
650 550 6
687 587 5
705 605 6
726 626 5
735 635 7
774 674 6
785 685 6
786 686 6
808 708 6
882 782 5
890 790 6
907 807 6
930 830 5
940 840 6
985 885 6
994 894 6
997 897 5
1000 900 5
1001 901 5
1047 947 5
1059 959 6
1069 969 5
124 24 5
137 37 6
175 75 7
204 104 5
206 106 6
208 108 5
224 124 6
251 151 5
261 161 6
281 181 6
289 189 5
342 242 7
369 269 5
430 330 6
433 333 6
439 339 5
442 342 6
450 350 7
455 355 6
461 361 6
547 447 7
560 460 7
600 500 5
638 538 5
649 549 6
666 566 6
669 569 6
671 571 6
741 641 7
744 644 6
773 673 6
775 675 5
782 682 5
852 752 6
861 761 5
872 772 6
938 838 6
961 861 7
969 869 7
973 873 6
978 878 6
980 880 6
1000 900 5
1003 903 5
1004 904 5
1033 933 5
1047 947 6
1051 951 6
1071 971 6
1091 991 6
106 6 5
188 88 6
189 89 6
218 118 6
235 135 5
312 212 6
322 222 5
338 238 7
339 239 6
360 260 6
383 283 7
395 295 5
406 306 7
415 315 5
418 318 5
420 320 6
480 380 5
509 409 7
560 460 6
564 464 6
571 471 6
605 505 6
616 516 7
624 524 6
658 558 6
662 562 5
666 566 5
672 572 6
680 580 6
681 581 6
690 590 6
704 604 5
729 629 6
744 644 7
789 689 7
797 697 5
801 701 6
822 722 6
837 737 6
837 737 6
858 758 5
885 785 7
890 790 5
904 804 6
918 818 6
956 856 5
962 862 6
1014 914 5
1070 970 5
1099 999 6
137 37 6
147 47 6
170 70 6
197 97 5
210 110 7
213 113 7
221 121 7
243 143 7
253 153 6
278 178 7
311 211 5
311 211 5
333 233 5
345 245 6
363 263 6
365 265 5
384 284 6
399 299 5
447 347 5
466 366 6
482 382 5
483 383 5
483 383 6
505 405 5
568 468 5
608 508 5
633 533 6
634 534 6
698 598 5
752 652 5
755 655 5
776 676 5
792 692 5
793 693 7
796 696 6
812 712 6
819 719 7
863 763 6
877 777 5
878 778 5
879 779 7
889 789 6
895 795 5
906 806 6
908 808 7
933 833 5
934 834 5
1057 957 6
1063 963 7
1091 991 6
107 7 6
188 88 5
189 89 7
190 90 6
203 103 5
222 122 6
228 128 6
233 133 7
275 175 6
292 192 6
335 235 6
337 237 7
341 241 6
355 255 5
401 301 5
414 314 7
488 388 6
490 390 6
541 441 5
573 473 7
589 489 7
605 505 5
613 513 6
616 516 5
634 534 7
652 552 5
676 576 5
677 577 5
771 671 6
777 677 5
807 707 5
819 719 6
829 729 6
861 761 6
865 765 6
897 797 6
909 809 6
915 815 5
930 830 5
949 849 7
961 861 5
977 877 5
981 881 6
986 886 5
988 888 6
1006 906 6
1024 924 6
1037 937 7
1070 970 6
1073 973 6
101 1 5
105 5 5
108 8 7
116 16 5
156 56 5
159 59 6
173 73 7
197 97 7
218 118 6
219 119 7
245 145 5
277 177 6
279 179 5
292 192 5
293 193 6
294 194 5
314 214 6
314 214 6
321 221 6
326 226 6
344 244 7
377 277 6
380 280 5
442 342 7
454 354 6
468 368 7
475 375 7
485 385 6
559 459 6
568 468 5
571 471 5
617 517 7
636 536 6
636 536 6
668 568 6
679 579 6
698 598 6
757 657 6
801 701 6
844 744 6
856 756 5
890 790 6
890 790 6
919 819 5
922 822 6
984 884 6
1040 940 6
1073 973 6
1085 985 5
1093 993 7
114 14 6
139 39 6
162 62 5
171 71 6
196 96 6
197 97 6
198 98 6
217 117 7
234 134 6
242 142 7
272 172 6
276 176 6
291 191 6
292 192 6
294 194 5
318 218 7
331 231 6
345 245 6
446 346 7
452 352 6
453 353 6
486 386 5
590 490 6
597 497 6
608 508 6
616 516 5
616 516 6
618 518 6
623 523 6
633 533 7
664 564 5
671 571 5
763 663 5
770 670 5
772 672 5
808 708 5
809 709 6
830 730 5
834 734 6
836 736 6
900 800 6
906 806 6
919 819 6
952 852 6
985 885 6
1011 911 7
1020 920 5
1034 934 5
1054 954 6
1076 976 6
127 27 5
131 31 6
178 78 5
182 82 6
228 128 5
230 130 7
263 163 6
266 166 6
295 195 5
344 244 7
357 257 6
359 259 5
365 265 7
384 284 5
390 290 5
404 304 5
437 337 5
479 379 6
485 385 5
486 386 5
524 424 7
590 490 5
603 503 6
607 507 5
611 511 6
651 551 5
681 581 6
706 606 5
724 624 5
726 626 7
737 637 6
773 673 5
776 676 6
783 683 6
804 704 6
810 710 6
818 718 6
826 726 5
828 728 6
871 771 6
880 780 6
907 807 6
917 817 6
935 835 6
986 886 7
992 892 6
1011 911 6
1047 947 5
1089 989 7
1099 999 6
127 27 7
128 28 5
162 62 7
173 73 5
227 127 6
280 180 6
285 185 7
287 187 5
337 237 6
343 243 7
347 247 6
357 257 5
379 279 6
403 303 5
413 313 6
414 314 7
426 326 5
427 327 6
448 348 5
458 358 6
462 362 6
495 395 5
498 398 5
500 400 5
514 414 7
543 443 6
596 496 6
600 500 7
614 514 6
629 529 6
683 583 6
740 640 6
750 650 5
789 689 5
790 690 7
832 732 7
853 753 6
869 769 6
871 771 6
871 771 6
876 776 5
925 825 6
953 853 5
1019 919 6
1031 931 6
1062 962 6
1083 983 5
1083 983 7
1086 986 5
1086 986 5
134 34 6
136 36 6
143 43 5
174 74 5
175 75 7
183 83 7
204 104 6
211 111 6
230 130 5
252 152 5
256 156 6
269 169 6
284 184 6
330 230 5
354 254 6
364 264 5
367 267 5
368 268 6
376 276 6
388 288 7
451 351 6
464 364 7
526 426 5
532 432 5
542 442 6
600 500 7
608 508 6
612 512 5
615 515 6
621 521 7
622 522 5
658 558 5
686 586 6
689 589 7
692 592 5
716 616 5
789 689 5
816 716 6
825 725 5
846 746 7
859 759 7
883 783 5
884 784 6
891 791 6
926 826 6
937 837 6
943 843 6
950 850 6
1032 932 7
1064 964 5
149 49 6
175 75 6
190 90 5
219 119 6
223 123 7
230 130 5
237 137 6
282 182 5
332 232 5
333 233 5
333 233 6
341 241 7
352 252 5
397 297 7
439 339 5
451 351 5
458 358 6
496 396 5
503 403 6
530 430 6
555 455 6
606 506 6
617 517 5
617 517 6
620 520 6
708 608 7
717 617 7
719 619 6
753 653 6
773 673 5
775 675 5
799 699 5
808 708 6
825 725 6
827 727 7
830 730 6
844 744 7
856 756 6
886 786 6
908 808 7
910 810 6
943 843 5
946 846 5
979 879 5
996 896 6
1001 901 5
1002 902 5
1010 910 6
1026 926 6
1067 967 5
110 10 6
132 32 5
137 37 5
173 73 6
186 86 7
195 95 5
199 99 6
204 104 6
216 116 6
220 120 5
226 126 6
242 142 6
253 153 6
256 156 5
276 176 5
295 195 6
329 229 7
331 231 6
405 305 5
493 393 6
502 402 6
508 408 7
536 436 6
541 441 6
550 450 6
574 474 6
586 486 6
598 498 5
614 514 6
637 537 7
646 546 6
657 557 6
687 587 6
712 612 7
786 686 7
832 732 5
867 767 5
871 771 5
878 778 5
900 800 5
933 833 6
945 845 5
948 848 7
954 854 6
961 861 6
967 867 6
975 875 7
993 893 5
993 893 5
1061 961 6
114 14 5
129 29 7
159 59 5
173 73 7
178 78 5
213 113 6
232 132 6
244 144 6
245 145 7
285 185 6
324 224 5
364 264 5
387 287 5
403 303 7
430 330 6
440 340 6
460 360 6
485 385 5
516 416 7
562 462 6
564 464 6
623 523 6
648 548 6
670 570 5
693 593 7
730 630 5
733 633 6
738 638 6
748 648 6
754 654 6
774 674 5
800 700 6
802 702 5
837 737 6
841 741 7
847 747 6
856 756 5
959 859 6
979 879 6
990 890 7
996 896 6
1014 914 6
1015 915 5
1036 936 5
1044 944 6
1061 961 6
1065 965 5
1072 972 6
1085 985 6
1098 998 7
