100 20 24587
5 113 198
5 100 212
5 116 229
5 141 198
5 137 206
5 84 205
5 100 208
5 127 172
5 119 156
5 113 247
5 112 216
5 142 197
5 114 215
5 69 201
5 131 155
5 74 165
5 64 245
5 106 169
5 100 222
5 89 227
146 46 63
371 271 59
408 308 69
801 701 52
1055 955 64
443 343 66
490 390 63
673 573 66
804 704 52
899 799 53
273 173 64
688 588 51
722 622 64
865 765 68
951 851 66
271 171 50
359 259 56
516 416 57
696 596 55
1053 953 68
253 153 62
713 613 60
719 619 52
886 786 53
911 811 53
111 11 49
141 41 67
151 51 66
224 124 66
1021 921 67
477 377 49
508 408 67
811 711 60
855 755 57
962 862 53
158 58 60
180 80 57
650 550 49
836 736 51
1028 928 51
451 351 55
484 384 68
506 406 51
524 424 49
655 555 62
138 38 51
477 377 51
542 442 55
683 583 51
1079 979 59
249 149 64
280 180 51
454 354 60
532 432 67
982 882 62
499 399 64
591 491 54
849 749 51
914 814 69
923 823 59
198 98 53
354 254 59
513 413 60
605 505 51
626 526 67
249 149 54
327 227 65
381 281 60
528 428 56
963 863 59
107 7 60
367 267 68
598 498 59
683 583 64
917 817 51
141 41 62
563 463 66
833 733 52
944 844 51
1024 924 52
246 146 59
598 498 63
704 604 54
850 750 69
894 794 49
261 161 62
298 198 61
515 415 67
604 504 56
769 669 60
138 38 62
287 187 57
316 216 64
537 437 49
852 752 49
576 476 62
673 573 59
789 689 67
963 863 67
1010 910 55
