1000 100 2206756
10 134 246
10 60 227
10 108 155
10 139 235
10 93 236
10 131 211
10 64 160
10 138 221
10 110 171
10 60 191
10 134 222
10 118 228
10 81 160
10 138 191
10 54 228
10 134 205
10 71 241
10 101 186
10 60 203
10 89 218
10 62 201
10 93 233
10 132 208
10 118 216
10 78 172
10 137 154
10 121 190
10 95 215
10 64 241
10 121 181
10 102 164
10 135 162
10 89 199
10 88 223
10 68 171
10 92 167
10 117 239
10 56 167
10 123 208
10 147 164
10 77 204
10 76 228
10 134 217
10 95 168
10 140 245
10 90 220
10 79 183
10 86 228
10 129 156
10 75 212
10 139 205
10 69 159
10 118 159
10 149 215
10 61 200
10 72 227
10 123 207
10 82 210
10 137 220
10 85 206
10 121 236
10 130 246
10 136 247
10 58 229
10 57 193
10 66 170
10 124 162
10 130 230
10 55 193
10 89 202
10 124 212
10 88 174
10 131 213
10 133 189
10 90 170
10 104 249
10 85 172
10 147 236
10 55 191
10 146 247
10 96 168
10 91 225
10 85 197
10 58 229
10 148 169
10 127 225
10 74 209
10 95 183
10 97 158
10 117 175
10 76 187
10 66 170
10 136 203
10 51 204
10 68 163
10 69 176
10 146 233
10 61 186
10 75 153
10 113 200
1962 962 33
3571 2571 37
4315 3315 30
5196 4196 34
5196 4196 37
5352 4352 30
6314 5314 30
8753 7753 35
9028 8028 37
10750 9750 35
1790 790 28
2095 1095 35
2628 1628 32
3988 2988 32
4442 3442 36
4595 3595 29
6589 5589 32
6747 5747 33
6784 5784 36
7697 6697 29
1990 990 38
2133 1133 29
2868 1868 36
4648 3648 32
5484 4484 29
5972 4972 28
6160 5160 28
6437 5437 33
7850 6850 28
7913 6913 36
2087 1087 30
2151 1151 30
2420 1420 28
3031 2031 32
4858 3858 29
5513 4513 35
6391 5391 38
7128 6128 37
9534 8534 35
10553 9553 38
1471 471 30
1750 750 38
3613 2613 38
4783 3783 33
5348 4348 29
6083 5083 31
7159 6159 28
9045 8045 33
9146 8146 31
10020 9020 28
1185 185 34
2013 1013 29
2249 1249 34
2515 1515 39
7049 6049 32
7673 6673 38
8276 7276 32
8400 7400 34
9812 8812 28
10069 9069 38
1925 925 35
3726 2726 29
5033 4033 34
7658 6658 31
7832 6832 34
8667 7667 37
9371 8371 37
9665 8665 37
9773 8773 36
10559 9559 35
1244 244 30
2439 1439 38
2635 1635 36
2904 1904 32
3384 2384 36
3494 2494 32
5432 4432 32
5835 4835 38
8493 7493 32
10057 9057 37
1019 19 32
1813 813 33
1941 941 37
3103 2103 30
3103 2103 39
5065 4065 36
7562 6562 33
7912 6912 35
9643 8643 29
10036 9036 32
1750 750 30
2583 1583 39
2870 1870 30
3839 2839 39
4883 3883 28
6545 5545 39
9006 8006 39
9212 8212 38
9350 8350 34
10091 9091 36
3486 2486 31
3737 2737 32
4828 3828 35
5807 4807 30
5987 4987 32
8285 7285 34
8399 7399 34
10240 9240 28
10712 9712 36
10936 9936 37
1088 88 29
2123 1123 35
3084 2084 29
3580 2580 35
4350 3350 39
5112 4112 37
5206 4206 38
5556 4556 38
7178 6178 28
8571 7571 32
2824 1824 28
3760 2760 34
4339 3339 28
4478 3478 35
5094 4094 28
7291 6291 29
7782 6782 35
7982 6982 32
9165 8165 33
9448 8448 37
2105 1105 28
3064 2064 38
4428 3428 28
5829 4829 28
7927 6927 35
8322 7322 33
8531 7531 39
8566 7566 36
8769 7769 31
9764 8764 29
4349 3349 33
5047 4047 28
5395 4395 35
5930 4930 32
6091 5091 28
8101 7101 37
8571 7571 29
8905 7905 34
9108 8108 28
9378 8378 31
4133 3133 31
4405 3405 29
4507 3507 33
5139 4139 30
7304 6304 36
7493 6493 32
8695 7695 38
8717 7717 36
8765 7765 39
8841 7841 28
1020 20 28
1173 173 34
1849 849 30
2397 1397 39
2443 1443 28
7184 6184 30
7781 6781 35
7936 6936 34
8899 7899 37
9694 8694 30
1293 293 34
1437 437 28
1487 487 35
3460 2460 29
4302 3302 35
9192 8192 28
9234 8234 38
9238 8238 37
9289 8289 34
9381 8381 39
2260 1260 30
3238 2238 32
5130 4130 39
6028 5028 34
6247 5247 28
8828 7828 39
9116 8116 34
9343 8343 38
9954 8954 37
10361 9361 28
1666 666 29
2341 1341 29
2871 1871 38
3282 2282 36
4106 3106 33
4991 3991 36
6663 5663 33
7056 6056 28
8593 7593 37
9022 8022 37
1191 191 38
1269 269 30
1889 889 33
2140 1140 34
2674 1674 35
3011 2011 28
3413 2413 31
4535 3535 29
6130 5130 32
10974 9974 36
1698 698 35
2707 1707 36
4542 3542 37
5215 4215 30
5409 4409 31
6396 5396 33
7758 6758 32
7978 6978 33
8080 7080 38
9187 8187 30
1316 316 30
3129 2129 31
3364 2364 31
4297 3297 28
4449 3449 35
5223 4223 28
6469 5469 38
6731 5731 29
7995 6995 38
9109 8109 34
1792 792 35
2283 1283 28
4029 3029 29
4164 3164 37
4328 3328 36
4935 3935 37
5949 4949 32
7565 6565 33
8167 7167 38
8744 7744 38
1506 506 31
2481 1481 36
2774 1774 37
3670 2670 28
3967 2967 28
4833 3833 35
6694 5694 37
7638 6638 31
9595 8595 38
10408 9408 36
3062 2062 32
3562 2562 39
4069 3069 34
4298 3298 32
4366 3366 36
5060 4060 36
6135 5135 34
6850 5850 32
6931 5931 32
8537 7537 33
2248 1248 33
2346 1346 29
3869 2869 32
4188 3188 30
4528 3528 32
5515 4515 34
8097 7097 34
8254 7254 34
8434 7434 28
10510 9510 36
1058 58 37
2008 1008 35
2474 1474 33
5420 4420 37
5546 4546 37
8457 7457 33
8614 7614 31
9535 8535 29
10215 9215 35
10420 9420 29
1328 328 39
2574 1574 35
3185 2185 29
3481 2481 38
5874 4874 29
7217 6217 33
7249 6249 38
8508 7508 31
8673 7673 29
10926 9926 31
1731 731 33
3246 2246 29
3636 2636 31
4181 3181 38
5622 4622 37
6532 5532 38
7979 6979 29
9476 8476 28
9862 8862 31
10050 9050 39
2880 1880 35
4375 3375 29
4431 3431 38
6275 5275 34
6743 5743 34
7394 6394 28
8371 7371 38
8893 7893 32
9520 8520 30
10972 9972 36
2314 1314 30
4029 3029 32
4078 3078 33
4804 3804 37
6375 5375 32
7245 6245 32
8332 7332 29
8619 7619 39
10042 9042 39
10188 9188 31
1610 610 35
1814 814 31
3453 2453 37
5422 4422 33
6359 5359 38
7086 6086 34
8523 7523 36
9248 8248 28
10016 9016 37
10163 9163 28
5081 4081 36
6430 5430 29
7085 6085 35
7513 6513 36
9207 8207 28
9214 8214 37
9904 8904 30
10299 9299 30
10490 9490 28
10872 9872 36
1495 495 38
3071 2071 30
3984 2984 39
3998 2998 35
6284 5284 28
6296 5296 30
6853 5853 28
7258 6258 30
8987 7987 39
10220 9220 35
1278 278 30
2279 1279 30
3219 2219 29
4940 3940 28
4989 3989 31
8078 7078 37
9539 8539 39
9647 8647 30
10028 9028 35
10374 9374 35
1394 394 36
2685 1685 35
2825 1825 38
4471 3471 37
4951 3951 37
7789 6789 34
8241 7241 38
8308 7308 33
8956 7956 30
9335 8335 36
1704 704 37
1736 736 38
3186 2186 32
4173 3173 32
5640 4640 29
5782 4782 36
6679 5679 31
8093 7093 35
9179 8179 35
9409 8409 32
1308 308 32
4504 3504 32
5817 4817 29
6210 5210 37
6451 5451 28
7784 6784 28
7948 6948 36
8237 7237 31
10656 9656 39
10862 9862 39
1294 294 33
1681 681 28
3659 2659 37
4691 3691 38
5195 4195 37
6198 5198 33
6793 5793 28
7953 6953 30
8163 7163 29
8208 7208 36
1049 49 37
2071 1071 31
2658 1658 33
3158 2158 30
3274 2274 30
4510 3510 33
5264 4264 36
5362 4362 37
5798 4798 39
7213 6213 31
1733 733 28
1755 755 38
3454 2454 29
4532 3532 34
5573 4573 31
6043 5043 34
6352 5352 37
8282 7282 36
8632 7632 33
9975 8975 35
1505 505 31
1967 967 35
4907 3907 29
5154 4154 37
6046 5046 37
7199 6199 32
7633 6633 31
8193 7193 29
9668 8668 35
10146 9146 36
1060 60 37
2669 1669 35
3189 2189 30
3273 2273 32
3539 2539 31
7324 6324 32
9919 8919 32
10505 9505 34
10794 9794 38
10842 9842 34
1635 635 33
3121 2121 31
4019 3019 38
5708 4708 33
6467 5467 29
8125 7125 28
8674 7674 32
9469 8469 35
9623 8623 29
9966 8966 30
2927 1927 33
3004 2004 35
3564 2564 37
3685 2685 33
5083 4083 29
5376 4376 37
6621 5621 29
8230 7230 29
8529 7529 35
9885 8885 28
3143 2143 37
4613 3613 34
5915 4915 36
7269 6269 34
7718 6718 31
8449 7449 38
9194 8194 32
9593 8593 29
9829 8829 33
10305 9305 32
1126 126 34
2718 1718 36
3084 2084 36
3493 2493 29
4298 3298 38
4589 3589 28
5609 4609 29
6306 5306 31
8941 7941 28
9197 8197 28
3001 2001 37
3092 2092 29
3187 2187 28
3444 2444 37
3519 2519 30
3627 2627 31
4051 3051 28
6399 5399 32
7144 6144 35
7329 6329 36
2129 1129 36
2224 1224 32
5286 4286 29
5615 4615 36
6159 5159 34
6409 5409 32
6464 5464 31
8334 7334 37
9004 8004 30
10438 9438 37
1362 362 32
1969 969 38
2369 1369 33
3479 2479 36
4724 3724 28
5975 4975 29
6047 5047 34
6494 5494 32
6876 5876 35
10847 9847 32
2010 1010 38
2457 1457 36
2613 1613 34
2823 1823 37
4282 3282 30
6486 5486 37
6646 5646 34
7729 6729 38
8854 7854 29
10903 9903 39
1557 557 30
2586 1586 32
5359 4359 35
6188 5188 36
6525 5525 35
6918 5918 30
7213 6213 35
7442 6442 31
7636 6636 39
9647 8647 32
2277 1277 35
2520 1520 33
3799 2799 33
4217 3217 29
6020 5020 28
6797 5797 38
6837 5837 34
7460 6460 37
8251 7251 39
10908 9908 36
1023 23 37
2957 1957 36
4726 3726 39
5177 4177 30
5879 4879 29
6121 5121 32
6841 5841 38
7123 6123 35
10033 9033 29
10204 9204 35
3600 2600 35
3728 2728 30
3832 2832 35
5200 4200 30
6664 5664 38
7659 6659 35
8309 7309 32
9787 8787 36
9947 8947 37
10591 9591 31
2306 1306 29
2709 1709 34
3044 2044 28
3573 2573 30
5714 4714 35
5766 4766 28
7512 6512 38
7901 6901 29
8006 7006 37
8092 7092 37
2802 1802 28
3836 2836 33
4168 3168 36
4653 3653 30
4892 3892 33
5177 4177 35
5246 4246 28
5981 4981 36
8785 7785 29
10903 9903 31
1313 313 32
4906 3906 36
5732 4732 35
5787 4787 34
6403 5403 39
7105 6105 35
8393 7393 34
10135 9135 33
10156 9156 29
10726 9726 34
1818 818 37
2200 1200 37
2716 1716 39
3900 2900 37
5260 4260 30
5397 4397 32
5813 4813 37
5837 4837 34
8944 7944 28
10731 9731 37
1123 123 30
3423 2423 30
3541 2541 28
3642 2642 38
4021 3021 28
5949 4949 38
6584 5584 31
8378 7378 37
9105 8105 30
9343 8343 34
1997 997 31
3209 2209 33
3521 2521 31
3980 2980 30
6350 5350 28
7415 6415 36
8662 7662 28
8849 7849 35
9445 8445 28
9813 8813 36
2379 1379 37
4289 3289 28
4628 3628 29
4983 3983 38
6468 5468 37
6667 5667 33
8748 7748 30
8814 7814 36
8993 7993 38
9566 8566 30
2361 1361 37
2698 1698 35
4800 3800 29
5370 4370 29
5650 4650 32
6479 5479 28
7206 6206 38
7524 6524 37
8646 7646 37
10760 9760 31
2363 1363 31
2939 1939 29
3075 2075 34
4429 3429 30
5139 4139 37
5364 4364 38
5501 4501 34
5582 4582 29
5871 4871 35
8924 7924 30
2406 1406 28
2564 1564 38
3041 2041 34
3377 2377 36
6309 5309 34
6596 5596 28
6781 5781 37
8339 7339 37
10339 9339 28
10948 9948 32
1604 604 37
2015 1015 30
2164 1164 35
2344 1344 35
2929 1929 34
3555 2555 35
4437 3437 37
5195 4195 32
6501 5501 35
8661 7661 29
3008 2008 28
3202 2202 31
4767 3767 36
7290 6290 30
7353 6353 37
9059 8059 35
9734 8734 36
10660 9660 29
10687 9687 30
10805 9805 34
1218 218 34
1533 533 29
2640 1640 38
2825 1825 32
3251 2251 38
4493 3493 31
7937 6937 33
8536 7536 32
10137 9137 39
10954 9954 32
3028 2028 30
5096 4096 30
5135 4135 37
6844 5844 38
7600 6600 35
7770 6770 32
9276 8276 33
10070 9070 37
10399 9399 34
10912 9912 30
1369 369 34
3369 2369 34
3845 2845 30
4080 3080 32
6574 5574 32
6676 5676 36
9750 8750 32
10355 9355 31
10455 9455 34
10591 9591 31
2005 1005 29
4711 3711 31
5079 4079 29
5568 4568 32
6462 5462 39
7635 6635 35
8612 7612 28
8669 7669 29
9540 8540 33
10929 9929 30
1706 706 30
2380 1380 29
3984 2984 35
4453 3453 30
4562 3562 33
5558 4558 30
6323 5323 28
7783 6783 39
9735 8735 38
10223 9223 31
2432 1432 39
2819 1819 34
3213 2213 33
5283 4283 30
5559 4559 36
6830 5830 33
6899 5899 34
7665 6665 31
10269 9269 28
10822 9822 33
2326 1326 29
3759 2759 36
4030 3030 28
4961 3961 31
5346 4346 31
6692 5692 30
7094 6094 39
7961 6961 29
8120 7120 32
10418 9418 28
2177 1177 39
2232 1232 36
3037 2037 33
5149 4149 37
6377 5377 37
6915 5915 38
8691 7691 32
8770 7770 34
8782 7782 29
10012 9012 30
2382 1382 31
4263 3263 38
4834 3834 28
4999 3999 33
7357 6357 38
7368 6368 33
9960 8960 35
10100 9100 28
10161 9161 36
10481 9481 32
1636 636 28
2462 1462 39
5394 4394 33
6448 5448 34
7049 6049 38
7775 6775 39
8005 7005 29
8627 7627 38
8901 7901 34
9733 8733 35
4323 3323 35
5405 4405 35
6503 5503 35
6744 5744 30
7364 6364 32
8191 7191 30
8422 7422 33
9159 8159 33
9213 8213 30
9780 8780 31
2481 1481 35
3994 2994 36
4678 3678 32
6063 5063 35
6724 5724 35
8507 7507 38
8866 7866 28
9841 8841 31
10024 9024 28
10083 9083 33
1136 136 34
2820 1820 31
3301 2301 36
4761 3761 37
5636 4636 30
5839 4839 37
6418 5418 34
7964 6964 31
10117 9117 34
10261 9261 39
1013 13 33
1253 253 32
1280 280 28
2368 1368 36
2459 1459 28
2793 1793 31
3334 2334 33
4963 3963 37
5454 4454 35
8236 7236 28
1870 870 36
1984 984 34
4005 3005 38
6928 5928 32
7612 6612 28
7741 6741 30
8028 7028 38
8574 7574 35
9914 8914 29
10011 9011 30
3747 2747 33
3914 2914 35
4675 3675 35
5156 4156 31
5608 4608 31
6241 5241 28
7713 6713 31
7800 6800 33
9398 8398 35
10347 9347 33
1607 607 36
4862 3862 28
5069 4069 30
5412 4412 33
5461 4461 32
5860 4860 35
5931 4931 36
8016 7016 38
8775 7775 38
10145 9145 30
1978 978 29
2528 1528 31
4854 3854 29
5466 4466 35
5736 4736 37
6068 5068 35
8400 7400 29
9981 8981 28
10401 9401 38
10512 9512 34
1873 873 35
2427 1427 34
2727 1727 30
3283 2283 28
3645 2645 36
3876 2876 39
4578 3578 31
6704 5704 32
7871 6871 33
10682 9682 33
3874 2874 38
3939 2939 29
5307 4307 28
6232 5232 28
6490 5490 32
6664 5664 32
7070 6070 32
9571 8571 28
9572 8572 36
9610 8610 32
1036 36 32
1661 661 29
1662 662 32
2092 1092 30
4103 3103 33
4300 3300 38
6716 5716 38
7233 6233 34
10345 9345 38
10834 9834 38
1962 962 37
1992 992 32
2275 1275 33
3859 2859 38
6803 5803 32
7362 6362 32
7543 6543 35
7970 6970 30
9087 8087 39
10579 9579 37
1253 253 30
1378 378 34
2765 1765 32
2781 1781 35
3288 2288 28
3383 2383 37
6316 5316 29
7596 6596 30
7796 6796 33
8792 7792 35
2642 1642 38
3673 2673 38
3818 2818 35
4527 3527 32
8042 7042 32
8384 7384 29
8522 7522 30
8900 7900 37
9080 8080 36
9625 8625 32
2418 1418 34
4118 3118 39
5124 4124 34
5235 4235 35
5673 4673 38
6765 5765 29
7577 6577 39
7874 6874 30
9273 8273 36
9631 8631 31
1132 132 38
1724 724 34
3135 2135 36
3292 2292 28
4000 3000 33
4138 3138 34
6116 5116 32
8854 7854 36
9346 8346 30
10887 9887 34
1002 2 34
1123 123 38
1767 767 33
3410 2410 29
4014 3014 30
5831 4831 30
6236 5236 34
7154 6154 38
8659 7659 31
9180 8180 34
1720 720 30
2813 1813 33
4772 3772 35
6073 5073 35
6204 5204 37
6218 5218 35
7628 6628 33
8514 7514 28
9026 8026 36
9599 8599 33
2958 1958 32
4110 3110 33
4398 3398 31
5208 4208 29
5606 4606 32
6216 5216 33
7663 6663 36
8249 7249 31
9900 8900 37
10676 9676 30
1179 179 30
1715 715 39
1783 783 31
2594 1594 39
3742 2742 38
5449 4449 29
6933 5933 28
7693 6693 29
7970 6970 30
8467 7467 32
3760 2760 37
4344 3344 33
4696 3696 31
5936 4936 34
6563 5563 33
7432 6432 39
8186 7186 28
8615 7615 32
9126 8126 35
10795 9795 33
1427 427 37
3096 2096 33
3668 2668 37
4142 3142 37
5107 4107 33
5612 4612 34
6037 5037 36
6124 5124 38
7253 6253 28
8942 7942 33
