2000 20 4957532
100 122 223
100 139 190
100 149 184
100 108 245
100 97 177
100 149 194
100 61 190
100 115 153
100 62 168
100 81 182
100 135 152
100 125 231
100 128 160
100 95 221
100 137 200
100 51 155
100 79 220
100 66 243
100 136 244
100 149 247
1041 41 3
1218 218 2
1302 302 3
1412 412 3
1701 701 3
1723 723 2
1745 745 2
1826 826 2
1834 834 2
1838 838 3
1929 929 2
1934 934 3
1954 954 2
2070 1070 3
2134 1134 3
2141 1141 2
2161 1161 2
2203 1203 2
2205 1205 3
2447 1447 3
2495 1495 3
2541 1541 2
2747 1747 2
2783 1783 2
2901 1901 3
3029 2029 3
3221 2221 3
3297 2297 3
3368 2368 2
3477 2477 3
3531 2531 3
3546 2546 3
3671 2671 3
3713 2713 2
3885 2885 2
3966 2966 2
4105 3105 2
4197 3197 2
4378 3378 2
4384 3384 3
4500 3500 3
4587 3587 3
4624 3624 2
5075 4075 3
5076 4076 2
5165 4165 2
5188 4188 3
5223 4223 2
5476 4476 2
5599 4599 2
5934 4934 3
6152 5152 3
6357 5357 3
6409 5409 2
6533 5533 3
6775 5775 3
6858 5858 2
6865 5865 3
6897 5897 2
6971 5971 3
6979 5979 3
7199 6199 3
7367 6367 3
7376 6376 2
7473 6473 2
7636 6636 2
7637 6637 3
7652 6652 2
7842 6842 3
7976 6976 2
8005 7005 3
8243 7243 2
8328 7328 2
8365 7365 3
8396 7396 3
8593 7593 2
8650 7650 3
8685 7685 2
8805 7805 3
8976 7976 3
9162 8162 2
9416 8416 2
9821 8821 2
9833 8833 2
9868 8868 2
10009 9009 3
10057 9057 2
10164 9164 3
10283 9283 2
10346 9346 3
10497 9497 3
10540 9540 3
10589 9589 2
10678 9678 2
10679 9679 2
10679 9679 3
10756 9756 2
10915 9915 2
10915 9915 3
10924 9924 3
1088 88 2
1124 124 2
1307 307 3
1463 463 3
1517 517 2
1555 555 3
1620 620 2
1644 644 3
1679 679 2
1832 832 2
1833 833 2
1902 902 3
1905 905 3
2059 1059 2
2069 1069 2
2337 1337 2
2447 1447 3
2529 1529 2
2592 1592 3
2599 1599 3
2679 1679 3
2686 1686 3
2839 1839 3
3212 2212 3
3412 2412 2
3418 2418 3
3434 2434 2
3816 2816 2
3892 2892 2
3998 2998 3
4113 3113 2
4151 3151 2
4225 3225 2
4231 3231 2
4274 3274 3
4280 3280 3
4490 3490 2
4525 3525 2
4649 3649 3
5092 4092 2
5149 4149 3
5169 4169 2
5187 4187 2
5345 4345 3
5473 4473 3
5589 4589 3
5659 4659 3
5788 4788 3
5793 4793 3
5816 4816 2
5820 4820 2
6074 5074 3
6203 5203 2
6302 5302 3
6347 5347 3
6668 5668 3
6730 5730 2
6734 5734 2
6989 5989 3
7079 6079 2
7209 6209 3
7241 6241 3
7522 6522 2
7579 6579 2
7661 6661 2
7711 6711 2
8022 7022 3
8065 7065 2
8111 7111 3
8193 7193 2
8372 7372 3
8373 7373 2
8501 7501 3
8522 7522 2
8556 7556 2
8580 7580 3
8866 7866 3
8939 7939 3
9094 8094 2
9162 8162 2
9212 8212 2
9255 8255 3
9273 8273 3
9341 8341 3
9371 8371 2
9436 8436 3
9792 8792 3
10003 9003 2
10107 9107 2
10173 9173 2
10328 9328 3
10355 9355 2
10367 9367 2
10388 9388 3
10403 9403 2
10418 9418 2
10489 9489 2
10663 9663 3
10858 9858 2
10991 9991 2
1164 164 3
1321 321 3
1338 338 3
1399 399 3
1413 413 2
1523 523 2
1805 805 2
1806 806 3
1812 812 3
1847 847 2
2006 1006 2
2153 1153 2
2394 1394 3
2571 1571 3
2581 1581 2
2641 1641 3
2716 1716 2
2742 1742 3
2867 1867 2
2987 1987 3
2999 1999 2
3063 2063 2
3335 2335 2
3484 2484 2
3615 2615 3
3654 2654 3
3866 2866 2
3967 2967 2
4003 3003 2
4195 3195 3
4279 3279 3
4549 3549 2
4691 3691 2
4715 3715 2
4762 3762 2
5022 4022 3
5030 4030 3
5080 4080 3
5280 4280 2
5383 4383 3
5432 4432 2
5557 4557 3
5682 4682 3
5698 4698 3
5720 4720 3
5775 4775 2
5897 4897 2
6119 5119 3
6250 5250 3
6388 5388 2
6496 5496 2
6699 5699 2
6777 5777 3
6876 5876 2
6878 5878 3
7060 6060 2
7345 6345 2
7492 6492 2
7513 6513 2
7756 6756 3
7819 6819 3
7855 6855 2
7867 6867 3
7900 6900 2
7997 6997 2
8082 7082 2
8130 7130 2
8179 7179 3
8215 7215 3
8287 7287 3
8420 7420 2
8504 7504 2
8523 7523 3
8636 7636 3
8664 7664 3
8679 7679 2
8691 7691 3
8802 7802 2
8993 7993 3
9021 8021 3
9031 8031 2
9163 8163 2
9185 8185 2
9463 8463 3
9538 8538 2
9663 8663 2
9771 8771 3
9944 8944 3
10129 9129 2
10175 9175 2
10178 9178 3
10287 9287 3
10331 9331 2
10564 9564 3
10640 9640 2
10681 9681 3
10837 9837 2
10875 9875 2
10957 9957 2
10961 9961 2
1056 56 2
1118 118 2
1214 214 3
1242 242 3
1278 278 3
1328 328 3
1561 561 3
1595 595 2
1604 604 2
1615 615 2
1616 616 3
1652 652 3
1820 820 3
1830 830 3
1906 906 2
1951 951 2
2202 1202 3
2219 1219 2
2261 1261 2
2738 1738 3
2916 1916 2
3107 2107 2
3364 2364 2
3512 2512 2
3528 2528 2
3787 2787 2
3815 2815 2
3884 2884 3
3906 2906 3
3945 2945 2
4149 3149 2
4199 3199 2
4218 3218 3
4222 3222 2
4275 3275 3
4421 3421 3
4428 3428 3
4456 3456 2
4493 3493 2
4508 3508 3
4535 3535 2
4725 3725 2
4764 3764 2
4880 3880 3
4897 3897 3
4998 3998 3
5051 4051 3
5122 4122 3
5498 4498 2
5642 4642 2
5735 4735 2
5809 4809 3
5910 4910 3
6493 5493 2
6594 5594 3
6608 5608 3
6679 5679 2
6828 5828 3
7015 6015 3
7170 6170 3
7250 6250 2
7349 6349 3
7411 6411 3
7479 6479 3
7512 6512 3
7624 6624 3
7640 6640 3
7719 6719 3
7746 6746 3
7796 6796 2
8086 7086 2
8195 7195 2
8293 7293 2
8501 7501 3
8521 7521 3
8586 7586 2
8644 7644 2
8653 7653 3
9007 8007 2
9029 8029 2
9230 8230 3
9376 8376 3
9457 8457 3
9567 8567 2
9685 8685 2
9765 8765 3
9795 8795 3
9797 8797 3
9837 8837 2
9895 8895 2
10173 9173 2
10388 9388 2
10396 9396 3
10628 9628 2
10652 9652 3
10749 9749 3
10763 9763 2
10792 9792 3
10882 9882 3
10981 9981 2
1019 19 2
1420 420 3
1494 494 2
1548 548 3
1575 575 2
1606 606 3
1642 642 3
1656 656 2
1707 707 2
1770 770 3
1882 882 2
2205 1205 2
2207 1207 3
2322 1322 2
2462 1462 2
2488 1488 3
2529 1529 2
2586 1586 2
2721 1721 2
2738 1738 2
2767 1767 2
2778 1778 2
2833 1833 3
2860 1860 3
2984 1984 2
2994 1994 2
3362 2362 3
3715 2715 2
4004 3004 3
4083 3083 3
4358 3358 3
4439 3439 3
4766 3766 3
4918 3918 3
5185 4185 2
5213 4213 2
5549 4549 2
5664 4664 2
5682 4682 2
5751 4751 2
6018 5018 2
6148 5148 3
6157 5157 3
6203 5203 2
6336 5336 3
6602 5602 2
6702 5702 3
6727 5727 3
6824 5824 2
6858 5858 3
6968 5968 2
7007 6007 2
7021 6021 3
7034 6034 3
7102 6102 3
7112 6112 3
7130 6130 3
7150 6150 3
7173 6173 2
7200 6200 2
7315 6315 2
7395 6395 3
7399 6399 2
7428 6428 2
7480 6480 2
7492 6492 3
7506 6506 2
7507 6507 3
7528 6528 2
7798 6798 3
7836 6836 2
7871 6871 3
7883 6883 2
7939 6939 2
8151 7151 2
8252 7252 2
8281 7281 3
8437 7437 3
8487 7487 2
8694 7694 3
8913 7913 2
8995 7995 2
9287 8287 2
9314 8314 3
9473 8473 2
9601 8601 3
9648 8648 3
9708 8708 3
9810 8810 2
9832 8832 2
9889 8889 2
9965 8965 2
9997 8997 3
10127 9127 3
10190 9190 3
10355 9355 3
10512 9512 3
10561 9561 3
10802 9802 3
10938 9938 2
1024 24 3
1029 29 2
1052 52 2
1059 59 3
1244 244 3
1299 299 2
1388 388 3
1572 572 3
1589 589 2
1829 829 2
1829 829 2
1880 880 2
1983 983 3
2149 1149 2
2243 1243 2
2268 1268 3
2544 1544 3
2566 1566 3
2721 1721 2
2779 1779 3
2846 1846 3
2875 1875 3
2996 1996 3
3041 2041 2
3084 2084 3
3203 2203 2
3228 2228 3
3240 2240 2
3258 2258 3
3319 2319 2
3382 2382 2
3400 2400 2
3506 2506 3
3537 2537 2
3548 2548 3
3582 2582 3
3811 2811 2
3903 2903 2
4096 3096 2
4398 3398 3
4402 3402 2
4413 3413 2
4417 3417 3
4524 3524 2
4551 3551 3
4730 3730 2
4795 3795 2
4882 3882 3
4937 3937 2
5157 4157 3
5166 4166 3
5391 4391 3
5564 4564 3
5646 4646 3
5677 4677 2
5770 4770 2
5885 4885 2
6026 5026 2
6086 5086 3
6123 5123 2
6241 5241 3
6474 5474 2
6562 5562 2
6654 5654 3
6664 5664 3
6803 5803 3
7344 6344 3
7355 6355 3
7378 6378 2
7518 6518 2
7549 6549 2
7627 6627 2
7702 6702 3
7705 6705 2
7713 6713 3
7900 6900 3
8007 7007 2
8159 7159 3
8172 7172 2
8275 7275 2
8416 7416 2
8445 7445 3
8811 7811 2
8839 7839 2
9052 8052 3
9069 8069 3
9092 8092 2
9110 8110 3
9222 8222 2
9308 8308 2
9329 8329 2
9462 8462 3
9474 8474 3
9483 8483 3
9631 8631 3
9929 8929 2
10211 9211 2
10268 9268 2
10446 9446 3
10855 9855 3
1066 66 2
1268 268 3
1289 289 3
1476 476 2
1531 531 2
1559 559 2
1585 585 2
1655 655 2
1705 705 3
1749 749 3
1793 793 2
1871 871 3
2412 1412 3
2425 1425 2
2439 1439 3
2501 1501 3
2669 1669 2
3000 2000 3
3094 2094 2
3110 2110 3
3394 2394 2
3642 2642 3
3801 2801 3
3804 2804 2
4011 3011 3
4092 3092 2
4187 3187 3
4334 3334 3
4547 3547 2
4755 3755 2
4794 3794 3
4812 3812 2
5041 4041 3
5051 4051 2
5362 4362 3
5376 4376 2
5376 4376 3
5433 4433 2
5466 4466 2
5612 4612 3
5830 4830 2
5934 4934 3
6090 5090 3
6318 5318 2
6332 5332 2
6333 5333 3
6445 5445 2
6499 5499 2
6571 5571 2
6730 5730 2
6917 5917 2
6919 5919 2
7011 6011 2
7028 6028 2
7241 6241 2
7283 6283 2
7295 6295 2
7309 6309 3
7427 6427 2
7451 6451 3
7460 6460 2
7546 6546 3
7558 6558 3
7711 6711 3
7724 6724 3
7763 6763 3
7769 6769 3
8031 7031 3
8043 7043 3
8189 7189 2
8284 7284 3
8324 7324 2
8436 7436 3
8439 7439 2
8498 7498 3
8512 7512 3
8521 7521 2
8626 7626 2
8640 7640 2
8683 7683 2
8835 7835 2
8849 7849 2
8978 7978 3
9133 8133 2
9283 8283 2
9373 8373 2
9413 8413 3
9424 8424 3
9590 8590 3
9640 8640 2
9689 8689 2
9701 8701 3
10015 9015 3
10080 9080 3
10194 9194 3
10199 9199 3
10521 9521 2
10653 9653 2
10969 9969 3
10974 9974 3
1020 20 2
1094 94 3
1165 165 2
1170 170 3
1499 499 3
1694 694 3
1715 715 3
1729 729 2
1883 883 3
1901 901 3
1949 949 2
2004 1004 3
2039 1039 2
2042 1042 3
2044 1044 3
2180 1180 3
2183 1183 2
2404 1404 3
2535 1535 3
2641 1641 2
2691 1691 2
2811 1811 2
2856 1856 2
2865 1865 2
2909 1909 3
2998 1998 2
3009 2009 2
3260 2260 2
3404 2404 2
3619 2619 3
3710 2710 2
3755 2755 3
3786 2786 3
3872 2872 2
3918 2918 3
3991 2991 3
4111 3111 2
4224 3224 2
4505 3505 3
4615 3615 3
4855 3855 2
4911 3911 2
5124 4124 3
5138 4138 2
5318 4318 2
5321 4321 2
5377 4377 2
5481 4481 2
5626 4626 2
5638 4638 3
5819 4819 2
6125 5125 3
6180 5180 2
6373 5373 2
6391 5391 2
6571 5571 3
6578 5578 3
6620 5620 2
6630 5630 2
6663 5663 2
6735 5735 2
6787 5787 2
6869 5869 2
6913 5913 2
6982 5982 3
7038 6038 2
7106 6106 3
7109 6109 2
7123 6123 3
7175 6175 2
7437 6437 3
7514 6514 2
7651 6651 2
7759 6759 2
7827 6827 2
8014 7014 2
8415 7415 3
8422 7422 3
8493 7493 2
8564 7564 3
8631 7631 3
8747 7747 2
8802 7802 3
8956 7956 3
8957 7957 3
9079 8079 2
9548 8548 3
9990 8990 3
10082 9082 2
10097 9097 3
10158 9158 3
10231 9231 2
10289 9289 2
10466 9466 3
10548 9548 2
10623 9623 2
10647 9647 3
10831 9831 3
10903 9903 2
10913 9913 2
1092 92 3
1144 144 2
1273 273 2
1437 437 3
1447 447 3
1549 549 2
1697 697 2
1739 739 2
1882 882 2
1969 969 3
2042 1042 2
2109 1109 3
2157 1157 3
2282 1282 2
2485 1485 3
2554 1554 2
2691 1691 3
2756 1756 3
2768 1768 3
2895 1895 3
3133 2133 2
3165 2165 3
3271 2271 2
3311 2311 3
3331 2331 3
3490 2490 2
3527 2527 3
3531 2531 3
3555 2555 3
3623 2623 2
3698 2698 2
3756 2756 2
3788 2788 3
3870 2870 2
4107 3107 3
4369 3369 2
4376 3376 3
4441 3441 3
4540 3540 3
4543 3543 2
4778 3778 3
4783 3783 2
4800 3800 2
4811 3811 3
4883 3883 2
4951 3951 3
5078 4078 2
5082 4082 2
5116 4116 2
5122 4122 3
5184 4184 2
5314 4314 3
5381 4381 2
5405 4405 2
5738 4738 2
5884 4884 2
5999 4999 3
6059 5059 3
6118 5118 2
6143 5143 3
6438 5438 3
6567 5567 3
6644 5644 3
6729 5729 2
6888 5888 2
7116 6116 3
7326 6326 2
7409 6409 2
7440 6440 3
7441 6441 2
7452 6452 2
7495 6495 3
7559 6559 2
7684 6684 3
7848 6848 3
8009 7009 2
8094 7094 3
8257 7257 2
8312 7312 2
8356 7356 2
8398 7398 2
8640 7640 3
8649 7649 3
8655 7655 2
8854 7854 2
8915 7915 2
8923 7923 2
8956 7956 3
9059 8059 3
9096 8096 3
9111 8111 3
9408 8408 3
9635 8635 2
9728 8728 2
9862 8862 3
9924 8924 3
10218 9218 2
10309 9309 2
10354 9354 2
10761 9761 2
1047 47 2
1152 152 3
1222 222 2
1304 304 2
1343 343 3
1401 401 2
1439 439 2
1463 463 3
1471 471 2
1597 597 2
1680 680 3
1717 717 3
1735 735 2
1799 799 3
1808 808 2
1832 832 3
1964 964 2
2119 1119 2
2142 1142 2
2391 1391 3
2463 1463 3
2522 1522 2
2533 1533 2
2576 1576 3
2905 1905 3
3351 2351 2
3448 2448 3
3455 2455 2
3743 2743 2
3791 2791 3
3827 2827 2
3998 2998 2
4080 3080 2
4142 3142 2
4403 3403 2
4633 3633 2
4633 3633 3
4660 3660 3
4792 3792 2
4803 3803 2
4895 3895 3
4946 3946 2
5065 4065 2
5223 4223 2
5312 4312 3
5508 4508 3
5582 4582 2
5621 4621 2
5624 4624 2
5624 4624 3
5675 4675 3
5756 4756 3
5853 4853 2
6007 5007 2
6121 5121 3
6155 5155 2
6155 5155 3
6225 5225 2
6292 5292 3
6429 5429 2
6473 5473 2
6847 5847 2
6882 5882 3
6967 5967 3
7291 6291 3
7421 6421 2
7573 6573 3
7580 6580 2
7675 6675 2
7916 6916 3
7993 6993 2
8028 7028 3
8182 7182 3
8396 7396 3
8408 7408 3
8583 7583 2
8668 7668 3
8738 7738 2
8832 7832 2
8844 7844 2
8873 7873 2
8893 7893 2
8919 7919 3
8957 7957 2
9020 8020 3
9037 8037 3
9101 8101 3
9269 8269 3
9303 8303 3
9309 8309 3
9619 8619 3
9860 8860 2
10023 9023 3
10100 9100 3
10267 9267 3
10465 9465 3
10523 9523 3
10632 9632 3
10791 9791 2
10852 9852 2
1061 61 2
1206 206 2
1227 227 3
1240 240 3
1339 339 3
1437 437 2
1475 475 2
1699 699 3
1729 729 3
1775 775 2
1816 816 2
1968 968 2
2061 1061 2
2063 1063 2
2077 1077 3
2202 1202 2
2428 1428 2
2479 1479 3
2827 1827 2
2837 1837 3
2918 1918 2
2960 1960 2
3049 2049 2
3279 2279 2
3539 2539 2
3579 2579 3
3667 2667 2
3696 2696 2
3744 2744 2
3746 2746 3
3835 2835 3
4071 3071 3
4166 3166 2
4174 3174 3
4188 3188 3
4364 3364 2
4741 3741 3
4777 3777 2
4824 3824 3
4831 3831 2
4838 3838 2
4907 3907 3
4953 3953 2
4956 3956 2
4984 3984 2
5001 4001 3
5041 4041 2
5127 4127 3
5157 4157 2
5235 4235 2
5413 4413 3
5511 4511 3
5592 4592 3
5605 4605 3
5764 4764 2
5947 4947 3
6096 5096 2
6338 5338 2
6528 5528 3
6624 5624 2
6699 5699 3
6807 5807 3
6923 5923 2
7203 6203 2
7307 6307 2
7482 6482 3
7516 6516 2
7607 6607 3
7692 6692 2
7744 6744 2
7773 6773 3
8417 7417 2
8537 7537 2
8832 7832 3
8927 7927 2
9073 8073 3
9149 8149 3
9155 8155 3
9159 8159 2
9178 8178 3
9190 8190 2
9258 8258 3
9292 8292 3
9321 8321 2
9406 8406 3
9419 8419 2
9476 8476 3
9571 8571 2
9758 8758 2
9829 8829 2
9848 8848 2
9976 8976 3
10268 9268 3
10314 9314 2
10322 9322 3
10538 9538 3
10705 9705 3
10774 9774 2
10901 9901 2
10972 9972 2
1091 91 3
1099 99 2
1204 204 2
1651 651 3
1731 731 2
1768 768 2
1979 979 2
2015 1015 3
2018 1018 3
2028 1028 3
2056 1056 2
2282 1282 2
2436 1436 3
2586 1586 2
2626 1626 3
2683 1683 2
2873 1873 2
2894 1894 2
3044 2044 2
3084 2084 2
3312 2312 2
3371 2371 2
3535 2535 3
3681 2681 2
3814 2814 2
3818 2818 3
3947 2947 3
4018 3018 2
4105 3105 3
4239 3239 3
4381 3381 3
4462 3462 2
4470 3470 3
4506 3506 2
4514 3514 3
4587 3587 3
4812 3812 2
4897 3897 2
4913 3913 2
4937 3937 2
5120 4120 3
5199 4199 2
5368 4368 3
5525 4525 2
5735 4735 3
5743 4743 3
5800 4800 3
6217 5217 2
6256 5256 3
6304 5304 2
6310 5310 2
6393 5393 2
6544 5544 2
6678 5678 2
6786 5786 2
6848 5848 2
7047 6047 3
7127 6127 2
7257 6257 2
7406 6406 2
7441 6441 3
7489 6489 2
7752 6752 2
7798 6798 2
7885 6885 2
7950 6950 2
8210 7210 2
8243 7243 2
8333 7333 3
8763 7763 2
8922 7922 3
9006 8006 2
9188 8188 2
9228 8228 2
9482 8482 3
9546 8546 2
9554 8554 3
9579 8579 3
9584 8584 2
9666 8666 3
9674 8674 2
9688 8688 2
9698 8698 2
9710 8710 2
9836 8836 2
10042 9042 2
10052 9052 3
10203 9203 2
10223 9223 2
10232 9232 2
10232 9232 2
10274 9274 2
10325 9325 2
10510 9510 2
10639 9639 3
10642 9642 2
10701 9701 3
10762 9762 3
10768 9768 2
10961 9961 2
1009 9 2
1122 122 2
1250 250 2
1294 294 3
1359 359 2
1444 444 2
1521 521 3
1767 767 3
1837 837 2
1885 885 3
1900 900 2
1921 921 3
2043 1043 2
2043 1043 2
2077 1077 3
2432 1432 3
2695 1695 2
2700 1700 2
2741 1741 3
2752 1752 3
2926 1926 3
2973 1973 3
2977 1977 3
3008 2008 2
3107 2107 2
3236 2236 3
3248 2248 2
3314 2314 3
3334 2334 2
3354 2354 3
3367 2367 2
3435 2435 3
3492 2492 3
3722 2722 2
3757 2757 2
3869 2869 3
3959 2959 2
4008 3008 3
4011 3011 2
4074 3074 3
4086 3086 2
4233 3233 2
4265 3265 2
4274 3274 3
4393 3393 2
4471 3471 3
4628 3628 3
4646 3646 2
4704 3704 3
4886 3886 3
5294 4294 3
5493 4493 2
5750 4750 2
5763 4763 3
5956 4956 3
6069 5069 3
6116 5116 2
6154 5154 3
6513 5513 3
6574 5574 3
6651 5651 2
6723 5723 2
6816 5816 3
6837 5837 2
6853 5853 2
7046 6046 2
7079 6079 3
7121 6121 3
7167 6167 2
7451 6451 2
7750 6750 2
7798 6798 3
7807 6807 2
7837 6837 2
7966 6966 2
8091 7091 2
8194 7194 2
8317 7317 2
8457 7457 2
8519 7519 2
8558 7558 3
8681 7681 2
8813 7813 2
8846 7846 3
8884 7884 3
8936 7936 2
8980 7980 2
9036 8036 2
9172 8172 3
9305 8305 3
9322 8322 2
9386 8386 2
9403 8403 2
9409 8409 3
9868 8868 2
10111 9111 3
10381 9381 3
10529 9529 2
10946 9946 3
10972 9972 2
1117 117 3
1181 181 3
1208 208 2
1274 274 2
1314 314 3
1469 469 2
1605 605 2
1635 635 2
1774 774 3
1941 941 3
2077 1077 3
2148 1148 2
2267 1267 2
2304 1304 3
2705 1705 3
2912 1912 3
3011 2011 3
3101 2101 3
3180 2180 2
3370 2370 2
3582 2582 2
3720 2720 3
3796 2796 2
4049 3049 3
4075 3075 3
4122 3122 3
4215 3215 3
4274 3274 2
4366 3366 2
4376 3376 2
4617 3617 3
4705 3705 3
4747 3747 2
4815 3815 3
4909 3909 2
4952 3952 3
4995 3995 3
5046 4046 3
5100 4100 2
5307 4307 2
5382 4382 2
5442 4442 3
5460 4460 2
5518 4518 3
5580 4580 3
5699 4699 3
5707 4707 2
5784 4784 2
5802 4802 3
5851 4851 3
5866 4866 2
5882 4882 2
5901 4901 3
6087 5087 2
6219 5219 3
6283 5283 2
6498 5498 2
6524 5524 3
6555 5555 2
6573 5573 3
6576 5576 3
6658 5658 3
6668 5668 3
6702 5702 2
6768 5768 2
6927 5927 3
7021 6021 2
7191 6191 2
7520 6520 2
7521 6521 2
7645 6645 3
7681 6681 3
7735 6735 3
7798 6798 2
7809 6809 2
7916 6916 3
7952 6952 2
8091 7091 3
8219 7219 3
8525 7525 2
8531 7531 3
8723 7723 3
8757 7757 2
8880 7880 3
8954 7954 3
9154 8154 3
9464 8464 3
9465 8465 2
9472 8472 2
9483 8483 2
9486 8486 2
9631 8631 2
9695 8695 2
9798 8798 2
10192 9192 3
10259 9259 3
10330 9330 2
10830 9830 2
10835 9835 2
10988 9988 2
1009 9 3
1521 521 2
1644 644 2
1748 748 2
1803 803 3
1811 811 2
2010 1010 3
2117 1117 3
2169 1169 2
2195 1195 2
2212 1212 2
2218 1218 3
2294 1294 3
2413 1413 3
2439 1439 3
2769 1769 3
2795 1795 3
2898 1898 2
2982 1982 2
3113 2113 2
3260 2260 3
3363 2363 2
3382 2382 3
3383 2383 2
3409 2409 2
3512 2512 2
3521 2521 3
3553 2553 3
3707 2707 3
3748 2748 3
3920 2920 2
3983 2983 2
4072 3072 3
4123 3123 2
4136 3136 2
4162 3162 3
4312 3312 2
4431 3431 3
4503 3503 3
4628 3628 2
4772 3772 2
4773 3773 3
4794 3794 3
4934 3934 2
4966 3966 2
5026 4026 2
5027 4027 3
5196 4196 2
5431 4431 2
5478 4478 2
5510 4510 2
5733 4733 2
5776 4776 2
5838 4838 3
5865 4865 3
5984 4984 3
6249 5249 3
6259 5259 3
6289 5289 3
6338 5338 2
6441 5441 2
6706 5706 2
6755 5755 3
6854 5854 3
7200 6200 2
7280 6280 2
7433 6433 3
7466 6466 3
7525 6525 2
7532 6532 2
7539 6539 3
7853 6853 3
7863 6863 2
7944 6944 3
7952 6952 3
8003 7003 2
8072 7072 3
8165 7165 3
8251 7251 3
8415 7415 2
8847 7847 3
8898 7898 2
9157 8157 2
9165 8165 3
9299 8299 3
9314 8314 3
9331 8331 2
9411 8411 3
9562 8562 3
9628 8628 2
9644 8644 3
9783 8783 3
10063 9063 2
10159 9159 3
10211 9211 3
10615 9615 2
10786 9786 2
10890 9890 2
10918 9918 3
10975 9975 3
1002 2 2
1045 45 3
1148 148 2
1433 433 2
1515 515 2
1699 699 2
1728 728 3
1845 845 3
2125 1125 2
2267 1267 3
2440 1440 2
2516 1516 2
2650 1650 2
2779 1779 3
2795 1795 2
2804 1804 2
2859 1859 3
2936 1936 3
2964 1964 2
3037 2037 2
3119 2119 2
3435 2435 3
3443 2443 2
3495 2495 2
3572 2572 3
3757 2757 2
3823 2823 2
3842 2842 2
3939 2939 3
3963 2963 2
3993 2993 3
4004 3004 2
4015 3015 3
4117 3117 3
4118 3118 3
4166 3166 3
4203 3203 3
4227 3227 3
4265 3265 2
4333 3333 3
4658 3658 3
4850 3850 2
4942 3942 3
5112 4112 2
5142 4142 3
5449 4449 2
6091 5091 3
6154 5154 3
6209 5209 3
6256 5256 2
6385 5385 2
6414 5414 3
6500 5500 3
6520 5520 2
6666 5666 3
6704 5704 2
6940 5940 2
6978 5978 3
7370 6370 3
7476 6476 3
7568 6568 2
7726 6726 2
7757 6757 2
7814 6814 3
7867 6867 2
7892 6892 3
7940 6940 3
8038 7038 2
8068 7068 2
8296 7296 2
8320 7320 2
8425 7425 3
8489 7489 3
8496 7496 2
8526 7526 2
8588 7588 3
8611 7611 2
8880 7880 2
8923 7923 3
9029 8029 2
9067 8067 2
9084 8084 2
9273 8273 3
9381 8381 3
9446 8446 3
9545 8545 3
9567 8567 2
9645 8645 3
9671 8671 2
9771 8771 2
9926 8926 2
9961 8961 3
10109 9109 3
10184 9184 2
10329 9329 2
10447 9447 3
10474 9474 2
10682 9682 3
10946 9946 3
10977 9977 2
1012 12 3
1128 128 2
1570 570 2
1600 600 3
1633 633 2
1770 770 3
1962 962 2
2104 1104 3
2126 1126 3
2266 1266 3
2323 1323 2
2365 1365 2
2496 1496 2
2592 1592 3
2630 1630 2
2639 1639 3
2646 1646 2
2684 1684 3
2685 1685 3
2702 1702 2
2910 1910 3
2944 1944 3
3000 2000 2
3200 2200 2
3230 2230 2
3250 2250 2
3268 2268 3
3421 2421 2
3489 2489 2
3539 2539 2
3540 2540 3
3573 2573 2
3593 2593 3
3597 2597 3
3923 2923 3
3957 2957 3
4201 3201 2
4349 3349 2
4555 3555 2
4872 3872 2
4974 3974 2
4998 3998 3
5228 4228 2
5306 4306 2
5337 4337 2
5362 4362 2
5594 4594 3
5606 4606 3
5639 4639 2
5703 4703 3
5766 4766 3
5890 4890 2
6311 5311 2
6412 5412 3
6488 5488 2
6612 5612 2
6644 5644 3
6653 5653 2
6804 5804 2
6844 5844 2
6904 5904 3
6941 5941 2
7034 6034 3
7039 6039 2
7180 6180 2
7356 6356 2
7467 6467 3
7536 6536 3
7559 6559 2
7682 6682 3
7808 6808 3
8000 7000 2
8118 7118 2
8120 7120 2
8445 7445 3
8460 7460 3
8626 7626 2
8715 7715 3
8759 7759 2
8892 7892 2
8969 7969 3
9026 8026 3
9030 8030 2
9185 8185 3
9212 8212 2
9282 8282 2
9298 8298 2
9709 8709 3
9790 8790 3
9872 8872 3
9954 8954 3
10010 9010 2
10311 9311 3
10334 9334 2
10475 9475 3
10495 9495 2
10505 9505 2
10687 9687 2
10861 9861 3
10913 9913 2
1008 8 2
1226 226 3
1364 364 3
1764 764 2
1779 779 3
1906 906 3
1978 978 2
2022 1022 3
2042 1042 3
2167 1167 2
2181 1181 3
2291 1291 3
2379 1379 3
2426 1426 2
2519 1519 3
2728 1728 3
2746 1746 2
2787 1787 2
2876 1876 3
2901 1901 2
2973 1973 2
3125 2125 2
3142 2142 2
3145 2145 2
3374 2374 2
3457 2457 3
3477 2477 3
3483 2483 3
3599 2599 2
3673 2673 2
4015 3015 3
4081 3081 2
4283 3283 2
4465 3465 2
4475 3475 2
4639 3639 3
4690 3690 2
4736 3736 2
4777 3777 2
4881 3881 2
4979 3979 3
5024 4024 3
5148 4148 3
5222 4222 2
5346 4346 2
5354 4354 2
5515 4515 2
5623 4623 2
5832 4832 3
5848 4848 2
5893 4893 3
5930 4930 2
6011 5011 3
6167 5167 2
6194 5194 3
6253 5253 3
6257 5257 3
6283 5283 2
6340 5340 2
6381 5381 3
6437 5437 2
6444 5444 2
6564 5564 2
6633 5633 3
6648 5648 3
6714 5714 3
6781 5781 2
6941 5941 3
6943 5943 3
6956 5956 3
6978 5978 2
7097 6097 3
7123 6123 2
7219 6219 2
7336 6336 3
7458 6458 3
7459 6459 3
7712 6712 2
7747 6747 3
7861 6861 2
7888 6888 2
8013 7013 3
8120 7120 3
8313 7313 2
8372 7372 2
8415 7415 3
9343 8343 2
9347 8347 3
9522 8522 3
9714 8714 3
9785 8785 2
9785 8785 2
9879 8879 2
10000 9000 3
10140 9140 3
10421 9421 3
10452 9452 2
10528 9528 2
10688 9688 2
10728 9728 2
1210 210 2
1253 253 3
1256 256 3
1321 321 2
1324 324 2
1498 498 2
1559 559 2
1592 592 3
1647 647 2
1727 727 2
1774 774 3
1829 829 3
1946 946 3
1947 947 2
1986 986 3
2021 1021 2
2172 1172 2
2316 1316 2
2560 1560 3
2595 1595 3
2737 1737 3
2931 1931 2
3097 2097 3
3119 2119 3
3385 2385 2
3707 2707 3
3925 2925 3
3965 2965 3
4074 3074 2
4077 3077 2
4130 3130 2
4231 3231 2
4244 3244 3
4455 3455 3
4502 3502 3
4513 3513 3
5007 4007 2
5104 4104 3
5371 4371 3
5376 4376 2
5389 4389 2
5826 4826 3
6054 5054 3
6144 5144 3
6163 5163 3
6275 5275 3
6332 5332 2
6377 5377 2
6386 5386 3
6445 5445 3
6469 5469 2
6484 5484 3
6631 5631 3
6711 5711 3
6807 5807 2
6931 5931 2
6971 5971 2
7183 6183 3
7331 6331 2
7571 6571 3
7636 6636 2
7716 6716 3
7743 6743 3
7764 6764 3
7768 6768 3
7875 6875 3
7934 6934 2
8248 7248 2
8265 7265 3
8465 7465 3
8645 7645 3
8705 7705 2
8750 7750 3
8784 7784 3
8978 7978 3
9008 8008 2
9110 8110 3
9174 8174 3
9274 8274 2
9333 8333 3
9566 8566 3
9599 8599 2
9780 8780 2
9888 8888 2
9915 8915 2
9936 8936 2
9952 8952 3
10137 9137 2
10246 9246 3
10317 9317 2
10419 9419 2
10496 9496 2
10557 9557 2
10557 9557 2
10616 9616 2
10618 9618 3
10636 9636 3
10648 9648 3
10902 9902 2
10910 9910 3
1156 156 3
1205 205 3
1215 215 3
1221 221 3
1286 286 3
1299 299 3
1309 309 2
1321 321 2
1501 501 3
1514 514 3
1657 657 2
1703 703 2
1705 705 2
1714 714 2
1822 822 2
1920 920 2
2159 1159 3
2212 1212 2
2488 1488 3
2639 1639 3
2790 1790 3
3032 2032 3
3094 2094 2
3191 2191 2
3470 2470 2
3567 2567 3
3800 2800 2
3853 2853 2
4056 3056 2
4058 3058 2
4060 3060 2
4129 3129 3
4158 3158 2
4225 3225 3
4314 3314 2
4446 3446 3
4463 3463 3
4559 3559 2
4648 3648 3
4676 3676 3
4929 3929 3
4945 3945 2
4965 3965 2
5111 4111 2
5186 4186 2
5275 4275 3
5330 4330 3
5394 4394 3
5513 4513 3
5702 4702 3
5866 4866 2
6285 5285 3
6517 5517 2
6865 5865 2
6929 5929 2
7096 6096 2
7111 6111 3
7188 6188 3
7244 6244 2
7253 6253 2
7386 6386 3
7429 6429 2
7482 6482 3
7510 6510 3
7576 6576 2
7593 6593 3
7789 6789 2
7972 6972 3
7975 6975 3
8032 7032 2
8320 7320 3
8349 7349 2
8452 7452 2
8506 7506 3
8537 7537 2
8539 7539 3
8573 7573 3
8618 7618 2
8968 7968 3
9114 8114 2
9293 8293 2
9454 8454 3
9545 8545 3
9604 8604 3
9635 8635 3
9682 8682 3
9736 8736 2
10198 9198 3
10215 9215 3
10305 9305 2
10336 9336 2
10347 9347 3
10398 9398 2
10400 9400 2
10412 9412 2
10460 9460 2
10609 9609 2
10610 9610 2
10674 9674 2
10843 9843 2
