1000 20 2438470
50 134 232
50 55 243
50 67 235
50 108 169
50 143 173
50 131 229
50 74 188
50 137 239
50 81 243
50 137 206
50 148 183
50 58 191
50 145 241
50 77 213
50 106 198
50 87 249
50 106 175
50 63 164
50 145 177
50 99 184
1006 6 5
1045 45 7
1162 162 5
1384 384 7
1470 470 6
2079 1079 5
2855 1855 6
2885 1885 5
3088 2088 5
3421 2421 6
3669 2669 6
3945 2945 6
4041 3041 5
4082 3082 5
4230 3230 6
4448 3448 5
4967 3967 6
5159 4159 5
5319 4319 5
5381 4381 5
5440 4440 6
5592 4592 5
5665 4665 7
5899 4899 6
5975 4975 5
5993 4993 5
6579 5579 5
6635 5635 7
6768 5768 6
6960 5960 5
7335 6335 5
7816 6816 5
7836 6836 5
8185 7185 6
8193 7193 6
8895 7895 6
8926 7926 6
9391 8391 5
9895 8895 5
9937 8937 6
10066 9066 7
10150 9150 5
10161 9161 7
10283 9283 5
10297 9297 6
10325 9325 6
10325 9325 6
10534 9534 5
10680 9680 5
10960 9960 5
1027 27 6
1116 116 6
1229 229 6
1354 354 7
1411 411 5
1544 544 6
1609 609 6
2447 1447 5
2538 1538 5
3259 2259 5
3423 2423 5
3564 2564 6
3610 2610 5
3630 2630 5
3641 2641 5
3721 2721 6
3740 2740 6
3877 2877 6
3932 2932 6
4250 3250 5
4270 3270 6
4388 3388 6
4413 3413 5
4423 3423 5
4722 3722 6
5073 4073 5
5508 4508 6
5775 4775 5
5808 4808 5
6087 5087 5
6110 5110 5
6254 5254 5
6358 5358 5
6545 5545 6
7250 6250 6
7478 6478 6
7647 6647 6
7711 6711 7
7721 6721 6
7915 6915 6
8135 7135 5
8293 7293 6
8579 7579 7
8606 7606 6
8922 7922 5
9028 8028 6
9993 8993 6
10566 9566 5
10804 9804 5
10811 9811 5
1005 5 6
1131 131 6
1416 416 6
1492 492 6
1694 694 6
2059 1059 5
2086 1086 5
2087 1087 6
2230 1230 7
2345 1345 6
2628 1628 5
2861 1861 6
3137 2137 5
3157 2157 6
3510 2510 5
3754 2754 6
4026 3026 6
4265 3265 6
4515 3515 5
4957 3957 6
5525 4525 5
5797 4797 6
5805 4805 6
5953 4953 5
6256 5256 7
6536 5536 7
7129 6129 7
7424 6424 6
7656 6656 7
7906 6906 6
7961 6961 6
8031 7031 6
8413 7413 5
8701 7701 7
8757 7757 6
8955 7955 6
8969 7969 7
9009 8009 7
9143 8143 5
9143 8143 6
9386 8386 5
9388 8388 5
9399 8399 6
9785 8785 5
9846 8846 6
10185 9185 5
10360 9360 6
10432 9432 5
10678 9678 7
10882 9882 5
1403 403 5
1571 571 6
1722 722 7
2558 1558 6
2709 1709 6
2736 1736 6
3225 2225 5
3320 2320 5
3714 2714 5
4053 3053 6
4131 3131 6
4148 3148 5
4248 3248 6
4521 3521 6
5300 4300 6
5607 4607 7
5645 4645 6
5667 4667 5
5938 4938 6
5955 4955 6
5962 4962 6
6068 5068 5
6220 5220 6
6714 5714 7
7014 6014 5
7342 6342 5
7546 6546 5
7556 6556 7
7568 6568 6
7711 6711 6
7855 6855 6
7891 6891 5
8025 7025 6
8085 7085 6
8226 7226 6
8358 7358 6
8559 7559 7
8647 7647 6
8746 7746 5
8845 7845 6
8876 7876 5
8958 7958 5
9368 8368 6
9633 8633 5
9746 8746 6
9891 8891 5
10178 9178 6
10562 9562 5
10715 9715 6
10847 9847 6
1471 471 6
1581 581 7
1760 760 6
1960 960 5
2136 1136 6
2344 1344 5
2347 1347 5
2799 1799 5
3320 2320 5
3634 2634 6
3849 2849 5
3885 2885 6
3935 2935 6
3979 2979 5
4055 3055 7
4064 3064 7
4311 3311 7
4668 3668 5
4988 3988 5
5585 4585 6
5623 4623 5
5645 4645 6
5713 4713 5
5917 4917 5
6312 5312 5
7118 6118 6
7127 6127 6
7329 6329 5
7370 6370 6
7456 6456 7
7526 6526 5
7857 6857 5
7860 6860 6
7932 6932 6
7955 6955 5
7969 6969 6
8370 7370 7
8381 7381 5
8961 7961 6
9110 8110 5
9172 8172 6
9729 8729 5
9777 8777 6
9924 8924 5
10053 9053 5
10463 9463 6
10537 9537 5
10649 9649 6
10717 9717 6
10788 9788 6
1163 163 6
1276 276 6
1590 590 5
1701 701 6
1831 831 6
1950 950 5
2148 1148 5
2203 1203 6
2376 1376 6
2841 1841 5
2851 1851 6
3255 2255 5
3430 2430 5
3698 2698 6
3912 2912 7
3916 2916 5
3988 2988 6
4263 3263 6
4970 3970 5
5077 4077 6
5105 4105 6
5119 4119 5
5161 4161 5
5250 4250 5
5385 4385 5
5475 4475 7
5485 4485 5
5496 4496 6
5686 4686 6
5939 4939 6
6517 5517 7
6868 5868 5
6875 5875 6
7111 6111 6
7246 6246 6
7582 6582 6
7919 6919 6
8058 7058 5
8286 7286 6
8477 7477 5
8527 7527 6
8585 7585 7
8734 7734 6
8831 7831 5
8983 7983 5
10282 9282 5
10409 9409 6
10618 9618 6
10816 9816 5
10931 9931 6
1551 551 5
2147 1147 6
2232 1232 6
2568 1568 5
2952 1952 5
3194 2194 6
3303 2303 5
3396 2396 5
3421 2421 5
3740 2740 6
3884 2884 6
3942 2942 5
4153 3153 6
4344 3344 6
4602 3602 6
4708 3708 5
5000 4000 5
5317 4317 6
5327 4327 5
5539 4539 6
5700 4700 6
6001 5001 7
6278 5278 6
6656 5656 6
6822 5822 6
7136 6136 5
7337 6337 5
7534 6534 6
7610 6610 5
7947 6947 6
8113 7113 6
8153 7153 5
9256 8256 6
9337 8337 6
9366 8366 6
9385 8385 5
9487 8487 6
9551 8551 6
9552 8552 6
9837 8837 6
9914 8914 5
9919 8919 6
10107 9107 6
10334 9334 6
10339 9339 6
10448 9448 7
10538 9538 5
10551 9551 7
10833 9833 5
10957 9957 6
1082 82 6
1292 292 5
1353 353 5
1829 829 5
1899 899 5
2027 1027 6
2227 1227 5
2236 1236 6
2322 1322 6
2434 1434 6
2580 1580 5
2872 1872 5
2885 1885 6
3598 2598 6
3801 2801 6
3813 2813 6
3887 2887 6
3956 2956 6
3997 2997 6
4108 3108 6
4694 3694 7
4809 3809 6
5253 4253 6
5317 4317 6
5484 4484 6
5705 4705 7
5739 4739 5
6098 5098 5
6373 5373 6
6443 5443 5
6671 5671 5
6689 5689 6
6797 5797 7
7188 6188 5
7200 6200 6
7315 6315 7
8460 7460 6
8615 7615 5
8691 7691 6
8804 7804 6
8923 7923 6
9018 8018 5
9080 8080 5
9141 8141 6
9154 8154 5
9179 8179 6
9454 8454 5
9721 8721 6
10738 9738 7
10860 9860 5
1045 45 5
1333 333 7
1338 338 6
1376 376 6
1482 482 7
1974 974 6
2473 1473 7
2600 1600 6
2709 1709 5
2768 1768 5
2957 1957 6
2971 1971 5
3111 2111 6
3125 2125 6
3247 2247 5
3524 2524 5
3709 2709 6
3889 2889 5
3955 2955 6
4326 3326 5
4786 3786 7
5049 4049 6
5248 4248 6
5323 4323 6
5757 4757 6
5976 4976 6
6044 5044 6
6193 5193 5
6307 5307 5
6527 5527 7
6590 5590 5
6617 5617 6
6776 5776 6
6868 5868 5
7018 6018 5
7319 6319 6
7632 6632 6
7764 6764 5
7832 6832 7
7867 6867 5
8262 7262 5
8282 7282 6
8719 7719 6
8895 7895 5
9094 8094 5
9403 8403 5
9756 8756 5
10526 9526 6
10697 9697 6
10974 9974 6
1207 207 5
1364 364 6
1534 534 5
1832 832 6
2053 1053 5
2198 1198 5
2612 1612 6
2861 1861 6
2880 1880 6
2899 1899 6
3416 2416 6
3465 2465 5
3615 2615 5
3940 2940 6
4093 3093 6
4466 3466 5
4504 3504 5
4582 3582 7
4665 3665 7
5041 4041 6
5043 4043 6
5257 4257 5
5572 4572 6
5770 4770 5
6231 5231 5
6378 5378 6
6532 5532 7
6558 5558 6
6575 5575 6
6638 5638 5
6717 5717 6
6926 5926 6
7169 6169 6
7190 6190 6
7415 6415 6
7434 6434 5
8080 7080 6
8202 7202 7
8534 7534 6
8993 7993 5
9196 8196 6
9287 8287 5
9312 8312 6
9330 8330 6
9358 8358 6
9518 8518 6
10073 9073 6
10133 9133 6
10469 9469 7
10900 9900 6
1079 79 6
1316 316 5
1421 421 6
1611 611 5
2076 1076 6
2249 1249 6
2267 1267 6
2358 1358 5
2502 1502 5
2697 1697 7
2795 1795 5
2888 1888 5
3099 2099 6
3138 2138 7
3176 2176 6
3396 2396 6
3545 2545 5
3713 2713 6
4197 3197 6
4230 3230 6
4276 3276 5
4397 3397 5
4463 3463 5
4477 3477 6
4555 3555 5
4862 3862 6
5162 4162 5
5179 4179 6
5505 4505 5
5558 4558 5
5933 4933 6
6566 5566 6
6611 5611 7
6876 5876 6
7011 6011 5
7664 6664 6
8017 7017 5
8209 7209 5
8578 7578 6
9095 8095 7
9573 8573 6
9577 8577 5
9808 8808 6
9911 8911 6
9975 8975 5
10061 9061 7
10179 9179 6
10191 9191 6
10421 9421 7
10801 9801 6
1771 771 6
2032 1032 5
2683 1683 6
2778 1778 6
2882 1882 5
2905 1905 6
3503 2503 6
3649 2649 7
3833 2833 6
3943 2943 6
3954 2954 7
4054 3054 5
4316 3316 6
4338 3338 6
4342 3342 6
4556 3556 5
4585 3585 6
4923 3923 7
4980 3980 6
5343 4343 6
5362 4362 7
5435 4435 6
5892 4892 5
6811 5811 6
6880 5880 5
6919 5919 6
6985 5985 6
7211 6211 7
7352 6352 6
7472 6472 5
7490 6490 6
7613 6613 6
7703 6703 7
7908 6908 6
8324 7324 5
8384 7384 5
8483 7483 6
8563 7563 6
8763 7763 5
8763 7763 7
9032 8032 6
9174 8174 6
9221 8221 5
9345 8345 6
9689 8689 6
9806 8806 5
10363 9363 6
10638 9638 7
10887 9887 5
10995 9995 5
1293 293 5
1834 834 6
1917 917 6
2322 1322 5
2724 1724 7
2777 1777 6
2833 1833 6
2901 1901 5
3220 2220 7
3440 2440 5
3511 2511 6
3877 2877 5
3906 2906 5
3930 2930 6
4429 3429 6
4547 3547 6
4885 3885 6
5610 4610 6
5652 4652 5
5867 4867 5
5981 4981 6
6192 5192 7
6268 5268 6
6697 5697 6
6884 5884 7
6970 5970 5
7155 6155 6
7190 6190 5
7662 6662 7
8376 7376 6
8425 7425 6
8630 7630 7
8956 7956 6
9054 8054 5
9220 8220 6
9248 8248 6
9496 8496 6
9533 8533 6
9540 8540 5
9554 8554 6
9650 8650 6
9787 8787 5
9806 8806 6
9858 8858 6
10526 9526 6
10686 9686 6
10700 9700 5
10763 9763 6
10920 9920 5
10972 9972 6
1051 51 6
1179 179 6
1642 642 7
1777 777 5
1992 992 6
2069 1069 5
2318 1318 5
2320 1320 7
2376 1376 5
3023 2023 6
3178 2178 6
3386 2386 5
3498 2498 5
3500 2500 5
3883 2883 6
4245 3245 5
4334 3334 6
4411 3411 6
4415 3415 5
4468 3468 6
4480 3480 5
4507 3507 6
4815 3815 5
4950 3950 6
4961 3961 5
5258 4258 6
5444 4444 6
5871 4871 7
5919 4919 6
6455 5455 5
6468 5468 5
6566 5566 5
7369 6369 6
7484 6484 6
7874 6874 6
8451 7451 5
8698 7698 5
8765 7765 6
8847 7847 6
9173 8173 5
9361 8361 5
9536 8536 6
9536 8536 7
9728 8728 7
10216 9216 5
10333 9333 5
10586 9586 5
10813 9813 5
10915 9915 5
10988 9988 5
1799 799 6
1923 923 5
2152 1152 5
2175 1175 7
2181 1181 5
2189 1189 5
2279 1279 5
2328 1328 5
2583 1583 6
2617 1617 5
2669 1669 7
3009 2009 5
3017 2017 6
3220 2220 6
3950 2950 6
4088 3088 5
4323 3323 5
4563 3563 6
5237 4237 6
5608 4608 6
6326 5326 6
6566 5566 5
6596 5596 7
6739 5739 5
7400 6400 6
7415 6415 6
7536 6536 6
7700 6700 6
7718 6718 6
7728 6728 5
7946 6946 6
8218 7218 6
8446 7446 5
8529 7529 6
8593 7593 6
8687 7687 6
8714 7714 6
8992 7992 5
9156 8156 6
9187 8187 6
9256 8256 5
9309 8309 6
9763 8763 6
9786 8786 6
10112 9112 7
10178 9178 5
10276 9276 6
10389 9389 6
10532 9532 7
10911 9911 5
1006 6 6
1017 17 6
1315 315 5
1399 399 6
1417 417 7
1601 601 6
1689 689 7
1700 700 6
1785 785 6
2047 1047 6
2267 1267 6
2843 1843 5
2860 1860 5
2884 1884 7
3094 2094 5
3463 2463 5
3727 2727 5
4415 3415 6
5001 4001 5
5340 4340 5
5380 4380 6
5566 4566 5
6017 5017 5
6223 5223 5
6450 5450 5
6549 5549 6
6618 5618 5
6634 5634 6
6662 5662 5
6782 5782 5
6938 5938 6
7072 6072 6
7184 6184 5
7241 6241 5
7706 6706 6
7894 6894 6
7989 6989 6
8029 7029 5
8121 7121 5
8174 7174 7
8607 7607 5
8918 7918 5
9214 8214 5
9530 8530 5
9606 8606 6
9666 8666 6
9862 8862 6
9947 8947 5
10875 9875 6
10918 9918 5
1038 38 6
1194 194 6
1422 422 6
1436 436 5
1476 476 6
1650 650 6
1717 717 7
2189 1189 6
2241 1241 5
2628 1628 6
2644 1644 6
2923 1923 6
3223 2223 5
3305 2305 6
3474 2474 6
3540 2540 5
3596 2596 5
4035 3035 5
4093 3093 6
4594 3594 7
4861 3861 5
5145 4145 7
5329 4329 5
5511 4511 6
5628 4628 5
5787 4787 6
6291 5291 5
6479 5479 6
6482 5482 7
6618 5618 6
6787 5787 6
6932 5932 5
6959 5959 5
7187 6187 6
7361 6361 6
7435 6435 6
7730 6730 7
7767 6767 5
8014 7014 7
8212 7212 6
8514 7514 6
9351 8351 5
9413 8413 6
9455 8455 6
9684 8684 7
9787 8787 5
9901 8901 6
9902 8902 5
10282 9282 6
10923 9923 6
1302 302 7
1649 649 6
1961 961 5
2078 1078 5
2081 1081 5
2252 1252 6
2272 1272 5
2580 1580 5
2798 1798 7
2849 1849 5
2948 1948 6
3009 2009 7
3083 2083 6
3288 2288 6
3294 2294 5
3605 2605 5
3724 2724 5
4480 3480 5
4723 3723 6
4900 3900 6
4956 3956 6
5234 4234 6
5593 4593 6
5736 4736 5
5814 4814 5
6009 5009 6
6167 5167 6
6186 5186 5
6196 5196 6
6320 5320 5
6843 5843 6
6947 5947 6
7591 6591 6
7691 6691 7
7756 6756 5
7867 6867 6
7899 6899 5
8458 7458 7
8740 7740 5
8921 7921 6
9137 8137 6
9444 8444 6
9468 8468 6
9492 8492 6
9539 8539 6
9599 8599 5
9725 8725 6
10017 9017 5
10183 9183 6
10364 9364 5
1557 557 6
1807 807 7
1908 908 5
2043 1043 6
2057 1057 5
2996 1996 7
3110 2110 6
3280 2280 6
3288 2288 6
3638 2638 5
3802 2802 6
3831 2831 5
4063 3063 5
4094 3094 5
4104 3104 6
4109 3109 6
4211 3211 5
4314 3314 5
4503 3503 5
4513 3513 5
4750 3750 5
4830 3830 5
4882 3882 5
5078 4078 6
5478 4478 6
5769 4769 6
6001 5001 5
6240 5240 5
6439 5439 5
6940 5940 5
7000 6000 6
7591 6591 5
7593 6593 5
7668 6668 6
7724 6724 5
8189 7189 7
8339 7339 7
8584 7584 5
8903 7903 5
9243 8243 5
9587 8587 5
10115 9115 5
10152 9152 6
10224 9224 6
10253 9253 6
10333 9333 6
10467 9467 7
10826 9826 5
10927 9927 6
10957 9957 7
1004 4 6
1043 43 5
1135 135 6
1837 837 6
1986 986 6
2145 1145 6
2389 1389 5
2396 1396 7
2792 1792 6
2803 1803 5
2839 1839 6
3268 2268 5
3420 2420 6
3520 2520 6
3592 2592 6
3765 2765 6
4022 3022 5
4475 3475 6
4637 3637 5
4701 3701 6
4748 3748 5
5425 4425 6
5553 4553 6
5565 4565 5
5571 4571 5
5624 4624 6
5787 4787 6
6069 5069 6
6391 5391 5
6480 5480 5
6632 5632 6
7043 6043 7
7093 6093 5
7186 6186 5
7211 6211 7
7380 6380 5
7420 6420 5
7457 6457 5
7594 6594 5
7867 6867 7
7930 6930 6
8347 7347 6
8417 7417 5
9149 8149 5
9365 8365 5
9509 8509 7
9603 8603 5
10389 9389 6
10627 9627 5
10813 9813 5
