1000 100 250564
10 121 246
10 73 171
10 62 229
10 136 193
10 69 234
10 66 159
10 72 153
10 69 167
10 149 233
10 131 219
10 132 214
10 125 155
10 117 219
10 98 199
10 52 240
10 66 157
10 144 245
10 150 249
10 145 176
10 148 154
10 61 162
10 105 173
10 89 212
10 113 247
10 87 214
10 104 160
10 58 193
10 123 161
10 102 177
10 122 222
10 113 240
10 146 164
10 60 231
10 69 221
10 140 180
10 59 210
10 88 247
10 113 185
10 123 207
10 82 160
10 62 169
10 128 204
10 87 182
10 50 240
10 139 154
10 147 171
10 110 234
10 106 242
10 113 174
10 57 210
10 121 194
10 72 244
10 77 250
10 124 243
10 120 192
10 108 240
10 83 236
10 87 202
10 107 153
10 98 165
10 128 224
10 75 249
10 141 199
10 147 163
10 51 184
10 105 192
10 93 201
10 131 230
10 83 183
10 93 210
10 106 216
10 117 154
10 125 175
10 130 163
10 80 173
10 112 219
10 99 228
10 73 176
10 130 219
10 70 166
10 78 211
10 91 154
10 76 182
10 63 162
10 133 200
10 137 207
10 81 152
10 52 165
10 131 221
10 127 222
10 108 202
10 81 233
10 140 241
10 99 186
10 72 201
10 113 198
10 109 224
10 86 228
10 81 245
10 79 150
225 125 30
336 236 28
618 518 33
623 523 28
747 647 26
796 696 30
809 709 26
833 733 27
878 778 34
1008 908 33
171 71 33
237 137 32
240 140 28
407 307 28
456 356 30
459 359 24
538 438 30
541 441 24
614 514 29
1044 944 24
412 312 30
455 355 33
537 437 28
571 471 25
734 634 29
735 635 31
742 642 27
952 852 27
984 884 33
1047 947 27
109 9 26
145 45 32
168 68 30
299 199 33
305 205 28
400 300 33
478 378 29
643 543 34
851 751 26
1094 994 29
360 260 31
428 328 32
572 472 32
741 641 26
755 655 26
921 821 33
944 844 30
989 889 33
1003 903 30
1099 999 28
119 19 27
123 23 26
258 158 28
346 246 26
426 326 34
770 670 32
970 870 26
981 881 30
1010 910 24
1073 973 28
107 7 26
412 312 25
470 370 27
574 474 25
971 871 30
998 898 28
1027 927 33
1065 965 29
1078 978 27
1086 986 34
115 15 34
136 36 28
234 134 28
284 184 28
412 312 27
415 315 33
473 373 34
760 660 26
881 781 29
1063 963 27
282 182 31
292 192 30
309 209 33
323 223 26
653 553 31
681 581 24
770 670 28
831 731 32
953 853 28
1093 993 33
114 14 26
124 24 29
231 131 29
346 246 27
450 350 25
640 540 31
699 599 25
870 770 31
936 836 30
982 882 26
181 81 26
214 114 25
298 198 30
423 323 29
658 558 34
774 674 29
828 728 24
926 826 29
939 839 27
1100 1000 26
210 110 29
211 111 34
402 302 27
462 362 32
626 526 30
690 590 33
842 742 33
981 881 28
999 899 34
1047 947 30
137 37 33
273 173 25
302 202 32
306 206 25
404 304 31
512 412 28
601 501 25
828 728 33
1012 912 25
1019 919 28
122 22 33
156 56 25
276 176 29
350 250 30
379 279 34
461 361 29
583 483 34
590 490 25
755 655 30
783 683 33
167 67 27
206 106 32
208 108 28
285 185 28
468 368 30
486 386 30
554 454 28
561 461 28
745 645 31
976 876 33
120 20 28
174 74 29
251 151 28
285 185 32
323 223 34
476 376 27
674 574 33
800 700 32
991 891 24
1016 916 31
139 39 29
244 144 32
616 516 32
771 671 27
870 770 32
924 824 28
947 847 25
971 871 30
1035 935 25
1061 961 31
148 48 34
442 342 29
659 559 29
668 568 25
721 621 28
723 623 32
890 790 24
949 849 30
1022 922 27
1063 963 27
147 47 31
201 101 34
313 213 27
458 358 34
548 448 28
770 670 24
881 781 26
884 784 28
978 878 32
1097 997 32
155 55 28
188 88 26
201 101 33
303 203 31
358 258 31
383 283 30
663 563 30
924 824 30
1058 958 32
1089 989 28
174 74 26
183 83 30
374 274 34
647 547 26
669 569 32
765 665 32
988 888 26
1028 928 26
1035 935 30
1042 942 34
105 5 34
283 183 33
507 407 25
583 483 28
619 519 33
637 537 32
791 691 29
906 806 34
1007 907 30
1032 932 25
200 100 32
209 109 31
221 121 25
273 173 28
673 573 30
787 687 31
821 721 32
854 754 29
870 770 32
872 772 26
306 206 25
344 244 24
576 476 31
606 506 29
725 625 25
789 689 32
804 704 25
1058 958 32
1059 959 28
1072 972 25
119 19 31
204 104 31
235 135 31
429 329 26
458 358 31
575 475 24
602 502 28
613 513 34
626 526 31
903 803 31
170 70 28
244 144 33
314 214 30
661 561 30
784 684 30
792 692 27
871 771 24
980 880 34
1004 904 33
1005 905 32
127 27 24
293 193 26
560 460 30
567 467 34
639 539 32
814 714 24
828 728 33
892 792 27
929 829 29
996 896 33
153 53 34
340 240 26
412 312 32
494 394 32
662 562 30
688 588 28
711 611 34
857 757 28
901 801 28
911 811 28
153 53 32
182 82 28
206 106 29
214 114 34
217 117 26
226 126 27
451 351 25
480 380 28
484 384 30
708 608 29
252 152 26
348 248 31
439 339 32
451 351 28
621 521 34
847 747 26
908 808 26
954 854 28
1028 928 28
1059 959 30
282 182 25
364 264 29
386 286 27
439 339 25
497 397 26
526 426 27
574 474 32
753 653 32
814 714 30
1006 906 24
237 137 27
353 253 28
430 330 29
455 355 26
459 359 29
599 499 33
715 615 31
920 820 32
1035 935 28
1080 980 25
228 128 27
321 221 32
405 305 29
578 478 25
815 715 25
821 721 31
863 763 25
973 873 32
978 878 34
1011 911 29
128 28 28
373 273 29
413 313 32
492 392 33
719 619 32
797 697 28
928 828 27
928 828 33
955 855 32
1091 991 28
105 5 27
234 134 26
287 187 30
356 256 26
449 349 31
495 395 31
722 622 34
785 685 24
917 817 30
932 832 33
130 30 32
138 38 31
168 68 28
464 364 30
580 480 25
671 571 34
706 606 24
838 738 29
931 831 26
1013 913 31
189 89 33
264 164 25
390 290 27
604 504 33
729 629 34
770 670 31
813 713 26
889 789 29
983 883 26
1004 904 30
121 21 27
203 103 32
218 118 29
535 435 34
547 447 32
720 620 32
768 668 31
798 698 26
853 753 34
890 790 25
160 60 28
259 159 27
317 217 34
583 483 29
599 499 33
623 523 26
835 735 27
869 769 27
899 799 33
906 806 33
114 14 28
159 59 30
229 129 31
278 178 28
603 503 33
623 523 26
673 573 29
702 602 31
896 796 31
1024 924 26
361 261 32
382 282 28
404 304 32
504 404 30
797 697 25
856 756 33
932 832 34
1034 934 32
1046 946 24
1078 978 27
212 112 32
325 225 29
344 244 25
466 366 30
576 476 26
673 573 25
879 779 26
881 781 27
1012 912 33
1056 956 28
219 119 28
241 141 25
280 180 27
451 351 25
704 604 25
711 611 28
801 701 29
881 781 31
928 828 28
1033 933 29
153 53 34
194 94 30
307 207 25
402 302 31
601 501 34
626 526 25
698 598 27
913 813 27
1033 933 30
1051 951 31
167 67 34
185 85 33
233 133 34
288 188 25
344 244 27
421 321 27
441 341 30
573 473 33
880 780 29
1031 931 30
220 120 34
236 136 25
266 166 26
291 191 34
426 326 30
511 411 27
766 666 34
934 834 34
936 836 32
1082 982 27
104 4 34
113 13 27
197 97 29
454 354 24
506 406 24
558 458 33
603 503 32
886 786 31
990 890 30
1027 927 28
270 170 32
518 418 32
544 444 28
625 525 29
635 535 30
725 625 29
765 665 25
905 805 26
995 895 30
1024 924 29
256 156 33
315 215 30
341 241 32
358 258 30
536 436 31
715 615 27
731 631 27
812 712 25
1022 922 30
1031 931 26
215 115 33
311 211 30
328 228 28
349 249 30
371 271 27
640 540 27
677 577 34
775 675 32
891 791 28
920 820 33
113 13 34
270 170 28
275 175 34
329 229 32
474 374 34
599 499 27
838 738 28
855 755 32
955 855 26
1100 1000 31
254 154 26
347 247 25
544 444 24
572 472 25
583 483 33
660 560 27
716 616 32
792 692 27
796 696 30
946 846 29
276 176 28
338 238 30
360 260 29
611 511 25
612 512 26
935 835 33
981 881 25
1005 905 28
1036 936 27
1036 936 27
286 186 33
408 308 24
596 496 29
646 546 33
914 814 32
951 851 34
1017 917 25
1077 977 32
1080 980 31
1092 992 25
108 8 32
117 17 32
145 45 27
210 110 32
500 400 24
720 620 26
721 621 30
930 830 33
977 877 29
1048 948 33
173 73 28
206 106 28
318 218 33
633 533 25
751 651 32
793 693 31
889 789 34
906 806 25
919 819 24
1028 928 27
147 47 30
244 144 32
375 275 28
383 283 34
418 318 31
432 332 34
563 463 24
743 643 34
878 778 30
956 856 25
116 16 34
147 47 26
193 93 31
233 133 34
369 269 28
583 483 29
612 512 27
954 854 30
993 893 27
1005 905 33
153 53 34
224 124 31
363 263 30
404 304 26
445 345 34
478 378 32
486 386 31
500 400 30
600 500 25
940 840 25
171 71 34
304 204 28
318 218 25
478 378 32
578 478 31
680 580 25
865 765 33
918 818 34
924 824 28
957 857 28
119 19 30
213 113 32
225 125 25
313 213 32
429 329 26
553 453 25
579 479 26
688 588 32
897 797 30
948 848 30
111 11 31
138 38 29
167 67 24
397 297 32
572 472 30
643 543 31
650 550 31
669 569 34
861 761 28
871 771 26
115 15 30
306 206 25
455 355 34
653 553 25
658 558 33
742 642 28
782 682 30
801 701 25
851 751 26
992 892 30
142 42 27
185 85 30
304 204 28
397 297 30
407 307 27
425 325 32
457 357 29
758 658 32
810 710 30
861 761 34
104 4 32
171 71 26
311 211 30
415 315 26
597 497 31
658 558 29
743 643 30
849 749 25
888 788 24
952 852 30
110 10 27
481 381 25
569 469 28
605 505 29
623 523 28
684 584 26
688 588 29
781 681 32
893 793 26
1075 975 29
166 66 34
223 123 25
304 204 28
378 278 30
426 326 26
602 502 32
777 677 26
828 728 25
866 766 27
956 856 28
107 7 27
114 14 30
452 352 32
472 372 32
498 398 25
512 412 29
592 492 24
802 702 25
813 713 30
878 778 29
168 68 33
341 241 34
348 248 31
359 259 25
456 356 29
595 495 25
922 822 32
985 885 25
997 897 29
1015 915 31
229 129 33
279 179 29
391 291 26
453 353 26
519 419 33
638 538 33
718 618 26
954 854 32
1055 955 34
1092 992 31
402 302 29
442 342 32
521 421 24
596 496 32
603 503 30
748 648 28
780 680 28
810 710 34
837 737 28
983 883 32
240 140 25
260 160 32
284 184 28
388 288 27
443 343 32
558 458 25
731 631 27
942 842 33
955 855 28
1092 992 26
178 78 29
215 115 26
221 121 31
341 241 28
411 311 29
441 341 26
511 411 29
632 532 25
635 535 25
787 687 26
107 7 27
118 18 31
241 141 32
541 441 31
601 501 26
853 753 27
869 769 34
873 773 27
968 868 27
979 879 34
289 189 30
304 204 28
425 325 25
479 379 25
603 503 28
635 535 33
721 621 25
743 643 27
823 723 29
1056 956 26
296 196 32
320 220 25
367 267 27
375 275 32
403 303 29
441 341 27
578 478 27
656 556 34
1050 950 28
1065 965 26
189 89 30
323 223 34
373 273 30
765 665 30
869 769 25
938 838 25
945 845 29
963 863 25
980 880 29
1027 927 34
130 30 33
253 153 32
266 166 32
282 182 29
297 197 24
414 314 31
423 323 33
494 394 32
891 791 34
1038 938 24
345 245 26
351 251 25
426 326 27
467 367 29
653 553 28
671 571 31
675 575 31
688 588 25
867 767 27
1061 961 34
114 14 34
204 104 26
249 149 26
309 209 26
401 301 27
521 421 32
863 763 24
895 795 29
907 807 32
959 859 27
123 23 34
129 29 34
270 170 34
340 240 30
525 425 32
732 632 25
807 707 29
885 785 30
982 882 25
1095 995 28
125 25 25
133 33 27
312 212 30
328 228 27
371 271 24
393 293 28
434 334 28
590 490 32
853 753 25
1031 931 30
373 273 24
388 288 28
486 386 29
509 409 27
540 440 33
804 704 30
920 820 31
927 827 34
973 873 34
978 878 27
252 152 32
313 213 33
391 291 31
468 368 33
499 399 26
687 587 27
720 620 30
827 727 30
845 745 25
982 882 29
156 56 34
230 130 26
231 131 32
264 164 24
283 183 29
380 280 28
615 515 25
705 605 33
1041 941 26
1091 991 30
105 5 34
112 12 31
466 366 25
480 380 28
545 445 27
592 492 25
632 532 26
690 590 29
736 636 31
821 721 25
135 35 32
148 48 32
255 155 25
540 440 33
661 561 33
791 691 33
814 714 31
946 846 29
1046 946 28
1071 971 30
156 56 29
163 63 31
289 189 30
312 212 33
421 321 30
508 408 32
531 431 32
575 475 32
682 582 32
918 818 28
110 10 26
436 336 30
717 617 34
743 643 33
750 650 33
864 764 32
867 767 27
906 806 29
945 845 30
1065 965 34
139 39 30
276 176 32
322 222 33
494 394 31
542 442 27
759 659 24
782 682 29
848 748 32
981 881 29
1047 947 34
179 79 25
320 220 30
353 253 30
360 260 32
389 289 27
510 410 26
556 456 28
606 506 24
713 613 25
723 623 31
173 73 33
197 97 30
386 286 28
549 449 25
549 449 29
594 494 27
711 611 29
895 795 25
916 816 34
1049 949 33
206 106 30
304 204 34
351 251 25
428 328 33
528 428 25
531 431 24
654 554 25
772 672 27
869 769 25
953 853 26
101 1 30
279 179 29
427 327 24
733 633 31
810 710 25
942 842 29
988 888 29
1013 913 30
1021 921 27
1031 931 31
283 183 25
317 217 33
421 321 25
438 338 29
445 345 31
520 420 27
572 472 27
664 564 32
665 565 24
1049 949 32
235 135 33
358 258 28
497 397 25
599 499 29
670 570 31
739 639 25
806 706 27
903 803 25
1037 937 32
1069 969 30
153 53 34
336 236 31
420 320 33
438 338 27
594 494 30
646 546 34
710 610 29
900 800 30
970 870 25
985 885 29
120 20 31
167 67 33
287 187 26
429 329 25
466 366 27
810 710 28
859 759 30
874 774 26
987 887 27
1004 904 31
181 81 29
197 97 30
266 166 26
363 263 32
400 300 26
734 634 28
740 640 25
885 785 28
1044 944 30
1055 955 34
103 3 29
214 114 25
549 449 32
720 620 25
798 698 30
839 739 27
897 797 31
918 818 26
950 850 31
954 854 32
