1000 20 230452
50 102 213
50 69 195
50 146 194
50 125 187
50 121 173
50 94 180
50 79 162
50 99 220
50 52 216
50 131 157
50 132 225
50 78 154
50 93 165
50 71 247
50 125 183
50 97 170
50 117 204
50 114 192
50 110 242
50 115 151
121 21 5
146 46 5
148 48 6
179 79 5
240 140 5
250 150 6
251 151 5
260 160 5
264 164 7
278 178 7
329 229 6
340 240 5
360 260 6
394 294 6
417 317 5
424 324 6
451 351 7
459 359 7
485 385 6
543 443 6
544 444 6
580 480 5
595 495 6
619 519 6
632 532 7
671 571 7
702 602 7
741 641 6
747 647 5
752 652 6
762 662 6
765 665 5
774 674 5
791 691 5
812 712 7
814 714 6
837 737 6
837 737 6
864 764 7
865 765 5
895 795 6
909 809 5
912 812 6
946 846 6
956 856 5
976 876 5
1009 909 5
1009 909 7
1029 929 5
1046 946 7
110 10 5
129 29 6
214 114 5
215 115 6
235 135 6
240 140 7
260 160 7
296 196 7
339 239 6
342 242 5
346 246 5
372 272 6
416 316 6
428 328 7
429 329 6
430 330 5
463 363 5
481 381 6
485 385 6
515 415 5
520 420 6
524 424 7
543 443 7
548 448 6
553 453 6
556 456 5
556 456 7
583 483 7
605 505 6
608 508 7
619 519 6
629 529 5
629 529 7
655 555 6
658 558 5
700 600 6
712 612 6
713 613 6
727 627 7
733 633 6
740 640 6
769 669 6
772 672 7
806 706 5
843 743 6
850 750 6
869 769 6
872 772 6
875 775 5
906 806 6
112 12 5
127 27 7
158 58 5
178 78 5
218 118 7
226 126 6
233 133 5
233 133 7
284 184 6
300 200 6
312 212 7
350 250 5
375 275 7
384 284 6
415 315 6
470 370 6
480 380 5
481 381 7
516 416 5
516 416 7
557 457 6
560 460 7
570 470 6
591 491 7
609 509 7
610 510 7
612 512 6
633 533 7
654 554 5
660 560 6
662 562 6
674 574 5
705 605 6
727 627 5
747 647 7
751 651 6
784 684 7
801 701 6
822 722 7
832 732 6
848 748 6
853 753 6
898 798 7
935 835 5
954 854 5
962 862 7
966 866 5
977 877 6
1052 952 7
1098 998 6
108 8 7
117 17 7
130 30 6
139 39 6
160 60 5
178 78 5
213 113 7
234 134 5
273 173 5
297 197 6
324 224 5
348 248 7
377 277 7
391 291 6
398 298 6
399 299 6
414 314 5
419 319 5
468 368 5
476 376 6
483 383 5
485 385 5
491 391 7
493 393 5
526 426 7
598 498 6
610 510 7
673 573 6
679 579 6
693 593 5
717 617 6
731 631 7
736 636 6
738 638 6
770 670 6
777 677 6
786 686 6
797 697 6
803 703 5
804 704 6
817 717 6
825 725 7
918 818 5
947 847 7
968 868 6
992 892 7
1026 926 5
1047 947 5
1057 957 5
1062 962 5
103 3 7
110 10 6
144 44 7
177 77 6
178 78 7
197 97 6
208 108 5
369 269 5
373 273 6
385 285 7
399 299 5
413 313 5
417 317 6
424 324 7
428 328 7
440 340 6
443 343 5
464 364 6
474 374 6
500 400 6
507 407 6
533 433 5
547 447 6
547 447 7
567 467 6
571 471 6
582 482 5
620 520 7
630 530 6
636 536 5
643 543 6
645 545 7
661 561 6
674 574 6
679 579 7
701 601 5
756 656 5
758 658 5
806 706 5
840 740 7
854 754 7
919 819 6
954 854 5
967 867 5
987 887 5
988 888 5
995 895 6
1007 907 6
1012 912 6
1056 956 7
117 17 5
194 94 7
210 110 7
233 133 6
236 136 6
305 205 6
329 229 6
329 229 6
336 236 6
347 247 5
350 250 6
364 264 7
366 266 5
384 284 6
422 322 6
423 323 7
433 333 7
458 358 6
489 389 6
522 422 5
527 427 6
534 434 5
566 466 6
595 495 6
636 536 6
640 540 7
648 548 5
675 575 6
690 590 6
703 603 6
718 618 6
732 632 6
742 642 6
745 645 6
775 675 7
848 748 6
853 753 6
876 776 7
894 794 5
919 819 6
931 831 6
936 836 6
1000 900 5
1004 904 5
1008 908 5
1036 936 6
1038 938 6
1052 952 6
1058 958 7
1091 991 7
129 29 5
174 74 6
184 84 6
208 108 6
216 116 6
223 123 6
228 128 7
232 132 5
232 132 5
243 143 6
250 150 6
277 177 6
327 227 5
354 254 6
359 259 6
366 266 6
419 319 6
444 344 5
450 350 6
470 370 6
587 487 7
591 491 6
594 494 7
627 527 5
631 531 6
657 557 6
671 571 6
688 588 7
704 604 6
706 606 6
714 614 7
744 644 6
751 651 6
795 695 6
810 710 7
839 739 5
840 740 6
841 741 5
862 762 7
862 762 7
871 771 6
878 778 5
879 779 6
931 831 5
931 831 7
952 852 5
962 862 7
1061 961 7
1066 966 6
1077 977 7
101 1 6
106 6 7
111 11 7
118 18 5
136 36 5
170 70 5
238 138 7
259 159 7
287 187 5
295 195 7
327 227 7
329 229 6
362 262 6
365 265 6
407 307 6
423 323 7
444 344 5
447 347 7
458 358 5
489 389 7
497 397 7
501 401 5
512 412 6
516 416 7
567 467 6
575 475 5
576 476 5
581 481 5
623 523 6
642 542 5
645 545 6
668 568 5
672 572 6
675 575 6
693 593 6
700 600 6
704 604 5
729 629 6
733 633 5
755 655 7
796 696 6
867 767 6
877 777 5
883 783 6
890 790 6
895 795 6
908 808 6
928 828 6
959 859 6
992 892 5
105 5 6
117 17 6
208 108 6
223 123 6
241 141 5
243 143 6
270 170 6
277 177 5
291 191 7
297 197 6
298 198 5
318 218 6
327 227 7
352 252 6
395 295 5
398 298 5
425 325 7
433 333 6
456 356 7
465 365 5
475 375 6
486 386 7
498 398 5
517 417 7
526 426 6
543 443 6
592 492 7
609 509 6
611 511 7
614 514 5
614 514 6
637 537 6
691 591 6
749 649 6
807 707 5
860 760 7
873 773 7
881 781 7
883 783 7
890 790 6
971 871 6
973 873 6
976 876 5
1004 904 6
1015 915 7
1045 945 7
1048 948 6
1049 949 6
1067 967 6
1088 988 7
117 17 5
124 24 6
125 25 7
133 33 6
155 55 5
183 83 7
216 116 5
217 117 5
244 144 5
280 180 5
288 188 7
301 201 5
313 213 6
319 219 5
320 220 6
328 228 6
363 263 7
375 275 5
394 294 5
412 312 7
458 358 7
459 359 5
472 372 7
496 396 5
500 400 7
524 424 6
545 445 6
569 469 6
576 476 6
595 495 7
609 509 7
613 513 6
616 516 5
624 524 6
651 551 6
715 615 7
732 632 6
782 682 5
808 708 5
818 718 6
819 719 6
819 719 7
884 784 5
920 820 6
991 891 6
996 896 7
1023 923 6
1049 949 5
1068 968 5
1083 983 5
102 2 6
111 11 6
124 24 6
164 64 7
175 75 5
215 115 7
216 116 7
228 128 7
247 147 5
321 221 7
325 225 5
349 249 5
350 250 6
353 253 5
366 266 7
391 291 5
402 302 5
403 303 6
409 309 6
416 316 5
424 324 7
437 337 6
453 353 7
475 375 5
530 430 6
540 440 5
595 495 6
634 534 6
639 539 6
655 555 6
667 567 6
696 596 5
720 620 7
733 633 5
768 668 5
777 677 5
793 693 6
820 720 5
821 721 5
903 803 7
908 808 7
946 846 5
971 871 6
975 875 7
982 882 7
1076 976 6
1078 978 6
1079 979 7
1081 981 5
1097 997 7
104 4 6
125 25 6
136 36 6
140 40 5
141 41 5
146 46 6
161 61 6
213 113 6
231 131 7
243 143 5
270 170 6
295 195 5
300 200 7
321 221 6
327 227 7
395 295 5
430 330 7
439 339 5
476 376 5
476 376 6
499 399 7
520 420 7
578 478 7
582 482 7
585 485 6
610 510 7
651 551 7
658 558 6
674 574 7
677 577 5
691 591 6
743 643 6
761 661 7
766 666 5
774 674 5
827 727 7
840 740 6
847 747 6
850 750 5
855 755 6
877 777 7
900 800 7
901 801 5
950 850 6
969 869 7
1015 915 5
1018 918 5
1018 918 6
1056 956 7
1070 970 6
166 66 7
174 74 5
212 112 5
235 135 6
236 136 5
328 228 5
342 242 6
347 247 6
458 358 5
458 358 6
479 379 7
509 409 7
522 422 6
566 466 5
623 523 5
632 532 6
649 549 7
662 562 7
671 571 6
685 585 7
686 586 5
694 594 5
718 618 6
739 639 7
751 651 7
778 678 6
802 702 7
834 734 7
842 742 6
842 742 7
850 750 5
872 772 6
897 797 6
911 811 7
921 821 6
935 835 5
935 835 6
985 885 6
988 888 6
997 897 6
997 897 6
1007 907 7
1010 910 7
1044 944 7
1055 955 6
1059 959 6
1080 980 7
1082 982 6
1090 990 7
1099 999 5
103 3 5
105 5 7
124 24 5
143 43 7
153 53 7
180 80 5
193 93 7
208 108 5
210 110 6
226 126 5
248 148 6
256 156 7
257 157 6
261 161 7
375 275 6
382 282 7
406 306 6
416 316 7
429 329 5
481 381 6
504 404 6
521 421 5
532 432 6
539 439 6
557 457 6
585 485 6
637 537 5
643 543 7
674 574 5
692 592 6
695 595 5
711 611 5
743 643 6
749 649 6
809 709 5
841 741 5
849 749 7
850 750 5
857 757 5
910 810 6
924 824 6
947 847 6
955 855 5
962 862 5
988 888 6
996 896 5
1009 909 7
1047 947 6
1066 966 7
1082 982 5
104 4 6
106 6 6
167 67 5
201 101 7
231 131 6
243 143 6
243 143 7
294 194 6
315 215 5
344 244 6
349 249 6
370 270 5
372 272 6
378 278 5
379 279 6
384 284 6
398 298 7
417 317 7
419 319 5
421 321 6
450 350 6
471 371 6
473 373 5
494 394 5
522 422 5
555 455 5
556 456 5
585 485 6
594 494 6
608 508 6
611 511 7
676 576 5
688 588 6
734 634 6
741 641 7
750 650 6
760 660 7
795 695 6
815 715 7
822 722 6
835 735 6
843 743 5
856 756 6
927 827 7
957 857 6
975 875 5
990 890 7
1016 916 5
1070 970 7
1074 974 7
119 19 6
129 29 5
133 33 7
155 55 6
156 56 6
186 86 7
240 140 5
250 150 6
267 167 7
269 169 7
328 228 5
328 228 7
356 256 7
383 283 7
391 291 5
427 327 6
437 337 6
447 347 7
458 358 7
480 380 6
496 396 7
519 419 6
573 473 6
583 483 7
589 489 6
590 490 6
598 498 7
604 504 6
617 517 5
640 540 7
687 587 6
699 599 5
714 614 6
757 657 5
777 677 7
834 734 5
855 755 7
886 786 5
887 787 7
904 804 7
910 810 5
918 818 6
957 857 5
957 857 5
960 860 7
1001 901 7
1017 917 5
1021 921 5
1056 956 7
1074 974 7
204 104 5
204 104 6
208 108 6
210 110 6
227 127 6
269 169 6
293 193 6
319 219 6
331 231 7
350 250 6
355 255 5
366 266 6
369 269 6
387 287 6
400 300 6
442 342 5
531 431 7
551 451 6
642 542 6
655 555 6
658 558 6
690 590 6
695 595 7
702 602 7
719 619 6
749 649 6
754 654 7
782 682 5
830 730 6
839 739 5
866 766 6
871 771 6
882 782 5
885 785 5
898 798 6
918 818 6
930 830 5
932 832 5
932 832 7
937 837 6
976 876 6
981 881 5
990 890 5
993 893 6
1052 952 6
1076 976 6
1082 982 7
1087 987 5
1087 987 6
1100 1000 6
105 5 6
139 39 6
151 51 6
162 62 6
172 72 6
178 78 6
184 84 7
203 103 5
215 115 7
217 117 6
220 120 6
236 136 5
240 140 5
246 146 5
253 153 5
253 153 6
300 200 6
313 213 7
322 222 6
349 249 5
357 257 5
363 263 6
376 276 5
398 298 5
416 316 5
462 362 7
471 371 6
492 392 5
507 407 6
511 411 6
519 419 6
522 422 7
572 472 5
586 486 5
604 504 6
639 539 5
657 557 6
686 586 5
729 629 7
738 638 6
758 658 5
785 685 6
870 770 7
934 834 7
950 850 5
953 853 6
1004 904 6
1037 937 6
1046 946 7
1060 960 5
133 33 5
185 85 6
211 111 7
223 123 6
257 157 5
322 222 5
333 233 6
354 254 7
381 281 7
382 282 6
391 291 6
398 298 6
415 315 6
426 326 6
457 357 7
469 369 5
483 383 6
488 388 6
529 429 6
545 445 6
555 455 6
594 494 5
596 496 6
607 507 6
673 573 5
687 587 6
714 614 5
715 615 7
725 625 5
784 684 5
809 709 6
818 718 6
834 734 7
836 736 6
846 746 7
850 750 6
851 751 6
860 760 6
906 806 6
919 819 6
977 877 6
977 877 7
992 892 5
1006 906 6
1009 909 5
1040 940 7
1054 954 7
1067 967 7
1079 979 7
1085 985 6
118 18 7
128 28 7
157 57 6
178 78 5
264 164 7
267 167 7
267 167 7
269 169 5
297 197 6
360 260 7
362 262 7
371 271 7
383 283 5
400 300 7
425 325 6
438 338 7
442 342 6
473 373 5
474 374 5
512 412 6
517 417 6
537 437 5
583 483 6
586 486 7
593 493 5
606 506 6
611 511 6
663 563 6
671 571 7
672 572 6
697 597 7
700 600 7
738 638 6
764 664 6
774 674 6
779 679 7
805 705 6
876 776 7
939 839 7
957 857 7
974 874 7
986 886 7
1004 904 7
1009 909 7
1016 916 7
1028 928 6
1043 943 7
1067 967 7
1071 971 5
1085 985 5
