2000 100 4791417
20 140 212
20 94 151
20 72 236
20 126 240
20 90 152
20 107 166
20 64 165
20 58 176
20 103 171
20 108 179
20 146 182
20 86 224
20 98 216
20 93 232
20 50 207
20 121 154
20 52 226
20 65 179
20 101 209
20 134 236
20 107 168
20 116 204
20 141 151
20 67 210
20 139 205
20 125 159
20 104 242
20 124 225
20 119 164
20 60 157
20 100 232
20 69 186
20 54 204
20 81 186
20 74 243
20 146 190
20 89 182
20 50 167
20 109 174
20 124 217
20 136 219
20 73 165
20 104 214
20 148 181
20 141 238
20 135 177
20 140 201
20 104 189
20 73 157
20 72 213
20 53 184
20 70 230
20 127 157
20 130 186
20 125 221
20 137 205
20 139 229
20 91 239
20 85 162
20 70 239
20 50 177
20 65 158
20 74 212
20 117 160
20 88 225
20 105 228
20 110 175
20 60 225
20 132 187
20 102 229
20 99 244
20 143 234
20 109 221
20 148 178
20 54 207
20 144 218
20 113 184
20 138 195
20 109 200
20 106 209
20 97 206
20 106 168
20 84 182
20 128 168
20 146 186
20 111 179
20 81 195
20 132 182
20 135 214
20 89 220
20 84 211
20 134 214
20 113 157
20 108 245
20 107 227
20 128 179
20 92 248
20 112 214
20 50 157
20 83 187
2758 1758 16
3433 2433 13
3633 2633 17
3784 2784 17
4096 3096 15
4443 3443 16
4804 3804 17
5509 4509 16
5577 4577 16
5677 4677 17
5983 4983 14
6156 5156 17
6223 5223 17
6428 5428 18
7413 6413 16
8181 7181 18
9093 8093 16
9531 8531 15
10056 9056 17
10182 9182 13
1499 499 14
1813 813 17
1932 932 13
2028 1028 13
3796 2796 18
3925 2925 17
5287 4287 13
5379 4379 18
6327 5327 17
6884 5884 14
7628 6628 18
7646 6646 16
7738 6738 15
8384 7384 15
8766 7766 14
9137 8137 15
9283 8283 18
9515 8515 16
10026 9026 15
10082 9082 16
1040 40 16
1243 243 15
2170 1170 13
2551 1551 17
2602 1602 17
2663 1663 15
2950 1950 14
2963 1963 14
3853 2853 17
4655 3655 17
4977 3977 13
8207 7207 17
9126 8126 14
9308 8308 13
9309 8309 16
9772 8772 14
10063 9063 17
10775 9775 14
10799 9799 17
10823 9823 16
2516 1516 15
2733 1733 16
3447 2447 14
5116 4116 17
6113 5113 13
6883 5883 15
7464 6464 18
7705 6705 15
8060 7060 13
8084 7084 18
8474 7474 14
9659 8659 15
9863 8863 15
9866 8866 15
10146 9146 17
10175 9175 15
10339 9339 13
10553 9553 17
10942 9942 15
10968 9968 15
1718 718 16
2539 1539 17
3275 2275 15
3776 2776 16
4008 3008 17
4434 3434 13
5109 4109 14
5790 4790 15
5801 4801 17
6545 5545 15
6739 5739 14
7145 6145 14
8286 7286 14
8452 7452 13
8537 7537 17
8973 7973 17
9185 8185 13
9333 8333 15
9593 8593 16
10955 9955 17
1109 109 16
1551 551 13
1556 556 14
1688 688 16
2378 1378 18
3929 2929 13
5418 4418 13
5905 4905 17
6222 5222 16
6445 5445 13
6589 5589 14
6801 5801 18
6971 5971 14
7148 6148 15
7651 6651 13
7822 6822 17
8327 7327 15
9022 8022 15
9775 8775 14
10583 9583 15
1820 820 16
2682 1682 16
3134 2134 17
3489 2489 16
3589 2589 14
4075 3075 17
4646 3646 14
4757 3757 15
5449 4449 13
5814 4814 18
6630 5630 13
7021 6021 15
7242 6242 15
7839 6839 14
8780 7780 14
9642 8642 18
10009 9009 17
10123 9123 14
10603 9603 13
10756 9756 13
1209 209 14
1992 992 17
3644 2644 15
4031 3031 15
4638 3638 16
4738 3738 18
4874 3874 16
5674 4674 16
6034 5034 13
6091 5091 18
6274 5274 14
6315 5315 13
6774 5774 16
7197 6197 14
7875 6875 14
8419 7419 15
8905 7905 16
9330 8330 13
9713 8713 15
10199 9199 13
1166 166 14
1404 404 17
1861 861 17
2249 1249 14
4535 3535 13
4704 3704 17
4948 3948 15
5451 4451 17
6377 5377 17
6392 5392 16
6475 5475 16
6774 5774 14
7533 6533 13
7642 6642 15
7670 6670 13
8172 7172 15
8278 7278 17
8479 7479 15
8616 7616 15
10789 9789 13
1968 968 17
4629 3629 14
4658 3658 13
4962 3962 17
5058 4058 14
5106 4106 14
5336 4336 13
6432 5432 17
6565 5565 16
6630 5630 16
6684 5684 14
7187 6187 15
7357 6357 15
7450 6450 18
7476 6476 13
7718 6718 14
8031 7031 17
8593 7593 16
8927 7927 14
9735 8735 14
1246 246 16
1993 993 15
2430 1430 17
3272 2272 15
3491 2491 14
3787 2787 17
4289 3289 13
4585 3585 14
5379 4379 16
5514 4514 17
6209 5209 18
6473 5473 17
6870 5870 17
7269 6269 16
7978 6978 17
8381 7381 14
9043 8043 15
9286 8286 14
9570 8570 15
10199 9199 14
1744 744 14
1908 908 17
2093 1093 17
2312 1312 16
2619 1619 17
4931 3931 16
5049 4049 17
5454 4454 16
6524 5524 14
7047 6047 17
8283 7283 14
8296 7296 17
8500 7500 14
9091 8091 17
9404 8404 16
9411 8411 16
9919 8919 14
10074 9074 14
10777 9777 14
10813 9813 17
1262 262 18
1772 772 16
3194 2194 14
3678 2678 16
4595 3595 13
5092 4092 16
5225 4225 16
5401 4401 14
5867 4867 17
5868 4868 14
6314 5314 18
6507 5507 16
6545 5545 18
7043 6043 15
7751 6751 15
9133 8133 14
10314 9314 13
10656 9656 17
10851 9851 15
10857 9857 13
1012 12 17
1053 53 15
1409 409 14
1943 943 14
2752 1752 15
3008 2008 15
3643 2643 15
4725 3725 17
6545 5545 13
7160 6160 16
7279 6279 17
8063 7063 14
8841 7841 17
9351 8351 16
9362 8362 14
9597 8597 13
9758 8758 13
9946 8946 14
10265 9265 13
10925 9925 16
1701 701 15
2186 1186 17
3690 2690 17
4809 3809 15
4965 3965 17
5308 4308 13
5983 4983 13
6750 5750 13
6767 5767 17
6953 5953 16
7133 6133 15
7218 6218 15
7305 6305 14
7689 6689 16
8514 7514 14
8758 7758 18
10077 9077 17
10591 9591 17
10737 9737 14
10959 9959 16
1745 745 14
1759 759 16
2267 1267 16
2578 1578 15
2685 1685 13
2816 1816 18
3179 2179 13
3517 2517 17
3868 2868 17
4900 3900 18
5417 4417 13
6161 5161 16
6770 5770 14
6909 5909 14
6980 5980 17
8096 7096 13
8532 7532 17
9285 8285 16
9783 8783 18
10476 9476 13
1155 155 17
1443 443 18
1657 657 14
2796 1796 14
2879 1879 16
3877 2877 15
4814 3814 16
5828 4828 17
5884 4884 14
6330 5330 14
6477 5477 17
6902 5902 15
7138 6138 18
7337 6337 15
8080 7080 16
8587 7587 14
9739 8739 15
10707 9707 16
10734 9734 16
10867 9867 17
3168 2168 17
4172 3172 13
4243 3243 13
4682 3682 14
4791 3791 13
5223 4223 17
5328 4328 13
5770 4770 15
5843 4843 15
6855 5855 14
6917 5917 13
7610 6610 15
7901 6901 16
8193 7193 13
8242 7242 16
8758 7758 18
9256 8256 18
9702 8702 15
10024 9024 15
10434 9434 16
1227 227 15
1319 319 17
1577 577 17
1842 842 16
1912 912 15
1933 933 17
2125 1125 16
2866 1866 16
4129 3129 14
5310 4310 14
5683 4683 13
6697 5697 14
6967 5967 15
7365 6365 18
8037 7037 14
8147 7147 14
8331 7331 14
8383 7383 18
9124 8124 15
10709 9709 17
1210 210 15
2074 1074 16
2423 1423 17
2585 1585 15
4788 3788 18
4994 3994 13
5583 4583 15
6014 5014 15
6181 5181 16
7392 6392 14
7766 6766 18
7858 6858 13
8050 7050 14
8165 7165 14
8619 7619 16
8712 7712 14
8933 7933 15
9843 8843 16
10049 9049 15
10125 9125 17
1060 60 15
2757 1757 17
2848 1848 17
3210 2210 17
3447 2447 16
4025 3025 14
5147 4147 16
6223 5223 14
7073 6073 18
7372 6372 13
7460 6460 16
7849 6849 16
7995 6995 13
8464 7464 14
9053 8053 14
9277 8277 17
9926 8926 17
9987 8987 15
10194 9194 17
10629 9629 15
1810 810 14
2283 1283 14
2797 1797 13
2981 1981 14
3131 2131 18
4475 3475 15
5399 4399 17
5762 4762 14
6210 5210 13
7133 6133 13
7676 6676 13
7985 6985 15
8114 7114 14
8155 7155 16
8244 7244 13
8358 7358 15
8386 7386 15
8585 7585 17
8754 7754 17
10061 9061 16
1109 109 14
1925 925 13
1961 961 18
2907 1907 16
3221 2221 16
4437 3437 17
4482 3482 13
4806 3806 14
4922 3922 13
5088 4088 13
5139 4139 13
5419 4419 17
6167 5167 16
6713 5713 13
6939 5939 15
6985 5985 17
8232 7232 14
9783 8783 13
9931 8931 14
10158 9158 15
1517 517 14
2863 1863 17
2869 1869 17
3036 2036 16
3876 2876 14
3981 2981 17
4174 3174 16
4567 3567 16
4975 3975 14
5000 4000 14
5257 4257 13
5274 4274 16
7678 6678 14
7855 6855 16
8211 7211 17
8270 7270 15
8973 7973 14
10336 9336 16
10415 9415 17
10627 9627 17
1150 150 15
1390 390 16
2343 1343 14
2360 1360 14
2618 1618 13
3841 2841 17
4126 3126 14
4133 3133 14
4218 3218 15
4861 3861 16
5468 4468 15
6845 5845 15
8332 7332 14
8983 7983 17
9361 8361 14
9920 8920 17
10434 9434 14
10539 9539 13
10790 9790 14
10928 9928 16
1544 544 13
2071 1071 18
2457 1457 15
2464 1464 14
3257 2257 16
3707 2707 14
5057 4057 17
5794 4794 17
5876 4876 18
6491 5491 15
7364 6364 15
7763 6763 13
8382 7382 17
8595 7595 13
9042 8042 17
9103 8103 18
9310 8310 13
10067 9067 17
10171 9171 13
10677 9677 15
2459 1459 15
2855 1855 17
2876 1876 16
2989 1989 14
3275 2275 15
3461 2461 15
3523 2523 15
4114 3114 15
4236 3236 16
4377 3377 17
5018 4018 13
5156 4156 15
5571 4571 15
7719 6719 15
8032 7032 16
8246 7246 15
8649 7649 16
9034 8034 14
9367 8367 13
9940 8940 15
1210 210 13
1445 445 14
1747 747 14
2110 1110 17
2461 1461 14
2821 1821 16
3125 2125 15
3178 2178 14
3811 2811 17
4393 3393 13
4551 3551 17
5838 4838 15
5971 4971 15
6009 5009 18
6801 5801 15
7048 6048 14
7351 6351 14
8967 7967 18
10019 9019 16
10324 9324 16
1221 221 17
1245 245 17
1318 318 13
1342 342 16
1558 558 16
2861 1861 14
3892 2892 17
3915 2915 17
4784 3784 15
4864 3864 16
5071 4071 14
5078 4078 14
5206 4206 13
5379 4379 13
5929 4929 16
7521 6521 15
8257 7257 13
8741 7741 14
9759 8759 14
9936 8936 17
1575 575 13
1875 875 14
2040 1040 16
2721 1721 13
4226 3226 16
4771 3771 14
4856 3856 14
4896 3896 13
5119 4119 13
5303 4303 13
6133 5133 14
6559 5559 13
7606 6606 14
7704 6704 17
8854 7854 13
9392 8392 17
10306 9306 18
10643 9643 17
10811 9811 18
10950 9950 17
1024 24 14
2324 1324 18
3274 2274 16
3643 2643 14
3654 2654 17
3765 2765 18
5199 4199 13
5641 4641 14
5671 4671 16
5737 4737 16
5847 4847 16
5940 4940 14
6230 5230 16
6291 5291 14
7633 6633 16
7706 6706 13
8706 7706 17
8864 7864 14
9063 8063 13
10853 9853 13
1045 45 16
1501 501 13
1830 830 14
4247 3247 15
4343 3343 18
4989 3989 16
5195 4195 15
6008 5008 14
6545 5545 15
7368 6368 17
8048 7048 15
8609 7609 13
8660 7660 13
9030 8030 16
10149 9149 18
10179 9179 16
10377 9377 16
10434 9434 17
10495 9495 15
10865 9865 16
1261 261 18
1755 755 15
2140 1140 17
3225 2225 16
5258 4258 13
5549 4549 15
5571 4571 15
5903 4903 13
6812 5812 17
6888 5888 15
7792 6792 13
7936 6936 18
8208 7208 13
8704 7704 14
8806 7806 17
9835 8835 13
10013 9013 13
10313 9313 13
10474 9474 18
10592 9592 13
1942 942 13
1979 979 15
2381 1381 17
2661 1661 15
2991 1991 16
3088 2088 13
3896 2896 15
5114 4114 14
5319 4319 17
6119 5119 16
6148 5148 17
6262 5262 17
7562 6562 17
7688 6688 18
9306 8306 18
10053 9053 17
10255 9255 17
10767 9767 17
10931 9931 15
10998 9998 15
1536 536 13
1794 794 16
2722 1722 15
3239 2239 14
3698 2698 14
3884 2884 17
4032 3032 17
4540 3540 14
4685 3685 18
4776 3776 14
5161 4161 17
5387 4387 16
5536 4536 16
7249 6249 13
8567 7567 15
9677 8677 14
9918 8918 15
10434 9434 13
10570 9570 14
10736 9736 17
1372 372 16
1448 448 17
1637 637 16
1821 821 15
2801 1801 15
3047 2047 17
4258 3258 16
4368 3368 14
4756 3756 15
4980 3980 17
5596 4596 17
6158 5158 13
7375 6375 14
8027 7027 15
8515 7515 16
9310 8310 13
9550 8550 17
10087 9087 15
10942 9942 14
10962 9962 15
1072 72 14
2153 1153 13
2363 1363 14
2906 1906 17
3313 2313 17
3867 2867 13
5503 4503 13
5506 4506 13
6764 5764 15
7754 6754 14
7792 6792 13
8880 7880 17
9116 8116 17
9221 8221 17
9287 8287 13
9378 8378 15
10460 9460 16
10525 9525 14
10834 9834 17
10838 9838 18
1936 936 16
2935 1935 13
3200 2200 13
3211 2211 17
3277 2277 13
3847 2847 15
3972 2972 16
4710 3710 18
6325 5325 18
6429 5429 14
6579 5579 17
6916 5916 17
6994 5994 16
7563 6563 15
7816 6816 16
9005 8005 14
9058 8058 17
9273 8273 14
10575 9575 17
10603 9603 14
1299 299 15
2472 1472 13
2989 1989 17
3151 2151 17
4136 3136 13
4187 3187 13
4652 3652 14
5688 4688 14
6560 5560 17
7070 6070 15
7204 6204 13
7251 6251 14
7477 6477 16
8108 7108 15
8777 7777 13
9036 8036 14
10399 9399 17
10676 9676 15
10856 9856 18
10991 9991 15
1717 717 13
3435 2435 15
3554 2554 13
5159 4159 13
5606 4606 17
5979 4979 13
6194 5194 16
6472 5472 14
6756 5756 15
7277 6277 17
7867 6867 15
7946 6946 13
7991 6991 16
8058 7058 15
8066 7066 14
8804 7804 15
8987 7987 14
9404 8404 14
10359 9359 15
10384 9384 14
1962 962 16
2006 1006 13
2251 1251 16
3794 2794 14
4639 3639 13
4990 3990 16
4996 3996 16
5673 4673 14
5677 4677 16
5824 4824 13
6463 5463 14
6894 5894 16
7155 6155 15
7508 6508 16
7588 6588 15
8807 7807 17
9420 8420 14
10073 9073 15
10421 9421 14
10520 9520 15
1471 471 15
1765 765 18
1965 965 15
2002 1002 14
3339 2339 17
3377 2377 18
3875 2875 17
4235 3235 17
5053 4053 16
5282 4282 14
5472 4472 16
5775 4775 13
6557 5557 15
7024 6024 13
7320 6320 13
7472 6472 15
8379 7379 15
8877 7877 17
9736 8736 14
10206 9206 14
1332 332 16
1657 657 16
2161 1161 17
2442 1442 15
2576 1576 17
2958 1958 14
3174 2174 13
3737 2737 13
3949 2949 13
4327 3327 16
5008 4008 17
5658 4658 17
5705 4705 18
6187 5187 14
7091 6091 14
7224 6224 14
8300 7300 18
8441 7441 13
9174 8174 14
10283 9283 15
1045 45 15
3416 2416 15
3473 2473 15
3515 2515 13
3615 2615 17
3976 2976 16
4581 3581 17
4970 3970 14
5412 4412 16
6194 5194 15
6338 5338 14
6578 5578 17
7488 6488 13
7555 6555 16
7700 6700 18
7814 6814 16
8671 7671 16
9270 8270 14
9967 8967 13
10213 9213 13
1067 67 14
1076 76 17
1296 296 14
1340 340 16
1451 451 15
1621 621 13
2522 1522 13
3228 2228 17
3276 2276 15
3918 2918 15
4937 3937 14
5019 4019 14
6263 5263 15
7627 6627 15
8454 7454 16
9277 8277 14
9318 8318 15
9816 8816 17
10152 9152 15
10948 9948 18
1063 63 15
1418 418 16
2098 1098 18
2226 1226 17
2588 1588 16
3528 2528 16
3551 2551 16
4759 3759 17
5891 4891 17
7236 6236 16
7439 6439 13
7546 6546 17
7658 6658 13
8302 7302 17
8306 7306 14
8688 7688 13
9123 8123 17
9569 8569 13
9823 8823 15
10864 9864 16
1168 168 15
1219 219 13
1741 741 13
2019 1019 14
3622 2622 16
3951 2951 13
4920 3920 14
5203 4203 16
5747 4747 18
5990 4990 15
7519 6519 17
7640 6640 14
7665 6665 18
8514 7514 17
8947 7947 13
9112 8112 15
9243 8243 14
10039 9039 16
10516 9516 14
10811 9811 15
1266 266 15
1730 730 14
2055 1055 18
2815 1815 13
3563 2563 15
3658 2658 17
3717 2717 18
5000 4000 13
5714 4714 13
5904 4904 13
5925 4925 17
6956 5956 16
6981 5981 17
7672 6672 15
7851 6851 15
8099 7099 17
8858 7858 15
9400 8400 17
10005 9005 15
10844 9844 16
1085 85 16
1294 294 14
1349 349 16
2309 1309 18
2385 1385 17
2846 1846 14
2869 1869 17
3762 2762 15
3985 2985 13
5468 4468 15
5471 4471 16
5711 4711 17
6650 5650 16
7266 6266 17
7281 6281 16
7670 6670 17
7939 6939 17
8340 7340 17
8740 7740 17
10412 9412 14
1319 319 13
1493 493 17
2162 1162 18
2347 1347 15
2518 1518 18
2526 1526 14
3082 2082 13
3644 2644 14
4165 3165 17
4265 3265 13
4304 3304 18
4427 3427 13
6395 5395 18
6436 5436 13
6834 5834 16
6963 5963 15
7378 6378 16
8039 7039 17
8746 7746 15
10301 9301 13
1081 81 15
1226 226 17
1780 780 16
3445 2445 14
3557 2557 17
3577 2577 13
4391 3391 17
4716 3716 16
6236 5236 17
7160 6160 16
7826 6826 14
8632 7632 13
8691 7691 13
9092 8092 15
9457 8457 17
9639 8639 17
9970 8970 15
10231 9231 18
10733 9733 15
10924 9924 13
1552 552 13
1560 560 15
1737 737 13
2697 1697 16
2755 1755 17
3194 2194 16
3882 2882 16
4544 3544 17
5183 4183 14
5995 4995 14
6931 5931 16
7002 6002 17
7076 6076 17
8202 7202 17
9138 8138 17
10018 9018 16
10095 9095 18
10122 9122 17
10428 9428 17
10541 9541 15
2764 1764 15
2831 1831 16
2839 1839 15
3183 2183 16
3618 2618 14
4163 3163 15
4830 3830 13
4888 3888 16
5285 4285 15
5292 4292 13
5795 4795 17
5898 4898 16
6879 5879 17
7043 6043 14
7215 6215 14
7370 6370 18
8126 7126 14
9033 8033 16
10201 9201 15
10991 9991 15
2065 1065 15
2376 1376 16
3109 2109 17
3229 2229 15
4240 3240 14
4484 3484 17
4542 3542 13
5692 4692 16
6047 5047 13
6671 5671 16
7070 6070 14
7697 6697 16
8221 7221 17
8255 7255 14
8687 7687 15
9531 8531 17
10057 9057 15
10361 9361 14
10490 9490 15
10874 9874 17
1310 310 14
2212 1212 17
2421 1421 16
2635 1635 14
3221 2221 16
4400 3400 15
4404 3404 14
4609 3609 13
4944 3944 14
5598 4598 17
6455 5455 17
7287 6287 17
7288 6288 13
7551 6551 14
7819 6819 13
8084 7084 13
8707 7707 15
9675 8675 13
10230 9230 13
10706 9706 15
1956 956 14
2481 1481 14
2509 1509 13
3265 2265 17
3470 2470 17
3630 2630 16
3894 2894 15
4512 3512 18
4832 3832 15
7228 6228 14
7553 6553 16
7847 6847 15
7944 6944 15
7963 6963 14
8562 7562 17
8758 7758 15
9647 8647 15
9736 8736 14
9863 8863 16
9865 8865 13
1476 476 13
2738 1738 13
3020 2020 16
3455 2455 16
3540 2540 18
3625 2625 15
5166 4166 14
5569 4569 16
8183 7183 16
8387 7387 18
8541 7541 15
8872 7872 16
9149 8149 16
9221 8221 14
9573 8573 17
9609 8609 15
9996 8996 13
10380 9380 14
10533 9533 14
10955 9955 17
1339 339 18
1661 661 13
1737 737 16
2359 1359 14
2715 1715 16
3527 2527 17
3891 2891 13
4072 3072 16
5628 4628 13
6018 5018 13
6021 5021 14
6425 5425 17
6537 5537 17
6648 5648 17
7249 6249 14
7669 6669 17
8589 7589 16
8912 7912 13
8922 7922 17
10465 9465 13
1369 369 13
2864 1864 13
3811 2811 13
4202 3202 17
4840 3840 16
5552 4552 15
6972 5972 13
7150 6150 15
7595 6595 16
7681 6681 14
7712 6712 17
7888 6888 16
8097 7097 14
8491 7491 16
8632 7632 15
9179 8179 18
9931 8931 17
10004 9004 13
10740 9740 15
10792 9792 13
1056 56 15
2581 1581 14
2998 1998 17
3109 2109 18
3344 2344 17
3910 2910 17
3955 2955 14
4593 3593 13
4670 3670 18
4747 3747 15
5487 4487 13
5656 4656 14
6739 5739 13
8312 7312 14
8755 7755 13
8911 7911 14
10233 9233 13
10379 9379 16
10475 9475 18
10893 9893 13
1126 126 14
1465 465 17
2382 1382 14
2426 1426 13
3259 2259 14
3844 2844 14
3844 2844 17
4589 3589 16
5938 4938 17
6698 5698 16
7061 6061 15
8411 7411 14
8779 7779 13
8810 7810 14
8882 7882 14
8925 7925 15
8950 7950 16
9357 8357 17
10648 9648 16
10825 9825 16
1189 189 13
1529 529 13
1740 740 16
1917 917 16
1938 938 18
2098 1098 17
2139 1139 13
2840 1840 13
3068 2068 17
3137 2137 14
3294 2294 13
5427 4427 14
5786 4786 18
6035 5035 14
7509 6509 18
8075 7075 18
8314 7314 16
9070 8070 16
9534 8534 15
10749 9749 16
1705 705 13
2857 1857 14
3006 2006 15
3562 2562 15
3594 2594 18
4245 3245 15
4551 3551 15
4578 3578 15
4656 3656 13
4745 3745 15
6385 5385 13
8153 7153 13
8195 7195 16
8476 7476 17
9128 8128 17
9268 8268 17
9312 8312 13
9320 8320 13
9328 8328 14
9707 8707 15
1615 615 17
2323 1323 14
2651 1651 18
3078 2078 17
3708 2708 16
4366 3366 14
4864 3864 13
5223 4223 15
6418 5418 17
6902 5902 13
6962 5962 15
7300 6300 17
7358 6358 16
7964 6964 15
8225 7225 13
8803 7803 13
8951 7951 13
9801 8801 16
10014 9014 13
10412 9412 13
1372 372 16
2032 1032 14
2445 1445 14
3058 2058 17
3423 2423 17
4073 3073 14
4301 3301 17
4538 3538 18
4789 3789 17
5190 4190 17
5584 4584 15
5931 4931 14
7474 6474 14
7657 6657 17
7964 6964 15
8124 7124 16
8825 7825 13
9166 8166 17
10471 9471 13
10782 9782 17
1316 316 16
1814 814 17
2042 1042 16
2651 1651 13
2700 1700 13
2949 1949 18
3187 2187 15
3561 2561 13
4010 3010 18
5209 4209 14
5491 4491 17
5894 4894 13
6054 5054 18
6137 5137 16
6654 5654 15
7188 6188 17
7283 6283 16
7950 6950 14
8840 7840 14
9583 8583 13
1267 267 15
2297 1297 13
2402 1402 13
3170 2170 16
3781 2781 17
4398 3398 15
4697 3697 14
5144 4144 15
7066 6066 17
7243 6243 16
7638 6638 16
8117 7117 14
8386 7386 14
9658 8658 13
9819 8819 17
10354 9354 14
10694 9694 14
10760 9760 16
10798 9798 15
10826 9826 13
1037 37 18
1185 185 16
1240 240 14
1482 482 14
2451 1451 14
2865 1865 14
3061 2061 13
3636 2636 16
5146 4146 14
5450 4450 15
5515 4515 15
5885 4885 16
6144 5144 17
6269 5269 13
6894 5894 16
7095 6095 17
7139 6139 15
9693 8693 18
10140 9140 13
10290 9290 16
1413 413 18
1523 523 18
1682 682 13
2100 1100 17
2686 1686 14
2950 1950 18
3049 2049 16
3885 2885 17
4399 3399 16
4478 3478 13
4589 3589 17
4828 3828 15
4979 3979 15
6627 5627 15
8581 7581 16
8648 7648 14
9206 8206 17
9572 8572 14
9635 8635 14
9757 8757 15
1531 531 18
1595 595 17
2716 1716 17
3628 2628 16
3814 2814 13
4039 3039 13
4396 3396 17
4636 3636 14
5284 4284 15
6000 5000 18
7171 6171 14
7418 6418 18
7539 6539 14
7693 6693 17
8243 7243 15
8539 7539 16
9532 8532 13
10288 9288 14
10810 9810 13
10968 9968 17
1484 484 16
1751 751 15
2131 1131 14
2398 1398 17
2822 1822 14
3111 2111 18
3499 2499 13
3885 2885 16
4886 3886 13
4954 3954 15
5467 4467 15
5852 4852 15
6251 5251 16
8205 7205 13
8270 7270 17
8594 7594 15
8646 7646 14
9036 8036 15
9192 8192 15
9626 8626 14
1768 768 16
1883 883 15
2311 1311 15
3303 2303 16
3456 2456 14
3517 2517 15
4025 3025 15
4739 3739 15
5655 4655 15
5759 4759 15
5801 4801 16
6355 5355 13
6398 5398 17
6714 5714 15
7002 6002 13
8303 7303 14
9059 8059 14
9181 8181 16
9182 8182 13
9437 8437 16
1434 434 16
1490 490 14
1952 952 13
2179 1179 15
2777 1777 16
3012 2012 15
3103 2103 17
3273 2273 15
3579 2579 13
4892 3892 16
4892 3892 17
5741 4741 14
6572 5572 17
6870 5870 15
7756 6756 13
7853 6853 13
8411 7411 14
9142 8142 17
9890 8890 15
10645 9645 17
1502 502 17
1651 651 17
1694 694 17
2841 1841 14
3361 2361 15
3768 2768 17
4424 3424 14
5319 4319 16
5734 4734 18
5802 4802 17
5973 4973 15
6518 5518 16
6802 5802 15
7428 6428 16
7973 6973 15
8609 7609 13
9099 8099 17
10315 9315 17
10772 9772 14
10808 9808 14
1071 71 17
2031 1031 15
2041 1041 18
3563 2563 15
3887 2887 17
4003 3003 13
4433 3433 16
4503 3503 14
5033 4033 14
5184 4184 18
5354 4354 15
5445 4445 15
6278 5278 16
7194 6194 14
7809 6809 15
7907 6907 17
8156 7156 14
8690 7690 16
9001 8001 13
10636 9636 13
1392 392 15
1517 517 15
1656 656 15
2020 1020 14
2288 1288 17
2761 1761 16
2929 1929 18
3365 2365 14
3481 2481 14
3592 2592 13
3654 2654 14
4581 3581 13
5094 4094 18
6661 5661 14
6748 5748 17
7814 6814 15
7862 6862 14
9273 8273 14
10402 9402 14
10518 9518 13
1026 26 15
1158 158 16
1322 322 16
1652 652 15
1851 851 15
2828 1828 17
2864 1864 15
3264 2264 13
3505 2505 18
3611 2611 13
3950 2950 16
4704 3704 16
5023 4023 17
5043 4043 16
6480 5480 17
6728 5728 16
7913 6913 15
8633 7633 14
9190 8190 13
10273 9273 16
1640 640 17
1941 941 13
2124 1124 17
2821 1821 14
3036 2036 13
3162 2162 15
3657 2657 16
4094 3094 16
4920 3920 13
5267 4267 14
5417 4417 16
6455 5455 17
6710 5710 14
6731 5731 14
7625 6625 16
8460 7460 17
8478 7478 14
9159 8159 17
9191 8191 13
9583 8583 15
1224 224 16
2221 1221 14
3363 2363 13
3665 2665 15
4068 3068 17
4115 3115 18
4209 3209 14
5156 4156 13
5157 4157 17
5622 4622 15
6092 5092 17
6385 5385 16
6496 5496 15
6991 5991 16
7429 6429 14
8293 7293 15
9403 8403 13
9455 8455 15
9704 8704 14
10582 9582 13
1288 288 17
1434 434 17
2851 1851 13
3052 2052 18
3383 2383 15
3649 2649 15
4123 3123 16
4257 3257 14
5106 4106 13
6390 5390 14
6818 5818 13
6834 5834 14
7075 6075 17
7264 6264 14
7383 6383 17
7488 6488 14
7865 6865 18
9463 8463 16
10168 9168 15
10455 9455 16
1748 748 17
2335 1335 13
2524 1524 17
2605 1605 14
2722 1722 16
3293 2293 17
4297 3297 17
4311 3311 17
6464 5464 17
7091 6091 18
7264 6264 13
7781 6781 14
7995 6995 17
8894 7894 13
9069 8069 15
9086 8086 14
9553 8553 17
9751 8751 14
9792 8792 13
10862 9862 15
1662 662 13
3305 2305 17
3315 2315 14
3440 2440 15
3596 2596 14
3987 2987 14
4318 3318 14
5119 4119 17
5509 4509 18
5692 4692 16
6500 5500 17
7546 6546 16
8547 7547 17
9375 8375 15
9467 8467 16
9496 8496 15
9504 8504 16
9766 8766 13
10030 9030 17
10267 9267 13
1162 162 14
1470 470 16
1705 705 16
1862 862 15
3901 2901 16
4461 3461 15
5845 4845 15
6144 5144 13
7219 6219 16
7454 6454 13
7719 6719 17
7841 6841 16
8193 7193 17
8540 7540 14
8700 7700 17
8819 7819 18
9185 8185 17
9189 8189 16
9537 8537 16
9905 8905 14
1416 416 15
1812 812 16
1973 973 16
1987 987 15
2065 1065 15
3214 2214 17
4328 3328 14
4386 3386 13
4444 3444 15
4465 3465 15
4912 3912 13
4994 3994 16
5803 4803 17
6107 5107 16
6146 5146 15
7484 6484 16
8681 7681 15
8812 7812 14
9050 8050 15
9074 8074 15
1054 54 16
1480 480 16
1918 918 17
2273 1273 15
2421 1421 17
2475 1475 17
3694 2694 13
3700 2700 14
5054 4054 13
5363 4363 14
6092 5092 14
6240 5240 14
6531 5531 17
6552 5552 17
6859 5859 16
7951 6951 16
9752 8752 16
9841 8841 13
9985 8985 15
10111 9111 17
1307 307 14
1842 842 15
2141 1141 18
2866 1866 18
3587 2587 14
4789 3789 18
4812 3812 15
4835 3835 16
5397 4397 14
6134 5134 16
6462 5462 17
6765 5765 14
7034 6034 13
7248 6248 15
8203 7203 15
8553 7553 14
9314 8314 17
9482 8482 16
10142 9142 14
10803 9803 18
1411 411 18
1889 889 15
1976 976 13
2134 1134 17
2846 1846 13
2906 1906 17
3561 2561 15
4610 3610 14
4775 3775 14
5581 4581 15
6030 5030 14
6181 5181 17
6383 5383 15
6693 5693 14
7786 6786 16
8749 7749 17
8959 7959 16
9678 8678 14
10228 9228 16
10414 9414 16
1403 403 17
1940 940 17
2624 1624 15
3052 2052 16
3264 2264 16
3814 2814 17
5136 4136 17
5214 4214 17
6230 5230 13
6596 5596 17
6603 5603 15
6627 5627 16
6710 5710 17
6757 5757 16
7232 6232 15
8812 7812 16
9238 8238 15
10407 9407 14
10414 9414 14
10704 9704 14
2020 1020 13
2040 1040 16
2130 1130 16
2253 1253 14
2528 1528 14
3139 2139 16
3410 2410 17
4030 3030 16
5427 4427 14
5910 4910 15
6025 5025 17
7706 6706 16
8721 7721 15
9074 8074 13
9578 8578 15
9615 8615 14
10021 9021 17
10082 9082 15
10206 9206 15
10977 9977 15
1680 680 13
1991 991 14
3385 2385 17
3463 2463 17
4005 3005 15
4148 3148 17
4978 3978 16
5470 4470 13
7142 6142 15
7864 6864 14
8237 7237 17
8839 7839 14
9338 8338 17
9693 8693 14
9821 8821 15
9836 8836 13
9872 8872 16
9887 8887 14
10277 9277 14
10778 9778 13
2673 1673 13
3052 2052 17
3606 2606 13
3762 2762 17
3849 2849 14
4301 3301 18
5207 4207 17
6721 5721 13
7185 6185 17
7400 6400 15
7792 6792 13
8039 7039 14
8106 7106 17
8375 7375 13
9129 8129 15
9550 8550 15
9640 8640 16
10046 9046 17
10278 9278 17
10612 9612 15
1329 329 17
1588 588 16
1914 914 14
2034 1034 17
2047 1047 14
3385 2385 17
4371 3371 16
4746 3746 17
5493 4493 14
6202 5202 13
6352 5352 15
6451 5451 14
6526 5526 15
7446 6446 16
8197 7197 16
8207 7207 16
9417 8417 18
9456 8456 18
9795 8795 16
9929 8929 13
1172 172 18
1417 417 15
2927 1927 17
3651 2651 16
3743 2743 18
3932 2932 18
4106 3106 16
5073 4073 14
6767 5767 13
6922 5922 14
6953 5953 16
7198 6198 17
7270 6270 13
7600 6600 18
8106 7106 17
8250 7250 15
8276 7276 16
9573 8573 15
10788 9788 14
10843 9843 13
1150 150 17
1705 705 14
1898 898 17
2487 1487 14
2584 1584 18
3660 2660 15
4080 3080 13
4131 3131 13
4431 3431 14
4642 3642 13
4668 3668 16
4718 3718 16
5510 4510 15
7115 6115 15
8373 7373 15
9655 8655 16
9789 8789 13
10584 9584 13
10964 9964 15
10998 9998 13
1641 641 13
2038 1038 13
2622 1622 13
2628 1628 14
3980 2980 13
4034 3034 17
4227 3227 17
4714 3714 16
4718 3718 14
6541 5541 13
6725 5725 15
7394 6394 14
7600 6600 16
8118 7118 13
8466 7466 16
8774 7774 13
9160 8160 14
9424 8424 17
9775 8775 15
9802 8802 15
1197 197 16
1342 342 16
1514 514 17
1886 886 14
2131 1131 18
2632 1632 17
3209 2209 14
3238 2238 15
3845 2845 13
3885 2885 15
5162 4162 16
5897 4897 15
6023 5023 17
7090 6090 14
7133 6133 14
7487 6487 16
7793 6793 13
8367 7367 17
9862 8862 16
9949 8949 17
1031 31 14
1913 913 14
2064 1064 16
2081 1081 16
2126 1126 15
2816 1816 18
3321 2321 15
4005 3005 13
4533 3533 16
4974 3974 13
5606 4606 15
6280 5280 17
6346 5346 16
6775 5775 15
6807 5807 15
8243 7243 16
8780 7780 18
9343 8343 15
10485 9485 15
10970 9970 17
1754 754 16
2891 1891 14
2963 1963 14
3055 2055 16
3581 2581 16
3985 2985 14
4933 3933 14
5360 4360 14
6013 5013 16
6556 5556 16
6589 5589 16
8234 7234 18
8681 7681 16
9505 8505 17
9894 8894 17
10047 9047 18
10226 9226 17
10525 9525 16
10557 9557 13
10879 9879 14
2884 1884 18
2973 1973 16
3483 2483 14
4276 3276 13
4810 3810 15
5122 4122 17
5202 4202 14
6458 5458 17
7367 6367 14
8409 7409 15
8489 7489 16
8803 7803 16
8890 7890 17
9100 8100 17
9407 8407 17
9518 8518 16
9706 8706 13
9953 8953 15
10223 9223 15
10446 9446 17
1061 61 15
1154 154 14
1995 995 15
2417 1417 17
2882 1882 13
3589 2589 14
4001 3001 15
4592 3592 14
4646 3646 18
5187 4187 13
5317 4317 14
6058 5058 16
6194 5194 17
6419 5419 13
7512 6512 13
7888 6888 16
9102 8102 13
9583 8583 16
10488 9488 17
10865 9865 17
