200 100 460193
2 135 155
2 139 176
2 79 239
2 109 248
2 112 249
2 61 248
2 100 196
2 131 213
2 95 169
2 141 172
2 117 245
2 65 175
2 87 171
2 103 155
2 91 183
2 120 171
2 67 241
2 118 184
2 104 226
2 107 196
2 144 158
2 53 213
2 147 196
2 57 214
2 52 163
2 145 196
2 67 200
2 133 203
2 146 172
2 115 247
2 81 238
2 93 171
2 88 227
2 98 211
2 86 200
2 115 150
2 112 166
2 86 180
2 112 175
2 87 189
2 127 197
2 92 163
2 79 200
2 97 171
2 69 249
2 93 153
2 107 220
2 102 206
2 100 164
2 148 190
2 101 153
2 132 197
2 95 151
2 84 234
2 108 234
2 114 198
2 109 219
2 63 163
2 116 236
2 133 189
2 145 239
2 91 216
2 103 157
2 143 192
2 142 237
2 61 215
2 145 213
2 142 236
2 74 235
2 119 249
2 102 151
2 127 199
2 62 175
2 73 185
2 103 218
2 55 204
2 95 245
2 128 211
2 124 241
2 124 163
2 136 241
2 67 162
2 77 185
2 76 202
2 131 184
2 149 163
2 86 209
2 100 172
2 83 237
2 102 161
2 85 204
2 81 181
2 101 207
2 142 226
2 121 212
2 109 190
2 72 243
2 119 206
2 61 237
2 90 204
2741 1741 155
3776 2776 151
3121 2121 150
3759 2759 159
6387 5387 165
10276 9276 162
3366 2366 185
10088 9088 162
8776 7776 146
10486 9486 169
1225 225 163
10193 9193 143
2975 1975 152
10787 9787 136
4376 3376 161
8275 7275 139
2829 1829 143
5696 4696 151
7922 6922 172
8107 7107 149
2713 1713 142
8950 7950 146
3129 2129 143
8562 7562 175
4140 3140 170
5777 4777 148
1184 184 155
4843 3843 155
10213 9213 169
10826 9826 134
4347 3347 171
7388 6388 145
8296 7296 146
8413 7413 170
2556 1556 135
4030 3030 146
1572 572 186
9390 8390 162
5518 4518 185
10392 9392 151
4261 3261 158
4467 3467 158
5845 4845 142
6323 5323 159
2542 1542 171
2792 1792 153
4702 3702 154
10500 9500 161
6673 5673 139
10820 9820 160
3219 2219 161
9555 8555 159
6244 5244 171
9904 8904 176
4640 3640 176
8911 7911 162
1533 533 142
8746 7746 172
2389 1389 170
4708 3708 150
3865 2865 135
4221 3221 155
3446 2446 171
6092 5092 151
4816 3816 162
7142 6142 177
1451 451 171
7447 6447 155
6994 5994 145
9521 8521 137
3931 2931 150
7041 6041 150
3860 2860 166
8074 7074 148
4068 3068 151
10227 9227 180
2328 1328 170
10591 9591 134
2905 1905 179
9394 8394 163
9096 8096 171
10439 9439 146
3741 2741 134
5259 4259 159
4385 3385 161
10489 9489 163
10343 9343 140
10767 9767 171
7355 6355 134
8591 7591 147
4272 3272 153
8878 7878 150
1353 353 141
8205 7205 145
1200 200 162
2207 1207 143
3966 2966 164
7243 6243 156
7672 6672 180
9036 8036 188
4878 3878 137
10762 9762 153
3846 2846 154
9303 8303 185
1707 707 151
3400 2400 151
5086 4086 175
5158 4158 175
3827 2827 149
4006 3006 169
1110 110 152
5734 4734 165
1556 556 184
2610 1610 162
3611 2611 134
6571 5571 162
1027 27 188
4289 3289 178
6357 5357 150
7406 6406 140
8531 7531 162
10885 9885 156
8751 7751 161
9244 8244 154
3808 2808 157
9282 8282 157
3492 2492 146
5625 4625 164
3708 2708 186
7053 6053 134
2495 1495 142
4827 3827 181
10112 9112 174
10457 9457 148
2851 1851 149
7841 6841 138
4574 3574 141
6215 5215 162
3586 2586 174
4104 3104 180
3628 2628 151
9975 8975 151
3207 2207 151
5148 4148 166
6363 5363 139
9989 8989 175
6406 5406 170
10230 9230 149
2067 1067 186
2643 1643 184
5027 4027 140
9928 8928 154
3641 2641 137
8047 7047 151
4594 3594 150
4682 3682 169
5117 4117 159
6099 5099 171
7077 6077 163
9799 8799 163
1248 248 183
3864 2864 150
5243 4243 162
7515 6515 139
3496 2496 139
8423 7423 143
7112 6112 150
9176 8176 180
7959 6959 160
9082 8082 184
1948 948 139
8582 7582 163
3833 2833 177
10048 9048 139
1241 241 146
4135 3135 172
3403 2403 146
4592 3592 177
1509 509 138
9553 8553 161
6910 5910 134
7066 6066 155
2326 1326 143
5213 4213 164
6936 5936 171
9239 8239 150
5789 4789 152
9338 8338 188
1514 514 157
3429 2429 153
2283 1283 143
6915 5915 183
7484 6484 185
9177 8177 162
5946 4946 179
8983 7983 135
2051 1051 136
5984 4984 134
1120 120 140
7824 6824 172
