2000 100 5425385
20 94 183
20 74 247
20 116 239
20 69 160
20 122 222
20 76 150
20 119 206
20 55 193
20 140 209
20 60 178
20 118 214
20 84 225
20 96 155
20 136 238
20 79 225
20 150 151
20 89 214
20 138 204
20 135 196
20 135 229
20 101 218
20 130 199
20 108 173
20 82 250
20 100 175
20 114 163
20 63 206
20 114 184
20 75 165
20 106 173
20 93 156
20 117 231
20 112 156
20 102 242
20 114 165
20 82 201
20 108 240
20 120 250
20 90 177
20 67 209
20 142 215
20 115 243
20 88 230
20 80 239
20 92 245
20 137 193
20 77 167
20 92 202
20 89 208
20 125 203
20 107 156
20 74 197
20 114 175
20 103 159
20 59 208
20 96 216
20 101 245
20 94 163
20 118 217
20 121 158
20 70 241
20 100 154
20 104 177
20 115 178
20 93 192
20 87 199
20 130 242
20 115 223
20 63 212
20 56 234
20 96 169
20 83 191
20 128 222
20 83 202
20 146 219
20 79 243
20 150 158
20 133 249
20 106 234
20 120 247
20 126 171
20 71 214
20 126 241
20 63 226
20 93 217
20 107 196
20 53 187
20 75 203
20 145 177
20 78 155
20 114 250
20 88 226
20 108 249
20 83 159
20 131 151
20 146 198
20 102 208
20 68 222
20 50 237
20 88 158
1123 123 14
1210 210 15
2339 1339 12
2822 1822 12
3016 2016 13
3091 2091 14
3800 2800 13
4694 3694 14
5928 4928 13
6035 5035 12
6040 5040 15
7156 6156 16
7415 6415 14
7731 6731 13
8028 7028 14
8309 7309 12
9267 8267 15
9836 8836 11
9887 8887 14
10281 9281 14
2724 1724 15
3297 2297 12
3601 2601 13
3856 2856 11
4207 3207 16
4438 3438 14
4719 3719 12
5548 4548 11
5803 4803 14
7190 6190 11
7196 6196 14
7203 6203 15
7242 6242 12
7519 6519 13
7592 6592 15
8099 7099 15
8658 7658 13
8664 7664 14
9903 8903 16
10440 9440 14
1786 786 14
2281 1281 12
2467 1467 14
3156 2156 16
3912 2912 16
4115 3115 15
4423 3423 13
4443 3443 14
4793 3793 12
5114 4114 15
6189 5189 12
6526 5526 12
6725 5725 14
6748 5748 12
6773 5773 15
7470 6470 13
8270 7270 15
9807 8807 16
10391 9391 14
10996 9996 14
1842 842 11
2183 1183 15
4022 3022 12
4065 3065 13
5718 4718 13
5817 4817 12
6620 5620 15
6771 5771 14
6953 5953 13
7291 6291 12
7425 6425 14
7820 6820 12
8118 7118 12
8589 7589 11
8789 7789 14
8885 7885 16
9296 8296 14
10534 9534 14
10673 9673 12
10806 9806 15
1037 37 15
1070 70 11
2396 1396 11
2496 1496 15
4137 3137 15
5154 4154 15
5739 4739 13
5910 4910 14
6074 5074 14
6281 5281 12
6588 5588 14
7868 6868 12
8029 7029 13
8062 7062 13
8902 7902 15
9069 8069 14
9371 8371 14
9811 8811 14
10069 9069 14
10306 9306 14
1497 497 12
1574 574 16
1724 724 16
1809 809 12
2210 1210 16
2983 1983 12
3099 2099 14
4569 3569 14
5638 4638 12
5935 4935 13
6600 5600 16
7252 6252 15
7501 6501 14
8328 7328 12
9352 8352 14
9532 8532 14
9648 8648 14
10406 9406 12
10634 9634 13
10922 9922 14
1157 157 12
1424 424 13
1458 458 14
1833 833 13
1965 965 14
2332 1332 14
3178 2178 13
3478 2478 15
4507 3507 15
5146 4146 13
6555 5555 12
6620 5620 16
7454 6454 12
7853 6853 15
8372 7372 12
8597 7597 14
8817 7817 12
9810 8810 13
9870 8870 16
10485 9485 12
2093 1093 13
2618 1618 14
3272 2272 13
3305 2305 13
3619 2619 15
4165 3165 16
4350 3350 11
5249 4249 13
6480 5480 11
6792 5792 12
6819 5819 13
6959 5959 15
7143 6143 12
7450 6450 12
9341 8341 13
9369 8369 12
9524 8524 16
10030 9030 11
10386 9386 11
10504 9504 12
1682 682 12
2249 1249 13
2253 1253 16
3337 2337 16
4109 3109 14
4253 3253 15
5756 4756 16
6002 5002 13
6026 5026 14
6432 5432 15
6497 5497 15
6860 5860 16
7943 6943 12
8338 7338 12
8621 7621 15
9086 8086 14
9468 8468 15
10502 9502 14
10912 9912 14
10967 9967 16
1480 480 15
1839 839 13
2168 1168 11
2306 1306 15
2804 1804 12
3040 2040 12
3595 2595 15
3823 2823 12
3972 2972 15
4006 3006 16
4596 3596 13
4776 3776 15
5963 4963 12
6047 5047 13
8544 7544 13
9358 8358 14
9488 8488 11
9572 8572 13
10053 9053 11
10667 9667 15
2087 1087 14
2817 1817 13
3440 2440 12
4557 3557 15
5199 4199 16
5295 4295 13
5573 4573 12
6164 5164 15
6170 5170 13
6531 5531 14
6632 5632 12
7025 6025 14
8022 7022 11
8432 7432 11
8435 7435 15
8596 7596 12
8771 7771 11
9060 8060 12
9161 8161 15
10735 9735 11
1755 755 12
2750 1750 15
2843 1843 13
3765 2765 16
3878 2878 13
4326 3326 14
4387 3387 12
4527 3527 13
4878 3878 11
5272 4272 11
5635 4635 14
6429 5429 12
6509 5509 15
7267 6267 15
9101 8101 14
9457 8457 14
9476 8476 12
9642 8642 12
9690 8690 13
9884 8884 12
1904 904 12
1963 963 15
2091 1091 15
2780 1780 12
3276 2276 11
3512 2512 15
4535 3535 12
5058 4058 12
5338 4338 14
5382 4382 14
5419 4419 11
5571 4571 16
5868 4868 14
6324 5324 13
7313 6313 12
7628 6628 13
8046 7046 11
8578 7578 14
9065 8065 14
10463 9463 11
1486 486 13
1996 996 16
2127 1127 15
3113 2113 14
3905 2905 14
4014 3014 15
4493 3493 14
4927 3927 14
5297 4297 14
5329 4329 13
5494 4494 11
5840 4840 13
6129 5129 16
7200 6200 13
7737 6737 13
8903 7903 13
9265 8265 12
10288 9288 14
10312 9312 14
10772 9772 11
1043 43 14
1358 358 14
1787 787 14
2426 1426 14
2793 1793 14
4091 3091 13
4124 3124 11
4611 3611 13
4640 3640 11
7144 6144 13
7150 6150 12
7196 6196 12
7518 6518 16
7843 6843 12
8446 7446 14
8446 7446 15
8527 7527 12
8991 7991 15
9720 8720 14
10860 9860 15
1116 116 11
1219 219 15
1697 697 13
2104 1104 15
2342 1342 13
3179 2179 13
3521 2521 14
5101 4101 13
5784 4784 12
5858 4858 13
6664 5664 15
7875 6875 14
8535 7535 14
8716 7716 12
8852 7852 13
9206 8206 15
9271 8271 14
9668 8668 13
9852 8852 13
10030 9030 14
2143 1143 16
2858 1858 13
2975 1975 15
3167 2167 16
3449 2449 15
3630 2630 15
4744 3744 15
5943 4943 11
6256 5256 11
6357 5357 12
6389 5389 15
7752 6752 15
8507 7507 11
8583 7583 15
8878 7878 15
8891 7891 15
9207 8207 14
9308 8308 11
10600 9600 13
10698 9698 13
1661 661 13
2437 1437 12
2467 1467 12
2793 1793 14
3328 2328 11
3350 2350 15
3827 2827 16
3949 2949 14
6182 5182 12
6524 5524 14
6572 5572 14
7182 6182 15
7527 6527 12
7660 6660 14
8548 7548 12
8792 7792 13
10146 9146 12
10373 9373 13
10732 9732 13
10868 9868 15
1254 254 14
1262 262 16
1265 265 15
1629 629 14
2638 1638 11
3396 2396 13
3500 2500 12
3999 2999 14
4049 3049 12
4115 3115 12
4271 3271 14
4592 3592 12
4842 3842 12
4963 3963 14
6492 5492 12
6595 5595 15
8110 7110 14
8120 7120 14
10254 9254 15
10769 9769 12
1233 233 15
1393 393 14
2113 1113 15
2138 1138 14
2508 1508 13
3440 2440 15
4604 3604 14
5744 4744 12
5927 4927 11
6024 5024 14
6183 5183 12
6357 5357 14
6485 5485 13
6754 5754 14
7582 6582 13
8038 7038 13
8828 7828 14
10107 9107 12
10475 9475 13
10635 9635 12
1276 276 12
1289 289 14
2319 1319 12
2598 1598 13
2972 1972 12
3143 2143 12
4512 3512 15
5355 4355 13
5608 4608 12
5616 4616 12
6579 5579 14
6750 5750 12
8475 7475 14
9099 8099 16
9642 8642 13
9828 8828 16
10282 9282 16
10563 9563 15
10778 9778 12
10950 9950 12
1010 10 14
1340 340 14
1723 723 12
1725 725 14
1842 842 11
2016 1016 15
3342 2342 13
3834 2834 13
4552 3552 11
5092 4092 12
5284 4284 15
6206 5206 12
6914 5914 14
7198 6198 14
7384 6384 13
7883 6883 13
9201 8201 12
9568 8568 16
10721 9721 13
10922 9922 14
1979 979 13
3157 2157 13
3308 2308 13
4319 3319 11
4848 3848 16
4867 3867 12
5022 4022 11
5226 4226 14
5295 4295 11
6352 5352 12
6539 5539 16
7037 6037 12
7804 6804 12
8317 7317 15
8739 7739 14
8875 7875 12
8974 7974 13
9824 8824 12
10790 9790 13
10960 9960 13
2298 1298 12
2370 1370 15
3263 2263 14
3316 2316 13
3421 2421 15
3890 2890 13
4221 3221 13
4301 3301 12
4484 3484 15
5337 4337 15
5377 4377 14
6356 5356 14
6624 5624 14
6647 5647 13
6674 5674 12
7073 6073 14
8253 7253 12
9198 8198 15
9682 8682 16
10577 9577 13
1059 59 13
1114 114 14
1159 159 14
1461 461 12
2242 1242 11
2416 1416 12
3267 2267 15
3433 2433 15
3700 2700 14
4280 3280 16
4838 3838 12
5413 4413 11
6079 5079 12
6416 5416 12
7619 6619 12
7963 6963 13
8090 7090 16
8153 7153 15
9333 8333 13
9947 8947 13
1276 276 13
1421 421 13
1455 455 14
1541 541 12
2289 1289 13
2404 1404 12
2487 1487 15
3878 2878 14
4321 3321 12
4935 3935 15
5441 4441 12
5524 4524 15
6038 5038 14
7739 6739 14
7759 6759 16
8050 7050 14
8753 7753 12
9013 8013 14
9122 8122 16
10814 9814 12
1226 226 14
1480 480 14
1671 671 14
2036 1036 14
3220 2220 12
3230 2230 15
3600 2600 14
3697 2697 12
5313 4313 13
6158 5158 13
6860 5860 14
7115 6115 14
7443 6443 14
7960 6960 14
8080 7080 12
8656 7656 16
9455 8455 12
10007 9007 14
10424 9424 12
10901 9901 11
1449 449 13
1812 812 16
2225 1225 16
2960 1960 14
3349 2349 11
3408 2408 12
4073 3073 15
4078 3078 14
5204 4204 13
5302 4302 12
5430 4430 16
6842 5842 13
6853 5853 16
6938 5938 14
7833 6833 13
8858 7858 13
8884 7884 14
9400 8400 12
10296 9296 14
10543 9543 15
2435 1435 13
2589 1589 15
3753 2753 12
3784 2784 14
3802 2802 12
3919 2919 16
4810 3810 14
5411 4411 14
5563 4563 14
5671 4671 15
5954 4954 15
6003 5003 16
6322 5322 14
7127 6127 13
7420 6420 12
7547 6547 14
7709 6709 14
8946 7946 12
10426 9426 13
10827 9827 15
1177 177 15
1523 523 15
1734 734 14
1976 976 12
2403 1403 14
2640 1640 13
3008 2008 14
3671 2671 15
4198 3198 14
5218 4218 13
5258 4258 12
6157 5157 11
6923 5923 13
7705 6705 12
8211 7211 13
8282 7282 12
8333 7333 14
8854 7854 11
9738 8738 13
10479 9479 16
1008 8 13
1409 409 15
2302 1302 15
2456 1456 14
2510 1510 15
2747 1747 12
2886 1886 12
3336 2336 13
3475 2475 14
4461 3461 14
4708 3708 15
5753 4753 13
6711 5711 16
7417 6417 15
7543 6543 14
7552 6552 12
10103 9103 14
10265 9265 12
10291 9291 16
10595 9595 12
1611 611 14
2595 1595 13
3408 2408 14
3451 2451 12
4785 3785 12
4973 3973 14
5731 4731 15
6896 5896 14
7197 6197 11
7342 6342 11
7578 6578 13
7640 6640 14
8159 7159 12
8179 7179 13
8389 7389 12
8573 7573 15
8714 7714 12
8844 7844 12
9732 8732 12
10744 9744 12
1014 14 12
1209 209 12
1954 954 13
2071 1071 12
2597 1597 12
2658 1658 12
2831 1831 12
3879 2879 13
4149 3149 16
4315 3315 15
4427 3427 13
5393 4393 15
6632 5632 15
8744 7744 14
8859 7859 13
8991 7991 13
9393 8393 12
9726 8726 14
9832 8832 13
10803 9803 15
1197 197 12
1371 371 16
1404 404 12
1479 479 13
1525 525 13
1839 839 14
1941 941 11
1955 955 13
2069 1069 11
2190 1190 12
3704 2704 15
4791 3791 14
4908 3908 14
5916 4916 12
6061 5061 15
6094 5094 16
7154 6154 11
7291 6291 12
8864 7864 14
9255 8255 14
1218 218 15
1568 568 12
1774 774 12
2455 1455 11
2548 1548 14
5375 4375 14
5455 4455 14
5741 4741 14
5938 4938 15
5999 4999 11
6115 5115 14
6163 5163 13
6756 5756 16
7901 6901 14
7966 6966 12
8965 7965 12
9060 8060 11
9174 8174 15
9341 8341 13
10935 9935 13
1342 342 14
2244 1244 12
2920 1920 14
3113 2113 13
3149 2149 12
3792 2792 14
4076 3076 14
4545 3545 13
5590 4590 14
6969 5969 15
7785 6785 14
8428 7428 12
9035 8035 14
9073 8073 14
10444 9444 14
10474 9474 14
10584 9584 13
10711 9711 13
10791 9791 12
10899 9899 14
1123 123 15
1711 711 11
1900 900 12
2352 1352 13
2826 1826 16
2916 1916 16
2986 1986 12
3099 2099 14
3116 2116 12
3317 2317 13
3841 2841 11
4235 3235 16
4832 3832 11
5258 4258 16
6434 5434 13
6723 5723 15
6984 5984 13
7496 6496 12
9795 8795 16
10479 9479 15
1137 137 13
1681 681 11
1750 750 15
2937 1937 14
3077 2077 13
4318 3318 16
4569 3569 15
4670 3670 11
5458 4458 16
6623 5623 15
6638 5638 14
7566 6566 13
8238 7238 13
8334 7334 11
9606 8606 11
9614 8614 13
9854 8854 12
9930 8930 13
10160 9160 12
10439 9439 12
1381 381 14
1988 988 15
2330 1330 15
2616 1616 12
2750 1750 13
2791 1791 12
4755 3755 12
4863 3863 12
5107 4107 13
5575 4575 16
5646 4646 15
6197 5197 15
6366 5366 13
6548 5548 12
7019 6019 14
7139 6139 14
7512 6512 14
9281 8281 11
9808 8808 12
10806 9806 14
1085 85 13
1390 390 13
1808 808 11
2030 1030 12
2153 1153 11
2327 1327 13
3090 2090 16
3531 2531 12
3833 2833 13
4055 3055 13
4690 3690 12
5018 4018 15
5797 4797 13
5853 4853 16
5875 4875 15
5891 4891 13
6017 5017 13
6121 5121 12
7720 6720 14
7769 6769 15
1441 441 13
1472 472 16
3008 2008 14
3602 2602 12
3812 2812 13
5747 4747 15
6265 5265 16
6624 5624 12
7068 6068 13
7334 6334 11
7669 6669 11
7736 6736 11
8695 7695 15
8800 7800 12
9563 8563 15
9891 8891 13
9929 8929 13
9940 8940 14
10071 9071 14
10815 9815 14
1263 263 11
2660 1660 15
2782 1782 15
3242 2242 14
3531 2531 12
4186 3186 13
4273 3273 12
4742 3742 12
5185 4185 15
5326 4326 13
5382 4382 13
5794 4794 15
6398 5398 16
7350 6350 11
8093 7093 15
8609 7609 13
9050 8050 16
10114 9114 16
10592 9592 15
10904 9904 11
2403 1403 15
2609 1609 15
2896 1896 13
3005 2005 16
3360 2360 14
4291 3291 15
4294 3294 13
4353 3353 11
5300 4300 12
5335 4335 15
5352 4352 12
6303 5303 16
6456 5456 15
7444 6444 13
7484 6484 15
7524 6524 13
9253 8253 12
9752 8752 13
10333 9333 13
10395 9395 16
1426 426 15
1783 783 11
2120 1120 14
2842 1842 14
2876 1876 15
2947 1947 13
3517 2517 14
4699 3699 14
4837 3837 14
4982 3982 14
5260 4260 11
5401 4401 12
6751 5751 15
7410 6410 13
8035 7035 16
8677 7677 12
8975 7975 13
9863 8863 15
10463 9463 13
10480 9480 12
1390 390 13
1460 460 12
1725 725 15
2360 1360 14
2827 1827 14
3645 2645 14
3679 2679 16
3695 2695 12
5097 4097 13
5135 4135 15
5391 4391 15
5619 4619 12
6998 5998 12
7555 6555 14
7732 6732 16
8926 7926 15
9259 8259 16
9313 8313 13
10260 9260 16
10849 9849 12
1408 408 11
1439 439 16
1608 608 12
2639 1639 16
3453 2453 13
3662 2662 13
4157 3157 13
4695 3695 12
5137 4137 12
5147 4147 13
5832 4832 12
6255 5255 15
6669 5669 14
6949 5949 15
8147 7147 15
8321 7321 12
9959 8959 11
10157 9157 15
10544 9544 15
10575 9575 13
1175 175 13
3474 2474 14
3993 2993 15
4053 3053 14
4211 3211 13
4657 3657 15
5327 4327 13
6894 5894 13
7038 6038 15
7111 6111 13
7258 6258 15
7615 6615 11
8513 7513 13
8563 7563 11
8780 7780 12
8811 7811 11
8943 7943 12
9913 8913 12
10130 9130 16
10455 9455 14
2038 1038 15
2668 1668 12
3163 2163 15
3369 2369 14
3676 2676 12
3728 2728 16
4145 3145 11
4529 3529 13
5621 4621 13
5992 4992 16
6099 5099 15
6720 5720 15
6957 5957 14
7001 6001 13
7409 6409 14
7558 6558 13
8900 7900 15
9497 8497 12
10030 9030 16
10187 9187 12
1153 153 14
1369 369 12
1422 422 13
1938 938 13
2276 1276 14
2495 1495 13
3187 2187 14
4051 3051 14
5111 4111 15
5298 4298 15
5806 4806 15
6137 5137 12
6738 5738 15
6970 5970 13
7534 6534 14
8243 7243 13
8285 7285 16
8538 7538 11
8874 7874 14
10797 9797 13
2057 1057 13
2059 1059 13
2188 1188 15
2689 1689 16
3012 2012 14
4238 3238 12
4911 3911 12
5218 4218 14
5220 4220 12
5778 4778 14
5905 4905 12
6167 5167 15
6647 5647 15
6790 5790 14
7924 6924 12
8542 7542 11
9967 8967 16
10082 9082 13
10240 9240 12
10766 9766 16
1413 413 14
1445 445 11
1622 622 15
2131 1131 11
2144 1144 14
2213 1213 14
2905 1905 11
3088 2088 15
3564 2564 13
5344 4344 13
5625 4625 14
7684 6684 13
7713 6713 13
8472 7472 15
8561 7561 14
9355 8355 14
9543 8543 15
9652 8652 16
9852 8852 12
10761 9761 14
1671 671 11
2423 1423 13
3027 2027 15
4533 3533 13
4980 3980 12
5121 4121 13
5876 4876 11
6077 5077 13
6337 5337 13
7245 6245 15
7389 6389 13
7645 6645 13
8458 7458 11
8709 7709 16
9652 8652 12
10106 9106 15
10131 9131 12
10185 9185 13
10227 9227 14
10434 9434 16
2600 1600 15
2847 1847 11
3934 2934 15
4817 3817 12
4854 3854 14
4854 3854 14
5985 4985 14
6275 5275 13
6308 5308 14
6437 5437 15
6682 5682 15
8020 7020 12
8483 7483 16
8733 7733 14
8943 7943 16
9638 8638 15
9915 8915 13
10385 9385 16
10448 9448 12
10638 9638 12
1405 405 16
1906 906 16
2986 1986 16
3753 2753 13
4838 3838 12
5540 4540 12
5676 4676 12
5752 4752 14
5785 4785 15
6758 5758 13
6837 5837 12
6969 5969 15
8516 7516 16
8970 7970 15
9759 8759 15
9789 8789 12
9816 8816 15
10285 9285 15
10383 9383 12
10603 9603 12
1052 52 14
2243 1243 12
2425 1425 12
3520 2520 13
3940 2940 11
4040 3040 12
4571 3571 15
5221 4221 13
5425 4425 12
5557 4557 12
5602 4602 15
6421 5421 14
7156 6156 15
7869 6869 14
7911 6911 12
8834 7834 15
8988 7988 15
9449 8449 15
9572 8572 14
9715 8715 14
1893 893 12
2396 1396 15
2873 1873 14
3290 2290 13
4819 3819 12
5625 4625 13
5740 4740 15
6445 5445 15
6617 5617 12
7015 6015 14
7482 6482 13
8566 7566 13
8600 7600 15
8681 7681 14
8888 7888 14
9599 8599 16
10056 9056 15
10355 9355 15
10583 9583 15
10936 9936 11
1163 163 12
2270 1270 13
2457 1457 13
2529 1529 14
2825 1825 13
2850 1850 13
3061 2061 13
3335 2335 12
4382 3382 13
5451 4451 12
7373 6373 11
7676 6676 16
7805 6805 13
8372 7372 15
8524 7524 12
9817 8817 14
9869 8869 13
10471 9471 15
10775 9775 14
10925 9925 11
1763 763 14
3816 2816 12
4168 3168 11
4666 3666 16
4915 3915 12
5292 4292 15
5430 4430 12
5940 4940 13
5955 4955 12
6669 5669 13
6865 5865 15
7482 6482 16
7911 6911 16
8390 7390 15
8669 7669 13
9321 8321 13
9384 8384 12
10005 9005 12
10154 9154 13
10764 9764 15
1725 725 14
2160 1160 15
2724 1724 14
3537 2537 14
3802 2802 12
3827 2827 14
4239 3239 13
4258 3258 14
4332 3332 16
4575 3575 13
4993 3993 11
5159 4159 13
5546 4546 15
7576 6576 15
7842 6842 15
8204 7204 13
8328 7328 14
8580 7580 11
10063 9063 15
10097 9097 14
2997 1997 13
4903 3903 15
5609 4609 13
6164 5164 15
6913 5913 14
7092 6092 14
7250 6250 11
7977 6977 12
8071 7071 14
8178 7178 15
8470 7470 12
8593 7593 12
8893 7893 14
9323 8323 13
9333 8333 15
9511 8511 11
9749 8749 13
9984 8984 16
10356 9356 14
10688 9688 12
1234 234 11
3038 2038 14
3212 2212 14
3286 2286 15
3467 2467 13
3946 2946 13
4220 3220 15
4370 3370 12
5572 4572 13
5722 4722 14
6639 5639 12
6852 5852 13
7140 6140 15
7298 6298 14
8186 7186 14
9280 8280 16
9590 8590 14
10400 9400 15
10805 9805 15
10944 9944 11
1254 254 15
1879 879 12
2529 1529 15
3990 2990 13
4757 3757 13
5010 4010 14
5304 4304 13
5906 4906 14
5958 4958 12
6284 5284 14
6558 5558 12
6741 5741 11
7387 6387 12
7644 6644 12
7865 6865 13
8201 7201 14
8748 7748 13
9278 8278 14
10634 9634 11
10801 9801 15
1041 41 12
1459 459 12
1538 538 14
1733 733 11
1853 853 12
1871 871 14
2058 1058 12
4067 3067 12
4806 3806 13
5185 4185 14
5295 4295 16
5298 4298 12
6204 5204 11
7649 6649 12
7852 6852 12
8087 7087 12
8773 7773 12
10157 9157 14
10221 9221 16
10897 9897 14
1012 12 12
1071 71 14
1200 200 12
2317 1317 12
3077 2077 12
3302 2302 15
4331 3331 12
4438 3438 12
4456 3456 16
4588 3588 11
4686 3686 15
4921 3921 16
5816 4816 14
7523 6523 14
7955 6955 12
9055 8055 14
9720 8720 13
10403 9403 15
10659 9659 13
10835 9835 11
1305 305 13
1386 386 12
2293 1293 12
3691 2691 13
4043 3043 11
4294 3294 14
5430 4430 13
5444 4444 15
5835 4835 13
5872 4872 14
6055 5055 12
7359 6359 14
7512 6512 15
7739 6739 14
8335 7335 12
9288 8288 12
9511 8511 14
10200 9200 12
10485 9485 13
10490 9490 16
1157 157 16
1168 168 11
1206 206 14
2667 1667 15
3627 2627 12
3930 2930 15
4035 3035 15
5109 4109 13
5662 4662 15
6344 5344 12
6902 5902 12
7355 6355 15
7421 6421 15
8203 7203 16
8509 7509 15
8527 7527 14
9229 8229 11
10143 9143 14
10168 9168 12
10774 9774 13
1172 172 15
1578 578 15
2873 1873 13
4084 3084 11
4334 3334 15
4647 3647 15
4672 3672 14
4694 3694 15
4909 3909 14
6255 5255 14
7132 6132 14
7208 6208 11
7223 6223 13
7502 6502 12
7738 6738 15
7835 6835 11
9176 8176 15
9273 8273 13
9632 8632 12
9929 8929 13
3171 2171 15
5094 4094 15
5196 4196 15
5362 4362 11
5564 4564 14
5600 4600 15
6615 5615 14
7411 6411 12
7589 6589 14
7773 6773 12
8266 7266 15
8439 7439 12
8579 7579 11
8580 7580 15
8725 7725 12
8763 7763 14
9128 8128 14
9234 8234 13
9490 8490 15
10512 9512 14
1079 79 15
1169 169 12
1334 334 12
1745 745 14
2769 1769 13
3435 2435 12
4000 3000 13
4097 3097 12
4302 3302 15
5166 4166 11
5559 4559 16
5797 4797 14
7432 6432 14
7868 6868 16
8139 7139 12
9186 8186 12
9527 8527 15
10501 9501 14
10776 9776 15
10933 9933 14
1538 538 12
1973 973 14
2489 1489 14
2832 1832 12
2864 1864 13
3268 2268 15
3861 2861 15
4409 3409 15
4410 3410 14
5072 4072 14
5230 4230 12
5408 4408 15
5486 4486 12
5496 4496 12
6284 5284 15
6760 5760 15
9529 8529 15
10142 9142 12
10536 9536 12
10753 9753 14
1355 355 13
1716 716 12
2961 1961 14
4776 3776 13
4969 3969 14
5270 4270 13
5582 4582 13
6012 5012 14
6720 5720 13
7606 6606 13
7776 6776 13
9166 8166 13
9326 8326 14
9472 8472 12
9766 8766 14
9801 8801 14
10018 9018 13
10163 9163 14
10614 9614 15
10903 9903 15
1757 757 15
2303 1303 14
3004 2004 15
3768 2768 16
3842 2842 12
4679 3679 14
5677 4677 14
5813 4813 13
6330 5330 16
6584 5584 15
7386 6386 15
7907 6907 15
8298 7298 12
8316 7316 13
8352 7352 14
9308 8308 12
9971 8971 11
10004 9004 13
10477 9477 13
10987 9987 14
1087 87 15
2503 1503 14
2707 1707 14
3647 2647 12
4390 3390 13
4768 3768 13
4920 3920 14
5004 4004 14
5171 4171 12
6528 5528 15
7443 6443 13
8267 7267 11
8842 7842 11
9008 8008 15
9177 8177 13
9587 8587 12
9873 8873 14
9934 8934 15
10738 9738 14
10952 9952 14
1980 980 13
2161 1161 13
2568 1568 11
2706 1706 12
4741 3741 15
4933 3933 14
4990 3990 12
5359 4359 13
5470 4470 13
5678 4678 13
6121 5121 13
6188 5188 12
6561 5561 11
6846 5846 11
7525 6525 12
7594 6594 12
7827 6827 13
8945 7945 12
10623 9623 15
10849 9849 11
1014 14 15
1309 309 15
1376 376 12
1495 495 15
1626 626 14
2619 1619 15
3066 2066 14
3114 2114 13
4424 3424 12
4590 3590 11
5001 4001 14
5939 4939 16
6838 5838 11
7757 6757 16
7831 6831 15
8064 7064 15
8158 7158 13
8965 7965 15
9083 8083 12
9491 8491 15
1913 913 15
1923 923 13
1974 974 16
2153 1153 15
2281 1281 15
2418 1418 14
3858 2858 12
3865 2865 13
3873 2873 12
3902 2902 13
4133 3133 15
6392 5392 14
6536 5536 15
6914 5914 11
8085 7085 13
8849 7849 12
9479 8479 16
9758 8758 13
9985 8985 15
10671 9671 12
2357 1357 13
2924 1924 14
3002 2002 14
4085 3085 11
4640 3640 11
4787 3787 12
4952 3952 15
5011 4011 12
7236 6236 14
7451 6451 13
8447 7447 13
9035 8035 14
9152 8152 15
9453 8453 13
9470 8470 14
9525 8525 11
9630 8630 14
9803 8803 14
10520 9520 11
10612 9612 13
1097 97 14
1331 331 15
1340 340 15
1400 400 12
1595 595 13
2722 1722 12
4584 3584 14
4966 3966 12
4971 3971 13
6029 5029 11
6697 5697 15
7173 6173 13
7487 6487 13
7570 6570 12
7665 6665 12
9354 8354 13
10282 9282 16
10310 9310 13
10356 9356 11
10691 9691 14
1596 596 13
2243 1243 14
2256 1256 12
2376 1376 15
2442 1442 15
3297 2297 13
3646 2646 12
4458 3458 12
6303 5303 12
6548 5548 14
6556 5556 16
7463 6463 13
7467 6467 11
7591 6591 15
7708 6708 15
8490 7490 13
8709 7709 13
10070 9070 12
10397 9397 12
10807 9807 14
1221 221 14
1594 594 12
1981 981 13
2773 1773 15
4296 3296 14
4925 3925 15
6218 5218 13
6588 5588 15
7641 6641 14
7865 6865 14
8005 7005 16
8565 7565 15
8605 7605 13
8718 7718 16
9266 8266 15
9294 8294 14
9305 8305 11
9457 8457 12
10312 9312 14
10849 9849 14
1419 419 14
1427 427 13
1549 549 14
2329 1329 16
2996 1996 12
3237 2237 13
3665 2665 12
4222 3222 12
4494 3494 12
4560 3560 11
5254 4254 15
5285 4285 15
5661 4661 12
6137 5137 14
6250 5250 15
6982 5982 12
7095 6095 14
7944 6944 11
9240 8240 13
9468 8468 12
2130 1130 12
3055 2055 13
3420 2420 15
4010 3010 15
4048 3048 14
5860 4860 13
7090 6090 11
7102 6102 12
7423 6423 14
7650 6650 15
7776 6776 15
7882 6882 15
8566 7566 11
8652 7652 12
8868 7868 14
9114 8114 14
9556 8556 12
9934 8934 12
10659 9659 14
10824 9824 15
1522 522 15
2600 1600 15
3277 2277 16
3285 2285 13
3433 2433 14
3763 2763 12
3982 2982 14
6366 5366 14
6730 5730 15
7399 6399 16
7601 6601 15
7684 6684 14
7715 6715 13
8127 7127 16
8352 7352 12
9293 8293 14
10218 9218 13
10598 9598 14
10795 9795 16
10825 9825 15
1064 64 15
1456 456 12
1831 831 14
2977 1977 13
3155 2155 16
4590 3590 15
4888 3888 13
5273 4273 15
6155 5155 13
6193 5193 15
6821 5821 13
6854 5854 11
7135 6135 16
7156 6156 15
7439 6439 13
8557 7557 15
9200 8200 14
9698 8698 15
10451 9451 12
10648 9648 15
1375 375 13
2540 1540 15
3268 2268 13
3420 2420 11
3589 2589 14
3625 2625 16
6151 5151 15
6583 5583 13
6923 5923 13
7353 6353 13
7826 6826 15
7915 6915 15
8990 7990 14
9517 8517 13
9773 8773 12
9879 8879 12
9951 8951 16
10312 9312 12
10524 9524 12
10831 9831 13
1084 84 12
1124 124 12
1414 414 12
3351 2351 14
3875 2875 14
4019 3019 12
4561 3561 15
5167 4167 14
5286 4286 12
5686 4686 16
6097 5097 15
7454 6454 13
7560 6560 14
8202 7202 14
8766 7766 11
8810 7810 12
8905 7905 14
9597 8597 13
9810 8810 13
9879 8879 12
1859 859 12
2259 1259 11
2853 1853 12
3202 2202 12
4413 3413 13
4937 3937 14
5003 4003 13
5538 4538 12
8230 7230 13
8234 7234 12
8668 7668 13
9058 8058 16
9297 8297 14
9365 8365 11
9726 8726 15
10100 9100 14
10799 9799 14
10865 9865 15
10908 9908 13
10993 9993 15
1885 885 14
1915 915 11
2634 1634 13
3310 2310 15
3766 2766 14
4086 3086 14
4647 3647 16
4689 3689 13
5285 4285 12
5984 4984 13
6442 5442 13
6640 5640 14
6767 5767 16
6836 5836 16
6972 5972 11
7019 6019 16
8930 7930 13
9330 8330 15
9893 8893 14
10455 9455 14
1121 121 12
1864 864 14
3096 2096 13
3667 2667 15
3722 2722 13
4231 3231 16
4378 3378 12
4664 3664 15
4937 3937 15
5427 4427 15
5565 4565 15
5614 4614 13
6319 5319 14
6524 5524 14
6639 5639 12
7845 6845 13
9033 8033 15
9386 8386 14
9839 8839 14
10861 9861 15
1067 67 14
1374 374 13
1636 636 13
1933 933 15
2362 1362 12
3107 2107 14
3638 2638 15
3674 2674 12
4344 3344 13
4634 3634 13
4981 3981 15
5183 4183 13
5489 4489 15
5507 4507 14
5577 4577 14
5628 4628 14
6618 5618 13
7265 6265 15
9065 8065 15
9444 8444 13
1308 308 11
1807 807 15
1980 980 15
2158 1158 13
2522 1522 15
2685 1685 12
2763 1763 13
4105 3105 12
4301 3301 14
4640 3640 12
5388 4388 13
6744 5744 16
7275 6275 11
7780 6780 11
8586 7586 12
9042 8042 13
9263 8263 15
10028 9028 15
10502 9502 15
10829 9829 15
2152 1152 12
3497 2497 13
3781 2781 16
4959 3959 14
5202 4202 13
5401 4401 13
5738 4738 15
6045 5045 12
6374 5374 13
6380 5380 15
6788 5788 14
7259 6259 12
7427 6427 15
8039 7039 12
8185 7185 11
8203 7203 14
8842 7842 15
9409 8409 16
10171 9171 11
10613 9613 16
2164 1164 13
2884 1884 16
3309 2309 15
3398 2398 12
3769 2769 13
3973 2973 15
5603 4603 12
5633 4633 13
5860 4860 12
6753 5753 13
6898 5898 14
7533 6533 12
8161 7161 11
8434 7434 14
8700 7700 11
9541 8541 12
10071 9071 16
10278 9278 13
10610 9610 15
10921 9921 11
1110 110 14
1833 833 15
2377 1377 12
2407 1407 15
2730 1730 15
3982 2982 16
5110 4110 16
5124 4124 13
5895 4895 13
5924 4924 16
6588 5588 11
6675 5675 11
7531 6531 12
7704 6704 14
8413 7413 11
8729 7729 15
8956 7956 14
9185 8185 13
10052 9052 14
10247 9247 13
1230 230 13
1321 321 15
1357 357 16
1693 693 15
2480 1480 12
2822 1822 13
3126 2126 12
4422 3422 15
5168 4168 15
5545 4545 13
5556 4556 13
6718 5718 12
7233 6233 13
7321 6321 16
9076 8076 13
9356 8356 15
9554 8554 13
9596 8596 13
9605 8605 12
10835 9835 13
1414 414 15
1419 419 12
1483 483 13
2178 1178 13
3405 2405 11
3634 2634 14
3865 2865 16
3968 2968 13
5121 4121 14
5471 4471 13
5582 4582 14
5794 4794 13
5896 4896 14
7197 6197 12
7297 6297 13
7511 6511 11
8175 7175 11
8556 7556 16
9814 8814 15
10611 9611 11
2879 1879 13
3669 2669 16
4020 3020 13
4304 3304 14
5581 4581 12
5658 4658 12
5703 4703 13
5747 4747 11
5849 4849 14
6053 5053 13
7033 6033 14
7760 6760 15
8669 7669 14
8906 7906 15
9103 8103 13
9104 8104 15
9244 8244 14
9251 8251 13
10780 9780 15
10944 9944 14
1235 235 15
2358 1358 15
2516 1516 15
2792 1792 15
2874 1874 12
5275 4275 16
5481 4481 11
5700 4700 15
6524 5524 16
6552 5552 15
7012 6012 14
7224 6224 14
7257 6257 14
7949 6949 14
8851 7851 13
9036 8036 13
9162 8162 15
10041 9041 14
10096 9096 11
10252 9252 14
1848 848 11
1957 957 13
2103 1103 12
2489 1489 13
2508 1508 16
3002 2002 12
3434 2434 15
3931 2931 14
4025 3025 11
5003 4003 14
6140 5140 15
6924 5924 14
7278 6278 14
8802 7802 14
9169 8169 11
9280 8280 13
9498 8498 14
9964 8964 12
10358 9358 12
10851 9851 14
1411 411 12
1679 679 16
3375 2375 13
3697 2697 11
5629 4629 13
5717 4717 12
5772 4772 13
6238 5238 12
6249 5249 12
6413 5413 12
6893 5893 15
7490 6490 15
7534 6534 13
8499 7499 12
8921 7921 14
8950 7950 15
9528 8528 15
9832 8832 12
10007 9007 12
10599 9599 14
