2000 100 471721
20 104 231
20 130 156
20 62 250
20 114 184
20 54 213
20 133 192
20 118 178
20 72 239
20 56 183
20 92 188
20 94 178
20 100 151
20 61 192
20 91 178
20 51 154
20 77 183
20 72 220
20 88 190
20 57 237
20 101 201
20 99 195
20 131 153
20 120 168
20 92 162
20 71 230
20 109 204
20 107 213
20 50 165
20 70 185
20 88 209
20 75 169
20 145 176
20 105 196
20 129 238
20 63 208
20 135 169
20 146 195
20 114 169
20 97 174
20 98 225
20 137 165
20 52 202
20 98 179
20 84 214
20 95 222
20 119 177
20 150 235
20 143 168
20 138 248
20 148 171
20 107 153
20 107 233
20 52 202
20 79 233
20 94 236
20 124 174
20 58 177
20 128 237
20 148 205
20 111 234
20 97 184
20 140 156
20 102 220
20 138 172
20 122 192
20 108 204
20 53 222
20 144 223
20 63 165
20 132 179
20 150 205
20 121 160
20 96 216
20 136 212
20 79 249
20 99 199
20 50 188
20 62 180
20 107 173
20 63 154
20 58 166
20 127 202
20 82 219
20 114 202
20 94 250
20 50 212
20 137 197
20 149 200
20 80 221
20 147 182
20 123 227
20 70 172
20 129 245
20 134 181
20 63 202
20 132 161
20 112 240
20 80 163
20 120 240
20 86 154
226 126 14
248 148 15
306 206 17
429 329 18
442 342 15
466 366 13
503 403 15
599 499 16
604 504 15
650 550 14
704 604 17
734 634 16
758 658 15
759 659 16
909 809 14
984 884 14
984 884 17
997 897 14
1014 914 18
1021 921 15
117 17 17
222 122 15
268 168 17
272 172 16
318 218 16
325 225 14
331 231 13
476 376 15
513 413 16
537 437 13
595 495 16
656 556 17
660 560 16
689 589 17
726 626 18
801 701 17
843 743 16
1039 939 16
1048 948 17
1049 949 15
188 88 15
245 145 16
351 251 15
424 324 13
424 324 15
446 346 13
514 414 13
596 496 16
611 511 16
705 605 16
712 612 17
733 633 14
791 691 17
844 744 18
916 816 17
916 816 18
952 852 16
1003 903 13
1038 938 16
1064 964 17
210 110 13
241 141 16
248 148 15
299 199 16
349 249 18
360 260 17
428 328 16
430 330 15
471 371 17
505 405 15
566 466 14
606 506 15
610 510 18
621 521 18
650 550 15
668 568 15
844 744 17
901 801 14
1039 939 13
1051 951 18
200 100 16
254 154 15
339 239 13
349 249 13
403 303 17
434 334 13
473 373 15
502 402 14
502 402 17
543 443 17
553 453 14
555 455 15
562 462 16
562 462 16
596 496 14
646 546 16
658 558 13
855 755 16
876 776 18
913 813 15
120 20 14
181 81 14
293 193 18
383 283 13
426 326 13
433 333 14
449 349 17
494 394 13
587 487 17
598 498 17
715 615 18
823 723 18
875 775 14
888 788 13
904 804 17
984 884 17
1014 914 18
1055 955 15
1087 987 16
1096 996 16
148 48 18
154 54 17
497 397 18
546 446 15
644 544 16
698 598 18
703 603 18
816 716 17
818 718 18
839 739 17
844 744 17
872 772 14
875 775 18
894 794 18
897 797 17
907 807 15
948 848 17
1021 921 16
1030 930 17
1059 959 14
163 63 14
205 105 16
258 158 18
336 236 14
426 326 13
434 334 17
478 378 18
516 416 15
518 418 17
573 473 18
588 488 15
635 535 18
672 572 15
839 739 17
854 754 16
890 790 16
897 797 16
897 797 17
1006 906 14
1022 922 15
107 7 14
169 69 15
294 194 15
306 206 15
311 211 16
402 302 16
407 307 13
415 315 15
436 336 18
480 380 18
545 445 17
711 611 14
756 656 15
848 748 17
872 772 16
918 818 14
985 885 16
1004 904 17
1048 948 15
1091 991 18
120 20 14
199 99 18
202 102 14
280 180 14
316 216 16
319 219 16
347 247 18
370 270 15
386 286 14
393 293 14
465 365 15
612 512 15
647 547 17
712 612 14
730 630 15
977 877 15
981 881 18
1025 925 13
1057 957 15
1069 969 18
135 35 16
142 42 15
179 79 17
329 229 15
337 237 15
339 239 17
458 358 16
511 411 13
571 471 17
578 478 14
697 597 14
706 606 15
731 631 14
769 669 17
812 712 15
836 736 14
910 810 14
958 858 18
962 862 14
999 899 17
109 9 16
285 185 17
321 221 14
323 223 16
331 231 13
365 265 18
428 328 15
540 440 15
593 493 18
665 565 16
710 610 16
754 654 18
759 659 16
789 689 14
798 698 17
914 814 18
915 815 16
944 844 16
987 887 16
989 889 15
114 14 18
161 61 18
189 89 14
197 97 14
208 108 14
295 195 15
308 208 16
340 240 15
353 253 15
359 259 16
372 272 18
390 290 13
622 522 17
648 548 16
648 548 18
1017 917 16
1023 923 13
1029 929 15
1031 931 15
1061 961 18
110 10 14
166 66 15
169 69 14
183 83 18
211 111 16
304 204 18
394 294 16
397 297 15
400 300 14
416 316 15
428 328 13
434 334 15
544 444 16
673 573 16
742 642 17
810 710 13
853 753 16
894 794 15
965 865 14
1090 990 17
130 30 15
155 55 16
164 64 14
268 168 17
272 172 18
295 195 14
368 268 17
459 359 16
474 374 17
477 377 13
487 387 16
563 463 15
680 580 17
683 583 16
697 597 18
737 637 16
821 721 18
878 778 17
896 796 18
1094 994 16
142 42 14
166 66 18
179 79 18
196 96 14
258 158 18
267 167 17
457 357 16
485 385 18
512 412 15
598 498 15
620 520 15
621 521 16
796 696 18
813 713 16
855 755 15
890 790 15
958 858 16
998 898 15
1069 969 13
1083 983 18
242 142 15
261 161 16
342 242 18
441 341 13
449 349 17
465 365 16
503 403 14
514 414 18
529 429 15
581 481 16
628 528 16
633 533 18
681 581 15
806 706 14
823 723 14
842 742 16
863 763 17
878 778 18
889 789 15
1080 980 16
155 55 14
162 62 17
201 101 14
202 102 13
280 180 16
322 222 13
378 278 15
484 384 14
562 462 13
636 536 17
653 553 13
695 595 14
708 608 17
752 652 18
774 674 18
802 702 17
863 763 17
869 769 17
892 792 17
997 897 13
170 70 15
205 105 18
217 117 14
419 319 18
457 357 13
465 365 14
556 456 18
606 506 16
628 528 13
672 572 14
766 666 16
794 694 14
804 704 14
865 765 17
878 778 15
963 863 15
995 895 15
1018 918 16
1064 964 15
1088 988 17
115 15 18
173 73 17
331 231 17
398 298 18
433 333 17
443 343 14
445 345 14
516 416 16
655 555 15
703 603 15
736 636 17
764 664 18
800 700 14
833 733 15
876 776 14
950 850 14
977 877 18
1004 904 14
1005 905 13
1089 989 16
135 35 14
144 44 14
330 230 14
353 253 17
362 262 16
418 318 16
427 327 14
531 431 17
533 433 17
549 449 18
615 515 16
691 591 16
709 609 16
782 682 16
835 735 14
840 740 16
850 750 16
882 782 14
903 803 15
1025 925 18
126 26 16
128 28 17
130 30 17
218 118 15
231 131 14
352 252 18
356 256 16
511 411 18
576 476 14
591 491 14
591 491 16
621 521 14
682 582 13
717 617 17
745 645 14
773 673 16
866 766 16
877 777 15
1075 975 13
1091 991 13
125 25 15
135 35 18
256 156 14
323 223 15
413 313 18
449 349 17
471 371 15
530 430 13
533 433 17
551 451 16
559 459 15
578 478 16
590 490 14
602 502 18
650 550 16
655 555 17
764 664 16
895 795 16
977 877 18
1045 945 17
195 95 16
263 163 17
283 183 15
439 339 15
522 422 14
598 498 13
606 506 13
607 507 15
661 561 16
714 614 18
715 615 13
738 638 15
740 640 14
825 725 15
854 754 15
927 827 13
964 864 15
988 888 16
1048 948 14
1098 998 14
142 42 15
165 65 14
266 166 17
341 241 18
390 290 13
418 318 17
480 380 16
507 407 14
523 423 13
528 428 14
545 445 15
610 510 17
650 550 16
713 613 13
730 630 17
738 638 14
798 698 15
802 702 16
873 773 14
1003 903 18
105 5 14
108 8 14
194 94 15
227 127 15
267 167 16
300 200 17
442 342 13
473 373 15
498 398 18
589 489 16
694 594 14
728 628 16
815 715 15
873 773 15
883 783 14
962 862 14
973 873 13
978 878 18
990 890 14
1000 900 17
217 117 17
266 166 18
295 195 17
400 300 15
511 411 16
570 470 14
641 541 17
649 549 16
693 593 17
744 644 14
779 679 17
787 687 16
799 699 14
893 793 13
904 804 18
909 809 15
913 813 18
976 876 16
1067 967 13
1092 992 13
126 26 15
143 43 16
303 203 16
321 221 16
365 265 14
424 324 17
460 360 16
476 376 15
498 398 14
505 405 15
557 457 14
561 461 16
583 483 15
595 495 13
655 555 13
665 565 16
853 753 15
883 783 16
884 784 16
884 784 18
120 20 16
271 171 15
347 247 15
413 313 18
425 325 16
450 350 18
469 369 15
593 493 18
616 516 14
718 618 13
745 645 14
745 645 16
794 694 14
862 762 14
909 809 18
920 820 17
1011 911 18
1051 951 16
1098 998 17
1098 998 18
183 83 17
246 146 16
300 200 17
308 208 15
347 247 16
351 251 16
357 257 15
438 338 16
467 367 16
582 482 18
633 533 18
640 540 13
713 613 16
726 626 18
789 689 13
793 693 13
886 786 15
900 800 15
926 826 15
1012 912 14
105 5 16
114 14 16
129 29 14
132 32 15
219 119 18
258 158 14
358 258 17
380 280 16
432 332 17
469 369 15
510 410 15
777 677 15
792 692 17
806 706 17
808 708 17
872 772 18
908 808 17
941 841 18
1022 922 16
1032 932 16
106 6 16
139 39 16
276 176 17
331 231 15
379 279 13
476 376 17
488 388 14
524 424 15
531 431 13
587 487 13
610 510 18
626 526 18
655 555 13
710 610 16
807 707 13
900 800 14
912 812 16
918 818 18
1016 916 17
1029 929 15
267 167 16
283 183 15
392 292 15
460 360 17
525 425 13
535 435 15
624 524 15
625 525 16
627 527 18
639 539 15
658 558 15
675 575 14
680 580 13
700 600 16
816 716 15
836 736 18
839 739 14
960 860 18
992 892 17
1039 939 14
124 24 15
133 33 16
145 45 14
299 199 16
336 236 15
392 292 15
393 293 15
417 317 17
424 324 14
437 337 16
451 351 16
463 363 14
595 495 15
656 556 15
727 627 17
767 667 18
877 777 17
904 804 15
993 893 16
1064 964 17
215 115 14
267 167 14
321 221 15
323 223 13
328 228 15
335 235 15
501 401 15
511 411 16
568 468 17
711 611 13
772 672 13
826 726 18
834 734 17
881 781 17
966 866 13
1058 958 15
1065 965 16
1074 974 15
1098 998 17
1099 999 16
108 8 15
138 38 18
217 117 17
246 146 17
311 211 13
351 251 17
435 335 17
445 345 14
471 371 16
597 497 14
641 541 15
692 592 17
724 624 18
734 634 15
760 660 15
767 667 18
833 733 18
894 794 15
923 823 16
1021 921 18
210 110 13
226 126 16
252 152 16
257 157 15
322 222 17
357 257 14
557 457 17
562 462 17
579 479 18
628 528 17
683 583 18
689 589 16
719 619 16
774 674 15
782 682 16
881 781 16
960 860 14
1052 952 16
1053 953 14
1089 989 17
141 41 18
143 43 14
161 61 16
197 97 18
337 237 14
397 297 16
485 385 18
486 386 18
519 419 16
543 443 16
638 538 14
738 638 17
752 652 18
805 705 18
809 709 14
855 755 18
909 809 17
1031 931 18
1068 968 15
1080 980 18
164 64 14
187 87 16
207 107 18
341 241 15
375 275 13
390 290 13
402 302 18
501 401 14
555 455 16
630 530 15
705 605 15
774 674 17
783 683 15
817 717 18
941 841 16
950 850 14
950 850 18
988 888 15
995 895 18
1047 947 18
134 34 15
193 93 14
258 158 15
302 202 15
380 280 15
478 378 16
538 438 13
587 487 15
616 516 16
644 544 15
656 556 16
761 661 16
817 717 18
850 750 17
949 849 17
965 865 16
1014 914 18
1039 939 17
1044 944 13
1099 999 17
138 38 14
163 63 14
174 74 17
243 143 17
319 219 15
414 314 15
434 334 16
465 365 17
467 367 17
502 402 15
579 479 14
593 493 13
601 501 16
861 761 14
931 831 16
959 859 13
975 875 18
1021 921 18
1053 953 13
1079 979 16
151 51 13
212 112 17
218 118 16
251 151 18
273 173 16
365 265 15
369 269 14
380 280 15
461 361 16
473 373 17
503 403 16
656 556 16
797 697 13
803 703 14
914 814 16
917 817 18
1021 921 13
1037 937 18
1053 953 14
1084 984 18
143 43 16
152 52 14
214 114 17
253 153 15
301 201 18
317 217 15
323 223 13
336 236 15
336 236 16
369 269 15
384 284 16
387 287 17
438 338 18
472 372 17
525 425 16
530 430 14
616 516 13
730 630 13
751 651 18
773 673 14
274 174 18
417 317 18
473 373 14
588 488 14
636 536 17
665 565 18
720 620 16
724 624 18
726 626 15
780 680 17
785 685 16
807 707 13
813 713 16
821 721 16
922 822 16
945 845 18
976 876 13
985 885 18
988 888 17
1030 930 18
114 14 17
118 18 16
134 34 15
221 121 15
252 152 14
300 200 14
333 233 16
414 314 16
647 547 14
705 605 16
712 612 18
721 621 14
731 631 17
796 696 13
862 762 16
881 781 15
902 802 15
940 840 18
996 896 14
1051 951 16
166 66 17
190 90 15
291 191 18
308 208 15
327 227 13
338 238 14
390 290 16
408 308 17
435 335 13
480 380 16
608 508 14
614 514 18
642 542 18
645 545 17
784 684 17
847 747 14
959 859 18
988 888 16
1005 905 16
1067 967 16
104 4 18
148 48 18
153 53 17
197 97 18
202 102 17
268 168 18
341 241 14
473 373 14
537 437 16
581 481 13
626 526 16
693 593 17
723 623 17
748 648 15
840 740 14
922 822 16
1002 902 16
1058 958 14
1071 971 17
1072 972 18
230 130 15
280 180 17
288 188 13
314 214 17
346 246 15
408 308 17
429 329 17
468 368 18
497 397 17
557 457 13
568 468 18
591 491 14
619 519 14
634 534 14
644 544 16
708 608 14
889 789 14
908 808 17
994 894 15
1073 973 14
133 33 15
138 38 17
152 52 17
189 89 13
232 132 13
233 133 14
286 186 15
351 251 13
412 312 18
560 460 15
561 461 16
703 603 16
705 605 17
754 654 16
773 673 15
862 762 18
991 891 15
1012 912 14
1022 922 16
1023 923 16
132 32 18
144 44 18
213 113 15
267 167 14
355 255 14
422 322 16
425 325 14
779 679 17
824 724 16
845 745 17
846 746 16
869 769 16
874 774 18
923 823 17
943 843 16
974 874 15
974 874 16
990 890 14
992 892 17
1014 914 17
110 10 15
136 36 13
243 143 13
249 149 15
262 162 15
271 171 13
311 211 13
327 227 17
352 252 16
439 339 13
633 533 17
688 588 13
773 673 15
784 684 16
998 898 15
1016 916 17
1059 959 14
1086 986 14
1091 991 17
1098 998 17
132 32 17
164 64 17
233 133 16
270 170 17
377 277 16
388 288 14
471 371 16
507 407 16
509 409 17
545 445 17
566 466 17
575 475 14
591 491 16
762 662 15
813 713 15
884 784 16
931 831 15
994 894 13
1057 957 14
1076 976 14
194 94 16
256 156 13
272 172 16
309 209 18
321 221 17
425 325 18
455 355 14
492 392 16
501 401 13
563 463 15
693 593 16
719 619 18
788 688 15
913 813 14
935 835 17
935 835 17
945 845 16
1025 925 17
1046 946 17
1091 991 16
137 37 17
148 48 16
175 75 18
213 113 13
239 139 13
272 172 16
313 213 14
328 228 17
349 249 18
484 384 17
513 413 14
605 505 14
681 581 16
730 630 18
820 720 17
883 783 13
926 826 14
942 842 18
943 843 15
1070 970 17
104 4 14
117 17 17
131 31 17
300 200 18
374 274 17
416 316 18
451 351 15
506 406 16
523 423 14
553 453 13
634 534 17
637 537 17
834 734 15
919 819 16
958 858 18
973 873 15
987 887 14
1002 902 15
1035 935 16
1064 964 18
138 38 16
144 44 13
218 118 18
225 125 13
254 154 16
408 308 17
428 328 18
453 353 15
516 416 18
523 423 16
562 462 17
597 497 16
636 536 17
651 551 13
687 587 16
764 664 14
769 669 17
853 753 17
910 810 16
1100 1000 18
265 165 15
316 216 15
329 229 15
358 258 14
368 268 18
371 271 18
474 374 15
492 392 14
518 418 16
592 492 18
799 699 17
814 714 18
864 764 16
918 818 18
934 834 18
969 869 13
979 879 16
993 893 13
1021 921 15
1083 983 18
196 96 18
267 167 15
332 232 16
346 246 15
384 284 14
394 294 13
448 348 16
456 356 13
498 398 16
533 433 15
555 455 17
559 459 14
585 485 17
640 540 18
685 585 18
832 732 15
874 774 17
885 785 15
899 799 15
1002 902 13
134 34 17
214 114 16
293 193 16
306 206 16
332 232 14
341 241 16
363 263 16
384 284 15
395 295 14
423 323 14
498 398 15
519 419 14
622 522 14
629 529 18
736 636 15
772 672 18
869 769 15
909 809 16
1025 925 16
1037 937 16
123 23 16
127 27 15
149 49 17
159 59 15
219 119 16
333 233 15
356 256 15
381 281 15
515 415 15
651 551 17
666 566 13
692 592 14
730 630 16
750 650 17
834 734 13
874 774 17
920 820 15
962 862 18
1030 930 18
1074 974 16
106 6 13
110 10 15
132 32 15
173 73 15
178 78 18
214 114 18
281 181 15
367 267 14
409 309 16
421 321 18
476 376 15
554 454 17
798 698 18
823 723 16
832 732 17
849 749 13
870 770 18
1023 923 14
1041 941 15
1044 944 17
133 33 17
238 138 16
260 160 15
311 211 15
378 278 17
428 328 13
452 352 18
458 358 14
477 377 15
522 422 18
554 454 17
558 458 17
618 518 16
653 553 18
724 624 18
753 653 14
869 769 14
954 854 18
1012 912 17
1077 977 15
172 72 16
247 147 17
334 234 17
405 305 14
519 419 18
532 432 16
580 480 15
607 507 14
632 532 14
708 608 18
782 682 14
837 737 14
857 757 14
951 851 17
964 864 17
1000 900 15
1008 908 13
1026 926 18
1029 929 14
1052 952 14
142 42 16
165 65 14
336 236 14
361 261 17
372 272 17
383 283 17
511 411 14
521 421 15
548 448 17
551 451 14
574 474 17
597 497 15
684 584 18
721 621 16
722 622 17
754 654 15
820 720 15
881 781 16
885 785 17
899 799 14
211 111 18
293 193 18
309 209 16
337 237 14
337 237 16
384 284 14
415 315 18
443 343 16
506 406 15
545 445 14
570 470 16
584 484 17
599 499 17
658 558 14
720 620 16
737 637 16
765 665 14
926 826 14
987 887 16
1050 950 13
127 27 18
207 107 17
216 116 15
231 131 15
273 173 15
490 390 15
501 401 13
502 402 16
504 404 18
519 419 15
659 559 16
679 579 17
748 648 15
802 702 18
826 726 15
870 770 18
884 784 18
959 859 13
992 892 15
1013 913 14
169 69 15
304 204 17
311 211 13
377 277 13
451 351 18
481 381 16
518 418 13
616 516 16
708 608 14
720 620 17
757 657 16
805 705 13
816 716 17
848 748 14
857 757 16
858 758 18
956 856 14
956 856 16
980 880 14
1045 945 15
113 13 13
198 98 16
241 141 16
319 219 16
369 269 14
388 288 14
406 306 17
407 307 17
455 355 17
598 498 17
718 618 16
736 636 13
767 667 14
921 821 13
931 831 18
967 867 17
977 877 13
1046 946 14
1052 952 14
1052 952 18
132 32 16
141 41 15
149 49 13
153 53 16
161 61 13
198 98 18
203 103 15
285 185 18
286 186 16
538 438 15
602 502 13
609 509 15
663 563 15
680 580 15
740 640 18
744 644 16
820 720 16
870 770 18
873 773 15
1098 998 15
174 74 18
184 84 14
209 109 18
255 155 17
280 180 17
404 304 14
466 366 13
531 431 14
546 446 16
608 508 17
627 527 17
667 567 16
734 634 16
770 670 18
774 674 18
949 849 17
960 860 15
986 886 16
1068 968 16
1097 997 14
197 97 15
261 161 14
279 179 14
280 180 18
289 189 15
314 214 15
317 217 15
375 275 14
377 277 16
573 473 17
663 563 15
749 649 15
813 713 16
815 715 16
882 782 17
882 782 18
927 827 17
950 850 13
951 851 18
994 894 18
126 26 15
144 44 15
158 58 18
295 195 18
298 198 16
352 252 13
518 418 15
574 474 15
625 525 17
642 542 17
701 601 18
750 650 17
870 770 15
904 804 13
951 851 15
955 855 13
982 882 18
1039 939 17
1052 952 17
1077 977 15
254 154 18
277 177 13
301 201 18
396 296 14
402 302 17
431 331 14
509 409 17
528 428 18
538 438 14
548 448 18
638 538 18
675 575 17
725 625 16
746 646 18
836 736 18
867 767 15
924 824 14
994 894 13
1036 936 13
1036 936 15
141 41 15
162 62 14
206 106 15
229 129 17
320 220 17
348 248 17
413 313 15
442 342 15
472 372 15
590 490 13
598 498 17
660 560 16
674 574 14
679 579 13
706 606 13
757 657 16
815 715 16
830 730 14
892 792 14
946 846 17
104 4 14
222 122 14
248 148 14
325 225 15
328 228 14
347 247 14
456 356 17
471 371 14
665 565 17
718 618 15
764 664 18
790 690 13
794 694 16
823 723 16
833 733 16
907 807 18
912 812 14
948 848 16
1014 914 18
1022 922 15
103 3 18
116 16 18
136 36 17
161 61 14
210 110 16
291 191 13
458 358 13
514 414 16
611 511 15
624 524 14
636 536 18
662 562 16
709 609 14
725 625 13
727 627 18
846 746 16
906 806 16
1071 971 17
1083 983 15
1092 992 16
197 97 15
233 133 15
248 148 14
368 268 13
370 270 13
471 371 13
485 385 14
507 407 15
524 424 16
574 474 17
623 523 16
649 549 18
790 690 14
814 714 18
897 797 14
1019 919 14
1024 924 13
1030 930 18
1064 964 17
1081 981 17
107 7 18
285 185 18
292 192 16
472 372 17
495 395 15
495 395 17
498 398 13
600 500 16
622 522 17
738 638 14
777 677 14
799 699 18
886 786 15
924 824 15
954 854 16
957 857 13
1011 911 15
1012 912 16
1076 976 17
1077 977 15
177 77 13
202 102 14
209 109 15
214 114 13
225 125 17
274 174 17
377 277 17
459 359 13
469 369 14
504 404 13
604 504 18
653 553 16
726 626 15
787 687 16
950 850 16
986 886 16
988 888 14
1035 935 16
1038 938 17
1055 955 16
113 13 18
137 37 14
155 55 16
178 78 18
210 110 15
394 294 18
422 322 15
434 334 14
454 354 16
465 365 14
505 405 14
546 446 13
570 470 18
587 487 15
697 597 14
724 624 18
765 665 18
876 776 18
988 888 15
1048 948 13
118 18 13
123 23 17
168 68 16
219 119 15
476 376 14
478 378 18
505 405 16
572 472 14
583 483 16
608 508 16
838 738 15
871 771 13
986 886 15
1009 909 15
1036 936 13
1048 948 14
1056 956 16
1059 959 18
1070 970 13
1087 987 16
192 92 13
193 93 14
213 113 14
236 136 15
273 173 16
277 177 16
290 190 14
293 193 16
322 222 17
480 380 17
528 428 15
561 461 17
668 568 15
705 605 14
819 719 18
822 722 15
863 763 18
870 770 17
943 843 14
1050 950 15
246 146 18
342 242 15
360 260 17
396 296 16
407 307 16
453 353 13
465 365 14
480 380 18
514 414 18
583 483 15
759 659 15
767 667 13
796 696 17
963 863 14
964 864 14
967 867 13
970 870 17
1023 923 16
1046 946 18
1092 992 18
130 30 16
167 67 16
303 203 15
398 298 13
424 324 16
432 332 16
442 342 14
494 394 16
596 496 15
674 574 18
756 656 16
794 694 15
805 705 13
820 720 16
860 760 16
882 782 15
902 802 15
945 845 17
966 866 15
1073 973 18
140 40 13
174 74 16
189 89 18
212 112 16
270 170 14
296 196 15
463 363 14
485 385 16
504 404 18
505 405 16
537 437 16
688 588 13
709 609 15
779 679 15
807 707 18
899 799 18
902 802 14
904 804 16
957 857 18
1043 943 17
105 5 14
106 6 16
124 24 14
214 114 18
321 221 16
445 345 18
451 351 15
464 364 18
465 365 14
580 480 16
674 574 16
692 592 16
736 636 14
766 666 17
797 697 16
799 699 16
941 841 13
947 847 16
958 858 16
1033 933 15
105 5 13
148 48 17
155 55 18
234 134 15
265 165 18
290 190 14
297 197 14
423 323 16
475 375 15
509 409 17
538 438 14
564 464 14
600 500 17
739 639 18
740 640 14
800 700 14
950 850 16
984 884 17
1018 918 18
1021 921 16
228 128 13
301 201 15
324 224 15
387 287 17
411 311 15
413 313 13
427 327 13
434 334 17
458 358 15
459 359 18
517 417 14
531 431 16
543 443 16
637 537 18
707 607 16
709 609 17
715 615 17
772 672 16
881 781 17
1085 985 18
217 117 15
255 155 15
334 234 13
378 278 18
452 352 16
531 431 18
551 451 14
583 483 13
670 570 16
702 602 14
708 608 17
747 647 16
774 674 13
829 729 15
854 754 16
932 832 14
1011 911 16
1022 922 16
1030 930 13
1080 980 16
229 129 13
242 142 15
247 147 14
289 189 17
293 193 14
335 235 18
350 250 13
404 304 13
482 382 18
515 415 17
651 551 13
653 553 17
727 627 15
862 762 15
879 779 14
998 898 16
1016 916 16
1070 970 13
1095 995 17
1099 999 18
138 38 13
149 49 16
255 155 13
348 248 16
350 250 18
385 285 15
498 398 15
516 416 13
562 462 15
654 554 17
664 564 14
703 603 15
709 609 14
724 624 18
736 636 16
743 643 16
763 663 14
892 792 18
898 798 17
920 820 18
126 26 18
148 48 17
181 81 17
319 219 17
503 403 17
510 410 16
584 484 13
605 505 15
650 550 15
694 594 14
698 598 17
751 651 13
763 663 15
822 722 13
914 814 16
943 843 17
1027 927 16
1040 940 15
1070 970 15
1100 1000 15
106 6 16
106 6 17
124 24 15
175 75 14
277 177 16
306 206 16
380 280 16
394 294 14
437 337 16
476 376 13
481 381 14
485 385 17
556 456 16
575 475 15
691 591 14
777 677 14
867 767 13
914 814 17
979 879 13
1036 936 16
240 140 16
266 166 18
267 167 17
275 175 16
409 309 17
432 332 16
434 334 16
454 354 16
514 414 17
642 542 14
688 588 15
691 591 17
700 600 14
723 623 17
812 712 15
853 753 17
883 783 17
938 838 18
942 842 16
1041 941 17
169 69 13
170 70 16
264 164 16
366 266 18
512 412 13
546 446 14
550 450 17
572 472 17
671 571 16
742 642 18
819 719 14
872 772 16
890 790 15
965 865 16
976 876 14
1011 911 18
1025 925 14
1064 964 18
1067 967 16
1073 973 16
175 75 13
212 112 14
226 126 17
238 138 18
249 149 13
254 154 14
317 217 14
343 243 17
359 259 18
473 373 17
544 444 16
558 458 16
605 505 16
608 508 16
680 580 16
745 645 17
763 663 16
770 670 18
847 747 14
904 804 16
153 53 16
173 73 17
191 91 16
317 217 17
457 357 18
560 460 18
584 484 17
611 511 14
615 515 17
618 518 18
707 607 18
769 669 13
783 683 14
807 707 16
897 797 15
905 805 14
961 861 14
988 888 14
993 893 18
1093 993 13
282 182 18
332 232 17
343 243 13
362 262 17
368 268 13
390 290 15
429 329 13
479 379 14
542 442 18
572 472 15
633 533 14
636 536 17
736 636 15
753 653 14
877 777 18
975 875 17
1050 950 17
1053 953 15
1061 961 13
1097 997 13
163 63 15
274 174 15
378 278 16
415 315 14
511 411 13
527 427 17
580 480 15
601 501 17
680 580 15
684 584 18
693 593 18
730 630 16
841 741 14
879 779 15
902 802 17
922 822 17
986 886 15
1006 906 15
1031 931 15
1056 956 16
306 206 17
382 282 17
458 358 13
542 442 17
562 462 15
623 523 18
665 565 16
701 601 13
719 619 17
790 690 15
854 754 16
875 775 16
880 780 14
886 786 15
906 806 13
918 818 18
945 845 15
953 853 17
987 887 16
1096 996 18
