2000 100 503868
20 138 250
20 100 166
20 75 155
20 82 157
20 144 156
20 149 169
20 81 222
20 97 249
20 101 177
20 118 212
20 116 249
20 136 175
20 91 228
20 66 152
20 142 194
20 63 201
20 103 172
20 146 191
20 103 200
20 128 157
20 63 168
20 146 244
20 148 177
20 101 220
20 73 250
20 104 185
20 135 231
20 105 167
20 131 187
20 61 210
20 53 199
20 118 179
20 77 195
20 79 220
20 98 236
20 116 172
20 98 180
20 132 249
20 116 203
20 149 195
20 52 207
20 150 162
20 101 236
20 81 191
20 100 233
20 58 219
20 143 244
20 62 228
20 130 242
20 89 235
20 71 216
20 59 188
20 139 223
20 92 158
20 68 184
20 106 194
20 91 167
20 56 198
20 96 229
20 73 236
20 121 150
20 145 155
20 82 208
20 121 194
20 104 234
20 71 170
20 149 198
20 144 164
20 92 197
20 82 165
20 108 250
20 136 199
20 125 203
20 116 165
20 56 183
20 54 199
20 136 190
20 97 196
20 78 158
20 136 205
20 148 230
20 140 203
20 79 194
20 54 205
20 115 222
20 92 250
20 123 215
20 84 186
20 116 176
20 141 222
20 123 162
20 143 216
20 55 175
20 115 169
20 95 248
20 137 153
20 123 169
20 136 216
20 74 162
20 135 214
170 70 16
524 424 16
591 491 14
601 501 12
635 535 16
665 565 14
666 566 13
732 632 12
742 642 14
760 660 14
774 674 17
778 678 17
806 706 15
808 708 15
1009 909 16
1037 937 16
1051 951 14
1054 954 12
1059 959 13
1087 987 12
150 50 16
173 73 16
199 99 15
258 158 17
331 231 12
331 231 13
498 398 15
540 440 15
558 458 12
659 559 15
817 717 15
833 733 15
897 797 16
911 811 12
920 820 14
971 871 16
989 889 13
1006 906 14
1022 922 13
1084 984 16
110 10 13
129 29 15
144 44 14
144 44 14
181 81 12
201 101 16
445 345 13
452 352 14
474 374 15
562 462 15
593 493 13
613 513 15
654 554 13
686 586 15
733 633 16
750 650 12
787 687 13
872 772 17
1056 956 16
1079 979 17
102 2 12
106 6 17
119 19 13
207 107 15
280 180 14
346 246 16
445 345 12
466 366 16
479 379 13
481 381 12
541 441 15
571 471 13
585 485 13
591 491 15
760 660 15
790 690 15
857 757 17
867 767 17
885 785 14
996 896 14
113 13 16
210 110 12
353 253 17
361 261 16
385 285 13
501 401 17
534 434 14
549 449 14
567 467 14
615 515 14
630 530 12
678 578 15
698 598 15
764 664 12
821 721 15
881 781 16
909 809 13
929 829 12
989 889 14
1056 956 14
187 87 13
196 96 13
246 146 12
268 168 12
281 181 13
301 201 16
447 347 13
482 382 14
540 440 15
549 449 16
695 595 15
823 723 16
830 730 13
913 813 14
975 875 13
980 880 12
1003 903 14
1030 930 15
1052 952 13
1079 979 14
162 62 15
192 92 16
229 129 12
232 132 14
255 155 12
267 167 12
314 214 17
321 221 14
337 237 15
379 279 12
415 315 15
451 351 16
485 385 13
584 484 15
663 563 14
811 711 14
904 804 13
1035 935 16
1078 978 12
1092 992 16
109 9 16
208 108 16
275 175 15
294 194 15
367 267 14
415 315 13
450 350 15
468 368 12
498 398 17
534 434 13
564 464 13
631 531 16
635 535 12
918 818 16
964 864 13
1004 904 16
1025 925 14
1032 932 14
1052 952 13
1071 971 14
132 32 14
168 68 13
242 142 14
275 175 14
300 200 13
337 237 13
375 275 15
426 326 14
439 339 16
444 344 14
461 361 13
505 405 15
688 588 14
728 628 13
775 675 15
912 812 13
916 816 15
1018 918 12
1025 925 14
1054 954 15
102 2 15
134 34 15
173 73 15
209 109 14
280 180 13
335 235 13
340 240 14
344 244 16
480 380 15
581 481 12
586 486 16
701 601 13
708 608 16
733 633 12
738 638 13
757 657 14
895 795 15
981 881 14
1071 971 17
1079 979 13
112 12 14
128 28 12
189 89 13
276 176 16
296 196 16
313 213 12
430 330 16
483 383 15
583 483 16
650 550 16
696 596 13
749 649 14
889 789 15
900 800 12
998 898 16
1027 927 12
1030 930 13
1087 987 15
1089 989 16
1095 995 13
201 101 17
222 122 12
249 149 15
371 271 15
383 283 16
470 370 13
478 378 12
506 406 12
706 606 17
726 626 17
782 682 12
789 689 16
815 715 14
834 734 13
870 770 15
921 821 16
970 870 16
972 872 13
1002 902 15
1029 929 13
205 105 15
243 143 14
256 156 16
266 166 16
290 190 12
352 252 15
364 264 15
458 358 13
525 425 16
531 431 14
569 469 16
572 472 13
576 476 15
688 588 14
726 626 14
783 683 12
812 712 13
938 838 15
969 869 13
1012 912 13
134 34 16
136 36 12
159 59 13
184 84 15
256 156 16
257 157 16
271 171 17
285 185 13
294 194 16
416 316 14
448 348 16
451 351 13
559 459 16
643 543 15
647 547 15
704 604 16
714 614 16
803 703 14
919 819 15
979 879 15
102 2 12
210 110 16
243 143 15
341 241 12
357 257 12
371 271 12
428 328 16
461 361 12
462 362 14
550 450 16
552 452 15
724 624 15
728 628 13
744 644 13
772 672 12
829 729 14
949 849 13
1062 962 13
1081 981 15
1094 994 14
121 21 15
333 233 14
335 235 15
420 320 15
503 403 15
521 421 12
564 464 13
610 510 17
622 522 16
746 646 16
769 669 16
783 683 15
796 696 16
879 779 16
1019 919 15
1022 922 13
1056 956 12
1062 962 13
1066 966 15
1100 1000 13
186 86 14
220 120 14
268 168 14
314 214 14
328 228 12
349 249 14
368 268 15
396 296 15
440 340 16
463 363 13
479 379 15
501 401 14
537 437 12
559 459 15
583 483 14
587 487 15
615 515 15
758 658 12
859 759 12
980 880 13
120 20 16
155 55 16
200 100 13
210 110 15
234 134 12
243 143 17
250 150 14
257 157 16
355 255 14
366 266 16
437 337 15
578 478 17
702 602 16
721 621 15
778 678 14
822 722 13
829 729 17
912 812 12
945 845 13
1028 928 17
115 15 13
167 67 16
203 103 14
305 205 15
334 234 14
356 256 14
462 362 13
573 473 16
607 507 14
633 533 15
649 549 16
658 558 14
703 603 17
720 620 16
800 700 13
807 707 13
810 710 13
980 880 13
1030 930 15
1080 980 14
131 31 12
221 121 13
308 208 12
371 271 14
389 289 15
444 344 14
457 357 14
515 415 12
529 429 13
539 439 12
603 503 13
674 574 16
751 651 14
802 702 12
833 733 13
874 774 13
923 823 17
954 854 14
996 896 16
1078 978 12
185 85 15
310 210 16
401 301 13
408 308 14
421 321 14
466 366 16
479 379 15
491 391 15
595 495 12
659 559 14
707 607 16
726 626 15
748 648 12
812 712 17
899 799 15
905 805 16
1018 918 14
1042 942 16
1050 950 14
1062 962 13
105 5 14
158 58 16
256 156 12
279 179 12
353 253 13
370 270 15
392 292 15
416 316 14
539 439 13
571 471 13
612 512 17
615 515 14
874 774 12
912 812 16
942 842 16
942 842 17
954 854 14
988 888 15
1000 900 17
1039 939 15
165 65 16
185 85 16
201 101 14
205 105 15
239 139 14
247 147 16
255 155 12
335 235 12
368 268 13
405 305 14
419 319 13
432 332 13
476 376 12
572 472 12
637 537 12
680 580 14
682 582 17
911 811 15
953 853 15
1099 999 14
174 74 15
175 75 15
177 77 13
201 101 14
274 174 13
323 223 12
413 313 15
505 405 13
546 446 13
573 473 13
583 483 16
678 578 13
681 581 13
702 602 13
715 615 16
767 667 13
888 788 13
891 791 14
1051 951 15
1095 995 16
141 41 14
183 83 13
265 165 12
284 184 15
395 295 15
509 409 12
568 468 13
590 490 17
622 522 15
640 540 15
710 610 13
753 653 13
832 732 14
834 734 15
846 746 16
938 838 14
996 896 17
998 898 15
1028 928 15
1093 993 16
109 9 12
119 19 15
217 117 13
246 146 13
341 241 16
344 244 12
398 298 16
399 299 13
507 407 13
520 420 15
582 482 16
608 508 12
652 552 14
706 606 12
721 621 14
796 696 15
877 777 13
930 830 14
956 856 15
1002 902 13
158 58 16
168 68 14
218 118 14
316 216 15
319 219 16
448 348 17
472 372 16
472 372 17
531 431 12
538 438 12
643 543 15
662 562 12
770 670 17
813 713 13
914 814 12
930 830 15
946 846 14
963 863 13
994 894 14
1009 909 15
176 76 12
185 85 15
284 184 15
375 275 16
533 433 12
541 441 13
572 472 17
610 510 13
648 548 13
655 555 12
703 603 15
773 673 17
810 710 13
810 710 14
832 732 17
893 793 13
897 797 15
936 836 15
991 891 14
1011 911 16
101 1 14
142 42 14
157 57 12
219 119 14
309 209 14
311 211 14
370 270 17
419 319 15
475 375 12
642 542 12
651 551 14
657 557 12
660 560 16
684 584 15
763 663 13
774 674 15
795 695 13
821 721 12
925 825 14
1094 994 14
124 24 15
217 117 13
224 124 13
286 186 15
288 188 15
321 221 15
325 225 17
330 230 16
352 252 17
433 333 13
471 371 16
572 472 16
609 509 16
621 521 14
861 761 12
947 847 12
957 857 12
957 857 14
1052 952 14
1077 977 13
146 46 14
198 98 13
420 320 16
437 337 12
444 344 15
477 377 17
501 401 17
525 425 16
528 428 15
546 446 13
619 519 14
694 594 16
729 629 15
756 656 14
790 690 15
861 761 12
968 868 17
987 887 16
1034 934 17
1079 979 16
149 49 14
197 97 14
217 117 14
237 137 15
257 157 16
282 182 14
374 274 13
385 285 15
493 393 16
515 415 16
523 423 16
577 477 15
641 541 14
769 669 12
775 675 12
869 769 14
888 788 16
896 796 16
1049 949 14
1052 952 15
136 36 16
186 86 13
346 246 14
363 263 15
438 338 16
478 378 16
508 408 15
510 410 14
611 511 15
613 513 13
616 516 15
654 554 17
747 647 15
841 741 12
848 748 14
913 813 13
949 849 12
990 890 13
994 894 16
1078 978 13
159 59 14
178 78 17
182 82 14
193 93 13
245 145 16
322 222 16
468 368 12
514 414 15
532 432 14
540 440 16
654 554 13
667 567 13
700 600 15
709 609 14
714 614 15
720 620 12
804 704 13
877 777 16
894 794 17
984 884 16
108 8 16
125 25 12
129 29 14
144 44 13
148 48 15
219 119 17
307 207 15
347 247 15
354 254 14
382 282 17
401 301 16
435 335 13
436 336 13
451 351 12
537 437 16
611 511 15
713 613 15
751 651 16
799 699 13
878 778 17
149 49 16
191 91 17
234 134 12
311 211 12
322 222 14
331 231 14
358 258 13
365 265 13
471 371 14
517 417 12
559 459 16
606 506 16
646 546 17
671 571 14
718 618 13
734 634 14
846 746 16
933 833 14
1001 901 14
1025 925 12
151 51 16
163 63 14
168 68 14
171 71 15
200 100 13
275 175 12
323 223 15
336 236 14
377 277 16
453 353 15
504 404 15
626 526 13
725 625 16
835 735 16
845 745 14
845 745 15
894 794 13
1044 944 13
1073 973 12
1073 973 16
206 106 15
223 123 15
289 189 15
313 213 15
394 294 13
476 376 17
527 427 17
530 430 16
575 475 14
599 499 12
604 504 14
730 630 13
774 674 17
933 833 14
991 891 16
1010 910 16
1033 933 13
1036 936 14
1052 952 12
1093 993 12
128 28 13
207 107 13
208 108 16
263 163 13
356 256 14
373 273 14
487 387 16
607 507 13
707 607 12
727 627 12
759 659 15
774 674 17
795 695 13
847 747 15
858 758 14
884 784 13
979 879 12
1030 930 13
1062 962 17
1093 993 17
117 17 16
127 27 14
138 38 14
300 200 16
379 279 14
442 342 15
448 348 15
490 390 13
627 527 14
749 649 14
766 666 15
808 708 13
813 713 16
984 884 15
1023 923 13
1026 926 12
1037 937 15
1040 940 15
1056 956 12
1081 981 14
114 14 15
163 63 16
193 93 12
240 140 16
295 195 15
335 235 12
389 289 16
403 303 14
413 313 14
557 457 13
632 532 13
673 573 14
739 639 12
819 719 14
820 720 14
853 753 13
1021 921 12
1024 924 12
1057 957 12
1100 1000 17
225 125 13
260 160 12
268 168 13
323 223 15
398 298 15
508 408 14
552 452 15
560 460 14
623 523 13
625 525 13
665 565 15
691 591 15
707 607 13
730 630 13
736 636 17
781 681 15
853 753 17
907 807 14
1015 915 16
1017 917 13
103 3 15
124 24 14
162 62 16
247 147 16
293 193 14
301 201 15
321 221 13
334 234 14
374 274 14
397 297 15
538 438 16
621 521 16
655 555 15
730 630 15
737 637 16
826 726 13
837 737 13
865 765 17
912 812 15
1038 938 16
102 2 15
104 4 12
204 104 13
205 105 14
216 116 16
330 230 16
332 232 16
346 246 17
396 296 15
480 380 16
654 554 16
658 558 17
661 561 12
668 568 12
799 699 12
885 785 13
938 838 15
1005 905 14
1020 920 13
1049 949 15
109 9 14
178 78 17
344 244 14
374 274 15
439 339 16
456 356 12
468 368 12
522 422 14
538 438 12
600 500 17
640 540 16
684 584 16
723 623 12
777 677 13
940 840 12
948 848 15
960 860 13
1022 922 14
1042 942 17
1052 952 13
111 11 16
148 48 17
213 113 12
294 194 12
509 409 16
548 448 13
563 463 14
582 482 15
646 546 15
658 558 16
681 581 14
701 601 13
760 660 16
779 679 16
844 744 15
865 765 16
882 782 15
984 884 14
992 892 13
1044 944 14
132 32 14
170 70 12
249 149 17
261 161 17
277 177 12
282 182 16
288 188 13
385 285 12
386 286 16
529 429 14
536 436 13
575 475 15
731 631 14
855 755 14
947 847 15
965 865 14
1000 900 12
1017 917 12
1059 959 12
1085 985 13
157 57 13
171 71 16
204 104 14
214 114 13
230 130 12
325 225 12
333 233 17
369 269 12
401 301 14
446 346 16
517 417 14
546 446 16
549 449 12
562 462 13
716 616 16
772 672 14
796 696 12
923 823 16
956 856 12
970 870 14
166 66 16
202 102 14
213 113 16
331 231 16
369 269 12
377 277 17
384 284 14
395 295 14
470 370 12
505 405 15
565 465 15
619 519 13
693 593 16
723 623 16
814 714 16
836 736 15
921 821 12
940 840 15
954 854 14
1051 951 14
195 95 14
208 108 16
225 125 13
234 134 16
364 264 14
366 266 15
489 389 15
663 563 16
674 574 12
678 578 13
682 582 15
727 627 14
788 688 16
818 718 14
859 759 16
931 831 14
952 852 16
1002 902 13
1038 938 14
1100 1000 14
150 50 13
158 58 16
207 107 12
347 247 16
448 348 14
513 413 12
556 456 15
570 470 16
588 488 16
668 568 14
881 781 12
883 783 12
892 792 17
935 835 13
969 869 13
982 882 14
1033 933 17
1048 948 16
1067 967 15
1093 993 16
227 127 16
292 192 16
364 264 14
389 289 15
391 291 14
408 308 15
494 394 12
526 426 17
555 455 13
640 540 15
648 548 15
781 681 15
783 683 12
833 733 15
836 736 12
857 757 12
901 801 15
965 865 14
1087 987 16
1098 998 17
206 106 12
285 185 14
358 258 15
450 350 16
452 352 17
494 394 13
554 454 16
655 555 17
681 581 13
692 592 17
743 643 15
757 657 15
788 688 15
887 787 12
937 837 16
946 846 12
979 879 17
1001 901 12
1010 910 12
1041 941 13
171 71 14
196 96 16
256 156 17
290 190 16
316 216 14
365 265 15
365 265 15
411 311 14
446 346 16
472 372 12
495 395 15
534 434 16
562 462 15
563 463 14
610 510 16
761 661 13
769 669 16
906 806 16
977 877 15
1015 915 17
101 1 15
104 4 12
114 14 15
129 29 13
198 98 15
263 163 16
271 171 14
272 172 15
342 242 13
349 249 15
400 300 12
494 394 14
632 532 12
661 561 16
788 688 13
928 828 16
958 858 12
961 861 13
967 867 13
1066 966 12
106 6 17
119 19 14
146 46 12
147 47 15
204 104 12
312 212 12
429 329 15
445 345 16
454 354 13
457 357 15
465 365 13
557 457 12
570 470 15
804 704 16
819 719 17
830 730 16
843 743 13
855 755 13
921 821 16
1097 997 14
213 113 14
220 120 13
310 210 13
352 252 13
355 255 14
360 260 16
415 315 13
460 360 14
501 401 12
532 432 17
562 462 13
562 462 13
660 560 15
781 681 14
885 785 13
980 880 13
985 885 13
1010 910 17
1055 955 12
1076 976 15
111 11 16
165 65 17
241 141 13
260 160 15
288 188 15
320 220 16
438 338 12
524 424 13
585 485 16
638 538 14
712 612 14
879 779 15
881 781 12
894 794 15
925 825 16
955 855 15
1028 928 13
1032 932 15
1050 950 16
1052 952 15
282 182 15
415 315 12
422 322 13
441 341 16
445 345 16
448 348 17
452 352 16
498 398 17
528 428 13
648 548 15
661 561 14
724 624 13
741 641 13
770 670 16
846 746 16
938 838 16
999 899 16
1012 912 16
1022 922 14
1076 976 12
201 101 12
250 150 15
257 157 12
275 175 15
294 194 13
312 212 17
656 556 16
664 564 13
726 626 15
731 631 15
734 634 13
752 652 16
846 746 17
894 794 13
920 820 12
929 829 16
939 839 12
966 866 12
987 887 17
1086 986 15
120 20 12
175 75 15
182 82 15
196 96 16
308 208 15
314 214 16
320 220 12
454 354 15
459 359 12
459 359 13
517 417 12
608 508 15
691 591 12
746 646 12
760 660 16
940 840 15
940 840 17
959 859 13
1001 901 17
1081 981 15
216 116 13
240 140 15
294 194 16
421 321 16
451 351 16
561 461 14
600 500 16
624 524 17
695 595 17
698 598 16
714 614 13
836 736 12
863 763 12
883 783 15
947 847 13
958 858 15
969 869 17
1029 929 17
1065 965 15
1095 995 16
103 3 16
141 41 12
145 45 14
151 51 17
207 107 14
226 126 12
268 168 15
391 291 16
397 297 14
478 378 14
670 570 14
684 584 15
696 596 12
793 693 13
804 704 15
808 708 15
889 789 14
968 868 16
998 898 13
1094 994 13
112 12 14
329 229 13
448 348 13
567 467 12
713 613 17
727 627 12
730 630 16
758 658 17
772 672 17
798 698 12
908 808 14
941 841 16
957 857 15
967 867 12
976 876 14
1039 939 12
1062 962 13
1065 965 14
1083 983 15
1090 990 16
108 8 16
282 182 12
318 218 12
365 265 12
386 286 15
404 304 14
543 443 12
611 511 14
653 553 17
729 629 14
747 647 14
827 727 13
864 764 16
880 780 16
947 847 16
983 883 14
998 898 13
1048 948 12
1061 961 13
1066 966 12
158 58 15
161 61 12
258 158 16
431 331 12
559 459 17
598 498 15
659 559 15
700 600 16
745 645 12
750 650 12
806 706 16
925 825 15
952 852 14
965 865 13
970 870 13
1005 905 16
1031 931 14
1035 935 14
1037 937 13
1047 947 13
116 16 12
119 19 15
300 200 16
341 241 14
370 270 14
423 323 14
442 342 14
459 359 13
469 369 15
477 377 12
522 422 14
630 530 16
721 621 15
784 684 14
817 717 12
833 733 14
918 818 17
933 833 14
978 878 15
979 879 13
115 15 12
160 60 13
174 74 12
314 214 12
352 252 13
404 304 17
429 329 14
509 409 13
511 411 15
540 440 14
559 459 15
732 632 14
769 669 14
804 704 12
827 727 13
901 801 17
917 817 12
930 830 17
950 850 16
978 878 13
114 14 15
140 40 13
401 301 16
421 321 16
452 352 14
460 360 14
519 419 15
578 478 15
591 491 17
638 538 15
671 571 15
687 587 15
699 599 16
733 633 14
752 652 15
858 758 12
863 763 14
934 834 16
944 844 12
1098 998 13
103 3 14
132 32 12
208 108 13
233 133 14
240 140 13
246 146 15
375 275 15
384 284 16
518 418 14
569 469 15
600 500 15
604 504 14
637 537 17
725 625 16
748 648 15
794 694 15
799 699 15
847 747 15
910 810 13
1045 945 12
151 51 14
178 78 12
192 92 16
201 101 13
205 105 15
263 163 15
271 171 16
275 175 14
330 230 13
336 236 12
389 289 16
431 331 14
459 359 14
481 381 12
565 465 14
658 558 13
704 604 13
709 609 15
774 674 16
1062 962 13
113 13 16
161 61 16
281 181 16
302 202 16
373 273 15
407 307 16
408 308 14
570 470 15
602 502 13
618 518 12
619 519 15
626 526 15
638 538 12
667 567 14
687 587 14
696 596 13
819 719 14
910 810 12
927 827 14
1040 940 17
193 93 17
196 96 14
216 116 13
333 233 13
474 374 16
525 425 16
530 430 16
600 500 13
638 538 14
656 556 14
696 596 12
853 753 15
866 766 17
875 775 12
888 788 16
897 797 13
922 822 14
1042 942 13
1078 978 14
1100 1000 14
131 31 15
315 215 16
330 230 14
335 235 15
349 249 14
362 262 16
427 327 17
430 330 14
440 340 12
466 366 15
479 379 16
688 588 13
705 605 16
741 641 17
770 670 15
832 732 16
900 800 16
979 879 16
1070 970 16
1073 973 14
131 31 12
135 35 15
223 123 15
268 168 14
279 179 12
287 187 13
318 218 12
416 316 13
416 316 14
421 321 14
429 329 15
524 424 16
550 450 14
562 462 14
644 544 16
750 650 16
808 708 14
861 761 16
908 808 16
1038 938 16
161 61 14
226 126 17
236 136 16
360 260 12
388 288 12
397 297 13
443 343 15
503 403 13
517 417 17
559 459 15
731 631 14
748 648 13
779 679 13
845 745 14
920 820 14
921 821 13
928 828 15
960 860 16
994 894 13
1082 982 16
112 12 13
134 34 14
196 96 13
241 141 12
293 193 15
338 238 16
473 373 16
543 443 13
570 470 16
583 483 15
603 503 12
811 711 13
829 729 14
835 735 13
874 774 17
917 817 16
955 855 13
985 885 15
1054 954 14
1091 991 16
112 12 13
139 39 13
186 86 13
233 133 15
241 141 14
337 237 13
389 289 12
403 303 14
454 354 14
561 461 17
699 599 14
781 681 15
825 725 14
853 753 15
863 763 15
886 786 14
913 813 15
933 833 12
994 894 13
1047 947 12
219 119 12
220 120 14
261 161 13
300 200 13
485 385 14
543 443 12
561 461 12
563 463 15
569 469 16
641 541 14
759 659 13
773 673 14
776 676 16
840 740 15
868 768 15
891 791 15
906 806 16
953 853 16
1023 923 13
1069 969 16
146 46 13
157 57 16
176 76 13
194 94 16
221 121 16
272 172 15
458 358 13
465 365 13
477 377 15
533 433 15
614 514 16
645 545 14
654 554 13
703 603 15
756 656 16
795 695 13
816 716 13
859 759 12
1060 960 16
1092 992 16
112 12 12
231 131 15
260 160 13
268 168 17
349 249 15
374 274 14
459 359 12
547 447 12
547 447 17
561 461 13
634 534 12
656 556 12
703 603 15
748 648 12
748 648 13
782 682 15
802 702 17
930 830 13
991 891 16
1041 941 16
158 58 15
224 124 13
270 170 16
390 290 16
409 309 15
462 362 15
573 473 12
578 478 16
777 677 12
797 697 15
831 731 14
834 734 12
864 764 13
910 810 15
912 812 13
969 869 15
971 871 15
1002 902 13
1046 946 14
1082 982 13
112 12 12
161 61 14
176 76 13
188 88 14
201 101 16
227 127 14
320 220 17
321 221 14
334 234 17
359 259 15
372 272 14
503 403 12
540 440 14
600 500 13
657 557 14
672 572 16
705 605 13
842 742 14
852 752 12
882 782 13
130 30 13
184 84 15
255 155 13
263 163 14
321 221 14
362 262 16
424 324 16
455 355 14
470 370 14
485 385 14
580 480 12
638 538 15
674 574 13
754 654 15
769 669 13
776 676 13
788 688 12
818 718 15
1090 990 14
1096 996 14
136 36 16
173 73 14
233 133 14
294 194 14
361 261 14
375 275 16
378 278 12
384 284 14
421 321 17
587 487 16
617 517 16
722 622 13
784 684 15
827 727 16
829 729 13
892 792 13
905 805 13
930 830 17
966 866 15
1060 960 13
139 39 16
146 46 15
170 70 14
172 72 17
214 114 16
235 135 16
236 136 16
264 164 12
292 192 14
297 197 15
316 216 13
469 369 16
525 425 15
759 659 17
789 689 12
811 711 17
821 721 14
824 724 14
860 760 17
991 891 15
178 78 13
195 95 13
203 103 15
289 189 15
424 324 12
470 370 12
506 406 16
556 456 16
562 462 13
616 516 12
622 522 15
673 573 16
709 609 13
864 764 15
865 765 14
866 766 14
905 805 13
932 832 16
1024 924 17
1096 996 13
168 68 15
193 93 17
301 201 13
313 213 12
336 236 14
505 405 14
556 456 13
581 481 16
615 515 15
638 538 15
640 540 13
651 551 16
699 599 16
728 628 15
744 644 14
808 708 16
918 818 13
977 877 14
1015 915 14
1096 996 16
140 40 12
238 138 16
261 161 15
293 193 12
302 202 14
317 217 15
385 285 13
393 293 13
427 327 13
452 352 14
471 371 15
493 393 14
556 456 13
605 505 13
640 540 14
724 624 12
743 643 15
778 678 14
798 698 14
940 840 15
161 61 13
187 87 12
218 118 14
233 133 15
256 156 13
377 277 15
395 295 16
427 327 14
457 357 12
499 399 12
531 431 12
632 532 16
682 582 14
683 583 12
761 661 15
811 711 14
819 719 14
858 758 16
918 818 14
984 884 16
182 82 15
268 168 15
343 243 16
386 286 14
404 304 16
510 410 15
569 469 13
605 505 14
626 526 14
659 559 13
690 590 15
722 622 13
737 637 14
760 660 16
770 670 15
839 739 16
853 753 12
887 787 14
967 867 14
1050 950 13
138 38 14
148 48 14
182 82 16
186 86 16
211 111 16
288 188 16
324 224 13
398 298 15
412 312 14
427 327 16
552 452 13
638 538 14
648 548 15
767 667 12
778 678 14
793 693 16
869 769 17
914 814 17
989 889 15
1056 956 13
220 120 16
291 191 14
386 286 13
429 329 15
431 331 12
488 388 13
489 389 13
509 409 16
552 452 15
669 569 12
674 574 15
727 627 14
735 635 16
749 649 13
768 668 13
798 698 15
799 699 17
990 890 13
1032 932 17
1089 989 12
113 13 13
207 107 12
227 127 16
334 234 16
335 235 15
391 291 15
456 356 16
482 382 13
518 418 15
536 436 17
550 450 15
638 538 12
646 546 12
722 622 13
725 625 14
826 726 16
903 803 15
911 811 16
949 849 13
1019 919 12
176 76 15
189 89 16
225 125 15
246 146 15
271 171 15
301 201 12
318 218 14
367 267 13
504 404 14
534 434 16
547 447 16
565 465 14
619 519 13
621 521 14
693 593 12
791 691 16
865 765 15
894 794 17
920 820 16
971 871 14
195 95 14
203 103 14
241 141 12
264 164 13
394 294 12
401 301 14
486 386 14
505 405 12
552 452 13
554 454 13
560 460 15
614 514 13
650 550 14
697 597 15
713 613 13
842 742 12
886 786 16
989 889 15
1066 966 17
1098 998 13
162 62 13
250 150 13
267 167 17
303 203 12
358 258 14
474 374 15
611 511 12
660 560 14
671 571 12
718 618 17
755 655 13
819 719 16
855 755 16
889 789 16
916 816 13
948 848 15
985 885 13
1031 931 13
1038 938 12
1052 952 16
130 30 15
174 74 14
301 201 14
324 224 16
372 272 16
531 431 15
695 595 12
827 727 13
830 730 15
849 749 14
884 784 15
901 801 17
982 882 14
987 887 13
1013 913 16
1042 942 16
1043 943 15
1046 946 15
1052 952 13
1077 977 13
118 18 14
149 49 17
211 111 14
339 239 14
417 317 12
463 363 16
538 438 13
566 466 12
669 569 16
729 629 14
836 736 13
860 760 12
864 764 14
895 795 16
896 796 14
937 837 14
942 842 15
986 886 14
1007 907 16
1025 925 12
259 159 16
313 213 14
315 215 16
374 274 14
376 276 12
379 279 13
424 324 15
428 328 13
441 341 12
507 407 15
511 411 16
574 474 13
600 500 14
701 601 13
750 650 16
779 679 12
815 715 14
847 747 15
894 794 15
1059 959 17
