1000 100 259687
10 62 198
10 65 231
10 138 214
10 139 209
10 110 187
10 150 246
10 103 195
10 88 213
10 139 197
10 97 210
10 122 182
10 66 216
10 135 210
10 106 196
10 54 200
10 84 195
10 118 224
10 86 210
10 101 183
10 103 162
10 76 205
10 84 181
10 90 208
10 133 232
10 131 246
10 133 192
10 121 202
10 56 171
10 86 210
10 143 176
10 106 233
10 81 188
10 137 235
10 137 176
10 53 188
10 142 210
10 57 214
10 118 177
10 139 188
10 122 157
10 115 244
10 92 248
10 89 225
10 55 214
10 67 177
10 88 151
10 96 224
10 131 164
10 146 162
10 99 194
10 81 211
10 105 176
10 141 212
10 85 211
10 122 188
10 67 241
10 123 220
10 124 209
10 138 162
10 89 154
10 89 186
10 128 209
10 115 204
10 62 250
10 61 194
10 134 247
10 79 239
10 148 160
10 150 206
10 112 174
10 80 234
10 88 224
10 126 195
10 68 242
10 108 228
10 119 202
10 121 190
10 140 202
10 68 199
10 121 223
10 139 175
10 108 208
10 74 202
10 122 202
10 123 233
10 73 173
10 96 216
10 132 167
10 57 220
10 127 212
10 137 242
10 58 243
10 126 205
10 136 193
10 50 196
10 67 192
10 64 168
10 123 156
10 128 222
10 96 224
103 3 27
394 294 28
442 342 28
494 394 25
575 475 24
625 525 30
754 654 25
791 691 27
870 770 24
978 878 31
113 13 29
320 220 32
322 222 27
525 425 27
597 497 26
609 509 26
894 794 25
894 794 25
923 823 32
1046 946 30
216 116 31
403 303 26
466 366 33
570 470 31
728 628 31
892 792 30
1015 915 27
1061 961 25
1064 964 32
1076 976 27
130 30 26
172 72 29
346 246 26
411 311 29
563 463 33
669 569 27
694 594 33
837 737 32
936 836 26
994 894 33
130 30 27
291 191 24
337 237 24
339 239 33
738 638 31
776 676 31
793 693 29
814 714 31
840 740 32
994 894 32
119 19 28
198 98 24
244 144 26
324 224 33
343 243 26
548 448 28
692 592 26
854 754 25
867 767 26
904 804 26
232 132 26
273 173 26
422 322 30
423 323 30
474 374 32
492 392 28
507 407 26
682 582 27
793 693 32
869 769 26
175 75 25
279 179 28
289 189 29
372 272 31
385 285 30
634 534 31
652 552 30
980 880 31
988 888 33
1084 984 26
169 69 27
411 311 25
522 422 28
588 488 33
699 599 30
714 614 30
721 621 33
876 776 26
1038 938 33
1071 971 26
159 59 29
340 240 31
671 571 25
678 578 29
693 593 32
695 595 31
714 614 32
833 733 29
875 775 32
1047 947 27
109 9 29
121 21 25
121 21 30
231 131 33
382 282 29
441 341 25
582 482 26
593 493 28
814 714 26
958 858 27
247 147 28
265 165 30
310 210 29
340 240 31
709 609 26
770 670 31
829 729 26
908 808 30
1005 905 26
1016 916 33
344 244 25
400 300 28
434 334 33
446 346 27
461 361 29
601 501 32
648 548 33
799 699 28
958 858 33
1084 984 32
204 104 30
372 272 33
381 281 32
547 447 26
589 489 30
858 758 28
905 805 25
925 825 33
928 828 32
1046 946 28
163 63 30
357 257 30
440 340 24
557 457 32
626 526 27
737 637 30
742 642 29
790 690 30
861 761 25
924 824 27
252 152 33
309 209 30
361 261 28
411 311 28
481 381 32
520 420 25
617 517 28
741 641 33
822 722 25
884 784 25
136 36 33
331 231 29
449 349 24
474 374 33
479 379 32
765 665 28
861 761 27
917 817 26
1012 912 26
1097 997 24
227 127 31
255 155 29
477 377 31
480 380 24
571 471 26
601 501 26
620 520 28
878 778 24
891 791 33
920 820 33
123 23 29
308 208 31
362 262 31
494 394 28
500 400 24
670 570 32
836 736 26
906 806 26
1008 908 29
1016 916 29
152 52 25
162 62 26
417 317 30
578 478 29
615 515 28
735 635 32
804 704 26
928 828 32
1026 926 27
1058 958 31
169 69 31
266 166 32
350 250 33
384 284 30
405 305 33
451 351 28
574 474 29
615 515 30
999 899 26
1074 974 28
124 24 27
237 137 30
348 248 28
379 279 29
493 393 33
573 473 27
610 510 29
884 784 33
926 826 28
972 872 32
354 254 31
409 309 29
418 318 25
527 427 28
534 434 29
756 656 29
790 690 27
848 748 27
876 776 33
902 802 24
549 449 33
659 559 27
759 659 25
783 683 32
788 688 32
791 691 26
792 692 24
963 863 24
1013 913 28
1051 951 30
246 146 25
246 146 31
571 471 32
613 513 31
664 564 30
759 659 32
762 662 30
904 804 33
950 850 28
1022 922 29
139 39 30
219 119 31
347 247 26
388 288 33
437 337 33
631 531 30
667 567 27
834 734 26
872 772 31
1077 977 31
175 75 31
272 172 25
437 337 25
466 366 25
500 400 26
532 432 29
534 434 30
826 726 27
979 879 25
1051 951 28
192 92 27
194 94 30
282 182 28
357 257 32
399 299 24
419 319 31
427 327 27
511 411 32
793 693 32
984 884 32
156 56 28
195 95 24
297 197 28
337 237 30
546 446 28
581 481 33
724 624 24
814 714 26
826 726 29
1056 956 33
155 55 24
252 152 31
485 385 30
635 535 27
659 559 33
698 598 24
1027 927 28
1034 934 28
1051 951 28
1082 982 29
123 23 32
173 73 31
382 282 26
436 336 32
488 388 32
552 452 32
673 573 33
757 657 27
987 887 31
1005 905 33
218 118 33
249 149 31
302 202 30
339 239 30
570 470 32
823 723 33
943 843 24
976 876 32
1077 977 33
1084 984 28
232 132 26
579 479 25
700 600 29
758 658 27
791 691 32
824 724 28
849 749 30
859 759 24
1004 904 33
1055 955 33
293 193 27
330 230 29
409 309 32
505 405 26
531 431 31
699 599 32
707 607 31
831 731 26
930 830 25
1084 984 26
131 31 24
170 70 26
570 470 31
725 625 26
745 645 31
763 663 33
812 712 31
970 870 33
1040 940 32
1091 991 24
165 65 27
189 89 30
430 330 26
494 394 26
525 425 30
580 480 25
825 725 27
861 761 28
967 867 33
1012 912 29
316 216 30
322 222 25
369 269 26
411 311 29
424 324 25
533 433 31
641 541 30
849 749 26
1055 955 25
1087 987 25
144 44 33
193 93 33
285 185 33
567 467 28
714 614 29
767 667 25
810 710 31
816 716 32
846 746 31
1094 994 32
187 87 28
234 134 27
442 342 25
543 443 26
545 445 31
592 492 24
597 497 27
609 509 26
820 720 30
853 753 25
150 50 31
373 273 26
429 329 32
653 553 26
744 644 30
759 659 26
978 878 25
1005 905 24
1064 964 27
1083 983 31
140 40 26
163 63 30
364 264 33
413 313 28
464 364 24
806 706 31
843 743 32
851 751 33
950 850 30
953 853 33
110 10 25
240 140 31
284 184 29
350 250 30
371 271 33
561 461 26
589 489 30
761 661 31
837 737 29
904 804 28
317 217 26
422 322 30
584 484 26
696 596 27
824 724 25
826 726 30
877 777 28
965 865 28
991 891 30
1030 930 33
191 91 30
218 118 32
253 153 25
350 250 31
403 303 31
461 361 25
474 374 31
542 442 27
776 676 28
816 716 25
145 45 24
335 235 29
379 279 29
463 363 30
595 495 33
657 557 30
673 573 31
797 697 33
817 717 29
933 833 26
338 238 25
408 308 29
490 390 29
492 392 26
614 514 30
657 557 31
738 638 28
764 664 28
855 755 32
928 828 32
246 146 25
261 161 27
326 226 29
554 454 26
595 495 28
659 559 27
729 629 33
846 746 27
1071 971 29
1078 978 30
222 122 25
269 169 26
293 193 32
332 232 25
445 345 31
505 405 29
520 420 33
528 428 32
725 625 33
824 724 24
129 29 30
275 175 33
292 192 25
379 279 29
467 367 31
494 394 24
879 779 24
918 818 33
953 853 26
1011 911 28
192 92 24
383 283 30
537 437 30
613 513 26
757 657 31
833 733 25
835 735 24
880 780 29
936 836 24
991 891 33
173 73 28
531 431 33
733 633 27
860 760 32
870 770 29
894 794 30
953 853 25
955 855 29
1049 949 27
1084 984 31
235 135 27
256 156 24
291 191 29
495 395 31
677 577 26
796 696 32
805 705 31
838 738 27
867 767 24
1070 970 29
184 84 26
313 213 29
380 280 30
405 305 29
412 312 32
572 472 26
674 574 32
799 699 30
1024 924 25
1069 969 32
154 54 32
182 82 33
234 134 28
463 363 33
492 392 24
623 523 28
695 595 25
704 604 24
893 793 33
1008 908 24
150 50 26
220 120 24
300 200 29
337 237 30
704 604 25
781 681 27
836 736 28
917 817 28
1024 924 29
1093 993 29
129 29 29
182 82 27
212 112 28
409 309 32
644 544 31
693 593 26
751 651 28
796 696 32
825 725 29
1060 960 24
125 25 32
295 195 29
463 363 28
565 465 33
853 753 30
895 795 27
928 828 29
936 836 27
1004 904 33
1044 944 25
224 124 29
292 192 31
317 217 31
418 318 26
486 386 31
682 582 33
870 770 27
981 881 25
1038 938 30
1039 939 31
179 79 24
337 237 24
366 266 32
482 382 25
612 512 31
696 596 27
700 600 33
777 677 29
908 808 32
1092 992 31
239 139 27
359 259 29
362 262 33
552 452 32
616 516 26
844 744 30
847 747 26
893 793 27
914 814 24
1065 965 31
124 24 30
233 133 33
275 175 28
431 331 24
586 486 27
711 611 26
746 646 29
883 783 29
951 851 27
1063 963 26
132 32 28
221 121 25
309 209 24
432 332 31
742 642 33
775 675 26
861 761 29
916 816 31
951 851 31
1008 908 32
301 201 33
435 335 31
546 446 24
546 446 30
570 470 28
721 621 27
727 627 30
883 783 27
1008 908 31
1077 977 32
152 52 32
214 114 29
408 308 25
629 529 25
641 541 27
645 545 33
824 724 30
854 754 28
921 821 25
1008 908 24
153 53 25
277 177 33
281 181 27
340 240 24
525 425 29
564 464 31
685 585 25
702 602 29
706 606 31
777 677 29
127 27 31
152 52 32
382 282 28
533 433 25
584 484 30
610 510 28
660 560 26
744 644 25
973 873 29
1092 992 24
101 1 30
187 87 29
277 177 31
359 259 31
617 517 26
678 578 28
800 700 27
830 730 28
945 845 30
990 890 28
335 235 31
344 244 30
423 323 26
504 404 29
569 469 29
626 526 26
719 619 28
749 649 25
778 678 25
1052 952 29
133 33 29
243 143 27
362 262 29
372 272 25
411 311 26
545 445 27
558 458 25
642 542 25
921 821 26
989 889 32
153 53 29
242 142 31
355 255 33
391 291 27
580 480 33
726 626 25
855 755 31
938 838 28
955 855 28
965 865 30
234 134 25
310 210 33
319 219 28
382 282 26
480 380 26
514 414 33
721 621 26
723 623 33
897 797 25
926 826 31
141 41 28
174 74 26
199 99 24
306 206 25
336 236 26
354 254 28
599 499 32
688 588 33
823 723 30
1007 907 30
205 105 28
276 176 27
311 211 27
487 387 26
581 481 33
585 485 25
640 540 31
812 712 24
894 794 26
931 831 29
257 157 32
262 162 28
272 172 25
290 190 26
600 500 27
629 529 27
692 592 25
716 616 29
742 642 30
946 846 33
172 72 30
261 161 26
335 235 29
422 322 29
500 400 27
551 451 27
586 486 30
595 495 33
873 773 26
1077 977 33
126 26 32
140 40 24
322 222 29
332 232 27
350 250 33
404 304 27
453 353 26
664 564 26
929 829 29
940 840 33
140 40 25
285 185 31
363 263 27
386 286 27
408 308 28
470 370 24
780 680 30
918 818 26
1003 903 31
1009 909 30
217 117 31
573 473 27
699 599 26
737 637 28
754 654 33
772 672 26
829 729 26
868 768 26
1008 908 32
1029 929 33
289 189 31
428 328 24
463 363 27
515 415 27
573 473 26
605 505 33
638 538 29
641 541 25
1079 979 32
1100 1000 31
155 55 26
316 216 32
389 289 33
444 344 28
639 539 27
703 603 28
797 697 25
933 833 31
1039 939 26
1061 961 33
183 83 30
286 186 29
417 317 31
532 432 27
565 465 29
655 555 32
738 638 27
742 642 33
814 714 27
910 810 31
194 94 29
217 117 31
329 229 33
419 319 26
448 348 33
469 369 30
509 409 27
521 421 24
721 621 28
919 819 28
413 313 31
439 339 31
509 409 30
532 432 33
563 463 28
634 534 32
826 726 30
891 791 27
969 869 32
1055 955 26
133 33 24
181 81 27
232 132 24
415 315 32
708 608 32
788 688 33
794 694 27
868 768 25
1002 902 28
1051 951 25
166 66 25
210 110 30
270 170 27
283 183 32
389 289 31
537 437 25
613 513 28
806 706 31
819 719 32
1083 983 25
152 52 25
156 56 26
247 147 28
314 214 32
538 438 31
567 467 33
584 484 31
593 493 24
600 500 24
1044 944 33
117 17 26
124 24 25
205 105 25
339 239 32
348 248 31
535 435 25
661 561 31
754 654 25
781 681 31
1051 951 29
140 40 33
351 251 26
361 261 32
425 325 33
506 406 27
521 421 30
590 490 28
864 764 31
903 803 26
986 886 32
233 133 29
286 186 33
394 294 33
489 389 27
533 433 24
561 461 24
746 646 27
880 780 24
972 872 27
1055 955 33
136 36 25
152 52 28
253 153 27
279 179 27
294 194 27
591 491 30
595 495 32
696 596 26
816 716 24
1050 950 26
128 28 28
355 255 25
667 567 28
686 586 26
689 589 33
757 657 27
778 678 31
894 794 31
1024 924 25
1034 934 24
134 34 29
260 160 25
327 227 25
448 348 33
584 484 25
897 797 29
928 828 32
947 847 30
1020 920 33
1090 990 31
263 163 24
293 193 28
388 288 26
582 482 32
653 553 26
713 613 27
721 621 31
768 668 32
771 671 26
989 889 26
359 259 30
432 332 29
461 361 33
495 395 24
543 443 28
623 523 28
791 691 32
870 770 33
953 853 25
1071 971 29
249 149 30
516 416 27
621 521 24
677 577 26
722 622 33
725 625 29
793 693 28
814 714 27
860 760 27
970 870 29
137 37 26
227 127 25
309 209 28
396 296 33
748 648 31
764 664 25
894 794 29
1014 914 29
1040 940 33
1042 942 24
147 47 31
161 61 24
351 251 32
405 305 24
489 389 27
532 432 33
549 449 27
598 498 30
807 707 30
899 799 26
215 115 31
240 140 27
407 307 33
410 310 27
622 522 26
640 540 26
691 591 33
704 604 29
916 816 31
1009 909 30
160 60 30
200 100 25
254 154 28
259 159 31
286 186 29
497 397 29
710 610 33
902 802 31
976 876 28
1050 950 33
600 500 27
603 503 27
622 522 26
650 550 29
680 580 31
706 606 25
725 625 26
727 627 33
759 659 25
1033 933 32
