200 20 48381
10 57 196
10 148 187
10 60 157
10 73 185
10 119 176
10 51 208
10 94 234
10 68 157
10 72 246
10 80 189
10 104 247
10 88 178
10 127 168
10 76 250
10 133 215
10 139 234
10 75 218
10 110 175
10 105 193
10 92 213
208 108 34
210 110 32
226 126 27
325 225 25
575 475 35
788 688 33
966 866 34
1024 924 28
1032 932 31
1040 940 34
208 108 34
292 192 31
312 212 28
314 214 34
422 322 35
425 325 32
639 539 26
806 706 33
968 868 28
971 871 25
125 25 31
229 129 29
328 228 30
418 318 34
733 633 28
740 640 35
770 670 27
848 748 26
987 887 30
1036 936 26
102 2 34
137 37 29
269 169 31
313 213 25
358 258 28
552 452 33
622 522 26
659 559 29
957 857 32
1018 918 26
112 12 29
198 98 34
307 207 26
312 212 29
336 236 29
572 472 25
681 581 32
836 736 28
843 743 32
955 855 26
169 69 30
224 124 34
259 159 28
459 359 27
563 463 34
618 518 27
649 549 34
748 648 28
985 885 33
1070 970 26
113 13 35
194 94 27
385 285 33
403 303 31
456 356 35
628 528 30
676 576 30
787 687 34
964 864 28
1032 932 29
192 92 34
298 198 28
314 214 31
363 263 31
493 393 34
514 414 33
623 523 29
657 557 25
784 684 32
1059 959 25
127 27 26
176 76 33
235 135 29
391 291 28
504 404 32
507 407 28
520 420 32
760 660 34
791 691 25
1071 971 28
123 23 32
183 83 28
300 200 33
322 222 33
356 256 26
627 527 26
643 543 25
836 736 27
975 875 32
995 895 33
395 295 25
423 323 27
452 352 32
546 446 33
575 475 30
577 477 32
609 509 30
785 685 31
875 775 30
1027 927 34
130 30 29
334 234 31
353 253 35
376 276 34
401 301 27
528 428 31
614 514 26
837 737 35
975 875 30
1083 983 27
109 9 30
114 14 32
140 40 26
209 109 32
225 125 31
455 355 26
734 634 30
769 669 34
781 681 35
1017 917 26
308 208 27
410 310 27
473 373 25
500 400 26
580 480 25
635 535 33
703 603 28
759 659 32
820 720 33
822 722 31
132 32 26
167 67 30
325 225 28
456 356 28
469 369 35
493 393 33
620 520 25
684 584 25
1052 952 32
1096 996 33
129 29 25
277 177 33
324 224 34
390 290 26
604 504 28
654 554 34
889 789 33
912 812 31
973 873 33
1066 966 34
226 126 34
271 171 29
426 326 31
671 571 33
786 686 29
807 707 28
876 776 31
920 820 32
1039 939 33
1080 980 27
114 14 34
554 454 30
592 492 35
774 674 26
793 693 29
894 794 34
986 886 33
1034 934 30
1061 961 25
1080 980 31
267 167 30
343 243 32
467 367 29
493 393 29
563 463 29
617 517 34
782 682 26
867 767 31
963 863 32
1085 985 30
144 44 28
287 187 33
313 213 27
589 489 28
793 693 33
851 751 31
950 850 29
957 857 28
1004 904 26
1017 917 26
