2000 20 520778
100 98 244
100 109 210
100 129 165
100 113 208
100 137 151
100 110 192
100 138 225
100 128 203
100 148 181
100 50 181
100 120 220
100 68 214
100 88 160
100 50 195
100 53 203
100 99 151
100 121 165
100 145 189
100 51 208
100 61 234
104 4 2
118 18 2
130 30 3
134 34 2
140 40 2
140 40 3
147 47 3
156 56 2
166 66 3
189 89 2
193 93 3
203 103 2
206 106 3
261 161 3
280 180 2
297 197 3
308 208 2
324 224 2
358 258 2
369 269 2
370 270 3
375 275 2
383 283 3
388 288 2
388 288 3
403 303 3
423 323 3
426 326 2
432 332 2
439 339 3
450 350 2
462 362 2
464 364 3
476 376 2
476 376 3
478 378 2
481 381 2
487 387 2
494 394 2
497 397 2
498 398 2
501 401 2
505 405 2
505 405 2
517 417 3
521 421 3
546 446 2
547 447 2
547 447 3
551 451 2
557 457 2
561 461 2
561 461 2
571 471 2
597 497 2
599 499 2
600 500 3
622 522 2
628 528 2
636 536 2
660 560 2
675 575 3
685 585 2
686 586 2
705 605 3
715 615 3
730 630 3
743 643 2
755 655 3
767 667 2
782 682 3
783 683 2
792 692 3
797 697 3
800 700 3
800 700 3
804 704 2
836 736 2
863 763 2
897 797 3
900 800 2
904 804 3
905 805 2
907 807 2
913 813 2
915 815 2
921 821 3
922 822 2
930 830 3
939 839 3
962 862 2
962 862 3
978 878 3
979 879 2
980 880 3
990 890 3
1002 902 3
1003 903 2
1089 989 3
1090 990 3
123 23 2
133 33 2
134 34 2
145 45 2
160 60 2
161 61 2
169 69 2
172 72 3
188 88 2
202 102 2
206 106 3
212 112 2
213 113 3
237 137 2
246 146 3
266 166 2
283 183 2
283 183 3
295 195 2
300 200 3
317 217 2
319 219 2
323 223 2
329 229 3
332 232 2
348 248 3
356 256 2
360 260 2
360 260 3
383 283 3
398 298 2
404 304 2
417 317 2
421 321 2
424 324 2
425 325 3
438 338 2
452 352 3
464 364 2
478 378 2
487 387 3
502 402 2
514 414 3
515 415 2
516 416 3
527 427 2
536 436 2
542 442 3
543 443 2
555 455 3
562 462 2
565 465 2
595 495 3
601 501 3
603 503 2
611 511 2
619 519 3
633 533 3
645 545 2
650 550 3
656 556 2
666 566 3
690 590 2
691 591 3
720 620 3
728 628 2
731 631 3
741 641 3
770 670 3
770 670 3
781 681 3
785 685 2
785 685 3
794 694 3
805 705 3
813 713 2
820 720 2
820 720 2
850 750 2
869 769 2
882 782 3
920 820 3
928 828 2
941 841 3
950 850 2
954 854 2
958 858 3
978 878 2
987 887 3
988 888 2
1006 906 2
1013 913 2
1017 917 2
1021 921 2
1023 923 2
1025 925 3
1041 941 2
1061 961 2
1065 965 3
1071 971 2
103 3 2
109 9 2
112 12 2
117 17 2
129 29 2
144 44 2
150 50 2
158 58 3
174 74 3
201 101 2
202 102 3
203 103 2
214 114 2
221 121 3
221 121 3
224 124 2
268 168 3
270 170 3
287 187 2
298 198 2
300 200 3
300 200 3
309 209 2
309 209 3
309 209 3
318 218 3
330 230 3
366 266 2
366 266 3
369 269 2
381 281 2
387 287 2
394 294 2
411 311 3
429 329 2
430 330 3
449 349 2
455 355 3
461 361 2
493 393 2
502 402 2
505 405 2
514 414 2
522 422 3
543 443 2
548 448 2
548 448 2
565 465 2
575 475 3
589 489 3
592 492 3
595 495 2
620 520 3
630 530 3
637 537 2
646 546 2
654 554 2
666 566 2
694 594 2
704 604 3
713 613 2
714 614 2
721 621 2
742 642 2
750 650 3
753 653 3
757 657 3
765 665 3
779 679 2
783 683 3
786 686 2
808 708 3
827 727 2
841 741 2
842 742 2
852 752 2
858 758 3
872 772 2
886 786 2
899 799 3
914 814 2
918 818 3
925 825 3
950 850 2
953 853 2
958 858 2
958 858 2
959 859 2
963 863 2
974 874 2
1007 907 2
1013 913 2
1033 933 2
1037 937 3
1042 942 2
1042 942 3
1059 959 3
1083 983 2
1095 995 2
1096 996 3
124 24 3
132 32 2
132 32 3
148 48 2
154 54 2
169 69 3
177 77 2
217 117 2
222 122 3
227 127 3
240 140 2
249 149 3
271 171 3
273 173 2
279 179 2
279 179 3
283 183 2
301 201 2
309 209 3
310 210 2
313 213 2
316 216 2
326 226 3
332 232 2
354 254 2
363 263 2
365 265 3
370 270 3
374 274 3
380 280 2
385 285 3
387 287 2
400 300 2
402 302 2
402 302 3
422 322 3
425 325 3
430 330 3
444 344 2
448 348 2
461 361 2
462 362 2
469 369 2
476 376 2
478 378 2
504 404 3
514 414 2
525 425 3
535 435 2
542 442 2
547 447 2
560 460 2
574 474 2
576 476 2
599 499 2
600 500 3
614 514 2
625 525 2
630 530 3
634 534 2
643 543 2
668 568 3
669 569 2
713 613 3
720 620 3
724 624 2
739 639 2
755 655 2
771 671 3
795 695 2
795 695 3
810 710 3
812 712 2
813 713 2
814 714 2
821 721 3
826 726 2
833 733 2
838 738 2
839 739 2
840 740 2
849 749 2
873 773 2
919 819 2
929 829 2
942 842 2
956 856 2
974 874 2
979 879 2
997 897 3
1000 900 2
1014 914 2
1014 914 3
1016 916 2
1040 940 2
1062 962 3
1063 963 2
1075 975 3
1083 983 3
1088 988 3
108 8 3
122 22 3
125 25 3
133 33 3
150 50 2
163 63 2
165 65 3
181 81 2
191 91 3
192 92 3
213 113 3
216 116 2
220 120 2
232 132 2
252 152 2
254 154 2
288 188 2
290 190 2
311 211 2
342 242 3
345 245 2
354 254 2
357 257 3
365 265 2
366 266 2
385 285 2
395 295 2
428 328 3
430 330 2
432 332 2
432 332 2
456 356 2
457 357 2
494 394 3
497 397 2
534 434 2
564 464 2
583 483 2
596 496 2
608 508 2
610 510 2
614 514 2
624 524 3
634 534 2
649 549 2
652 552 3
660 560 2
669 569 3
704 604 2
712 612 2
719 619 3
720 620 2
720 620 2
724 624 2
725 625 3
747 647 2
748 648 3
759 659 2
766 666 2
770 670 2
773 673 3
776 676 2
790 690 2
794 694 3
801 701 3
806 706 2
806 706 2
810 710 2
818 718 2
819 719 2
824 724 2
831 731 2
833 733 3
840 740 3
859 759 2
872 772 3
906 806 2
907 807 3
918 818 2
938 838 2
939 839 2
939 839 3
949 849 3
950 850 3
954 854 2
968 868 2
968 868 2
970 870 2
979 879 3
981 881 3
985 885 2
996 896 2
1028 928 2
1049 949 3
1067 967 2
1071 971 2
1076 976 2
1082 982 2
1095 995 2
1096 996 3
109 9 2
113 13 2
118 18 3
133 33 2
138 38 3
142 42 2
148 48 2
174 74 3
195 95 3
199 99 3
232 132 3
243 143 3
245 145 3
250 150 2
259 159 2
268 168 3
277 177 2
281 181 3
302 202 3
319 219 3
326 226 3
337 237 2
344 244 2
356 256 3
359 259 2
382 282 2
383 283 2
404 304 3
408 308 2
409 309 2
412 312 3
416 316 3
436 336 2
449 349 3
460 360 2
470 370 2
474 374 2
480 380 3
494 394 2
508 408 3
513 413 2
537 437 2
599 499 2
600 500 2
617 517 2
623 523 2
627 527 3
630 530 2
635 535 3
642 542 3
650 550 2
681 581 2
687 587 2
694 594 2
725 625 3
731 631 2
746 646 2
750 650 2
755 655 2
762 662 2
775 675 2
779 679 2
785 685 2
805 705 2
816 716 3
829 729 2
839 739 2
842 742 2
842 742 3
852 752 2
854 754 3
869 769 3
875 775 2
876 776 3
898 798 2
906 806 3
909 809 2
917 817 2
925 825 2
928 828 2
932 832 3
939 839 2
941 841 2
942 842 2
973 873 2
975 875 2
985 885 2
988 888 2
988 888 3
1006 906 3
1042 942 3
1044 944 3
1048 948 3
1057 957 3
1063 963 3
1069 969 2
1077 977 2
1083 983 2
1090 990 2
1090 990 2
114 14 2
137 37 2
143 43 2
147 47 2
148 48 2
152 52 3
156 56 2
158 58 2
170 70 2
187 87 2
190 90 2
190 90 2
191 91 2
215 115 2
222 122 2
222 122 3
233 133 3
235 135 3
248 148 3
265 165 3
277 177 2
302 202 3
323 223 2
329 229 2
334 234 2
344 244 3
345 245 3
349 249 2
350 250 2
354 254 3
359 259 3
360 260 3
366 266 3
373 273 3
389 289 2
401 301 3
405 305 2
423 323 3
465 365 2
471 371 2
474 374 3
474 374 3
475 375 2
482 382 3
493 393 2
519 419 2
523 423 3
550 450 2
564 464 2
571 471 3
589 489 3
601 501 2
616 516 2
620 520 2
625 525 3
628 528 2
670 570 3
678 578 3
687 587 3
694 594 3
710 610 2
711 611 3
729 629 3
755 655 3
765 665 3
794 694 3
801 701 3
815 715 2
823 723 3
824 724 2
856 756 2
877 777 3
885 785 2
895 795 3
903 803 2
925 825 2
937 837 3
944 844 2
945 845 3
946 846 2
947 847 3
947 847 3
961 861 3
965 865 2
966 866 2
984 884 3
990 890 2
1015 915 2
1024 924 2
1027 927 3
1028 928 2
1036 936 2
1037 937 2
1055 955 3
1058 958 2
1076 976 2
1078 978 2
1078 978 3
1092 992 2
1097 997 2
106 6 2
106 6 2
114 14 2
114 14 2
118 18 2
133 33 3
134 34 2
166 66 3
168 68 2
180 80 2
182 82 3
193 93 2
217 117 2
222 122 2
243 143 2
254 154 2
257 157 2
258 158 3
270 170 3
280 180 2
285 185 2
294 194 3
306 206 2
312 212 3
320 220 3
322 222 2
325 225 2
356 256 2
361 261 3
371 271 2
384 284 2
395 295 2
411 311 2
419 319 2
422 322 2
424 324 2
427 327 2
429 329 2
436 336 2
451 351 2
483 383 2
489 389 2
490 390 2
494 394 2
506 406 2
506 406 3
510 410 3
513 413 2
531 431 3
554 454 2
555 455 2
567 467 3
571 471 2
577 477 3
579 479 3
581 481 2
605 505 2
616 516 3
624 524 3
634 534 3
647 547 2
662 562 3
663 563 3
677 577 3
679 579 3
682 582 3
683 583 2
702 602 2
702 602 2
711 611 2
726 626 3
727 627 2
732 632 2
755 655 2
782 682 2
785 685 2
821 721 3
822 722 3
834 734 2
861 761 3
885 785 3
889 789 3
890 790 2
905 805 2
905 805 3
906 806 2
929 829 2
956 856 2
974 874 2
974 874 2
977 877 3
994 894 2
1028 928 2
1047 947 2
1055 955 2
1055 955 2
1060 960 3
1061 961 2
1077 977 3
1084 984 3
115 15 2
131 31 2
159 59 3
159 59 3
168 68 2
203 103 2
228 128 3
237 137 2
288 188 3
292 192 2
295 195 2
298 198 3
300 200 2
302 202 3
303 203 3
322 222 2
349 249 2
360 260 3
362 262 3
363 263 2
366 266 2
374 274 3
422 322 3
423 323 3
447 347 2
453 353 2
454 354 3
456 356 3
457 357 2
469 369 2
517 417 2
520 420 2
524 424 2
526 426 2
532 432 3
544 444 2
544 444 3
547 447 2
556 456 3
575 475 2
587 487 3
593 493 2
633 533 2
648 548 3
660 560 2
664 564 3
667 567 3
670 570 2
672 572 2
681 581 3
703 603 2
706 606 2
715 615 2
721 621 3
722 622 2
737 637 2
746 646 2
750 650 2
752 652 2
771 671 3
811 711 2
828 728 2
834 734 2
836 736 3
842 742 2
843 743 2
863 763 2
880 780 2
888 788 2
889 789 2
899 799 2
905 805 3
907 807 3
907 807 3
919 819 2
928 828 2
930 830 3
932 832 2
932 832 2
937 837 3
940 840 2
941 841 2
946 846 2
957 857 2
968 868 2
973 873 2
981 881 3
999 899 2
1004 904 2
1006 906 3
1007 907 3
1025 925 3
1029 929 2
1041 941 2
1050 950 2
1052 952 2
1086 986 3
1094 994 2
1096 996 2
1096 996 2
101 1 2
105 5 2
105 5 3
121 21 2
123 23 2
150 50 3
181 81 2
198 98 3
206 106 2
208 108 2
212 112 2
214 114 2
215 115 3
231 131 2
231 131 2
246 146 2
257 157 3
257 157 3
264 164 2
266 166 3
273 173 2
287 187 2
296 196 2
314 214 2
320 220 2
335 235 2
346 246 3
364 264 3
366 266 2
373 273 2
380 280 2
390 290 2
397 297 3
413 313 2
432 332 2
436 336 2
470 370 3
481 381 2
490 390 3
494 394 3
512 412 3
514 414 2
522 422 3
526 426 2
550 450 2
551 451 3
552 452 2
559 459 2
585 485 2
586 486 2
597 497 2
598 498 2
598 498 2
617 517 3
623 523 3
631 531 2
635 535 2
657 557 2
668 568 2
684 584 2
709 609 3
717 617 2
718 618 2
728 628 3
730 630 2
735 635 2
745 645 2
745 645 3
752 652 2
753 653 3
761 661 3
774 674 2
774 674 2
778 678 3
786 686 2
790 690 2
797 697 3
809 709 3
840 740 2
841 741 3
853 753 3
864 764 2
865 765 3
906 806 2
911 811 2
921 821 2
922 822 2
923 823 3
929 829 2
929 829 3
930 830 2
967 867 3
970 870 2
981 881 2
990 890 3
991 891 2
1022 922 2
1023 923 2
1031 931 3
1096 996 3
133 33 2
160 60 2
165 65 2
174 74 3
190 90 3
193 93 2
204 104 2
232 132 3
245 145 2
249 149 2
252 152 2
271 171 3
284 184 2
297 197 3
308 208 2
308 208 3
321 221 2
334 234 2
340 240 2
343 243 2
344 244 2
383 283 2
393 293 2
393 293 3
398 298 3
402 302 3
408 308 2
432 332 3
438 338 3
449 349 2
452 352 3
456 356 2
470 370 3
473 373 2
474 374 3
492 392 2
522 422 3
529 429 2
531 431 3
535 435 3
536 436 2
539 439 2
546 446 2
566 466 3
579 479 3
599 499 2
630 530 2
632 532 2
638 538 3
646 546 3
649 549 2
660 560 2
680 580 2
688 588 2
691 591 2
692 592 2
720 620 3
736 636 3
737 637 2
738 638 2
747 647 3
749 649 2
751 651 3
764 664 3
774 674 2
779 679 3
787 687 2
796 696 3
804 704 3
808 708 3
821 721 2
822 722 2
825 725 3
830 730 3
836 736 2
840 740 3
850 750 3
857 757 2
917 817 3
929 829 2
932 832 2
941 841 3
943 843 3
950 850 2
967 867 2
990 890 2
992 892 2
1004 904 2
1006 906 2
1020 920 2
1022 922 2
1022 922 3
1047 947 2
1052 952 2
1057 957 2
1059 959 2
1062 962 2
1073 973 2
1083 983 2
1084 984 3
103 3 2
106 6 2
109 9 3
120 20 2
132 32 3
144 44 2
168 68 3
170 70 2
180 80 2
191 91 2
195 95 3
220 120 2
233 133 3
240 140 2
246 146 3
268 168 2
297 197 2
315 215 3
323 223 3
329 229 3
341 241 2
371 271 2
380 280 2
401 301 2
405 305 2
413 313 2
420 320 2
424 324 3
425 325 2
428 328 3
440 340 2
466 366 2
478 378 2
489 389 2
489 389 2
519 419 2
529 429 2
536 436 2
544 444 2
545 445 3
604 504 2
621 521 3
627 527 2
627 527 2
644 544 3
645 545 3
645 545 3
651 551 2
660 560 2
664 564 3
672 572 3
677 577 2
680 580 2
698 598 2
749 649 2
753 653 2
770 670 3
777 677 3
785 685 2
788 688 3
790 690 2
800 700 3
808 708 2
809 709 3
811 711 2
814 714 3
814 714 3
838 738 2
847 747 2
853 753 2
854 754 2
888 788 3
892 792 3
899 799 2
912 812 2
924 824 3
929 829 2
932 832 2
938 838 3
939 839 2
939 839 2
956 856 3
959 859 2
960 860 3
983 883 2
984 884 3
990 890 3
995 895 3
1005 905 2
1024 924 2
1034 934 2
1068 968 2
1071 971 2
1075 975 2
1076 976 2
1076 976 2
1084 984 2
1087 987 2
1088 988 2
1100 1000 2
114 14 3
124 24 2
134 34 3
138 38 2
169 69 2
196 96 2
225 125 2
236 136 2
237 137 2
252 152 3
253 153 2
259 159 3
266 166 2
267 167 2
267 167 2
267 167 2
277 177 2
285 185 2
288 188 3
292 192 2
293 193 2
320 220 2
325 225 3
330 230 2
331 231 2
344 244 3
362 262 2
362 262 2
363 263 3
376 276 3
382 282 2
382 282 3
388 288 2
405 305 2
421 321 2
437 337 3
438 338 2
452 352 3
454 354 3
461 361 3
495 395 2
496 396 3
501 401 3
510 410 2
521 421 2
524 424 2
528 428 2
555 455 2
561 461 3
569 469 2
581 481 2
586 486 2
594 494 3
598 498 3
616 516 3
622 522 2
637 537 2
649 549 2
658 558 2
662 562 2
675 575 2
677 577 2
704 604 2
711 611 3
718 618 3
724 624 2
741 641 3
748 648 2
768 668 2
794 694 3
795 695 3
808 708 2
819 719 2
827 727 3
851 751 2
855 755 2
856 756 2
860 760 3
886 786 2
897 797 2
925 825 3
928 828 2
940 840 2
943 843 2
948 848 2
951 851 2
959 859 2
973 873 3
983 883 3
992 892 2
1008 908 3
1017 917 3
1033 933 3
1057 957 3
1061 961 2
1075 975 2
1082 982 3
1086 986 2
1092 992 2
1097 997 3
107 7 2
114 14 2
115 15 2
124 24 3
126 26 2
140 40 2
152 52 2
158 58 2
161 61 2
196 96 2
201 101 3
228 128 3
237 137 2
251 151 2
252 152 2
254 154 2
270 170 2
273 173 2
278 178 3
291 191 3
291 191 3
303 203 2
310 210 3
331 231 2
336 236 3
339 239 2
341 241 2
349 249 3
352 252 2
365 265 2
366 266 2
377 277 3
378 278 2
384 284 2
386 286 3
391 291 2
401 301 2
403 303 3
411 311 2
424 324 3
443 343 2
444 344 2
445 345 2
453 353 2
468 368 2
474 374 2
490 390 3
495 395 2
503 403 2
508 408 2
523 423 3
538 438 3
569 469 2
570 470 2
583 483 2
591 491 3
598 498 2
610 510 3
617 517 2
621 521 3
628 528 2
635 535 3
657 557 2
666 566 2
667 567 2
670 570 3
682 582 2
691 591 3
699 599 2
728 628 2
739 639 3
745 645 2
750 650 3
768 668 2
782 682 2
786 686 2
786 686 2
831 731 2
835 735 2
846 746 3
848 748 2
888 788 3
905 805 3
915 815 3
926 826 3
941 841 2
953 853 2
960 860 2
966 866 2
966 866 3
976 876 3
996 896 3
1010 910 2
1022 922 3
1040 940 3
1043 943 2
1051 951 2
1061 961 2
1091 991 2
1100 1000 2
131 31 3
142 42 3
148 48 3
156 56 2
157 57 2
167 67 2
186 86 2
198 98 2
207 107 2
221 121 2
222 122 2
223 123 3
230 130 3
233 133 3
242 142 3
255 155 2
257 157 3
262 162 2
270 170 2
282 182 2
283 183 3
301 201 3
307 207 3
321 221 3
328 228 2
330 230 3
342 242 3
345 245 2
364 264 3
374 274 2
374 274 3
376 276 2
385 285 2
388 288 3
399 299 2
414 314 2
423 323 2
426 326 2
437 337 2
454 354 2
454 354 2
464 364 3
469 369 3
475 375 2
501 401 3
511 411 3
558 458 2
560 460 3
576 476 2
576 476 3
581 481 3
601 501 2
602 502 2
605 505 3
624 524 3
644 544 2
648 548 2
661 561 2
665 565 2
673 573 2
675 575 2
686 586 3
693 593 2
708 608 2
712 612 2
731 631 3
732 632 3
754 654 2
768 668 2
781 681 2
802 702 2
814 714 3
826 726 2
838 738 2
855 755 2
857 757 2
857 757 3
859 759 2
861 761 3
865 765 3
875 775 3
897 797 2
903 803 3
914 814 2
941 841 2
943 843 3
951 851 2
955 855 3
965 865 2
972 872 2
975 875 3
980 880 2
987 887 2
1025 925 2
1044 944 2
1048 948 3
1077 977 2
1085 985 2
1088 988 2
1096 996 2
125 25 3
129 29 2
140 40 2
142 42 2
170 70 3
176 76 2
182 82 2
184 84 2
190 90 2
203 103 2
215 115 2
228 128 2
245 145 3
247 147 2
256 156 2
269 169 2
285 185 2
291 191 3
300 200 2
300 200 2
303 203 2
305 205 3
307 207 3
307 207 3
317 217 2
320 220 2
326 226 3
334 234 2
335 235 3
339 239 2
370 270 3
371 271 3
387 287 2
389 289 2
400 300 3
416 316 2
423 323 3
424 324 3
427 327 3
429 329 2
471 371 2
528 428 2
540 440 2
558 458 2
575 475 2
582 482 2
583 483 3
610 510 2
616 516 2
618 518 2
627 527 3
635 535 2
650 550 3
658 558 2
661 561 2
668 568 3
675 575 2
678 578 2
683 583 2
684 584 3
691 591 2
697 597 2
711 611 3
716 616 2
717 617 2
732 632 2
735 635 2
755 655 3
760 660 2
782 682 2
782 682 2
787 687 3
800 700 2
804 704 2
819 719 2
835 735 2
851 751 3
852 752 2
859 759 2
886 786 2
890 790 2
891 791 2
894 794 2
907 807 3
936 836 3
976 876 2
987 887 2
989 889 2
1009 909 2
1022 922 2
1029 929 3
1050 950 2
1057 957 3
1062 962 2
1065 965 2
1068 968 2
1071 971 2
1085 985 3
1086 986 2
1091 991 3
104 4 2
115 15 3
116 16 2
120 20 2
121 21 2
128 28 2
132 32 2
135 35 3
137 37 3
143 43 2
167 67 2
169 69 3
171 71 3
172 72 3
174 74 2
183 83 3
212 112 2
218 118 3
222 122 2
227 127 2
230 130 2
236 136 2
240 140 2
244 144 2
247 147 2
250 150 3
258 158 2
280 180 2
307 207 2
318 218 2
318 218 3
319 219 3
333 233 3
345 245 2
346 246 3
359 259 2
372 272 2
400 300 2
401 301 2
406 306 2
431 331 2
444 344 2
467 367 3
472 372 2
483 383 2
489 389 2
489 389 3
496 396 2
506 406 2
519 419 2
523 423 3
527 427 2
537 437 2
555 455 2
556 456 3
570 470 2
573 473 2
576 476 2
580 480 2
587 487 2
590 490 2
591 491 3
605 505 3
621 521 3
629 529 3
645 545 2
660 560 3
669 569 3
671 571 2
683 583 2
712 612 2
747 647 2
760 660 3
772 672 2
787 687 3
792 692 2
793 693 2
795 695 3
805 705 2
816 716 3
821 721 2
844 744 2
861 761 3
862 762 2
864 764 2
864 764 2
870 770 2
878 778 2
904 804 2
960 860 2
984 884 2
1002 902 2
1010 910 2
1032 932 2
1032 932 2
1036 936 2
1045 945 2
1047 947 2
1055 955 3
1088 988 3
104 4 2
104 4 2
117 17 2
120 20 2
125 25 2
142 42 2
161 61 3
170 70 2
171 71 2
174 74 2
185 85 2
187 87 2
219 119 3
222 122 3
245 145 2
247 147 3
277 177 2
282 182 3
283 183 3
283 183 3
296 196 3
298 198 2
305 205 2
321 221 2
321 221 3
328 228 3
331 231 2
343 243 2
347 247 2
362 262 3
370 270 3
378 278 2
378 278 3
386 286 3
387 287 2
406 306 2
409 309 3
434 334 2
454 354 3
464 364 3
471 371 2
481 381 2
488 388 2
493 393 2
497 397 2
504 404 2
508 408 2
529 429 2
530 430 2
532 432 2
542 442 2
549 449 2
550 450 2
551 451 2
566 466 2
575 475 2
597 497 2
603 503 2
615 515 2
622 522 2
643 543 2
646 546 2
647 547 2
655 555 2
664 564 3
669 569 2
669 569 3
690 590 2
733 633 3
740 640 3
764 664 2
768 668 3
776 676 2
787 687 2
791 691 2
824 724 2
834 734 2
836 736 2
849 749 2
878 778 2
881 781 2
907 807 2
910 810 3
948 848 2
959 859 2
971 871 2
977 877 2
979 879 3
982 882 2
987 887 2
989 889 3
991 891 2
995 895 3
996 896 2
998 898 2
1017 917 2
1024 924 2
1028 928 3
1067 967 2
1067 967 3
106 6 3
113 13 3
120 20 2
129 29 2
132 32 2
137 37 2
147 47 2
147 47 3
158 58 2
162 62 2
168 68 2
171 71 2
188 88 3
193 93 2
207 107 2
211 111 2
213 113 2
225 125 2
251 151 2
266 166 2
282 182 3
319 219 2
324 224 2
369 269 2
373 273 2
374 274 3
379 279 3
382 282 2
392 292 3
396 296 3
398 298 2
408 308 2
408 308 2
410 310 3
428 328 2
445 345 3
454 354 2
455 355 3
496 396 3
514 414 3
536 436 2
540 440 2
544 444 3
555 455 2
562 462 2
581 481 2
587 487 2
589 489 2
595 495 2
602 502 2
618 518 2
623 523 2
623 523 2
640 540 3
649 549 2
652 552 2
669 569 2
687 587 2
690 590 2
698 598 2
716 616 3
748 648 2
770 670 3
798 698 2
801 701 2
820 720 2
830 730 2
839 739 3
841 741 3
850 750 3
851 751 2
854 754 2
858 758 3
859 759 3
861 761 2
888 788 2
896 796 2
904 804 2
907 807 2
927 827 2
935 835 2
941 841 2
943 843 2
944 844 3
957 857 3
958 858 2
968 868 2
982 882 2
998 898 2
1003 903 2
1007 907 3
1012 912 2
1014 914 2
1016 916 2
1027 927 3
1030 930 2
1048 948 3
1064 964 2
1091 991 2
1099 999 3
106 6 3
124 24 2
136 36 2
152 52 2
157 57 2
166 66 2
181 81 3
189 89 2
204 104 2
207 107 2
209 109 2
216 116 3
221 121 2
227 127 2
235 135 2
262 162 2
274 174 2
275 175 2
275 175 3
278 178 3
297 197 2
301 201 2
309 209 2
310 210 2
316 216 3
355 255 3
359 259 2
371 271 3
380 280 2
381 281 3
382 282 3
399 299 3
417 317 3
431 331 3
438 338 2
439 339 2
442 342 2
468 368 2
476 376 2
488 388 3
504 404 3
509 409 2
523 423 2
526 426 3
531 431 2
536 436 3
554 454 2
555 455 2
555 455 2
556 456 2
567 467 2
603 503 2
607 507 2
611 511 2
617 517 2
636 536 2
659 559 2
676 576 2
679 579 2
687 587 2
698 598 3
700 600 3
713 613 3
721 621 3
728 628 2
744 644 2
753 653 2
771 671 2
781 681 2
789 689 2
798 698 2
810 710 2
810 710 3
830 730 2
833 733 3
833 733 3
846 746 2
854 754 3
861 761 2
865 765 3
871 771 3
887 787 3
910 810 3
924 824 2
925 825 2
926 826 2
926 826 2
966 866 3
974 874 2
977 877 3
979 879 3
982 882 2
985 885 3
998 898 2
1016 916 2
1016 916 2
1021 921 3
1051 951 2
1073 973 3
1082 982 2
