500 20 112989
25 139 154
25 124 176
25 77 173
25 103 194
25 78 205
25 67 172
25 75 245
25 72 231
25 61 202
25 116 224
25 142 163
25 149 165
25 131 237
25 65 192
25 85 169
25 142 187
25 64 214
25 115 154
25 116 206
25 101 239
148 48 13
182 82 15
235 135 15
268 168 12
366 266 11
425 325 12
434 334 11
469 369 12
491 391 12
546 446 12
566 466 14
567 467 15
585 485 11
626 526 13
632 532 13
704 604 14
788 688 14
868 768 14
948 848 11
951 851 11
966 866 12
976 876 12
995 895 12
1021 921 13
1080 980 12
104 4 15
105 5 11
138 38 14
155 55 12
157 57 13
166 66 14
196 96 11
289 189 10
339 239 12
378 278 14
422 322 11
425 325 13
614 514 12
763 663 14
784 684 12
846 746 13
869 769 14
894 794 12
975 875 12
999 899 12
1039 939 15
1045 945 13
1049 949 11
1069 969 12
1092 992 11
105 5 13
133 33 14
171 71 10
213 113 15
235 135 14
259 159 13
321 221 12
381 281 14
382 282 15
414 314 14
438 338 13
452 352 14
466 366 12
484 384 12
675 575 12
775 675 11
777 677 13
796 696 14
817 717 11
858 758 12
886 786 13
955 855 12
970 870 11
1010 910 13
1037 937 12
109 9 12
114 14 15
155 55 15
156 56 11
221 121 12
241 141 14
252 152 10
274 174 11
373 273 13
433 333 13
434 334 13
435 335 12
453 353 11
483 383 12
501 401 14
645 545 14
695 595 12
762 662 14
840 740 11
901 801 12
926 826 12
976 876 14
979 879 15
1011 911 11
1046 946 14
136 36 11
158 58 12
238 138 14
357 257 12
369 269 11
397 297 14
422 322 13
480 380 12
485 385 12
499 399 14
508 408 13
551 451 15
568 468 15
577 477 12
622 522 12
657 557 14
722 622 13
723 623 10
725 625 14
730 630 15
818 718 13
849 749 11
962 862 12
986 886 11
995 895 14
118 18 11
138 38 15
148 48 14
216 116 11
232 132 13
257 157 14
314 214 11
346 246 14
355 255 12
365 265 11
663 563 11
679 579 14
694 594 13
702 602 13
702 602 15
735 635 13
750 650 10
774 674 11
843 743 12
850 750 11
874 774 12
884 784 14
986 886 13
991 891 12
1001 901 15
103 3 13
108 8 13
112 12 12
136 36 13
140 40 12
260 160 13
272 172 14
308 208 14
327 227 12
392 292 14
401 301 13
440 340 15
492 392 14
526 426 12
573 473 11
729 629 14
795 695 15
879 779 11
882 782 12
894 794 13
903 803 12
920 820 13
982 882 11
1047 947 14
1090 990 12
108 8 14
196 96 13
237 137 15
264 164 12
326 226 13
353 253 15
356 256 12
463 363 13
468 368 13
515 415 11
522 422 12
548 448 13
568 468 13
575 475 14
592 492 12
608 508 11
632 532 12
734 634 14
747 647 15
799 699 15
860 760 11
875 775 14
980 880 15
1017 917 13
1041 941 12
134 34 12
134 34 13
188 88 14
245 145 14
264 164 11
288 188 13
368 268 14
430 330 14
483 383 11
494 394 13
500 400 12
541 441 13
555 455 14
590 490 11
661 561 13
701 601 15
719 619 11
786 686 14
913 813 14
919 819 10
939 839 12
940 840 12
942 842 11
980 880 15
1067 967 11
139 39 11
206 106 15
217 117 13
289 189 14
310 210 12
315 215 13
318 218 11
350 250 11
433 333 13
536 436 12
569 469 15
588 488 14
645 545 12
660 560 14
683 583 15
698 598 14
726 626 14
726 626 14
751 651 12
770 670 12
861 761 14
865 765 14
933 833 15
1004 904 13
1089 989 13
211 111 15
257 157 13
270 170 14
295 195 10
298 198 12
348 248 11
392 292 13
436 336 12
532 432 11
536 436 13
592 492 11
637 537 11
688 588 12
712 612 14
730 630 15
738 638 11
781 681 11
787 687 11
832 732 15
844 744 11
918 818 15
919 819 11
941 841 13
974 874 12
1088 988 14
109 9 12
160 60 13
170 70 13
191 91 15
227 127 14
266 166 10
327 227 12
341 241 12
475 375 13
502 402 15
526 426 11
570 470 12
577 477 15
591 491 15
602 502 13
609 509 11
718 618 15
798 698 11
802 702 11
842 742 13
850 750 11
856 756 11
1039 939 14
1047 947 13
1061 961 15
190 90 13
252 152 11
274 174 12
309 209 11
400 300 13
410 310 11
429 329 12
431 331 15
433 333 11
492 392 11
498 398 11
510 410 12
563 463 10
596 496 13
655 555 13
736 636 15
786 686 12
854 754 12
864 764 12
898 798 13
902 802 14
924 824 12
993 893 12
1013 913 14
1075 975 15
120 20 14
167 67 14
186 86 15
333 233 11
493 393 13
557 457 14
588 488 14
630 530 14
645 545 13
676 576 11
685 585 13
694 594 11
708 608 12
747 647 13
751 651 15
828 728 14
847 747 15
852 752 15
905 805 13
944 844 13
965 865 13
971 871 11
1013 913 14
1029 929 15
1046 946 14
138 38 12
139 39 14
176 76 13
182 82 13
222 122 15
224 124 12
255 155 11
314 214 12
346 246 12
386 286 14
406 306 10
519 419 13
557 457 12
628 528 12
703 603 12
746 646 14
748 648 12
812 712 11
877 777 14
933 833 12
941 841 11
941 841 15
1005 905 13
1054 954 11
1059 959 13
106 6 14
109 9 13
183 83 13
183 83 13
196 96 14
283 183 12
393 293 13
405 305 12
478 378 15
520 420 12
535 435 14
616 516 13
686 586 12
727 627 12
772 672 12
776 676 14
795 695 11
855 755 12
856 756 13
861 761 11
970 870 12
1045 945 12
1071 971 13
1099 999 12
1100 1000 11
230 130 13
310 210 11
312 212 14
332 232 13
338 238 14
348 248 13
394 294 13
433 333 13
436 336 13
479 379 11
515 415 11
532 432 15
536 436 14
584 484 12
625 525 13
635 535 13
712 612 14
715 615 11
751 651 14
788 688 11
859 759 14
931 831 14
972 872 12
978 878 12
1024 924 12
103 3 11
166 66 12
183 83 14
200 100 13
220 120 10
266 166 11
272 172 14
329 229 11
364 264 14
369 269 14
381 281 14
460 360 11
578 478 15
612 512 14
630 530 15
684 584 13
707 607 14
711 611 12
719 619 12
795 695 12
802 702 13
803 703 11
870 770 11
1031 931 13
1046 946 12
110 10 12
149 49 12
162 62 11
207 107 11
210 110 12
212 112 12
298 198 13
416 316 15
426 326 15
485 385 11
526 426 12
619 519 11
855 755 14
886 786 11
900 800 12
905 805 11
922 822 12
959 859 13
986 886 13
992 892 11
1005 905 14
1012 912 11
1031 931 15
1047 947 11
1094 994 15
161 61 13
202 102 12
240 140 13
285 185 11
353 253 13
357 257 14
391 291 12
508 408 11
549 449 14
559 459 13
561 461 12
616 516 13
625 525 14
657 557 14
720 620 11
754 654 14
802 702 12
815 715 14
834 734 12
844 744 14
931 831 11
962 862 13
1051 951 11
1053 953 13
1079 979 13
