1000 100 2440800
10 60 219
10 126 158
10 86 189
10 135 226
10 62 161
10 112 210
10 78 190
10 84 207
10 96 158
10 141 201
10 59 192
10 121 210
10 71 213
10 117 246
10 129 211
10 58 222
10 104 228
10 88 219
10 63 214
10 88 246
10 87 204
10 86 221
10 51 203
10 100 170
10 101 160
10 82 240
10 62 205
10 93 238
10 130 197
10 145 196
10 94 165
10 52 178
10 130 187
10 141 247
10 69 172
10 55 164
10 144 153
10 51 185
10 118 166
10 79 221
10 125 224
10 142 236
10 50 155
10 70 199
10 64 238
10 53 224
10 136 184
10 96 214
10 68 237
10 133 166
10 117 166
10 106 245
10 101 181
10 133 248
10 146 245
10 95 234
10 61 197
10 101 207
10 86 153
10 149 222
10 80 205
10 147 174
10 142 235
10 122 210
10 63 159
10 148 207
10 139 165
10 128 195
10 85 211
10 58 232
10 102 233
10 115 199
10 129 173
10 56 155
10 117 208
10 102 166
10 71 210
10 139 236
10 53 215
10 76 195
10 61 184
10 62 211
10 87 205
10 55 225
10 102 157
10 122 174
10 71 180
10 142 220
10 80 162
10 50 213
10 79 215
10 148 174
10 58 222
10 89 201
10 145 182
10 82 205
10 120 184
10 111 155
10 63 214
10 148 188
1680 680 28
3332 2332 30
3370 2370 31
3442 2442 31
5348 4348 34
8080 7080 25
8669 7669 26
9581 8581 33
10357 9357 25
10393 9393 35
1210 210 33
2014 1014 31
3325 2325 25
5875 4875 27
5913 4913 27
6799 5799 29
6955 5955 34
8109 7109 25
9074 8074 29
10757 9757 26
1852 852 27
2239 1239 27
3342 2342 25
4193 3193 25
4616 3616 33
6523 5523 31
7250 6250 34
8795 7795 32
10482 9482 25
10486 9486 27
2177 1177 34
2219 1219 29
4035 3035 31
5608 4608 29
5931 4931 29
7184 6184 32
7357 6357 34
9359 8359 34
9487 8487 34
10895 9895 33
1412 412 32
1455 455 31
1560 560 26
1911 911 29
2741 1741 26
3450 2450 30
3519 2519 29
9319 8319 32
10357 9357 29
10517 9517 28
2340 1340 28
3273 2273 26
4519 3519 32
4748 3748 29
5907 4907 34
6141 5141 34
6377 5377 31
8005 7005 30
9194 8194 35
9822 8822 31
1708 708 25
2353 1353 34
2652 1652 33
2897 1897 30
5333 4333 32
5343 4343 29
5498 4498 35
8467 7467 25
10749 9749 35
10991 9991 29
1518 518 34
2350 1350 32
3334 2334 35
5377 4377 31
5990 4990 35
6787 5787 28
7990 6990 30
9390 8390 31
10335 9335 27
10860 9860 27
1038 38 34
1663 663 34
1811 811 32
2838 1838 31
3580 2580 33
4521 3521 29
4882 3882 28
6206 5206 33
6847 5847 33
9722 8722 25
1937 937 27
2606 1606 32
3277 2277 34
3761 2761 30
3846 2846 28
5107 4107 27
8878 7878 31
9024 8024 33
9117 8117 29
9344 8344 28
1736 736 26
1880 880 31
2849 1849 30
2911 1911 28
2989 1989 34
3907 2907 32
7435 6435 34
9144 8144 30
9477 8477 29
10251 9251 34
2644 1644 33
4461 3461 29
4768 3768 34
4894 3894 33
5339 4339 31
5545 4545 32
8380 7380 29
8714 7714 32
9044 8044 29
9594 8594 28
3222 2222 33
3384 2384 33
4320 3320 34
4423 3423 26
4551 3551 35
7725 6725 31
7984 6984 34
8037 7037 25
10084 9084 28
10116 9116 28
1434 434 25
2806 1806 32
3327 2327 32
4648 3648 29
5152 4152 33
6061 5061 25
6718 5718 32
9083 8083 31
9439 8439 29
10306 9306 33
2601 1601 28
3530 2530 29
3905 2905 29
4178 3178 29
4810 3810 32
4928 3928 32
5208 4208 30
6122 5122 28
6628 5628 35
10073 9073 27
1387 387 31
1656 656 33
3826 2826 32
5450 4450 34
6711 5711 26
7021 6021 30
7578 6578 26
8951 7951 34
10767 9767 28
10841 9841 33
1597 597 33
2079 1079 30
4293 3293 26
4465 3465 28
4545 3545 28
4926 3926 25
5220 4220 34
6744 5744 35
8281 7281 28
10506 9506 32
1399 399 29
3911 2911 34
5191 4191 28
5401 4401 32
5997 4997 28
8495 7495 32
8975 7975 31
9388 8388 26
9711 8711 26
10486 9486 28
1246 246 31
1320 320 32
5050 4050 28
5210 4210 34
5382 4382 31
5638 4638 33
8182 7182 33
8327 7327 29
9340 8340 27
10866 9866 29
1411 411 27
1535 535 34
1875 875 25
3203 2203 29
3615 2615 27
5303 4303 34
6202 5202 33
6831 5831 31
8985 7985 34
9846 8846 33
4416 3416 30
4505 3505 27
4783 3783 31
5019 4019 27
5020 4020 34
8058 7058 32
8251 7251 25
8563 7563 31
10442 9442 31
10835 9835 29
2822 1822 25
3132 2132 32
3154 2154 27
4231 3231 26
4899 3899 29
5689 4689 32
6469 5469 25
7479 6479 26
7748 6748 34
10679 9679 29
4214 3214 31
4233 3233 29
5234 4234 30
5406 4406 28
5810 4810 34
6009 5009 32
7522 6522 29
8470 7470 33
10269 9269 35
10776 9776 35
1688 688 31
2710 1710 32
2713 1713 28
3005 2005 29
3348 2348 27
4635 3635 27
5292 4292 28
7026 6026 28
8387 7387 30
10276 9276 26
1453 453 34
1892 892 32
2135 1135 28
3787 2787 31
6217 5217 29
6893 5893 34
8729 7729 27
8743 7743 32
8911 7911 29
9886 8886 34
1229 229 30
1471 471 35
1667 667 26
2771 1771 31
3517 2517 31
5394 4394 28
7210 6210 28
7338 6338 31
8575 7575 34
9563 8563 31
1570 570 27
1852 852 28
2886 1886 25
3288 2288 32
3601 2601 25
3803 2803 34
4853 3853 29
5639 4639 34
6791 5791 31
10963 9963 27
2211 1211 30
2478 1478 35
3405 2405 26
3573 2573 34
4485 3485 33
5153 4153 25
6082 5082 30
7519 6519 32
9760 8760 25
10781 9781 31
1047 47 31
3370 2370 26
3620 2620 26
3753 2753 31
4720 3720 34
4774 3774 27
5792 4792 26
6742 5742 33
9868 8868 26
10498 9498 32
1415 415 30
1921 921 33
2276 1276 25
3402 2402 31
3914 2914 29
5299 4299 35
7803 6803 31
8594 7594 26
8870 7870 34
10234 9234 30
2189 1189 30
3391 2391 32
3951 2951 25
4285 3285 27
4463 3463 33
4950 3950 27
5286 4286 31
7564 6564 28
8087 7087 25
9667 8667 28
1180 180 33
1361 361 35
1409 409 34
2694 1694 31
3222 2222 35
5076 4076 26
5329 4329 26
7280 6280 35
7898 6898 27
9760 8760 28
3020 2020 30
3901 2901 30
6612 5612 27
6658 5658 34
6687 5687 34
6845 5845 26
8729 7729 27
10222 9222 26
10597 9597 27
10750 9750 27
1268 268 31
1565 565 29
2467 1467 28
2562 1562 28
3295 2295 25
5466 4466 32
7204 6204 30
7518 6518 28
9754 8754 31
9788 8788 25
1239 239 31
3423 2423 30
3595 2595 33
4561 3561 27
6432 5432 31
7438 6438 33
8426 7426 35
10667 9667 25
10803 9803 34
10925 9925 27
1002 2 32
2147 1147 28
2344 1344 28
3216 2216 31
4055 3055 30
4271 3271 29
5391 4391 30
7189 6189 33
8865 7865 26
10307 9307 28
2454 1454 33
2998 1998 29
3020 2020 30
3234 2234 32
5028 4028 31
5757 4757 32
6247 5247 29
8341 7341 30
8909 7909 33
8970 7970 28
2162 1162 34
2523 1523 30
2975 1975 27
3043 2043 27
4309 3309 29
5259 4259 33
7721 6721 28
7740 6740 25
9765 8765 28
9787 8787 28
1454 454 29
2313 1313 34
2669 1669 34
3525 2525 25
3541 2541 32
4752 3752 27
4983 3983 26
5196 4196 25
8547 7547 27
8983 7983 28
3592 2592 29
4377 3377 29
4641 3641 25
5059 4059 25
5824 4824 29
6039 5039 26
6132 5132 28
7616 6616 27
9376 8376 31
10048 9048 31
1066 66 31
2358 1358 26
3657 2657 25
3870 2870 25
4959 3959 26
5441 4441 26
6197 5197 28
6395 5395 31
9482 8482 35
10178 9178 29
2610 1610 30
3730 2730 34
7901 6901 34
8408 7408 28
8596 7596 32
8994 7994 26
9290 8290 27
10135 9135 25
10212 9212 32
10543 9543 30
2625 1625 32
3974 2974 27
4313 3313 31
5105 4105 28
6663 5663 26
8235 7235 26
8308 7308 34
8380 7380 28
10350 9350 28
10454 9454 25
1447 447 34
2111 1111 28
2405 1405 27
5685 4685 33
6037 5037 34
6296 5296 29
6725 5725 31
7343 6343 28
7927 6927 34
10573 9573 25
1647 647 32
2446 1446 31
3085 2085 28
4496 3496 25
7790 6790 25
8689 7689 27
8740 7740 30
9680 8680 29
10653 9653 31
10794 9794 28
1864 864 34
1895 895 26
2501 1501 31
2618 1618 26
4916 3916 32
6346 5346 28
8032 7032 33
8745 7745 30
9017 8017 34
9391 8391 34
1809 809 34
1891 891 26
2501 1501 35
5834 4834 28
7336 6336 28
7487 6487 29
9854 8854 27
10496 9496 31
10762 9762 28
10836 9836 28
1316 316 35
1423 423 34
1916 916 32
2871 1871 26
3422 2422 28
3594 2594 25
5706 4706 25
5951 4951 25
6987 5987 29
9515 8515 28
2213 1213 30
3748 2748 26
4523 3523 29
5208 4208 30
5543 4543 25
9522 8522 31
9633 8633 33
10175 9175 28
10523 9523 32
10568 9568 30
1085 85 31
2819 1819 28
3030 2030 25
7132 6132 30
8474 7474 34
9168 8168 32
10260 9260 30
10362 9362 29
10557 9557 30
10819 9819 27
2081 1081 28
4314 3314 29
6871 5871 28
7247 6247 31
7353 6353 30
7625 6625 34
8005 7005 32
8083 7083 27
8150 7150 31
10228 9228 30
1958 958 31
3033 2033 28
3295 2295 31
3975 2975 30
5810 4810 27
6141 5141 29
6762 5762 35
7559 6559 27
10523 9523 30
10999 9999 32
1252 252 32
2001 1001 35
2266 1266 26
2997 1997 28
3182 2182 32
3902 2902 28
6421 5421 27
6653 5653 33
6655 5655 27
8719 7719 28
2119 1119 31
3975 2975 32
4078 3078 28
4989 3989 32
6697 5697 32
6899 5899 25
7130 6130 34
7688 6688 28
8353 7353 31
8791 7791 26
2372 1372 26
3153 2153 28
3264 2264 29
3669 2669 30
5414 4414 28
5797 4797 35
5970 4970 30
7883 6883 25
8937 7937 33
10446 9446 28
1521 521 27
3351 2351 31
4847 3847 27
5597 4597 32
5674 4674 28
5872 4872 34
6369 5369 34
7231 6231 35
10130 9130 33
10830 9830 26
1834 834 33
3725 2725 33
4318 3318 26
4918 3918 25
5182 4182 31
7580 6580 32
8225 7225 25
8673 7673 30
9867 8867 28
10831 9831 30
1036 36 34
1094 94 34
3530 2530 29
3724 2724 31
4779 3779 30
5591 4591 30
5694 4694 25
6625 5625 35
6935 5935 34
10186 9186 28
1836 836 25
3753 2753 32
4465 3465 26
5677 4677 33
7079 6079 27
8246 7246 32
8645 7645 25
9240 8240 28
10466 9466 25
10977 9977 25
1430 430 34
1617 617 31
1835 835 30
2299 1299 31
2725 1725 29
3645 2645 31
3672 2672 26
3712 2712 29
4675 3675 30
8858 7858 33
1684 684 35
2497 1497 28
3571 2571 34
3934 2934 28
4054 3054 30
7330 6330 27
7950 6950 34
8341 7341 28
9285 8285 30
10242 9242 32
2435 1435 33
2967 1967 28
2993 1993 30
3127 2127 25
3927 2927 31
4645 3645 32
6271 5271 31
9168 8168 34
9687 8687 29
9825 8825 26
1046 46 30
1176 176 28
1282 282 30
2850 1850 30
2853 1853 26
2908 1908 27
7422 6422 33
8257 7257 30
8352 7352 32
8947 7947 33
3617 2617 34
3983 2983 27
5185 4185 35
7422 6422 28
8448 7448 25
8922 7922 26
9677 8677 30
10020 9020 33
10372 9372 26
10994 9994 27
1858 858 34
4582 3582 28
4718 3718 34
6353 5353 34
6377 5377 27
6538 5538 31
7363 6363 34
7589 6589 31
7596 6596 31
9029 8029 26
2201 1201 32
2547 1547 33
3616 2616 29
6298 5298 33
7417 6417 27
7707 6707 29
8311 7311 33
9508 8508 31
9743 8743 28
10385 9385 33
1515 515 28
2138 1138 28
7732 6732 35
8147 7147 27
8613 7613 28
8768 7768 33
9043 8043 31
9654 8654 27
10745 9745 30
10762 9762 26
4035 3035 26
4330 3330 29
4571 3571 27
6433 5433 33
6594 5594 30
7326 6326 28
7499 6499 29
8683 7683 32
9738 8738 34
10641 9641 31
1192 192 27
1711 711 28
2759 1759 27
4035 3035 34
4578 3578 27
6964 5964 34
7068 6068 26
8567 7567 33
9024 8024 32
10617 9617 32
2079 1079 35
2674 1674 34
2881 1881 32
3098 2098 33
3566 2566 27
4446 3446 34
4990 3990 25
5862 4862 29
7645 6645 35
10250 9250 26
1358 358 34
1380 380 33
2627 1627 30
2762 1762 28
4452 3452 33
5086 4086 31
6420 5420 34
9606 8606 33
10709 9709 31
10880 9880 33
3120 2120 27
5593 4593 29
7129 6129 29
8633 7633 34
8793 7793 27
9201 8201 34
10025 9025 27
10459 9459 33
10583 9583 29
10939 9939 28
4658 3658 35
5345 4345 26
6455 5455 30
6597 5597 33
7442 6442 30
9212 8212 32
9677 8677 25
9863 8863 32
10149 9149 30
10268 9268 25
1058 58 33
1111 111 28
1823 823 26
4370 3370 29
4489 3489 33
4928 3928 26
6559 5559 25
8036 7036 27
8611 7611 29
8676 7676 26
1486 486 34
1637 637 26
2455 1455 33
5376 4376 33
5915 4915 29
6470 5470 32
6503 5503 29
7339 6339 25
8603 7603 34
10107 9107 33
1113 113 34
2011 1011 28
3442 2442 33
4472 3472 27
4953 3953 30
5806 4806 31
8120 7120 31
8401 7401 26
10002 9002 31
10391 9391 32
1620 620 28
2805 1805 27
2823 1823 31
3829 2829 29
5243 4243 34
5544 4544 26
6250 5250 27
7448 6448 29
9433 8433 26
10886 9886 33
1974 974 33
2079 1079 25
3849 2849 29
5625 4625 33
6094 5094 33
6116 5116 27
7089 6089 33
7248 6248 27
8125 7125 33
9678 8678 26
4380 3380 28
4503 3503 29
4984 3984 26
6877 5877 27
7389 6389 31
7434 6434 31
7754 6754 25
9285 8285 28
9352 8352 32
9975 8975 27
1799 799 31
2577 1577 34
3479 2479 32
3872 2872 30
4393 3393 26
4596 3596 28
5365 4365 32
6800 5800 33
6819 5819 28
10440 9440 27
2766 1766 28
2840 1840 30
3170 2170 34
4190 3190 27
4608 3608 33
4990 3990 28
8409 7409 26
8630 7630 32
10220 9220 32
10503 9503 30
1008 8 34
2001 1001 30
4678 3678 34
5296 4296 31
5601 4601 29
6825 5825 26
7190 6190 28
8547 7547 28
10138 9138 32
10683 9683 27
3668 2668 27
5176 4176 26
5407 4407 28
5896 4896 25
6556 5556 25
7033 6033 26
7361 6361 25
8349 7349 33
10422 9422 33
10765 9765 32
1254 254 30
1281 281 32
1380 380 27
1480 480 32
1724 724 34
4008 3008 27
4459 3459 28
5262 4262 26
5278 4278 28
9813 8813 29
1009 9 25
2152 1152 32
2647 1647 33
3853 2853 34
3895 2895 30
4641 3641 26
5883 4883 33
6831 5831 28
6913 5913 29
9891 8891 30
1009 9 28
1130 130 26
2570 1570 28
4478 3478 29
5961 4961 31
6816 5816 30
7060 6060 26
7343 6343 31
10117 9117 34
10497 9497 28
2000 1000 27
2989 1989 35
4077 3077 32
4393 3393 26
4465 3465 32
5447 4447 26
5811 4811 31
5928 4928 25
6732 5732 33
8377 7377 27
2393 1393 34
2428 1428 34
2958 1958 26
4697 3697 26
5736 4736 28
8316 7316 29
8626 7626 28
10008 9008 26
10648 9648 33
10710 9710 27
1453 453 34
2742 1742 25
4003 3003 27
4613 3613 33
4715 3715 26
5584 4584 28
5755 4755 34
6744 5744 29
7805 6805 34
8318 7318 30
1646 646 28
1760 760 29
1804 804 30
2732 1732 29
5621 4621 26
6366 5366 35
7172 6172 33
8205 7205 34
8790 7790 25
10910 9910 28
2685 1685 33
2693 1693 32
3081 2081 28
3293 2293 31
5865 4865 26
6220 5220 33
7977 6977 32
9143 8143 30
10001 9001 34
10838 9838 27
1746 746 35
2631 1631 30
3867 2867 30
6339 5339 28
6369 5369 33
6406 5406 32
6979 5979 30
7295 6295 26
7999 6999 29
8540 7540 33
1624 624 33
1902 902 25
2706 1706 31
4784 3784 32
5235 4235 31
6202 5202 27
6616 5616 26
7650 6650 32
7828 6828 34
10249 9249 29
2314 1314 29
4916 3916 33
5576 4576 30
6007 5007 26
6602 5602 33
6667 5667 31
8146 7146 34
9051 8051 27
10038 9038 31
10956 9956 31
2395 1395 29
3068 2068 31
5580 4580 34
6401 5401 29
7511 6511 25
8312 7312 35
8799 7799 29
9872 8872 31
10412 9412 27
10425 9425 30
1373 373 31
2542 1542 31
3268 2268 34
6614 5614 34
6630 5630 34
6682 5682 27
7195 6195 26
7561 6561 35
8095 7095 35
9581 8581 32
1764 764 26
2257 1257 30
3099 2099 29
3287 2287 29
5684 4684 34
8143 7143 34
8668 7668 26
9416 8416 26
9570 8570 30
10915 9915 29
2259 1259 30
3431 2431 25
4334 3334 33
4336 3336 33
4783 3783 33
6966 5966 31
8020 7020 32
9483 8483 31
9675 8675 29
10858 9858 25
1718 718 30
2633 1633 29
4602 3602 35
7078 6078 28
7264 6264 29
7913 6913 29
8191 7191 31
9286 8286 33
9412 8412 31
10898 9898 29
4447 3447 29
4661 3661 29
5248 4248 34
5338 4338 29
7085 6085 25
7257 6257 26
7995 6995 29
9073 8073 29
9789 8789 25
10710 9710 34
