1000 500 2233656
2 148 215
2 129 201
2 127 230
2 141 196
2 107 202
2 128 215
2 64 179
2 111 250
2 79 236
2 145 189
2 112 194
2 81 218
2 55 237
2 66 214
2 129 184
2 76 192
2 80 155
2 53 158
2 128 176
2 78 153
2 69 199
2 77 190
2 116 232
2 100 201
2 147 198
2 112 204
2 116 230
2 149 172
2 82 221
2 116 199
2 129 229
2 55 160
2 105 241
2 103 228
2 75 190
2 119 190
2 106 181
2 126 214
2 62 157
2 140 236
2 57 219
2 89 193
2 132 153
2 100 220
2 140 176
2 110 152
2 127 222
2 76 228
2 128 157
2 56 232
2 125 219
2 80 235
2 119 250
2 144 201
2 95 207
2 102 195
2 137 154
2 65 157
2 105 180
2 135 174
2 136 201
2 113 170
2 89 160
2 79 190
2 137 246
2 119 248
2 65 245
2 86 174
2 62 237
2 132 213
2 67 196
2 133 180
2 120 175
2 106 183
2 138 238
2 81 207
2 72 152
2 99 225
2 65 239
2 130 152
2 62 190
2 75 176
2 64 197
2 81 199
2 95 247
2 104 155
2 120 166
2 99 189
2 84 200
2 70 234
2 51 244
2 121 207
2 131 189
2 79 207
2 94 159
2 100 243
2 108 188
2 93 246
2 84 241
2 110 150
2 80 171
2 86 190
2 88 206
2 117 160
2 140 226
2 129 194
2 87 237
2 144 207
2 61 214
2 147 229
2 56 221
2 146 221
2 106 190
2 140 150
2 59 243
2 148 221
2 125 248
2 111 248
2 57 152
2 103 211
2 93 218
2 124 173
2 60 177
2 98 214
2 90 157
2 76 219
2 84 214
2 138 160
2 137 200
2 128 167
2 81 232
2 62 190
2 94 158
2 64 232
2 62 229
2 60 171
2 54 170
2 71 168
2 97 170
2 59 192
2 58 167
2 130 211
2 99 163
2 139 171
2 119 213
2 147 181
2 146 203
2 74 210
2 145 244
2 114 206
2 97 219
2 67 245
2 82 184
2 64 170
2 79 226
2 54 212
2 125 166
2 144 239
2 112 169
2 107 176
2 50 152
2 141 234
2 133 155
2 98 192
2 101 208
2 78 168
2 147 182
2 84 224
2 131 221
2 58 205
2 142 235
2 119 190
2 85 183
2 138 240
2 70 219
2 122 191
2 141 168
2 92 217
2 80 169
2 92 171
2 109 162
2 102 186
2 143 241
2 61 190
2 51 207
2 134 240
2 111 229
2 62 210
2 82 218
2 104 244
2 148 211
2 83 224
2 57 183
2 140 181
2 123 169
2 56 240
2 132 200
2 51 150
2 112 184
2 119 203
2 86 244
2 106 241
2 115 209
2 119 190
2 143 151
2 115 178
2 114 227
2 88 162
2 82 244
2 60 236
2 112 232
2 65 179
2 63 241
2 59 202
2 134 203
2 79 206
2 109 248
2 119 227
2 94 233
2 92 218
2 128 178
2 76 210
2 70 212
2 143 227
2 56 185
2 75 228
2 74 187
2 138 224
2 70 170
2 115 245
2 142 187
2 136 155
2 139 219
2 95 209
2 127 182
2 77 192
2 68 213
2 62 186
2 135 184
2 139 179
2 124 168
2 64 240
2 60 204
2 120 195
2 114 187
2 84 151
2 68 164
2 65 177
2 143 206
2 58 160
2 73 233
2 72 177
2 143 217
2 61 151
2 141 195
2 123 176
2 65 180
2 85 175
2 140 151
2 59 216
2 83 240
2 59 189
2 133 239
2 127 184
2 83 186
2 129 247
2 128 240
2 60 248
2 125 153
2 112 222
2 130 161
2 75 210
2 100 237
2 67 184
2 72 223
2 87 224
2 88 215
2 72 207
2 111 213
2 99 171
2 118 154
2 106 219
2 51 217
2 62 221
2 70 237
2 142 151
2 67 232
2 68 237
2 104 232
2 52 245
2 100 181
2 122 182
2 121 163
2 149 207
2 133 206
2 106 243
2 124 235
2 64 185
2 81 175
2 73 220
2 78 225
2 144 152
2 148 241
2 103 226
2 140 176
2 100 236
2 85 226
2 100 183
2 78 196
2 121 156
2 50 217
2 57 212
2 96 167
2 88 214
2 75 217
2 95 159
2 150 170
2 120 250
2 130 235
2 96 169
2 145 240
2 141 208
2 59 169
2 148 247
2 132 182
2 66 171
2 56 220
2 51 235
2 51 239
2 95 243
2 123 192
2 106 196
2 60 242
2 104 198
2 148 195
2 87 225
2 85 236
2 121 153
2 131 214
2 53 161
2 59 246
2 145 203
2 55 227
2 101 186
2 66 156
2 78 174
2 137 171
2 137 186
2 120 223
2 91 233
2 58 166
2 54 171
2 139 228
2 125 162
2 108 241
2 65 220
2 70 217
2 109 159
2 107 250
2 76 249
2 83 163
2 146 208
2 140 172
2 138 204
2 103 178
2 142 245
2 81 192
2 144 225
2 50 218
2 60 229
2 107 209
2 111 248
2 127 210
2 145 245
2 129 214
2 50 200
2 121 194
2 131 203
2 146 159
2 143 237
2 101 210
2 140 160
2 50 240
2 126 193
2 94 249
2 80 243
2 112 165
2 120 239
2 111 197
2 76 215
2 123 188
2 137 187
2 52 171
2 60 182
2 144 167
2 116 243
2 108 224
2 114 211
2 70 203
2 122 209
2 137 179
2 55 174
2 127 194
2 52 187
2 127 239
2 80 182
2 114 155
2 121 245
2 119 233
2 78 235
2 106 250
2 117 168
2 96 208
2 149 187
2 150 248
2 72 174
2 52 222
2 74 201
2 134 203
2 147 153
2 119 239
2 129 211
2 141 244
2 113 158
2 134 229
2 111 178
2 136 241
2 123 173
2 84 229
2 109 207
2 89 189
2 83 237
2 107 152
2 150 228
2 98 179
2 123 151
2 125 152
2 51 235
2 50 188
2 129 181
2 94 185
2 56 209
2 150 150
2 70 229
2 125 164
2 146 160
2 131 182
2 99 161
2 102 243
2 56 172
2 62 222
2 91 169
2 93 218
2 133 235
2 120 172
2 89 242
2 93 209
2 114 202
2 88 174
2 114 240
2 136 185
2 96 205
2 94 192
2 99 168
2 119 156
2 94 205
2 54 208
2 119 204
2 58 151
2 145 215
2 99 168
2 83 192
2 132 232
2 112 173
2 59 213
2 115 162
2 93 204
2 148 178
2 125 186
2 92 203
2 146 234
2 127 189
2 134 177
2 68 214
2 102 181
2 66 187
2 67 172
2 74 208
2 87 225
2 131 151
2 150 186
2 119 180
2 68 222
2 143 187
2 107 156
2 108 228
2 97 165
2 72 236
2 125 176
2 78 208
1042 42 180
9395 8395 141
4955 3955 141
6023 5023 174
4836 3836 176
5779 4779 180
4485 3485 191
9646 8646 154
3308 2308 182
4857 3857 159
8448 7448 137
9535 8535 155
1963 963 179
2071 1071 179
6971 5971 146
10373 9373 186
6847 5847 158
7590 6590 187
8402 7402 139
10897 9897 180
6527 5527 137
9333 8333 148
3718 2718 162
7681 6681 166
5646 4646 163
7314 6314 154
7022 6022 147
9968 8968 143
3148 2148 184
9519 8519 184
3854 2854 147
7057 6057 147
4921 3921 140
7504 6504 152
2866 1866 144
7626 6626 158
5232 4232 164
5542 4542 176
6887 5887 153
8430 7430 142
7708 6708 146
8307 7307 178
5151 4151 178
8979 7979 164
9886 8886 152
10615 9615 158
5419 4419 146
5485 4485 165
9016 8016 182
9765 8765 159
4413 3413 156
8508 7508 177
10115 9115 175
10604 9604 183
2150 1150 144
3987 2987 172
3154 2154 137
7393 6393 180
1347 347 150
1859 859 170
8215 7215 143
9663 8663 154
1657 657 152
10624 9624 160
10091 9091 154
10944 9944 177
5527 4527 186
9721 8721 153
6660 5660 163
7541 6541 174
8278 7278 155
9067 8067 156
4136 3136 176
10376 9376 169
9333 8333 139
9347 8347 182
2640 1640 144
7389 6389 157
2281 1281 143
4922 3922 181
5152 4152 174
6382 5382 141
1173 173 187
2706 1706 176
1121 121 153
10925 9925 153
3404 2404 177
6979 5979 146
2707 1707 170
4857 3857 175
6569 5569 137
10105 9105 146
4717 3717 137
5334 4334 137
4478 3478 181
5510 4510 154
2921 1921 157
5362 4362 157
5315 4315 142
7430 6430 158
3228 2228 178
3234 2234 174
6062 5062 172
8878 7878 163
2699 1699 186
4499 3499 158
3880 2880 163
4412 3412 155
3470 2470 187
9239 8239 176
7239 6239 188
10093 9093 181
2747 1747 148
5086 4086 154
5845 4845 146
8011 7011 150
1015 15 178
5951 4951 140
5898 4898 174
8741 7741 152
4281 3281 175
9109 8109 183
2700 1700 170
7033 6033 170
5280 4280 160
10254 9254 160
1558 558 161
7509 6509 137
4386 3386 158
10365 9365 147
2062 1062 137
8917 7917 151
10716 9716 166
10900 9900 146
4683 3683 174
10173 9173 146
3481 2481 160
4720 3720 189
3481 2481 160
6834 5834 178
2041 1041 173
7238 6238 138
4530 3530 177
6548 5548 140
10705 9705 150
10769 9769 175
1880 880 141
5485 4485 162
3792 2792 184
10878 9878 156
3305 2305 178
8720 7720 189
4432 3432 147
8183 7183 152
2327 1327 139
8947 7947 182
2269 1269 166
3255 2255 170
7232 6232 151
10723 9723 152
3015 2015 149
6966 5966 186
2763 1763 150
10737 9737 155
3190 2190 172
8818 7818 152
7893 6893 150
10274 9274 172
3279 2279 182
4886 3886 188
4173 3173 147
5936 4936 155
10087 9087 141
10111 9111 148
2723 1723 140
6065 5065 173
9067 8067 138
9129 8129 160
2818 1818 166
9477 8477 139
3002 2002 182
8801 7801 151
2472 1472 183
7426 6426 180
3257 2257 160
10271 9271 146
1003 3 173
8693 7693 177
8821 7821 159
9145 8145 159
7215 6215 143
7234 6234 139
6059 5059 137
10535 9535 188
1694 694 191
6156 5156 191
8386 7386 142
8787 7787 174
3189 2189 150
5017 4017 150
5486 4486 156
6080 5080 154
5681 4681 152
10290 9290 189
7321 6321 139
7870 6870 183
2195 1195 148
7902 6902 160
3629 2629 189
6069 5069 174
1293 293 142
3415 2415 185
4329 3329 144
5226 4226 189
3351 2351 150
8517 7517 163
5512 4512 158
6426 5426 165
1148 148 154
8999 7999 191
5044 4044 149
8110 7110 189
5200 4200 180
7832 6832 152
8051 7051 188
9025 8025 178
5375 4375 150
10738 9738 147
7380 6380 150
7782 6782 141
1154 154 192
1835 835 162
5949 4949 186
10812 9812 176
6184 5184 188
7305 6305 151
6091 5091 152
6164 5164 152
8327 7327 160
9778 8778 152
5471 4471 148
7720 6720 188
1016 16 142
7384 6384 165
2192 1192 143
9225 8225 160
3334 2334 138
3367 2367 191
3550 2550 157
7927 6927 157
1065 65 158
1580 580 165
2995 1995 176
5469 4469 139
1272 272 154
10117 9117 160
1502 502 183
9570 8570 156
9074 8074 167
10737 9737 142
1308 308 146
7687 6687 187
1991 991 141
8736 7736 160
4583 3583 149
10539 9539 158
1494 494 177
10527 9527 180
4551 3551 177
8475 7475 191
1409 409 166
4551 3551 171
2530 1530 154
3041 2041 170
7641 6641 168
10196 9196 168
3653 2653 148
8178 7178 170
1015 15 143
10512 9512 150
1083 83 140
1735 735 148
3839 2839 174
4220 3220 153
4233 3233 138
8888 7888 163
2027 1027 147
8888 7888 153
1545 545 154
5097 4097 182
1390 390 176
10506 9506 177
3401 2401 183
4647 3647 174
1229 229 173
9946 8946 164
6669 5669 164
7347 6347 192
1215 215 147
7036 6036 158
1865 865 137
10278 9278 176
4313 3313 143
7162 6162 180
5627 4627 184
6732 5732 156
2810 1810 170
9560 8560 156
8416 7416 169
9857 8857 158
1039 39 161
2272 1272 150
7451 6451 147
7535 6535 165
5368 4368 169
6319 5319 142
5078 4078 160
8683 7683 154
2364 1364 158
7058 6058 138
6371 5371 152
7707 6707 152
3874 2874 187
5427 4427 184
1455 455 155
2282 1282 155
8732 7732 158
10788 9788 144
3990 2990 174
5756 4756 150
3127 2127 168
7459 6459 168
7115 6115 155
7921 6921 182
4495 3495 138
6200 5200 141
1283 283 154
8093 7093 141
6639 5639 192
6770 5770 166
3390 2390 137
5981 4981 152
7137 6137 148
7215 6215 163
3884 2884 143
8346 7346 164
1361 361 191
10299 9299 184
4812 3812 176
4873 3873 149
8539 7539 141
9934 8934 158
6862 5862 153
7324 6324 168
1510 510 155
4775 3775 164
5818 4818 169
9643 8643 150
1302 302 154
4588 3588 165
3713 2713 138
9661 8661 158
6625 5625 186
9247 8247 149
5167 4167 156
7755 6755 140
1695 695 152
3637 2637 173
1958 958 143
2704 1704 162
5477 4477 181
7069 6069 170
9501 8501 187
10878 9878 174
9124 8124 159
9504 8504 189
5971 4971 146
7446 6446 186
3404 2404 142
5126 4126 172
8087 7087 174
9452 8452 178
2556 1556 143
3310 2310 149
4116 3116 147
8107 7107 183
1782 782 163
2125 1125 156
1391 391 169
4927 3927 169
4382 3382 185
5451 4451 140
4183 3183 191
4728 3728 186
1039 39 150
1099 99 143
9162 8162 183
10257 9257 172
3099 2099 181
4098 3098 141
4298 3298 171
5737 4737 143
2854 1854 184
3463 2463 155
4982 3982 189
5583 4583 186
2558 1558 137
9805 8805 161
2278 1278 151
6393 5393 151
2309 1309 142
3098 2098 150
4797 3797 186
5011 4011 166
3489 2489 138
4964 3964 162
3712 2712 181
7604 6604 176
1817 817 143
5691 4691 180
2158 1158 149
7741 6741 171
2951 1951 176
10288 9288 146
1838 838 148
10723 9723 185
2010 1010 174
2634 1634 146
4241 3241 155
5425 4425 176
6466 5466 160
9327 8327 175
9230 8230 173
9617 8617 139
1318 318 162
4361 3361 165
8663 7663 181
10627 9627 147
1492 492 148
6368 5368 141
2024 1024 144
3986 2986 155
2089 1089 192
5032 4032 152
4922 3922 185
6953 5953 162
3861 2861 159
10840 9840 178
1277 277 142
10323 9323 142
1584 584 191
10202 9202 181
3266 2266 180
9081 8081 171
4359 3359 162
5815 4815 147
3244 2244 156
5094 4094 139
5010 4010 167
10473 9473 156
7686 6686 143
9096 8096 154
1310 310 140
8485 7485 155
1930 930 183
3594 2594 164
8003 7003 172
8692 7692 167
6514 5514 182
7780 6780 161
7651 6651 143
8026 7026 191
8321 7321 182
10473 9473 162
4108 3108 186
9141 8141 177
1060 60 184
10570 9570 138
7181 6181 179
8263 7263 166
2093 1093 142
8725 7725 168
1363 363 166
8993 7993 142
2244 1244 166
8384 7384 167
6837 5837 148
8078 7078 169
6089 5089 162
7284 6284 144
3179 2179 144
7160 6160 151
1571 571 164
2864 1864 152
5429 4429 151
8550 7550 146
1498 498 147
9755 8755 155
4136 3136 160
7982 6982 155
2281 1281 149
3823 2823 166
3722 2722 141
6799 5799 148
7782 6782 173
8459 7459 192
1052 52 151
1521 521 151
1528 528 165
8187 7187 140
8467 7467 176
9745 8745 175
1932 932 142
8458 7458 180
3300 2300 175
8036 7036 169
4434 3434 151
7504 6504 151
3204 2204 152
7078 6078 143
9203 8203 170
10315 9315 148
1471 471 189
4251 3251 144
10417 9417 178
10913 9913 188
1353 353 148
10206 9206 184
5202 4202 138
9829 8829 155
1910 910 154
4756 3756 175
2630 1630 180
6486 5486 144
2376 1376 151
8063 7063 150
4152 3152 153
8940 7940 153
6713 5713 142
8403 7403 155
6230 5230 161
10795 9795 158
3075 2075 174
6227 5227 171
4032 3032 149
9305 8305 185
2962 1962 164
5373 4373 184
6000 5000 167
6986 5986 163
3480 2480 172
5750 4750 188
6945 5945 192
7634 6634 167
1468 468 183
3018 2018 183
9854 8854 155
10570 9570 188
9241 8241 171
10038 9038 147
2657 1657 149
7174 6174 154
1729 729 183
9613 8613 166
4585 3585 156
5241 4241 153
6100 5100 166
6887 5887 158
1714 714 154
10311 9311 155
10078 9078 151
10406 9406 151
4517 3517 182
7277 6277 192
3153 2153 140
8786 7786 171
2405 1405 150
3045 2045 139
2418 1418 176
3014 2014 192
5077 4077 165
8495 7495 137
6367 5367 156
9842 8842 182
3133 2133 163
3363 2363 163
4301 3301 139
5858 4858 191
7172 6172 166
7689 6689 139
5915 4915 143
10282 9282 186
5471 4471 151
10831 9831 180
3582 2582 183
9391 8391 185
1058 58 139
6844 5844 171
1140 140 139
3298 2298 159
1974 974 186
7978 6978 175
2726 1726 152
3242 2242 152
7284 6284 184
7457 6457 191
1249 249 187
10693 9693 181
2698 1698 176
5888 4888 176
1184 184 138
3549 2549 173
1267 267 172
1657 657 151
5151 4151 158
5653 4653 137
6740 5740 153
9382 8382 147
3949 2949 147
7380 6380 156
1652 652 143
4927 3927 137
3640 2640 182
10166 9166 139
1574 574 166
1737 737 167
2279 1279 188
9497 8497 172
2366 1366 154
6156 5156 155
3833 2833 159
9889 8889 159
5151 4151 170
6708 5708 170
9640 8640 152
9843 8843 183
2676 1676 170
3328 2328 149
7441 6441 169
8901 7901 169
5614 4614 169
9372 8372 150
5046 4046 152
10791 9791 142
4692 3692 169
9367 8367 152
3499 2499 137
4512 3512 167
1256 256 160
3225 2225 180
1143 143 171
1909 909 171
5776 4776 183
8482 7482 148
3506 2506 171
3516 2516 184
3225 2225 166
9209 8209 163
6792 5792 175
9151 8151 170
7481 6481 141
8158 7158 138
3317 2317 143
10658 9658 192
3590 2590 143
10640 9640 180
3187 2187 159
8513 7513 161
1549 549 155
10429 9429 169
6766 5766 152
9858 8858 176
1494 494 172
4610 3610 160
9374 8374 153
9981 8981 143
1734 734 165
2498 1498 186
9471 8471 161
9627 8627 149
8006 7006 192
9338 8338 183
1677 677 181
1983 983 169
3586 2586 175
7752 6752 178
1202 202 173
7335 6335 139
2350 1350 156
7151 6151 156
8127 7127 153
10340 9340 152
2306 1306 171
6543 5543 137
1497 497 138
6660 5660 164
2459 1459 169
4932 3932 182
4804 3804 155
6876 5876 166
2120 1120 166
6864 5864 156
3793 2793 171
6773 5773 171
1111 111 139
9899 8899 140
6288 5288 162
8823 7823 158
3957 2957 138
4337 3337 143
1820 820 152
5130 4130 175
2794 1794 177
3176 2176 192
5217 4217 159
7013 6013 137
4446 3446 192
8518 7518 156
6804 5804 187
9311 8311 141
1249 249 163
8985 7985 163
3388 2388 148
10512 9512 181
2766 1766 172
9747 8747 172
4141 3141 144
10962 9962 137
5195 4195 152
10452 9452 150
2229 1229 156
10606 9606 154
1069 69 137
1852 852 143
8795 7795 165
9423 8423 155
5997 4997 177
7037 6037 182
2432 1432 148
4430 3430 191
1512 512 143
4228 3228 138
3846 2846 152
7302 6302 141
3451 2451 176
5968 4968 192
2280 1280 148
8191 7191 161
1942 942 164
9863 8863 189
1198 198 180
8054 7054 172
5914 4914 183
6495 5495 139
4295 3295 151
7504 6504 182
4442 3442 159
8453 7453 149
5199 4199 143
9000 8000 172
5277 4277 186
6901 5901 166
2007 1007 151
10635 9635 160
5776 4776 184
9398 8398 171
1958 958 182
7138 6138 180
7742 6742 147
9108 8108 182
7120 6120 147
9436 8436 192
7509 6509 165
10286 9286 143
1740 740 143
9839 8839 192
3486 2486 178
7100 6100 154
2467 1467 185
7481 6481 188
8865 7865 178
10550 9550 169
4027 3027 187
5538 4538 184
4980 3980 171
9859 8859 160
3915 2915 166
10479 9479 174
8493 7493 155
9046 8046 167
1633 633 155
7501 6501 156
4371 3371 177
9755 8755 155
4818 3818 188
9892 8892 188
2442 1442 172
9316 8316 181
5559 4559 151
10931 9931 191
3478 2478 156
10298 9298 177
2106 1106 139
5829 4829 165
8415 7415 177
9981 8981 169
3732 2732 160
6976 5976 159
9306 8306 142
9462 8462 183
4028 3028 164
10857 9857 173
1065 65 140
4362 3362 154
5425 4425 177
8976 7976 137
5988 4988 183
7590 6590 180
4620 3620 162
8033 7033 147
3924 2924 175
5171 4171 146
1071 71 168
6022 5022 156
1257 257 184
1905 905 148
4692 3692 187
9139 8139 138
5599 4599 189
6114 5114 181
5638 4638 174
9582 8582 164
2928 1928 155
5914 4914 163
2540 1540 158
8665 7665 149
1633 633 149
7636 6636 156
2233 1233 153
7256 6256 150
2306 1306 192
7460 6460 140
2690 1690 171
8566 7566 188
7806 6806 155
10061 9061 185
1259 259 158
9560 8560 158
2068 1068 173
2294 1294 139
2581 1581 164
3577 2577 167
6152 5152 186
8080 7080 153
5707 4707 158
9280 8280 164
7524 6524 173
10218 9218 153
7383 6383 187
10056 9056 162
4546 3546 159
10536 9536 143
4565 3565 141
10777 9777 188
2883 1883 152
8335 7335 152
2661 1661 163
4648 3648 142
2941 1941 178
6891 5891 158
2348 1348 151
3336 2336 137
1163 163 152
9755 8755 152
1050 50 164
3547 2547 144
1464 464 175
4295 3295 148
9068 8068 175
10140 9140 138
1661 661 153
4890 3890 149
7033 6033 178
8480 7480 189
1456 456 141
2181 1181 150
3711 2711 139
10001 9001 158
8546 7546 164
10755 9755 164
5871 4871 141
6463 5463 160
4535 3535 151
6864 5864 182
5897 4897 161
7470 6470 161
4085 3085 162
9366 8366 146
3001 2001 172
5733 4733 165
7265 6265 164
10083 9083 149
6563 5563 169
7776 6776 164
7852 6852 165
10432 9432 189
3155 2155 169
9786 8786 146
6251 5251 146
6908 5908 155
4808 3808 180
6266 5266 150
4230 3230 140
8905 7905 146
1379 379 149
8400 7400 173
4320 3320 172
6157 5157 174
6425 5425 163
6903 5903 159
5772 4772 153
6666 5666 182
4664 3664 185
7782 6782 160
2224 1224 172
8202 7202 148
6559 5559 147
6745 5745 163
5302 4302 156
9613 8613 142
5995 4995 143
6732 5732 171
2171 1171 154
10113 9113 156
5972 4972 144
7120 6120 186
6790 5790 151
6908 5908 151
6055 5055 175
9968 8968 185
3787 2787 168
8558 7558 168
7609 6609 178
10098 9098 173
6328 5328 175
7992 6992 176
2136 1136 149
6435 5435 172
8446 7446 166
10760 9760 181
1095 95 156
1938 938 152
2400 1400 143
6265 5265 187
2958 1958 178
4058 3058 175
2860 1860 163
4826 3826 180
3219 2219 189
4022 3022 181
6328 5328 154
9968 8968 138
7465 6465 148
7683 6683 165
1153 153 177
7699 6699 177
4887 3887 173
7168 6168 148
2043 1043 180
7844 6844 154
6790 5790 172
7972 6972 143
5184 4184 172
6843 5843 165
2954 1954 159
9823 8823 185
2367 1367 188
2546 1546 174
1076 76 151
7526 6526 151
1822 822 174
9630 8630 164
2763 1763 174
10580 9580 177
4428 3428 164
6278 5278 180
3390 2390 185
8675 7675 173
3562 2562 150
8222 7222 156
7178 6178 147
7813 6813 171
2735 1735 165
4849 3849 161
9222 8222 159
9504 8504 172
1335 335 176
5038 4038 137
1157 157 150
5814 4814 137
