2000 20 5182899
100 91 224
100 56 208
100 104 217
100 136 189
100 117 215
100 69 158
100 51 163
100 99 217
100 106 156
100 77 206
100 62 224
100 91 243
100 115 170
100 137 228
100 131 231
100 106 231
100 68 206
100 148 247
100 115 166
100 92 150
1087 87 2
1091 91 2
1251 251 2
1403 403 2
1461 461 2
1522 522 2
1723 723 2
1860 860 3
1967 967 3
2031 1031 3
2109 1109 2
2194 1194 2
2229 1229 2
2255 1255 3
2533 1533 2
2582 1582 2
2654 1654 3
2696 1696 2
2908 1908 3
3389 2389 3
3450 2450 3
3483 2483 2
3498 2498 2
3693 2693 2
3795 2795 2
3962 2962 3
4253 3253 3
4271 3271 3
4363 3363 2
4584 3584 3
4601 3601 2
4637 3637 3
4663 3663 2
4706 3706 2
4725 3725 2
5011 4011 2
5038 4038 2
5053 4053 2
5087 4087 2
5489 4489 2
5664 4664 2
5722 4722 2
6048 5048 3
6083 5083 3
6088 5088 2
6137 5137 3
6201 5201 2
6236 5236 3
6312 5312 3
6333 5333 3
6532 5532 2
6634 5634 3
6642 5642 2
6707 5707 3
6720 5720 3
6945 5945 2
6997 5997 2
7140 6140 3
7312 6312 2
7317 6317 2
7329 6329 3
7375 6375 2
7553 6553 2
7701 6701 2
7813 6813 2
7882 6882 2
7888 6888 2
8056 7056 3
8059 7059 3
8074 7074 2
8075 7075 3
8119 7119 2
8146 7146 2
8383 7383 3
8618 7618 2
8623 7623 3
8694 7694 2
8821 7821 2
8981 7981 2
9010 8010 3
9240 8240 2
9409 8409 2
9505 8505 2
9607 8607 2
9669 8669 3
9800 8800 2
9936 8936 2
9951 8951 2
10117 9117 2
10133 9133 2
10156 9156 2
10198 9198 2
10213 9213 3
10278 9278 3
10462 9462 3
10520 9520 2
10625 9625 2
10659 9659 2
10818 9818 2
10964 9964 3
1259 259 2
1260 260 3
1404 404 2
1475 475 2
1486 486 3
2035 1035 2
2140 1140 2
2240 1240 3
2274 1274 2
2323 1323 2
2504 1504 3
2772 1772 2
2851 1851 2
3157 2157 2
3303 2303 3
3325 2325 2
3403 2403 3
3433 2433 2
3446 2446 2
3545 2545 3
3672 2672 3
3723 2723 3
3997 2997 3
4091 3091 2
4387 3387 3
4456 3456 2
4481 3481 3
4573 3573 2
4789 3789 3
4795 3795 3
4816 3816 2
4834 3834 2
4846 3846 3
4917 3917 2
5293 4293 3
5311 4311 2
5447 4447 2
5497 4497 2
5667 4667 2
5688 4688 2
5787 4787 2
5871 4871 3
5878 4878 3
5996 4996 2
6113 5113 2
6138 5138 2
6192 5192 3
6286 5286 3
6487 5487 2
6704 5704 2
6879 5879 2
7021 6021 2
7312 6312 2
7341 6341 3
7397 6397 2
7468 6468 2
7765 6765 2
7840 6840 3
7868 6868 2
7921 6921 2
8049 7049 3
8095 7095 3
8320 7320 2
8340 7340 2
8356 7356 2
8403 7403 3
8472 7472 3
8487 7487 3
8507 7507 3
8798 7798 3
8843 7843 2
8845 7845 2
8858 7858 2
8965 7965 2
9086 8086 2
9212 8212 2
9243 8243 2
9315 8315 2
9361 8361 3
9364 8364 2
9477 8477 3
9525 8525 2
9599 8599 2
9647 8647 3
9663 8663 3
9763 8763 2
9782 8782 2
9896 8896 2
9984 8984 2
9986 8986 3
10133 9133 3
10141 9141 3
10227 9227 3
10345 9345 2
10421 9421 3
10454 9454 2
10476 9476 2
10776 9776 2
10895 9895 3
10941 9941 3
1014 14 2
1023 23 3
1039 39 2
1045 45 3
1049 49 3
1187 187 3
1514 514 3
1649 649 3
1692 692 2
1890 890 2
2199 1199 3
2255 1255 3
2460 1460 2
2539 1539 3
2605 1605 2
2700 1700 3
2863 1863 2
2864 1864 3
2906 1906 2
3134 2134 2
3225 2225 2
3352 2352 2
3369 2369 3
3478 2478 2
3500 2500 2
3675 2675 2
3735 2735 3
3862 2862 2
3873 2873 2
4104 3104 2
4145 3145 3
4274 3274 2
4335 3335 2
4407 3407 3
4461 3461 2
4613 3613 3
4695 3695 2
4719 3719 2
4721 3721 3
4917 3917 2
4917 3917 2
4956 3956 3
5009 4009 2
5109 4109 2
5252 4252 3
5347 4347 2
5713 4713 3
5805 4805 3
5905 4905 3
5906 4906 2
6070 5070 3
6126 5126 3
6223 5223 2
6322 5322 2
6348 5348 3
6441 5441 3
6583 5583 2
6765 5765 2
6872 5872 2
6890 5890 2
7144 6144 2
7190 6190 2
7198 6198 3
7269 6269 3
7307 6307 2
7320 6320 2
7436 6436 3
7813 6813 2
7925 6925 3
7963 6963 2
8056 7056 2
8114 7114 3
8139 7139 2
8384 7384 2
8609 7609 2
8687 7687 3
8826 7826 3
8880 7880 3
8886 7886 3
8909 7909 2
8994 7994 2
9007 8007 2
9027 8027 2
9032 8032 2
9231 8231 2
9268 8268 2
9353 8353 2
9399 8399 2
9421 8421 2
9540 8540 2
9624 8624 2
9662 8662 2
10064 9064 3
10140 9140 3
10188 9188 3
10322 9322 2
10392 9392 2
10526 9526 3
10773 9773 3
10814 9814 2
1081 81 3
1213 213 2
1366 366 2
1394 394 3
1464 464 3
1511 511 2
1517 517 2
1605 605 2
1715 715 2
1771 771 3
1879 879 2
2368 1368 2
2545 1545 2
2554 1554 3
2753 1753 2
2801 1801 3
2905 1905 2
3148 2148 2
3406 2406 3
3606 2606 3
3650 2650 2
3676 2676 2
3763 2763 3
3763 2763 3
3797 2797 2
3852 2852 2
3862 2862 3
4001 3001 2
4293 3293 2
4348 3348 3
4356 3356 2
4382 3382 2
4414 3414 3
4468 3468 3
4614 3614 2
4708 3708 2
4731 3731 2
5153 4153 3
5185 4185 2
5302 4302 2
5352 4352 2
5359 4359 2
5423 4423 3
5462 4462 2
5503 4503 3
5515 4515 3
6364 5364 2
6401 5401 2
6513 5513 2
6546 5546 2
6623 5623 3
6699 5699 3
6707 5707 2
6892 5892 2
7096 6096 3
7276 6276 2
7423 6423 3
7551 6551 2
7571 6571 2
7575 6575 2
7781 6781 2
7790 6790 3
7796 6796 3
7827 6827 2
7879 6879 3
7985 6985 2
8170 7170 2
8289 7289 3
8292 7292 3
8337 7337 3
8395 7395 2
8459 7459 3
8532 7532 3
8758 7758 2
8773 7773 2
8807 7807 3
8844 7844 2
8884 7884 2
9031 8031 2
9097 8097 2
9103 8103 2
9141 8141 3
9153 8153 2
9219 8219 2
9236 8236 3
9291 8291 3
9437 8437 2
9592 8592 2
9795 8795 3
9869 8869 2
9912 8912 3
10059 9059 2
10075 9075 2
10349 9349 3
10503 9503 2
10510 9510 2
10534 9534 3
10675 9675 3
10700 9700 2
10778 9778 2
1154 154 3
1218 218 2
1373 373 2
1395 395 2
1399 399 2
1457 457 2
1620 620 3
1650 650 2
1848 848 2
1947 947 3
2054 1054 2
2196 1196 2
2216 1216 2
2521 1521 3
2559 1559 3
2605 1605 3
2677 1677 2
2881 1881 2
3092 2092 3
3121 2121 2
3253 2253 2
3426 2426 3
3538 2538 2
3567 2567 3
3680 2680 3
3756 2756 2
3827 2827 3
3844 2844 3
3876 2876 2
3910 2910 3
4092 3092 3
4161 3161 2
4390 3390 3
4650 3650 3
4738 3738 3
4850 3850 3
4857 3857 3
4873 3873 3
4882 3882 2
4971 3971 2
4980 3980 2
5102 4102 3
5118 4118 3
5147 4147 3
5222 4222 2
5355 4355 3
5358 4358 3
5394 4394 2
5475 4475 2
5545 4545 2
5595 4595 3
5818 4818 2
5906 4906 2
5920 4920 2
6215 5215 3
6315 5315 2
6388 5388 3
6438 5438 3
6458 5458 3
6466 5466 3
6484 5484 3
6520 5520 2
6627 5627 2
6742 5742 2
6765 5765 2
7335 6335 3
7340 6340 2
7351 6351 3
7462 6462 2
7568 6568 2
7572 6572 3
7609 6609 3
7794 6794 2
8099 7099 2
8446 7446 2
8513 7513 3
8687 7687 2
8872 7872 3
8906 7906 2
9076 8076 2
9103 8103 2
9136 8136 3
9317 8317 2
9338 8338 2
9348 8348 2
9414 8414 3
9416 8416 2
9534 8534 2
9577 8577 2
9670 8670 3
9887 8887 2
9915 8915 2
10043 9043 2
10115 9115 2
10129 9129 3
10328 9328 2
10690 9690 3
10748 9748 3
10805 9805 2
10925 9925 3
1054 54 3
1331 331 2
1418 418 3
1564 564 2
1564 564 3
1617 617 2
1629 629 3
1783 783 3
1945 945 2
2068 1068 3
2104 1104 3
2114 1114 2
2175 1175 2
2248 1248 2
2338 1338 3
2355 1355 3
2359 1359 3
2379 1379 2
2522 1522 3
2524 1524 2
2552 1552 3
2878 1878 2
2911 1911 3
2912 1912 2
2964 1964 2
3079 2079 2
3112 2112 2
3220 2220 2
3281 2281 3
3427 2427 2
3432 2432 3
3688 2688 2
3754 2754 2
3774 2774 2
3820 2820 2
4011 3011 2
4091 3091 2
4097 3097 2
4223 3223 3
4234 3234 3
4322 3322 2
4346 3346 3
4614 3614 2
4623 3623 2
4626 3626 2
4810 3810 2
5057 4057 2
5087 4087 3
5192 4192 2
5200 4200 3
5349 4349 2
5490 4490 2
5666 4666 3
5946 4946 2
6020 5020 2
6228 5228 2
6493 5493 3
6803 5803 2
6984 5984 3
7043 6043 2
7162 6162 2
7204 6204 2
7306 6306 3
7310 6310 2
7332 6332 3
7449 6449 2
7455 6455 3
8057 7057 2
8222 7222 2
8268 7268 2
8293 7293 3
8296 7296 3
8471 7471 2
8518 7518 2
8576 7576 2
8641 7641 2
8861 7861 2
8915 7915 3
8917 7917 2
8968 7968 2
9029 8029 2
9104 8104 2
9452 8452 3
9566 8566 3
9573 8573 2
9645 8645 2
9787 8787 2
9847 8847 3
9947 8947 3
10114 9114 2
10245 9245 2
10277 9277 3
10295 9295 3
10338 9338 3
10579 9579 3
10594 9594 3
10692 9692 2
10765 9765 3
10816 9816 2
10869 9869 2
1086 86 3
1160 160 2
1369 369 2
1452 452 2
1711 711 2
2096 1096 2
2315 1315 2
2389 1389 3
2585 1585 3
2683 1683 2
2780 1780 2
2816 1816 3
2821 1821 2
2846 1846 3
3088 2088 2
3168 2168 2
3182 2182 3
3192 2192 2
3284 2284 3
3448 2448 3
3553 2553 2
3598 2598 3
3627 2627 3
4056 3056 2
4065 3065 2
4190 3190 2
4195 3195 2
4343 3343 3
4362 3362 2
4438 3438 2
4798 3798 2
4901 3901 2
4950 3950 2
5015 4015 3
5198 4198 2
5208 4208 3
5250 4250 2
5278 4278 3
5418 4418 2
5637 4637 3
5796 4796 3
5801 4801 2
5878 4878 3
6015 5015 3
6237 5237 2
6268 5268 3
6598 5598 2
6752 5752 2
6880 5880 3
6942 5942 2
7006 6006 2
7028 6028 3
7075 6075 2
7125 6125 2
7298 6298 2
7389 6389 3
7435 6435 2
7489 6489 2
7626 6626 3
7662 6662 2
7841 6841 3
7877 6877 3
7882 6882 2
8032 7032 3
8040 7040 3
8096 7096 2
8123 7123 2
8171 7171 2
8747 7747 2
8764 7764 2
8873 7873 2
9028 8028 3
9090 8090 3
9105 8105 3
9130 8130 2
9175 8175 2
9285 8285 3
9310 8310 3
9365 8365 2
9386 8386 2
9461 8461 2
9724 8724 2
9761 8761 2
9775 8775 2
9854 8854 3
9866 8866 2
9882 8882 2
9903 8903 2
9946 8946 2
9957 8957 2
10006 9006 2
10091 9091 3
10412 9412 2
10584 9584 3
10598 9598 3
10603 9603 3
10668 9668 2
10830 9830 3
10963 9963 2
10992 9992 3
1070 70 3
1216 216 3
1642 642 3
1797 797 3
1822 822 3
1951 951 3
1997 997 2
2022 1022 2
2052 1052 2
2200 1200 2
2201 1201 2
2456 1456 2
2729 1729 3
2980 1980 3
3007 2007 3
3091 2091 3
3092 2092 3
3272 2272 3
3463 2463 3
3478 2478 3
3506 2506 2
3647 2647 3
3648 2648 3
3686 2686 2
3783 2783 2
4040 3040 2
4058 3058 3
4174 3174 2
4226 3226 3
4276 3276 3
4312 3312 3
4377 3377 3
4431 3431 2
4506 3506 3
4541 3541 2
4613 3613 2
4666 3666 2
4763 3763 2
4889 3889 2
5404 4404 3
5518 4518 3
5524 4524 2
5636 4636 2
5840 4840 2
5870 4870 3
5956 4956 2
6134 5134 2
6140 5140 3
6198 5198 3
6202 5202 2
6215 5215 3
6323 5323 2
6426 5426 2
6471 5471 3
6499 5499 3
6502 5502 3
6570 5570 2
6760 5760 3
6796 5796 2
6815 5815 2
6943 5943 2
7029 6029 2
7075 6075 2
7305 6305 3
7361 6361 2
7413 6413 2
7568 6568 2
7678 6678 3
7692 6692 2
7789 6789 2
7933 6933 2
8009 7009 2
8102 7102 3
8416 7416 3
8468 7468 2
8474 7474 2
8479 7479 3
8525 7525 2
8705 7705 3
9004 8004 2
9456 8456 2
9596 8596 3
9655 8655 3
9683 8683 2
9701 8701 2
9826 8826 2
9864 8864 2
9926 8926 2
10130 9130 3
10193 9193 3
10283 9283 3
10309 9309 3
10321 9321 3
10374 9374 3
10491 9491 2
10616 9616 2
10662 9662 3
10731 9731 2
10752 9752 2
10775 9775 3
1060 60 2
1129 129 2
1208 208 3
1214 214 3
1590 590 2
1709 709 2
1769 769 2
1910 910 3
1949 949 3
1974 974 3
1982 982 3
2009 1009 2
2040 1040 3
2055 1055 3
2122 1122 3
2326 1326 2
2410 1410 2
2585 1585 3
2719 1719 2
2795 1795 3
2818 1818 2
3048 2048 3
3108 2108 2
3166 2166 2
3217 2217 3
3222 2222 3
3269 2269 2
3339 2339 2
3363 2363 2
3522 2522 2
3875 2875 2
4067 3067 3
4070 3070 3
4083 3083 3
4202 3202 3
4204 3204 3
4363 3363 2
4516 3516 2
4803 3803 3
5180 4180 3
5497 4497 3
5678 4678 2
5689 4689 3
5698 4698 2
5742 4742 3
5838 4838 2
5894 4894 3
6015 5015 3
6038 5038 2
6053 5053 2
6054 5054 2
6131 5131 2
6395 5395 2
6757 5757 3
6778 5778 2
7031 6031 2
7046 6046 2
7139 6139 2
7182 6182 3
7356 6356 2
7676 6676 3
7922 6922 2
7981 6981 2
8053 7053 2
8054 7054 3
8140 7140 2
8151 7151 2
8313 7313 2
8343 7343 2
8386 7386 2
8482 7482 3
8492 7492 2
8719 7719 3
8808 7808 2
8918 7918 2
8922 7922 3
9052 8052 2
9112 8112 2
9116 8116 2
9145 8145 3
9344 8344 2
9386 8386 3
9705 8705 2
9769 8769 2
9893 8893 3
9910 8910 3
10016 9016 2
10017 9017 2
10032 9032 2
10092 9092 2
10133 9133 2
10139 9139 2
10200 9200 2
10243 9243 3
10277 9277 2
10435 9435 2
10441 9441 3
10723 9723 3
10934 9934 2
10970 9970 2
1006 6 3
1110 110 2
1135 135 2
1147 147 2
1151 151 3
1220 220 2
1278 278 2
1532 532 3
1720 720 2
1799 799 3
1980 980 2
2017 1017 3
2177 1177 2
2195 1195 3
2242 1242 2
2348 1348 2
2481 1481 2
2593 1593 2
2614 1614 2
2722 1722 2
2802 1802 2
2895 1895 3
3013 2013 3
3109 2109 3
3196 2196 3
3519 2519 3
3664 2664 2
3753 2753 2
3805 2805 2
4136 3136 3
4486 3486 2
4609 3609 2
4638 3638 2
4807 3807 2
4878 3878 2
4929 3929 2
5000 4000 3
5141 4141 2
5215 4215 3
5286 4286 2
5296 4296 2
5304 4304 3
5309 4309 3
5423 4423 2
5434 4434 3
5437 4437 2
5494 4494 3
5630 4630 3
5722 4722 2
6128 5128 2
6134 5134 2
6182 5182 2
6209 5209 2
6459 5459 2
6488 5488 2
6501 5501 2
6531 5531 2
6648 5648 2
6661 5661 3
6774 5774 3
6793 5793 2
7002 6002 3
7101 6101 2
7209 6209 3
7273 6273 2
7372 6372 3
7505 6505 2
7668 6668 3
7673 6673 2
7836 6836 2
7939 6939 2
7969 6969 3
8096 7096 3
8423 7423 2
8469 7469 3
8645 7645 2
8655 7655 3
8672 7672 2
8880 7880 2
8923 7923 2
8972 7972 2
9140 8140 2
9153 8153 2
9247 8247 2
9304 8304 2
9425 8425 3
9468 8468 2
9474 8474 3
9804 8804 2
10223 9223 3
10299 9299 2
10364 9364 3
10474 9474 2
10648 9648 3
10684 9684 2
10752 9752 2
10824 9824 2
10857 9857 2
10915 9915 2
10919 9919 3
1123 123 2
1302 302 2
1334 334 2
1338 338 2
1345 345 2
1653 653 2
1691 691 2
1894 894 2
1947 947 2
2034 1034 3
2053 1053 3
2092 1092 2
2124 1124 2
2288 1288 2
2357 1357 3
2386 1386 2
2417 1417 2
2449 1449 2
2622 1622 2
2713 1713 3
2738 1738 3
3001 2001 3
3010 2010 2
3204 2204 2
3412 2412 3
3548 2548 3
3898 2898 2
3907 2907 2
3989 2989 2
4005 3005 2
4110 3110 3
4154 3154 3
4175 3175 2
4327 3327 2
4377 3377 2
4441 3441 2
4473 3473 3
4474 3474 3
4525 3525 2
4775 3775 2
4805 3805 2
4810 3810 3
4969 3969 3
5076 4076 2
5191 4191 2
5223 4223 3
5272 4272 3
5340 4340 2
5379 4379 2
5403 4403 3
5418 4418 2
5542 4542 3
5825 4825 2
6095 5095 2
6231 5231 3
6454 5454 2
6538 5538 3
6552 5552 2
6643 5643 2
6688 5688 2
6788 5788 2
6888 5888 2
7059 6059 2
7179 6179 3
7263 6263 3
7363 6363 2
7686 6686 2
7784 6784 2
7786 6786 2
7820 6820 3
7940 6940 3
7951 6951 3
8034 7034 3
8058 7058 3
8108 7108 3
8135 7135 2
8261 7261 2
8438 7438 2
8448 7448 2
8486 7486 3
8892 7892 2
8907 7907 2
8934 7934 2
9200 8200 2
9207 8207 3
9461 8461 2
9561 8561 3
9622 8622 3
9626 8626 2
9719 8719 3
9765 8765 2
10248 9248 2
10513 9513 3
10543 9543 2
10730 9730 3
10901 9901 3
10911 9911 2
10936 9936 2
10947 9947 2
10975 9975 2
1007 7 2
1179 179 2
1277 277 2
1346 346 2
1382 382 2
1535 535 3
1652 652 2
1689 689 2
1875 875 3
2003 1003 2
2022 1022 2
2098 1098 2
2144 1144 3
2425 1425 2
2562 1562 2
2588 1588 2
2641 1641 2
2778 1778 2
2809 1809 2
2897 1897 2
2948 1948 3
3159 2159 3
3220 2220 2
3408 2408 3
3434 2434 2
3523 2523 3
3640 2640 2
3663 2663 2
3797 2797 3
3804 2804 2
3856 2856 3
3946 2946 2
4021 3021 3
4140 3140 3
4225 3225 3
4385 3385 2
4407 3407 2
4450 3450 2
4450 3450 3
4530 3530 2
4692 3692 3
4759 3759 2
4988 3988 2
5078 4078 2
5483 4483 2
5850 4850 2
6198 5198 2
6230 5230 2
6322 5322 2
6393 5393 3
6543 5543 2
6543 5543 2
6584 5584 2
6601 5601 2
6687 5687 3
6709 5709 3
6727 5727 3
6736 5736 2
6781 5781 2
7055 6055 2
7192 6192 3
7333 6333 3
7412 6412 2
7431 6431 3
7604 6604 2
8033 7033 2
8108 7108 3
8250 7250 2
8302 7302 2
8318 7318 2
8324 7324 3
8334 7334 2
8352 7352 3
8371 7371 3
8398 7398 2
8398 7398 2
8399 7399 2
8451 7451 2
8585 7585 3
8679 7679 2
8699 7699 2
8850 7850 2
8853 7853 2
8978 7978 3
9029 8029 3
9106 8106 2
9309 8309 2
9394 8394 2
9528 8528 2
9764 8764 3
9955 8955 3
10005 9005 2
10098 9098 2
10136 9136 2
10265 9265 3
10426 9426 3
10449 9449 3
10496 9496 2
10499 9499 3
10564 9564 2
1298 298 3
1348 348 3
1607 607 2
1685 685 2
1944 944 3
2052 1052 3
2061 1061 3
2216 1216 3
2334 1334 3
2470 1470 3
2642 1642 3
2766 1766 3
2790 1790 2
2860 1860 2
2904 1904 2
2978 1978 3
3176 2176 2
3346 2346 3
3405 2405 3
3486 2486 2
3524 2524 2
3551 2551 2
3562 2562 2
3596 2596 2
3700 2700 2
3704 2704 3
3733 2733 2
3791 2791 3
4116 3116 3
4211 3211 2
4214 3214 3
4243 3243 3
4364 3364 2
4407 3407 3
4569 3569 2
4638 3638 3
4642 3642 2
4648 3648 2
4683 3683 3
4773 3773 3
4901 3901 2
5171 4171 2
5280 4280 3
5285 4285 2
5288 4288 3
5432 4432 3
5476 4476 3
5501 4501 2
5519 4519 3
5523 4523 3
5641 4641 3
5704 4704 2
5898 4898 3
5979 4979 3
6056 5056 2
6273 5273 3
6378 5378 2
6523 5523 3
6728 5728 3
6774 5774 2
6789 5789 3
6860 5860 2
6996 5996 3
7018 6018 3
7054 6054 3
7211 6211 2
7698 6698 2
8165 7165 2
8196 7196 3
8211 7211 2
8242 7242 2
8260 7260 2
8291 7291 2
8311 7311 3
8390 7390 3
8481 7481 3
8518 7518 2
8537 7537 3
8584 7584 3
8680 7680 2
8701 7701 2
9166 8166 3
9233 8233 2
9244 8244 3
9464 8464 2
9471 8471 2
9691 8691 3
9708 8708 2
10019 9019 2
10063 9063 3
10185 9185 3
10216 9216 2
10237 9237 3
10260 9260 2
10438 9438 3
10452 9452 2
10622 9622 2
10650 9650 3
10682 9682 2
10903 9903 2
1033 33 3
1074 74 2
1287 287 2
1320 320 2
1623 623 2
1640 640 2
1670 670 3
1766 766 2
1823 823 3
1923 923 2
1952 952 3
2013 1013 2
2032 1032 3
2091 1091 2
2132 1132 3
2145 1145 3
2354 1354 3
2455 1455 2
2461 1461 2
2465 1465 2
2628 1628 2
2631 1631 3
2725 1725 2
2729 1729 2
2762 1762 2
2858 1858 2
3110 2110 3
3217 2217 3
3436 2436 2
3444 2444 2
3762 2762 2
3767 2767 3
4067 3067 3
4163 3163 2
4221 3221 2
4251 3251 2
4373 3373 3
4438 3438 2
4472 3472 2
4474 3474 3
4553 3553 2
4615 3615 2
4670 3670 3
4684 3684 2
4734 3734 3
4824 3824 3
4957 3957 3
4963 3963 2
5058 4058 3
5124 4124 2
5173 4173 3
5291 4291 2
5617 4617 3
5730 4730 3
5929 4929 3
6262 5262 2
6381 5381 2
6466 5466 3
6485 5485 3
6555 5555 3
6636 5636 2
6671 5671 2
6754 5754 3
6777 5777 2
6935 5935 2
7103 6103 2
7137 6137 2
7172 6172 2
7309 6309 2
7377 6377 2
7412 6412 3
7594 6594 2
7679 6679 3
7788 6788 3
7998 6998 3
8001 7001 3
8630 7630 2
8743 7743 2
8753 7753 3
8788 7788 3
8858 7858 2
8977 7977 2
9029 8029 3
9097 8097 2
9169 8169 2
9278 8278 3
9293 8293 2
9342 8342 2
9579 8579 2
9643 8643 3
9666 8666 3
9782 8782 3
9870 8870 2
10289 9289 2
10633 9633 2
10732 9732 2
10751 9751 2
10840 9840 2
10844 9844 2
10852 9852 3
1051 51 2
1064 64 3
1120 120 2
1339 339 3
1417 417 3
1426 426 3
1629 629 3
1780 780 2
1813 813 2
1851 851 2
1967 967 2
2006 1006 2
2024 1024 3
2050 1050 2
2338 1338 2
2391 1391 2
2584 1584 2
2826 1826 3
3146 2146 3
3185 2185 2
3255 2255 3
3339 2339 3
3375 2375 2
3419 2419 3
3564 2564 2
3638 2638 3
3657 2657 2
3667 2667 2
3764 2764 3
4087 3087 3
4219 3219 3
4339 3339 3
4340 3340 3
4346 3346 2
4395 3395 2
4477 3477 2
4520 3520 2
4864 3864 2
4878 3878 2
5021 4021 3
5175 4175 2
5176 4176 2
5325 4325 2
5394 4394 3
5455 4455 2
5513 4513 2
5661 4661 3
5734 4734 2
5808 4808 2
5877 4877 3
5923 4923 2
6185 5185 2
6188 5188 2
6277 5277 2
6514 5514 2
6562 5562 2
6575 5575 2
6673 5673 3
7107 6107 3
7336 6336 3
7499 6499 2
7703 6703 3
7844 6844 3
7942 6942 3
8230 7230 3
8231 7231 2
8284 7284 2
8284 7284 2
8343 7343 2
8352 7352 3
8392 7392 2
8437 7437 3
8497 7497 2
8577 7577 2
8581 7581 2
8615 7615 3
8677 7677 2
8757 7757 2
8839 7839 3
8939 7939 3
9164 8164 2
9360 8360 2
9377 8377 2
9387 8387 2
9550 8550 2
9563 8563 3
9649 8649 3
9780 8780 2
9797 8797 3
9805 8805 2
9849 8849 2
10066 9066 2
10234 9234 2
10422 9422 2
10651 9651 2
10725 9725 2
10788 9788 2
10819 9819 3
10840 9840 3
10852 9852 2
1025 25 2
1050 50 3
1406 406 2
1464 464 2
1506 506 2
1782 782 3
1822 822 2
1856 856 2
1889 889 3
2041 1041 2
2156 1156 3
2194 1194 2
2237 1237 2
2417 1417 2
2419 1419 2
2560 1560 3
2778 1778 3
2783 1783 2
2783 1783 2
2942 1942 2
2989 1989 3
3045 2045 2
3049 2049 3
3230 2230 3
3277 2277 2
3331 2331 3
3461 2461 3
3469 2469 2
3492 2492 2
3546 2546 2
3592 2592 2
3613 2613 2
3622 2622 2
3950 2950 2
4212 3212 2
4276 3276 3
4337 3337 3
4348 3348 3
4349 3349 2
4355 3355 3
4425 3425 3
4439 3439 2
4604 3604 3
4711 3711 3
4787 3787 3
4869 3869 2
5066 4066 3
5115 4115 2
5328 4328 2
5415 4415 2
5425 4425 2
5541 4541 2
5542 4542 2
5599 4599 3
5606 4606 3
5657 4657 3
5812 4812 2
5871 4871 3
6594 5594 2
6606 5606 3
6663 5663 2
7058 6058 3
7123 6123 3
7227 6227 2
7302 6302 2
7437 6437 3
7479 6479 3
7510 6510 2
7829 6829 3
7885 6885 2
7962 6962 3
7978 6978 2
8086 7086 3
8172 7172 2
8244 7244 2
8304 7304 3
8368 7368 3
8418 7418 3
8612 7612 3
8720 7720 3
8787 7787 2
8936 7936 3
8956 7956 3
9050 8050 3
9283 8283 3
9293 8293 2
9320 8320 3
9350 8350 2
9588 8588 2
9652 8652 3
9865 8865 3
10032 9032 2
10121 9121 3
10428 9428 3
10473 9473 3
10667 9667 2
10697 9697 2
10730 9730 3
10860 9860 3
10948 9948 2
1003 3 3
1021 21 3
1085 85 2
1143 143 3
1146 146 2
1150 150 2
1198 198 2
1349 349 3
1547 547 2
1820 820 2
1870 870 2
2122 1122 3
2123 1123 2
2538 1538 2
2617 1617 3
2700 1700 2
2760 1760 2
2844 1844 3
2952 1952 2
2967 1967 2
3100 2100 2
3115 2115 3
3139 2139 2
3237 2237 2
3321 2321 2
3353 2353 2
3525 2525 2
3625 2625 3
3702 2702 3
3773 2773 2
3837 2837 2
3874 2874 3
4103 3103 3
4275 3275 2
4400 3400 2
4661 3661 3
4710 3710 2
4973 3973 2
5026 4026 2
5149 4149 2
5258 4258 2
5514 4514 2
5612 4612 3
5669 4669 2
5872 4872 3
6188 5188 2
6265 5265 2
6305 5305 2
6312 5312 2
6335 5335 3
6343 5343 3
6420 5420 2
6556 5556 3
6610 5610 2
6619 5619 2
6630 5630 3
6758 5758 2
6884 5884 2
6919 5919 3
6926 5926 2
7089 6089 2
7155 6155 2
7254 6254 2
7289 6289 2
7467 6467 3
7672 6672 3
7694 6694 2
7795 6795 3
7862 6862 3
8028 7028 3
8071 7071 2
8087 7087 2
8104 7104 2
8227 7227 2
8231 7231 2
8376 7376 2
8574 7574 2
8641 7641 2
8738 7738 2
8818 7818 2
8905 7905 3
9002 8002 2
9070 8070 2
9157 8157 2
9249 8249 3
9371 8371 3
9389 8389 2
9562 8562 2
10069 9069 2
10208 9208 3
10306 9306 2
10437 9437 2
10476 9476 2
10495 9495 2
10570 9570 2
10573 9573 3
10600 9600 2
10624 9624 3
10657 9657 2
10869 9869 2
1101 101 2
1102 102 3
1249 249 2
1394 394 3
1624 624 3
1755 755 3
1768 768 2
1864 864 2
2170 1170 3
2272 1272 3
2535 1535 3
2600 1600 3
2701 1701 2
2756 1756 2
2767 1767 3
2836 1836 3
2973 1973 3
3110 2110 3
3176 2176 2
3291 2291 2
3486 2486 3
3506 2506 2
3578 2578 3
3584 2584 2
3600 2600 2
3705 2705 3
3727 2727 3
3840 2840 3
3958 2958 3
3973 2973 3
3996 2996 2
3997 2997 2
4017 3017 2
4079 3079 3
4089 3089 3
4243 3243 2
4291 3291 2
4293 3293 2
4496 3496 2
4634 3634 3
4650 3650 2
4850 3850 2
5026 4026 2
5167 4167 2
5337 4337 2
5346 4346 2
5410 4410 2
5418 4418 2
5466 4466 3
5628 4628 3
5806 4806 2
5872 4872 3
5884 4884 3
5917 4917 2
5977 4977 3
6049 5049 3
6185 5185 3
6271 5271 2
6558 5558 2
6882 5882 3
6969 5969 2
6986 5986 2
7154 6154 2
7184 6184 3
7349 6349 3
7455 6455 2
7534 6534 2
7866 6866 3
7968 6968 3
8097 7097 2
8158 7158 2
8464 7464 2
8614 7614 3
8640 7640 2
8648 7648 3
8682 7682 2
8812 7812 3
8823 7823 2
8882 7882 2
8968 7968 3
9109 8109 3
9208 8208 2
9215 8215 3
9332 8332 2
9449 8449 2
9556 8556 2
9839 8839 3
9857 8857 2
10056 9056 2
10206 9206 2
10399 9399 2
10476 9476 3
10495 9495 3
10606 9606 2
10616 9616 3
10621 9621 2
10675 9675 2
10861 9861 2
10867 9867 3
10922 9922 2
1055 55 3
1084 84 3
1198 198 2
1675 675 3
1821 821 2
1908 908 3
1948 948 3
2142 1142 2
2161 1161 3
2206 1206 3
2227 1227 3
2316 1316 3
2362 1362 3
2500 1500 2
2635 1635 2
2884 1884 2
2998 1998 3
3060 2060 2
3064 2064 2
3137 2137 2
3312 2312 3
3412 2412 3
3460 2460 2
3552 2552 2
3631 2631 3
3646 2646 3
3815 2815 3
3838 2838 3
3913 2913 2
4004 3004 3
4131 3131 3
4380 3380 3
4438 3438 2
4459 3459 2
4733 3733 2
4923 3923 2
4954 3954 2
4960 3960 3
4981 3981 2
5050 4050 3
5064 4064 2
5066 4066 2
5090 4090 3
5167 4167 3
5280 4280 2
5446 4446 2
5458 4458 3
5496 4496 3
5665 4665 2
5674 4674 2
5721 4721 3
5927 4927 3
6077 5077 2
6200 5200 2
6310 5310 3
6544 5544 3
6550 5550 2
6557 5557 2
6840 5840 2
6957 5957 2
6965 5965 2
7026 6026 3
7030 6030 2
7094 6094 3
7359 6359 2
7394 6394 2
7498 6498 2
7543 6543 3
7551 6551 3
7806 6806 2
7966 6966 2
8135 7135 2
8188 7188 3
8279 7279 3
8294 7294 3
8299 7299 2
8508 7508 2
8673 7673 3
8692 7692 2
8709 7709 3
8810 7810 3
8820 7820 3
8880 7880 3
8891 7891 3
8918 7918 2
8996 7996 3
9041 8041 3
9214 8214 2
9312 8312 3
9332 8332 2
9610 8610 2
9652 8652 2
9752 8752 3
9769 8769 2
10037 9037 3
10240 9240 3
10619 9619 2
10634 9634 3
10637 9637 3
10815 9815 2
1245 245 2
1327 327 2
1359 359 3
1364 364 3
1425 425 3
1435 435 2
1444 444 3
1640 640 2
1648 648 2
1655 655 3
1866 866 3
1935 935 2
2151 1151 2
2373 1373 3
2419 1419 2
2459 1459 2
2507 1507 2
2761 1761 2
2799 1799 3
2809 1809 3
2854 1854 2
2962 1962 2
3023 2023 2
3050 2050 3
3153 2153 3
3195 2195 2
3247 2247 3
3263 2263 2
3577 2577 3
3623 2623 3
3635 2635 3
3788 2788 3
3892 2892 3
3912 2912 2
3969 2969 3
4061 3061 3
4775 3775 3
4784 3784 3
5019 4019 2
5091 4091 2
5111 4111 2
5174 4174 2
5234 4234 2
5318 4318 3
5389 4389 3
5578 4578 2
5753 4753 2
6077 5077 3
6253 5253 3
6465 5465 2
6556 5556 2
6653 5653 2
6683 5683 3
6687 5687 3
6689 5689 3
6740 5740 2
6764 5764 3
6765 5765 2
6905 5905 2
6919 5919 2
7012 6012 3
7065 6065 2
7069 6069 3
7104 6104 2
7197 6197 3
7199 6199 2
7206 6206 2
7471 6471 2
7563 6563 2
7567 6567 3
7623 6623 2
7630 6630 2
7705 6705 3
7867 6867 2
7896 6896 2
7923 6923 2
8021 7021 3
8034 7034 2
8125 7125 2
8352 7352 3
8364 7364 3
8499 7499 3
8624 7624 2
8762 7762 2
8805 7805 2
8901 7901 2
8944 7944 3
8990 7990 2
9038 8038 3
9163 8163 2
9273 8273 2
9287 8287 3
9392 8392 3
9402 8402 2
9455 8455 3
10040 9040 2
10121 9121 3
10233 9233 3
10764 9764 3
10820 9820 3
