2000 100 5070197
20 87 177
20 74 155
20 96 172
20 102 179
20 86 220
20 128 232
20 80 174
20 76 196
20 97 216
20 125 164
20 75 172
20 58 182
20 62 176
20 60 212
20 66 152
20 80 198
20 79 170
20 73 171
20 76 217
20 138 232
20 57 179
20 99 250
20 107 240
20 85 222
20 83 172
20 74 221
20 58 170
20 102 194
20 82 173
20 51 169
20 71 154
20 132 205
20 68 229
20 95 182
20 109 233
20 70 187
20 115 190
20 145 229
20 96 237
20 109 237
20 135 195
20 87 165
20 92 239
20 60 188
20 55 152
20 63 190
20 144 217
20 84 205
20 105 204
20 91 239
20 76 249
20 130 215
20 91 188
20 149 181
20 80 161
20 82 217
20 101 208
20 78 165
20 104 191
20 58 155
20 56 222
20 115 205
20 58 215
20 130 151
20 141 188
20 106 206
20 146 160
20 72 180
20 76 188
20 51 200
20 78 237
20 75 243
20 95 180
20 97 160
20 145 200
20 73 202
20 129 186
20 80 162
20 148 199
20 125 235
20 104 165
20 88 191
20 60 235
20 97 241
20 81 160
20 122 198
20 115 206
20 136 203
20 125 177
20 111 216
20 67 194
20 130 205
20 129 165
20 78 248
20 104 240
20 54 248
20 52 212
20 77 239
20 130 244
20 79 222
1223 223 12
1433 433 16
3458 2458 16
3929 2929 14
4069 3069 14
4461 3461 15
4932 3932 13
4939 3939 12
5620 4620 17
5839 4839 16
6686 5686 15
7345 6345 12
7677 6677 12
8039 7039 13
8279 7279 15
9824 8824 14
9868 8868 16
10027 9027 13
10318 9318 16
10402 9402 12
1353 353 13
1763 763 13
2257 1257 13
2450 1450 13
3079 2079 14
3497 2497 13
4043 3043 17
5960 4960 17
6542 5542 16
6851 5851 15
6994 5994 13
7822 6822 17
8056 7056 15
8099 7099 14
8531 7531 15
8802 7802 16
9018 8018 12
10277 9277 16
10281 9281 12
10997 9997 15
1303 303 14
3599 2599 16
4562 3562 14
5131 4131 16
6221 5221 12
6546 5546 13
6702 5702 12
6938 5938 12
7097 6097 16
8218 7218 16
8333 7333 17
8447 7447 12
8648 7648 15
8755 7755 14
8778 7778 17
8864 7864 12
9119 8119 14
9253 8253 15
9329 8329 16
10065 9065 14
1007 7 14
1582 582 14
1833 833 12
3220 2220 14
3349 2349 13
3368 2368 13
4009 3009 15
4684 3684 16
5413 4413 15
6310 5310 14
6375 5375 12
8668 7668 15
9023 8023 15
9126 8126 16
9183 8183 12
9274 8274 16
9404 8404 14
9483 8483 16
9786 8786 15
10057 9057 15
1774 774 15
2307 1307 14
2709 1709 13
3408 2408 14
5069 4069 13
6046 5046 16
6215 5215 17
6576 5576 15
6805 5805 14
7289 6289 14
7775 6775 15
8238 7238 15
8582 7582 15
8629 7629 16
9260 8260 16
9695 8695 17
10267 9267 15
10291 9291 15
10465 9465 16
10720 9720 17
1051 51 14
1313 313 16
1533 533 16
2373 1373 12
2677 1677 12
2803 1803 15
3912 2912 13
6288 5288 16
6355 5355 14
6622 5622 14
6842 5842 15
7419 6419 15
7469 6469 14
7722 6722 16
7738 6738 14
8954 7954 12
8990 7990 16
9334 8334 17
9467 8467 14
9627 8627 16
1645 645 15
1871 871 13
2100 1100 13
4296 3296 13
4542 3542 16
4895 3895 15
5724 4724 13
6099 5099 13
7240 6240 12
7293 6293 16
7800 6800 16
7961 6961 12
8057 7057 12
8847 7847 12
8876 7876 15
8969 7969 15
9485 8485 15
10519 9519 14
10526 9526 12
10883 9883 16
1590 590 15
1955 955 17
3258 2258 14
3273 2273 14
3328 2328 15
3420 2420 14
3755 2755 13
3787 2787 14
4067 3067 16
6822 5822 17
6825 5825 15
7716 6716 14
8071 7071 13
8381 7381 12
9023 8023 17
9178 8178 12
9583 8583 15
9714 8714 15
10119 9119 16
10486 9486 15
1242 242 16
1491 491 13
2621 1621 13
2688 1688 14
2752 1752 15
2841 1841 13
3087 2087 15
3399 2399 16
3628 2628 12
3972 2972 14
5597 4597 17
6260 5260 15
6637 5637 13
8846 7846 12
9275 8275 12
9540 8540 13
9912 8912 16
10829 9829 13
10852 9852 12
10852 9852 13
1215 215 13
1639 639 17
3081 2081 12
4454 3454 15
4492 3492 16
4940 3940 12
5097 4097 15
5281 4281 12
6651 5651 15
6965 5965 13
7135 6135 13
7283 6283 12
7638 6638 16
8575 7575 15
8783 7783 15
9256 8256 16
10628 9628 12
10669 9669 14
10680 9680 16
10798 9798 16
1062 62 14
1228 228 17
1884 884 16
2266 1266 16
2492 1492 17
3662 2662 13
3828 2828 15
3913 2913 16
4205 3205 14
4364 3364 14
4410 3410 15
4718 3718 16
5411 4411 16
6059 5059 15
6477 5477 17
6628 5628 15
7322 6322 16
8333 7333 13
8733 7733 14
10786 9786 16
1489 489 14
1886 886 13
2146 1146 12
2822 1822 14
2986 1986 17
3253 2253 17
3283 2283 17
3643 2643 16
4557 3557 16
4581 3581 13
4706 3706 12
4776 3776 13
5863 4863 15
6850 5850 15
7216 6216 13
7311 6311 15
7780 6780 14
8725 7725 12
8987 7987 12
10041 9041 16
1049 49 15
1400 400 16
4710 3710 12
4919 3919 15
5208 4208 12
6292 5292 16
6446 5446 13
6449 5449 12
6593 5593 16
6645 5645 17
6818 5818 13
7405 6405 13
9261 8261 15
9671 8671 12
9745 8745 13
9828 8828 15
10009 9009 16
10280 9280 12
10649 9649 14
10829 9829 13
1074 74 14
2438 1438 17
3308 2308 15
3457 2457 15
3934 2934 15
5882 4882 16
5893 4893 15
6099 5099 14
6560 5560 16
6598 5598 16
6610 5610 16
7734 6734 15
7841 6841 15
8261 7261 15
8404 7404 13
8677 7677 14
9990 8990 13
10188 9188 16
10594 9594 13
10947 9947 17
1513 513 12
2362 1362 14
2896 1896 16
3153 2153 15
3234 2234 15
3784 2784 14
3794 2794 14
5130 4130 14
5299 4299 16
5307 4307 15
6019 5019 16
6838 5838 14
7826 6826 15
7943 6943 16
8823 7823 16
9011 8011 16
9347 8347 17
9419 8419 13
9801 8801 12
10926 9926 13
1888 888 14
2447 1447 17
2565 1565 12
3190 2190 16
3892 2892 15
4259 3259 16
5193 4193 12
5565 4565 16
5630 4630 12
5738 4738 12
6046 5046 15
7538 6538 15
7873 6873 12
8084 7084 16
8825 7825 15
8926 7926 16
9497 8497 16
10207 9207 14
10507 9507 12
10717 9717 15
1596 596 16
2471 1471 12
3285 2285 14
3979 2979 17
4213 3213 13
4401 3401 17
4761 3761 15
5080 4080 15
5581 4581 16
5785 4785 13
5815 4815 14
5967 4967 14
6432 5432 12
6496 5496 13
6585 5585 15
7245 6245 14
7637 6637 15
9625 8625 15
10147 9147 15
10927 9927 14
1368 368 12
2135 1135 16
3726 2726 13
4467 3467 12
4556 3556 14
5096 4096 12
5105 4105 15
5625 4625 13
5835 4835 14
6465 5465 14
6692 5692 15
6979 5979 16
7022 6022 14
7841 6841 12
8309 7309 12
8613 7613 14
9452 8452 15
9467 8467 12
9908 8908 15
10925 9925 17
1607 607 13
1887 887 12
1942 942 15
2812 1812 14
3179 2179 17
3224 2224 13
3256 2256 17
3302 2302 13
3720 2720 13
4064 3064 14
5028 4028 15
6203 5203 15
6322 5322 16
6461 5461 13
8406 7406 15
8420 7420 13
9419 8419 13
9630 8630 14
9672 8672 16
10940 9940 15
2691 1691 17
3389 2389 15
3405 2405 16
4781 3781 16
4806 3806 14
5181 4181 13
5519 4519 16
5733 4733 15
5798 4798 15
5870 4870 14
5995 4995 15
6966 5966 15
8356 7356 16
8453 7453 16
8636 7636 14
8779 7779 15
8877 7877 13
9509 8509 13
9984 8984 17
10852 9852 16
1361 361 15
3346 2346 13
3621 2621 13
3638 2638 16
3832 2832 13
4071 3071 13
4871 3871 16
5375 4375 15
5985 4985 16
6177 5177 16
6812 5812 15
6825 5825 16
6959 5959 12
7259 6259 16
8593 7593 14
9211 8211 12
9599 8599 15
9770 8770 12
10501 9501 15
10934 9934 12
1481 481 14
1735 735 17
3013 2013 15
3223 2223 12
3781 2781 16
3809 2809 15
3875 2875 14
4862 3862 13
5249 4249 12
5608 4608 12
6402 5402 15
6520 5520 14
6715 5715 16
6792 5792 16
9063 8063 15
9285 8285 15
9764 8764 16
10067 9067 14
10788 9788 14
10936 9936 17
1657 657 14
1711 711 14
2152 1152 12
2621 1621 16
3418 2418 13
4013 3013 17
4682 3682 13
4878 3878 13
5184 4184 15
6416 5416 16
6467 5467 15
6881 5881 13
7104 6104 14
7487 6487 14
7611 6611 12
8414 7414 14
8982 7982 17
9324 8324 14
9806 8806 12
10824 9824 13
1081 81 17
2028 1028 14
2640 1640 14
3345 2345 14
3378 2378 15
3468 2468 16
3614 2614 14
4560 3560 14
5025 4025 17
5700 4700 14
5927 4927 14
6170 5170 14
6654 5654 14
7004 6004 16
7529 6529 15
8172 7172 13
9392 8392 13
9671 8671 14
10473 9473 17
10842 9842 12
2549 1549 13
2952 1952 16
3251 2251 13
3257 2257 14
3369 2369 17
3401 2401 13
3540 2540 14
4469 3469 16
4672 3672 12
4755 3755 15
4873 3873 16
6513 5513 16
6886 5886 16
7981 6981 17
8012 7012 15
9568 8568 17
9871 8871 15
10421 9421 13
10563 9563 13
10579 9579 15
1055 55 14
1152 152 17
2101 1101 16
2414 1414 13
2441 1441 13
3606 2606 15
3970 2970 17
4013 3013 13
4346 3346 15
4739 3739 13
6276 5276 13
7201 6201 14
7585 6585 16
7909 6909 15
8621 7621 13
9225 8225 14
9299 8299 17
9621 8621 16
10025 9025 15
10686 9686 16
1263 263 13
1462 462 16
2680 1680 16
3930 2930 12
4574 3574 17
4613 3613 17
4777 3777 12
4839 3839 15
5322 4322 16
5339 4339 17
6375 5375 16
6951 5951 16
7180 6180 15
7652 6652 13
8295 7295 17
9033 8033 13
9657 8657 15
10090 9090 17
10665 9665 12
10834 9834 16
2773 1773 15
3536 2536 14
3709 2709 15
4000 3000 14
5095 4095 12
5488 4488 17
5835 4835 17
5962 4962 13
6072 5072 16
6373 5373 16
6558 5558 15
7099 6099 15
7141 6141 16
7667 6667 14
9202 8202 15
9715 8715 14
9724 8724 17
9774 8774 16
10769 9769 13
10962 9962 13
1153 153 14
1593 593 15
1783 783 12
2389 1389 15
2746 1746 14
3086 2086 13
3199 2199 16
3855 2855 15
5186 4186 17
5742 4742 16
6501 5501 17
7195 6195 16
7493 6493 15
7590 6590 15
7731 6731 16
8428 7428 17
9807 8807 16
10206 9206 13
10461 9461 13
10529 9529 14
1654 654 15
2206 1206 14
2561 1561 16
2577 1577 12
2886 1886 16
3242 2242 13
4979 3979 16
5520 4520 16
5897 4897 16
6067 5067 16
6569 5569 13
6649 5649 16
6690 5690 14
6797 5797 14
7423 6423 14
8191 7191 13
8270 7270 13
9083 8083 13
9461 8461 13
10501 9501 16
2145 1145 12
2256 1256 16
3013 2013 14
3944 2944 16
4038 3038 15
4176 3176 16
4365 3365 17
4691 3691 13
4961 3961 16
5829 4829 12
6244 5244 16
7354 6354 14
7357 6357 15
7764 6764 13
8840 7840 16
9000 8000 13
9123 8123 16
9189 8189 17
9420 8420 16
9808 8808 14
1003 3 14
1165 165 14
1514 514 16
2624 1624 12
2850 1850 16
3071 2071 12
3492 2492 17
6182 5182 17
6433 5433 12
6862 5862 12
7327 6327 16
8403 7403 14
8468 7468 15
9234 8234 13
9324 8324 14
9371 8371 14
9783 8783 13
10422 9422 13
10426 9426 15
10498 9498 17
1118 118 14
1739 739 16
1998 998 12
2478 1478 16
2610 1610 17
2631 1631 14
2706 1706 12
2706 1706 14
2837 1837 12
3994 2994 13
5159 4159 16
6054 5054 13
6233 5233 15
6710 5710 13
7352 6352 14
7934 6934 15
9046 8046 13
9235 8235 14
9885 8885 16
10064 9064 13
1030 30 16
1600 600 13
1649 649 13
1806 806 13
1863 863 14
1981 981 13
3023 2023 14
3543 2543 13
4061 3061 13
4246 3246 15
4472 3472 13
4812 3812 13
6257 5257 14
6642 5642 16
6926 5926 15
7888 6888 14
7966 6966 15
7999 6999 16
9655 8655 16
10136 9136 12
1408 408 14
1770 770 12
2361 1361 14
3241 2241 14
5465 4465 13
5887 4887 16
5907 4907 15
6258 5258 16
6292 5292 14
7080 6080 15
7131 6131 12
7226 6226 12
7669 6669 15
7954 6954 14
8121 7121 16
8196 7196 13
8673 7673 16
8766 7766 13
10241 9241 12
10708 9708 16
1747 747 16
1923 923 15
2200 1200 13
2594 1594 17
2748 1748 13
3167 2167 13
3210 2210 14
3449 2449 12
4301 3301 16
4802 3802 12
5225 4225 14
5254 4254 16
5752 4752 13
5899 4899 12
6713 5713 17
8621 7621 13
9765 8765 16
10353 9353 14
10579 9579 13
10612 9612 14
1209 209 16
1828 828 17
1908 908 15
3173 2173 15
3566 2566 16
5472 4472 16
5541 4541 14
6006 5006 14
6339 5339 16
6601 5601 13
6821 5821 15
6836 5836 12
6891 5891 16
6941 5941 16
6982 5982 15
8950 7950 14
9460 8460 13
9998 8998 16
10095 9095 12
10349 9349 13
1426 426 14
3217 2217 13
3719 2719 12
3740 2740 17
4022 3022 16
4443 3443 12
4723 3723 13
4785 3785 16
4916 3916 16
5022 4022 17
5073 4073 14
5301 4301 13
5435 4435 12
6177 5177 16
6249 5249 12
7814 6814 14
9699 8699 13
10597 9597 14
10804 9804 14
10920 9920 13
1499 499 14
2460 1460 12
2686 1686 15
4268 3268 12
4766 3766 15
4916 3916 12
5018 4018 15
6311 5311 16
6887 5887 14
6991 5991 12
7214 6214 15
8083 7083 12
8519 7519 15
8953 7953 12
9693 8693 12
9722 8722 14
9821 8821 13
10188 9188 12
10190 9190 17
10250 9250 14
1323 323 17
1670 670 14
2499 1499 16
2982 1982 17
3180 2180 14
4234 3234 16
4426 3426 15
4464 3464 13
4872 3872 12
4944 3944 13
5141 4141 14
6087 5087 13
6222 5222 16
6283 5283 15
6360 5360 15
6509 5509 14
6625 5625 16
6798 5798 12
10027 9027 13
10033 9033 12
1117 117 14
1578 578 16
1642 642 15
1712 712 14
2337 1337 14
2548 1548 15
2672 1672 14
2696 1696 13
3165 2165 16
3612 2612 12
4181 3181 13
4985 3985 16
5478 4478 14
5890 4890 14
6296 5296 14
7159 6159 12
8528 7528 12
8711 7711 15
9007 8007 13
9446 8446 12
2610 1610 16
2728 1728 15
2793 1793 12
2826 1826 16
3020 2020 14
3284 2284 16
3498 2498 15
5313 4313 12
5812 4812 16
5927 4927 17
6648 5648 13
7299 6299 14
7531 6531 13
8078 7078 16
8335 7335 14
8755 7755 14
9242 8242 12
9358 8358 15
10445 9445 15
10738 9738 13
1439 439 15
1638 638 12
1858 858 16
2350 1350 14
2671 1671 14
2997 1997 13
4689 3689 13
4692 3692 14
4740 3740 13
4979 3979 13
5886 4886 15
6409 5409 16
6479 5479 14
6487 5487 13
7070 6070 16
8160 7160 17
8463 7463 16
9401 8401 12
10042 9042 13
10445 9445 16
1338 338 13
1768 768 16
1871 871 12
2519 1519 14
3797 2797 15
4102 3102 16
4445 3445 12
4808 3808 13
5632 4632 15
6014 5014 14
6354 5354 15
7522 6522 14
8152 7152 12
8604 7604 13
9034 8034 16
9455 8455 15
9709 8709 12
9834 8834 13
10046 9046 14
10793 9793 13
1348 348 16
1883 883 12
2412 1412 12
2884 1884 13
3199 2199 14
3307 2307 16
3484 2484 16
3489 2489 13
3750 2750 17
4231 3231 13
4336 3336 15
5721 4721 14
5868 4868 14
6084 5084 15
6101 5101 13
6500 5500 13
7153 6153 16
8487 7487 14
9318 8318 14
10168 9168 13
1319 319 16
1860 860 12
3476 2476 13
3499 2499 14
4413 3413 13
5077 4077 12
5154 4154 13
5433 4433 12
6411 5411 13
6420 5420 12
6966 5966 15
7345 6345 15
7453 6453 14
7653 6653 15
8291 7291 14
8573 7573 16
8969 7969 16
9935 8935 17
10621 9621 13
10966 9966 12
2017 1017 12
3033 2033 14
3867 2867 16
4201 3201 14
4654 3654 12
5284 4284 14
5923 4923 14
6160 5160 12
6318 5318 13
6339 5339 16
6544 5544 16
7389 6389 14
7469 6469 12
7604 6604 13
8185 7185 14
8226 7226 15
8730 7730 13
9318 8318 13
10057 9057 16
10274 9274 16
1061 61 13
1379 379 17
1692 692 12
1938 938 13
2143 1143 13
2789 1789 15
3181 2181 15
3415 2415 15
3465 2465 14
4484 3484 13
4903 3903 12
5019 4019 14
6239 5239 13
7753 6753 13
8181 7181 16
8237 7237 14
9588 8588 14
10366 9366 15
10767 9767 13
10832 9832 15
1252 252 14
1384 384 16
2622 1622 14
3989 2989 15
4286 3286 15
4733 3733 14
4740 3740 14
4754 3754 17
5102 4102 13
5623 4623 13
6203 5203 15
7385 6385 14
7499 6499 16
8106 7106 17
8525 7525 13
9184 8184 14
9275 8275 13
10436 9436 14
10490 9490 15
10797 9797 14
1917 917 13
1990 990 13
2466 1466 14
2555 1555 13
2778 1778 12
2804 1804 15
2892 1892 14
3354 2354 13
4418 3418 16
4443 3443 16
4781 3781 15
5957 4957 15
6121 5121 16
6377 5377 16
6397 5397 13
7009 6009 13
7066 6066 13
7338 6338 16
7756 6756 14
9690 8690 15
1415 415 13
2152 1152 13
2933 1933 15
3324 2324 13
4550 3550 16
4771 3771 13
4968 3968 15
5478 4478 15
5845 4845 15
6664 5664 13
7756 6756 14
7759 6759 16
8002 7002 16
8640 7640 16
8743 7743 14
8949 7949 16
8997 7997 15
9182 8182 13
9696 8696 12
10655 9655 16
1816 816 15
1920 920 16
2168 1168 13
2277 1277 12
2329 1329 14
3738 2738 16
4231 3231 13
4467 3467 15
4628 3628 16
4988 3988 14
5415 4415 15
5607 4607 15
6274 5274 15
7354 6354 12
7536 6536 12
8677 7677 16
8693 7693 14
9144 8144 16
9579 8579 13
10469 9469 16
1219 219 16
1285 285 17
1381 381 13
1640 640 16
1974 974 14
2601 1601 14
2707 1707 14
3026 2026 13
5115 4115 16
5525 4525 15
6279 5279 12
6428 5428 15
6988 5988 13
7306 6306 14
7516 6516 14
7768 6768 13
8815 7815 12
9433 8433 14
9603 8603 16
10451 9451 17
1243 243 13
1569 569 14
1799 799 14
1975 975 14
2099 1099 15
3934 2934 13
4466 3466 13
5082 4082 13
5156 4156 16
5374 4374 14
6145 5145 12
6535 5535 13
6885 5885 16
7283 6283 15
7354 6354 16
8785 7785 12
8835 7835 13
9517 8517 14
9971 8971 14
10772 9772 13
1132 132 12
1200 200 15
2319 1319 12
2810 1810 16
3860 2860 13
4269 3269 14
4760 3760 14
5178 4178 13
6090 5090 14
6702 5702 15
7076 6076 15
7139 6139 13
7664 6664 14
7690 6690 16
8617 7617 16
9037 8037 14
9294 8294 16
9385 8385 14
10852 9852 15
10883 9883 16
1391 391 13
1507 507 17
2075 1075 17
2152 1152 16
2257 1257 15
2696 1696 17
3150 2150 12
3312 2312 16
4324 3324 15
4653 3653 15
4841 3841 13
6031 5031 16
6292 5292 12
8220 7220 12
9805 8805 13
9886 8886 14
9902 8902 12
10161 9161 13
10425 9425 13
10771 9771 17
1281 281 14
1456 456 16
1962 962 14
2355 1355 14
3916 2916 13
4105 3105 13
4872 3872 15
5063 4063 14
5555 4555 16
5855 4855 14
6600 5600 15
7104 6104 14
8421 7421 15
8637 7637 14
9324 8324 15
10309 9309 15
10428 9428 12
10669 9669 17
10731 9731 14
10823 9823 14
1114 114 15
1430 430 16
2003 1003 15
2432 1432 14
2660 1660 15
3207 2207 16
3940 2940 13
4079 3079 14
4126 3126 15
4841 3841 16
5781 4781 16
5796 4796 13
6123 5123 15
6574 5574 12
8000 7000 16
8285 7285 13
8315 7315 12
9957 8957 15
10153 9153 14
10383 9383 15
1523 523 13
2132 1132 16
2234 1234 17
3609 2609 13
4160 3160 15
4708 3708 16
4821 3821 14
4937 3937 13
5732 4732 15
6142 5142 16
6339 5339 12
6518 5518 14
8989 7989 12
9247 8247 16
9302 8302 12
9844 8844 12
10088 9088 17
10323 9323 16
10821 9821 15
10986 9986 14
1033 33 15
1052 52 13
1213 213 14
2429 1429 14
2486 1486 12
2646 1646 12
3657 2657 14
3783 2783 15
4665 3665 13
6266 5266 12
7180 6180 16
7468 6468 12
7577 6577 12
8868 7868 16
9380 8380 14
9455 8455 16
9749 8749 13
9812 8812 17
9949 8949 14
10354 9354 15
1212 212 17
1952 952 15
2508 1508 17
4551 3551 14
4673 3673 12
5389 4389 14
5671 4671 14
5745 4745 13
6012 5012 13
6470 5470 17
6520 5520 16
7777 6777 15
8305 7305 15
8492 7492 13
9158 8158 15
9858 8858 13
10266 9266 14
10281 9281 15
10347 9347 13
10764 9764 14
1141 141 12
1353 353 14
1934 934 15
2155 1155 14
2241 1241 14
3055 2055 12
3603 2603 13
3718 2718 14
5347 4347 15
6098 5098 12
6142 5142 15
6736 5736 12
7299 6299 14
7424 6424 12
7677 6677 13
7868 6868 13
9066 8066 14
9843 8843 13
10159 9159 15
10724 9724 13
1871 871 17
2327 1327 14
2786 1786 15
3268 2268 15
3667 2667 12
4111 3111 13
4317 3317 14
4356 3356 16
4366 3366 13
5351 4351 14
5697 4697 14
5882 4882 13
6178 5178 14
8123 7123 13
8209 7209 15
8226 7226 15
8994 7994 12
9026 8026 14
10311 9311 14
10670 9670 17
1273 273 13
1301 301 12
1575 575 17
2221 1221 13
4265 3265 16
4620 3620 15
5771 4771 17
7086 6086 12
7148 6148 16
7577 6577 12
7741 6741 16
7921 6921 17
8030 7030 14
8196 7196 15
8279 7279 12
9050 8050 16
10026 9026 15
10034 9034 14
10376 9376 15
10503 9503 14
1567 567 15
2521 1521 14
2574 1574 13
3391 2391 17
3405 2405 17
3576 2576 17
3712 2712 13
4507 3507 14
4555 3555 13
5231 4231 15
5352 4352 12
5616 4616 13
6303 5303 17
6988 5988 16
7961 6961 17
8027 7027 15
8368 7368 12
8808 7808 13
9541 8541 13
9772 8772 13
1586 586 17
2148 1148 17
2407 1407 16
3190 2190 13
3357 2357 13
4424 3424 14
4569 3569 12
4862 3862 13
5399 4399 15
5723 4723 13
6451 5451 12
6572 5572 14
6962 5962 15
7278 6278 17
7668 6668 14
8194 7194 15
8644 7644 14
10193 9193 13
10369 9369 14
10617 9617 17
1339 339 15
1756 756 14
1802 802 16
3099 2099 13
3526 2526 13
3718 2718 15
5208 4208 16
5590 4590 14
5918 4918 14
6069 5069 12
6793 5793 15
7263 6263 15
8040 7040 17
8189 7189 12
8490 7490 16
8724 7724 17
8739 7739 13
8881 7881 13
9713 8713 13
10289 9289 13
1022 22 12
1112 112 15
2135 1135 14
2152 1152 13
2312 1312 13
2365 1365 16
2633 1633 12
3057 2057 14
4169 3169 15
4224 3224 16
5063 4063 16
5592 4592 13
6738 5738 12
8292 7292 13
8810 7810 15
9335 8335 14
9638 8638 13
9781 8781 13
9938 8938 15
10625 9625 13
1303 303 12
1340 340 17
1520 520 15
1969 969 12
2344 1344 15
2493 1493 15
2675 1675 12
2684 1684 15
3000 2000 15
3037 2037 14
3604 2604 14
3635 2635 13
3878 2878 13
4132 3132 13
5869 4869 15
5955 4955 17
6803 5803 17
9961 8961 16
9977 8977 14
10327 9327 15
1436 436 16
1441 441 15
2029 1029 14
2078 1078 15
2111 1111 15
2549 1549 14
3095 2095 13
4852 3852 16
5075 4075 12
5346 4346 12
5611 4611 16
5728 4728 13
5757 4757 14
6956 5956 13
7684 6684 13
8745 7745 15
10122 9122 16
10256 9256 16
10303 9303 12
10909 9909 16
1923 923 16
2731 1731 16
2904 1904 13
3145 2145 17
3849 2849 13
4248 3248 16
4465 3465 16
4686 3686 13
4708 3708 15
5574 4574 15
5772 4772 15
6300 5300 15
6438 5438 12
6769 5769 17
7620 6620 16
8772 7772 17
8838 7838 15
10253 9253 16
10357 9357 14
10911 9911 14
1317 317 12
1420 420 14
1688 688 14
2739 1739 13
2761 1761 16
2996 1996 17
3015 2015 14
3466 2466 13
4260 3260 15
4541 3541 16
4593 3593 16
5434 4434 15
6276 5276 15
6387 5387 16
6629 5629 13
7017 6017 16
7061 6061 13
7450 6450 16
9431 8431 15
10533 9533 14
1458 458 12
2160 1160 16
2244 1244 14
2646 1646 14
2984 1984 16
3618 2618 14
3830 2830 12
4256 3256 16
4409 3409 14
4491 3491 14
5924 4924 14
6147 5147 16
6231 5231 15
7554 6554 17
7990 6990 12
8018 7018 12
8563 7563 12
8601 7601 15
8770 7770 12
10419 9419 17
1033 33 13
1120 120 15
1249 249 12
2017 1017 14
3747 2747 16
3801 2801 12
4683 3683 17
5035 4035 16
5047 4047 13
6027 5027 13
6286 5286 16
6344 5344 13
6602 5602 16
6957 5957 14
7669 6669 16
8123 7123 13
8907 7907 14
8919 7919 17
10206 9206 15
10819 9819 12
1394 394 15
1922 922 16
2561 1561 16
2883 1883 17
2886 1886 17
3599 2599 15
4171 3171 16
6226 5226 13
7777 6777 14
8286 7286 13
8582 7582 16
8953 7953 14
8984 7984 16
9676 8676 14
9971 8971 15
10044 9044 16
10695 9695 13
10729 9729 15
10809 9809 15
10837 9837 15
1268 268 13
2109 1109 13
2124 1124 14
2324 1324 12
2494 1494 16
2684 1684 13
3164 2164 14
3791 2791 16
3883 2883 15
5081 4081 16
5108 4108 16
5415 4415 13
5596 4596 15
7693 6693 16
9214 8214 12
9354 8354 15
9404 8404 14
9434 8434 12
10761 9761 15
10779 9779 12
1294 294 13
2460 1460 13
3664 2664 14
4135 3135 13
4480 3480 13
5023 4023 13
5117 4117 15
5418 4418 12
5940 4940 12
5956 4956 15
6836 5836 15
7017 6017 14
7214 6214 15
8058 7058 14
8290 7290 16
9034 8034 13
9200 8200 14
9917 8917 17
10559 9559 16
10682 9682 12
1655 655 16
2337 1337 14
3315 2315 17
3428 2428 13
4175 3175 12
4742 3742 16
4863 3863 17
5643 4643 16
5864 4864 15
6309 5309 15
6819 5819 13
6925 5925 14
7033 6033 16
7829 6829 16
8364 7364 14
8950 7950 14
9048 8048 16
9409 8409 15
10319 9319 12
10376 9376 13
1086 86 13
1441 441 14
2934 1934 13
4602 3602 12
5018 4018 12
5023 4023 16
5392 4392 14
5476 4476 12
6019 5019 13
6033 5033 17
6088 5088 16
6172 5172 16
6231 5231 17
6539 5539 13
6818 5818 16
7550 6550 17
7714 6714 12
8282 7282 15
10003 9003 16
10333 9333 13
2070 1070 13
2397 1397 12
2918 1918 15
3634 2634 14
3749 2749 14
4475 3475 12
4502 3502 14
4779 3779 15
6070 5070 16
6252 5252 16
7070 6070 15
7097 6097 13
7208 6208 13
7305 6305 14
7817 6817 15
8142 7142 15
8809 7809 15
9051 8051 17
9333 8333 12
10720 9720 14
3127 2127 16
3382 2382 15
3431 2431 16
3592 2592 14
3669 2669 16
4544 3544 15
4554 3554 16
5655 4655 16
6224 5224 15
6655 5655 14
6752 5752 14
7289 6289 12
7294 6294 16
9254 8254 15
9767 8767 12
9885 8885 12
9893 8893 15
9933 8933 13
10385 9385 15
10733 9733 16
1348 348 13
1546 546 16
1955 955 16
2552 1552 16
3067 2067 14
3203 2203 17
3509 2509 16
4577 3577 17
5026 4026 15
5057 4057 17
5290 4290 15
6156 5156 16
6267 5267 17
6599 5599 17
6608 5608 14
6981 5981 13
8124 7124 15
8195 7195 13
8508 7508 14
10402 9402 15
1171 171 16
1319 319 12
1644 644 13
2226 1226 16
3382 2382 16
3774 2774 16
4052 3052 12
4359 3359 13
4478 3478 15
5022 4022 15
5674 4674 16
5677 4677 14
7665 6665 17
8265 7265 17
8618 7618 12
9463 8463 16
9787 8787 14
9993 8993 15
9995 8995 14
10100 9100 13
1871 871 17
2222 1222 15
4211 3211 16
5004 4004 16
5218 4218 15
5887 4887 14
6054 5054 12
6833 5833 17
7376 6376 13
7704 6704 17
7714 6714 15
8703 7703 13
8766 7766 17
9601 8601 14
9706 8706 15
9768 8768 16
9880 8880 14
10096 9096 13
10302 9302 14
10342 9342 14
1083 83 15
1804 804 12
2203 1203 12
3429 2429 15
3472 2472 12
4101 3101 12
4160 3160 14
4705 3705 15
5652 4652 16
6114 5114 13
6630 5630 16
6757 5757 12
7429 6429 13
7973 6973 13
8048 7048 15
8146 7146 15
8225 7225 12
9306 8306 13
9850 8850 16
10071 9071 13
1388 388 17
2174 1174 15
2188 1188 12
2837 1837 12
3627 2627 13
4653 3653 15
5092 4092 15
5895 4895 12
5899 4899 15
6258 5258 12
7204 6204 16
7312 6312 15
7663 6663 13
7905 6905 14
8642 7642 14
9009 8009 16
9876 8876 12
10537 9537 12
10549 9549 12
10626 9626 14
1166 166 16
1206 206 14
1715 715 12
2471 1471 17
2495 1495 13
3207 2207 17
3384 2384 16
3592 2592 13
4157 3157 16
4208 3208 16
4479 3479 12
5673 4673 16
6297 5297 16
6829 5829 14
6875 5875 15
8466 7466 15
9052 8052 14
9136 8136 12
9207 8207 15
10622 9622 16
1179 179 12
1343 343 14
1407 407 17
1914 914 16
1950 950 13
2138 1138 17
2606 1606 12
4180 3180 16
5087 4087 14
5285 4285 17
5648 4648 14
5804 4804 15
5941 4941 13
7455 6455 16
8095 7095 15
8108 7108 14
9322 8322 12
9670 8670 12
9951 8951 15
10569 9569 16
1139 139 15
1857 857 17
3226 2226 15
3701 2701 15
4737 3737 15
5234 4234 14
5296 4296 15
5336 4336 13
6114 5114 16
6240 5240 12
6279 5279 14
6507 5507 16
7558 6558 14
8768 7768 14
8773 7773 17
9038 8038 15
9390 8390 15
9399 8399 13
10162 9162 16
10768 9768 14
1047 47 14
2317 1317 15
2891 1891 16
3022 2022 16
3125 2125 17
3156 2156 14
3798 2798 14
4159 3159 15
4650 3650 16
4845 3845 16
5291 4291 17
5530 4530 13
6506 5506 14
7329 6329 12
7614 6614 13
8319 7319 17
8780 7780 15
9074 8074 16
9253 8253 15
10510 9510 12
1042 42 13
1830 830 17
2757 1757 15
2787 1787 16
4446 3446 15
4517 3517 12
4527 3527 13
5478 4478 16
5601 4601 14
5983 4983 15
6429 5429 15
6914 5914 14
7217 6217 16
7379 6379 14
8389 7389 13
8567 7567 13
8993 7993 17
10143 9143 15
10173 9173 14
10440 9440 16
1256 256 15
1543 543 16
2500 1500 17
2692 1692 12
2774 1774 15
3010 2010 13
5316 4316 15
5552 4552 13
5916 4916 13
5968 4968 12
6106 5106 12
6608 5608 13
7219 6219 14
8651 7651 12
8904 7904 15
9367 8367 16
9749 8749 15
10322 9322 12
10456 9456 14
10633 9633 15
1452 452 17
3144 2144 16
3286 2286 12
3538 2538 16
4150 3150 13
4207 3207 15
5752 4752 13
5854 4854 14
6526 5526 14
6602 5602 14
6968 5968 14
7243 6243 13
7750 6750 13
7862 6862 12
8739 7739 15
9909 8909 15
10167 9167 12
10342 9342 13
10358 9358 16
10560 9560 13
1126 126 14
1635 635 15
2305 1305 14
2307 1307 14
2603 1603 15
3137 2137 12
3698 2698 15
3859 2859 12
4434 3434 14
4479 3479 14
5161 4161 13
5946 4946 13
6442 5442 17
6649 5649 12
7743 6743 16
8653 7653 16
9607 8607 17
10134 9134 13
10541 9541 15
10645 9645 14
1843 843 13
3017 2017 12
3323 2323 13
3860 2860 15
4213 3213 13
4225 3225 13
4311 3311 14
4829 3829 14
4992 3992 15
5907 4907 15
6448 5448 14
6548 5548 15
6688 5688 15
7816 6816 15
8574 7574 12
8840 7840 14
9505 8505 12
10157 9157 15
10478 9478 17
10498 9498 14
1071 71 13
1072 72 16
2460 1460 16
2478 1478 14
2781 1781 14
2791 1791 14
2951 1951 12
3397 2397 14
3725 2725 13
3784 2784 14
3850 2850 16
4096 3096 15
6635 5635 16
8081 7081 14
8543 7543 15
9177 8177 16
9324 8324 13
9416 8416 14
9458 8458 14
9615 8615 16
2051 1051 15
2609 1609 14
2672 1672 17
2863 1863 15
3097 2097 14
4471 3471 14
4713 3713 15
4738 3738 15
6657 5657 13
6662 5662 14
6704 5704 17
7152 6152 14
7256 6256 13
7355 6355 14
7670 6670 15
7885 6885 16
8519 7519 15
9473 8473 16
9976 8976 14
10873 9873 16
1046 46 14
1074 74 17
1260 260 17
1271 271 16
1563 563 12
1689 689 14
2306 1306 15
2545 1545 14
2598 1598 14
2840 1840 13
3570 2570 15
3657 2657 16
5824 4824 13
7292 6292 13
7867 6867 14
8223 7223 14
8606 7606 14
8681 7681 17
10303 9303 14
10715 9715 12
1041 41 14
1446 446 15
1790 790 13
2598 1598 14
3167 2167 12
5745 4745 13
5825 4825 16
6088 5088 13
6526 5526 14
7507 6507 17
7676 6676 12
7803 6803 17
8959 7959 14
9062 8062 12
9131 8131 12
9302 8302 14
9534 8534 12
10007 9007 17
10009 9009 17
10520 9520 13
1906 906 16
3992 2992 13
4115 3115 13
4390 3390 14
4460 3460 14
4543 3543 17
5052 4052 14
6257 5257 12
6267 5267 13
7108 6108 15
7345 6345 15
7529 6529 13
7626 6626 12
7691 6691 13
9320 8320 16
9678 8678 16
9712 8712 15
10333 9333 13
10494 9494 14
10756 9756 13
