500 100 1275643
5 93 157
5 56 175
5 69 182
5 55 170
5 95 208
5 67 155
5 54 229
5 141 221
5 92 152
5 53 233
5 103 240
5 105 188
5 84 196
5 51 226
5 78 159
5 72 211
5 141 235
5 63 184
5 52 213
5 63 236
5 70 249
5 82 219
5 90 173
5 73 218
5 83 207
5 145 241
5 116 228
5 58 192
5 72 213
5 123 186
5 80 183
5 103 208
5 135 183
5 53 203
5 91 210
5 79 200
5 55 243
5 54 176
5 56 187
5 116 194
5 118 213
5 109 245
5 94 207
5 118 202
5 138 208
5 89 246
5 97 165
5 127 221
5 50 182
5 117 204
5 71 227
5 114 186
5 95 210
5 85 240
5 136 218
5 128 232
5 84 154
5 80 206
5 50 211
5 98 248
5 131 232
5 126 214
5 83 152
5 132 157
5 117 191
5 134 204
5 75 160
5 59 165
5 86 245
5 62 234
5 126 205
5 51 157
5 68 217
5 107 162
5 127 192
5 98 175
5 113 223
5 144 185
5 98 208
5 117 181
5 119 233
5 132 199
5 104 159
5 99 223
5 98 222
5 68 159
5 120 234
5 122 215
5 95 157
5 136 193
5 141 188
5 106 150
5 108 165
5 115 212
5 138 172
5 61 243
5 79 173
5 121 234
5 112 238
5 75 193
1224 224 50
2978 1978 53
6497 5497 46
7480 6480 53
8370 7370 57
1553 553 52
2669 1669 51
4288 3288 48
5466 4466 48
10591 9591 50
3647 2647 48
4439 3439 49
5297 4297 52
5599 4599 65
8458 7458 58
1586 586 62
2478 1478 63
4114 3114 51
6131 5131 52
6664 5664 62
1699 699 59
4604 3604 54
5411 4411 50
5528 4528 60
7068 6068 61
1659 659 47
3663 2663 63
4498 3498 48
5767 4767 50
9387 8387 46
2341 1341 46
3153 2153 47
6490 5490 54
8909 7909 60
10208 9208 53
3433 2433 56
5015 4015 60
8645 7645 56
8822 7822 53
9166 8166 59
3896 2896 49
4513 3513 60
6435 5435 62
6588 5588 47
8052 7052 52
1674 674 54
3118 2118 64
6221 5221 53
6482 5482 58
9089 8089 54
3035 2035 62
5632 4632 56
7177 6177 52
9523 8523 46
10864 9864 60
1029 29 53
2090 1090 61
3263 2263 48
4367 3367 47
6023 5023 62
1973 973 60
3438 2438 61
6683 5683 50
8121 7121 64
8823 7823 60
2003 1003 57
2482 1482 63
5120 4120 64
5716 4716 60
7160 6160 50
3170 2170 56
3197 2197 52
3794 2794 65
4118 3118 47
10817 9817 50
1069 69 46
2670 1670 54
3344 2344 55
3427 2427 55
8757 7757 58
3471 2471 63
4936 3936 52
6467 5467 56
7238 6238 62
8122 7122 59
2120 1120 64
2212 1212 56
6157 5157 56
6187 5187 57
8247 7247 54
3125 2125 53
4238 3238 53
4347 3347 56
8628 7628 61
9026 8026 53
3444 2444 59
5106 4106 59
5838 4838 55
6101 5101 56
9393 8393 56
4296 3296 53
4904 3904 54
6290 5290 61
8754 7754 52
10467 9467 52
1385 385 53
3245 2245 46
4970 3970 47
6756 5756 63
7920 6920 65
1409 409 47
1916 916 49
3109 2109 49
4069 3069 49
7597 6597 53
2746 1746 62
3531 2531 51
6675 5675 65
7265 6265 56
7524 6524 53
1669 669 46
7178 6178 48
9792 8792 56
10651 9651 64
10794 9794 54
1959 959 56
2928 1928 62
3711 2711 62
4199 3199 59
9922 8922 63
3491 2491 48
3824 2824 53
3979 2979 60
7875 6875 52
9391 8391 57
3051 2051 54
3522 2522 56
4625 3625 48
8740 7740 48
9207 8207 52
1461 461 56
4512 3512 50
5010 4010 57
8113 7113 61
10395 9395 53
2814 1814 54
3190 2190 54
4331 3331 58
5795 4795 57
5804 4804 56
1900 900 50
5361 4361 64
6321 5321 51
6690 5690 59
9499 8499 65
1820 820 56
6189 5189 59
6906 5906 65
7003 6003 47
10145 9145 48
2753 1753 50
5349 4349 55
5977 4977 56
6167 5167 60
10257 9257 48
6695 5695 64
7365 6365 55
8566 7566 50
8630 7630 52
8899 7899 51
3819 2819 57
5250 4250 49
7925 6925 51
8887 7887 49
10507 9507 49
2108 1108 60
5183 4183 49
9133 8133 62
10227 9227 46
10533 9533 55
1538 538 51
6069 5069 50
6383 5383 53
7478 6478 49
10057 9057 59
2752 1752 47
3404 2404 54
9007 8007 49
9299 8299 60
10488 9488 53
2817 1817 47
3736 2736 54
5036 4036 55
6044 5044 51
6336 5336 61
2244 1244 57
3158 2158 48
4465 3465 63
6132 5132 57
9012 8012 50
2097 1097 50
5103 4103 59
5899 4899 61
8047 7047 63
10552 9552 58
1158 158 63
1646 646 63
3242 2242 52
3470 2470 57
9562 8562 59
1084 84 53
5138 4138 57
6236 5236 50
9497 8497 50
10680 9680 55
6942 5942 60
6975 5975 48
7829 6829 63
10144 9144 62
10199 9199 61
3819 2819 51
5368 4368 59
6007 5007 57
6899 5899 53
9710 8710 51
2601 1601 48
4252 3252 47
5724 4724 60
9188 8188 62
9982 8982 65
1392 392 64
3407 2407 63
4316 3316 58
8322 7322 62
10034 9034 56
1221 221 63
2099 1099 59
4733 3733 56
9533 8533 63
10040 9040 47
1939 939 49
2680 1680 59
3501 2501 62
3869 2869 58
7726 6726 64
1179 179 62
1856 856 52
2671 1671 63
9742 8742 47
10355 9355 55
2221 1221 50
4835 3835 60
5453 4453 50
9134 8134 55
10403 9403 65
1282 282 48
4541 3541 48
5096 4096 50
7166 6166 58
10816 9816 59
6992 5992 65
9249 8249 50
9450 8450 55
9880 8880 58
9978 8978 48
2510 1510 49
5056 4056 61
8978 7978 53
9060 8060 53
10318 9318 54
2448 1448 53
4953 3953 60
7714 6714 64
7803 6803 61
9937 8937 47
3800 2800 48
5119 4119 59
7730 6730 54
8007 7007 55
9450 8450 63
1341 341 49
2032 1032 57
2573 1573 54
5480 4480 53
9372 8372 47
3031 2031 48
3947 2947 46
4245 3245 49
7459 6459 47
7569 6569 55
1633 633 60
2771 1771 59
4599 3599 48
4706 3706 59
8329 7329 56
4986 3986 56
5007 4007 47
6223 5223 47
8003 7003 64
10556 9556 63
1028 28 47
2769 1769 60
5507 4507 51
6689 5689 55
8637 7637 54
4155 3155 47
4949 3949 54
8056 7056 52
9069 8069 58
9931 8931 52
3139 2139 55
3389 2389 46
3972 2972 61
9049 8049 55
9278 8278 52
1603 603 49
2664 1664 53
5340 4340 51
7353 6353 47
9417 8417 56
1034 34 47
5570 4570 60
7202 6202 54
8745 7745 60
10521 9521 51
1525 525 48
8026 7026 53
8786 7786 59
9880 8880 65
10659 9659 58
4441 3441 64
6795 5795 47
7332 6332 62
7382 6382 53
7796 6796 50
3656 2656 60
3890 2890 62
5696 4696 54
6151 5151 46
10872 9872 64
1154 154 55
2044 1044 63
3298 2298 47
3740 2740 55
9407 8407 54
5260 4260 57
5382 4382 64
8504 7504 51
8902 7902 54
10893 9893 63
3695 2695 63
5810 4810 55
5897 4897 50
10072 9072 56
10203 9203 52
1785 785 58
4520 3520 61
4945 3945 56
6630 5630 54
8362 7362 47
3498 2498 58
4441 3441 59
6051 5051 48
6208 5208 51
8183 7183 56
1229 229 53
5423 4423 47
8242 7242 59
8799 7799 47
10086 9086 64
1579 579 52
2410 1410 52
3530 2530 61
5891 4891 49
6119 5119 60
1152 152 61
1618 618 63
3729 2729 62
6302 5302 56
9103 8103 53
5406 4406 48
7374 6374 47
9004 8004 53
9208 8208 46
9537 8537 48
1100 100 50
2171 1171 54
3516 2516 56
4576 3576 65
8723 7723 59
1614 614 47
7414 6414 50
7857 6857 52
9565 8565 49
10273 9273 47
2540 1540 52
4355 3355 59
4937 3937 59
7667 6667 52
10988 9988 59
1268 268 54
5772 4772 56
9002 8002 49
9757 8757 50
10408 9408 52
4110 3110 60
4332 3332 47
6472 5472 50
6906 5906 56
8077 7077 58
1120 120 51
1581 581 52
2508 1508 62
4409 3409 47
8824 7824 49
1359 359 61
4657 3657 58
7739 6739 48
8581 7581 56
9678 8678 48
5458 4458 53
5688 4688 65
5716 4716 60
5776 4776 50
6464 5464 47
2320 1320 51
2600 1600 58
3185 2185 47
3952 2952 63
7911 6911 61
3187 2187 53
4132 3132 53
4565 3565 59
7664 6664 49
10291 9291 59
1188 188 49
1903 903 60
5461 4461 62
5843 4843 50
7755 6755 53
2649 1649 49
4046 3046 54
6093 5093 48
7420 6420 51
10095 9095 47
1258 258 52
1530 530 63
1662 662 50
7447 6447 48
9214 8214 63
1682 682 47
2742 1742 59
3617 2617 46
6788 5788 55
8712 7712 65
2524 1524 59
4295 3295 48
4917 3917 54
6689 5689 62
8003 7003 47
3753 2753 57
4703 3703 60
4770 3770 52
8353 7353 53
8918 7918 48
2296 1296 60
2650 1650 54
3441 2441 57
5735 4735 61
10414 9414 59
2477 1477 60
5584 4584 55
5593 4593 63
5808 4808 57
7533 6533 59
3280 2280 60
3638 2638 55
5200 4200 49
5665 4665 59
9063 8063 59
1430 430 51
1521 521 48
1756 756 58
4316 3316 48
9375 8375 51
2012 1012 56
5946 4946 59
6521 5521 54
7161 6161 54
10061 9061 62
1277 277 60
2430 1430 59
7958 6958 56
8772 7772 56
10270 9270 49
2126 1126 47
6456 5456 61
9027 8027 53
9748 8748 60
10475 9475 62
