200 100 43415
2 88 209
2 78 168
2 128 226
2 72 191
2 85 185
2 127 185
2 131 190
2 69 227
2 104 190
2 85 233
2 73 238
2 98 221
2 80 176
2 95 245
2 105 175
2 59 161
2 89 187
2 123 220
2 60 246
2 109 222
2 96 210
2 75 175
2 132 192
2 114 248
2 135 203
2 118 232
2 140 218
2 145 178
2 93 200
2 103 177
2 111 246
2 70 189
2 83 186
2 60 247
2 124 164
2 120 189
2 111 244
2 50 168
2 63 174
2 73 217
2 101 211
2 75 162
2 55 195
2 69 161
2 76 231
2 73 226
2 84 230
2 108 236
2 94 190
2 59 216
2 69 203
2 143 198
2 113 208
2 104 179
2 124 228
2 100 211
2 56 225
2 133 214
2 106 224
2 71 181
2 123 230
2 65 184
2 124 195
2 137 200
2 54 194
2 114 236
2 116 212
2 56 231
2 116 197
2 150 199
2 66 207
2 50 206
2 87 166
2 137 235
2 69 176
2 135 226
2 104 175
2 57 210
2 93 198
2 128 199
2 96 189
2 51 217
2 123 182
2 142 190
2 86 212
2 56 250
2 137 152
2 120 152
2 110 242
2 108 159
2 121 245
2 77 185
2 73 182
2 129 164
2 131 213
2 114 171
2 138 160
2 114 184
2 140 230
2 132 208
208 108 139
430 330 188
246 146 156
429 329 157
393 293 145
792 692 147
175 75 157
191 91 157
132 32 164
1016 916 164
609 509 183
1033 933 176
434 334 180
979 879 156
125 25 161
512 412 185
303 203 185
663 563 149
325 225 161
989 889 175
119 19 164
957 857 148
338 238 148
633 533 156
165 65 176
735 635 154
306 206 151
655 555 165
720 620 169
921 821 141
319 219 161
1050 950 161
927 827 149
1066 966 161
209 109 136
1025 925 153
172 72 148
331 231 183
303 203 139
1009 909 182
177 77 167
1004 904 163
109 9 148
311 211 163
375 275 185
409 309 137
372 272 175
786 686 172
489 389 149
790 690 170
151 51 143
821 721 136
784 684 138
1021 921 171
236 136 178
261 161 138
321 221 139
367 267 149
512 412 145
1038 938 143
318 218 138
1055 955 185
203 103 148
988 888 138
270 170 152
278 178 148
226 126 165
293 193 183
134 34 164
1017 917 156
227 127 182
630 530 154
892 792 185
902 802 183
296 196 146
960 860 134
384 284 141
768 668 174
206 106 155
427 327 156
511 411 178
954 854 153
400 300 162
742 642 143
658 558 169
1031 931 185
161 61 161
292 192 150
942 842 186
1094 994 153
311 211 157
942 842 162
982 882 179
983 883 188
444 344 186
996 896 155
270 170 143
978 878 168
271 171 185
509 409 184
689 589 167
892 792 141
237 137 156
697 597 169
313 213 178
833 733 174
332 232 172
532 432 155
137 37 171
526 426 160
356 256 157
877 777 172
124 24 183
403 303 146
198 98 135
553 453 164
259 159 164
975 875 183
137 37 135
206 106 177
463 363 153
862 762 155
294 194 162
998 898 184
163 63 168
484 384 149
229 129 182
907 807 171
223 123 167
698 598 149
595 495 169
930 830 180
231 131 152
361 261 170
217 117 170
542 442 169
618 518 166
636 536 163
806 706 155
937 837 166
648 548 147
706 606 177
307 207 169
951 851 146
276 176 166
516 416 148
204 104 159
277 177 168
320 220 138
895 795 170
471 371 154
544 444 159
343 243 166
830 730 156
949 849 169
1079 979 155
998 898 154
1091 991 171
666 566 142
695 595 134
208 108 175
505 405 163
899 799 172
1020 920 156
452 352 176
1079 979 146
351 251 157
525 425 138
474 374 164
537 437 176
459 359 156
525 425 176
664 564 149
906 806 152
995 895 137
1093 993 152
680 580 177
780 680 138
222 122 159
701 601 154
448 348 138
929 829 184
221 121 136
255 155 183
126 26 155
961 861 140
323 223 156
490 390 150
144 44 166
1047 947 169
310 210 171
979 879 171
353 253 160
745 645 151
381 281 169
418 318 180
589 489 183
859 759 151
282 182 148
903 803 184
