100 20 25186
5 53 158
5 81 218
5 83 193
5 122 199
5 81 204
5 86 247
5 121 203
5 78 247
5 130 207
5 72 197
5 89 160
5 80 206
5 114 195
5 123 178
5 95 249
5 78 192
5 134 164
5 118 156
5 60 185
5 75 219
155 155 50
420 420 60
444 444 55
778 778 59
900 900 55
125 125 56
343 343 49
586 586 49
612 612 54
646 646 53
195 195 64
478 478 52
510 510 64
736 736 61
914 914 63
9 9 63
423 423 49
907 907 60
969 969 55
1000 1000 48
112 112 53
375 375 54
556 556 55
576 576 51
855 855 50
98 98 55
183 183 49
636 636 66
732 732 64
774 774 52
115 115 56
521 521 48
633 633 56
931 931 59
937 937 56
235 235 56
255 255 51
458 458 52
475 475 49
497 497 52
2 2 55
192 192 64
472 472 57
491 491 52
513 513 48
8 8 51
273 273 62
309 309 54
384 384 55
709 709 49
13 13 59
311 311 66
589 589 55
589 589 59
926 926 51
138 138 56
344 344 48
487 487 53
917 917 59
992 992 53
127 127 56
144 144 60
208 208 49
710 710 55
721 721 62
143 143 53
168 168 62
232 232 56
666 666 60
921 921 54
33 33 56
93 93 53
117 117 65
399 399 49
621 621 52
88 88 60
139 139 65
467 467 55
558 558 53
589 589 48
93 93 63
635 635 57
705 705 57
771 771 60
959 959 50
4 4 51
359 359 65
423 423 62
636 636 65
865 865 66
162 162 60
409 409 62
468 468 62
705 705 63
884 884 57
204 204 64
434 434 65
767 767 57
779 779 60
828 828 55
