100 20 22981
5 134 232
5 74 150
5 96 171
5 132 175
5 142 232
5 59 231
5 96 222
5 67 210
5 121 204
5 117 197
5 74 231
5 133 220
5 57 178
5 94 198
5 61 190
5 63 170
5 100 206
5 124 229
5 70 188
5 138 233
96 96 66
102 102 68
191 191 53
229 229 59
741 741 63
6 6 70
662 662 58
698 698 58
778 778 61
905 905 69
198 198 72
344 344 52
373 373 56
458 458 54
985 985 72
44 44 54
72 72 56
82 82 63
172 172 69
469 469 70
72 72 52
394 394 71
606 606 53
615 615 68
794 794 63
47 47 61
225 225 61
320 320 61
516 516 67
924 924 61
95 95 66
346 346 63
581 581 68
808 808 56
847 847 65
108 108 53
465 465 73
721 721 63
768 768 54
960 960 64
185 185 70
420 420 57
627 627 61
731 731 72
879 879 71
232 232 64
318 318 72
408 408 59
533 533 54
879 879 61
109 109 62
389 389 70
542 542 56
578 578 64
581 581 59
20 20 58
523 523 67
599 599 69
677 677 60
742 742 73
217 217 64
227 227 72
722 722 69
927 927 58
971 971 54
58 58 66
547 547 71
617 617 54
760 760 70
818 818 58
196 196 61
807 807 68
816 816 71
826 826 68
979 979 57
158 158 73
445 445 55
605 605 66
726 726 53
793 793 58
28 28 66
150 150 62
198 198 59
379 379 70
405 405 73
76 76 68
405 405 55
621 621 61
759 759 62
917 917 66
116 116 54
136 136 55
272 272 69
366 366 63
838 838 53
51 51 67
334 334 71
455 455 53
851 851 58
996 996 68
