1000 100 2466282
10 74 204
10 94 186
10 139 156
10 124 164
10 84 221
10 106 227
10 59 229
10 53 154
10 52 177
10 53 187
10 149 250
10 132 182
10 118 205
10 79 241
10 128 150
10 105 211
10 77 225
10 84 232
10 58 178
10 51 194
10 144 184
10 76 203
10 83 212
10 78 219
10 150 162
10 108 198
10 53 165
10 148 234
10 121 206
10 115 162
10 76 168
10 74 197
10 92 165
10 105 211
10 114 242
10 59 235
10 124 192
10 135 159
10 100 210
10 89 217
10 100 175
10 58 213
10 104 177
10 55 152
10 69 217
10 61 155
10 76 156
10 111 162
10 79 157
10 145 202
10 135 155
10 134 174
10 96 223
10 140 231
10 68 191
10 112 198
10 81 205
10 125 246
10 122 183
10 126 172
10 67 193
10 114 203
10 59 201
10 94 238
10 110 163
10 85 173
10 52 160
10 52 224
10 120 202
10 125 236
10 95 229
10 118 156
10 150 166
10 98 238
10 82 158
10 80 243
10 137 188
10 92 245
10 89 214
10 60 239
10 130 162
10 62 157
10 83 231
10 116 249
10 75 194
10 119 203
10 116 186
10 51 239
10 71 240
10 54 213
10 61 174
10 63 202
10 68 195
10 73 151
10 124 202
10 107 188
10 128 225
10 69 195
10 138 236
10 103 200
464 464 32
3380 3380 29
4914 4914 32
5805 5805 29
5871 5871 31
6019 6019 32
8300 8300 34
8371 8371 33
8938 8938 31
9468 9468 34
1875 1875 33
2933 2933 25
3706 3706 27
4642 4642 32
5552 5552 26
6396 6396 34
6985 6985 25
7543 7543 32
9118 9118 26
9322 9322 25
573 573 30
2013 2013 25
4401 4401 31
4491 4491 32
5066 5066 29
5295 5295 30
7296 7296 30
8695 8695 31
8821 8821 34
9566 9566 34
430 430 29
1189 1189 25
1319 1319 33
4039 4039 30
4378 4378 32
4859 4859 32
6778 6778 32
6910 6910 26
8406 8406 34
9971 9971 33
607 607 32
1571 1571 28
2052 2052 28
2834 2834 26
3400 3400 27
3699 3699 31
4940 4940 30
7029 7029 32
7665 7665 29
9698 9698 31
111 111 33
318 318 28
1028 1028 30
1122 1122 28
1517 1517 33
4420 4420 32
5347 5347 34
7402 7402 30
9427 9427 27
9992 9992 34
25 25 27
858 858 30
2013 2013 34
2167 2167 29
5992 5992 34
8332 8332 26
8629 8629 33
8808 8808 27
9137 9137 27
9495 9495 29
1583 1583 30
2287 2287 32
3921 3921 30
4297 4297 31
4647 4647 32
5637 5637 30
7341 7341 29
8105 8105 29
8331 8331 28
8600 8600 34
122 122 30
485 485 28
567 567 26
855 855 30
4389 4389 28
6170 6170 27
6438 6438 27
8590 8590 31
9506 9506 27
9525 9525 32
1073 1073 26
2703 2703 27
2903 2903 31
3611 3611 31
4203 4203 32
6005 6005 30
6363 6363 31
6727 6727 26
7737 7737 26
8999 8999 34
519 519 34
1272 1272 31
1576 1576 33
3024 3024 34
3095 3095 29
3450 3450 34
6301 6301 34
6723 6723 30
8251 8251 32
8493 8493 34
1904 1904 32
2335 2335 30
4153 4153 28
5476 5476 32
7394 7394 34
8350 8350 26
8636 8636 30
9070 9070 32
9393 9393 29
9735 9735 34
1580 1580 33
2056 2056 31
2446 2446 26
2790 2790 25
3640 3640 33
3924 3924 32
4902 4902 29
5866 5866 33
8513 8513 34
8673 8673 27
683 683 31
1451 1451 31
1474 1474 32
3540 3540 31
4049 4049 34
4073 4073 25
5721 5721 25
6533 6533 29
6790 6790 30
9900 9900 28
690 690 27
1325 1325 30
1792 1792 35
1876 1876 26
2306 2306 28
5486 5486 30
7212 7212 33
8185 8185 35
8226 8226 32
8566 8566 34
291 291 32
1000 1000 33
1159 1159 34
1754 1754 26
3732 3732 30
5900 5900 33
6095 6095 26
6745 6745 34
9070 9070 29
9349 9349 26
690 690 34
2563 2563 30
3745 3745 25
5016 5016 34
5877 5877 28
7516 7516 32
8723 8723 34
9051 9051 25
9068 9068 35
9137 9137 32
1855 1855 32
2511 2511 34
2749 2749 28
2920 2920 30
3534 3534 33
3964 3964 28
4060 4060 27
5447 5447 31
6949 6949 29
8609 8609 27
504 504 25
720 720 35
1105 1105 33
2164 2164 27
2361 2361 28
3451 3451 29
5023 5023 35
7271 7271 27
8212 8212 34
9087 9087 33
2084 2084 29
2604 2604 29
2906 2906 33
3841 3841 31
4030 4030 27
4052 4052 26
5147 5147 30
6397 6397 28
7657 7657 33
9291 9291 27
681 681 29
914 914 26
3344 3344 34
3428 3428 31
3985 3985 26
5804 5804 32
6225 6225 29
8567 8567 26
8736 8736 26
9304 9304 32
910 910 26
1913 1913 34
2616 2616 33
3855 3855 27
4215 4215 33
4217 4217 29
7550 7550 32
7720 7720 29
7806 7806 31
7918 7918 25
737 737 29
1531 1531 31
1898 1898 34
2173 2173 28
3205 3205 27
3962 3962 30
4565 4565 32
5642 5642 28
6251 6251 32
6656 6656 33
873 873 28
4906 4906 33
5351 5351 27
8495 8495 32
8563 8563 28
8572 8572 34
9083 9083 34
9465 9465 25
9884 9884 25
9906 9906 28
1297 1297 35
2335 2335 26
2963 2963 30
3399 3399 30
3707 3707 35
4119 4119 31
6229 6229 30
6921 6921 32
7065 7065 30
7856 7856 27
2194 2194 30
3047 3047 33
4337 4337 30
4907 4907 27
5422 5422 34
6577 6577 32
7168 7168 29
7598 7598 27
8992 8992 27
9896 9896 33
51 51 34
525 525 33
870 870 34
1469 1469 32
4207 4207 26
4650 4650 31
7175 7175 28
8392 8392 26
8787 8787 27
9716 9716 29
1164 1164 33
1557 1557 30
3112 3112 33
3983 3983 29
5587 5587 26
5856 5856 33
6467 6467 29
7583 7583 32
9633 9633 28
9750 9750 29
586 586 26
1234 1234 32
1843 1843 28
3064 3064 28
3609 3609 28
4220 4220 33
4791 4791 32
6027 6027 28
7833 7833 35
9808 9808 34
1126 1126 35
2744 2744 29
3288 3288 27
3835 3835 25
5754 5754 32
6201 6201 29
7675 7675 31
7861 7861 30
8120 8120 27
9942 9942 28
437 437 26
717 717 30
1596 1596 34
2914 2914 33
2973 2973 25
3238 3238 34
4026 4026 27
6065 6065 33
7450 7450 26
9725 9725 34
91 91 29
428 428 27
1700 1700 25
1754 1754 27
1816 1816 29
2880 2880 26
3463 3463 28
3530 3530 34
4023 4023 30
6509 6509 34
1394 1394 29
4049 4049 32
4103 4103 30
5302 5302 25
5441 5441 29
6076 6076 27
7404 7404 25
7405 7405 29
7489 7489 26
7494 7494 33
397 397 30
1205 1205 27
2361 2361 29
3428 3428 33
4215 4215 29
6205 6205 30
6392 6392 33
6791 6791 27
7137 7137 28
7332 7332 29
2322 2322 30
2382 2382 27
2479 2479 29
3436 3436 31
3682 3682 35
3684 3684 27
7227 7227 34
8169 8169 34
8977 8977 30
9873 9873 30
399 399 26
815 815 30
1491 1491 33
1608 1608 28
2137 2137 33
5893 5893 26
6167 6167 28
7050 7050 33
7162 7162 31
9411 9411 33
900 900 32
2836 2836 34
3596 3596 33
5085 5085 27
5472 5472 32
6205 6205 33
8808 8808 25
9365 9365 29
9398 9398 25
9581 9581 27
478 478 34
1944 1944 30
2937 2937 27
4832 4832 31
5024 5024 28
5836 5836 32
6860 6860 33
8858 8858 29
9218 9218 26
9546 9546 31
1367 1367 27
1591 1591 31
2453 2453 31
2916 2916 26
3589 3589 30
5013 5013 33
5965 5965 28
7030 7030 35
7324 7324 26
8032 8032 29
324 324 27
455 455 25
1692 1692 29
2130 2130 31
4057 4057 30
4742 4742 32
5928 5928 28
7180 7180 25
8350 8350 29
9288 9288 25
731 731 31
2139 2139 31
2302 2302 31
5229 5229 34
6384 6384 33
6896 6896 27
7328 7328 32
8183 8183 33
8238 8238 26
9761 9761 34
1025 1025 33
3569 3569 32
4423 4423 34
4822 4822 31
5031 5031 26
7032 7032 34
7300 7300 31
8727 8727 29
8805 8805 32
9907 9907 30
2160 2160 28
2439 2439 33
3766 3766 29
4700 4700 25
5795 5795 30
6111 6111 34
7366 7366 32
7488 7488 28
8675 8675 29
9758 9758 33
497 497 32
2248 2248 27
3091 3091 31
3132 3132 30
4974 4974 33
5046 5046 35
5438 5438 33
6409 6409 30
6498 6498 34
8612 8612 31
469 469 28
2020 2020 32
3967 3967 35
4362 4362 29
4445 4445 28
4928 4928 34
5326 5326 27
5605 5605 33
6971 6971 34
9150 9150 29
702 702 33
930 930 29
1560 1560 26
2773 2773 34
5460 5460 30
5997 5997 27
6276 6276 30
7000 7000 32
7574 7574 25
8751 8751 29
200 200 29
372 372 34
700 700 31
2524 2524 30
4915 4915 30
6008 6008 25
6110 6110 27
7751 7751 25
7848 7848 31
8745 8745 27
869 869 34
1891 1891 32
1908 1908 25
3308 3308 26
4578 4578 32
6359 6359 26
6812 6812 29
7599 7599 30
7897 7897 27
9680 9680 26
1047 1047 33
1811 1811 33
2174 2174 27
2869 2869 34
2938 2938 27
3704 3704 26
7195 7195 31
8403 8403 31
9296 9296 25
9447 9447 30
605 605 28
958 958 32
1946 1946 29
2133 2133 27
2440 2440 32
2696 2696 26
3600 3600 26
5414 5414 29
8640 8640 26
9071 9071 28
740 740 26
1716 1716 30
2778 2778 34
3751 3751 27
4624 4624 34
5922 5922 34
6908 6908 31
7894 7894 29
8855 8855 29
9697 9697 25
468 468 29
1000 1000 30
2605 2605 31
3956 3956 34
3979 3979 29
4462 4462 29
4939 4939 25
5745 5745 30
9255 9255 26
9743 9743 30
234 234 34
1431 1431 32
1911 1911 28
2626 2626 35
3390 3390 34
4013 4013 27
5732 5732 30
5988 5988 35
8002 8002 28
9372 9372 32
1543 1543 28
3363 3363 35
3670 3670 35
4320 4320 30
4663 4663 27
4692 4692 34
5339 5339 26
6766 6766 35
9254 9254 30
9552 9552 33
701 701 26
2792 2792 31
3279 3279 34
4436 4436 32
4470 4470 34
5821 5821 28
7540 7540 31
7588 7588 28
9258 9258 26
9286 9286 30
72 72 25
559 559 27
728 728 33
2283 2283 26
3662 3662 34
6176 6176 32
6531 6531 28
7067 7067 27
7319 7319 34
7605 7605 34
48 48 27
62 62 34
257 257 26
3787 3787 25
4471 4471 35
4807 4807 28
5960 5960 25
8935 8935 32
9274 9274 32
9290 9290 31
1394 1394 29
1866 1866 33
2125 2125 30
2578 2578 25
5430 5430 29
5646 5646 32
5790 5790 33
7488 7488 26
7525 7525 31
9621 9621 32
1153 1153 35
3550 3550 26
3927 3927 29
6075 6075 26
6825 6825 26
7703 7703 33
7995 7995 26
8226 8226 26
9127 9127 26
9210 9210 30
811 811 26
1441 1441 28
2270 2270 33
2910 2910 31
4581 4581 27
5927 5927 30
6867 6867 30
7098 7098 31
7187 7187 35
9390 9390 35
915 915 25
1633 1633 28
3615 3615 34
5805 5805 34
6415 6415 28
7063 7063 31
8266 8266 31
8352 8352 33
8931 8931 33
9131 9131 34
1647 1647 25
3130 3130 25
3833 3833 34
4326 4326 28
5660 5660 28
6517 6517 25
6543 6543 30
7858 7858 31
8475 8475 34
8673 8673 32
1529 1529 29
1924 1924 33
2927 2927 30
3726 3726 25
4079 4079 25
4343 4343 31
6779 6779 33
7881 7881 35
8202 8202 26
9802 9802 28
185 185 31
2448 2448 35
3622 3622 34
4225 4225 31
4612 4612 33
5568 5568 32
5878 5878 30
6475 6475 25
8194 8194 34
9968 9968 29
404 404 31
1692 1692 26
2560 2560 28
3235 3235 34
4077 4077 31
5696 5696 30
6777 6777 27
7753 7753 26
8315 8315 33
9957 9957 30
1018 1018 26
1048 1048 27
1158 1158 27
2600 2600 31
3955 3955 26
3967 3967 26
3992 3992 32
4218 4218 27
5350 5350 30
8309 8309 25
485 485 31
2678 2678 31
4288 4288 32
4722 4722 33
5523 5523 35
5951 5951 26
6224 6224 31
6862 6862 27
8215 8215 26
9610 9610 33
835 835 35
1592 1592 33
1632 1632 25
2427 2427 34
2521 2521 26
2614 2614 33
3119 3119 30
4645 4645 35
6707 6707 33
9037 9037 31
796 796 30
863 863 31
2100 2100 34
2511 2511 28
2718 2718 34
3309 3309 31
3550 3550 26
8711 8711 25
9041 9041 34
9637 9637 31
1722 1722 33
3757 3757 27
4776 4776 35
6182 6182 30
6234 6234 32
6873 6873 32
7339 7339 25
7538 7538 28
8462 8462 31
8537 8537 27
3027 3027 27
3230 3230 33
4112 4112 31
6014 6014 26
6562 6562 34
7204 7204 28
7468 7468 26
8342 8342 34
9205 9205 30
9483 9483 34
39 39 28
795 795 34
1227 1227 27
3203 3203 26
4785 4785 26
5146 5146 32
5302 5302 30
6589 6589 26
7962 7962 28
9480 9480 26
972 972 28
2251 2251 27
2292 2292 31
3882 3882 34
4006 4006 31
4132 4132 31
6681 6681 30
6918 6918 29
7191 7191 26
9266 9266 26
94 94 33
7123 7123 32
7174 7174 31
7222 7222 26
8714 8714 29
9392 9392 25
9480 9480 34
9581 9581 26
9819 9819 30
9909 9909 26
365 365 32
496 496 26
925 925 31
1389 1389 31
1500 1500 31
2833 2833 30
2842 2842 32
4489 4489 26
5703 5703 30
6826 6826 30
408 408 33
530 530 33
3535 3535 29
4043 4043 26
4181 4181 29
4451 4451 26
6633 6633 25
8161 8161 29
8694 8694 30
9259 9259 34
837 837 31
1694 1694 27
3767 3767 26
3908 3908 25
5227 5227 28
5728 5728 30
6471 6471 26
6714 6714 29
7916 7916 28
8914 8914 31
892 892 31
1949 1949 35
2098 2098 28
2306 2306 26
4205 4205 30
4213 4213 29
4529 4529 29
4558 4558 33
8056 8056 26
9203 9203 33
1772 1772 33
3099 3099 29
4416 4416 29
4945 4945 26
6517 6517 35
7839 7839 32
8552 8552 29
8759 8759 26
9170 9170 35
9684 9684 33
264 264 31
3151 3151 26
3784 3784 32
5130 5130 33
5766 5766 26
5858 5858 34
6293 6293 26
7288 7288 26
8346 8346 34
9022 9022 34
1205 1205 34
1740 1740 35
2092 2092 29
4561 4561 32
6102 6102 33
6752 6752 30
7209 7209 27
7471 7471 33
7714 7714 33
9196 9196 32
246 246 30
813 813 25
1076 1076 26
1247 1247 34
2116 2116 31
4157 4157 25
4225 4225 33
6563 6563 26
7593 7593 26
8630 8630 30
795 795 31
1317 1317 26
2067 2067 25
3862 3862 30
4801 4801 34
6308 6308 31
6649 6649 26
7996 7996 31
8222 8222 31
8307 8307 25
633 633 33
920 920 26
1161 1161 31
2048 2048 25
4384 4384 32
5240 5240 34
5980 5980 33
6477 6477 26
7502 7502 29
9116 9116 34
853 853 33
1259 1259 27
1415 1415 27
2132 2132 29
2639 2639 34
3732 3732 28
3881 3881 30
7330 7330 28
7733 7733 32
8680 8680 27
216 216 34
1561 1561 26
1747 1747 34
5451 5451 26
5876 5876 31
6558 6558 32
7462 7462 26
7580 7580 29
9146 9146 27
9646 9646 31
662 662 26
911 911 29
2620 2620 26
5263 5263 29
6332 6332 33
6473 6473 35
8971 8971 26
9336 9336 25
9462 9462 25
9484 9484 30
420 420 28
806 806 34
1867 1867 32
4024 4024 35
6634 6634 26
7719 7719 33
8191 8191 25
8447 8447 28
9207 9207 33
9740 9740 32
407 407 30
1280 1280 34
2168 2168 33
3232 3232 26
3827 3827 27
3883 3883 28
4395 4395 25
5259 5259 34
5822 5822 28
5990 5990 34
1119 1119 31
1911 1911 33
2173 2173 25
2497 2497 25
2900 2900 27
3349 3349 25
4891 4891 28
6449 6449 34
6989 6989 29
8004 8004 28
492 492 27
883 883 25
2046 2046 33
3588 3588 34
4459 4459 31
4686 4686 27
6169 6169 27
6267 6267 32
6367 6367 26
6367 6367 30
271 271 31
1052 1052 35
2066 2066 26
2804 2804 30
4321 4321 26
5358 5358 33
6867 6867 30
8872 8872 35
9562 9562 29
9998 9998 27
979 979 29
1288 1288 28
1681 1681 25
2268 2268 27
3308 3308 31
5515 5515 25
6377 6377 28
6894 6894 29
8382 8382 31
8720 8720 34
1730 1730 32
2148 2148 32
3158 3158 33
3558 3558 34
5030 5030 28
6865 6865 32
7115 7115 31
8593 8593 33
8625 8625 26
9488 9488 29
1696 1696 27
2561 2561 26
3575 3575 28
3925 3925 26
4604 4604 26
4943 4943 29
5464 5464 33
6115 6115 30
7143 7143 25
9842 9842 34
1504 1504 27
2362 2362 29
2842 2842 26
5033 5033 35
5311 5311 29
6477 6477 30
7021 7021 28
7246 7246 28
7569 7569 30
7926 7926 29
152 152 27
1482 1482 29
1834 1834 34
2179 2179 31
2925 2925 33
4812 4812 34
5237 5237 34
5768 5768 28
6436 6436 30
8851 8851 31
2943 2943 33
3587 3587 28
3807 3807 33
5397 5397 35
6817 6817 33
7350 7350 27
7801 7801 27
7833 7833 32
9037 9037 32
9790 9790 32
754 754 32
1887 1887 31
2391 2391 26
5443 5443 29
5878 5878 30
7154 7154 26
8478 8478 30
8842 8842 28
8869 8869 29
9961 9961 30
518 518 29
1171 1171 25
1373 1373 25
3667 3667 31
4333 4333 34
5333 5333 29
5418 5418 34
5663 5663 28
6016 6016 29
9477 9477 30
