1000 20 2580575
50 125 234
50 103 230
50 134 200
50 87 244
50 129 217
50 121 152
50 140 180
50 131 213
50 144 218
50 87 183
50 109 171
50 108 214
50 95 189
50 81 233
50 128 205
50 75 178
50 73 154
50 64 244
50 123 186
50 50 170
48 48 5
127 127 5
152 152 4
249 249 6
396 396 5
799 799 4
843 843 6
875 875 5
883 883 5
1070 1070 5
1912 1912 6
1984 1984 6
2147 2147 5
2317 2317 6
3311 3311 6
3346 3346 5
3491 3491 5
3906 3906 6
4128 4128 6
4326 4326 6
4473 4473 4
4509 4509 5
4702 4702 5
5000 5000 5
5341 5341 6
5414 5414 6
5486 5486 6
5567 5567 5
5721 5721 6
5977 5977 5
6091 6091 5
6366 6366 5
6567 6567 5
6855 6855 5
6899 6899 5
7028 7028 5
7077 7077 6
7088 7088 5
7497 7497 6
7528 7528 4
7814 7814 4
8083 8083 6
8934 8934 5
9053 9053 6
9145 9145 5
9209 9209 5
9269 9269 5
9511 9511 6
9917 9917 4
9943 9943 6
516 516 6
677 677 6
703 703 4
745 745 5
965 965 5
1564 1564 5
1670 1670 6
2027 2027 6
2273 2273 5
2542 2542 6
2750 2750 6
3237 3237 6
3246 3246 5
3422 3422 6
3698 3698 5
3711 3711 6
4169 4169 5
4575 4575 5
4775 4775 5
4965 4965 5
5175 5175 6
5744 5744 5
5802 5802 6
5831 5831 5
6246 6246 5
6624 6624 6
6733 6733 5
7087 7087 5
7096 7096 4
7130 7130 6
7212 7212 6
7629 7629 5
7630 7630 5
7658 7658 5
7755 7755 5
7818 7818 5
7969 7969 6
8185 8185 6
8196 8196 4
8472 8472 5
8488 8488 6
8543 8543 5
8652 8652 6
8782 8782 6
8785 8785 5
9136 9136 5
9329 9329 6
9360 9360 5
9847 9847 5
9954 9954 6
33 33 5
250 250 5
289 289 4
321 321 5
334 334 5
376 376 5
465 465 5
512 512 5
873 873 6
1025 1025 6
1171 1171 6
1382 1382 6
1434 1434 5
1667 1667 4
1963 1963 5
2223 2223 5
2674 2674 5
3093 3093 5
3141 3141 6
3601 3601 6
3605 3605 6
3661 3661 5
4147 4147 6
4420 4420 6
4479 4479 5
4665 4665 5
4717 4717 5
4898 4898 6
4913 4913 5
5048 5048 5
5145 5145 6
5530 5530 5
5609 5609 5
5657 5657 6
5756 5756 5
6425 6425 5
6537 6537 6
6639 6639 5
7107 7107 6
7386 7386 5
8579 8579 6
8619 8619 5
8976 8976 6
9034 9034 5
9332 9332 5
9374 9374 6
9448 9448 5
9641 9641 6
9747 9747 5
9953 9953 6
248 248 6
276 276 6
418 418 6
547 547 6
737 737 6
819 819 4
981 981 4
993 993 4
1316 1316 5
1528 1528 6
1734 1734 6
2169 2169 5
2311 2311 6
2322 2322 5
2740 2740 6
2826 2826 6
3572 3572 4
3743 3743 6
4116 4116 6
4156 4156 6
4367 4367 6
4391 4391 5
4518 4518 5
4648 4648 5
4657 4657 6
4853 4853 6
5044 5044 6
5109 5109 6
5255 5255 6
5676 5676 5
5988 5988 6
6109 6109 6
6171 6171 6
6323 6323 5
6360 6360 5
6392 6392 5
6445 6445 5
6713 6713 6
6795 6795 6
7227 7227 5
7719 7719 5
7740 7740 5
7939 7939 6
8612 8612 5
8689 8689 6
8901 8901 6
9037 9037 6
9347 9347 5
9708 9708 6
9787 9787 6
45 45 5
52 52 6
165 165 6
174 174 5
411 411 6
733 733 4
895 895 6
1522 1522 5
1757 1757 5
1765 1765 5
2194 2194 6
2326 2326 4
3073 3073 4
3100 3100 6
3142 3142 5
3187 3187 6
3345 3345 6
3646 3646 5
3870 3870 6
3876 3876 6
4202 4202 5
4298 4298 6
4585 4585 6
4657 4657 6
4666 4666 4
4930 4930 6
5494 5494 4
5569 5569 5
5632 5632 5
5807 5807 5
5864 5864 4
6023 6023 5
6339 6339 6
6715 6715 6
6841 6841 5
7449 7449 6
7612 7612 5
7735 7735 5
8419 8419 5
8462 8462 5
8483 8483 5
8617 8617 5
8628 8628 6
8661 8661 6
9132 9132 5
9549 9549 5
9626 9626 6
9634 9634 6
9834 9834 5
9857 9857 5
13 13 6
218 218 4
244 244 6
414 414 4
1073 1073 4
1188 1188 5
1502 1502 5
1538 1538 5
2247 2247 5
2266 2266 6
2615 2615 5
2991 2991 5
3208 3208 5
3493 3493 6
3895 3895 6
3925 3925 5
4139 4139 6
4366 4366 4
4433 4433 5
4515 4515 6
4766 4766 6
4774 4774 6
4786 4786 5
4862 4862 6
4884 4884 6
4989 4989 5
4999 4999 4
5161 5161 6
5177 5177 6
5405 5405 5
5474 5474 6
5647 5647 4
5739 5739 5
6663 6663 6
6820 6820 6
6856 6856 5
6986 6986 5
7260 7260 5
7526 7526 6
7559 7559 5
7787 7787 6
7810 7810 5
7957 7957 6
8172 8172 5
8407 8407 6
8489 8489 6
8579 8579 4
8602 8602 6
9572 9572 6
9645 9645 4
251 251 6
671 671 6
1224 1224 6
1276 1276 6
1428 1428 6
1557 1557 5
2080 2080 6
2246 2246 6
2253 2253 5
2715 2715 6
2922 2922 5
3299 3299 5
3368 3368 5
3634 3634 5
3689 3689 5
4055 4055 6
4183 4183 5
4425 4425 5
4572 4572 6
4705 4705 5
4867 4867 4
4875 4875 6
5261 5261 5
5304 5304 6
5494 5494 5
5671 5671 6
5688 5688 5
5944 5944 5
6005 6005 6
6106 6106 6
6111 6111 6
6245 6245 5
6362 6362 6
6413 6413 6
6551 6551 5
7269 7269 6
7325 7325 6
7376 7376 6
7492 7492 6
7573 7573 5
7833 7833 5
7841 7841 5
8388 8388 5
8405 8405 5
9045 9045 5
9354 9354 6
9578 9578 6
9589 9589 5
9835 9835 4
9898 9898 5
83 83 5
580 580 6
599 599 5
816 816 5
872 872 6
908 908 5
936 936 5
987 987 5
1059 1059 5
1079 1079 5
1312 1312 5
1398 1398 5
1479 1479 4
2023 2023 6
2767 2767 5
2841 2841 4
2985 2985 5
3175 3175 5
3395 3395 5
3560 3560 6
3825 3825 6
4057 4057 6
4239 4239 5
4404 4404 5
5082 5082 5
5129 5129 5
5411 5411 5
5520 5520 5
5839 5839 6
6024 6024 5
6542 6542 6
7082 7082 5
7319 7319 5
7440 7440 5
7690 7690 6
7906 7906 5
7948 7948 5
8387 8387 5
8534 8534 5
8705 8705 6
8740 8740 6
8841 8841 6
8844 8844 5
8866 8866 5
8958 8958 5
9130 9130 5
9381 9381 5
9599 9599 6
9601 9601 5
9632 9632 5
423 423 5
753 753 5
1057 1057 6
1193 1193 6
1567 1567 6
1855 1855 5
2008 2008 6
2023 2023 6
2046 2046 5
2388 2388 6
2584 2584 5
3582 3582 5
3779 3779 5
3825 3825 5
3946 3946 5
3986 3986 5
3996 3996 6
4027 4027 5
4220 4220 6
4301 4301 5
5058 5058 6
5173 5173 6
5216 5216 6
5291 5291 6
5473 5473 5
5855 5855 5
6255 6255 5
6452 6452 6
6968 6968 5
7119 7119 6
7257 7257 6
7375 7375 6
7457 7457 5
7530 7530 5
7635 7635 5
7746 7746 5
7939 7939 5
7970 7970 6
8171 8171 5
8242 8242 6
8417 8417 5
8669 8669 5
8670 8670 5
8866 8866 6
8894 8894 5
9068 9068 5
9081 9081 6
9497 9497 5
9899 9899 5
9900 9900 5
179 179 6
201 201 6
892 892 5
1083 1083 5
1165 1165 6
1299 1299 6
1389 1389 6
1755 1755 6
2049 2049 6
2089 2089 6
2124 2124 5
2174 2174 6
2392 2392 4
2444 2444 5
2571 2571 6
2750 2750 5
3016 3016 5
3030 3030 5
3193 3193 6
3209 3209 6
3274 3274 5
3450 3450 6
3650 3650 6
4056 4056 5
4173 4173 6
4303 4303 6
5113 5113 6
5318 5318 6
5465 5465 5
5502 5502 5
5546 5546 4
5644 5644 5
6182 6182 6
6260 6260 4
6392 6392 6
6703 6703 4
6910 6910 6
7267 7267 6
7444 7444 5
7467 7467 5
7796 7796 5
7973 7973 5
8206 8206 5
8218 8218 5
8345 8345 4
9158 9158 5
9191 9191 5
9237 9237 5
9451 9451 6
9779 9779 5
36 36 5
453 453 6
811 811 5
834 834 5
1248 1248 5
1672 1672 4
1747 1747 6
1963 1963 5
2246 2246 5
2367 2367 5
2503 2503 6
2627 2627 5
2813 2813 6
3116 3116 5
3117 3117 5
3209 3209 6
3694 3694 6
3747 3747 5
4607 4607 6
4691 4691 5
4750 4750 6
5245 5245 5
5279 5279 5
5299 5299 6
5656 5656 6
5713 5713 6
5868 5868 5
6112 6112 5
6631 6631 5
6808 6808 6
7245 7245 5
7523 7523 6
7571 7571 5
7588 7588 6
7856 7856 4
8028 8028 5
8243 8243 4
8539 8539 6
8595 8595 6
8625 8625 4
8654 8654 6
8824 8824 6
8849 8849 5
8969 8969 5
8977 8977 5
9237 9237 5
9258 9258 6
9698 9698 5
9827 9827 5
9967 9967 4
93 93 5
264 264 6
566 566 5
658 658 6
743 743 6
1132 1132 6
1317 1317 5
1433 1433 5
1816 1816 5
2143 2143 5
2399 2399 6
2465 2465 5
2501 2501 5
3023 3023 5
3083 3083 5
3131 3131 4
4058 4058 6
4249 4249 5
4370 4370 6
4414 4414 6
4768 4768 5
4860 4860 6
5084 5084 4
5229 5229 5
5232 5232 6
5494 5494 5
5612 5612 5
5798 5798 5
5973 5973 6
6084 6084 6
6101 6101 5
6556 6556 5
6567 6567 5
6704 6704 6
6893 6893 6
6968 6968 6
7642 7642 4
7657 7657 5
7704 7704 6
7797 7797 6
7828 7828 6
8422 8422 5
8625 8625 5
8747 8747 6
8751 8751 5
9162 9162 6
9241 9241 6
9369 9369 6
9669 9669 5
9954 9954 4
377 377 5
816 816 5
1017 1017 5
1082 1082 6
1291 1291 6
1478 1478 5
1713 1713 5
1748 1748 5
2030 2030 6
2104 2104 5
2105 2105 6
2126 2126 5
2187 2187 5
2365 2365 6
2443 2443 6
2566 2566 6
2615 2615 4
2766 2766 5
3002 3002 5
3170 3170 6
3304 3304 5
3464 3464 5
4115 4115 5
4392 4392 6
4660 4660 5
4686 4686 5
4775 4775 5
4879 4879 5
4939 4939 6
4946 4946 5
5019 5019 4
5255 5255 5
5341 5341 5
5697 5697 5
5931 5931 4
5972 5972 6
6264 6264 4
6351 6351 5
6778 6778 6
7264 7264 6
8149 8149 6
8525 8525 5
8645 8645 5
8842 8842 5
9014 9014 6
9359 9359 6
9384 9384 5
9387 9387 4
9641 9641 5
9686 9686 5
10 10 6
322 322 5
348 348 6
505 505 5
676 676 6
843 843 5
999 999 5
1149 1149 6
1389 1389 5
1580 1580 5
1810 1810 6
1952 1952 5
2370 2370 5
2381 2381 4
2630 2630 6
2746 2746 6
2956 2956 6
3095 3095 5
3822 3822 5
4340 4340 6
4423 4423 5
4480 4480 6
4537 4537 6
4686 4686 6
4858 4858 6
4954 4954 5
5196 5196 6
5214 5214 5
5226 5226 6
5325 5325 5
5781 5781 5
6660 6660 5
6701 6701 5
6798 6798 5
6810 6810 6
6856 6856 6
6862 6862 5
6925 6925 5
7154 7154 6
7279 7279 5
7625 7625 6
7705 7705 5
7710 7710 6
8096 8096 4
8186 8186 6
8749 8749 5
9070 9070 6
9451 9451 6
9515 9515 5
9848 9848 6
155 155 5
362 362 5
466 466 4
752 752 5
783 783 5
1091 1091 6
1524 1524 6
1691 1691 4
1723 1723 5
1838 1838 6
1918 1918 5
2045 2045 5
2111 2111 6
2379 2379 6
2487 2487 6
2628 2628 6
2732 2732 6
2820 2820 5
3233 3233 4
3615 3615 4
3864 3864 6
4268 4268 5
4687 4687 5
5016 5016 6
5168 5168 5
5192 5192 5
5287 5287 6
5552 5552 6
5678 5678 6
5694 5694 5
5740 5740 6
5919 5919 5
7076 7076 5
7117 7117 4
7324 7324 6
7335 7335 5
7592 7592 4
7770 7770 5
8081 8081 6
8195 8195 6
8312 8312 6
8343 8343 5
8507 8507 5
8524 8524 6
8590 8590 5
8765 8765 5
8999 8999 5
9271 9271 4
9436 9436 5
9571 9571 5
275 275 5
497 497 5
542 542 6
1076 1076 6
1335 1335 6
1474 1474 5
1608 1608 6
1642 1642 6
1768 1768 5
1859 1859 5
1983 1983 5
2045 2045 5
2093 2093 6
2160 2160 5
2348 2348 4
2747 2747 5
2752 2752 6
2874 2874 6
3352 3352 5
4306 4306 6
4799 4799 5
4809 4809 5
4832 4832 5
4959 4959 5
5264 5264 4
5687 5687 5
5758 5758 5
5956 5956 6
6438 6438 5
6683 6683 6
6768 6768 6
6850 6850 5
7061 7061 5
7105 7105 5
7116 7116 5
7270 7270 5
7436 7436 6
7843 7843 6
7939 7939 4
7949 7949 5
8057 8057 4
8218 8218 6
8384 8384 5
8600 8600 5
8621 8621 5
8637 8637 5
8853 8853 4
8939 8939 6
9004 9004 5
9921 9921 5
566 566 5
942 942 6
993 993 5
1216 1216 5
1349 1349 6
1613 1613 4
1767 1767 5
1783 1783 5
1878 1878 6
2041 2041 5
2489 2489 6
2491 2491 6
2517 2517 5
2855 2855 5
2956 2956 5
3426 3426 6
3525 3525 6
3913 3913 6
3948 3948 5
4033 4033 5
4063 4063 5
4306 4306 5
4343 4343 5
4381 4381 6
4473 4473 4
4601 4601 6
4779 4779 5
4996 4996 6
5084 5084 5
5396 5396 5
5521 5521 5
6044 6044 6
6317 6317 5
6408 6408 5
6521 6521 6
6632 6632 6
6836 6836 5
6897 6897 5
7225 7225 5
7462 7462 5
7631 7631 5
8162 8162 5
8281 8281 5
8422 8422 5
8527 8527 6
9029 9029 5
9196 9196 6
9795 9795 6
9847 9847 5
9866 9866 5
142 142 6
450 450 5
550 550 5
687 687 6
1093 1093 5
1108 1108 6
1160 1160 6
1510 1510 5
1592 1592 6
1625 1625 6
1893 1893 5
1910 1910 5
2833 2833 6
2971 2971 6
3118 3118 4
3319 3319 4
3481 3481 5
3707 3707 5
3715 3715 5
3867 3867 6
3888 3888 5
3952 3952 6
4091 4091 6
4148 4148 5
4391 4391 6
4578 4578 6
5050 5050 6
5488 5488 5
5853 5853 5
5926 5926 4
5970 5970 6
6017 6017 6
6112 6112 4
6246 6246 5
7140 7140 5
7354 7354 6
7636 7636 6
7783 7783 5
8030 8030 6
8171 8171 5
8439 8439 5
8507 8507 4
8567 8567 5
8821 8821 6
8970 8970 6
9061 9061 5
9252 9252 6
9580 9580 5
9856 9856 6
9900 9900 5
152 152 6
304 304 4
496 496 5
623 623 4
731 731 6
809 809 6
1046 1046 6
1145 1145 6
1412 1412 6
1543 1543 5
1676 1676 5
1773 1773 4
2096 2096 6
2150 2150 5
2262 2262 5
2513 2513 5
2926 2926 6
2999 2999 6
3249 3249 5
3416 3416 5
3578 3578 6
3714 3714 6
4069 4069 5
4543 4543 6
4695 4695 6
4721 4721 5
4891 4891 5
5437 5437 6
5484 5484 6
5678 5678 6
5700 5700 4
5858 5858 5
6122 6122 5
6151 6151 6
6402 6402 5
6682 6682 5
6760 6760 5
7154 7154 5
7565 7565 6
7573 7573 5
7868 7868 6
8052 8052 6
8101 8101 6
8724 8724 4
9049 9049 5
9227 9227 5
9243 9243 5
9319 9319 5
9338 9338 5
9888 9888 5
45 45 5
414 414 5
421 421 5
776 776 6
888 888 6
941 941 5
1339 1339 5
1352 1352 5
1395 1395 4
1600 1600 6
1853 1853 6
2051 2051 5
2462 2462 5
2512 2512 6
2638 2638 5
2685 2685 5
2751 2751 5
3047 3047 6
3081 3081 5
3987 3987 6
4166 4166 6
4268 4268 6
4529 4529 5
4686 4686 5
4704 4704 5
4955 4955 4
5129 5129 6
5165 5165 5
5273 5273 6
5512 5512 6
5608 5608 5
5680 5680 6
5771 5771 6
6369 6369 6
6400 6400 6
6476 6476 5
6603 6603 5
6657 6657 6
6736 6736 5
6907 6907 6
7448 7448 5
7612 7612 6
8069 8069 5
8076 8076 5
8666 8666 6
8668 8668 5
8795 8795 4
9700 9700 5
9777 9777 6
9990 9990 5
