1000 500 2255029
2 101 233
2 73 164
2 138 232
2 122 153
2 60 222
2 67 232
2 72 188
2 124 219
2 121 225
2 61 229
2 146 228
2 99 169
2 90 244
2 98 236
2 100 201
2 149 191
2 65 165
2 113 185
2 133 222
2 119 159
2 133 193
2 83 178
2 74 191
2 64 210
2 54 206
2 127 183
2 148 247
2 55 226
2 137 183
2 91 169
2 150 176
2 54 193
2 124 156
2 81 168
2 55 203
2 137 158
2 124 233
2 62 248
2 138 210
2 90 206
2 101 207
2 59 150
2 146 176
2 59 249
2 146 202
2 51 224
2 149 184
2 53 199
2 120 186
2 139 231
2 101 222
2 105 225
2 135 222
2 131 192
2 72 165
2 67 189
2 57 165
2 112 166
2 92 234
2 62 202
2 63 239
2 68 161
2 133 233
2 117 206
2 87 233
2 123 232
2 61 188
2 59 246
2 79 179
2 52 165
2 70 151
2 138 162
2 59 172
2 149 191
2 143 176
2 112 225
2 61 164
2 93 174
2 137 169
2 141 182
2 134 178
2 150 164
2 94 209
2 70 224
2 63 175
2 150 190
2 134 240
2 149 239
2 94 192
2 94 155
2 117 197
2 65 193
2 150 219
2 51 219
2 126 233
2 129 175
2 54 180
2 121 169
2 115 229
2 133 150
2 82 192
2 121 247
2 103 211
2 138 193
2 132 246
2 96 210
2 113 173
2 93 224
2 110 240
2 123 226
2 125 170
2 57 158
2 132 170
2 100 157
2 89 250
2 107 158
2 102 178
2 50 160
2 84 191
2 141 204
2 58 235
2 135 247
2 70 156
2 52 153
2 59 212
2 144 167
2 149 221
2 113 160
2 138 200
2 65 184
2 60 177
2 58 248
2 75 188
2 53 175
2 105 174
2 56 233
2 68 174
2 50 199
2 100 151
2 52 156
2 80 176
2 125 167
2 145 193
2 137 244
2 55 245
2 130 205
2 50 185
2 93 161
2 96 150
2 63 249
2 125 235
2 137 181
2 114 165
2 144 187
2 88 249
2 148 174
2 135 168
2 148 248
2 98 183
2 75 178
2 70 222
2 74 240
2 122 247
2 109 233
2 144 231
2 84 242
2 134 159
2 102 181
2 91 237
2 131 161
2 68 162
2 132 153
2 131 218
2 85 190
2 128 226
2 53 192
2 118 156
2 145 196
2 67 250
2 143 159
2 100 160
2 64 211
2 51 174
2 54 188
2 84 233
2 129 218
2 75 182
2 50 161
2 83 250
2 144 221
2 125 183
2 104 207
2 55 161
2 99 165
2 135 202
2 109 220
2 65 227
2 141 202
2 94 216
2 91 158
2 137 179
2 112 153
2 65 222
2 107 188
2 64 232
2 56 222
2 67 155
2 137 240
2 106 156
2 58 150
2 71 213
2 51 231
2 110 231
2 81 246
2 99 207
2 103 233
2 101 212
2 63 167
2 98 164
2 82 236
2 141 232
2 59 238
2 57 187
2 70 235
2 116 181
2 79 202
2 76 165
2 58 248
2 105 151
2 108 248
2 123 213
2 131 165
2 141 238
2 134 164
2 93 223
2 120 206
2 90 211
2 135 235
2 116 151
2 72 224
2 65 245
2 99 182
2 50 154
2 140 177
2 133 174
2 132 221
2 125 204
2 137 152
2 103 247
2 140 197
2 150 172
2 108 198
2 110 159
2 53 209
2 120 226
2 119 201
2 84 214
2 64 189
2 75 221
2 117 234
2 101 209
2 54 205
2 97 213
2 54 245
2 88 158
2 116 219
2 138 192
2 149 166
2 115 204
2 129 166
2 109 218
2 108 169
2 60 178
2 66 228
2 101 155
2 127 182
2 94 150
2 144 186
2 110 217
2 140 210
2 144 178
2 106 162
2 101 194
2 131 154
2 81 168
2 52 179
2 75 156
2 70 181
2 95 156
2 55 241
2 89 152
2 64 194
2 70 225
2 145 175
2 114 238
2 141 190
2 75 173
2 84 195
2 111 190
2 127 219
2 73 202
2 61 192
2 150 154
2 142 180
2 143 189
2 102 237
2 98 177
2 91 166
2 111 240
2 105 242
2 145 205
2 94 167
2 135 164
2 134 241
2 150 161
2 50 229
2 59 158
2 105 159
2 105 162
2 135 153
2 147 247
2 150 226
2 142 207
2 133 207
2 147 246
2 66 230
2 148 170
2 141 179
2 111 165
2 116 216
2 132 169
2 85 245
2 64 169
2 88 153
2 133 163
2 59 246
2 103 211
2 101 213
2 132 197
2 107 249
2 105 211
2 82 158
2 70 235
2 108 204
2 93 202
2 146 155
2 148 186
2 92 151
2 137 189
2 98 213
2 149 214
2 78 250
2 82 250
2 120 221
2 51 236
2 85 154
2 65 237
2 93 192
2 111 196
2 84 214
2 70 207
2 130 183
2 127 221
2 102 212
2 142 169
2 89 179
2 113 193
2 123 183
2 57 151
2 144 196
2 132 188
2 57 190
2 72 188
2 92 155
2 75 171
2 80 222
2 141 228
2 95 158
2 100 175
2 51 192
2 106 167
2 70 238
2 134 233
2 128 246
2 108 239
2 68 193
2 117 225
2 64 231
2 92 198
2 80 155
2 63 181
2 78 231
2 82 151
2 89 170
2 134 191
2 127 150
2 143 209
2 84 185
2 65 160
2 85 177
2 89 178
2 98 165
2 130 231
2 97 204
2 88 158
2 84 177
2 137 241
2 100 230
2 108 189
2 146 218
2 118 247
2 95 168
2 135 159
2 80 183
2 128 217
2 50 184
2 132 175
2 148 187
2 138 182
2 98 238
2 59 244
2 112 170
2 66 244
2 92 163
2 109 237
2 145 220
2 121 205
2 78 167
2 142 234
2 136 231
2 126 180
2 75 233
2 57 219
2 118 172
2 107 150
2 127 169
2 69 210
2 90 221
2 93 207
2 124 235
2 130 244
2 54 175
2 106 197
2 148 180
2 76 195
2 68 216
2 74 164
2 149 238
2 139 205
2 138 212
2 93 218
2 114 161
2 85 237
2 88 177
2 79 199
2 123 171
2 110 164
2 141 179
2 100 168
2 79 242
2 54 184
2 53 178
2 119 208
2 123 203
2 109 234
2 134 218
2 136 223
2 63 164
2 53 220
2 139 202
2 139 165
2 121 165
2 119 185
2 143 202
2 90 167
2 148 188
2 140 160
2 98 218
2 68 177
2 131 183
2 104 164
2 53 245
2 74 190
2 66 203
2 114 205
2 111 219
2 115 246
2 109 242
2 86 198
2 114 180
2 122 216
2 111 161
2 82 180
2 91 237
2 103 198
2 122 159
2 123 229
2 131 150
2 124 155
2 87 189
4597 4597 171
9507 9507 167
7154 7154 160
9183 9183 162
4227 4227 158
6121 6121 145
2478 2478 153
8021 8021 153
1063 1063 179
5394 5394 157
80 80 175
8794 8794 189
3797 3797 141
7971 7971 177
1431 1431 176
8591 8591 157
2192 2192 173
8787 8787 189
680 680 154
4332 4332 180
5178 5178 159
5505 5505 164
5004 5004 158
9028 9028 141
1387 1387 164
6585 6585 160
2721 2721 168
9926 9926 190
2317 2317 161
9252 9252 140
7908 7908 152
9045 9045 178
6055 6055 165
6164 6164 165
5540 5540 153
8175 8175 168
5784 5784 176
8824 8824 187
970 970 159
4000 4000 159
5243 5243 153
7769 7769 144
1849 1849 178
8885 8885 154
5332 5332 179
5737 5737 178
5775 5775 181
8402 8402 144
6720 6720 142
8683 8683 150
2274 2274 183
6174 6174 183
5481 5481 163
8810 8810 182
2811 2811 152
3424 3424 144
1769 1769 172
4232 4232 173
6679 6679 169
9129 9129 155
2855 2855 142
9102 9102 159
2023 2023 145
8699 8699 147
3144 3144 156
4992 4992 156
2882 2882 168
8876 8876 158
1727 1727 144
3733 3733 173
5984 5984 145
8650 8650 140
955 955 191
9846 9846 159
6990 6990 191
8495 8495 181
1235 1235 184
5517 5517 149
688 688 141
1325 1325 150
3119 3119 177
6004 6004 152
863 863 150
5568 5568 143
3357 3357 170
8288 8288 147
5456 5456 181
6534 6534 145
2582 2582 142
8048 8048 186
828 828 153
1025 1025 193
1136 1136 142
4988 4988 167
6190 6190 170
8875 8875 189
6551 6551 186
9093 9093 185
125 125 159
6248 6248 166
5967 5967 142
6047 6047 161
2034 2034 164
4660 4660 142
1961 1961 176
3836 3836 151
4197 4197 192
8773 8773 192
2917 2917 165
6638 6638 165
9400 9400 176
9598 9598 184
632 632 165
8192 8192 165
3171 3171 166
7987 7987 143
3124 3124 164
6481 6481 193
2077 2077 187
5848 5848 141
297 297 161
3455 3455 178
1352 1352 161
8892 8892 161
3692 3692 152
4737 4737 152
8597 8597 181
9927 9927 176
2502 2502 152
5676 5676 170
1288 1288 184
8219 8219 175
2602 2602 157
8124 8124 182
1155 1155 140
1677 1677 161
5568 5568 143
7117 7117 179
2819 2819 152
8947 8947 165
4164 4164 151
8728 8728 151
5449 5449 159
8653 8653 162
2272 2272 159
8343 8343 172
2813 2813 189
5296 5296 180
3962 3962 143
7472 7472 148
4379 4379 145
9671 9671 144
5396 5396 164
9875 9875 140
1135 1135 158
6612 6612 148
1929 1929 154
2035 2035 169
5041 5041 182
9719 9719 182
1070 1070 140
9271 9271 140
3689 3689 164
9268 9268 152
2217 2217 195
4901 4901 173
4987 4987 140
7076 7076 194
1843 1843 175
3235 3235 163
4707 4707 167
7798 7798 142
5102 5102 158
8374 8374 180
3612 3612 193
8374 8374 154
64 64 164
3744 3744 160
1820 1820 142
6967 6967 155
9048 9048 196
9580 9580 171
4170 4170 142
9674 9674 193
3293 3293 151
6203 6203 171
610 610 157
7531 7531 167
2111 2111 150
9321 9321 178
2029 2029 170
7742 7742 175
575 575 150
5700 5700 166
3395 3395 159
8238 8238 168
1419 1419 175
5136 5136 151
2558 2558 150
6347 6347 150
1640 1640 163
8251 8251 186
7365 7365 145
8089 8089 171
3269 3269 148
6865 6865 185
35 35 184
4106 4106 151
2047 2047 177
5713 5713 169
1913 1913 161
7969 7969 177
1920 1920 168
5884 5884 173
3079 3079 161
7161 7161 145
2461 2461 178
2558 2558 182
1181 1181 155
2119 2119 186
5233 5233 170
7929 7929 154
1620 1620 158
6945 6945 158
2952 2952 148
7743 7743 155
2790 2790 157
5095 5095 157
6754 6754 186
8002 8002 151
5533 5533 151
8105 8105 158
4509 4509 141
7280 7280 152
5055 5055 160
5194 5194 143
6634 6634 191
9383 9383 150
1827 1827 145
7897 7897 194
44 44 142
9314 9314 172
1174 1174 191
5259 5259 173
2055 2055 156
4145 4145 141
2382 2382 153
9366 9366 153
6636 6636 153
8160 8160 152
3016 3016 167
7757 7757 164
3094 3094 186
8898 8898 150
989 989 152
5015 5015 160
1967 1967 187
9231 9231 184
7682 7682 143
8909 8909 150
540 540 177
9011 9011 177
3473 3473 178
8223 8223 160
1565 1565 164
7530 7530 159
1409 1409 150
7356 7356 143
2154 2154 174
3072 3072 173
2909 2909 177
4678 4678 195
2226 2226 174
7117 7117 161
9207 9207 186
9443 9443 170
506 506 151
3947 3947 151
2406 2406 147
4445 4445 156
2729 2729 176
5661 5661 176
6607 6607 167
7928 7928 151
964 964 140
8424 8424 153
7008 7008 196
8463 8463 157
6749 6749 181
7933 7933 161
2696 2696 168
3532 3532 159
1065 1065 144
3612 3612 185
4676 4676 161
6038 6038 161
5093 5093 150
6209 6209 150
3226 3226 175
8094 8094 190
7635 7635 153
8491 8491 157
865 865 181
6883 6883 181
484 484 144
2804 2804 165
7571 7571 169
7848 7848 141
2635 2635 147
6419 6419 172
121 121 143
1384 1384 174
6804 6804 163
9155 9155 168
5197 5197 171
8142 8142 190
193 193 158
3328 3328 183
2457 2457 149
9294 9294 178
2302 2302 175
5565 5565 163
956 956 177
9040 9040 193
1423 1423 142
6635 6635 149
3992 3992 141
5957 5957 181
6766 6766 177
9896 9896 163
4746 4746 180
9156 9156 142
3342 3342 159
9183 9183 159
2118 2118 169
8518 8518 181
4189 4189 145
4447 4447 180
2196 2196 151
9483 9483 148
2222 2222 162
8483 8483 162
1226 1226 153
2061 2061 153
395 395 164
1229 1229 168
5933 5933 158
9954 9954 151
4075 4075 143
7448 7448 141
2669 2669 182
4518 4518 192
4136 4136 147
6304 6304 149
1418 1418 186
1659 1659 189
9036 9036 175
9771 9771 143
8201 8201 151
9650 9650 159
1791 1791 150
2685 2685 150
1767 1767 144
7480 7480 187
4291 4291 174
7344 7344 174
3880 3880 157
8943 8943 164
577 577 151
7218 7218 189
2604 2604 162
5626 5626 157
1091 1091 182
3377 3377 182
628 628 155
8662 8662 159
1652 1652 158
7943 7943 158
2504 2504 189
9734 9734 161
4227 4227 143
9838 9838 183
2457 2457 179
9300 9300 168
2005 2005 161
7698 7698 161
1288 1288 165
9467 9467 165
2929 2929 172
6504 6504 173
125 125 191
652 652 186
2500 2500 149
9750 9750 180
4704 4704 178
7186 7186 168
3471 3471 186
4852 4852 190
196 196 152
212 212 158
2483 2483 140
4905 4905 179
7049 7049 153
7944 7944 153
826 826 145
3661 3661 188
2704 2704 167
7202 7202 176
4951 4951 188
5912 5912 182
4346 4346 147
6339 6339 140
2730 2730 155
8215 8215 155
3637 3637 148
8828 8828 175
6701 6701 143
9462 9462 156
8618 8618 150
8797 8797 150
1648 1648 171
4184 4184 169
4153 4153 182
5878 5878 191
838 838 145
3923 3923 153
3252 3252 145
5897 5897 151
3609 3609 169
5584 5584 142
3305 3305 160
9701 9701 149
2827 2827 160
5400 5400 148
568 568 167
7663 7663 167
1098 1098 164
9748 9748 164
3752 3752 143
9018 9018 142
3525 3525 168
8662 8662 187
4599 4599 148
4769 4769 153
3373 3373 187
9184 9184 187
4814 4814 153
8560 8560 142
1892 1892 159
9143 9143 175
3336 3336 166
4691 4691 158
2011 2011 165
2310 2310 152
3952 3952 147
6097 6097 155
385 385 151
3122 3122 151
4117 4117 175
9345 9345 151
6207 6207 185
8785 8785 166
3530 3530 148
6711 6711 153
3513 3513 150
9207 9207 180
7287 7287 164
8472 8472 164
3174 3174 152
4749 4749 190
4270 4270 145
6652 6652 184
6407 6407 164
9125 9125 161
2609 2609 163
5274 5274 145
1929 1929 151
2389 2389 151
770 770 162
8901 8901 164
3537 3537 189
6328 6328 143
2939 2939 182
3806 3806 157
4000 4000 154
6438 6438 154
3713 3713 144
8100 8100 153
2329 2329 174
5551 5551 174
1914 1914 180
4505 4505 179
2833 2833 187
6028 6028 144
1069 1069 152
8626 8626 152
1681 1681 190
8303 8303 170
511 511 153
2823 2823 191
1280 1280 140
4560 4560 172
8220 8220 142
8705 8705 155
7339 7339 159
8806 8806 143
6650 6650 163
9859 9859 144
2970 2970 184
8560 8560 180
5943 5943 178
7207 7207 159
340 340 152
1602 1602 162
4008 4008 189
9152 9152 149
5568 5568 172
6185 6185 161
6959 6959 172
9402 9402 191
61 61 143
8210 8210 188
721 721 160
3794 3794 194
118 118 154
8029 8029 155
3824 3824 177
8209 8209 167
3669 3669 140
6354 6354 158
629 629 176
1589 1589 191
6027 6027 155
6768 6768 192
5038 5038 145
6101 6101 166
2071 2071 187
5326 5326 140
6898 6898 164
9563 9563 160
3833 3833 187
5217 5217 148
175 175 169
624 624 148
2842 2842 176
3577 3577 166
1065 1065 140
5232 5232 161
968 968 140
6219 6219 152
405 405 161
3110 3110 182
675 675 150
9773 9773 150
2438 2438 182
4040 4040 142
5185 5185 160
8536 8536 147
1035 1035 153
6876 6876 152
176 176 147
461 461 170
7045 7045 161
7828 7828 162
21 21 190
1102 1102 157
8543 8543 143
9331 9331 154
3891 3891 168
6653 6653 168
2201 2201 179
8934 8934 172
5157 5157 156
9658 9658 156
1308 1308 181
5934 5934 181
7124 7124 156
8810 8810 156
4807 4807 142
6450 6450 189
892 892 152
8965 8965 152
6665 6665 143
9415 9415 187
651 651 188
1003 1003 140
4409 4409 163
6347 6347 159
1820 1820 184
6608 6608 185
3183 3183 177
5778 5778 152
4587 4587 173
6303 6303 171
183 183 195
9827 9827 147
6805 6805 182
9014 9014 154
2312 2312 161
6663 6663 194
3150 3150 191
6345 6345 142
3032 3032 176
4281 4281 140
2345 2345 154
9625 9625 152
6062 6062 168
8390 8390 175
4708 4708 179
8962 8962 144
5216 5216 170
8445 8445 153
4574 4574 164
6824 6824 145
1791 1791 166
3989 3989 166
8530 8530 176
9337 9337 186
904 904 155
7090 7090 168
2565 2565 148
4959 4959 188
3763 3763 167
6905 6905 162
1443 1443 155
3333 3333 164
4804 4804 185
9593 9593 189
1059 1059 149
9878 9878 160
2205 2205 166
6433 6433 175
5079 5079 158
9366 9366 144
7492 7492 158
9951 9951 159
1598 1598 160
7359 7359 162
4756 4756 153
7523 7523 153
8018 8018 171
8197 8197 185
88 88 154
2999 2999 157
3506 3506 191
9480 9480 177
3275 3275 163
4170 4170 140
6700 6700 189
7899 7899 147
2775 2775 166
7419 7419 175
1887 1887 170
9441 9441 170
4273 4273 179
4785 4785 179
76 76 140
2815 2815 165
5487 5487 172
6323 6323 179
1581 1581 169
3393 3393 151
5539 5539 159
8846 8846 144
5236 5236 169
9719 9719 166
1287 1287 153
6701 6701 141
4316 4316 157
4683 4683 163
324 324 177
4383 4383 193
1513 1513 160
5631 5631 159
3822 3822 181
9766 9766 171
3352 3352 189
5081 5081 176
2788 2788 153
6034 6034 180
6203 6203 185
7897 7897 140
152 152 158
593 593 144
103 103 150
7225 7225 173
4332 4332 187
5147 5147 178
859 859 194
2894 2894 178
6970 6970 155
9104 9104 147
4947 4947 186
9580 9580 175
1186 1186 141
4472 4472 151
6252 6252 175
9328 9328 182
2545 2545 166
2706 2706 149
4590 4590 152
5701 5701 196
1253 1253 141
7995 7995 195
1324 1324 162
4782 4782 155
80 80 171
7388 7388 154
3723 3723 177
8583 8583 173
4474 4474 154
8151 8151 154
478 478 154
9725 9725 161
6490 6490 192
7763 7763 169
2927 2927 161
4796 4796 170
243 243 144
4712 4712 168
1430 1430 162
2240 2240 170
3984 3984 183
8055 8055 166
2080 2080 191
4283 4283 144
1712 1712 171
5852 5852 166
2576 2576 169
2751 2751 169
7654 7654 154
8734 8734 147
2220 2220 147
6031 6031 193
975 975 150
4726 4726 179
3256 3256 151
7567 7567 151
1487 1487 196
3980 3980 169
4327 4327 152
6179 6179 182
4093 4093 163
9505 9505 179
6980 6980 151
9690 9690 167
1786 1786 155
2909 2909 155
3001 3001 171
9785 9785 171
2895 2895 149
2933 2933 151
1143 1143 162
4092 4092 171
3774 3774 158
9202 9202 150
369 369 150
402 402 169
1175 1175 152
3110 3110 177
5606 5606 167
8422 8422 167
340 340 169
9367 9367 191
3567 3567 159
4044 4044 190
236 236 160
6686 6686 160
1037 1037 194
7238 7238 159
4706 4706 152
6396 6396 147
44 44 172
4597 4597 196
4379 4379 151
9102 9102 179
3968 3968 194
6673 6673 163
2887 2887 148
3965 3965 155
3912 3912 154
8792 8792 144
3952 3952 172
8010 8010 168
5224 5224 151
9264 9264 151
2852 2852 170
2923 2923 162
9492 9492 142
9771 9771 160
3099 3099 150
7800 7800 145
2908 2908 180
7759 7759 187
7483 7483 185
9462 9462 161
5152 5152 160
5523 5523 160
3848 3848 177
3971 3971 159
353 353 158
4738 4738 145
2450 2450 154
2805 2805 143
4436 4436 172
7472 7472 177
2509 2509 177
7526 7526 168
157 157 158
3800 3800 150
4196 4196 177
8203 8203 177
4411 4411 171
7412 7412 149
7429 7429 169
8332 8332 191
2587 2587 145
4001 4001 175
5116 5116 153
7516 7516 140
3909 3909 147
6339 6339 160
3395 3395 148
6923 6923 148
5705 5705 159
5731 5731 159
5490 5490 180
8109 8109 166
1773 1773 151
5155 5155 155
745 745 184
7009 7009 184
3623 3623 167
4251 4251 158
493 493 153
9288 9288 141
1393 1393 158
6207 6207 150
779 779 157
9378 9378 144
8647 8647 164
9391 9391 142
6429 6429 149
7951 7951 170
4553 4553 170
9223 9223 143
2919 2919 144
8759 8759 163
1399 1399 168
4823 4823 140
2842 2842 184
7426 7426 158
3532 3532 147
4833 4833 180
789 789 167
6032 6032 167
350 350 145
6823 6823 152
5948 5948 159
7167 7167 148
2145 2145 180
4029 4029 179
1362 1362 152
8926 8926 184
2081 2081 148
9816 9816 161
2969 2969 172
8986 8986 149
3653 3653 145
6602 6602 150
3550 3550 169
4722 4722 160
6007 6007 173
9736 9736 168
2088 2088 188
6694 6694 150
13 13 145
8181 8181 158
4381 4381 173
7046 7046 177
5597 5597 163
6225 6225 160
3768 3768 175
4497 4497 175
3521 3521 147
6825 6825 190
2217 2217 143
6838 6838 180
7264 7264 173
7740 7740 185
3195 3195 195
8657 8657 186
68 68 160
9461 9461 164
4489 4489 168
9745 9745 144
2921 2921 159
7833 7833 179
5984 5984 178
9113 9113 179
2193 2193 148
4479 4479 175
599 599 150
8100 8100 150
7234 7234 188
7639 7639 175
6051 6051 157
9736 9736 173
2973 2973 187
6391 6391 189
3148 3148 145
4235 4235 163
3552 3552 153
5648 5648 149
2595 2595 153
9272 9272 145
6773 6773 145
6888 6888 164
2009 2009 194
6901 6901 162
4598 4598 160
4798 4798 154
813 813 168
4352 4352 178
2171 2171 187
8717 8717 160
1632 1632 152
6451 6451 195
7031 7031 177
9582 9582 195
8122 8122 177
8466 8466 184
5594 5594 190
8363 8363 188
984 984 157
2263 2263 164
4989 4989 168
6741 6741 167
484 484 141
2865 2865 196
1748 1748 165
6092 6092 157
2155 2155 162
5336 5336 165
1023 1023 185
6832 6832 153
1530 1530 194
8550 8550 157
9384 9384 164
9627 9627 162
4796 4796 168
4882 4882 188
2030 2030 160
4237 4237 142
1301 1301 186
5480 5480 163
511 511 177
8640 8640 167
2149 2149 151
6808 6808 154
3098 3098 164
7732 7732 154
3564 3564 150
5988 5988 168
3336 3336 154
4142 4142 190
2492 2492 160
8145 8145 194
1474 1474 190
5651 5651 166
3194 3194 170
7586 7586 140
212 212 180
3882 3882 175
4381 4381 141
8452 8452 181
5954 5954 162
6232 6232 166
5290 5290 180
6548 6548 166
308 308 180
5609 5609 195
3059 3059 161
8932 8932 161
213 213 179
7715 7715 160
3239 3239 196
7256 7256 151
5294 5294 164
8890 8890 152
8954 8954 159
9433 9433 159
2985 2985 186
9834 9834 169
8158 8158 147
8868 8868 150
5587 5587 141
6692 6692 150
4809 4809 189
8290 8290 186
