100 20 28238
5 61 246
5 133 173
5 107 248
5 114 209
5 132 246
5 107 229
5 108 192
5 52 201
5 124 196
5 71 246
5 103 219
5 147 186
5 74 230
5 128 159
5 107 177
5 140 169
5 118 231
5 90 223
5 144 182
5 114 172
290 290 49
330 330 54
354 354 57
854 854 57
941 941 60
318 318 51
366 366 50
389 389 51
492 492 54
534 534 54
78 78 64
468 468 48
562 562 59
562 562 60
775 775 52
210 210 64
309 309 65
367 367 58
723 723 54
830 830 56
43 43 60
159 159 57
241 241 52
351 351 57
995 995 55
5 5 66
596 596 65
721 721 59
728 728 53
925 925 57
375 375 59
613 613 63
675 675 53
841 841 64
867 867 59
280 280 48
356 356 48
502 502 48
680 680 49
799 799 50
345 345 62
533 533 55
537 537 66
885 885 66
997 997 53
135 135 64
425 425 66
500 500 56
918 918 48
930 930 51
354 354 54
490 490 65
692 692 54
950 950 63
980 980 67
108 108 66
348 348 64
444 444 62
477 477 67
586 586 50
200 200 51
774 774 64
826 826 49
833 833 59
937 937 66
91 91 64
180 180 55
346 346 64
869 869 48
874 874 58
108 108 64
158 158 59
541 541 55
942 942 54
996 996 50
62 62 53
452 452 67
591 591 55
689 689 66
691 691 48
426 426 54
464 464 60
698 698 49
715 715 50
723 723 63
51 51 56
241 241 66
277 277 66
811 811 67
870 870 66
426 426 53
444 444 55
531 531 66
737 737 52
892 892 66
160 160 53
535 535 49
644 644 67
928 928 52
976 976 61
