1000 20 2440452
50 59 211
50 108 167
50 140 212
50 142 185
50 129 190
50 59 213
50 100 248
50 69 166
50 91 231
50 67 154
50 73 208
50 60 197
50 102 173
50 132 191
50 104 239
50 125 155
50 123 219
50 88 247
50 106 234
50 138 207
26 26 7
430 430 5
553 553 6
853 853 6
905 905 7
928 928 6
1217 1217 6
1342 1342 5
1520 1520 6
1801 1801 6
1852 1852 6
1879 1879 5
2226 2226 5
2701 2701 6
2763 2763 6
3050 3050 5
3152 3152 6
3194 3194 6
3254 3254 5
3390 3390 6
3445 3445 5
4478 4478 6
4620 4620 6
4943 4943 7
5034 5034 6
5179 5179 5
5610 5610 6
6418 6418 5
6467 6467 5
6622 6622 6
6737 6737 7
6787 6787 7
6987 6987 5
7058 7058 6
7109 7109 6
7135 7135 6
7253 7253 6
7375 7375 6
7738 7738 7
7790 7790 5
8011 8011 6
8121 8121 6
8124 8124 6
8563 8563 6
8587 8587 6
8599 8599 6
9203 9203 6
9285 9285 6
9312 9312 5
9497 9497 7
6 6 6
36 36 6
152 152 5
186 186 6
451 451 5
490 490 6
863 863 6
1179 1179 5
1265 1265 5
1433 1433 5
1482 1482 5
1799 1799 6
2645 2645 7
3048 3048 5
3187 3187 6
3226 3226 7
3276 3276 6
3434 3434 6
3836 3836 6
3845 3845 6
4002 4002 5
4032 4032 5
4280 4280 5
4298 4298 5
5390 5390 5
5810 5810 5
6657 6657 5
7024 7024 6
7182 7182 6
7203 7203 5
7358 7358 5
7441 7441 6
7530 7530 6
7588 7588 6
7958 7958 5
8097 8097 6
8170 8170 6
8340 8340 7
8344 8344 6
8609 8609 5
8647 8647 5
8781 8781 5
8837 8837 5
9156 9156 6
9241 9241 5
9257 9257 6
9316 9316 7
9845 9845 5
9846 9846 6
9873 9873 5
126 126 6
184 184 6
375 375 5
726 726 6
732 732 6
830 830 5
1008 1008 6
1291 1291 6
1621 1621 5
1995 1995 6
2114 2114 6
2148 2148 6
2320 2320 6
2343 2343 7
2444 2444 5
2566 2566 6
2932 2932 6
3094 3094 5
3188 3188 5
3592 3592 5
4232 4232 5
4243 4243 5
4472 4472 5
4634 4634 5
4958 4958 5
5243 5243 6
5530 5530 6
5559 5559 6
5576 5576 7
5651 5651 5
5728 5728 6
6022 6022 5
6334 6334 5
6508 6508 6
6676 6676 6
6687 6687 5
6834 6834 5
7016 7016 7
7416 7416 6
7563 7563 7
7790 7790 6
7921 7921 5
8361 8361 6
8576 8576 6
8583 8583 5
8711 8711 6
8906 8906 6
9570 9570 6
9598 9598 6
9916 9916 6
123 123 5
201 201 6
281 281 6
382 382 5
454 454 6
760 760 6
888 888 5
945 945 5
1084 1084 5
1178 1178 6
1804 1804 6
2131 2131 6
2209 2209 5
2312 2312 6
2382 2382 7
2579 2579 6
2591 2591 5
2725 2725 6
2763 2763 5
3021 3021 6
3066 3066 7
3134 3134 5
3275 3275 6
3423 3423 5
3644 3644 6
3661 3661 5
3852 3852 5
3951 3951 7
5691 5691 6
5834 5834 7
5941 5941 6
5942 5942 6
6115 6115 5
6334 6334 6
6350 6350 6
6766 6766 5
6996 6996 5
7080 7080 5
7165 7165 6
7510 7510 6
7798 7798 5
8613 8613 5
8633 8633 6
8726 8726 6
8743 8743 6
8884 8884 6
8936 8936 6
9024 9024 6
9260 9260 6
9954 9954 7
972 972 7
986 986 7
1080 1080 6
1148 1148 6
1179 1179 6
1733 1733 6
1793 1793 7
1935 1935 5
1987 1987 6
2025 2025 7
2101 2101 6
2233 2233 6
2274 2274 5
2778 2778 6
3074 3074 6
3162 3162 6
3188 3188 6
3203 3203 6
3557 3557 7
3995 3995 6
4058 4058 6
4152 4152 6
4465 4465 6
4495 4495 6
4682 4682 6
4792 4792 5
5436 5436 6
5591 5591 5
6242 6242 7
6263 6263 5
6270 6270 5
6539 6539 5
6999 6999 6
7155 7155 7
7219 7219 7
7463 7463 5
7496 7496 7
7536 7536 7
7676 7676 5
7857 7857 5
8462 8462 5
8580 8580 5
9042 9042 5
9046 9046 6
9209 9209 5
9467 9467 6
9601 9601 5
9605 9605 6
9716 9716 6
9983 9983 5
33 33 7
36 36 6
550 550 6
555 555 6
672 672 6
702 702 6
768 768 5
853 853 6
875 875 6
1069 1069 5
1169 1169 5
1433 1433 7
1525 1525 5
1615 1615 5
2043 2043 5
2107 2107 6
2266 2266 6
2497 2497 6
2683 2683 5
2686 2686 6
3273 3273 6
3446 3446 5
3944 3944 6
4181 4181 6
4333 4333 6
4366 4366 6
4732 4732 5
5047 5047 7
5121 5121 5
5181 5181 5
5222 5222 6
5396 5396 6
5485 5485 6
5526 5526 6
5545 5545 5
5994 5994 7
6075 6075 6
6288 6288 5
7040 7040 5
7148 7148 5
7196 7196 6
7228 7228 6
7344 7344 5
7986 7986 5
8062 8062 5
8555 8555 5
8575 8575 6
8656 8656 5
9438 9438 7
9820 9820 5
78 78 5
368 368 6
639 639 7
701 701 5
760 760 6
1114 1114 5
1147 1147 6
1885 1885 6
2148 2148 6
2155 2155 5
2669 2669 5
2732 2732 5
2829 2829 6
2863 2863 6
3104 3104 6
3159 3159 7
3352 3352 5
3385 3385 5
3466 3466 5
3478 3478 7
3507 3507 5
3810 3810 5
3881 3881 6
4146 4146 6
4155 4155 5
4505 4505 6
4656 4656 6
4905 4905 5
5474 5474 7
5519 5519 7
5755 5755 5
5878 5878 6
5973 5973 5
6271 6271 6
6325 6325 5
6560 6560 6
7353 7353 6
7677 7677 5
7740 7740 6
7816 7816 6
8031 8031 6
8138 8138 5
8187 8187 6
8518 8518 5
8897 8897 6
9056 9056 6
9065 9065 6
9180 9180 5
9794 9794 6
9844 9844 5
244 244 5
333 333 6
371 371 6
632 632 6
668 668 6
737 737 6
810 810 7
1006 1006 5
1097 1097 5
1261 1261 6
1338 1338 5
1745 1745 6
2055 2055 6
2293 2293 6
2545 2545 6
2553 2553 5
3092 3092 5
3140 3140 5
3148 3148 6
4193 4193 6
4565 4565 5
4590 4590 5
4664 4664 6
4677 4677 6
4847 4847 7
4856 4856 6
4910 4910 5
5084 5084 5
5528 5528 6
5627 5627 6
5632 5632 5
5810 5810 7
5940 5940 7
5979 5979 6
6290 6290 5
6422 6422 5
6549 6549 6
6555 6555 6
7143 7143 6
7144 7144 6
7633 7633 6
7730 7730 6
8104 8104 5
8490 8490 5
8524 8524 6
8949 8949 6
9109 9109 5
9192 9192 5
9228 9228 6
9392 9392 6
496 496 6
656 656 6
1175 1175 6
1549 1549 6
1667 1667 5
1703 1703 5
1822 1822 6
2073 2073 6
2115 2115 6
2173 2173 6
2628 2628 5
2802 2802 5
2857 2857 6
3143 3143 6
3423 3423 5
3829 3829 6
4095 4095 6
4140 4140 7
4333 4333 5
4550 4550 6
4622 4622 5
5723 5723 5
5893 5893 5
5899 5899 5
6125 6125 5
6429 6429 7
6808 6808 5
6974 6974 7
7098 7098 5
7101 7101 6
7120 7120 5
7138 7138 6
7237 7237 5
7645 7645 5
7735 7735 6
7740 7740 7
8144 8144 6
8299 8299 6
8339 8339 5
8659 8659 6
8778 8778 5
8974 8974 6
8981 8981 5
9174 9174 6
9199 9199 6
9634 9634 5
9862 9862 6
9882 9882 6
9901 9901 5
9988 9988 5
435 435 5
558 558 5
943 943 5
1143 1143 7
1452 1452 6
1535 1535 5
1594 1594 6
1600 1600 5
1895 1895 6
1927 1927 5
2017 2017 6
2441 2441 6
2725 2725 6
2751 2751 5
3268 3268 6
3581 3581 5
3675 3675 6
3952 3952 7
4290 4290 7
4309 4309 6
4548 4548 6
4567 4567 5
4712 4712 5
4722 4722 6
4738 4738 6
4805 4805 7
4816 4816 7
5254 5254 7
5372 5372 5
5400 5400 7
5541 5541 6
5943 5943 6
6048 6048 5
6515 6515 6
6779 6779 5
7030 7030 7
7163 7163 5
7259 7259 5
7271 7271 5
7372 7372 5
7607 7607 6
7797 7797 7
8365 8365 6
8832 8832 6
9079 9079 6
9360 9360 6
9622 9622 6
9891 9891 6
9942 9942 5
9962 9962 5
7 7 6
70 70 6
102 102 7
917 917 5
1338 1338 6
1349 1349 6
1763 1763 6
1829 1829 6
2000 2000 5
2251 2251 6
2290 2290 6
2522 2522 6
2583 2583 6
2616 2616 5
2714 2714 6
3079 3079 5
3259 3259 6
3419 3419 6
3722 3722 7
3738 3738 6
4045 4045 5
4369 4369 5
4584 4584 5
4603 4603 5
4630 4630 7
4838 4838 5
4970 4970 6
4990 4990 5
5035 5035 5
5290 5290 5
5315 5315 5
5338 5338 6
5350 5350 6
6156 6156 7
6327 6327 6
6668 6668 6
6935 6935 6
7526 7526 6
7710 7710 7
7944 7944 6
8118 8118 5
8145 8145 6
8430 8430 5
8470 8470 5
9100 9100 5
9233 9233 6
9540 9540 6
9740 9740 6
9743 9743 6
9810 9810 7
119 119 5
749 749 7
882 882 6
976 976 7
1073 1073 5
1131 1131 7
1377 1377 6
1426 1426 7
1439 1439 7
1536 1536 6
2049 2049 7
2239 2239 5
2462 2462 6
2811 2811 6
2907 2907 5
2986 2986 6
2987 2987 6
3172 3172 5
3437 3437 5
3568 3568 5
3576 3576 5
3675 3675 6
3736 3736 5
3929 3929 6
4010 4010 6
4073 4073 7
4078 4078 5
4096 4096 5
4468 4468 6
4527 4527 6
5596 5596 5
6289 6289 5
6570 6570 6
6714 6714 5
7097 7097 6
7123 7123 6
7413 7413 6
7874 7874 5
8506 8506 6
8600 8600 5
8612 8612 6
8888 8888 5
8975 8975 7
9021 9021 6
9036 9036 6
9300 9300 6
9357 9357 5
9416 9416 6
9727 9727 5
9731 9731 7
307 307 5
335 335 5
485 485 5
833 833 6
1266 1266 5
1333 1333 6
1406 1406 6
1484 1484 5
1848 1848 6
2103 2103 6
2135 2135 6
2161 2161 6
2258 2258 6
2320 2320 7
2556 2556 6
2630 2630 5
3754 3754 5
3762 3762 6
3798 3798 5
4075 4075 6
4155 4155 6
4178 4178 6
4260 4260 5
4282 4282 5
4603 4603 6
4711 4711 5
5317 5317 6
5411 5411 6
5413 5413 5
5432 5432 5
5668 5668 6
5852 5852 5
5980 5980 6
6130 6130 5
6386 6386 7
6465 6465 5
6787 6787 7
6911 6911 6
7047 7047 6
7343 7343 6
7498 7498 6
7791 7791 5
7892 7892 6
7968 7968 6
8423 8423 6
8732 8732 6
8848 8848 6
9583 9583 6
9584 9584 5
9754 9754 5
644 644 6
658 658 6
668 668 5
719 719 6
1180 1180 6
1405 1405 5
1666 1666 5
1690 1690 5
1882 1882 6
1897 1897 5
2003 2003 6
2085 2085 6
2436 2436 5
2739 2739 6
2891 2891 6
2922 2922 6
3048 3048 6
3179 3179 6
3248 3248 5
3448 3448 5
3504 3504 6
4044 4044 7
4591 4591 7
4971 4971 7
5238 5238 6
5311 5311 5
5800 5800 5
6171 6171 6
6699 6699 7
6785 6785 5
6810 6810 7
6829 6829 5
6975 6975 7
7119 7119 5
7135 7135 5
7235 7235 6
7534 7534 5
7579 7579 6
7772 7772 6
7839 7839 6
7953 7953 6
8176 8176 5
8225 8225 5
9046 9046 5
9320 9320 5
9446 9446 6
9674 9674 6
9819 9819 5
9967 9967 6
9976 9976 5
21 21 6
113 113 6
299 299 6
302 302 5
314 314 6
579 579 5
985 985 6
1610 1610 6
1681 1681 7
2040 2040 5
2114 2114 5
2501 2501 6
2800 2800 5
3147 3147 6
3471 3471 5
3708 3708 5
3873 3873 6
4074 4074 6
4112 4112 5
4519 4519 7
4528 4528 6
5029 5029 7
5151 5151 7
5297 5297 6
5397 5397 5
5811 5811 5
5864 5864 6
6115 6115 6
6243 6243 6
6442 6442 7
6578 6578 5
6926 6926 6
7719 7719 5
8049 8049 6
8241 8241 6
8280 8280 6
8295 8295 6
8312 8312 5
8343 8343 5
8388 8388 5
8425 8425 6
8524 8524 5
8642 8642 6
8810 8810 7
9016 9016 6
9329 9329 6
9335 9335 6
9375 9375 6
9519 9519 6
9582 9582 5
424 424 6
589 589 7
927 927 6
1019 1019 5
1413 1413 6
1662 1662 6
2014 2014 6
2254 2254 6
2268 2268 5
2369 2369 5
2410 2410 5
2429 2429 6
2653 2653 6
2680 2680 5
2763 2763 5
2793 2793 5
3376 3376 6
3682 3682 6
4099 4099 5
4560 4560 7
4772 4772 5
4915 4915 6
5009 5009 7
5217 5217 7
5369 5369 6
5501 5501 6
5651 5651 5
5784 5784 5
5826 5826 5
5849 5849 6
6124 6124 6
6459 6459 7
6544 6544 5
7633 7633 5
7796 7796 5
8131 8131 5
8357 8357 5
8387 8387 5
8579 8579 6
8727 8727 5
8850 8850 5
8855 8855 5
8930 8930 5
8972 8972 5
9034 9034 5
9192 9192 7
9443 9443 7
9654 9654 6
9888 9888 5
9996 9996 5
27 27 5
59 59 5
245 245 5
1098 1098 6
1109 1109 5
1177 1177 6
1309 1309 7
1416 1416 6
1739 1739 6
1809 1809 6
2336 2336 6
2590 2590 6
2616 2616 5
3079 3079 6
3116 3116 5
3270 3270 5
3369 3369 5
3699 3699 6
3768 3768 7
4038 4038 5
4197 4197 5
4443 4443 5
4799 4799 6
5091 5091 7
5245 5245 5
5549 5549 6
5647 5647 5
5930 5930 6
5968 5968 5
6014 6014 6
6032 6032 5
6765 6765 6
6771 6771 7
7012 7012 7
7046 7046 6
7386 7386 6
7467 7467 6
7492 7492 5
7843 7843 6
7952 7952 6
8029 8029 5
8304 8304 6
8519 8519 7
8530 8530 6
8857 8857 6
8897 8897 6
9136 9136 5
9335 9335 5
9763 9763 7
9846 9846 6
199 199 6
384 384 6
639 639 6
694 694 6
1353 1353 6
1447 1447 6
2180 2180 5
2185 2185 5
2533 2533 6
2798 2798 7
3008 3008 5
3429 3429 6
3524 3524 7
3753 3753 6
3866 3866 6
3993 3993 5
4083 4083 6
4128 4128 5
4172 4172 6
4195 4195 6
4334 4334 5
4378 4378 6
4418 4418 5
4893 4893 5
5075 5075 5
5152 5152 5
5576 5576 6
5877 5877 7
5925 5925 5
6451 6451 5
6488 6488 5
6518 6518 6
7411 7411 6
7548 7548 6
7564 7564 6
7625 7625 6
8396 8396 5
8561 8561 6
8681 8681 5
8711 8711 5
8877 8877 5
9028 9028 5
9077 9077 5
9174 9174 6
9184 9184 5
9337 9337 6
9454 9454 6
9704 9704 6
9969 9969 5
9982 9982 7
131 131 5
215 215 6
250 250 7
458 458 6
756 756 5
1048 1048 5
1329 1329 5
1551 1551 5
1970 1970 6
2032 2032 6
2079 2079 6
2222 2222 6
2321 2321 6
2382 2382 6
2396 2396 7
2881 2881 6
3024 3024 7
3132 3132 5
3326 3326 6
3421 3421 6
4133 4133 5
4287 4287 7
4439 4439 5
4780 4780 5
4809 4809 5
5808 5808 7
5818 5818 6
5893 5893 5
6553 6553 6
6873 6873 5
6938 6938 7
7027 7027 5
7174 7174 6
7207 7207 6
7227 7227 6
7692 7692 5
7795 7795 5
8450 8450 5
8752 8752 6
9054 9054 5
9282 9282 5
9413 9413 6
9498 9498 5
9567 9567 6
9667 9667 6
9685 9685 6
9817 9817 6
9851 9851 6
9936 9936 7
9990 9990 5
233 233 5
397 397 6
697 697 5
833 833 6
856 856 6
858 858 5
1403 1403 5
1480 1480 6
1614 1614 7
2235 2235 6
2259 2259 7
2444 2444 6
2521 2521 6
2715 2715 5
2719 2719 5
2805 2805 5
3947 3947 6
4163 4163 6
4560 4560 5
4625 4625 5
4723 4723 5
4738 4738 5
4826 4826 6
4903 4903 6
4970 4970 6
4975 4975 7
5018 5018 5
5309 5309 5
5310 5310 6
5313 5313 7
5541 5541 6
5916 5916 5
5991 5991 7
6008 6008 5
6532 6532 5
6643 6643 5
6877 6877 5
6931 6931 6
7379 7379 6
7636 7636 5
7664 7664 6
7826 7826 5
8363 8363 7
8555 8555 5
8660 8660 6
8909 8909 6
8971 8971 7
9647 9647 5
9833 9833 6
9990 9990 6
