2000 20 5340497
100 62 155
100 62 227
100 81 243
100 103 186
100 112 198
100 71 177
100 149 237
100 74 232
100 142 209
100 84 218
100 108 206
100 107 165
100 150 246
100 121 228
100 127 206
100 87 207
100 135 173
100 124 234
100 86 223
100 104 169
82 82 2
162 162 3
203 203 2
310 310 3
390 390 2
505 505 2
538 538 2
551 551 2
595 595 2
609 609 3
792 792 2
864 864 2
899 899 3
917 917 3
938 938 2
1041 1041 2
1202 1202 2
1262 1262 3
1282 1282 3
1331 1331 2
1357 1357 2
1357 1357 2
1389 1389 3
1613 1613 3
1625 1625 2
1682 1682 2
2084 2084 3
2151 2151 3
2229 2229 3
2281 2281 2
2899 2899 2
2901 2901 2
2929 2929 2
3035 3035 2
3084 3084 2
3135 3135 2
3154 3154 2
3211 3211 2
3213 3213 2
3270 3270 3
3284 3284 3
3681 3681 2
3777 3777 2
3820 3820 2
3936 3936 2
4104 4104 2
4191 4191 2
4310 4310 2
4437 4437 2
4473 4473 2
4565 4565 2
4579 4579 2
5070 5070 2
5235 5235 3
5238 5238 2
5332 5332 2
5483 5483 2
5502 5502 2
5659 5659 3
5890 5890 3
5961 5961 2
6081 6081 2
6101 6101 2
6339 6339 2
6581 6581 2
6648 6648 3
6695 6695 3
6929 6929 3
6991 6991 2
7040 7040 2
7132 7132 3
7150 7150 2
7221 7221 2
7465 7465 3
7511 7511 2
7907 7907 2
7968 7968 2
7984 7984 3
8089 8089 2
8092 8092 2
8102 8102 3
8146 8146 3
8187 8187 2
8190 8190 2
8473 8473 2
8600 8600 2
8847 8847 2
8922 8922 3
8935 8935 2
8957 8957 2
9243 9243 2
9259 9259 2
9288 9288 2
9475 9475 3
9483 9483 2
9504 9504 2
9536 9536 3
9681 9681 2
9837 9837 2
9898 9898 2
57 57 3
144 144 2
221 221 2
385 385 3
456 456 2
624 624 2
918 918 2
1031 1031 3
1044 1044 3
1129 1129 2
1198 1198 3
1236 1236 3
1404 1404 2
1531 1531 3
1550 1550 2
1662 1662 3
1788 1788 2
2017 2017 2
2312 2312 2
2371 2371 2
2520 2520 3
2590 2590 3
2604 2604 3
2682 2682 3
2716 2716 2
2736 2736 2
3174 3174 2
3399 3399 3
3409 3409 3
3492 3492 2
3787 3787 3
3883 3883 2
3912 3912 2
4098 4098 2
4252 4252 2
4258 4258 2
4267 4267 2
4352 4352 2
4366 4366 2
4367 4367 2
4415 4415 2
4426 4426 2
4618 4618 2
4653 4653 2
4999 4999 3
5014 5014 3
5020 5020 2
5041 5041 2
5346 5346 2
5464 5464 2
5465 5465 2
5502 5502 2
5614 5614 2
5641 5641 2
5701 5701 2
5763 5763 2
5839 5839 2
5840 5840 2
5896 5896 2
6009 6009 3
6105 6105 2
6128 6128 2
6304 6304 3
6310 6310 3
6416 6416 2
6619 6619 3
6690 6690 3
7032 7032 3
7098 7098 3
7125 7125 2
7165 7165 2
7409 7409 2
7413 7413 2
7469 7469 3
7523 7523 2
7581 7581 2
7596 7596 2
7625 7625 2
7673 7673 3
8215 8215 2
8242 8242 2
8325 8325 3
8385 8385 3
8458 8458 2
8583 8583 2
8712 8712 2
8820 8820 2
8848 8848 2
9080 9080 3
9167 9167 2
9194 9194 2
9258 9258 2
9353 9353 2
9456 9456 2
9483 9483 2
9583 9583 2
9693 9693 2
9789 9789 2
9834 9834 2
9935 9935 2
390 390 2
400 400 2
470 470 2
596 596 2
630 630 3
648 648 3
752 752 2
1019 1019 3
1112 1112 2
1461 1461 2
1503 1503 3
1505 1505 2
1645 1645 2
1905 1905 2
2024 2024 2
2120 2120 3
2129 2129 3
2303 2303 2
2305 2305 2
2368 2368 2
2626 2626 2
2876 2876 2
2962 2962 2
2966 2966 2
3034 3034 2
3172 3172 2
3269 3269 2
3336 3336 2
3444 3444 2
3498 3498 2
3568 3568 2
3716 3716 2
3821 3821 2
4111 4111 2
4195 4195 2
4306 4306 2
4340 4340 2
4462 4462 2
4469 4469 2
4534 4534 3
4596 4596 2
4639 4639 3
4702 4702 2
4741 4741 2
4890 4890 2
4944 4944 2
5043 5043 2
5080 5080 2
5388 5388 2
5482 5482 3
5492 5492 3
5532 5532 2
5841 5841 2
5845 5845 3
6070 6070 2
6153 6153 2
6221 6221 2
6240 6240 2
6433 6433 3
6514 6514 2
6535 6535 2
6566 6566 2
6784 6784 2
7038 7038 2
7097 7097 2
7127 7127 3
7149 7149 2
7150 7150 2
7350 7350 2
7463 7463 2
7527 7527 2
7537 7537 2
7718 7718 3
7745 7745 2
7820 7820 3
7946 7946 2
7958 7958 3
8028 8028 2
8116 8116 2
8239 8239 3
8247 8247 2
8438 8438 2
8723 8723 2
8748 8748 3
8768 8768 2
8847 8847 2
8923 8923 3
8973 8973 2
9052 9052 2
9053 9053 2
9347 9347 2
9389 9389 3
9492 9492 2
9514 9514 3
9562 9562 3
9685 9685 3
9747 9747 3
9815 9815 2
9858 9858 3
9973 9973 2
23 23 3
266 266 3
268 268 3
290 290 3
393 393 2
463 463 2
778 778 2
782 782 2
911 911 2
972 972 2
984 984 2
1008 1008 2
1086 1086 2
1117 1117 2
1145 1145 2
1442 1442 2
1568 1568 2
1694 1694 2
1715 1715 2
1726 1726 2
1806 1806 2
2150 2150 2
2256 2256 2
2370 2370 2
2387 2387 2
2621 2621 3
2651 2651 2
2683 2683 2
2702 2702 3
3330 3330 2
3395 3395 2
3425 3425 2
3459 3459 2
3674 3674 2
4122 4122 2
4242 4242 2
4345 4345 3
4358 4358 3
4384 4384 3
4437 4437 2
4761 4761 2
4806 4806 3
4846 4846 2
4941 4941 3
4952 4952 2
4957 4957 2
5085 5085 3
5210 5210 2
5452 5452 2
5547 5547 3
5727 5727 3
5843 5843 3
5932 5932 2
6337 6337 3
6412 6412 2
6566 6566 2
6646 6646 2
6786 6786 2
6830 6830 2
7076 7076 2
7097 7097 2
7360 7360 2
7401 7401 3
7440 7440 2
7963 7963 2
8091 8091 2
8103 8103 2
8208 8208 3
8249 8249 3
8279 8279 2
8308 8308 2
8320 8320 2
8379 8379 3
8415 8415 2
8558 8558 2
8591 8591 2
8723 8723 2
8735 8735 3
8746 8746 2
8791 8791 2
8868 8868 2
8889 8889 2
8937 8937 3
8966 8966 3
9151 9151 3
9197 9197 2
9461 9461 2
9638 9638 2
9694 9694 2
9731 9731 2
9742 9742 3
9747 9747 2
9820 9820 3
9825 9825 2
9828 9828 2
9835 9835 2
9845 9845 3
9912 9912 2
9924 9924 2
9959 9959 2
151 151 2
452 452 2
503 503 2
568 568 2
716 716 2
726 726 2
733 733 3
780 780 2
839 839 2
846 846 3
946 946 3
1007 1007 3
1023 1023 3
1421 1421 3
1567 1567 2
1592 1592 2
1596 1596 2
1864 1864 3
2155 2155 2
2523 2523 2
2587 2587 2
2698 2698 3
2724 2724 2
2761 2761 3
2874 2874 2
2884 2884 2
2901 2901 2
2979 2979 2
3040 3040 3
3051 3051 2
3059 3059 2
3151 3151 2
3432 3432 2
3520 3520 2
3526 3526 2
3573 3573 3
3634 3634 2
3728 3728 2
3768 3768 2
3915 3915 2
4032 4032 2
4041 4041 3
4175 4175 2
4198 4198 2
4234 4234 2
4240 4240 2
4343 4343 2
4475 4475 2
4506 4506 3
4572 4572 3
4585 4585 2
4603 4603 2
4663 4663 2
4693 4693 3
4704 4704 2
4801 4801 2
5058 5058 3
5087 5087 3
5137 5137 2
5148 5148 3
5317 5317 3
5465 5465 2
5577 5577 2
5735 5735 3
5879 5879 2
5984 5984 2
6109 6109 2
6164 6164 2
6378 6378 3
6675 6675 2
6677 6677 3
6683 6683 3
6729 6729 2
6915 6915 3
6940 6940 3
7119 7119 3
7160 7160 2
7364 7364 2
7421 7421 2
7458 7458 2
7500 7500 2
7562 7562 2
7689 7689 2
7762 7762 2
7794 7794 2
7950 7950 2
8088 8088 2
8344 8344 2
8373 8373 2
8554 8554 3
8637 8637 2
8745 8745 2
8888 8888 2
9189 9189 3
9230 9230 2
9308 9308 2
9325 9325 2
9604 9604 2
9643 9643 3
9870 9870 2
14 14 3
48 48 2
116 116 2
325 325 3
502 502 2
613 613 2
1038 1038 2
1081 1081 3
1083 1083 3
1226 1226 2
1251 1251 2
1303 1303 2
1318 1318 2
1326 1326 2
1414 1414 2
1452 1452 2
1649 1649 2
1653 1653 2
1817 1817 3
2078 2078 3
2197 2197 2
2301 2301 2
2328 2328 2
2386 2386 3
2461 2461 3
2470 2470 2
2567 2567 2
2766 2766 2
2871 2871 2
2998 2998 3
3107 3107 3
3171 3171 2
3178 3178 3
3294 3294 2
3299 3299 3
3334 3334 2
3354 3354 2
3364 3364 2
3623 3623 3
3638 3638 2
3729 3729 3
3756 3756 2
3867 3867 2
3873 3873 3
3925 3925 2
3950 3950 3
4148 4148 2
4278 4278 3
4280 4280 2
4372 4372 3
4410 4410 2
4686 4686 3
4842 4842 2
4960 4960 2
4980 4980 2
5099 5099 2
5251 5251 2
5253 5253 2
5377 5377 3
5464 5464 2
5544 5544 2
5602 5602 2
5668 5668 2
5883 5883 2
5888 5888 2
5931 5931 3
5968 5968 2
6149 6149 3
6373 6373 2
6543 6543 2
6563 6563 2
6583 6583 2
6801 6801 2
6849 6849 2
6976 6976 3
6994 6994 2
7236 7236 3
7425 7425 3
7557 7557 3
7569 7569 2
7662 7662 2
7722 7722 3
7933 7933 2
8041 8041 2
8076 8076 2
8100 8100 3
8283 8283 2
8684 8684 3
8846 8846 2
8937 8937 2
8983 8983 2
9248 9248 2
9279 9279 2
9309 9309 2
9375 9375 2
9508 9508 3
9683 9683 2
9945 9945 2
9960 9960 2
9965 9965 2
42 42 3
176 176 2
222 222 2
275 275 3
334 334 2
341 341 3
425 425 3
438 438 2
513 513 2
616 616 2
623 623 2
649 649 3
747 747 2
903 903 2
939 939 3
1173 1173 2
1176 1176 3
1391 1391 2
1450 1450 2
1581 1581 3
1811 1811 2
2039 2039 2
2067 2067 2
2138 2138 3
2159 2159 2
2182 2182 3
2193 2193 3
2279 2279 3
2338 2338 3
2374 2374 2
2744 2744 3
3067 3067 2
3156 3156 3
3210 3210 3
3252 3252 2
3277 3277 2
3323 3323 2
3324 3324 3
3448 3448 2
3453 3453 3
3488 3488 3
3593 3593 2
3744 3744 2
3869 3869 2
4089 4089 3
4170 4170 3
4237 4237 2
4414 4414 2
4472 4472 2
4474 4474 3
4551 4551 2
4653 4653 2
4857 4857 3
4908 4908 2
5009 5009 2
5021 5021 2
5030 5030 3
5030 5030 3
5219 5219 2
5234 5234 3
5325 5325 2
5342 5342 2
5461 5461 2
5461 5461 3
5535 5535 2
5718 5718 2
5802 5802 2
5866 5866 2
6204 6204 3
6383 6383 3
6482 6482 3
6600 6600 3
6665 6665 2
6689 6689 2
6731 6731 2
6974 6974 2
7072 7072 2
7143 7143 2
7173 7173 3
7201 7201 2
7461 7461 2
7527 7527 2
8200 8200 3
8270 8270 3
8289 8289 3
8322 8322 2
8365 8365 2
8496 8496 2
8620 8620 2
8634 8634 2
8736 8736 2
8765 8765 3
8844 8844 2
9294 9294 2
9359 9359 3
9433 9433 2
9442 9442 2
9623 9623 3
9866 9866 2
9878 9878 2
82 82 2
92 92 2
286 286 3
336 336 2
351 351 2
368 368 2
380 380 3
423 423 2
503 503 2
681 681 3
1057 1057 2
1191 1191 3
1289 1289 3
1379 1379 2
1456 1456 2
1544 1544 2
1661 1661 2
1674 1674 2
1844 1844 2
2017 2017 3
2275 2275 2
2330 2330 2
2363 2363 3
2381 2381 3
2396 2396 3
2768 2768 2
2790 2790 2
3155 3155 2
3255 3255 2
3281 3281 3
3397 3397 2
3487 3487 2
4033 4033 3
4053 4053 2
4116 4116 3
4165 4165 2
4238 4238 2
4508 4508 2
4704 4704 3
4717 4717 3
4778 4778 2
5252 5252 2
5259 5259 2
5595 5595 3
5771 5771 2
5911 5911 2
5994 5994 3
6004 6004 2
6082 6082 2
6252 6252 2
6272 6272 2
6298 6298 2
6387 6387 2
6387 6387 2
6409 6409 2
6482 6482 3
6521 6521 3
6735 6735 3
6813 6813 3
6883 6883 3
6911 6911 2
7134 7134 2
7208 7208 2
7301 7301 2
7301 7301 2
7550 7550 2
7633 7633 2
7732 7732 2
7754 7754 2
7761 7761 2
7819 7819 2
7878 7878 2
7941 7941 2
8340 8340 3
8386 8386 2
8442 8442 2
8709 8709 2
8791 8791 2
8804 8804 2
8944 8944 3
8957 8957 2
8970 8970 2
8983 8983 2
9005 9005 2
9034 9034 2
9038 9038 2
9077 9077 2
9156 9156 2
9260 9260 2
9308 9308 3
9485 9485 3
9545 9545 3
9560 9560 2
9575 9575 2
9736 9736 3
9789 9789 2
9816 9816 2
9856 9856 3
9962 9962 2
9966 9966 3
101 101 2
101 101 2
351 351 2
477 477 3
485 485 2
575 575 3
725 725 3
796 796 2
796 796 2
916 916 3
1166 1166 2
1204 1204 2
1253 1253 2
1289 1289 3
1560 1560 2
1613 1613 2
1722 1722 2
1736 1736 2
1779 1779 2
1812 1812 2
1831 1831 2
2326 2326 2
2461 2461 2
2530 2530 2
2604 2604 2
2637 2637 2
2799 2799 2
2953 2953 2
3039 3039 2
3128 3128 3
3144 3144 2
3275 3275 2
3278 3278 2
3367 3367 2
3514 3514 2
3517 3517 3
3559 3559 3
3706 3706 2
3963 3963 2
3988 3988 2
4075 4075 3
4119 4119 2
4318 4318 2
4350 4350 3
4369 4369 3
4749 4749 2
4814 4814 2
4902 4902 2
5056 5056 3
5245 5245 2
5414 5414 3
5443 5443 2
5458 5458 2
5680 5680 2
5956 5956 2
6015 6015 2
6105 6105 2
6434 6434 3
6458 6458 2
6469 6469 3
6510 6510 2
6604 6604 2
6622 6622 2
6680 6680 3
6711 6711 2
6723 6723 3
6916 6916 2
6920 6920 2
6946 6946 2
6990 6990 2
6997 6997 2
7083 7083 2
7249 7249 3
7371 7371 3
7452 7452 2
7557 7557 3
7681 7681 2
7690 7690 2
7759 7759 2
7801 7801 2
7988 7988 3
8287 8287 3
8354 8354 2
8393 8393 2
8575 8575 2
8600 8600 2
8644 8644 3
8708 8708 2
8801 8801 2
8896 8896 2
8943 8943 2
9001 9001 3
9158 9158 2
9262 9262 2
9263 9263 2
9291 9291 3
9338 9338 3
9641 9641 2
9785 9785 2
9907 9907 2
66 66 2
213 213 2
240 240 2
253 253 3
280 280 2
309 309 3
476 476 2
733 733 3
753 753 2
1310 1310 2
1496 1496 3
1520 1520 2
1706 1706 2
1716 1716 3
1746 1746 2
1964 1964 3
2062 2062 2
2271 2271 2
2291 2291 2
2428 2428 2
2571 2571 3
2743 2743 2
2805 2805 2
3009 3009 3
3010 3010 2
3043 3043 2
3066 3066 3
3200 3200 2
3384 3384 2
3421 3421 2
3679 3679 2
3718 3718 3
3837 3837 2
3891 3891 2
3921 3921 2
4030 4030 3
4101 4101 2
4260 4260 3
4314 4314 3
4474 4474 3
4677 4677 2
4742 4742 3
4772 4772 2
4781 4781 2
4809 4809 3
4832 4832 2
4833 4833 3
4966 4966 3
5173 5173 2
5197 5197 3
5214 5214 3
5481 5481 2
5746 5746 2
5751 5751 2
5808 5808 2
5955 5955 2
5961 5961 2
6012 6012 2
6079 6079 3
6345 6345 3
6347 6347 3
6353 6353 2
6679 6679 3
6773 6773 2
6882 6882 2
6896 6896 2
6936 6936 2
6986 6986 2
7145 7145 2
7288 7288 3
7303 7303 2
7336 7336 2
7337 7337 2
7361 7361 2
7379 7379 3
7396 7396 2
7535 7535 2
7573 7573 2
7686 7686 2
7720 7720 2
8230 8230 2
8281 8281 2
8384 8384 2
8858 8858 2
8943 8943 3
9001 9001 2
9120 9120 2
9157 9157 2
9238 9238 2
9272 9272 2
9382 9382 2
9405 9405 2
9413 9413 2
9510 9510 2
9513 9513 2
9580 9580 2
9710 9710 3
9736 9736 2
9753 9753 3
9780 9780 2
34 34 2
69 69 2
145 145 2
149 149 2
277 277 2
322 322 3
584 584 3
609 609 2
639 639 3
787 787 2
850 850 2
1103 1103 3
1173 1173 3
1196 1196 2
1281 1281 2
1297 1297 2
1301 1301 2
1339 1339 2
1345 1345 3
1438 1438 2
1484 1484 3
1621 1621 2
1655 1655 3
1677 1677 3
1688 1688 2
1912 1912 3
1988 1988 2
2058 2058 2
2063 2063 2
2174 2174 2
2339 2339 2
2397 2397 2
2587 2587 3
2690 2690 2
2945 2945 2
3012 3012 3
3061 3061 2
3119 3119 3
3144 3144 2
3211 3211 2
3541 3541 2
3630 3630 2
3660 3660 2
3675 3675 3
3686 3686 2
3735 3735 2
3823 3823 2
4218 4218 3
4218 4218 3
4301 4301 2
4846 4846 3
4877 4877 3
4990 4990 2
5009 5009 2
5050 5050 2
5140 5140 3
5154 5154 2
5294 5294 2
5309 5309 3
5388 5388 2
5628 5628 3
5885 5885 3
6130 6130 3
6202 6202 3
6212 6212 2
6262 6262 2
6399 6399 2
6561 6561 2
6801 6801 2
6816 6816 2
6869 6869 2
6924 6924 2
6968 6968 2
7104 7104 2
7202 7202 2
7214 7214 3
7272 7272 3
7493 7493 2
7533 7533 2
7798 7798 2
7826 7826 2
8020 8020 2
8155 8155 2
8195 8195 2
8257 8257 3
8260 8260 3
8312 8312 2
8323 8323 2
8471 8471 3
8919 8919 2
8924 8924 3
9056 9056 3
9153 9153 2
9285 9285 2
9507 9507 3
9648 9648 2
9670 9670 3
9767 9767 2
9783 9783 2
9877 9877 3
218 218 3
288 288 2
424 424 2
543 543 2
562 562 3
694 694 3
797 797 2
853 853 3
944 944 2
1039 1039 2
1141 1141 2
1146 1146 2
1330 1330 2
1355 1355 2
1405 1405 3
1412 1412 2
1530 1530 3
1658 1658 3
1857 1857 2
2125 2125 2
2223 2223 2
2398 2398 3
2504 2504 2
2785 2785 3
2786 2786 3
2806 2806 2
2992 2992 3
3107 3107 2
3174 3174 3
3256 3256 3
3416 3416 3
3543 3543 2
3547 3547 2
3932 3932 3
3953 3953 3
4120 4120 2
4190 4190 2
4258 4258 2
4258 4258 3
4337 4337 3
4374 4374 2
4416 4416 2
4418 4418 2
4428 4428 3
4480 4480 2
4547 4547 2
4577 4577 2
4611 4611 2
4755 4755 2
5070 5070 2
5079 5079 2
5087 5087 2
5146 5146 2
5148 5148 2
5326 5326 2
5335 5335 2
5692 5692 2
5919 5919 2
6085 6085 2
6280 6280 3
6402 6402 3
6556 6556 2
6582 6582 2
6669 6669 2
6768 6768 2
6905 6905 2
6963 6963 2
7071 7071 2
7133 7133 2
7191 7191 2
7221 7221 2
7306 7306 2
7393 7393 3
7398 7398 2
7444 7444 2
7474 7474 2
7605 7605 3
7615 7615 3
7816 7816 2
7903 7903 2
8034 8034 3
8044 8044 2
8045 8045 2
8098 8098 2
8299 8299 2
8336 8336 2
8373 8373 2
8427 8427 2
8789 8789 3
8887 8887 2
9035 9035 2
9042 9042 2
9063 9063 2
9110 9110 3
9155 9155 2
9200 9200 2
9539 9539 2
9597 9597 3
9690 9690 2
9873 9873 3
70 70 2
115 115 2
168 168 2
423 423 3
649 649 2
653 653 3
664 664 3
694 694 3
764 764 3
785 785 2
1033 1033 2
1177 1177 2
1186 1186 3
1239 1239 3
1588 1588 3
1611 1611 3
1638 1638 2
1845 1845 3
2097 2097 2
2270 2270 3
2311 2311 3
2325 2325 3
2355 2355 2
2552 2552 3
2637 2637 3
2661 2661 2
2669 2669 2
2690 2690 3
2822 2822 3
2878 2878 3
2989 2989 2
3114 3114 3
3240 3240 3
3261 3261 2
3387 3387 3
3488 3488 2
3527 3527 2
3557 3557 2
3564 3564 2
3584 3584 2
3690 3690 2
3724 3724 3
3812 3812 2
3946 3946 3
3979 3979 3
4051 4051 2
4273 4273 2
4397 4397 2
4411 4411 2
4541 4541 2
4630 4630 2
4633 4633 2
4934 4934 2
4941 4941 2
5230 5230 2
5450 5450 3
5481 5481 2
5608 5608 2
5669 5669 2
5699 5699 2
5918 5918 3
5962 5962 3
5991 5991 2
6036 6036 3
6159 6159 2
6286 6286 3
6323 6323 2
6448 6448 3
6495 6495 2
6818 6818 3
7019 7019 2
7102 7102 2
7137 7137 2
7234 7234 3
7238 7238 2
7339 7339 2
7431 7431 3
7469 7469 3
7697 7697 2
7807 7807 2
7876 7876 2
7991 7991 3
8180 8180 2
8227 8227 2
8249 8249 2
8374 8374 3
8458 8458 2
8468 8468 2
8472 8472 2
8637 8637 2
8655 8655 2
8810 8810 2
8824 8824 3
8866 8866 2
9018 9018 2
9068 9068 2
9068 9068 2
9249 9249 2
9489 9489 3
9614 9614 2
20 20 3
76 76 2
98 98 2
374 374 3
378 378 2
489 489 3
512 512 2
622 622 2
683 683 3
801 801 2
821 821 2
857 857 2
963 963 2
973 973 2
1061 1061 2
1127 1127 2
1163 1163 2
1228 1228 2
1265 1265 2
1320 1320 2
1373 1373 3
1433 1433 3
1507 1507 2
1526 1526 2
1528 1528 2
1625 1625 3
1649 1649 2
1699 1699 3
1805 1805 2
1822 1822 2
1830 1830 2
1845 1845 2
1877 1877 2
1900 1900 2
2037 2037 3
2087 2087 2
2178 2178 2
2195 2195 3
2214 2214 2
2287 2287 3
2306 2306 2
2509 2509 3
2620 2620 2
2636 2636 2
2724 2724 2
2924 2924 3
2940 2940 2
3391 3391 2
3606 3606 2
3791 3791 2
3824 3824 2
3928 3928 2
3978 3978 2
4237 4237 3
4297 4297 2
4318 4318 2
4319 4319 3
4319 4319 3
4343 4343 2
4352 4352 3
4378 4378 2
4475 4475 2
4703 4703 2
4858 4858 2
4861 4861 2
4862 4862 2
4949 4949 3
4990 4990 2
5312 5312 3
5431 5431 2
5632 5632 3
5671 5671 2
5680 5680 2
6176 6176 2
6194 6194 3
6229 6229 2
6439 6439 3
6745 6745 2
6753 6753 2
6894 6894 2
6994 6994 2
7154 7154 2
7162 7162 2
7445 7445 2
7458 7458 3
7546 7546 2
7857 7857 2
8084 8084 2
8183 8183 3
8353 8353 2
8388 8388 2
8688 8688 2
8749 8749 2
8879 8879 3
8967 8967 2
9061 9061 2
9104 9104 3
9238 9238 2
9367 9367 3
9867 9867 2
45 45 3
183 183 3
220 220 3
222 222 2
663 663 2
665 665 2
668 668 2
681 681 2
760 760 3
805 805 2
845 845 2
876 876 3
954 954 2
1133 1133 2
1234 1234 3
1324 1324 2
1449 1449 2
1647 1647 2
1731 1731 2
1748 1748 3
1763 1763 2
1828 1828 2
1946 1946 2
2103 2103 3
2143 2143 2
2171 2171 2
2292 2292 2
2783 2783 2
2851 2851 2
2913 2913 2
3048 3048 3
3201 3201 3
3257 3257 2
3332 3332 3
3354 3354 3
3435 3435 2
3488 3488 2
3593 3593 3
3822 3822 2
4016 4016 3
4115 4115 2
4194 4194 2
4247 4247 2
4458 4458 2
4521 4521 2
4543 4543 2
4551 4551 2
4590 4590 2
4981 4981 2
5104 5104 2
5192 5192 2
5276 5276 2
5295 5295 2
5448 5448 2
5449 5449 3
5451 5451 2
5671 5671 3
5693 5693 2
5818 5818 3
5903 5903 2
5913 5913 2
6092 6092 2
6118 6118 2
6314 6314 2
6409 6409 3
6616 6616 2
6734 6734 3
6743 6743 2
6799 6799 3
6830 6830 2
6866 6866 2
6876 6876 2
6885 6885 2
6897 6897 3
6923 6923 2
7026 7026 2
7140 7140 3
7154 7154 2
7196 7196 2
7197 7197 3
7346 7346 2
7405 7405 2
7576 7576 2
7584 7584 3
7887 7887 2
8190 8190 2
8227 8227 2
8255 8255 3
8335 8335 2
8475 8475 3
8540 8540 3
8622 8622 2
8997 8997 2
9028 9028 2
9036 9036 3
9039 9039 3
9203 9203 2
9344 9344 2
9738 9738 3
9968 9968 2
202 202 2
236 236 3
281 281 2
285 285 3
343 343 3
479 479 2
535 535 3
549 549 2
613 613 2
829 829 2
832 832 2
1016 1016 2
1079 1079 2
1471 1471 2
1613 1613 3
1618 1618 2
1691 1691 2
1695 1695 2
1731 1731 2
1918 1918 2
2043 2043 2
2174 2174 2
2253 2253 2
2259 2259 2
2295 2295 2
2304 2304 3
2576 2576 2
2593 2593 3
2677 2677 2
3188 3188 2
3201 3201 2
3221 3221 2
3275 3275 2
3629 3629 3
3725 3725 2
3798 3798 2
3801 3801 2
3886 3886 3
3912 3912 2
4079 4079 2
4117 4117 2
4176 4176 2
4258 4258 2
4270 4270 2
4284 4284 2
4372 4372 2
4454 4454 3
4496 4496 2
4685 4685 3
4832 4832 3
4917 4917 2
5200 5200 2
5298 5298 2
5460 5460 2
5523 5523 2
5635 5635 3
5669 5669 2
5712 5712 2
5751 5751 3
5856 5856 3
5874 5874 2
5968 5968 2
6185 6185 2
6240 6240 3
6253 6253 3
6270 6270 2
6287 6287 2
6347 6347 3
6375 6375 2
6649 6649 2
6816 6816 3
6871 6871 3
6908 6908 2
6955 6955 2
7120 7120 2
7472 7472 3
7480 7480 2
7641 7641 2
7974 7974 2
7986 7986 3
8054 8054 2
8216 8216 2
8468 8468 3
8590 8590 3
8634 8634 2
8658 8658 2
8689 8689 3
8700 8700 2
8723 8723 2
8787 8787 2
8892 8892 3
9011 9011 2
9255 9255 2
9320 9320 3
9345 9345 2
9453 9453 3
9488 9488 2
9490 9490 3
9624 9624 2
9665 9665 2
30 30 2
52 52 3
75 75 2
215 215 3
494 494 2
500 500 3
570 570 3
676 676 2
787 787 2
1165 1165 3
1430 1430 2
1521 1521 2
1791 1791 2
2061 2061 3
2062 2062 2
2116 2116 2
2184 2184 3
2229 2229 2
2676 2676 2
2921 2921 2
3055 3055 2
3075 3075 2
3176 3176 3
3216 3216 2
3227 3227 2
3382 3382 2
3394 3394 3
3534 3534 3
3618 3618 3
3642 3642 2
3997 3997 2
4061 4061 2
4192 4192 2
4213 4213 3
4361 4361 3
4398 4398 2
4558 4558 2
4678 4678 2
4699 4699 3
4752 4752 2
4820 4820 2
4830 4830 2
5097 5097 2
5104 5104 3
5124 5124 3
5148 5148 2
5254 5254 2
5510 5510 2
5580 5580 2
5591 5591 2
5593 5593 3
5614 5614 2
6081 6081 3
6138 6138 2
6142 6142 2
6209 6209 2
6235 6235 2
6259 6259 2
6311 6311 2
6441 6441 2
6708 6708 2
6765 6765 2
6868 6868 2
6958 6958 2
7013 7013 2
7122 7122 2
7144 7144 3
7179 7179 2
7181 7181 2
7181 7181 2
7295 7295 2
7330 7330 3
7364 7364 3
7431 7431 3
7516 7516 2
7537 7537 2
7544 7544 2
7779 7779 3
7897 7897 2
7987 7987 3
8001 8001 3
8011 8011 2
8061 8061 3
8257 8257 3
8359 8359 2
8447 8447 2
8468 8468 2
8495 8495 2
8603 8603 2
8632 8632 3
8698 8698 3
8708 8708 3
8796 8796 2
8862 8862 3
8883 8883 3
9108 9108 2
9402 9402 2
9538 9538 2
9546 9546 2
9617 9617 2
61 61 2
139 139 3
363 363 2
371 371 3
373 373 2
523 523 3
653 653 2
912 912 3
943 943 2
971 971 2
1046 1046 3
1050 1050 2
1262 1262 2
1375 1375 2
1595 1595 2
1862 1862 2
1920 1920 2
1998 1998 2
2104 2104 2
2125 2125 2
2238 2238 2
2251 2251 2
2361 2361 3
2377 2377 2
2453 2453 3
2489 2489 2
2508 2508 3
2567 2567 3
2603 2603 3
2659 2659 2
2769 2769 2
2974 2974 2
2982 2982 2
3037 3037 2
3077 3077 3
3091 3091 2
3472 3472 2
3492 3492 2
3612 3612 3
3616 3616 2
3700 3700 2
4058 4058 3
4206 4206 2
4322 4322 2
4390 4390 2
4486 4486 2
4573 4573 3
5151 5151 3
5341 5341 2
5478 5478 2
5491 5491 2
5592 5592 2
5599 5599 3
5637 5637 2
5802 5802 2
5855 5855 2
6017 6017 3
6128 6128 2
6315 6315 2
6364 6364 2
6480 6480 2
6638 6638 2
6787 6787 2
6795 6795 2
6924 6924 2
6932 6932 2
7000 7000 2
7032 7032 2
7177 7177 3
7279 7279 3
7336 7336 3
7405 7405 2
7411 7411 3
7498 7498 2
7533 7533 2
7568 7568 3
7709 7709 2
7825 7825 3
7887 7887 3
7942 7942 3
7946 7946 3
7989 7989 2
8055 8055 3
8157 8157 2
8249 8249 3
8484 8484 3
8507 8507 2
8641 8641 2
8713 8713 2
9074 9074 2
9107 9107 2
9115 9115 3
9272 9272 3
9291 9291 2
9352 9352 3
9414 9414 2
9432 9432 2
9779 9779 3
9836 9836 2
9964 9964 2
78 78 2
162 162 2
203 203 2
481 481 3
661 661 3
678 678 2
813 813 2
853 853 2
882 882 2
951 951 2
977 977 2
1001 1001 3
1123 1123 2
1235 1235 2
1268 1268 3
1406 1406 2
1414 1414 2
1555 1555 2
1699 1699 3
1703 1703 3
1773 1773 2
1787 1787 2
1896 1896 2
2113 2113 3
2151 2151 2
2475 2475 2
2491 2491 2
2553 2553 2
2713 2713 2
2938 2938 2
3278 3278 2
3279 3279 2
3339 3339 2
3349 3349 2
3434 3434 2
3746 3746 2
3758 3758 3
3760 3760 2
3771 3771 2
3897 3897 2
4076 4076 3
4129 4129 3
4181 4181 2
4190 4190 2
4190 4190 3
4202 4202 3
4354 4354 2
4484 4484 2
5023 5023 2
5031 5031 2
5302 5302 2
5374 5374 2
5503 5503 3
5541 5541 2
5611 5611 3
5669 5669 2
5690 5690 2
5730 5730 3
5759 5759 2
5791 5791 3
5942 5942 2
5976 5976 2
6006 6006 2
6267 6267 3
6603 6603 2
6751 6751 3
6818 6818 2
7038 7038 2
7072 7072 2
7164 7164 3
7175 7175 2
7185 7185 2
7220 7220 2
7235 7235 2
7348 7348 2
7385 7385 3
7401 7401 2
7498 7498 3
7541 7541 3
7671 7671 2
7672 7672 3
7835 7835 2
8022 8022 2
8188 8188 3
8245 8245 2
8267 8267 3
8426 8426 3
8475 8475 3
8618 8618 2
8780 8780 3
8945 8945 3
9110 9110 2
9135 9135 2
9273 9273 2
9391 9391 2
9566 9566 2
9573 9573 3
9587 9587 2
9616 9616 3
9746 9746 2
406 406 2
432 432 2
433 433 3
518 518 3
618 618 2
816 816 2
920 920 3
1096 1096 2
1096 1096 2
1251 1251 2
1425 1425 2
1512 1512 2
1515 1515 2
1540 1540 3
1696 1696 2
1920 1920 3
2068 2068 2
2157 2157 2
2195 2195 2
2229 2229 2
2436 2436 2
2494 2494 2
2550 2550 2
2574 2574 3
2954 2954 2
2955 2955 2
3013 3013 2
3061 3061 3
3142 3142 2
3255 3255 3
3293 3293 2
3338 3338 3
3377 3377 3
3491 3491 2
3571 3571 2
3649 3649 2
3811 3811 2
3852 3852 2
3936 3936 2
4057 4057 3
4106 4106 2
4152 4152 2
4201 4201 2
4206 4206 3
4293 4293 2
4305 4305 2
4642 4642 2
4847 4847 2
4959 4959 2
4962 4962 3
4981 4981 3
5018 5018 2
5309 5309 2
5348 5348 2
5663 5663 2
5687 5687 3
5767 5767 2
5774 5774 3
5871 5871 2
5992 5992 2
6060 6060 3
6144 6144 2
6155 6155 2
6216 6216 2
6420 6420 2
6562 6562 2
6689 6689 3
6987 6987 2
7059 7059 2
7113 7113 2
7319 7319 2
7347 7347 2
7374 7374 3
7490 7490 2
7521 7521 3
7560 7560 2
7714 7714 2
7758 7758 2
7777 7777 2
7928 7928 2
8112 8112 3
8185 8185 3
8208 8208 3
8255 8255 2
8550 8550 2
8621 8621 2
8907 8907 2
9080 9080 2
9177 9177 3
9235 9235 3
9240 9240 2
9366 9366 2
9385 9385 2
9398 9398 2
9431 9431 2
9571 9571 2
9600 9600 2
9624 9624 2
9782 9782 2
9825 9825 2
