2000 100 5390327
20 50 248
20 137 222
20 66 185
20 90 231
20 109 249
20 68 215
20 125 155
20 91 241
20 60 243
20 76 247
20 65 239
20 112 172
20 63 156
20 80 242
20 69 216
20 74 190
20 148 226
20 56 229
20 108 231
20 144 230
20 133 176
20 143 185
20 104 201
20 68 242
20 107 203
20 61 217
20 98 236
20 68 165
20 57 218
20 86 249
20 129 169
20 119 154
20 106 191
20 73 165
20 62 246
20 147 219
20 95 217
20 65 198
20 83 150
20 137 194
20 58 172
20 82 210
20 105 233
20 89 218
20 126 158
20 129 193
20 97 240
20 66 188
20 99 175
20 59 185
20 149 161
20 100 236
20 148 163
20 112 186
20 149 202
20 94 219
20 96 238
20 63 225
20 90 157
20 53 192
20 87 234
20 102 231
20 52 203
20 51 212
20 78 237
20 112 237
20 53 241
20 59 168
20 99 194
20 128 215
20 67 226
20 75 196
20 96 230
20 109 160
20 51 207
20 52 246
20 150 182
20 71 205
20 63 228
20 64 153
20 124 168
20 144 246
20 122 173
20 78 225
20 71 185
20 121 229
20 125 246
20 115 246
20 138 158
20 99 169
20 76 239
20 143 225
20 67 223
20 102 200
20 142 235
20 112 222
20 127 204
20 125 235
20 116 238
20 124 180
174 174 16
230 230 15
734 734 15
861 861 12
2004 2004 13
2287 2287 15
2398 2398 12
2836 2836 13
2927 2927 12
3606 3606 15
3889 3889 11
4045 4045 12
4112 4112 13
4803 4803 15
5139 5139 12
5428 5428 11
6068 6068 13
7128 7128 14
7424 7424 12
8910 8910 12
338 338 14
488 488 14
578 578 12
632 632 13
689 689 14
1190 1190 13
1587 1587 15
2799 2799 11
3151 3151 15
3260 3260 14
6012 6012 15
6058 6058 15
6836 6836 12
7330 7330 16
8385 8385 12
8525 8525 12
9337 9337 13
9495 9495 15
9824 9824 15
9854 9854 12
427 427 15
1043 1043 15
1261 1261 15
2452 2452 14
2555 2555 13
2848 2848 13
3115 3115 13
3141 3141 15
3999 3999 15
4709 4709 15
5538 5538 12
5823 5823 14
6940 6940 14
7483 7483 11
8415 8415 15
8646 8646 16
8681 8681 11
9242 9242 13
9439 9439 12
9776 9776 15
329 329 14
1151 1151 16
1425 1425 13
1516 1516 15
2229 2229 15
3282 3282 16
3406 3406 14
3764 3764 15
3994 3994 12
4278 4278 12
4795 4795 12
6123 6123 12
6200 6200 12
6552 6552 15
6556 6556 12
7124 7124 16
7160 7160 16
9054 9054 12
9492 9492 13
9792 9792 15
750 750 14
815 815 14
865 865 13
1226 1226 13
2626 2626 15
2821 2821 13
3389 3389 16
4341 4341 13
5085 5085 13
5722 5722 15
6276 6276 14
6390 6390 16
6430 6430 12
6734 6734 13
6738 6738 15
6852 6852 15
6950 6950 14
7160 7160 15
7817 7817 15
8747 8747 12
210 210 12
226 226 15
452 452 15
882 882 12
1349 1349 14
3838 3838 11
4317 4317 11
4968 4968 12
5227 5227 12
5598 5598 15
6021 6021 14
6189 6189 15
6653 6653 11
6839 6839 14
7167 7167 14
7196 7196 15
7592 7592 15
7776 7776 15
9144 9144 12
9721 9721 15
175 175 13
202 202 13
461 461 13
2212 2212 12
2936 2936 14
3621 3621 14
4117 4117 14
4145 4145 14
4377 4377 12
5946 5946 15
6574 6574 15
6874 6874 14
7162 7162 14
7882 7882 14
8319 8319 13
8469 8469 12
8850 8850 12
8966 8966 13
9070 9070 15
9210 9210 13
277 277 14
620 620 15
692 692 14
3254 3254 13
3312 3312 15
3351 3351 14
3427 3427 14
3993 3993 13
4379 4379 15
4552 4552 14
5267 5267 13
6488 6488 13
6500 6500 15
6802 6802 12
6921 6921 12
7208 7208 15
7675 7675 12
9232 9232 14
9348 9348 12
9927 9927 13
77 77 15
283 283 15
469 469 15
879 879 11
2114 2114 15
2159 2159 11
2243 2243 13
2353 2353 11
2425 2425 14
3681 3681 12
4090 4090 15
4802 4802 14
4951 4951 15
5683 5683 14
5702 5702 15
6251 6251 14
7317 7317 14
7463 7463 15
9295 9295 15
9861 9861 12
488 488 11
490 490 14
1457 1457 12
1642 1642 13
1672 1672 14
1916 1916 16
2123 2123 16
2236 2236 11
2666 2666 13
2811 2811 12
4703 4703 14
5066 5066 14
5133 5133 14
5741 5741 13
7545 7545 13
7743 7743 14
7791 7791 12
7888 7888 14
9262 9262 13
9365 9365 12
317 317 15
512 512 14
940 940 11
1098 1098 16
1479 1479 15
1956 1956 12
2572 2572 14
3458 3458 13
4166 4166 15
4248 4248 16
4965 4965 15
5436 5436 12
5870 5870 12
6269 6269 13
6285 6285 13
6638 6638 13
7614 7614 13
7706 7706 15
7794 7794 15
7849 7849 12
132 132 12
877 877 16
1884 1884 16
2280 2280 16
2572 2572 16
2827 2827 11
3089 3089 15
4626 4626 16
4751 4751 15
4997 4997 14
5172 5172 13
5174 5174 13
6241 6241 13
6939 6939 13
7098 7098 15
7673 7673 14
8269 8269 12
9530 9530 12
9583 9583 12
9919 9919 12
418 418 15
703 703 13
1397 1397 15
2642 2642 16
3266 3266 12
3314 3314 12
3320 3320 12
4809 4809 16
5214 5214 15
5284 5284 14
5820 5820 12
5976 5976 13
6494 6494 13
6597 6597 12
6624 6624 16
6904 6904 13
6967 6967 15
7215 7215 13
7916 7916 14
9767 9767 13
146 146 14
156 156 14
371 371 16
439 439 15
2103 2103 12
2428 2428 11
2544 2544 16
2676 2676 14
3249 3249 15
4196 4196 14
4511 4511 15
4869 4869 12
5040 5040 13
5358 5358 12
5968 5968 13
6259 6259 14
7455 7455 13
8795 8795 14
9248 9248 15
9532 9532 14
47 47 13
670 670 12
862 862 14
1188 1188 12
2430 2430 13
2740 2740 13
4268 4268 14
4719 4719 11
4832 4832 11
4981 4981 16
6508 6508 15
7087 7087 15
7250 7250 12
7316 7316 12
7362 7362 11
8191 8191 12
8685 8685 13
8960 8960 12
9141 9141 14
9813 9813 12
101 101 11
208 208 15
679 679 12
1686 1686 13
2646 2646 15
4035 4035 13
5555 5555 13
6096 6096 15
6346 6346 16
6583 6583 14
6869 6869 13
7443 7443 15
7971 7971 12
8158 8158 13
8431 8431 12
9062 9062 13
9444 9444 13
9501 9501 13
9911 9911 13
9917 9917 11
905 905 14
997 997 15
2301 2301 15
2637 2637 15
3601 3601 13
3690 3690 13
3958 3958 12
4182 4182 15
4499 4499 16
4563 4563 16
5822 5822 14
6721 6721 15
7034 7034 13
7122 7122 13
7316 7316 12
8200 8200 15
8574 8574 11
9252 9252 12
9515 9515 14
9718 9718 12
72 72 12
1006 1006 13
1052 1052 14
1374 1374 14
2007 2007 15
2082 2082 14
2686 2686 15
3115 3115 15
4085 4085 13
4839 4839 13
5363 5363 14
5787 5787 13
5900 5900 13
6163 6163 12
7662 7662 14
7664 7664 15
7679 7679 14
8535 8535 15
8891 8891 12
9945 9945 15
557 557 16
858 858 12
950 950 12
1437 1437 12
1564 1564 11
1969 1969 14
2573 2573 15
3007 3007 12
3177 3177 12
3487 3487 13
3990 3990 11
4736 4736 14
6621 6621 13
6853 6853 12
6979 6979 15
7543 7543 14
8181 8181 13
8623 8623 15
8705 8705 11
9330 9330 15
42 42 14
66 66 14
367 367 12
707 707 16
1103 1103 12
1423 1423 13
2849 2849 12
2957 2957 14
3262 3262 16
4784 4784 14
5497 5497 16
5593 5593 11
6280 6280 12
6718 6718 11
6940 6940 14
7679 7679 11
8100 8100 15
8547 8547 15
9062 9062 15
9652 9652 13
33 33 16
819 819 14
1362 1362 15
3396 3396 11
4099 4099 14
4292 4292 13
4360 4360 12
4785 4785 15
5016 5016 14
5527 5527 15
5564 5564 14
6699 6699 16
6966 6966 12
7131 7131 15
7656 7656 14
7874 7874 12
8303 8303 15
8627 8627 15
8647 8647 15
8985 8985 12
30 30 14
136 136 14
182 182 15
1312 1312 12
1560 1560 11
1982 1982 16
2284 2284 13
3201 3201 13
3799 3799 14
3895 3895 15
4170 4170 13
4785 4785 13
5659 5659 15
5839 5839 11
6734 6734 11
7469 7469 13
7977 7977 13
8063 8063 14
8349 8349 14
9845 9845 14
1305 1305 16
1464 1464 12
2985 2985 11
3072 3072 15
3244 3244 11
4469 4469 14
4600 4600 13
4853 4853 15
5578 5578 15
5653 5653 13
6181 6181 12
6849 6849 14
7495 7495 12
7546 7546 13
8209 8209 15
8273 8273 12
8997 8997 12
9131 9131 11
9424 9424 13
9842 9842 13
40 40 14
59 59 13
1126 1126 13
2933 2933 12
4246 4246 14
4556 4556 13
4935 4935 14
5222 5222 13
5384 5384 14
6053 6053 12
6442 6442 15
6874 6874 16
7335 7335 14
7365 7365 13
7911 7911 11
7982 7982 12
8272 8272 11
8354 8354 14
8472 8472 16
9823 9823 12
989 989 12
1020 1020 13
1145 1145 13
1301 1301 13
1707 1707 13
1915 1915 12
3096 3096 12
3276 3276 14
4886 4886 15
6124 6124 12
6625 6625 13
7155 7155 13
7279 7279 12
7500 7500 14
7812 7812 13
8565 8565 15
8768 8768 15
9373 9373 12
9385 9385 15
9773 9773 14
197 197 12
2533 2533 16
2785 2785 13
2905 2905 15
3401 3401 14
3414 3414 13
3984 3984 12
4985 4985 14
5146 5146 14
5313 5313 14
5317 5317 16
6334 6334 12
6484 6484 12
6555 6555 14
7625 7625 15
8969 8969 15
9019 9019 11
9356 9356 14
9618 9618 15
9629 9629 11
58 58 14
781 781 14
1004 1004 14
1479 1479 13
1802 1802 15
1961 1961 12
2316 2316 16
2575 2575 16
3486 3486 13
4040 4040 12
4720 4720 14
5890 5890 14
6868 6868 14
7090 7090 14
7426 7426 15
8182 8182 13
8227 8227 13
9060 9060 16
9794 9794 13
9884 9884 14
237 237 13
312 312 16
1751 1751 16
2426 2426 12
3022 3022 14
3455 3455 11
3638 3638 16
4142 4142 14
4339 4339 14
5422 5422 13
5589 5589 15
5596 5596 13
5601 5601 14
5652 5652 15
6990 6990 11
7200 7200 16
7263 7263 12
7661 7661 12
9072 9072 14
9365 9365 13
539 539 12
2936 2936 15
4063 4063 14
4101 4101 15
4220 4220 14
4959 4959 14
6058 6058 13
6433 6433 15
6508 6508 12
6670 6670 15
6884 6884 12
6989 6989 12
7195 7195 16
7223 7223 14
7287 7287 14
8179 8179 15
8257 8257 12
8665 8665 14
9192 9192 15
9361 9361 12
52 52 13
281 281 13
303 303 15
354 354 16
774 774 15
2103 2103 15
2603 2603 16
2803 2803 13
3317 3317 12
3338 3338 16
3393 3393 15
3589 3589 12
5336 5336 14
5552 5552 13
5763 5763 16
5931 5931 16
5988 5988 12
6639 6639 14
7137 7137 15
7193 7193 12
359 359 15
2238 2238 14
2481 2481 14
2805 2805 12
3809 3809 15
3931 3931 15
4772 4772 14
4789 4789 13
4937 4937 12
5259 5259 14
5418 5418 15
5917 5917 16
6301 6301 13
6446 6446 11
7634 7634 14
7644 7644 12
7815 7815 15
8853 8853 15
8900 8900 16
9599 9599 12
1009 1009 13
1517 1517 16
1960 1960 16
3386 3386 15
3449 3449 13
3921 3921 14
3987 3987 14
4715 4715 15
5307 5307 12
5312 5312 14
5525 5525 13
6240 6240 15
6652 6652 12
6753 6753 13
7060 7060 15
8006 8006 14
9273 9273 12
9551 9551 15
9736 9736 13
9792 9792 15
82 82 14
418 418 14
771 771 13
885 885 11
922 922 14
1995 1995 11
2837 2837 15
3866 3866 12
4159 4159 15
4678 4678 12
5015 5015 15
5635 5635 12
7307 7307 12
8365 8365 12
8656 8656 14
9126 9126 15
9242 9242 12
9538 9538 14
9805 9805 14
9974 9974 12
1880 1880 12
2021 2021 13
2172 2172 15
2550 2550 14
2907 2907 12
2997 2997 12
4423 4423 12
4890 4890 16
5512 5512 13
5842 5842 15
6932 6932 15
7058 7058 13
7452 7452 15
7510 7510 16
7902 7902 12
8339 8339 11
8931 8931 15
9032 9032 13
9258 9258 15
9799 9799 16
622 622 15
901 901 12
954 954 13
1970 1970 13
2177 2177 12
3869 3869 16
4325 4325 16
4506 4506 11
4866 4866 13
4940 4940 12
4960 4960 14
5316 5316 15
5369 5369 13
5951 5951 13
6347 6347 14
7589 7589 15
8396 8396 16
8942 8942 16
9038 9038 13
9429 9429 14
65 65 12
1038 1038 13
1555 1555 15
1697 1697 15
2692 2692 14
2863 2863 13
2918 2918 16
3222 3222 13
4029 4029 13
4971 4971 11
5525 5525 14
5778 5778 13
6854 6854 12
6921 6921 12
7295 7295 16
7513 7513 15
7630 7630 13
8662 8662 12
8895 8895 12
9008 9008 14
883 883 14
1102 1102 14
2064 2064 13
2483 2483 13
3467 3467 12
3857 3857 15
4208 4208 15
4248 4248 13
6442 6442 12
6708 6708 16
7495 7495 13
7904 7904 13
8016 8016 16
8476 8476 12
8517 8517 14
9180 9180 15
9261 9261 15
9296 9296 12
9404 9404 16
9899 9899 14
34 34 16
704 704 12
850 850 11
1231 1231 12
3335 3335 15
3431 3431 11
3995 3995 13
4380 4380 11
4783 4783 12
5228 5228 14
6691 6691 15
7625 7625 14
8193 8193 11
8266 8266 13
8704 8704 15
9107 9107 13
9190 9190 13
9253 9253 12
9583 9583 15
9710 9710 14
47 47 12
809 809 13
1287 1287 14
1595 1595 15
1738 1738 15
1751 1751 14
2222 2222 13
2710 2710 15
3096 3096 15
3624 3624 13
5322 5322 15
5364 5364 13
6529 6529 14
6755 6755 12
7144 7144 11
7833 7833 12
7869 7869 13
7999 7999 14
8663 8663 12
9159 9159 11
309 309 15
525 525 14
744 744 15
1764 1764 14
1877 1877 15
2676 2676 14
3012 3012 12
3708 3708 15
4189 4189 12
5342 5342 15
5410 5410 14
6024 6024 14
6506 6506 13
8191 8191 12
8436 8436 16
8816 8816 12
8823 8823 13
8871 8871 15
9335 9335 13
9615 9615 14
24 24 15
157 157 16
381 381 15
819 819 12
927 927 13
1050 1050 12
1217 1217 12
2330 2330 14
2856 2856 12
4666 4666 15
5289 5289 13
5538 5538 12
5810 5810 12
6983 6983 12
7792 7792 14
8257 8257 12
8871 8871 12
9335 9335 11
9776 9776 16
9910 9910 12
726 726 15
731 731 15
985 985 15
1116 1116 12
1275 1275 13
1749 1749 15
1847 1847 14
2529 2529 13
3349 3349 13
3854 3854 12
3980 3980 14
4593 4593 11
4955 4955 15
5404 5404 12
6143 6143 12
6563 6563 15
7268 7268 15
7362 7362 15
8923 8923 15
9244 9244 14
11 11 12
271 271 15
660 660 13
1094 1094 14
1257 1257 15
1553 1553 15
1640 1640 14
2069 2069 15
2736 2736 16
2868 2868 13
3442 3442 16
4137 4137 13
4287 4287 15
4753 4753 14
5030 5030 12
5392 5392 11
5963 5963 15
6670 6670 11
6797 6797 14
8390 8390 15
2157 2157 16
2308 2308 13
5565 5565 14
5799 5799 14
5819 5819 14
5885 5885 13
5889 5889 14
6001 6001 12
6425 6425 15
6477 6477 16
6766 6766 14
7023 7023 14
7718 7718 15
7896 7896 12
8007 8007 15
8277 8277 12
8290 8290 12
8346 8346 11
8502 8502 13
9449 9449 14
1139 1139 15
1412 1412 15
1990 1990 15
2315 2315 12
3594 3594 12
4054 4054 14
4130 4130 16
4473 4473 14
5184 5184 13
5632 5632 12
5658 5658 14
5768 5768 16
5818 5818 12
6936 6936 14
7723 7723 13
7732 7732 15
7862 7862 12
8154 8154 11
8476 8476 12
9881 9881 13
45 45 13
251 251 14
466 466 13
1793 1793 12
2421 2421 12
3218 3218 13
3222 3222 11
3563 3563 13
3968 3968 12
4113 4113 12
4712 4712 12
5222 5222 11
6085 6085 12
6516 6516 15
6743 6743 16
7801 7801 15
7910 7910 14
9443 9443 14
9610 9610 14
9942 9942 14
197 197 11
374 374 15
1349 1349 11
1614 1614 12
2280 2280 14
2298 2298 12
2311 2311 14
3368 3368 13
4086 4086 15
4092 4092 14
4148 4148 16
4603 4603 14
4979 4979 12
6289 6289 11
6355 6355 11
6650 6650 14
7495 7495 13
7709 7709 12
8542 8542 15
9386 9386 13
775 775 13
779 779 15
1443 1443 15
2364 2364 15
2684 2684 16
4038 4038 16
4913 4913 14
5042 5042 14
5244 5244 15
5332 5332 11
5582 5582 14
6235 6235 14
6372 6372 14
7463 7463 13
7579 7579 15
8079 8079 14
8159 8159 13
8849 8849 12
8971 8971 15
9220 9220 14
470 470 12
472 472 13
688 688 14
2687 2687 13
3566 3566 15
3705 3705 15
4058 4058 14
4874 4874 14
5699 5699 11
6188 6188 12
6716 6716 16
6857 6857 15
6865 6865 14
7074 7074 11
8330 8330 12
8568 8568 14
8643 8643 13
8800 8800 14
8895 8895 13
9411 9411 11
80 80 15
840 840 14
892 892 14
1542 1542 12
1610 1610 13
2588 2588 15
3536 3536 13
3753 3753 13
4164 4164 14
4232 4232 14
4834 4834 13
4894 4894 14
5372 5372 15
5394 5394 14
6885 6885 12
6896 6896 16
7206 7206 14
7661 7661 16
7763 7763 11
8924 8924 12
138 138 12
374 374 11
758 758 15
965 965 13
1550 1550 14
2320 2320 12
2498 2498 12
5175 5175 11
5200 5200 15
5340 5340 12
5541 5541 12
6189 6189 14
6487 6487 14
6488 6488 14
6672 6672 15
8442 8442 12
8466 8466 13
8530 8530 12
8850 8850 13
9988 9988 16
709 709 16
1337 1337 15
1600 1600 14
1655 1655 14
1666 1666 14
1765 1765 14
2055 2055 11
3629 3629 12
3923 3923 13
4023 4023 15
5180 5180 12
5223 5223 15
5922 5922 15
7459 7459 12
7984 7984 13
8004 8004 13
8143 8143 12
8311 8311 12
8402 8402 15
8830 8830 11
84 84 15
234 234 13
416 416 14
498 498 13
865 865 13
1090 1090 13
1794 1794 15
2476 2476 12
2516 2516 13
3234 3234 15
3969 3969 14
5018 5018 12
5768 5768 16
6255 6255 15
7461 7461 15
7861 7861 12
8210 8210 12
8306 8306 14
9196 9196 13
9740 9740 14
1114 1114 12
1761 1761 16
1847 1847 14
2556 2556 14
2639 2639 12
2923 2923 11
3522 3522 13
4511 4511 15
4842 4842 14
6107 6107 11
6283 6283 14
6330 6330 16
6601 6601 11
6997 6997 12
7256 7256 14
7308 7308 14
8676 8676 11
8867 8867 16
9781 9781 13
9956 9956 15
18 18 13
2022 2022 16
2314 2314 16
2642 2642 13
2786 2786 15
2954 2954 12
3288 3288 15
3356 3356 15
3549 3549 15
3752 3752 14
3908 3908 12
5217 5217 12
6844 6844 13
7710 7710 13
7762 7762 14
7949 7949 16
8515 8515 14
8702 8702 11
9296 9296 12
9515 9515 16
185 185 14
338 338 12
470 470 12
715 715 13
872 872 14
2049 2049 14
2797 2797 14
3230 3230 15
3284 3284 12
3352 3352 13
3638 3638 14
4002 4002 13
4149 4149 14
5958 5958 14
7343 7343 12
7429 7429 13
8124 8124 12
8272 8272 15
8571 8571 11
9381 9381 14
371 371 11
502 502 16
572 572 13
603 603 16
1022 1022 11
1663 1663 12
1852 1852 15
1944 1944 13
2368 2368 11
3055 3055 11
4973 4973 12
5001 5001 13
6076 6076 15
6414 6414 11
6681 6681 15
7687 7687 12
7977 7977 12
8284 8284 15
8865 8865 14
8928 8928 14
436 436 13
556 556 13
835 835 13
840 840 13
844 844 12
1075 1075 15
1441 1441 14
2852 2852 13
3255 3255 12
3860 3860 14
5085 5085 12
6785 6785 15
6829 6829 12
6891 6891 11
7174 7174 12
7705 7705 14
8743 8743 12
8995 8995 14
9245 9245 15
9495 9495 13
505 505 14
599 599 12
1231 1231 13
1572 1572 13
2726 2726 13
2728 2728 15
2754 2754 14
3363 3363 14
3735 3735 16
4045 4045 12
4595 4595 15
5540 5540 12
5679 5679 14
6459 6459 14
7595 7595 12
7616 7616 15
8049 8049 15
8158 8158 14
9302 9302 12
9492 9492 15
1151 1151 15
1584 1584 12
2144 2144 12
2842 2842 15
3034 3034 13
3402 3402 15
3451 3451 11
3680 3680 12
3959 3959 12
4511 4511 12
5948 5948 13
6000 6000 14
6770 6770 12
7030 7030 15
7533 7533 13
7856 7856 14
8363 8363 11
8883 8883 12
9240 9240 13
9440 9440 15
85 85 13
1382 1382 13
1422 1422 12
3021 3021 12
3233 3233 14
3766 3766 13
4064 4064 11
5262 5262 15
6022 6022 14
6062 6062 14
6728 6728 15
6743 6743 12
6881 6881 14
7054 7054 15
7486 7486 15
7497 7497 14
7844 7844 13
8717 8717 13
8750 8750 15
9887 9887 12
838 838 15
2180 2180 15
2230 2230 12
2872 2872 11
3095 3095 12
3395 3395 16
3785 3785 12
5205 5205 13
5535 5535 11
6007 6007 13
6292 6292 12
6916 6916 14
7137 7137 12
7226 7226 12
8360 8360 15
8453 8453 11
9320 9320 11
9467 9467 14
9559 9559 15
9680 9680 15
229 229 16
345 345 12
2040 2040 15
2613 2613 15
3022 3022 14
3458 3458 12
4467 4467 13
5474 5474 15
5770 5770 15
6153 6153 12
6290 6290 15
6880 6880 13
7337 7337 11
7599 7599 15
7935 7935 13
7987 7987 15
8136 8136 13
8162 8162 13
8297 8297 14
8488 8488 15
207 207 14
576 576 15
852 852 14
2137 2137 14
2807 2807 14
4289 4289 15
4363 4363 15
4769 4769 15
4877 4877 13
5001 5001 11
5521 5521 11
6531 6531 16
6713 6713 11
7323 7323 16
7500 7500 13
7773 7773 12
7924 7924 15
8226 8226 12
9547 9547 16
9734 9734 13
36 36 12
980 980 14
1406 1406 13
1471 1471 15
2174 2174 13
2231 2231 15
2243 2243 15
2449 2449 12
3002 3002 16
3948 3948 12
4138 4138 13
5015 5015 15
5162 5162 13
5395 5395 14
5644 5644 15
5821 5821 12
5852 5852 13
5962 5962 12
7688 7688 14
8244 8244 16
124 124 11
330 330 13
503 503 13
673 673 12
1071 1071 14
1324 1324 14
1767 1767 16
3187 3187 15
3469 3469 14
3666 3666 13
5128 5128 15
5131 5131 14
5337 5337 13
5950 5950 13
6029 6029 14
6145 6145 15
6358 6358 13
6657 6657 13
7429 7429 15
7588 7588 16
1276 1276 15
1459 1459 13
1522 1522 16
1538 1538 13
2271 2271 11
2840 2840 12
3635 3635 12
4003 4003 13
4238 4238 12
4655 4655 16
5904 5904 13
6607 6607 12
7024 7024 12
7162 7162 14
7614 7614 12
8214 8214 12
8490 8490 13
8824 8824 14
9513 9513 15
9943 9943 14
186 186 15
1011 1011 16
1696 1696 11
1816 1816 13
2722 2722 14
3331 3331 14
3385 3385 15
3489 3489 13
4075 4075 13
5471 5471 11
6232 6232 14
6344 6344 15
7272 7272 12
7884 7884 14
8815 8815 14
8866 8866 16
9124 9124 15
9745 9745 16
9766 9766 16
9907 9907 13
181 181 12
622 622 15
817 817 13
937 937 13
2629 2629 11
3319 3319 12
3721 3721 13
4246 4246 14
4601 4601 14
4813 4813 14
5050 5050 12
5181 5181 15
5569 5569 12
6223 6223 13
6682 6682 15
6695 6695 12
6962 6962 11
7477 7477 14
9525 9525 14
9558 9558 12
190 190 15
682 682 15
1231 1231 12
1405 1405 12
1651 1651 14
2027 2027 12
2139 2139 12
2398 2398 15
3079 3079 13
4205 4205 15
5145 5145 13
7203 7203 16
7502 7502 13
7896 7896 14
8332 8332 12
8397 8397 14
8669 8669 13
8763 8763 15
9466 9466 16
9822 9822 13
416 416 14
1004 1004 14
1199 1199 16
2434 2434 13
2617 2617 14
3599 3599 13
3829 3829 12
5014 5014 11
5065 5065 14
6191 6191 12
6218 6218 16
6524 6524 13
6540 6540 16
7384 7384 12
7554 7554 13
8724 8724 16
9040 9040 13
9390 9390 14
9728 9728 16
9975 9975 16
51 51 16
1105 1105 16
1160 1160 15
1599 1599 11
1795 1795 12
3101 3101 15
3525 3525 16
3593 3593 14
3938 3938 16
4096 4096 13
5259 5259 16
5407 5407 15
5493 5493 16
5809 5809 15
5836 5836 13
5903 5903 16
5945 5945 12
7430 7430 13
8422 8422 15
8609 8609 16
35 35 12
1288 1288 15
1507 1507 14
2230 2230 13
2619 2619 11
2764 2764 12
3102 3102 15
4134 4134 12
4750 4750 13
4896 4896 12
6476 6476 15
6574 6574 13
7224 7224 15
7383 7383 12
7445 7445 13
7572 7572 14
7920 7920 14
8299 8299 15
8876 8876 11
9032 9032 12
260 260 12
332 332 14
1985 1985 12
2482 2482 15
2526 2526 12
2808 2808 15
3323 3323 14
3452 3452 14
4044 4044 12
4180 4180 15
4525 4525 16
5160 5160 15
5699 5699 13
6276 6276 13
7791 7791 13
8151 8151 16
8395 8395 13
9238 9238 14
9744 9744 13
9785 9785 13
97 97 13
1287 1287 13
1971 1971 14
2754 2754 12
2996 2996 14
3422 3422 15
3737 3737 13
4023 4023 14
5550 5550 16
6190 6190 14
6669 6669 16
7230 7230 13
7576 7576 12
7737 7737 13
7780 7780 15
7785 7785 14
7833 7833 13
8145 8145 14
9717 9717 15
9840 9840 14
337 337 14
695 695 14
800 800 12
2032 2032 14
2403 2403 15
2695 2695 13
2783 2783 14
2886 2886 11
2961 2961 15
3168 3168 14
3169 3169 13
3332 3332 15
4016 4016 15
4167 4167 15
5431 5431 14
6845 6845 14
8444 8444 12
8669 8669 14
8948 8948 12
9425 9425 16
21 21 12
758 758 13
840 840 14
1089 1089 12
3569 3569 14
3706 3706 16
4602 4602 14
4880 4880 12
5223 5223 13
5448 5448 11
5645 5645 13
6258 6258 14
6590 6590 14
7657 7657 12
7736 7736 12
8303 8303 15
8755 8755 14
8813 8813 14
9669 9669 15
9937 9937 13
99 99 15
234 234 16
243 243 12
625 625 16
1886 1886 12
2184 2184 16
2299 2299 12
2867 2867 15
4116 4116 15
5419 5419 15
5426 5426 12
6592 6592 14
6999 6999 16
7307 7307 11
7310 7310 14
7479 7479 13
7514 7514 12
8088 8088 11
8855 8855 14
9656 9656 14
276 276 12
678 678 15
762 762 15
1931 1931 14
2397 2397 13
3168 3168 15
3170 3170 13
3183 3183 11
3251 3251 14
3494 3494 13
3937 3937 12
3973 3973 13
4010 4010 13
4062 4062 13
5105 5105 13
5988 5988 12
6298 6298 13
6317 6317 15
8240 8240 16
9173 9173 11
97 97 12
1166 1166 14
1187 1187 16
1220 1220 13
1688 1688 14
3269 3269 14
3994 3994 16
4262 4262 12
4409 4409 14
4816 4816 14
5508 5508 11
5902 5902 13
6138 6138 16
6442 6442 13
6802 6802 12
7932 7932 12
8901 8901 14
9008 9008 12
9040 9040 16
9713 9713 13
1496 1496 15
1957 1957 11
2569 2569 15
3319 3319 13
3510 3510 15
3793 3793 13
4133 4133 12
5280 5280 13
5456 5456 15
6435 6435 15
6679 6679 13
7090 7090 12
7370 7370 12
8039 8039 15
8216 8216 11
8221 8221 12
8743 8743 12
8870 8870 14
8875 8875 12
9066 9066 15
781 781 15
1740 1740 11
2815 2815 14
3056 3056 14
3415 3415 13
4609 4609 16
4872 4872 15
5196 5196 14
5304 5304 13
5379 5379 15
6032 6032 12
7316 7316 12
7359 7359 15
7762 7762 12
8156 8156 12
8277 8277 14
8312 8312 12
8335 8335 12
8739 8739 14
9316 9316 13
6 6 13
163 163 13
480 480 14
1438 1438 13
2013 2013 15
2293 2293 11
2608 2608 14
3583 3583 14
4031 4031 13
4041 4041 16
4065 4065 14
5194 5194 11
5271 5271 14
7212 7212 15
7597 7597 12
7766 7766 16
8347 8347 14
9023 9023 15
9240 9240 13
9789 9789 12
614 614 13
835 835 13
2398 2398 12
3035 3035 14
3356 3356 12
3601 3601 15
3897 3897 12
4586 4586 13
5147 5147 16
5498 5498 16
5527 5527 12
5542 5542 13
5828 5828 15
7961 7961 15
8113 8113 15
8570 8570 11
8629 8629 11
8979 8979 15
9288 9288 14
9728 9728 15
1456 1456 16
2021 2021 14
2207 2207 12
2569 2569 14
2992 2992 15
3167 3167 14
3591 3591 14
4018 4018 13
4032 4032 15
4062 4062 15
4468 4468 15
5340 5340 12
5911 5911 14
6287 6287 14
6349 6349 14
6832 6832 13
6950 6950 12
7296 7296 13
7569 7569 13
7889 7889 14
419 419 15
2046 2046 12
2070 2070 15
2266 2266 11
3901 3901 13
3926 3926 13
4319 4319 12
4523 4523 12
5528 5528 14
5920 5920 12
7674 7674 11
8028 8028 14
8265 8265 12
8782 8782 12
8815 8815 15
8821 8821 14
9126 9126 16
9167 9167 15
9482 9482 12
9613 9613 16
287 287 16
301 301 15
378 378 12
600 600 16
1485 1485 13
1580 1580 13
1856 1856 15
1926 1926 15
2506 2506 12
3117 3117 13
3309 3309 14
3463 3463 13
4279 4279 13
4952 4952 14
6073 6073 13
6355 6355 12
6650 6650 14
9233 9233 11
9241 9241 12
9968 9968 14
782 782 15
1163 1163 13
3059 3059 12
3261 3261 14
3413 3413 15
3934 3934 12
4107 4107 13
4351 4351 13
4557 4557 14
6346 6346 14
6542 6542 14
7749 7749 16
8765 8765 12
8773 8773 11
8834 8834 13
8880 8880 15
9424 9424 12
9645 9645 14
9664 9664 14
9912 9912 13
7 7 11
1493 1493 15
1962 1962 14
2544 2544 12
2786 2786 14
4001 4001 14
4576 4576 13
4729 4729 14
5280 5280 12
5444 5444 15
5496 5496 15
6178 6178 13
6202 6202 14
6986 6986 13
7509 7509 14
7907 7907 11
8178 8178 15
9003 9003 13
9527 9527 13
9829 9829 11
2074 2074 15
2433 2433 12
2470 2470 13
2771 2771 13
3666 3666 14
3781 3781 15
4128 4128 12
4438 4438 15
4571 4571 15
4638 4638 14
6578 6578 15
6805 6805 12
7472 7472 12
7695 7695 13
8478 8478 11
8479 8479 14
8564 8564 16
9049 9049 12
9687 9687 12
9903 9903 15
883 883 14
1148 1148 15
2153 2153 15
2155 2155 14
2836 2836 12
3056 3056 12
4181 4181 14
4233 4233 15
4357 4357 15
4358 4358 15
4422 4422 15
4842 4842 11
5392 5392 15
7127 7127 14
7185 7185 15
7403 7403 12
8033 8033 14
8162 8162 12
8335 8335 12
8596 8596 14
2 2 11
429 429 12
452 452 13
1181 1181 12
2933 2933 13
4863 4863 15
5617 5617 15
5697 5697 13
6364 6364 15
6370 6370 15
6415 6415 13
6461 6461 15
6712 6712 12
7146 7146 15
7300 7300 14
7328 7328 11
7386 7386 11
7524 7524 14
8517 8517 12
8996 8996 12
892 892 13
1267 1267 12
2489 2489 16
3019 3019 15
3133 3133 15
4388 4388 14
4510 4510 14
5056 5056 15
5071 5071 13
5173 5173 13
5252 5252 14
5697 5697 12
6177 6177 12
6300 6300 13
6531 6531 14
7136 7136 13
8713 8713 11
9187 9187 14
9457 9457 13
9548 9548 13
701 701 14
1402 1402 14
2151 2151 13
2708 2708 13
2755 2755 11
3796 3796 15
6470 6470 14
6477 6477 15
6876 6876 13
7478 7478 15
7591 7591 12
7771 7771 15
7833 7833 14
7952 7952 14
8059 8059 12
8560 8560 14
8748 8748 15
8789 8789 13
9263 9263 15
9691 9691 14
175 175 12
1164 1164 15
1341 1341 13
1635 1635 12
1818 1818 14
2124 2124 12
2128 2128 16
2195 2195 15
2617 2617 12
3803 3803 14
4733 4733 11
5163 5163 15
5830 5830 15
6401 6401 11
8259 8259 16
8412 8412 14
9503 9503 14
9701 9701 13
9782 9782 15
9975 9975 13
263 263 15
1694 1694 16
1806 1806 15
2131 2131 13
2202 2202 13
2256 2256 12
2921 2921 12
3926 3926 14
4281 4281 13
4599 4599 15
4631 4631 14
4775 4775 14
5173 5173 12
5357 5357 12
5477 5477 15
5845 5845 12
6423 6423 12
7838 7838 15
8484 8484 14
9704 9704 14
106 106 12
298 298 14
345 345 15
695 695 12
959 959 12
1132 1132 13
1885 1885 13
2256 2256 14
2382 2382 14
2871 2871 13
3475 3475 13
4288 4288 14
4483 4483 11
4709 4709 13
5349 5349 12
5741 5741 13
6184 6184 16
6320 6320 13
9069 9069 13
9322 9322 12
1877 1877 14
2087 2087 11
2938 2938 12
3131 3131 14
3465 3465 13
3465 3465 15
3982 3982 14
4129 4129 12
4608 4608 14
5521 5521 14
5650 5650 14
5842 5842 15
6365 6365 15
6856 6856 12
7316 7316 13
7588 7588 14
8867 8867 15
8914 8914 12
9352 9352 11
9608 9608 13
254 254 11
309 309 15
375 375 13
683 683 15
1160 1160 12
1410 1410 15
1623 1623 15
1737 1737 13
2184 2184 15
3843 3843 15
4394 4394 15
4550 4550 13
4649 4649 15
5142 5142 13
5336 5336 14
6140 6140 15
8030 8030 15
8053 8053 12
8411 8411 14
9244 9244 14
966 966 15
1089 1089 11
1183 1183 15
1741 1741 15
1868 1868 12
2280 2280 13
2752 2752 16
2920 2920 12
3263 3263 15
3298 3298 15
3653 3653 13
5004 5004 15
6015 6015 12
6312 6312 13
6565 6565 11
8390 8390 15
9319 9319 11
9438 9438 12
9743 9743 12
9763 9763 15
