2000 20 4799491
100 56 209
100 55 226
100 75 224
100 108 230
100 56 222
100 52 237
100 150 185
100 61 195
100 147 204
100 134 243
100 99 210
100 133 212
100 109 232
100 50 240
100 58 174
100 150 171
100 58 213
100 54 162
100 62 190
100 129 177
40 40 2
47 47 2
110 110 3
292 292 3
331 331 3
426 426 3
436 436 2
480 480 2
496 496 3
527 527 2
595 595 3
636 636 3
930 930 3
1144 1144 3
1496 1496 3
1524 1524 3
1624 1624 3
1657 1657 3
1660 1660 2
1803 1803 2
1998 1998 3
2105 2105 3
2159 2159 2
2179 2179 3
2369 2369 3
2452 2452 2
2523 2523 3
2619 2619 3
2645 2645 2
2706 2706 3
2747 2747 2
3239 3239 3
3298 3298 3
3451 3451 3
3527 3527 3
3581 3581 3
3856 3856 2
3954 3954 3
3997 3997 2
4072 4072 2
4154 4154 3
4156 4156 2
4237 4237 2
4635 4635 3
4659 4659 3
4749 4749 3
4815 4815 2
4845 4845 2
4958 4958 3
5115 5115 2
5151 5151 2
5207 5207 3
5316 5316 2
5318 5318 3
5354 5354 3
5360 5360 3
5531 5531 3
5622 5622 2
5772 5772 3
5776 5776 2
5842 5842 3
6028 6028 2
6246 6246 3
6272 6272 3
6453 6453 2
6495 6495 3
6621 6621 2
6704 6704 3
6747 6747 3
6768 6768 3
6811 6811 3
7071 7071 2
7130 7130 3
7183 7183 3
7208 7208 2
7344 7344 2
7362 7362 3
7509 7509 3
7817 7817 2
8088 8088 3
8336 8336 3
8373 8373 3
8465 8465 3
8728 8728 2
8814 8814 3
8846 8846 3
8917 8917 3
8936 8936 2
8948 8948 2
8977 8977 2
9021 9021 3
9041 9041 3
9114 9114 3
9123 9123 2
9147 9147 3
9321 9321 3
9496 9496 2
9590 9590 3
9764 9764 2
9820 9820 3
75 75 3
106 106 3
381 381 2
496 496 3
537 537 3
707 707 3
802 802 3
895 895 2
1010 1010 2
1033 1033 2
1065 1065 3
1071 1071 3
1132 1132 3
1175 1175 3
1213 1213 3
1264 1264 3
1275 1275 2
1405 1405 3
1428 1428 2
1483 1483 3
1822 1822 3
1849 1849 2
1862 1862 3
1918 1918 2
2074 2074 2
2108 2108 3
2257 2257 3
2356 2356 2
2375 2375 2
2394 2394 3
2467 2467 3
2483 2483 2
2542 2542 3
2585 2585 3
2721 2721 3
3091 3091 2
3095 3095 3
3260 3260 3
3278 3278 2
3291 3291 3
3380 3380 3
3562 3562 2
3777 3777 3
3779 3779 3
3912 3912 3
4022 4022 3
4182 4182 3
4501 4501 3
4537 4537 2
4875 4875 3
4895 4895 3
4907 4907 3
5039 5039 3
5113 5113 3
5127 5127 3
5146 5146 2
5186 5186 3
5374 5374 3
5569 5569 3
5632 5632 3
5745 5745 3
5940 5940 3
5955 5955 3
6343 6343 2
6355 6355 2
6508 6508 2
6519 6519 3
6673 6673 3
6745 6745 2
6834 6834 3
6961 6961 3
7160 7160 3
7253 7253 3
7271 7271 3
7323 7323 2
7346 7346 3
7595 7595 3
7711 7711 2
7786 7786 3
7814 7814 2
8048 8048 3
8051 8051 3
8189 8189 3
8213 8213 3
8297 8297 2
8338 8338 3
8610 8610 3
8688 8688 2
8919 8919 2
9033 9033 2
9049 9049 2
9057 9057 3
9100 9100 3
9299 9299 3
9345 9345 3
9382 9382 3
9575 9575 2
9602 9602 3
9948 9948 3
9983 9983 3
220 220 2
442 442 2
458 458 3
564 564 2
637 637 3
656 656 2
688 688 3
747 747 3
845 845 3
1106 1106 3
1251 1251 2
1372 1372 3
1475 1475 2
1545 1545 3
1640 1640 2
1778 1778 2
1800 1800 2
1924 1924 3
1966 1966 2
2012 2012 2
2053 2053 2
2158 2158 2
2397 2397 2
2429 2429 3
2587 2587 3
2609 2609 3
2812 2812 2
2830 2830 2
2845 2845 2
3010 3010 3
3054 3054 3
3440 3440 3
3545 3545 2
3577 3577 2
3609 3609 3
3715 3715 3
3746 3746 3
3783 3783 2
3864 3864 3
3954 3954 2
4116 4116 3
4143 4143 2
4255 4255 3
4372 4372 3
4720 4720 2
4754 4754 3
4885 4885 2
4926 4926 2
5023 5023 3
5265 5265 3
5271 5271 3
5327 5327 3
5450 5450 2
5655 5655 3
5696 5696 3
5703 5703 3
5770 5770 3
5798 5798 3
5844 5844 3
5909 5909 3
5922 5922 3
6150 6150 3
6158 6158 2
6176 6176 3
6438 6438 3
6629 6629 2
6734 6734 3
6949 6949 3
7128 7128 2
7199 7199 3
7210 7210 3
7333 7333 2
7336 7336 3
7420 7420 3
7670 7670 3
7805 7805 2
7963 7963 3
7966 7966 3
8156 8156 3
8199 8199 2
8377 8377 3
8438 8438 3
8574 8574 3
8645 8645 2
8654 8654 3
8721 8721 3
8722 8722 2
8764 8764 3
8771 8771 2
8859 8859 3
8975 8975 3
9208 9208 2
9405 9405 3
9509 9509 3
9620 9620 2
9652 9652 2
9657 9657 2
9767 9767 2
9871 9871 3
9989 9989 3
98 98 3
176 176 3
243 243 3
277 277 3
314 314 3
327 327 3
359 359 3
536 536 3
561 561 3
660 660 2
681 681 2
818 818 3
874 874 2
1001 1001 3
1110 1110 3
1322 1322 3
1424 1424 3
1425 1425 3
1551 1551 3
1594 1594 3
1639 1639 3
1680 1680 3
1694 1694 3
1742 1742 3
1800 1800 2
1845 1845 3
1932 1932 3
2401 2401 2
2537 2537 2
2546 2546 2
2587 2587 3
3085 3085 3
3134 3134 2
3180 3180 3
3194 3194 3
3214 3214 3
3412 3412 3
3496 3496 2
3498 3498 2
3613 3613 3
3681 3681 2
3741 3741 3
3756 3756 3
3797 3797 2
3833 3833 3
4164 4164 3
4326 4326 2
4370 4370 3
4465 4465 2
4488 4488 3
4553 4553 3
4592 4592 3
4660 4660 3
4931 4931 3
4992 4992 2
5156 5156 3
5312 5312 3
5602 5602 2
5664 5664 3
5756 5756 2
5795 5795 2
5848 5848 3
5933 5933 3
6038 6038 3
6124 6124 3
6168 6168 3
6437 6437 2
6542 6542 3
6728 6728 2
7020 7020 2
7094 7094 3
7106 7106 2
7123 7123 3
7235 7235 3
7268 7268 3
7402 7402 3
7469 7469 3
7867 7867 2
7894 7894 3
8111 8111 2
8127 8127 3
8132 8132 2
8140 8140 2
8261 8261 3
8492 8492 3
8592 8592 2
8681 8681 3
8946 8946 3
9025 9025 2
9061 9061 2
9070 9070 3
9179 9179 3
9215 9215 3
9423 9423 3
9647 9647 3
9763 9763 2
9805 9805 2
9830 9830 2
9968 9968 3
9979 9979 2
76 76 3
213 213 2
322 322 2
324 324 3
353 353 2
427 427 3
441 441 2
576 576 2
616 616 2
675 675 2
722 722 3
987 987 3
1040 1040 2
1098 1098 3
1338 1338 2
1351 1351 2
1433 1433 2
1476 1476 3
1533 1533 2
1558 1558 3
1605 1605 3
1750 1750 2
1754 1754 3
1822 1822 2
1894 1894 3
1997 1997 3
2033 2033 3
2073 2073 3
2179 2179 3
2214 2214 2
2280 2280 3
2324 2324 3
2344 2344 2
2630 2630 2
2751 2751 3
2940 2940 2
2953 2953 3
2964 2964 2
3010 3010 2
3067 3067 3
3092 3092 3
3182 3182 2
3387 3387 2
3400 3400 3
3486 3486 3
3702 3702 2
3712 3712 3
3718 3718 2
3780 3780 2
3796 3796 3
3810 3810 2
3948 3948 3
3967 3967 2
3973 3973 3
4023 4023 2
4237 4237 3
4402 4402 3
4655 4655 2
5300 5300 3
5589 5589 2
5656 5656 3
5828 5828 2
5876 5876 3
5919 5919 3
6106 6106 2
6133 6133 2
6401 6401 2
6434 6434 3
6611 6611 2
6697 6697 3
6763 6763 3
6890 6890 2
6893 6893 3
7103 7103 2
7122 7122 2
7125 7125 2
7337 7337 3
7364 7364 2
7478 7478 3
7613 7613 2
7624 7624 3
7740 7740 3
7781 7781 2
8038 8038 3
8475 8475 3
8655 8655 3
8682 8682 3
8697 8697 2
8781 8781 2
8782 8782 2
8828 8828 3
9006 9006 3
9204 9204 2
9276 9276 3
9282 9282 3
9286 9286 3
9452 9452 3
9607 9607 2
9782 9782 3
9927 9927 3
34 34 3
46 46 3
51 51 3
68 68 3
310 310 3
328 328 3
391 391 3
413 413 3
620 620 2
701 701 3
752 752 2
798 798 2
982 982 3
1028 1028 2
1091 1091 2
1555 1555 2
1605 1605 2
1645 1645 3
1766 1766 3
1951 1951 2
2251 2251 2
2598 2598 2
2658 2658 2
2762 2762 3
2843 2843 3
2913 2913 2
3141 3141 2
3346 3346 3
3686 3686 2
3695 3695 2
3869 3869 2
3894 3894 3
4045 4045 2
4064 4064 2
4195 4195 3
4236 4236 2
4263 4263 2
4263 4263 3
4316 4316 2
4458 4458 3
4684 4684 2
4725 4725 3
5260 5260 3
5324 5324 3
5459 5459 3
5472 5472 3
5488 5488 3
5531 5531 2
5717 5717 2
5785 5785 3
5986 5986 2
6051 6051 3
6159 6159 2
6348 6348 3
6454 6454 3
6463 6463 2
6510 6510 3
6571 6571 2
6626 6626 3
6650 6650 3
6689 6689 2
6689 6689 3
6743 6743 2
6768 6768 2
6795 6795 3
6821 6821 2
6868 6868 2
7111 7111 3
7125 7125 2
7189 7189 3
7208 7208 3
7213 7213 2
7438 7438 2
7555 7555 3
7597 7597 3
7605 7605 2
7626 7626 3
7965 7965 2
7991 7991 2
8032 8032 3
8174 8174 3
8384 8384 2
8480 8480 2
8520 8520 2
8564 8564 2
8616 8616 3
8636 8636 2
8761 8761 2
8878 8878 3
8879 8879 3
8985 8985 2
8986 8986 2
9019 9019 3
9206 9206 3
9255 9255 2
9415 9415 3
9825 9825 2
9853 9853 3
9942 9942 3
9980 9980 3
49 49 2
134 134 3
150 150 3
274 274 2
313 313 3
363 363 2
509 509 3
528 528 3
535 535 2
665 665 2
750 750 3
784 784 2
983 983 3
1118 1118 3
1154 1154 2
1177 1177 3
1310 1310 2
1335 1335 3
1389 1389 3
1539 1539 3
1686 1686 3
1862 1862 2
2016 2016 2
2065 2065 2
2071 2071 3
2075 2075 3
2081 2081 2
2186 2186 3
2258 2258 3
2273 2273 3
2283 2283 2
2422 2422 3
2455 2455 3
2529 2529 3
2580 2580 3
2690 2690 3
2760 2760 2
2848 2848 2
2950 2950 3
3079 3079 3
3266 3266 3
3371 3371 3
3386 3386 2
3414 3414 3
3464 3464 3
3682 3682 3
3799 3799 3
3909 3909 3
3943 3943 3
3953 3953 3
4110 4110 3
4172 4172 3
4370 4370 3
4485 4485 3
4600 4600 3
4819 4819 3
4944 4944 3
5266 5266 2
5283 5283 3
5287 5287 2
5672 5672 2
5819 5819 3
5924 5924 2
5935 5935 2
5946 5946 3
5984 5984 3
6002 6002 2
6044 6044 3
6423 6423 3
6502 6502 3
6631 6631 2
6883 6883 3
6926 6926 3
6998 6998 3
7008 7008 2
7095 7095 2
7106 7106 3
7381 7381 2
7646 7646 3
7740 7740 3
7748 7748 3
7955 7955 2
8076 8076 3
8125 8125 3
8501 8501 3
8611 8611 3
8718 8718 3
8876 8876 2
8969 8969 3
9078 9078 3
9327 9327 2
9328 9328 3
9460 9460 2
9572 9572 3
9615 9615 3
9655 9655 2
9667 9667 3
9735 9735 2
9752 9752 3
9771 9771 3
443 443 2
456 456 2
569 569 3
574 574 2
615 615 2
615 615 2
626 626 2
755 755 3
765 765 2
973 973 3
989 989 2
1022 1022 3
1071 1071 2
1252 1252 2
1281 1281 2
1689 1689 3
1715 1715 2
1726 1726 3
1902 1902 3
1963 1963 2
1964 1964 3
2212 2212 3
2330 2330 2
2398 2398 3
2555 2555 2
2700 2700 3
3149 3149 2
3414 3414 3
3464 3464 3
3704 3704 2
3787 3787 2
3804 3804 2
3821 3821 3
3926 3926 2
3938 3938 3
3990 3990 2
4077 4077 3
4233 4233 2
4443 4443 3
4455 4455 3
4474 4474 2
4559 4559 3
4586 4586 3
4596 4596 2
4693 4693 3
4860 4860 2
4927 4927 2
5057 5057 2
5099 5099 2
5151 5151 3
5200 5200 3
5246 5246 3
5451 5451 3
5509 5509 3
5657 5657 3
5714 5714 3
5781 5781 2
5854 5854 2
5864 5864 3
6162 6162 2
6228 6228 2
6241 6241 2
6241 6241 2
6248 6248 3
6340 6340 3
6471 6471 3
6614 6614 2
6639 6639 3
6704 6704 3
6827 6827 3
6916 6916 2
6949 6949 2
6953 6953 3
7058 7058 2
7077 7077 2
7151 7151 2
7201 7201 2
7412 7412 3
7535 7535 3
7656 7656 3
7665 7665 3
7809 7809 3
7868 7868 3
7926 7926 3
7975 7975 2
8013 8013 3
8088 8088 3
8502 8502 3
8516 8516 3
8719 8719 3
8720 8720 2
8802 8802 2
9103 9103 3
9570 9570 3
9662 9662 3
9701 9701 3
9717 9717 3
9774 9774 3
9787 9787 3
9926 9926 3
40 40 3
318 318 2
419 419 3
479 479 2
938 938 2
948 948 2
1044 1044 3
1047 1047 3
1077 1077 2
1413 1413 3
1419 1419 2
1470 1470 3
1648 1648 3
1681 1681 3
1797 1797 2
1810 1810 3
1812 1812 2
1977 1977 3
1996 1996 2
2143 2143 3
2216 2216 3
2286 2286 2
2356 2356 3
2375 2375 3
2529 2529 3
2533 2533 2
2630 2630 2
2731 2731 3
2910 2910 3
2981 2981 2
2987 2987 3
3026 3026 2
3075 3075 2
3081 3081 3
3084 3084 3
3238 3238 3
3259 3259 2
3280 3280 2
3451 3451 3
3555 3555 3
3630 3630 3
3675 3675 2
3722 3722 2
4069 4069 3
4167 4167 3
5103 5103 3
5114 5114 2
5181 5181 2
5238 5238 3
5283 5283 2
5336 5336 3
5493 5493 3
5515 5515 2
5611 5611 3
5909 5909 3
6010 6010 3
6038 6038 3
6245 6245 2
6464 6464 3
6662 6662 3
6758 6758 2
6826 6826 3
6930 6930 3
6954 6954 3
6984 6984 2
7056 7056 3
7103 7103 3
7399 7399 2
7509 7509 3
7534 7534 3
7636 7636 3
7661 7661 2
7804 7804 3
7839 7839 3
7964 7964 3
8089 8089 3
8177 8177 3
8195 8195 2
8321 8321 3
8354 8354 2
8406 8406 3
8414 8414 2
8481 8481 3
8650 8650 2
8750 8750 3
8758 8758 3
8762 8762 2
8848 8848 2
8943 8943 3
9063 9063 2
9117 9117 3
9217 9217 3
9348 9348 2
9365 9365 3
9393 9393 2
9472 9472 2
9799 9799 2
9831 9831 3
9834 9834 3
9851 9851 2
5 5 2
89 89 2
89 89 2
115 115 3
137 137 2
210 210 2
317 317 3
549 549 3
643 643 3
837 837 3
863 863 2
995 995 2
1054 1054 3
1074 1074 3
1117 1117 3
1142 1142 2
1198 1198 2
1277 1277 3
1337 1337 3
1350 1350 2
1636 1636 3
1655 1655 3
1688 1688 3
1880 1880 3
2047 2047 2
2277 2277 2
2347 2347 3
2458 2458 2
2665 2665 3
2870 2870 3
2882 2882 3
3313 3313 3
3345 3345 3
3482 3482 2
3495 3495 3
3598 3598 2
3621 3621 3
3675 3675 3
3817 3817 3
4075 4075 2
4173 4173 3
4176 4176 3
4181 4181 2
4612 4612 2
4761 4761 3
4761 4761 3
4798 4798 2
4888 4888 2
4977 4977 3
4993 4993 3
5029 5029 3
5142 5142 2
5143 5143 2
5185 5185 3
5243 5243 3
5370 5370 2
5383 5383 3
5773 5773 2
5800 5800 3
5911 5911 3
5964 5964 2
5966 5966 2
6088 6088 3
6169 6169 2
6257 6257 2
6307 6307 3
6459 6459 3
6472 6472 3
6693 6693 3
6786 6786 2
6880 6880 2
6975 6975 3
7128 7128 3
7235 7235 3
7299 7299 2
7427 7427 3
7430 7430 3
7454 7454 2
7588 7588 2
7835 7835 3
7954 7954 3
7967 7967 3
7969 7969 3
8038 8038 2
8324 8324 2
8328 8328 3
8677 8677 3
8979 8979 3
9012 9012 2
9132 9132 3
9177 9177 3
9221 9221 3
9263 9263 2
9423 9423 3
9461 9461 3
9574 9574 3
9677 9677 2
9717 9717 2
9718 9718 3
9746 9746 2
97 97 3
409 409 2
479 479 3
490 490 3
581 581 2
686 686 3
711 711 3
872 872 3
1005 1005 3
1100 1100 3
1189 1189 3
1327 1327 3
1352 1352 3
1361 1361 3
1379 1379 2
1615 1615 3
1650 1650 2
1774 1774 3
1831 1831 3
1844 1844 3
1859 1859 3
1873 1873 3
1976 1976 2
1994 1994 3
2098 2098 3
2132 2132 3
2154 2154 3
2189 2189 2
2299 2299 2
2305 2305 3
2406 2406 2
2487 2487 3
2488 2488 3
2673 2673 2
2698 2698 2
2798 2798 3
2801 2801 2
2950 2950 3
3030 3030 2
3240 3240 3
3241 3241 3
3723 3723 2
3876 3876 3
4036 4036 2
4274 4274 3
4433 4433 2
4448 4448 3
4547 4547 2
4572 4572 2
4766 4766 3
4787 4787 2
4888 4888 2
4916 4916 3
5010 5010 3
5154 5154 3
5405 5405 3
5696 5696 3
5860 5860 3
5888 5888 2
6069 6069 2
6078 6078 2
6097 6097 3
6233 6233 3
6238 6238 3
6267 6267 3
6565 6565 2
6686 6686 3
6811 6811 3
6901 6901 3
6915 6915 2
6959 6959 2
7000 7000 3
7065 7065 2
7232 7232 3
7245 7245 2
7277 7277 2
7347 7347 3
7399 7399 2
7500 7500 3
7614 7614 3
7797 7797 3
8019 8019 2
8051 8051 3
8079 8079 2
8171 8171 2
8281 8281 2
8399 8399 2
8673 8673 3
8694 8694 3
9046 9046 3
9064 9064 2
9083 9083 2
9112 9112 2
9202 9202 3
9231 9231 3
9420 9420 2
9460 9460 3
9475 9475 2
9613 9613 3
9785 9785 2
44 44 2
109 109 2
328 328 2
336 336 3
574 574 3
680 680 2
756 756 3
775 775 3
907 907 3
937 937 3
1189 1189 3
1226 1226 3
1254 1254 3
1291 1291 3
1538 1538 3
1553 1553 2
1619 1619 3
1824 1824 3
1901 1901 3
1986 1986 2
2125 2125 3
2279 2279 2
2317 2317 3
2348 2348 3
2400 2400 3
2403 2403 2
2612 2612 3
2717 2717 3
2757 2757 3
2819 2819 2
2819 2819 3
2843 2843 2
3431 3431 3
3620 3620 3
3668 3668 3
3791 3791 2
4000 4000 3
4091 4091 3
4245 4245 2
4287 4287 3
4365 4365 2
4782 4782 3
4852 4852 3
4879 4879 3
4957 4957 2
5049 5049 3
5117 5117 3
5311 5311 3
5316 5316 2
5431 5431 3
5456 5456 2
5498 5498 3
5506 5506 3
5537 5537 3
5571 5571 3
5635 5635 3
5641 5641 3
5796 5796 2
5831 5831 3
5975 5975 3
6011 6011 3
6045 6045 2
6064 6064 2
6168 6168 3
6345 6345 3
6380 6380 2
6503 6503 2
6516 6516 3
6622 6622 3
6681 6681 3
6920 6920 3
6996 6996 3
7005 7005 3
7118 7118 3
7230 7230 3
7236 7236 3
7504 7504 2
7590 7590 3
7697 7697 2
7776 7776 3
7799 7799 3
8003 8003 2
8039 8039 3
8262 8262 2
8445 8445 2
8456 8456 3
8666 8666 2
8710 8710 3
8735 8735 3
8833 8833 3
8906 8906 3
9216 9216 3
9325 9325 3
9425 9425 2
9478 9478 3
9478 9478 3
9501 9501 2
9869 9869 3
9927 9927 3
9953 9953 2
192 192 2
422 422 3
469 469 3
549 549 2
577 577 2
625 625 3
674 674 3
847 847 3
928 928 3
1199 1199 3
1279 1279 3
1460 1460 2
1504 1504 3
1529 1529 2
1642 1642 3
1729 1729 3
1906 1906 2
1928 1928 2
1978 1978 2
2013 2013 2
2067 2067 3
2088 2088 2
2157 2157 3
2380 2380 3
2533 2533 3
2578 2578 3
2672 2672 3
2701 2701 3
2985 2985 3
3033 3033 2
3048 3048 3
3295 3295 2
3300 3300 2
3311 3311 2
3314 3314 3
3388 3388 2
3415 3415 2
3561 3561 3
3576 3576 3
3580 3580 2
3622 3622 3
3860 3860 2
3872 3872 3
3920 3920 3
3970 3970 3
4016 4016 2
4105 4105 2
4217 4217 2
4275 4275 3
4334 4334 3
4358 4358 2
4610 4610 3
4631 4631 3
4770 4770 2
4780 4780 3
4910 4910 3
5000 5000 3
5098 5098 3
5115 5115 3
5369 5369 3
5646 5646 3
5690 5690 3
5793 5793 2
5879 5879 3
6029 6029 2
6118 6118 2
6218 6218 2
6273 6273 3
6515 6515 3
6623 6623 3
6661 6661 3
6749 6749 2
6769 6769 3
6774 6774 2
6943 6943 3
7004 7004 3
7284 7284 2
7312 7312 3
7431 7431 3
7502 7502 3
7559 7559 2
7583 7583 2
7825 7825 2
7837 7837 3
7959 7959 2
8172 8172 2
8369 8369 3
8609 8609 3
8628 8628 2
8637 8637 3
8837 8837 3
8858 8858 2
8861 8861 3
8984 8984 3
9251 9251 3
9543 9543 3
9611 9611 2
9761 9761 2
9877 9877 2
9879 9879 2
117 117 2
135 135 2
156 156 3
310 310 2
313 313 3
409 409 3
409 409 3
496 496 2
543 543 2
695 695 3
722 722 3
860 860 2
898 898 3
942 942 2
1070 1070 3
1092 1092 2
1177 1177 3
1388 1388 3
1510 1510 2
1627 1627 2
1781 1781 2
1792 1792 2
1855 1855 2
1925 1925 3
2166 2166 3
2174 2174 2
2361 2361 2
2441 2441 3
2475 2475 3
2687 2687 2
2704 2704 3
3337 3337 3
3441 3441 3
3564 3564 3
3565 3565 2
3628 3628 3
3690 3690 3
3708 3708 2
3889 3889 3
4131 4131 2
4244 4244 3
4569 4569 2
4662 4662 3
4666 4666 3
5191 5191 2
5194 5194 2
5198 5198 2
5427 5427 3
5479 5479 2
5636 5636 2
5753 5753 3
5904 5904 2
5920 5920 3
5943 5943 2
6104 6104 3
6128 6128 3
6443 6443 2
6518 6518 3
6535 6535 2
6573 6573 3
6614 6614 2
6718 6718 3
6724 6724 3
6756 6756 3
6788 6788 2
6819 6819 2
7179 7179 3
7237 7237 2
7319 7319 2
7331 7331 3
7373 7373 3
7510 7510 2
7615 7615 3
7645 7645 2
7786 7786 2
8099 8099 2
8099 8099 3
8112 8112 2
8171 8171 3
8237 8237 3
8331 8331 3
8366 8366 3
8471 8471 3
8613 8613 3
8642 8642 2
8649 8649 2
8835 8835 3
8913 8913 3
8946 8946 3
8987 8987 3
9084 9084 3
9566 9566 2
9597 9597 3
9607 9607 3
9623 9623 3
9632 9632 3
9704 9704 2
9709 9709 3
9755 9755 3
9843 9843 3
119 119 2
172 172 2
444 444 3
489 489 2
511 511 2
586 586 3
729 729 2
779 779 2
1067 1067 2
1191 1191 3
1251 1251 2
1653 1653 3
1858 1858 3
1869 1869 3
1948 1948 3
1968 1968 3
1993 1993 3
2164 2164 3
2253 2253 3
2345 2345 2
2382 2382 2
2474 2474 2
2565 2565 2
2613 2613 2
2737 2737 3
2779 2779 2
2892 2892 2
3067 3067 3
3071 3071 2
3169 3169 3
3192 3192 3
3195 3195 2
3266 3266 2
3308 3308 3
3597 3597 2
3843 3843 3
3987 3987 3
4051 4051 3
4181 4181 2
4315 4315 2
4331 4331 3
4387 4387 3
4410 4410 2
4440 4440 2
4452 4452 3
4481 4481 2
4685 4685 2
4792 4792 2
4811 4811 3
4812 4812 3
4825 4825 2
4918 4918 3
5026 5026 2
5141 5141 3
5168 5168 3
5464 5464 2
5722 5722 3
5794 5794 3
5828 5828 2
5899 5899 2
5906 5906 3
5929 5929 3
5933 5933 2
6042 6042 3
6198 6198 3
6229 6229 3
6246 6246 3
6496 6496 3
6540 6540 3
6787 6787 2
7104 7104 2
7297 7297 3
7328 7328 2
7337 7337 3
7431 7431 2
7510 7510 3
8108 8108 3
8195 8195 2
8215 8215 2
8282 8282 3
8302 8302 3
8322 8322 3
8362 8362 3
8487 8487 3
8509 8509 3
8590 8590 2
8629 8629 3
8811 8811 2
8872 8872 2
8906 8906 2
8946 8946 3
9244 9244 3
9418 9418 2
9496 9496 2
9618 9618 2
9659 9659 3
9739 9739 2
9746 9746 2
9928 9928 3
9998 9998 3
4 4 2
244 244 3
283 283 2
353 353 3
614 614 2
638 638 3
737 737 3
923 923 2
1047 1047 2
1090 1090 3
1156 1156 3
1169 1169 2
1240 1240 3
1279 1279 3
1417 1417 2
1622 1622 2
1640 1640 3
1653 1653 2
1696 1696 3
1698 1698 2
1748 1748 3
1770 1770 3
1795 1795 3
1807 1807 2
1812 1812 3
1878 1878 3
1889 1889 2
1955 1955 3
2131 2131 3
2203 2203 3
2462 2462 3
2551 2551 3
2644 2644 2
2697 2697 2
2947 2947 2
2949 2949 2
3003 3003 2
3427 3427 3
3447 3447 3
3571 3571 3
3723 3723 3
3758 3758 2
3831 3831 3
3850 3850 3
3863 3863 3
4024 4024 2
4071 4071 2
4150 4150 3
4320 4320 3
4928 4928 2
5006 5006 2
5007 5007 3
5097 5097 3
5549 5549 3
5613 5613 2
5762 5762 2
5769 5769 3
5817 5817 2
6037 6037 2
6063 6063 2
6114 6114 2
6142 6142 2
6170 6170 3
6363 6363 3
6395 6395 2
6398 6398 3
6436 6436 3
6528 6528 2
6907 6907 3
7079 7079 3
7148 7148 2
7197 7197 2
7360 7360 3
7367 7367 3
7393 7393 3
7599 7599 3
7633 7633 2
7682 7682 3
7817 7817 2
7877 7877 3
7952 7952 2
7969 7969 3
8272 8272 3
8282 8282 2
8343 8343 3
8420 8420 3
8562 8562 2
8591 8591 3
8642 8642 2
8682 8682 3
8776 8776 3
8873 8873 3
8917 8917 3
9015 9015 3
9018 9018 3
9505 9505 2
9547 9547 3
9760 9760 2
9911 9911 2
9967 9967 3
193 193 3
307 307 2
346 346 2
410 410 3
450 450 3
452 452 3
810 810 2
822 822 3
942 942 2
944 944 3
1053 1053 3
1082 1082 2
1084 1084 3
1217 1217 3
1311 1311 3
1423 1423 2
1535 1535 2
1556 1556 2
1568 1568 3
1653 1653 2
1797 1797 2
1900 1900 2
1918 1918 3
2295 2295 2
2369 2369 3
2400 2400 3
2470 2470 3
2546 2546 2
2634 2634 2
2773 2773 2
2792 2792 2
2885 2885 3
3091 3091 3
3187 3187 2
3303 3303 3
3331 3331 2
3414 3414 2
3442 3442 3
3535 3535 3
3558 3558 3
3934 3934 3
4031 4031 2
4263 4263 3
4287 4287 3
4468 4468 2
4471 4471 3
4584 4584 3
4742 4742 3
4806 4806 2
4873 4873 3
4902 4902 3
4985 4985 2
5067 5067 2
5121 5121 3
5284 5284 3
5389 5389 2
5555 5555 3
5566 5566 3
5640 5640 2
5875 5875 2
5877 5877 2
5880 5880 3
5950 5950 3
6047 6047 2
6083 6083 3
6093 6093 2
6167 6167 2
6168 6168 2
6288 6288 3
6442 6442 2
6489 6489 3
6559 6559 3
6564 6564 3
6576 6576 3
6585 6585 2
6704 6704 2
6735 6735 2
6941 6941 3
6969 6969 3
7049 7049 3
7190 7190 3
7507 7507 2
7553 7553 2
7595 7595 3
7727 7727 3
7883 7883 2
7885 7885 2
8274 8274 3
8492 8492 2
8777 8777 2
8842 8842 3
8929 8929 2
9121 9121 3
9129 9129 2
9319 9319 2
9465 9465 3
9554 9554 3
9597 9597 3
9854 9854 3
9885 9885 2
160 160 2
274 274 2
280 280 2
302 302 3
466 466 2
528 528 3
572 572 2
577 577 2
618 618 3
750 750 2
801 801 3
904 904 2
979 979 3
1298 1298 3
1316 1316 3
1325 1325 3
1419 1419 2
1487 1487 3
1551 1551 3
1564 1564 2
1684 1684 2
1771 1771 3
2000 2000 2
2039 2039 3
2138 2138 3
2332 2332 3
2362 2362 3
2526 2526 3
2544 2544 3
2631 2631 2
2779 2779 3
2981 2981 2
3034 3034 2
3059 3059 3
3092 3092 2
3215 3215 3
3258 3258 2
3894 3894 2
3961 3961 2
4192 4192 3
4210 4210 2
4247 4247 2
4550 4550 2
4770 4770 3
5012 5012 3
5234 5234 3
5250 5250 3
5334 5334 3
5402 5402 2
5458 5458 3
5484 5484 2
5530 5530 3
5565 5565 2
5598 5598 3
5665 5665 3
5744 5744 2
5825 5825 3
5908 5908 2
5953 5953 2
5969 5969 2
6211 6211 3
6265 6265 3
6338 6338 3
6353 6353 3
6424 6424 3
6586 6586 3
6615 6615 3
7127 7127 2
7170 7170 3
7181 7181 2
7215 7215 3
7341 7341 2
7568 7568 3
7651 7651 2
7698 7698 3
7757 7757 3
7873 7873 3
7988 7988 2
8039 8039 3
8118 8118 3
8164 8164 3
8167 8167 2
8223 8223 2
8255 8255 2
8445 8445 3
8465 8465 2
8870 8870 3
8973 8973 2
9008 9008 2
9125 9125 3
9127 9127 3
9305 9305 2
9342 9342 3
9444 9444 3
9681 9681 3
9737 9737 3
9740 9740 3
9771 9771 3
9809 9809 3
9997 9997 3
265 265 2
273 273 2
282 282 3
323 323 2
633 633 2
644 644 3
704 704 3
708 708 3
830 830 3
1173 1173 2
1252 1252 3
1375 1375 3
1402 1402 2
1518 1518 2
1657 1657 3
1669 1669 3
2183 2183 2
2197 2197 2
2271 2271 3
2315 2315 2
2580 2580 2
2631 2631 3
2748 2748 2
2819 2819 3
2970 2970 3
3118 3118 3
3156 3156 3
3845 3845 3
3886 3886 2
4035 4035 2
4052 4052 3
4152 4152 2
4171 4171 3
4258 4258 2
4277 4277 2
4323 4323 3
4339 4339 2
4353 4353 3
4490 4490 3
4616 4616 3
4674 4674 3
4721 4721 2
4727 4727 2
5071 5071 3
5173 5173 3
5217 5217 3
5304 5304 3
5387 5387 3
5403 5403 3
6001 6001 3
6080 6080 3
6163 6163 2
6207 6207 3
6231 6231 3
6260 6260 3
6338 6338 2
6418 6418 3
6520 6520 2
6577 6577 3
6606 6606 2
6769 6769 3
6848 6848 3
6852 6852 2
6882 6882 2
6962 6962 3
7059 7059 3
7240 7240 3
7295 7295 3
7301 7301 3
7322 7322 2
7412 7412 3
7420 7420 3
7531 7531 2
7537 7537 2
7842 7842 3
7866 7866 2
7913 7913 3
8060 8060 2
8072 8072 3
8259 8259 3
8273 8273 3
8377 8377 2
8525 8525 3
8633 8633 3
8644 8644 2
8696 8696 2
8760 8760 2
8933 8933 2
9012 9012 3
9160 9160 3
9201 9201 2
9226 9226 3
9255 9255 2
9284 9284 2
9453 9453 2
9533 9533 3
9617 9617 2
9702 9702 3
9752 9752 3
9965 9965 2
130 130 3
140 140 2
204 204 3
278 278 3
521 521 3
564 564 3
587 587 2
834 834 2
867 867 2
913 913 3
949 949 3
1005 1005 3
1044 1044 2
1153 1153 2
1283 1283 3
1379 1379 2
1463 1463 3
1480 1480 2
1505 1505 3
1525 1525 2
1573 1573 3
1776 1776 3
1808 1808 2
1827 1827 3
1838 1838 2
1990 1990 3
2274 2274 2
2280 2280 3
2341 2341 3
2429 2429 3
2677 2677 3
2973 2973 2
2982 2982 2
3097 3097 3
3138 3138 2
3190 3190 3
3197 3197 3
3220 3220 2
3606 3606 3
3690 3690 3
3738 3738 3
3826 3826 3
3878 3878 3
4033 4033 2
4112 4112 3
4162 4162 3
4253 4253 3
4334 4334 3
4506 4506 3
4645 4645 3
4648 4648 3
4774 4774 2
4785 4785 3
4863 4863 3
5027 5027 2
5036 5036 2
5565 5565 2
5803 5803 2
5972 5972 3
6038 6038 3
6095 6095 2
6251 6251 3
6279 6279 2
6282 6282 3
6286 6286 3
6551 6551 2
6571 6571 3
6788 6788 3
6978 6978 2
7020 7020 3
7256 7256 2
7277 7277 3
7421 7421 3
7511 7511 3
7517 7517 3
7563 7563 2
7627 7627 3
7927 7927 3
7986 7986 2
8163 8163 2
8235 8235 2
8291 8291 3
8334 8334 3
8396 8396 2
8410 8410 3
8534 8534 3
8591 8591 3
8643 8643 2
8694 8694 3
8967 8967 3
9017 9017 2
9027 9027 3
9116 9116 3
9169 9169 3
9287 9287 3
9318 9318 3
9378 9378 2
9607 9607 2
9809 9809 3
9991 9991 2
