2000 100 527692
20 97 233
20 117 180
20 121 187
20 114 203
20 108 199
20 113 186
20 96 156
20 83 217
20 55 243
20 52 230
20 121 169
20 97 167
20 142 227
20 148 160
20 116 193
20 89 212
20 122 205
20 78 240
20 64 177
20 64 187
20 141 161
20 84 161
20 105 163
20 53 189
20 129 188
20 67 249
20 85 240
20 142 211
20 87 161
20 106 181
20 108 196
20 101 248
20 73 165
20 135 239
20 108 243
20 129 217
20 138 181
20 99 175
20 134 234
20 132 156
20 94 203
20 150 175
20 115 190
20 72 186
20 150 220
20 81 183
20 77 171
20 110 230
20 121 198
20 50 159
20 95 238
20 69 217
20 70 244
20 51 158
20 114 164
20 67 238
20 59 186
20 119 208
20 147 247
20 54 186
20 137 163
20 115 157
20 82 204
20 90 244
20 118 207
20 69 243
20 81 196
20 148 236
20 117 150
20 139 241
20 142 224
20 65 198
20 118 189
20 54 239
20 139 186
20 132 162
20 60 157
20 66 164
20 52 180
20 144 175
20 97 204
20 68 156
20 102 174
20 85 189
20 105 169
20 147 222
20 150 238
20 146 212
20 125 152
20 113 164
20 117 228
20 59 213
20 107 178
20 78 227
20 143 151
20 135 169
20 133 171
20 111 160
20 83 250
20 62 158
19 19 12
88 88 12
140 140 15
146 146 12
233 233 16
256 256 15
298 298 13
311 311 12
377 377 16
407 407 16
435 435 14
548 548 12
750 750 16
843 843 13
848 848 15
871 871 15
880 880 15
968 968 15
977 977 13
990 990 13
90 90 13
101 101 15
236 236 14
247 247 12
256 256 14
310 310 13
322 322 16
354 354 13
392 392 12
408 408 13
422 422 15
445 445 12
463 463 16
471 471 14
573 573 15
581 581 13
657 657 12
668 668 16
750 750 13
904 904 15
2 2 16
69 69 14
77 77 12
83 83 14
95 95 15
124 124 12
176 176 13
182 182 14
191 191 13
282 282 14
382 382 16
383 383 13
396 396 16
444 444 13
499 499 15
553 553 16
562 562 13
571 571 16
715 715 15
953 953 12
14 14 14
87 87 16
108 108 12
129 129 14
163 163 13
211 211 16
239 239 13
310 310 12
316 316 15
506 506 13
546 546 15
558 558 12
620 620 15
630 630 14
734 734 12
831 831 12
833 833 16
870 870 12
944 944 16
998 998 14
130 130 16
178 178 12
201 201 16
208 208 13
241 241 14
269 269 15
291 291 14
310 310 13
396 396 13
424 424 14
443 443 12
456 456 13
561 561 13
631 631 16
695 695 16
755 755 14
800 800 14
883 883 16
987 987 14
987 987 15
18 18 16
66 66 12
143 143 16
158 158 15
163 163 14
171 171 13
207 207 16
273 273 14
315 315 12
446 446 16
549 549 15
570 570 12
590 590 12
607 607 12
613 613 12
655 655 15
668 668 13
704 704 16
842 842 11
941 941 16
47 47 14
56 56 16
147 147 14
191 191 13
281 281 11
292 292 15
331 331 15
337 337 14
348 348 12
436 436 13
436 436 14
469 469 13
551 551 12
589 589 14
597 597 15
650 650 13
709 709 15
750 750 16
881 881 14
909 909 12
29 29 16
64 64 15
112 112 16
153 153 12
225 225 13
334 334 12
377 377 14
438 438 14
598 598 16
611 611 13
640 640 16
657 657 13
711 711 14
763 763 16
778 778 16
779 779 12
857 857 16
877 877 15
912 912 12
919 919 12
165 165 12
166 166 14
198 198 13
217 217 12
253 253 13
295 295 14
298 298 11
306 306 12
369 369 12
437 437 15
595 595 15
606 606 15
664 664 14
740 740 12
789 789 13
804 804 14
825 825 14
858 858 14
953 953 14
961 961 12
19 19 12
42 42 14
132 132 14
288 288 16
486 486 12
500 500 15
545 545 15
598 598 13
627 627 15
651 651 14
655 655 15
690 690 14
701 701 15
755 755 12
802 802 14
820 820 14
828 828 11
936 936 16
976 976 12
983 983 12
65 65 15
105 105 12
166 166 12
174 174 16
245 245 16
323 323 14
327 327 15
332 332 13
378 378 14
473 473 13
488 488 14
580 580 14
695 695 11
764 764 14
772 772 13
826 826 14
827 827 14
866 866 15
893 893 13
961 961 12
60 60 12
89 89 16
184 184 13
250 250 15
280 280 14
296 296 12
338 338 14
410 410 16
510 510 13
513 513 12
581 581 12
710 710 13
736 736 12
768 768 12
818 818 13
837 837 12
898 898 15
904 904 12
973 973 15
990 990 12
62 62 13
182 182 13
241 241 12
250 250 13
278 278 14
304 304 15
314 314 15
330 330 14
450 450 14
514 514 15
538 538 13
560 560 15
572 572 14
574 574 16
612 612 12
676 676 13
693 693 14
780 780 16
811 811 13
904 904 13
9 9 14
53 53 14
308 308 12
361 361 14
375 375 13
415 415 13
415 415 13
417 417 16
429 429 12
648 648 14
667 667 15
715 715 12
736 736 14
753 753 15
766 766 16
821 821 13
944 944 12
955 955 13
977 977 15
995 995 14
76 76 12
142 142 14
158 158 12
201 201 12
206 206 15
250 250 16
275 275 15
296 296 13
372 372 12
393 393 12
397 397 14
497 497 12
611 611 16
626 626 13
631 631 15
657 657 12
743 743 13
767 767 14
798 798 16
937 937 15
67 67 12
171 171 14
199 199 12
266 266 14
283 283 12
314 314 14
335 335 14
378 378 13
382 382 15
414 414 15
470 470 15
495 495 14
535 535 13
559 559 13
565 565 14
592 592 16
716 716 11
754 754 16
973 973 16
981 981 13
85 85 13
219 219 13
225 225 16
278 278 12
306 306 14
318 318 16
330 330 13
474 474 12
478 478 14
557 557 13
570 570 12
598 598 16
709 709 12
735 735 12
740 740 16
755 755 16
803 803 14
864 864 13
866 866 14
987 987 15
127 127 13
161 161 13
285 285 12
308 308 13
386 386 14
467 467 14
478 478 15
493 493 16
521 521 14
523 523 16
545 545 14
560 560 15
621 621 14
650 650 14
668 668 14
708 708 12
784 784 12
864 864 13
883 883 14
968 968 14
15 15 14
158 158 13
187 187 13
307 307 15
345 345 15
355 355 16
496 496 12
500 500 13
522 522 12
614 614 16
674 674 14
705 705 12
750 750 13
764 764 15
806 806 12
823 823 16
894 894 13
905 905 14
906 906 15
929 929 16
73 73 12
76 76 14
92 92 16
97 97 14
178 178 13
247 247 13
299 299 12
300 300 14
304 304 14
427 427 12
427 427 16
493 493 14
541 541 15
610 610 12
616 616 16
664 664 15
769 769 14
859 859 14
928 928 16
983 983 16
4 4 15
110 110 12
160 160 14
180 180 16
204 204 12
209 209 13
312 312 13
407 407 15
447 447 14
529 529 15
564 564 13
668 668 16
676 676 14
825 825 15
851 851 15
885 885 15
975 975 14
979 979 13
979 979 14
992 992 16
16 16 15
60 60 15
121 121 13
128 128 15
131 131 16
191 191 13
291 291 12
348 348 15
359 359 15
419 419 15
510 510 15
615 615 14
620 620 16
671 671 15
699 699 15
750 750 13
783 783 16
818 818 13
932 932 14
990 990 13
21 21 14
36 36 15
67 67 12
73 73 15
92 92 15
146 146 15
190 190 13
194 194 14
322 322 13
382 382 12
393 393 14
452 452 15
561 561 13
574 574 13
733 733 13
762 762 15
845 845 14
862 862 15
916 916 15
943 943 15
76 76 16
119 119 12
125 125 14
183 183 12
193 193 13
273 273 14
327 327 12
427 427 15
447 447 13
459 459 13
498 498 16
539 539 16
689 689 12
722 722 16
759 759 16
826 826 13
829 829 13
963 963 15
972 972 12
995 995 14
63 63 13
102 102 16
230 230 14
275 275 16
286 286 16
406 406 15
431 431 14
498 498 14
499 499 13
554 554 15
555 555 13
557 557 16
714 714 12
786 786 15
803 803 12
853 853 12
872 872 12
911 911 14
941 941 12
971 971 12
40 40 13
129 129 13
145 145 12
179 179 11
217 217 12
313 313 14
332 332 15
360 360 13
376 376 14
424 424 12
436 436 13
446 446 15
494 494 15
533 533 13
545 545 16
632 632 14
660 660 14
703 703 13
755 755 12
901 901 12
36 36 15
163 163 15
182 182 13
292 292 15
371 371 12
385 385 15
405 405 12
432 432 15
481 481 16
570 570 16
599 599 13
645 645 15
747 747 16
767 767 13
789 789 14
878 878 16
898 898 16
951 951 13
959 959 12
969 969 15
43 43 14
69 69 16
93 93 15
200 200 15
216 216 14
297 297 16
523 523 12
562 562 14
663 663 14
705 705 12
722 722 15
835 835 16
903 903 13
907 907 16
913 913 12
943 943 14
946 946 12
952 952 16
963 963 16
969 969 13
47 47 15
79 79 15
158 158 16
223 223 11
226 226 14
248 248 13
330 330 14
413 413 15
440 440 16
450 450 15
453 453 12
491 491 13
506 506 16
552 552 13
564 564 12
601 601 16
608 608 16
617 617 16
778 778 12
866 866 15
21 21 15
23 23 15
89 89 16
128 128 15
150 150 14
177 177 16
232 232 12
300 300 16
573 573 12
609 609 15
618 618 13
625 625 12
682 682 14
684 684 12
706 706 13
727 727 14
756 756 15
785 785 13
837 837 14
913 913 15
105 105 16
118 118 13
131 131 14
186 186 13
193 193 12
208 208 15
262 262 14
287 287 13
392 392 12
502 502 13
620 620 14
630 630 15
656 656 13
659 659 13
728 728 14
815 815 15
920 920 12
947 947 14
956 956 13
973 973 12
40 40 12
160 160 12
165 165 14
239 239 13
241 241 13
246 246 13
262 262 14
273 273 13
522 522 14
527 527 16
688 688 12
708 708 12
771 771 12
781 781 13
812 812 12
829 829 15
842 842 12
853 853 14
920 920 13
970 970 12
52 52 13
53 53 12
138 138 14
166 166 13
289 289 12
327 327 13
346 346 13
358 358 12
500 500 13
540 540 16
542 542 15
618 618 12
654 654 16
809 809 12
833 833 14
844 844 14
879 879 13
890 890 14
982 982 12
990 990 14
16 16 14
81 81 12
185 185 14
240 240 14
244 244 14
360 360 13
433 433 14
503 503 15
518 518 12
519 519 12
541 541 14
573 573 15
582 582 12
641 641 16
781 781 13
892 892 15
935 935 14
978 978 16
982 982 15
984 984 14
20 20 14
91 91 12
210 210 13
232 232 13
294 294 12
357 357 13
413 413 14
418 418 16
472 472 15
503 503 14
603 603 14
711 711 15
713 713 16
758 758 13
785 785 15
866 866 15
902 902 13
931 931 12
952 952 13
964 964 12
63 63 13
75 75 13
102 102 12
185 185 15
225 225 12
230 230 16
239 239 14
280 280 15
298 298 12
422 422 12
496 496 12
555 555 14
589 589 16
655 655 16
679 679 15
680 680 14
726 726 14
738 738 12
800 800 13
815 815 15
27 27 14
53 53 12
92 92 16
153 153 16
158 158 16
375 375 12
490 490 13
561 561 13
586 586 16
618 618 15
640 640 16
662 662 13
662 662 15
709 709 16
719 719 12
732 732 13
817 817 12
872 872 15
891 891 13
926 926 13
8 8 16
53 53 14
121 121 12
328 328 12
368 368 13
430 430 15
458 458 15
507 507 12
548 548 16
549 549 13
673 673 15
684 684 14
696 696 13
727 727 15
735 735 13
923 923 16
939 939 13
978 978 13
979 979 12
989 989 16
34 34 16
108 108 14
111 111 13
134 134 14
177 177 12
185 185 14
195 195 14
449 449 13
496 496 13
515 515 16
555 555 14
612 612 15
620 620 14
653 653 14
678 678 16
750 750 14
758 758 16
875 875 15
885 885 16
913 913 12
101 101 13
104 104 12
130 130 13
135 135 13
148 148 15
180 180 13
225 225 13
244 244 16
245 245 13
346 346 14
418 418 14
436 436 15
439 439 13
445 445 12
607 607 15
626 626 14
686 686 15
793 793 15
869 869 15
942 942 13
94 94 14
129 129 15
273 273 13
342 342 14
354 354 14
449 449 15
451 451 14
526 526 14
543 543 15
568 568 12
614 614 14
676 676 14
683 683 13
748 748 15
794 794 12
833 833 12
834 834 15
851 851 16
872 872 16
904 904 14
42 42 14
49 49 14
56 56 14
64 64 15
106 106 15
207 207 12
276 276 14
318 318 16
327 327 14
376 376 16
423 423 15
520 520 15
546 546 15
605 605 16
606 606 15
807 807 12
827 827 14
895 895 12
936 936 13
972 972 12
20 20 15
151 151 12
194 194 12
194 194 13
204 204 12
219 219 13
229 229 15
246 246 12
418 418 15
431 431 15
510 510 12
513 513 12
567 567 16
571 571 16
576 576 16
635 635 12
662 662 12
706 706 13
844 844 12
924 924 16
35 35 16
77 77 13
154 154 16
184 184 15
284 284 16
294 294 14
322 322 14
346 346 11
385 385 13
410 410 12
506 506 12
538 538 16
613 613 15
623 623 13
668 668 12
674 674 12
779 779 12
795 795 15
917 917 12
974 974 13
52 52 14
140 140 13
155 155 16
168 168 16
188 188 15
195 195 15
240 240 15
335 335 15
362 362 13
394 394 12
432 432 15
514 514 16
548 548 13
625 625 13
626 626 16
686 686 15
730 730 15
859 859 14
923 923 16
966 966 12
140 140 12
210 210 14
223 223 12
231 231 16
284 284 16
291 291 13
415 415 12
479 479 13
561 561 12
588 588 12
594 594 12
600 600 15
648 648 15
672 672 13
737 737 13
770 770 12
867 867 16
876 876 14
910 910 12
946 946 12
49 49 12
105 105 14
120 120 16
128 128 12
136 136 14
259 259 13
278 278 15
295 295 14
323 323 13
372 372 13
432 432 16
473 473 16
480 480 14
523 523 16
586 586 13
590 590 15
692 692 12
791 791 16
821 821 13
937 937 15
10 10 15
100 100 14
150 150 15
158 158 14
254 254 16
289 289 12
295 295 12
328 328 15
380 380 14
413 413 12
424 424 13
602 602 12
670 670 14
704 704 12
751 751 13
783 783 13
845 845 15
879 879 16
920 920 12
932 932 11
108 108 14
115 115 16
191 191 16
220 220 12
228 228 16
328 328 15
383 383 12
385 385 14
393 393 16
395 395 13
425 425 16
489 489 14
497 497 13
548 548 12
566 566 12
642 642 14
666 666 13
736 736 14
784 784 16
960 960 14
34 34 15
85 85 15
121 121 14
122 122 13
149 149 14
156 156 14
192 192 15
332 332 12
355 355 14
505 505 15
526 526 15
533 533 12
539 539 12
653 653 16
695 695 12
816 816 15
821 821 14
870 870 14
879 879 12
989 989 15
150 150 12
156 156 13
224 224 14
241 241 14
254 254 16
298 298 14
307 307 15
348 348 16
379 379 15
399 399 16
543 543 14
625 625 14
726 726 16
746 746 15
792 792 14
818 818 15
869 869 12
930 930 13
934 934 12
944 944 13
226 226 14
257 257 15
261 261 14
268 268 13
274 274 16
349 349 14
374 374 13
427 427 15
569 569 13
589 589 12
609 609 16
679 679 13
679 679 13
685 685 14
693 693 15
735 735 16
840 840 14
883 883 12
895 895 13
963 963 15
44 44 15
51 51 16
96 96 13
116 116 15
136 136 14
153 153 15
196 196 14
290 290 12
334 334 12
610 610 14
669 669 14
684 684 12
778 778 14
782 782 15
830 830 14
835 835 14
882 882 13
920 920 15
941 941 13
941 941 16
122 122 12
126 126 13
159 159 13
244 244 15
270 270 15
273 273 12
322 322 14
366 366 16
437 437 14
510 510 13
602 602 12
650 650 14
712 712 14
752 752 14
778 778 14
804 804 13
860 860 14
923 923 15
934 934 13
987 987 12
24 24 14
33 33 13
96 96 16
130 130 14
154 154 16
216 216 14
284 284 16
313 313 13
343 343 15
424 424 13
457 457 15
527 527 14
578 578 14
589 589 15
634 634 15
671 671 13
779 779 11
867 867 12
939 939 13
972 972 15
71 71 16
85 85 16
90 90 15
248 248 15
269 269 14
387 387 13
390 390 12
405 405 14
415 415 11
442 442 14
462 462 12
462 462 16
518 518 15
530 530 14
590 590 15
680 680 14
714 714 12
727 727 15
899 899 12
907 907 15
48 48 14
54 54 12
104 104 12
139 139 16
191 191 12
284 284 12
292 292 13
306 306 14
340 340 13
598 598 13
608 608 14
700 700 13
701 701 14
769 769 13
812 812 15
842 842 16
864 864 15
880 880 14
884 884 13
926 926 13
28 28 12
76 76 16
84 84 13
206 206 14
268 268 15
321 321 15
350 350 15
366 366 15
369 369 16
426 426 13
519 519 12
597 597 13
607 607 16
641 641 12
655 655 15
676 676 12
762 762 12
813 813 12
814 814 15
845 845 14
87 87 15
115 115 14
264 264 16
324 324 16
330 330 16
349 349 14
414 414 14
468 468 12
592 592 15
610 610 14
653 653 16
670 670 13
694 694 14
777 777 12
796 796 13
800 800 14
848 848 13
910 910 12
941 941 12
942 942 13
66 66 16
108 108 15
195 195 15
212 212 14
261 261 13
318 318 12
328 328 15
357 357 15
407 407 15
481 481 15
509 509 14
545 545 15
638 638 16
672 672 12
738 738 12
769 769 14
776 776 14
840 840 14
871 871 12
932 932 16
86 86 12
102 102 16
149 149 12
175 175 13
218 218 15
249 249 12
263 263 14
367 367 12
369 369 16
382 382 12
492 492 15
494 494 12
497 497 12
516 516 12
599 599 16
608 608 12
745 745 16
858 858 12
878 878 13
915 915 13
73 73 14
283 283 16
295 295 13
367 367 12
435 435 15
473 473 15
530 530 12
685 685 15
740 740 12
754 754 12
780 780 14
784 784 12
790 790 12
801 801 14
830 830 15
876 876 12
882 882 14
910 910 16
921 921 14
969 969 14
83 83 15
155 155 15
272 272 14
326 326 15
357 357 15
358 358 14
359 359 15
386 386 16
548 548 15
625 625 15
639 639 14
682 682 16
703 703 16
749 749 15
773 773 12
879 879 12
895 895 15
912 912 11
963 963 16
994 994 15
97 97 13
149 149 16
172 172 12
179 179 15
223 223 15
271 271 14
312 312 12
338 338 14
359 359 13
366 366 12
387 387 12
490 490 15
499 499 14
637 637 12
699 699 15
704 704 15
711 711 14
798 798 12
857 857 15
987 987 12
65 65 12
66 66 15
81 81 16
106 106 13
137 137 13
172 172 16
228 228 15
250 250 14
251 251 14
297 297 14
377 377 15
449 449 13
496 496 16
521 521 14
620 620 12
707 707 12
708 708 15
711 711 14
940 940 13
966 966 16
1 1 15
115 115 13
128 128 13
150 150 14
199 199 15
259 259 16
332 332 15
400 400 15
512 512 14
535 535 15
562 562 14
608 608 12
649 649 12
690 690 16
767 767 12
816 816 16
824 824 14
887 887 14
926 926 15
957 957 13
14 14 12
17 17 14
29 29 12
44 44 16
64 64 14
101 101 12
165 165 11
320 320 14
326 326 15
416 416 16
482 482 15
572 572 14
606 606 16
654 654 14
674 674 16
692 692 13
836 836 13
889 889 12
907 907 14
975 975 16
105 105 15
108 108 12
140 140 13
178 178 15
249 249 15
267 267 12
376 376 16
399 399 12
426 426 14
427 427 16
450 450 15
525 525 15
565 565 13
579 579 13
688 688 12
780 780 14
905 905 16
980 980 14
993 993 12
997 997 12
9 9 13
27 27 13
203 203 15
231 231 13
295 295 12
310 310 13
329 329 12
355 355 16
387 387 14
443 443 12
557 557 16
578 578 13
611 611 16
724 724 12
738 738 13
749 749 16
826 826 13
859 859 16
887 887 12
890 890 13
20 20 12
31 31 16
49 49 12
88 88 12
162 162 13
204 204 14
245 245 15
267 267 12
473 473 16
513 513 14
612 612 13
630 630 13
641 641 13
658 658 12
847 847 13
852 852 12
959 959 13
970 970 14
970 970 16
977 977 14
12 12 14
208 208 12
260 260 15
270 270 16
399 399 12
472 472 14
500 500 12
547 547 15
571 571 14
597 597 16
660 660 14
696 696 15
718 718 16
740 740 13
750 750 16
764 764 16
774 774 15
864 864 14
866 866 16
890 890 14
14 14 13
19 19 12
90 90 16
121 121 16
162 162 12
172 172 14
176 176 16
194 194 15
310 310 16
345 345 16
347 347 12
410 410 12
411 411 12
611 611 13
635 635 13
651 651 12
711 711 13
740 740 12
813 813 14
906 906 16
37 37 12
56 56 13
69 69 16
124 124 14
124 124 14
152 152 13
328 328 13
423 423 13
430 430 12
436 436 13
476 476 16
516 516 16
527 527 12
546 546 15
622 622 15
679 679 14
778 778 13
800 800 12
831 831 14
961 961 11
60 60 14
76 76 13
202 202 16
265 265 14
308 308 16
318 318 13
619 619 16
635 635 14
638 638 12
655 655 12
677 677 14
678 678 14
701 701 12
726 726 14
766 766 15
773 773 12
790 790 16
926 926 16
929 929 15
933 933 16
114 114 15
119 119 12
149 149 15
325 325 15
351 351 16
484 484 16
514 514 15
552 552 16
568 568 13
584 584 13
642 642 14
646 646 15
713 713 15
748 748 15
760 760 12
778 778 13
821 821 14
886 886 16
915 915 16
968 968 14
43 43 13
56 56 13
114 114 16
122 122 12
266 266 16
279 279 12
310 310 12
394 394 16
568 568 13
576 576 13
627 627 15
683 683 12
698 698 16
704 704 12
707 707 13
723 723 11
767 767 15
780 780 13
818 818 12
967 967 16
60 60 15
104 104 13
147 147 16
248 248 12
281 281 13
342 342 12
387 387 14
425 425 12
445 445 11
445 445 12
472 472 15
500 500 12
525 525 16
561 561 16
688 688 16
801 801 16
854 854 11
890 890 12
900 900 12
910 910 16
105 105 13
134 134 16
140 140 15
156 156 12
199 199 12
219 219 13
246 246 12
323 323 15
334 334 12
358 358 12
376 376 15
407 407 13
438 438 15
546 546 15
570 570 14
799 799 16
887 887 16
920 920 14
929 929 14
969 969 16
79 79 13
147 147 12
193 193 15
194 194 12
200 200 14
233 233 12
277 277 15
383 383 13
444 444 14
563 563 12
595 595 12
599 599 13
663 663 12
666 666 14
758 758 12
916 916 15
929 929 16
962 962 15
992 992 14
993 993 14
4 4 16
86 86 12
112 112 14
114 114 14
171 171 12
183 183 14
300 300 13
356 356 12
446 446 15
564 564 15
703 703 14
725 725 15
828 828 14
862 862 16
900 900 16
923 923 15
948 948 15
958 958 14
965 965 12
985 985 15
80 80 14
119 119 15
144 144 13
168 168 12
185 185 14
210 210 16
244 244 14
380 380 16
399 399 11
427 427 13
458 458 14
518 518 14
592 592 16
625 625 14
701 701 16
715 715 13
770 770 16
931 931 12
959 959 12
988 988 13
39 39 15
59 59 12
133 133 13
146 146 13
160 160 11
173 173 13
266 266 12
280 280 12
459 459 14
588 588 12
675 675 16
711 711 12
717 717 16
728 728 14
774 774 16
873 873 14
887 887 13
918 918 12
934 934 16
957 957 14
54 54 16
102 102 15
181 181 13
218 218 13
219 219 16
267 267 12
358 358 12
382 382 14
497 497 15
512 512 12
582 582 15
649 649 14
685 685 16
830 830 14
839 839 15
857 857 16
869 869 14
898 898 16
904 904 14
982 982 12
1 1 15
34 34 14
62 62 14
104 104 14
108 108 11
112 112 14
195 195 13
200 200 13
262 262 13
286 286 16
348 348 14
417 417 14
433 433 14
650 650 14
672 672 16
680 680 13
766 766 14
820 820 15
955 955 16
996 996 15
35 35 16
73 73 12
205 205 14
227 227 16
273 273 13
292 292 12
445 445 16
473 473 12
481 481 15
504 504 13
522 522 12
571 571 13
590 590 15
806 806 15
824 824 13
889 889 13
922 922 15
936 936 14
961 961 14
991 991 13
28 28 14
31 31 13
113 113 16
115 115 12
146 146 15
160 160 12
330 330 16
370 370 14
385 385 16
438 438 16
531 531 16
549 549 13
687 687 15
744 744 12
759 759 16
845 845 13
894 894 14
897 897 12
918 918 14
929 929 14
51 51 14
89 89 16
144 144 12
333 333 13
446 446 15
446 446 15
460 460 15
479 479 16
550 550 15
551 551 13
567 567 16
568 568 15
581 581 14
625 625 12
682 682 13
746 746 15
856 856 14
869 869 12
945 945 16
953 953 14
60 60 14
99 99 14
99 99 15
118 118 16
132 132 16
218 218 12
358 358 12
381 381 15
422 422 11
431 431 16
436 436 11
465 465 13
471 471 15
558 558 14
697 697 13
783 783 13
839 839 14
851 851 13
868 868 14
946 946 16
18 18 13
41 41 13
51 51 14
64 64 15
135 135 14
218 218 15
326 326 12
358 358 15
473 473 14
524 524 16
547 547 16
665 665 13
706 706 13
726 726 14
744 744 13
755 755 12
811 811 16
840 840 15
842 842 12
980 980 14
66 66 12
67 67 12
108 108 13
317 317 15
464 464 13
539 539 15
541 541 14
543 543 12
599 599 12
604 604 13
627 627 13
706 706 14
761 761 15
795 795 16
815 815 16
874 874 15
885 885 15
899 899 16
947 947 14
1000 1000 14
8 8 13
23 23 12
29 29 12
118 118 12
157 157 12
241 241 15
267 267 12
331 331 13
489 489 14
499 499 14
527 527 15
627 627 12
644 644 12
658 658 16
665 665 15
677 677 14
722 722 15
777 777 13
781 781 16
937 937 15
28 28 13
49 49 16
77 77 14
144 144 16
149 149 15
392 392 14
399 399 12
551 551 15
559 559 15
587 587 15
608 608 14
664 664 15
670 670 13
703 703 12
744 744 14
800 800 14
813 813 13
902 902 14
940 940 14
973 973 16
35 35 13
57 57 14
74 74 15
91 91 14
160 160 15
195 195 13
211 211 13
257 257 15
276 276 16
356 356 16
392 392 16
511 511 12
524 524 12
528 528 12
557 557 16
683 683 12
699 699 14
765 765 14
885 885 16
980 980 15
55 55 14
182 182 15
185 185 15
190 190 13
190 190 15
215 215 14
369 369 14
432 432 13
440 440 13
482 482 12
570 570 12
577 577 14
605 605 16
627 627 15
670 670 12
834 834 14
842 842 14
873 873 13
953 953 14
993 993 13
17 17 14
28 28 13
39 39 13
97 97 16
185 185 12
201 201 16
218 218 15
236 236 12
252 252 16
279 279 12
339 339 13
358 358 15
473 473 12
495 495 12
570 570 16
571 571 15
607 607 13
705 705 11
831 831 14
930 930 15
107 107 13
189 189 14
209 209 13
228 228 13
345 345 15
355 355 11
387 387 16
405 405 13
430 430 13
520 520 16
575 575 14
582 582 12
627 627 16
646 646 12
680 680 12
697 697 16
707 707 15
711 711 14
922 922 16
981 981 14
56 56 15
74 74 13
162 162 16
181 181 15
185 185 15
209 209 15
213 213 16
291 291 15
400 400 11
433 433 14
456 456 15
549 549 13
601 601 13
605 605 14
701 701 12
760 760 12
791 791 15
821 821 13
903 903 12
924 924 15
27 27 15
57 57 15
156 156 13
219 219 12
295 295 15
372 372 13
418 418 12
521 521 16
524 524 12
545 545 15
574 574 13
613 613 16
616 616 12
722 722 13
758 758 13
772 772 12
784 784 14
836 836 15
868 868 12
997 997 12
34 34 14
44 44 13
95 95 15
109 109 12
199 199 12
240 240 14
336 336 13
401 401 12
422 422 14
645 645 15
652 652 13
757 757 12
832 832 14
855 855 12
858 858 16
867 867 13
903 903 13
952 952 11
952 952 15
956 956 14
15 15 12
45 45 12
55 55 13
119 119 14
161 161 13
188 188 12
247 247 15
276 276 13
298 298 13
463 463 16
478 478 16
509 509 13
543 543 13
721 721 13
791 791 15
801 801 15
847 847 13
874 874 12
932 932 12
982 982 13
