1000 100 2652747
10 62 237
10 125 176
10 109 218
10 96 228
10 73 220
10 104 171
10 63 208
10 85 220
10 98 177
10 120 151
10 87 220
10 61 214
10 69 217
10 130 189
10 131 230
10 111 178
10 131 162
10 109 233
10 118 245
10 93 214
10 108 240
10 95 229
10 106 165
10 114 157
10 106 247
10 126 169
10 78 214
10 110 154
10 128 161
10 117 222
10 114 188
10 149 169
10 123 237
10 123 213
10 86 233
10 105 246
10 108 232
10 136 176
10 147 176
10 118 207
10 89 166
10 84 232
10 121 206
10 102 207
10 83 232
10 77 185
10 135 182
10 150 239
10 117 207
10 129 180
10 57 203
10 114 213
10 87 184
10 76 223
10 140 195
10 118 192
10 92 245
10 105 221
10 119 232
10 93 160
10 54 233
10 88 215
10 65 210
10 94 168
10 90 207
10 91 201
10 115 161
10 80 238
10 104 174
10 56 244
10 148 173
10 101 192
10 144 228
10 139 151
10 147 196
10 50 164
10 86 198
10 143 208
10 86 187
10 115 235
10 93 223
10 107 227
10 98 171
10 127 228
10 106 160
10 56 234
10 67 182
10 100 182
10 83 186
10 141 191
10 50 171
10 147 235
10 122 220
10 61 162
10 106 172
10 117 217
10 63 156
10 94 156
10 147 216
10 91 250
592 592 30
4252 4252 31
5338 5338 28
5865 5865 29
7199 7199 29
7413 7413 24
7652 7652 30
8170 8170 31
9230 9230 23
9342 9342 28
500 500 29
1041 1041 25
1322 1322 30
2582 2582 25
3849 3849 27
5814 5814 30
5840 5840 31
6308 6308 32
6743 6743 24
7873 7873 30
119 119 25
822 822 28
898 898 27
1151 1151 32
5214 5214 25
6493 6493 30
7452 7452 23
7985 7985 32
9321 9321 23
9647 9647 32
503 503 31
1564 1564 25
1708 1708 28
7084 7084 23
7616 7616 29
7755 7755 23
8332 8332 31
8500 8500 32
8563 8563 23
8802 8802 26
3100 3100 30
4927 4927 25
5012 5012 31
6812 6812 30
6970 6970 24
7533 7533 30
7979 7979 30
7982 7982 24
8986 8986 29
9566 9566 27
3578 3578 32
5141 5141 30
6503 6503 29
6927 6927 30
7371 7371 25
7852 7852 29
8132 8132 26
8477 8477 24
8781 8781 28
9820 9820 25
563 563 27
868 868 32
1254 1254 28
2088 2088 31
4163 4163 28
4428 4428 25
4530 4530 25
5608 5608 31
9319 9319 29
9484 9484 28
621 621 24
919 919 30
4574 4574 27
4998 4998 26
6348 6348 30
6466 6466 31
6754 6754 24
8583 8583 31
8688 8688 31
8715 8715 23
1056 1056 29
1846 1846 26
3254 3254 27
3417 3417 28
6186 6186 27
6413 6413 31
6834 6834 32
7158 7158 26
7381 7381 26
8309 8309 26
769 769 24
1108 1108 32
1367 1367 25
2151 2151 23
3210 3210 31
3290 3290 28
4318 4318 29
7955 7955 30
8001 8001 26
8205 8205 23
629 629 24
3191 3191 29
4598 4598 31
5478 5478 30
5768 5768 28
6030 6030 30
6240 6240 28
8292 8292 26
9473 9473 28
9859 9859 24
1736 1736 26
1971 1971 25
2231 2231 27
3120 3120 29
3861 3861 28
5070 5070 32
5307 5307 26
5913 5913 25
7008 7008 31
9638 9638 32
629 629 23
1479 1479 25
1781 1781 23
3158 3158 25
4570 4570 31
6487 6487 23
6619 6619 24
9450 9450 32
9630 9630 31
9965 9965 28
491 491 31
1265 1265 28
1574 1574 30
5034 5034 24
6693 6693 29
7155 7155 31
7816 7816 29
8628 8628 24
8690 8690 28
8966 8966 25
1133 1133 31
1703 1703 25
2513 2513 30
3239 3239 29
6046 6046 31
6541 6541 30
7483 7483 24
7788 7788 29
8075 8075 32
8511 8511 27
664 664 28
781 781 28
957 957 31
1224 1224 27
2508 2508 23
4455 4455 31
6378 6378 25
6895 6895 32
8606 8606 31
8727 8727 29
298 298 31
758 758 29
782 782 25
1575 1575 27
4835 4835 23
6453 6453 31
6795 6795 30
7792 7792 29
8778 8778 26
9862 9862 29
396 396 32
1128 1128 28
2428 2428 26
4313 4313 32
5131 5131 25
5191 5191 25
5436 5436 31
8169 8169 30
9272 9272 25
9929 9929 28
99 99 26
189 189 31
1950 1950 28
3405 3405 32
4919 4919 24
5746 5746 25
5788 5788 30
6887 6887 26
8283 8283 23
9148 9148 25
383 383 25
1276 1276 26
1499 1499 31
2508 2508 32
2739 2739 32
3124 3124 25
5726 5726 27
9138 9138 25
9448 9448 28
9519 9519 32
1400 1400 30
2406 2406 26
2712 2712 23
2856 2856 24
3348 3348 25
5522 5522 24
5541 5541 28
6083 6083 30
7957 7957 25
8813 8813 31
2619 2619 31
2789 2789 31
3213 3213 28
3766 3766 23
3994 3994 25
4518 4518 25
5200 5200 31
7275 7275 26
7963 7963 28
8734 8734 28
203 203 26
1173 1173 24
2274 2274 32
2368 2368 26
2758 2758 25
2972 2972 29
5599 5599 29
6868 6868 27
8996 8996 27
9763 9763 25
1152 1152 24
1806 1806 24
4111 4111 25
5713 5713 28
6734 6734 24
7102 7102 24
7350 7350 30
8842 8842 31
9002 9002 26
9404 9404 26
1772 1772 32
3363 3363 29
4140 4140 30
4308 4308 24
4450 4450 26
6527 6527 28
7959 7959 32
8510 8510 25
8705 8705 24
9806 9806 24
1142 1142 31
1194 1194 29
1569 1569 30
1911 1911 31
2792 2792 25
3532 3532 23
5185 5185 30
6710 6710 26
7658 7658 27
7918 7918 27
2175 2175 28
3081 3081 31
4136 4136 30
6560 6560 28
7729 7729 24
7749 7749 31
8307 8307 28
8552 8552 29
8855 8855 28
9057 9057 30
834 834 28
1311 1311 29
2046 2046 32
2191 2191 25
5285 5285 29
5453 5453 27
6133 6133 28
6624 6624 24
8584 8584 25
8761 8761 24
1315 1315 27
1688 1688 26
1779 1779 26
2477 2477 31
2943 2943 28
3671 3671 23
3878 3878 29
4468 4468 29
8885 8885 27
9735 9735 30
467 467 31
2543 2543 28
4352 4352 25
4651 4651 29
5653 5653 30
6242 6242 29
6399 6399 27
7864 7864 30
8000 8000 25
9577 9577 29
906 906 28
2112 2112 23
2688 2688 29
2861 2861 31
4843 4843 26
6061 6061 23
6778 6778 31
7582 7582 30
7736 7736 24
7930 7930 26
2925 2925 30
4698 4698 26
6250 6250 26
6594 6594 26
6650 6650 28
7969 7969 27
8070 8070 25
9792 9792 28
9877 9877 25
9923 9923 29
918 918 31
1671 1671 25
2661 2661 28
2690 2690 28
2762 2762 31
2772 2772 28
4405 4405 28
5552 5552 25
7521 7521 25
8231 8231 24
49 49 23
1581 1581 27
2489 2489 30
2503 2503 24
5495 5495 28
6310 6310 29
6481 6481 25
8675 8675 24
8801 8801 24
9322 9322 31
1115 1115 32
2412 2412 26
3327 3327 32
4063 4063 32
4391 4391 26
4399 4399 30
5897 5897 26
7277 7277 30
7794 7794 32
7938 7938 29
361 361 30
785 785 23
1730 1730 30
2173 2173 25
2691 2691 23
3794 3794 24
5703 5703 25
7883 7883 29
8275 8275 25
8379 8379 25
725 725 31
2660 2660 25
3575 3575 25
4372 4372 28
4637 4637 29
4738 4738 30
5136 5136 25
7173 7173 28
7618 7618 29
9077 9077 29
194 194 23
4237 4237 26
4448 4448 32
4753 4753 26
4960 4960 31
6380 6380 27
8102 8102 28
8546 8546 28
9268 9268 25
9810 9810 32
32 32 29
102 102 30
4192 4192 31
4844 4844 23
5013 5013 30
5314 5314 24
6351 6351 32
7482 7482 28
8166 8166 31
9834 9834 23
1663 1663 31
2290 2290 28
2310 2310 30
3837 3837 31
3887 3887 31
5038 5038 31
7348 7348 26
7391 7391 26
8255 8255 27
9864 9864 31
587 587 27
1387 1387 27
3643 3643 26
4229 4229 24
4446 4446 29
4909 4909 26
6482 6482 25
6739 6739 30
7003 7003 25
7956 7956 24
1052 1052 30
1416 1416 25
1727 1727 25
3988 3988 26
4623 4623 26
5723 5723 31
6228 6228 31
6482 6482 30
9157 9157 29
9290 9290 28
1910 1910 24
2476 2476 27
2500 2500 31
6430 6430 24
6621 6621 31
6661 6661 32
6883 6883 26
7381 7381 27
7524 7524 27
8545 8545 32
1232 1232 28
1470 1470 28
3657 3657 28
3811 3811 31
6055 6055 26
6990 6990 31
7647 7647 23
7975 7975 30
8146 8146 23
9417 9417 25
1326 1326 23
1392 1392 28
4211 4211 31
4416 4416 28
5183 5183 24
5534 5534 23
5667 5667 27
7064 7064 28
8094 8094 29
9856 9856 31
16 16 29
1090 1090 30
1359 1359 31
2808 2808 23
3267 3267 25
3515 3515 23
4720 4720 25
6654 6654 25
7848 7848 25
9740 9740 25
610 610 30
663 663 31
1296 1296 30
1465 1465 23
3261 3261 29
4134 4134 25
6308 6308 30
7642 7642 30
9070 9070 27
9882 9882 27
1455 1455 25
2334 2334 28
2504 2504 26
2806 2806 28
3091 3091 30
3745 3745 25
5210 5210 29
6396 6396 24
7111 7111 31
9956 9956 31
1371 1371 26
1601 1601 31
2105 2105 25
2815 2815 26
3116 3116 26
3651 3651 31
4289 4289 32
4991 4991 27
6301 6301 24
7911 7911 27
1157 1157 23
2009 2009 29
2750 2750 26
3697 3697 26
3998 3998 23
4709 4709 26
5285 5285 30
6202 6202 25
7694 7694 31
8002 8002 23
60 60 30
1541 1541 26
2139 2139 23
2439 2439 28
3301 3301 24
4912 4912 32
6090 6090 32
6616 6616 25
6621 6621 30
9475 9475 24
2224 2224 25
2512 2512 24
3289 3289 28
3953 3953 23
5185 5185 25
7073 7073 24
8297 8297 29
8883 8883 25
9357 9357 30
9545 9545 29
566 566 32
913 913 30
1489 1489 29
1590 1590 31
1787 1787 27
1933 1933 23
4247 4247 29
4329 4329 26
7880 7880 24
9286 9286 29
71 71 24
652 652 32
791 791 31
1881 1881 26
3083 3083 32
4199 4199 24
4603 4603 31
5232 5232 23
6623 6623 28
7137 7137 27
1323 1323 23
2612 2612 23
2882 2882 23
4433 4433 28
4775 4775 27
4948 4948 24
6102 6102 23
7798 7798 27
8223 8223 26
9617 9617 25
1335 1335 31
1754 1754 30
1958 1958 31
2250 2250 25
4709 4709 28
5722 5722 26
8213 8213 32
8711 8711 26
8932 8932 30
9223 9223 24
2215 2215 26
2357 2357 25
2551 2551 27
2708 2708 31
3034 3034 29
3680 3680 32
3693 3693 24
4926 4926 30
7594 7594 24
8510 8510 24
2400 2400 28
2886 2886 27
3637 3637 31
5779 5779 28
6754 6754 28
7050 7050 27
7737 7737 23
7795 7795 32
7825 7825 28
7893 7893 30
1731 1731 26
3061 3061 30
3381 3381 28
5538 5538 26
5801 5801 28
7358 7358 23
7491 7491 23
8182 8182 31
8739 8739 25
9939 9939 24
2189 2189 29
4246 4246 29
4368 4368 32
5656 5656 26
6199 6199 23
6829 6829 24
7637 7637 24
8369 8369 29
8472 8472 26
9447 9447 24
640 640 31
691 691 25
1134 1134 26
1168 1168 32
1643 1643 31
2315 2315 31
2697 2697 25
3840 3840 26
6147 6147 26
9275 9275 26
827 827 28
1173 1173 28
2940 2940 32
3651 3651 26
5039 5039 28
6528 6528 27
7815 7815 28
8883 8883 26
9621 9621 28
9664 9664 30
721 721 28
3781 3781 23
3862 3862 25
4284 4284 31
4565 4565 29
5235 5235 31
5345 5345 25
5790 5790 29
6319 6319 25
6761 6761 28
1024 1024 31
2076 2076 29
2495 2495 24
3894 3894 29
3946 3946 30
4223 4223 29
4600 4600 32
5763 5763 23
6070 6070 27
8712 8712 25
3021 3021 26
3384 3384 24
4427 4427 29
5258 5258 26
5830 5830 25
6699 6699 26
7059 7059 27
8914 8914 23
9202 9202 28
9841 9841 30
23 23 31
358 358 24
2660 2660 29
2668 2668 25
2701 2701 29
3028 3028 29
3280 3280 30
4636 4636 29
4718 4718 28
8695 8695 26
722 722 30
2408 2408 32
2712 2712 25
3119 3119 30
4223 4223 31
5376 5376 24
5707 5707 25
5991 5991 24
6154 6154 24
9027 9027 28
521 521 27
1512 1512 30
2998 2998 31
3000 3000 25
4311 4311 28
4759 4759 28
6234 6234 25
6306 6306 28
6799 6799 31
7638 7638 26
245 245 27
472 472 30
1096 1096 26
2842 2842 23
3930 3930 25
4149 4149 25
6529 6529 31
6951 6951 32
8800 8800 32
9802 9802 24
792 792 28
1373 1373 27
1788 1788 26
3203 3203 27
5009 5009 29
5176 5176 31
7079 7079 32
7372 7372 27
7961 7961 30
8210 8210 28
627 627 30
920 920 29
1383 1383 28
2399 2399 32
2657 2657 29
2990 2990 32
3173 3173 30
4117 4117 25
7836 7836 25
9625 9625 31
25 25 30
1329 1329 27
1872 1872 31
2089 2089 30
2251 2251 26
3885 3885 30
4263 4263 28
5564 5564 26
9542 9542 28
9763 9763 26
478 478 30
512 512 30
653 653 31
798 798 29
1187 1187 31
1461 1461 26
1607 1607 26
4188 4188 23
5317 5317 32
7128 7128 28
1496 1496 27
3300 3300 25
3855 3855 32
4433 4433 29
4552 4552 28
6256 6256 23
6716 6716 29
7052 7052 25
7418 7418 25
9931 9931 24
2325 2325 23
2845 2845 24
3736 3736 31
3776 3776 31
3971 3971 29
5454 5454 23
5731 5731 25
7259 7259 29
7314 7314 23
7705 7705 28
933 933 23
1282 1282 31
1404 1404 31
2937 2937 30
3507 3507 32
3829 3829 26
4536 4536 31
8751 8751 25
9317 9317 32
9956 9956 30
276 276 27
311 311 25
1433 1433 24
3223 3223 23
5044 5044 30
5247 5247 26
6159 6159 31
6771 6771 30
9336 9336 31
9882 9882 26
391 391 24
1191 1191 28
1932 1932 27
4525 4525 23
4614 4614 25
7466 7466 27
7862 7862 29
8182 8182 27
9296 9296 32
9587 9587 25
118 118 30
135 135 32
182 182 25
2451 2451 24
3146 3146 23
3937 3937 29
4222 4222 23
4552 4552 26
7405 7405 30
9571 9571 32
1173 1173 23
2212 2212 28
2654 2654 31
4716 4716 31
4735 4735 31
5778 5778 24
6175 6175 26
6934 6934 31
7743 7743 31
8420 8420 29
52 52 27
3447 3447 24
4893 4893 31
5030 5030 30
5062 5062 30
5466 5466 32
6906 6906 30
7609 7609 27
7884 7884 31
8496 8496 29
1587 1587 27
4495 4495 28
4648 4648 25
6100 6100 28
6132 6132 23
6457 6457 26
6574 6574 25
7611 7611 23
7699 7699 24
7953 7953 28
1005 1005 32
2524 2524 29
4526 4526 24
5327 5327 27
5523 5523 30
5970 5970 25
6822 6822 24
8535 8535 25
9117 9117 30
9326 9326 29
1895 1895 32
2323 2323 28
2455 2455 29
3771 3771 30
4380 4380 31
4647 4647 29
5466 5466 25
6081 6081 27
6971 6971 28
7606 7606 27
177 177 32
1672 1672 30
1887 1887 25
2148 2148 23
2908 2908 31
3474 3474 31
4256 4256 30
4514 4514 25
7731 7731 30
8177 8177 26
719 719 31
1716 1716 23
1913 1913 25
2417 2417 31
3154 3154 31
3205 3205 30
3377 3377 25
4433 4433 27
5523 5523 23
5762 5762 23
1416 1416 27
2369 2369 32
2536 2536 29
3171 3171 26
4467 4467 31
7132 7132 27
7912 7912 28
8537 8537 29
9966 9966 30
9971 9971 24
231 231 25
1262 1262 31
3154 3154 26
3428 3428 27
3888 3888 29
4142 4142 23
4526 4526 31
4969 4969 28
8335 8335 23
9904 9904 28
384 384 26
1008 1008 25
1135 1135 23
1291 1291 30
2641 2641 29
3697 3697 29
4165 4165 28
7900 7900 31
8839 8839 25
9394 9394 27
2815 2815 30
3069 3069 25
3942 3942 32
5040 5040 30
5151 5151 30
5211 5211 28
5803 5803 30
7983 7983 24
9016 9016 31
9525 9525 25
1355 1355 31
1625 1625 25
3731 3731 30
4199 4199 31
4319 4319 25
4351 4351 27
4557 4557 24
6293 6293 27
9201 9201 29
9979 9979 26
216 216 29
1948 1948 26
2958 2958 29
3059 3059 25
3153 3153 27
6719 6719 25
6843 6843 27
8777 8777 23
8786 8786 24
9152 9152 30
283 283 31
862 862 26
2492 2492 27
3503 3503 30
6778 6778 29
7081 7081 28
7981 7981 28
8039 8039 25
8858 8858 26
8972 8972 28
59 59 27
2368 2368 26
2510 2510 26
4344 4344 32
6689 6689 28
7305 7305 28
7860 7860 31
8297 8297 31
8969 8969 30
9966 9966 25
479 479 25
1509 1509 24
2312 2312 26
3615 3615 28
6318 6318 26
6634 6634 26
6862 6862 25
8688 8688 31
9323 9323 26
9851 9851 25
1 1 27
870 870 28
908 908 29
1106 1106 28
3882 3882 24
4940 4940 28
5216 5216 30
5614 5614 27
6799 6799 31
6844 6844 27
333 333 24
1279 1279 26
2040 2040 29
2077 2077 25
2482 2482 25
3307 3307 28
9019 9019 24
9380 9380 25
9511 9511 28
9966 9966 24
1007 1007 32
3156 3156 28
3310 3310 27
3574 3574 32
3947 3947 27
4044 4044 25
6192 6192 25
8066 8066 24
8906 8906 24
9250 9250 24
1059 1059 25
1478 1478 24
1562 1562 27
2456 2456 27
5573 5573 25
6737 6737 30
7211 7211 30
8033 8033 24
8899 8899 29
9759 9759 24
3958 3958 26
4285 4285 23
4996 4996 29
5248 5248 29
5819 5819 27
6383 6383 24
7035 7035 24
7580 7580 31
8919 8919 29
9807 9807 29
