1000 20 265724
50 77 206
50 101 226
50 77 184
50 76 244
50 82 183
50 112 233
50 123 194
50 129 239
50 148 195
50 113 248
50 126 238
50 104 158
50 60 183
50 130 245
50 64 225
50 126 221
50 150 155
50 149 191
50 140 201
50 129 237
13 13 4
28 28 6
61 61 5
74 74 6
106 106 5
132 132 4
177 177 6
184 184 6
185 185 4
220 220 6
235 235 5
241 241 5
274 274 4
274 274 5
276 276 6
321 321 5
322 322 5
325 325 6
350 350 6
377 377 6
380 380 5
450 450 4
498 498 6
512 512 5
531 531 4
578 578 4
582 582 5
604 604 5
612 612 5
635 635 6
642 642 6
644 644 6
660 660 5
697 697 5
712 712 6
723 723 6
730 730 4
733 733 5
782 782 5
799 799 5
799 799 6
816 816 5
818 818 5
867 867 5
885 885 5
888 888 6
894 894 6
954 954 6
967 967 5
1000 1000 5
17 17 5
33 33 5
36 36 6
40 40 5
43 43 6
67 67 4
78 78 5
115 115 5
122 122 6
132 132 6
151 151 6
153 153 5
185 185 5
188 188 5
199 199 6
200 200 6
231 231 4
249 249 6
335 335 6
356 356 5
410 410 5
430 430 6
439 439 5
444 444 4
458 458 6
488 488 6
494 494 6
494 494 6
500 500 5
631 631 5
646 646 4
663 663 5
669 669 5
687 687 6
703 703 5
705 705 5
741 741 6
746 746 5
806 806 5
838 838 5
850 850 6
858 858 5
885 885 5
887 887 5
911 911 4
954 954 5
959 959 5
971 971 5
993 993 5
996 996 5
22 22 5
29 29 4
34 34 4
69 69 6
89 89 5
124 124 6
164 164 5
192 192 4
200 200 6
203 203 4
213 213 5
224 224 5
227 227 6
240 240 6
265 265 5
271 271 5
290 290 5
290 290 6
301 301 6
304 304 5
352 352 4
360 360 6
368 368 5
401 401 5
412 412 5
422 422 5
488 488 4
541 541 4
563 563 6
582 582 6
665 665 6
680 680 5
747 747 6
751 751 4
762 762 5
764 764 6
765 765 5
765 765 6
770 770 5
775 775 4
783 783 5
786 786 5
815 815 5
824 824 6
877 877 6
897 897 5
899 899 5
910 910 6
945 945 5
957 957 6
3 3 4
19 19 6
34 34 5
59 59 4
79 79 6
84 84 5
114 114 6
156 156 4
168 168 5
208 208 5
252 252 5
264 264 5
269 269 6
276 276 6
289 289 6
309 309 5
340 340 5
354 354 5
391 391 6
397 397 5
401 401 5
414 414 5
420 420 4
460 460 6
523 523 6
557 557 5
559 559 5
572 572 6
653 653 6
686 686 5
715 715 5
716 716 6
748 748 6
750 750 5
774 774 6
791 791 5
791 791 6
811 811 6
840 840 5
845 845 6
851 851 5
852 852 5
873 873 6
876 876 5
888 888 5
903 903 5
919 919 5
960 960 4
984 984 4
988 988 4
27 27 4
31 31 5
88 88 6
114 114 5
129 129 4
134 134 5
141 141 6
166 166 5
178 178 5
190 190 6
202 202 6
213 213 5
220 220 6
227 227 5
233 233 5
233 233 5
245 245 5
260 260 5
374 374 5
382 382 6
401 401 5
410 410 5
467 467 4
467 467 5
469 469 5
510 510 6
558 558 5
579 579 5
613 613 5
702 702 5
702 702 6
723 723 6
740 740 6
744 744 6
749 749 5
756 756 6
770 770 5
774 774 6
799 799 5
820 820 6
829 829 5
837 837 5
842 842 6
905 905 6
913 913 6
928 928 5
937 937 5
945 945 4
956 956 4
998 998 5
5 5 5
35 35 5
60 60 5
60 60 6
67 67 6
101 101 6
108 108 6
109 109 5
109 109 6
111 111 6
153 153 5
174 174 5
181 181 6
270 270 4
271 271 5
275 275 6
299 299 5
313 313 6
315 315 6
344 344 6
352 352 6
364 364 5
379 379 5
394 394 5
398 398 5
401 401 5
439 439 6
446 446 6
477 477 5
503 503 4
534 534 4
534 534 6
556 556 5
564 564 6
582 582 6
595 595 5
605 605 5
679 679 6
686 686 5
733 733 6
738 738 6
769 769 6
778 778 5
782 782 5
795 795 6
801 801 5
920 920 5
928 928 4
984 984 4
995 995 5
26 26 6
52 52 4
129 129 5
142 142 6
157 157 5
163 163 6
197 197 5
203 203 5
225 225 5
228 228 6
255 255 6
279 279 5
295 295 6
299 299 6
324 324 5
327 327 5
338 338 5
340 340 5
362 362 6
374 374 5
387 387 6
398 398 6
408 408 5
412 412 5
432 432 6
466 466 5
479 479 6
495 495 6
522 522 5
541 541 5
575 575 5
587 587 5
587 587 5
594 594 6
652 652 5
660 660 6
700 700 5
751 751 5
802 802 4
808 808 5
823 823 5
827 827 4
834 834 4
846 846 5
907 907 6
912 912 4
924 924 4
941 941 5
990 990 5
996 996 5
10 10 5
93 93 6
137 137 4
172 172 5
175 175 5
186 186 6
187 187 6
192 192 4
213 213 5
268 268 6
285 285 6
298 298 5
325 325 5
336 336 4
421 421 6
477 477 5
483 483 6
546 546 5
584 584 5
591 591 5
615 615 5
626 626 5
654 654 5
659 659 6
694 694 5
707 707 5
717 717 5
740 740 5
740 740 6
746 746 5
755 755 6
762 762 4
782 782 5
795 795 5
799 799 5
802 802 5
834 834 5
834 834 5
835 835 4
839 839 4
845 845 4
862 862 6
874 874 4
878 878 6
886 886 5
940 940 5
946 946 4
947 947 6
970 970 6
998 998 6
4 4 5
21 21 4
24 24 5
30 30 5
52 52 5
60 60 6
81 81 4
112 112 6
125 125 4
161 161 5
162 162 4
196 196 6
201 201 4
216 216 4
226 226 5
250 250 4
259 259 5
296 296 4
373 373 4
389 389 6
444 444 5
460 460 5
464 464 5
473 473 5
482 482 6
484 484 5
517 517 5
518 518 6
580 580 4
599 599 5
615 615 5
618 618 5
632 632 6
674 674 5
675 675 4
724 724 5
725 725 4
729 729 4
734 734 6
762 762 6
775 775 6
846 846 6
886 886 6
887 887 6
912 912 5
917 917 4
936 936 6
943 943 6
955 955 6
976 976 5
13 13 5
68 68 6
130 130 6
173 173 5
177 177 5
197 197 4
208 208 5
254 254 6
268 268 4
269 269 6
350 350 5
352 352 5
353 353 6
379 379 6
390 390 6
401 401 6
426 426 6
459 459 5
497 497 5
521 521 6
558 558 5
575 575 6
599 599 5
599 599 6
631 631 5
631 631 5
634 634 5
634 634 6
641 641 5
641 641 6
651 651 4
686 686 5
687 687 5
692 692 6
710 710 5
711 711 5
739 739 5
772 772 6
778 778 6
779 779 5
806 806 6
839 839 4
859 859 6
864 864 5
872 872 6
879 879 6
911 911 4
921 921 4
955 955 6
965 965 6
1 1 4
53 53 5
58 58 5
81 81 5
112 112 5
135 135 5
138 138 5
169 169 6
211 211 5
216 216 5
267 267 5
273 273 5
349 349 5
355 355 5
387 387 6
413 413 6
449 449 6
459 459 4
470 470 5
473 473 5
483 483 5
504 504 5
516 516 6
542 542 5
544 544 5
559 559 5
571 571 5
614 614 6
635 635 5
636 636 6
661 661 5
717 717 5
739 739 5
753 753 5
784 784 6
790 790 5
794 794 5
800 800 6
803 803 5
866 866 5
873 873 5
876 876 5
910 910 6
944 944 5
946 946 6
966 966 4
983 983 6
994 994 6
996 996 4
998 998 5
44 44 6
54 54 5
70 70 5
96 96 6
103 103 5
103 103 5
105 105 5
136 136 6
159 159 5
184 184 6
192 192 5
197 197 6
232 232 6
241 241 5
247 247 5
279 279 4
291 291 5
296 296 6
327 327 6
334 334 5
364 364 5
393 393 4
398 398 6
414 414 6
422 422 6
423 423 6
426 426 4
430 430 5
433 433 4
442 442 5
476 476 5
494 494 6
498 498 5
599 599 6
620 620 5
642 642 5
652 652 5
670 670 5
695 695 5
700 700 5
723 723 6
731 731 5
747 747 5
765 765 5
782 782 5
796 796 5
848 848 6
861 861 5
898 898 6
950 950 4
128 128 5
148 148 5
155 155 5
172 172 5
176 176 5
198 198 5
211 211 6
230 230 5
240 240 5
252 252 5
284 284 5
305 305 6
320 320 5
381 381 4
392 392 5
440 440 4
440 440 5
464 464 5
496 496 6
512 512 4
513 513 6
529 529 5
536 536 5
547 547 5
561 561 5
565 565 5
570 570 5
596 596 6
614 614 5
650 650 5
654 654 5
688 688 6
700 700 6
703 703 5
703 703 5
708 708 6
737 737 5
742 742 6
744 744 6
770 770 6
782 782 4
816 816 5
819 819 6
842 842 5
859 859 5
931 931 5
940 940 5
960 960 6
970 970 6
992 992 5
23 23 5
41 41 5
60 60 4
87 87 6
93 93 5
100 100 6
113 113 4
114 114 6
137 137 6
139 139 4
227 227 5
239 239 4
251 251 6
266 266 5
323 323 6
326 326 5
327 327 5
347 347 5
349 349 6
383 383 6
455 455 4
472 472 5
472 472 6
479 479 5
549 549 6
579 579 5
592 592 6
614 614 6
681 681 5
686 686 4
703 703 5
718 718 6
724 724 6
724 724 6
744 744 5
757 757 6
780 780 6
835 835 4
847 847 6
849 849 5
864 864 6
866 866 6
874 874 4
927 927 6
929 929 5
942 942 6
952 952 6
985 985 5
992 992 5
995 995 5
22 22 6
34 34 5
36 36 6
41 41 6
79 79 5
89 89 5
104 104 4
131 131 6
199 199 4
205 205 4
207 207 6
212 212 5
217 217 4
237 237 6
260 260 6
269 269 6
273 273 5
280 280 6
288 288 6
295 295 6
434 434 5
469 469 4
498 498 5
516 516 5
519 519 5
521 521 5
526 526 6
574 574 5
622 622 5
648 648 5
658 658 5
659 659 5
662 662 5
678 678 4
680 680 4
712 712 5
716 716 5
790 790 5
800 800 5
802 802 5
840 840 4
851 851 5
884 884 5
927 927 5
944 944 6
953 953 6
959 959 5
980 980 6
987 987 5
1000 1000 6
5 5 6
48 48 5
59 59 5
144 144 5
157 157 5
167 167 4
178 178 6
205 205 4
205 205 4
206 206 5
266 266 6
278 278 5
300 300 5
305 305 6
307 307 6
316 316 5
360 360 6
379 379 5
382 382 6
420 420 5
498 498 5
514 514 4
544 544 5
546 546 6
571 571 6
582 582 6
624 624 6
625 625 5
643 643 5
658 658 5
688 688 6
691 691 4
712 712 4
713 713 6
723 723 5
733 733 6
735 735 5
747 747 4
777 777 6
778 778 5
780 780 5
785 785 6
797 797 5
853 853 6
881 881 5
881 881 6
939 939 5
943 943 5
950 950 6
984 984 6
52 52 5
63 63 5
69 69 6
76 76 6
102 102 4
119 119 5
131 131 5
132 132 5
155 155 5
160 160 5
180 180 5
187 187 5
195 195 5
213 213 5
229 229 6
230 230 6
234 234 6
249 249 5
253 253 5
296 296 5
311 311 5
331 331 5
359 359 5
377 377 5
391 391 5
406 406 6
408 408 5
409 409 6
440 440 5
444 444 4
446 446 5
459 459 5
461 461 5
553 553 6
599 599 4
613 613 5
649 649 5
670 670 5
682 682 6
735 735 5
794 794 6
823 823 6
837 837 6
842 842 4
856 856 4
856 856 5
901 901 4
944 944 4
968 968 5
985 985 6
10 10 6
26 26 4
89 89 5
101 101 5
121 121 5
139 139 5
170 170 6
182 182 6
225 225 5
226 226 5
229 229 5
234 234 5
239 239 6
266 266 5
283 283 6
306 306 4
361 361 5
417 417 5
438 438 5
439 439 5
447 447 6
453 453 6
462 462 5
490 490 5
511 511 6
513 513 4
518 518 4
531 531 6
534 534 5
539 539 5
572 572 4
612 612 6
621 621 6
622 622 6
630 630 5
695 695 6
706 706 4
708 708 6
722 722 6
845 845 5
865 865 6
867 867 5
873 873 4
876 876 5
897 897 6
904 904 5
923 923 5
931 931 5
985 985 6
993 993 6
2 2 4
35 35 6
71 71 6
74 74 5
106 106 6
115 115 6
129 129 5
133 133 5
153 153 6
172 172 6
176 176 6
195 195 5
217 217 5
311 311 5
335 335 5
341 341 6
381 381 6
444 444 5
463 463 6
469 469 6
493 493 6
498 498 5
513 513 4
528 528 5
528 528 6
529 529 4
532 532 6
537 537 5
561 561 6
567 567 5
593 593 4
606 606 6
650 650 4
673 673 5
694 694 6
716 716 6
717 717 5
767 767 5
772 772 4
787 787 5
818 818 5
842 842 6
885 885 5
889 889 6
901 901 5
927 927 5
952 952 6
958 958 6
964 964 5
994 994 5
24 24 5
33 33 4
33 33 6
57 57 5
80 80 5
92 92 6
130 130 6
133 133 6
139 139 4
140 140 6
143 143 6
181 181 5
193 193 6
207 207 5
221 221 5
250 250 5
265 265 4
279 279 4
296 296 5
302 302 5
307 307 6
366 366 5
372 372 4
395 395 5
409 409 5
409 409 5
410 410 6
410 410 6
431 431 5
433 433 5
456 456 5
496 496 6
498 498 5
553 553 6
599 599 5
601 601 6
605 605 5
623 623 4
648 648 5
760 760 5
762 762 5
890 890 4
907 907 5
908 908 5
908 908 5
927 927 5
964 964 6
975 975 6
976 976 5
988 988 5
