2000 100 4786610
20 148 246
20 128 150
20 93 179
20 107 200
20 127 210
20 127 207
20 59 226
20 70 212
20 132 179
20 51 231
20 64 208
20 139 176
20 67 220
20 55 185
20 51 176
20 130 201
20 74 163
20 51 219
20 67 188
20 94 163
20 75 162
20 116 187
20 106 174
20 116 237
20 63 201
20 126 191
20 77 217
20 84 185
20 122 186
20 64 198
20 60 187
20 69 230
20 92 227
20 60 210
20 80 200
20 82 245
20 142 185
20 90 230
20 124 152
20 121 210
20 115 174
20 135 170
20 75 215
20 74 186
20 124 179
20 76 161
20 116 199
20 82 219
20 116 238
20 57 241
20 117 201
20 136 215
20 100 165
20 55 213
20 137 212
20 116 204
20 71 212
20 52 201
20 88 180
20 144 220
20 143 172
20 107 186
20 97 190
20 61 151
20 118 163
20 51 194
20 59 167
20 126 213
20 79 211
20 147 225
20 60 240
20 146 195
20 99 212
20 122 226
20 60 194
20 134 208
20 117 183
20 126 197
20 145 163
20 112 210
20 58 245
20 63 225
20 134 187
20 55 209
20 127 172
20 60 190
20 135 242
20 126 201
20 75 194
20 113 241
20 111 201
20 133 178
20 55 239
20 116 237
20 130 232
20 98 175
20 81 248
20 124 179
20 95 206
20 65 243
168 168 14
953 953 16
1798 1798 14
2389 2389 16
2754 2754 17
3210 3210 15
3384 3384 13
3656 3656 15
4032 4032 15
4825 4825 17
5186 5186 17
5207 5207 13
5305 5305 15
5720 5720 13
5987 5987 14
6863 6863 18
7230 7230 17
9028 9028 14
9523 9523 13
9775 9775 15
13 13 14
14 14 16
41 41 14
784 784 16
979 979 18
1309 1309 15
1494 1494 16
2499 2499 16
3588 3588 14
3756 3756 13
4180 4180 13
4803 4803 17
5266 5266 15
5477 5477 14
6783 6783 17
7682 7682 17
7705 7705 14
7711 7711 17
8184 8184 13
8551 8551 15
462 462 13
876 876 16
1457 1457 13
1650 1650 18
2131 2131 16
2506 2506 17
2725 2725 17
3277 3277 13
4153 4153 15
4644 4644 16
4900 4900 17
5694 5694 14
5923 5923 17
6502 6502 15
6860 6860 15
6980 6980 13
7460 7460 13
8499 8499 15
8849 8849 17
9176 9176 15
1225 1225 16
1906 1906 14
2119 2119 17
2504 2504 17
2915 2915 14
3184 3184 17
3292 3292 14
4490 4490 13
5005 5005 15
5014 5014 15
6127 6127 13
6352 6352 15
7974 7974 17
7991 7991 13
8013 8013 18
8143 8143 16
8175 8175 14
8989 8989 17
9867 9867 14
9906 9906 13
873 873 17
884 884 16
996 996 17
2539 2539 17
2871 2871 14
3025 3025 15
3505 3505 13
3589 3589 16
3591 3591 18
4094 4094 17
5470 5470 17
7011 7011 14
7045 7045 17
7815 7815 14
8044 8044 14
8060 8060 17
8560 8560 18
9011 9011 13
9025 9025 16
9179 9179 16
1026 1026 14
1270 1270 17
1806 1806 15
2070 2070 15
2184 2184 14
3821 3821 13
3841 3841 15
4949 4949 16
5339 5339 14
5469 5469 16
6564 6564 18
6673 6673 18
6722 6722 17
7267 7267 16
7280 7280 14
7392 7392 15
7429 7429 16
7848 7848 13
8257 8257 14
9746 9746 16
484 484 17
856 856 14
1356 1356 14
1910 1910 13
2097 2097 15
2891 2891 16
4499 4499 17
5151 5151 17
5611 5611 17
5850 5850 17
5858 5858 17
6166 6166 13
6923 6923 14
7434 7434 14
7450 7450 14
7943 7943 15
7998 7998 14
8499 8499 16
8847 8847 14
9549 9549 13
5 5 14
718 718 16
851 851 16
1637 1637 16
1882 1882 15
2032 2032 15
3216 3216 13
3768 3768 16
3956 3956 16
4463 4463 16
5541 5541 14
5882 5882 14
6190 6190 13
6195 6195 16
6463 6463 14
6486 6486 16
7537 7537 17
8296 8296 18
8967 8967 14
9238 9238 15
51 51 15
69 69 16
219 219 17
300 300 14
465 465 15
952 952 17
1124 1124 17
2070 2070 15
2420 2420 14
3697 3697 16
4186 4186 16
4791 4791 15
4830 4830 13
6088 6088 16
6120 6120 16
7290 7290 16
7471 7471 16
7772 7772 17
8332 8332 17
8496 8496 13
1118 1118 16
1227 1227 17
2167 2167 13
2524 2524 18
2629 2629 13
2663 2663 16
3549 3549 13
3598 3598 18
3900 3900 15
4957 4957 15
5117 5117 15
5131 5131 16
5162 5162 15
5677 5677 14
5784 5784 15
6317 6317 13
7009 7009 14
7468 7468 15
9495 9495 14
9817 9817 16
433 433 15
922 922 14
1932 1932 16
2057 2057 16
3654 3654 16
4246 4246 13
5328 5328 16
5423 5423 13
6026 6026 17
6101 6101 17
6131 6131 17
6438 6438 14
7012 7012 13
7048 7048 13
7066 7066 18
7098 7098 15
7603 7603 16
8736 8736 17
9436 9436 15
9463 9463 16
65 65 13
1154 1154 14
1480 1480 15
1801 1801 16
2546 2546 18
3050 3050 17
3388 3388 15
3492 3492 17
3944 3944 14
4071 4071 13
5034 5034 18
6365 6365 16
7043 7043 18
7414 7414 17
7585 7585 14
7831 7831 17
8420 8420 14
9268 9268 17
9401 9401 17
9895 9895 15
959 959 16
1042 1042 17
1547 1547 16
2788 2788 18
3522 3522 17
3801 3801 18
4190 4190 13
4732 4732 16
4929 4929 15
5512 5512 15
5967 5967 15
6419 6419 15
7251 7251 13
7433 7433 15
9057 9057 16
9253 9253 13
9351 9351 13
9426 9426 13
9618 9618 15
9626 9626 15
442 442 14
1602 1602 17
2272 2272 14
2375 2375 17
2670 2670 13
3024 3024 15
3468 3468 13
3599 3599 16
4407 4407 13
4813 4813 15
5051 5051 15
6154 6154 15
6545 6545 18
7023 7023 14
7109 7109 14
7161 7161 16
7585 7585 17
7654 7654 17
8274 8274 16
8837 8837 16
412 412 18
512 512 17
579 579 17
1362 1362 17
1626 1626 18
2911 2911 14
3199 3199 15
3517 3517 13
3539 3539 16
3682 3682 16
3865 3865 13
3932 3932 16
5510 5510 14
5719 5719 13
6761 6761 16
6793 6793 17
7094 7094 14
7266 7266 14
8730 8730 15
9616 9616 15
46 46 17
934 934 17
1375 1375 16
1489 1489 18
3353 3353 14
3433 3433 17
4074 4074 18
4240 4240 16
4380 4380 17
4887 4887 17
5076 5076 15
5355 5355 18
6273 6273 15
6326 6326 13
6358 6358 15
7857 7857 16
8603 8603 14
8668 8668 14
8840 8840 15
9366 9366 17
179 179 17
446 446 16
462 462 13
780 780 13
1844 1844 16
2485 2485 13
2959 2959 17
3826 3826 17
3848 3848 14
5000 5000 13
5031 5031 16
5598 5598 18
5817 5817 16
6043 6043 13
6161 6161 14
6515 6515 13
7900 7900 15
8176 8176 17
8735 8735 14
9549 9549 13
769 769 16
1156 1156 18
2012 2012 16
2266 2266 17
2588 2588 17
2607 2607 13
2886 2886 18
4771 4771 17
5042 5042 16
5867 5867 14
6249 6249 13
6815 6815 17
7609 7609 14
8907 8907 13
9030 9030 17
9256 9256 16
9465 9465 17
9466 9466 15
9517 9517 17
9992 9992 18
208 208 17
222 222 14
839 839 14
1407 1407 14
1566 1566 14
1876 1876 17
2535 2535 15
2833 2833 18
4314 4314 13
4798 4798 13
5127 5127 18
5444 5444 15
5645 5645 16
5786 5786 14
6601 6601 15
7453 7453 13
7911 7911 16
8774 8774 15
9066 9066 13
9265 9265 15
143 143 14
236 236 15
669 669 13
1064 1064 15
1152 1152 14
2691 2691 13
3175 3175 18
3824 3824 16
3993 3993 18
5184 5184 13
5253 5253 18
5302 5302 15
6827 6827 17
6938 6938 16
7031 7031 15
7685 7685 16
8100 8100 14
8419 8419 15
9226 9226 17
9952 9952 15
1495 1495 13
2122 2122 14
2457 2457 14
3170 3170 16
3345 3345 16
3669 3669 13
3831 3831 15
4768 4768 14
5146 5146 14
5224 5224 17
5832 5832 16
6098 6098 16
6813 6813 18
7932 7932 16
8590 8590 13
8662 8662 13
9004 9004 17
9384 9384 16
9568 9568 13
9732 9732 17
1002 1002 13
1005 1005 16
1737 1737 13
2830 2830 16
3163 3163 18
3315 3315 17
4262 4262 17
4414 4414 14
4740 4740 18
5067 5067 15
5185 5185 16
6019 6019 17
6480 6480 17
6761 6761 17
6783 6783 16
7259 7259 14
7591 7591 15
8440 8440 18
9157 9157 18
9424 9424 13
405 405 15
727 727 18
836 836 16
919 919 17
1328 1328 14
3099 3099 16
3821 3821 15
4556 4556 14
5345 5345 13
5660 5660 15
6538 6538 14
7114 7114 14
7684 7684 13
7813 7813 13
7985 7985 14
8336 8336 13
8964 8964 17
9273 9273 14
9682 9682 14
9704 9704 16
211 211 16
579 579 13
990 990 16
1629 1629 15
2180 2180 17
2681 2681 17
3365 3365 13
3794 3794 15
4148 4148 14
4667 4667 17
4695 4695 15
7161 7161 14
7191 7191 13
7760 7760 16
7875 7875 14
7987 7987 14
8017 8017 13
9280 9280 18
9813 9813 17
9880 9880 17
364 364 16
1758 1758 13
1830 1830 16
3967 3967 15
4401 4401 17
4415 4415 16
4545 4545 13
4646 4646 17
5308 5308 14
5451 5451 13
5852 5852 14
6067 6067 17
6154 6154 17
6296 6296 13
6321 6321 13
6630 6630 14
7185 7185 17
7317 7317 17
7799 7799 13
8499 8499 13
21 21 13
353 353 17
455 455 18
1158 1158 14
1442 1442 13
2522 2522 13
2637 2637 16
3130 3130 17
3693 3693 13
5229 5229 17
5446 5446 14
6256 6256 13
7353 7353 14
7409 7409 17
7436 7436 15
7861 7861 15
8326 8326 15
8956 8956 17
9004 9004 13
9710 9710 17
97 97 15
819 819 17
1334 1334 15
2652 2652 13
2797 2797 15
3364 3364 17
3739 3739 18
4027 4027 16
4531 4531 13
4849 4849 18
5001 5001 13
5091 5091 16
5667 5667 16
7728 7728 15
8602 8602 17
8922 8922 18
8938 8938 16
9082 9082 15
9602 9602 15
9619 9619 17
54 54 18
321 321 16
473 473 16
1546 1546 13
1604 1604 14
2626 2626 14
4593 4593 16
4719 4719 16
5560 5560 17
5929 5929 14
5954 5954 14
6251 6251 16
7154 7154 17
7170 7170 16
8080 8080 14
8703 8703 13
8708 8708 16
9108 9108 13
9530 9530 13
9718 9718 14
297 297 14
1231 1231 14
1288 1288 16
1349 1349 15
1523 1523 14
2061 2061 16
3948 3948 13
3953 3953 17
4029 4029 16
4362 4362 17
4511 4511 17
5132 5132 14
5319 5319 17
5906 5906 13
6185 6185 17
6373 6373 15
6393 6393 17
6542 6542 14
8700 8700 16
9071 9071 14
748 748 13
1125 1125 14
1459 1459 13
1762 1762 17
2276 2276 13
3304 3304 15
4398 4398 14
4584 4584 15
4659 4659 14
6157 6157 14
6203 6203 18
6444 6444 18
7622 7622 13
7968 7968 14
8127 8127 13
8518 8518 14
8631 8631 15
9112 9112 17
9222 9222 14
9477 9477 16
138 138 13
145 145 18
708 708 14
1235 1235 15
1717 1717 18
2060 2060 16
2090 2090 17
2733 2733 14
2802 2802 16
4266 4266 13
4294 4294 14
5198 5198 15
5912 5912 15
6854 6854 13
7814 7814 17
7870 7870 15
8699 8699 17
8826 8826 17
9083 9083 18
9919 9919 16
259 259 15
875 875 17
881 881 17
1014 1014 14
1115 1115 14
2179 2179 15
3154 3154 16
3296 3296 15
3969 3969 16
4656 4656 17
5090 5090 17
5927 5927 17
5928 5928 15
6453 6453 15
7184 7184 14
7491 7491 14
7497 7497 14
7822 7822 17
8678 8678 18
8777 8777 14
717 717 15
870 870 13
1410 1410 13
1460 1460 16
1761 1761 16
2290 2290 13
3165 3165 16
5745 5745 17
6318 6318 13
6448 6448 18
6869 6869 15
6994 6994 18
7268 7268 18
7586 7586 18
7816 7816 14
8391 8391 18
9168 9168 13
9469 9469 15
9682 9682 17
9920 9920 16
56 56 18
179 179 16
238 238 16
559 559 15
656 656 16
923 923 17
1834 1834 16
2472 2472 17
3385 3385 15
5426 5426 13
5553 5553 14
5677 5677 18
6147 6147 14
6299 6299 13
6702 6702 17
7319 7319 15
7612 7612 18
7731 7731 13
7893 7893 14
9103 9103 16
624 624 16
653 653 13
1118 1118 16
2445 2445 16
3042 3042 17
3259 3259 15
3727 3727 16
3932 3932 14
4349 4349 16
4376 4376 18
4378 4378 14
4634 4634 16
6416 6416 16
7171 7171 13
7505 7505 17
7682 7682 17
7734 7734 15
8582 8582 18
8988 8988 13
9689 9689 14
741 741 15
914 914 18
1340 1340 13
1775 1775 17
1867 1867 14
2054 2054 13
2273 2273 15
2278 2278 14
2572 2572 16
2961 2961 15
3969 3969 16
4812 4812 18
5953 5953 13
6166 6166 15
6912 6912 14
7175 7175 13
7562 7562 13
8509 8509 17
9076 9076 14
9521 9521 16
12 12 14
473 473 15
1054 1054 17
2212 2212 16
2648 2648 14
4241 4241 17
5030 5030 15
5166 5166 18
5532 5532 15
6141 6141 13
6263 6263 14
6286 6286 18
7351 7351 18
7360 7360 15
7377 7377 14
7912 7912 13
8996 8996 17
9384 9384 17
9410 9410 15
9693 9693 16
742 742 15
763 763 13
1372 1372 18
2223 2223 14
2226 2226 17
3978 3978 16
4285 4285 17
5712 5712 15
5894 5894 14
6055 6055 13
6131 6131 13
6374 6374 17
7003 7003 14
7074 7074 16
7604 7604 14
8548 8548 15
8826 8826 18
8858 8858 15
9154 9154 14
9395 9395 14
447 447 13
840 840 18
1735 1735 13
2003 2003 16
2077 2077 16
2089 2089 13
2296 2296 14
3296 3296 16
4169 4169 14
5036 5036 14
5859 5859 13
6994 6994 16
7039 7039 17
7591 7591 13
8938 8938 16
9147 9147 16
9185 9185 14
9479 9479 17
9559 9559 17
9572 9572 13
725 725 15
1113 1113 15
1732 1732 14
1851 1851 17
3390 3390 15
4414 4414 16
4900 4900 17
5191 5191 14
5459 5459 14
5470 5470 18
5609 5609 13
5829 5829 13
6310 6310 16
7827 7827 13
8232 8232 13
8500 8500 17
9393 9393 15
9568 9568 15
9848 9848 13
9889 9889 13
756 756 16
801 801 13
849 849 15
1019 1019 14
1098 1098 17
1867 1867 15
1983 1983 16
2198 2198 17
2386 2386 14
3524 3524 15
3821 3821 16
3837 3837 13
4030 4030 13
4047 4047 13
4310 4310 17
4578 4578 16
5824 5824 17
6738 6738 14
6941 6941 17
9693 9693 15
1110 1110 13
1729 1729 17
2430 2430 17
2461 2461 15
2656 2656 17
2754 2754 18
3285 3285 16
3498 3498 15
4219 4219 14
4306 4306 15
5415 5415 15
5533 5533 14
6018 6018 13
6267 6267 15
6823 6823 16
8619 8619 17
8814 8814 15
9306 9306 14
9774 9774 14
9969 9969 15
48 48 15
225 225 15
417 417 17
693 693 15
2341 2341 18
2903 2903 13
3409 3409 14
5488 5488 15
5591 5591 13
5683 5683 15
5713 5713 15
5776 5776 15
7867 7867 16
8495 8495 14
8645 8645 16
8775 8775 16
9237 9237 17
9393 9393 13
9561 9561 17
9681 9681 16
538 538 17
660 660 14
940 940 13
1260 1260 14
2124 2124 14
2565 2565 18
3245 3245 15
3612 3612 15
4917 4917 13
4981 4981 17
5239 5239 18
5650 5650 17
6697 6697 13
7386 7386 18
7424 7424 16
7920 7920 15
8802 8802 15
9304 9304 15
9409 9409 13
9686 9686 17
769 769 13
1136 1136 13
1255 1255 13
1631 1631 14
1854 1854 17
1872 1872 14
2110 2110 17
4321 4321 17
4998 4998 13
5515 5515 15
5660 5660 17
6046 6046 14
6441 6441 15
7069 7069 13
7713 7713 13
8402 8402 16
8586 8586 16
9008 9008 14
9179 9179 17
9212 9212 16
872 872 13
1268 1268 16
2083 2083 18
2549 2549 16
2629 2629 16
3249 3249 15
3838 3838 16
4072 4072 15
4164 4164 13
4456 4456 15
4876 4876 15
5329 5329 16
5671 5671 15
5962 5962 15
6072 6072 16
6074 6074 14
6555 6555 13
8714 8714 17
8828 8828 17
9547 9547 16
19 19 17
287 287 17
344 344 13
508 508 14
1517 1517 16
2256 2256 15
2339 2339 18
2447 2447 16
2882 2882 14
4415 4415 15
5592 5592 14
6483 6483 17
6587 6587 16
6665 6665 14
6958 6958 17
8070 8070 17
8101 8101 14
8838 8838 15
9450 9450 17
9772 9772 15
1019 1019 16
1033 1033 15
1589 1589 16
1828 1828 17
2589 2589 18
2935 2935 16
3746 3746 15
4110 4110 17
4905 4905 15
4970 4970 16
5983 5983 13
6154 6154 16
6935 6935 15
7340 7340 14
7979 7979 13
8046 8046 18
9003 9003 17
9104 9104 17
9251 9251 15
9570 9570 16
345 345 15
368 368 14
827 827 17
1183 1183 17
3277 3277 13
4094 4094 13
4562 4562 15
4914 4914 15
5512 5512 16
5737 5737 14
6593 6593 15
6913 6913 16
7721 7721 14
8237 8237 13
8260 8260 14
8555 8555 15
8730 8730 13
9517 9517 17
9672 9672 15
9841 9841 16
1142 1142 14
1259 1259 14
2097 2097 16
2775 2775 18
2791 2791 16
3251 3251 15
3300 3300 14
4391 4391 15
4788 4788 16
5141 5141 13
5739 5739 17
6046 6046 17
6091 6091 17
6111 6111 15
7044 7044 14
7184 7184 13
7887 7887 17
8348 8348 17
9438 9438 15
9454 9454 18
738 738 14
1039 1039 17
1067 1067 18
1447 1447 15
2902 2902 14
4262 4262 16
4345 4345 15
4884 4884 15
5083 5083 18
5827 5827 14
6234 6234 15
6264 6264 14
6827 6827 16
6834 6834 13
6960 6960 16
7428 7428 17
7853 7853 17
8290 8290 14
8767 8767 14
9650 9650 15
9 9 13
528 528 15
1793 1793 14
1887 1887 18
2420 2420 13
3011 3011 16
3031 3031 13
3488 3488 14
3795 3795 14
3974 3974 17
4859 4859 14
5212 5212 15
5919 5919 13
6504 6504 17
6955 6955 14
7005 7005 14
7869 7869 17
8645 8645 15
8869 8869 14
9235 9235 14
344 344 13
557 557 14
1159 1159 16
1172 1172 17
1446 1446 15
1452 1452 13
1587 1587 16
3038 3038 13
3374 3374 17
4004 4004 17
5056 5056 14
5344 5344 13
5464 5464 14
6076 6076 15
6521 6521 13
7663 7663 18
8955 8955 17
9031 9031 18
9302 9302 13
9670 9670 16
75 75 17
437 437 17
665 665 15
879 879 14
1966 1966 18
2292 2292 13
2978 2978 17
3266 3266 16
5205 5205 18
5419 5419 13
6165 6165 14
6785 6785 13
7070 7070 17
7089 7089 16
7633 7633 14
7835 7835 13
8529 8529 16
8648 8648 14
9559 9559 16
9776 9776 14
554 554 13
784 784 16
1428 1428 13
1536 1536 15
2629 2629 13
2953 2953 18
3341 3341 14
3535 3535 16
3568 3568 13
4398 4398 15
4460 4460 13
5506 5506 16
6881 6881 13
7005 7005 14
7235 7235 14
7380 7380 13
7674 7674 15
7815 7815 18
7988 7988 18
8044 8044 15
154 154 16
606 606 17
940 940 18
2074 2074 15
2316 2316 14
2982 2982 17
3148 3148 16
3201 3201 17
4403 4403 15
5023 5023 13
6127 6127 14
6348 6348 16
7376 7376 17
7498 7498 17
8312 8312 15
8350 8350 18
8581 8581 18
8683 8683 13
9178 9178 13
9407 9407 15
1403 1403 14
1660 1660 17
3312 3312 14
3602 3602 15
3698 3698 18
3713 3713 14
4066 4066 13
4089 4089 17
5420 5420 14
6438 6438 18
6714 6714 17
6743 6743 18
7463 7463 15
7517 7517 15
7680 7680 14
7964 7964 15
8727 8727 16
9434 9434 14
9504 9504 14
9690 9690 14
463 463 16
1051 1051 16
1501 1501 16
2329 2329 15
2418 2418 13
3373 3373 16
3977 3977 15
4574 4574 15
4771 4771 15
4984 4984 16
5242 5242 17
5673 5673 15
6173 6173 15
6882 6882 16
7528 7528 17
8011 8011 13
8731 8731 13
9052 9052 17
9198 9198 14
9432 9432 13
142 142 15
342 342 13
662 662 15
1078 1078 15
1271 1271 14
2152 2152 16
3032 3032 16
3261 3261 15
3719 3719 13
4361 4361 14
4398 4398 15
4453 4453 17
5269 5269 18
5418 5418 16
5868 5868 15
7658 7658 16
8029 8029 16
8771 8771 15
9137 9137 16
9332 9332 14
768 768 17
1473 1473 13
1706 1706 16
3537 3537 13
3750 3750 16
4359 4359 18
4473 4473 16
4851 4851 17
4879 4879 16
4951 4951 18
5992 5992 16
6227 6227 14
6308 6308 14
7173 7173 13
7818 7818 13
8947 8947 15
9055 9055 17
9303 9303 17
9500 9500 14
9910 9910 17
373 373 14
384 384 13
549 549 17
1057 1057 17
1772 1772 16
1847 1847 13
3009 3009 13
3183 3183 13
4019 4019 13
4336 4336 13
4421 4421 13
4442 4442 16
4887 4887 15
5465 5465 15
5623 5623 16
7164 7164 15
8251 8251 13
9359 9359 13
9511 9511 15
9778 9778 16
976 976 17
1029 1029 17
1146 1146 15
1814 1814 13
1998 1998 13
2774 2774 17
2802 2802 17
3165 3165 13
3677 3677 16
3830 3830 16
4727 4727 16
5729 5729 15
6122 6122 14
6320 6320 16
7243 7243 14
7845 7845 16
8359 8359 15
8836 8836 13
9413 9413 15
9633 9633 15
514 514 16
603 603 16
623 623 14
896 896 14
1870 1870 13
3603 3603 13
3769 3769 17
3792 3792 16
3813 3813 18
5255 5255 15
5520 5520 17
6160 6160 13
6743 6743 14
6994 6994 15
7212 7212 15
8429 8429 15
9305 9305 17
9398 9398 17
9405 9405 17
9877 9877 15
1331 1331 13
1488 1488 14
1701 1701 15
2316 2316 15
2728 2728 17
3796 3796 14
3812 3812 16
5192 5192 15
5941 5941 14
5959 5959 13
6030 6030 15
6129 6129 18
6299 6299 14
6444 6444 17
6490 6490 17
6986 6986 14
7460 7460 16
7499 7499 13
8071 8071 14
9425 9425 13
56 56 17
1183 1183 15
1207 1207 13
1490 1490 14
1638 1638 18
2195 2195 15
3362 3362 16
4318 4318 17
4813 4813 14
5705 5705 16
5773 5773 14
5806 5806 15
5982 5982 14
6114 6114 14
6671 6671 13
7337 7337 14
7467 7467 13
8011 8011 18
8228 8228 16
9208 9208 15
450 450 17
637 637 17
1304 1304 17
1545 1545 13
3254 3254 13
3355 3355 13
3546 3546 17
3848 3848 13
4729 4729 14
4859 4859 14
5160 5160 14
5196 5196 14
5655 5655 18
6695 6695 15
6981 6981 18
7382 7382 18
7801 7801 17
8653 8653 14
8708 8708 17
9546 9546 13
130 130 17
539 539 18
675 675 14
967 967 17
1174 1174 16
2034 2034 14
2490 2490 13
2909 2909 16
3429 3429 13
3455 3455 18
4274 4274 15
5052 5052 14
6980 6980 17
7318 7318 16
7993 7993 14
8420 8420 16
8930 8930 14
9032 9032 15
9072 9072 16
9388 9388 15
345 345 13
549 549 16
2124 2124 13
2408 2408 15
2845 2845 15
2886 2886 15
2943 2943 18
3551 3551 14
3751 3751 13
3936 3936 18
4326 4326 15
4421 4421 17
5527 5527 15
6287 6287 15
6377 6377 14
6489 6489 18
6857 6857 13
7062 7062 14
7903 7903 13
8184 8184 14
84 84 16
176 176 14
394 394 15
425 425 16
1459 1459 15
1496 1496 18
1972 1972 15
2997 2997 16
3229 3229 14
3406 3406 18
3435 3435 16
4132 4132 18
4790 4790 18
5052 5052 13
7264 7264 18
7557 7557 13
7837 7837 14
9012 9012 14
9417 9417 13
9830 9830 17
1772 1772 16
2417 2417 14
2538 2538 13
2807 2807 15
3202 3202 14
3942 3942 13
4136 4136 17
4521 4521 16
5046 5046 16
6202 6202 13
6385 6385 15
6421 6421 16
6702 6702 14
7107 7107 14
7971 7971 14
8187 8187 14
8837 8837 17
9008 9008 14
9085 9085 16
9190 9190 17
1 1 13
299 299 17
702 702 13
716 716 15
1647 1647 16
1758 1758 15
2248 2248 14
3028 3028 15
3761 3761 16
4035 4035 15
5375 5375 16
5608 5608 14
7141 7141 13
7364 7364 15
7493 7493 18
8072 8072 14
8396 8396 17
8734 8734 14
9356 9356 16
9461 9461 17
555 555 16
656 656 14
1043 1043 15
1753 1753 17
2300 2300 17
2304 2304 17
2588 2588 15
3024 3024 15
3310 3310 17
3545 3545 14
4445 4445 13
5327 5327 13
5653 5653 15
5935 5935 17
5982 5982 17
6015 6015 17
6092 6092 14
6231 6231 13
6567 6567 15
7003 7003 14
199 199 13
261 261 13
877 877 14
1537 1537 15
2016 2016 16
2035 2035 16
2843 2843 14
3400 3400 13
3766 3766 14
3956 3956 16
5801 5801 14
5926 5926 17
6689 6689 15
6910 6910 14
7581 7581 14
8357 8357 13
8419 8419 13
8937 8937 15
9064 9064 13
9873 9873 18
93 93 16
1384 1384 17
1608 1608 13
4498 4498 13
4969 4969 13
5141 5141 17
5439 5439 13
6313 6313 14
6779 6779 17
6888 6888 16
7290 7290 14
7308 7308 13
7445 7445 13
7562 7562 14
7905 7905 14
8084 8084 14
8405 8405 15
8751 8751 16
8807 8807 17
9117 9117 14
426 426 18
1074 1074 17
2462 2462 13
2598 2598 14
2703 2703 17
4101 4101 17
4399 4399 18
4597 4597 18
5130 5130 14
6360 6360 15
7484 7484 17
7854 7854 13
7860 7860 16
8275 8275 14
8619 8619 14
8989 8989 14
9094 9094 15
9193 9193 16
9483 9483 15
9527 9527 16
463 463 17
1255 1255 15
1970 1970 14
2640 2640 14
2808 2808 15
3609 3609 17
3684 3684 13
4289 4289 17
4510 4510 17
4730 4730 15
4778 4778 15
5200 5200 13
5729 5729 16
6182 6182 14
6508 6508 17
7459 7459 14
7674 7674 16
8563 8563 13
9339 9339 14
9743 9743 17
2112 2112 14
3288 3288 17
3372 3372 13
3786 3786 16
4030 4030 13
4849 4849 14
5730 5730 18
5884 5884 18
5907 5907 13
6090 6090 16
6474 6474 16
7398 7398 14
7400 7400 15
7660 7660 18
8051 8051 13
8277 8277 13
8734 8734 17
8971 8971 17
9028 9028 13
9913 9913 15
51 51 14
730 730 18
1477 1477 13
1735 1735 16
1870 1870 17
2238 2238 14
2306 2306 16
2529 2529 15
3981 3981 17
4077 4077 13
4083 4083 14
4928 4928 15
5187 5187 17
6371 6371 14
8208 8208 18
8467 8467 17
8782 8782 14
8924 8924 17
9248 9248 17
9569 9569 16
69 69 14
125 125 14
166 166 17
182 182 15
626 626 17
687 687 18
1044 1044 13
1481 1481 15
2376 2376 16
3119 3119 18
3165 3165 15
4139 4139 13
4181 4181 17
5838 5838 14
6603 6603 14
6971 6971 13
7137 7137 13
8340 8340 16
8800 8800 13
9988 9988 13
530 530 17
877 877 18
1572 1572 15
2263 2263 16
2959 2959 16
3195 3195 13
3389 3389 15
4865 4865 13
5222 5222 16
5810 5810 17
6092 6092 14
7323 7323 16
8371 8371 17
8673 8673 16
8905 8905 13
8941 8941 16
9172 9172 15
9238 9238 17
9345 9345 13
9948 9948 15
301 301 15
353 353 17
483 483 17
1081 1081 16
1942 1942 15
2503 2503 14
2611 2611 13
3416 3416 15
4698 4698 17
5398 5398 17
5674 5674 18
6086 6086 15
6333 6333 14
6761 6761 14
7941 7941 18
7945 7945 13
8180 8180 13
9320 9320 15
9783 9783 18
9795 9795 17
163 163 15
348 348 15
1341 1341 14
1643 1643 18
1835 1835 15
2078 2078 14
2086 2086 17
2150 2150 17
2397 2397 16
2602 2602 16
2931 2931 15
4137 4137 15
4458 4458 16
6071 6071 15
7222 7222 13
8350 8350 17
8888 8888 17
9020 9020 17
9366 9366 14
9738 9738 15
945 945 14
1140 1140 16
1434 1434 14
1515 1515 16
1757 1757 13
1869 1869 16
3053 3053 14
3443 3443 17
4099 4099 16
4600 4600 13
4677 4677 14
5309 5309 17
5374 5374 16
5709 5709 18
7059 7059 13
7110 7110 17
7555 7555 14
8981 8981 13
9591 9591 18
9846 9846 13
1956 1956 18
2156 2156 13
2507 2507 13
2843 2843 14
2994 2994 14
4005 4005 14
4111 4111 17
4175 4175 15
4640 4640 14
5081 5081 15
5083 5083 15
5812 5812 16
6623 6623 17
6631 6631 17
7088 7088 16
7096 7096 17
7702 7702 13
8980 8980 15
9376 9376 18
9448 9448 14
388 388 15
769 769 17
1212 1212 14
1280 1280 16
2122 2122 15
2799 2799 15
2828 2828 15
2883 2883 15
3725 3725 18
3730 3730 15
3937 3937 13
4256 4256 17
4751 4751 16
4961 4961 17
5513 5513 18
5690 5690 15
6529 6529 14
8043 8043 13
8230 8230 13
9493 9493 16
2154 2154 16
2312 2312 16
2313 2313 14
2544 2544 15
2885 2885 14
2904 2904 15
4008 4008 13
4186 4186 13
4321 4321 17
5250 5250 15
5568 5568 17
5902 5902 13
6540 6540 14
7287 7287 13
8601 8601 15
8955 8955 17
9448 9448 13
9549 9549 15
9752 9752 17
9958 9958 13
149 149 13
1169 1169 17
1454 1454 15
2806 2806 15
3047 3047 13
3175 3175 13
4521 4521 17
5159 5159 14
5377 5377 13
6903 6903 16
6960 6960 14
7339 7339 15
7624 7624 15
8267 8267 16
8680 8680 14
9022 9022 14
9187 9187 14
9409 9409 16
9460 9460 13
9975 9975 18
635 635 15
908 908 15
1038 1038 16
1955 1955 17
2370 2370 15
3297 3297 15
4079 4079 13
5076 5076 14
5767 5767 16
5901 5901 17
6441 6441 16
6827 6827 16
7102 7102 13
7216 7216 18
7274 7274 13
7389 7389 16
8269 8269 16
8485 8485 17
8774 8774 17
9763 9763 16
875 875 14
1490 1490 18
3116 3116 17
3542 3542 13
3943 3943 15
4132 4132 15
4388 4388 15
4779 4779 16
5291 5291 17
5795 5795 18
6898 6898 17
7211 7211 14
7280 7280 15
8036 8036 16
8413 8413 13
8985 8985 14
9068 9068 14
9412 9412 15
9622 9622 15
9685 9685 15
401 401 14
480 480 15
1344 1344 14
1459 1459 15
2200 2200 17
2703 2703 14
3274 3274 16
4387 4387 17
4449 4449 14
5439 5439 16
5961 5961 15
6545 6545 15
6641 6641 15
7634 7634 16
7713 7713 17
8306 8306 14
8585 8585 15
8730 8730 18
9196 9196 16
9834 9834 15
245 245 14
1843 1843 16
2593 2593 15
2881 2881 16
2935 2935 17
4337 4337 17
5576 5576 15
5756 5756 14
5883 5883 14
5988 5988 14
5991 5991 18
6494 6494 17
7221 7221 17
7418 7418 16
7612 7612 13
7700 7700 14
8223 8223 15
8505 8505 16
8819 8819 17
9080 9080 17
342 342 15
440 440 18
703 703 15
1245 1245 15
1581 1581 16
2128 2128 15
2225 2225 18
2898 2898 14
3001 3001 16
3882 3882 18
3935 3935 17
5143 5143 16
5390 5390 17
5628 5628 14
6588 6588 16
6596 6596 17
7510 7510 15
8218 8218 15
8437 8437 13
9742 9742 13
1010 1010 18
1400 1400 15
2677 2677 17
3426 3426 13
3865 3865 15
4335 4335 14
4714 4714 16
4754 4754 14
4863 4863 13
4892 4892 15
5204 5204 16
6084 6084 17
6234 6234 15
6275 6275 15
6439 6439 16
6609 6609 16
6808 6808 14
6975 6975 14
7373 7373 14
8998 8998 18
396 396 18
485 485 14
627 627 17
1534 1534 14
1959 1959 13
3505 3505 14
3568 3568 17
4498 4498 14
4699 4699 13
4700 4700 16
5117 5117 16
5791 5791 17
5945 5945 15
6691 6691 17
6836 6836 15
7090 7090 16
7151 7151 15
8231 8231 13
8962 8962 13
9555 9555 14
527 527 15
659 659 18
790 790 17
1133 1133 13
1293 1293 14
2525 2525 17
2752 2752 17
2808 2808 17
3036 3036 13
3359 3359 16
5598 5598 15
5938 5938 17
6018 6018 14
6192 6192 17
7026 7026 17
7434 7434 15
7588 7588 14
8199 8199 16
8664 8664 18
9987 9987 13
320 320 17
1947 1947 16
2157 2157 18
2737 2737 17
2931 2931 14
3069 3069 13
3757 3757 17
4042 4042 17
4107 4107 15
4295 4295 15
4423 4423 13
4573 4573 15
5157 5157 15
5396 5396 13
5817 5817 18
6059 6059 16
7281 7281 15
7734 7734 13
9248 9248 13
9284 9284 15
875 875 16
949 949 13
1645 1645 14
2778 2778 15
2937 2937 14
3044 3044 18
3425 3425 15
3729 3729 15
3964 3964 15
4067 4067 13
4583 4583 17
5252 5252 15
5498 5498 13
5988 5988 15
6577 6577 13
6598 6598 16
7178 7178 14
7323 7323 15
7830 7830 17
8728 8728 16
20 20 18
60 60 14
393 393 17
552 552 17
813 813 15
1707 1707 14
2015 2015 13
2500 2500 13
2923 2923 17
3766 3766 15
4703 4703 14
4998 4998 15
5548 5548 13
5637 5637 15
5952 5952 13
6184 6184 14
6250 6250 13
6294 6294 15
7412 7412 13
9232 9232 15
652 652 13
656 656 13
1205 1205 16
1441 1441 18
1882 1882 17
2903 2903 15
3084 3084 15
3824 3824 14
3972 3972 16
4172 4172 17
5228 5228 15
5985 5985 14
6165 6165 17
6331 6331 17
7439 7439 13
7494 7494 17
7559 7559 13
8207 8207 17
9088 9088 13
9356 9356 15
276 276 17
971 971 14
1340 1340 16
1469 1469 16
1512 1512 17
1828 1828 16
2378 2378 13
2586 2586 13
2587 2587 13
3474 3474 13
3786 3786 14
4014 4014 18
4218 4218 13
4358 4358 18
4592 4592 15
4598 4598 17
7726 7726 18
8640 8640 14
9030 9030 18
9788 9788 14
