2000 20 470656
100 105 174
100 66 169
100 135 213
100 119 235
100 58 224
100 130 210
100 147 231
100 64 177
100 74 218
100 52 182
100 106 181
100 71 212
100 130 223
100 64 190
100 135 159
100 71 245
100 100 191
100 75 207
100 77 158
100 75 226
17 17 2
39 39 3
51 51 3
51 51 3
71 71 3
73 73 3
87 87 3
134 134 3
137 137 2
141 141 3
142 142 2
143 143 3
144 144 3
151 151 2
159 159 3
160 160 3
182 182 3
193 193 3
195 195 3
198 198 2
204 204 3
208 208 3
216 216 3
228 228 3
230 230 3
237 237 3
269 269 2
281 281 3
282 282 3
286 286 3
289 289 2
304 304 3
312 312 3
331 331 2
332 332 3
338 338 3
340 340 3
345 345 3
366 366 3
374 374 3
374 374 3
397 397 2
398 398 2
408 408 2
451 451 3
463 463 3
477 477 3
480 480 3
485 485 3
503 503 2
516 516 3
517 517 2
523 523 3
524 524 3
543 543 3
545 545 3
555 555 2
575 575 3
590 590 3
593 593 3
596 596 3
617 617 3
619 619 2
620 620 3
620 620 3
622 622 3
635 635 3
653 653 3
657 657 3
665 665 3
695 695 3
701 701 3
704 704 2
711 711 3
717 717 3
732 732 2
744 744 3
757 757 3
764 764 3
768 768 2
778 778 2
789 789 3
818 818 3
819 819 2
839 839 2
840 840 3
853 853 3
874 874 2
883 883 3
884 884 3
892 892 3
897 897 3
929 929 3
930 930 2
951 951 3
953 953 3
966 966 2
978 978 3
980 980 3
994 994 3
5 5 3
5 5 3
10 10 2
38 38 3
39 39 3
54 54 3
59 59 2
62 62 3
64 64 3
67 67 3
71 71 3
78 78 3
86 86 2
98 98 3
124 124 3
138 138 3
138 138 3
139 139 3
145 145 3
153 153 3
175 175 3
181 181 3
221 221 2
225 225 3
240 240 2
261 261 2
272 272 2
277 277 2
318 318 3
320 320 2
321 321 3
325 325 2
344 344 2
348 348 3
351 351 2
352 352 2
354 354 2
355 355 2
362 362 2
372 372 3
389 389 3
391 391 3
398 398 3
399 399 3
399 399 3
427 427 3
443 443 3
453 453 3
454 454 3
456 456 2
460 460 2
468 468 2
482 482 2
483 483 3
484 484 3
494 494 2
527 527 3
533 533 3
534 534 3
544 544 3
545 545 3
548 548 3
549 549 2
554 554 2
566 566 2
581 581 3
582 582 2
591 591 3
593 593 3
611 611 3
621 621 3
623 623 3
658 658 2
660 660 3
668 668 3
688 688 2
692 692 3
706 706 3
714 714 3
717 717 3
728 728 2
730 730 3
730 730 3
732 732 2
739 739 2
757 757 2
757 757 3
769 769 2
776 776 3
777 777 3
803 803 2
881 881 3
905 905 3
918 918 3
920 920 2
925 925 2
930 930 3
941 941 2
987 987 2
989 989 2
30 30 2
40 40 3
41 41 3
42 42 2
49 49 3
54 54 2
57 57 2
58 58 2
64 64 2
64 64 3
66 66 2
67 67 3
72 72 2
73 73 2
89 89 3
90 90 3
94 94 3
100 100 3
112 112 3
117 117 2
138 138 2
138 138 3
152 152 3
171 171 3
188 188 2
202 202 3
208 208 2
215 215 3
235 235 3
249 249 3
251 251 3
256 256 3
266 266 3
274 274 3
280 280 3
333 333 2
335 335 2
336 336 3
343 343 3
346 346 2
381 381 3
389 389 3
410 410 2
422 422 3
453 453 3
456 456 2
468 468 2
470 470 3
486 486 2
490 490 3
507 507 2
516 516 3
531 531 3
541 541 2
544 544 3
546 546 2
557 557 3
566 566 3
584 584 3
586 586 2
589 589 3
592 592 2
613 613 2
617 617 3
648 648 3
659 659 2
665 665 2
668 668 3
669 669 3
682 682 3
700 700 2
704 704 3
709 709 3
710 710 3
710 710 3
716 716 3
754 754 3
754 754 3
769 769 3
772 772 2
776 776 3
794 794 2
799 799 3
803 803 3
846 846 2
846 846 3
851 851 2
852 852 3
853 853 3
862 862 2
864 864 3
865 865 2
870 870 3
880 880 3
881 881 3
886 886 3
947 947 3
960 960 2
987 987 2
997 997 3
9 9 3
31 31 3
50 50 3
51 51 2
60 60 2
62 62 3
80 80 2
86 86 3
88 88 2
105 105 3
109 109 3
111 111 2
112 112 3
130 130 2
134 134 3
137 137 2
150 150 3
182 182 2
182 182 3
191 191 2
207 207 2
212 212 2
222 222 2
252 252 2
252 252 3
273 273 3
277 277 2
277 277 3
277 277 3
278 278 3
293 293 3
294 294 3
334 334 3
337 337 2
345 345 2
350 350 3
353 353 3
354 354 3
376 376 2
383 383 2
383 383 3
385 385 3
396 396 3
416 416 3
420 420 3
434 434 3
437 437 2
447 447 2
465 465 2
472 472 3
475 475 3
480 480 3
487 487 3
493 493 3
504 504 3
532 532 3
538 538 3
557 557 3
566 566 2
567 567 3
568 568 3
596 596 3
610 610 2
617 617 2
640 640 3
647 647 3
650 650 3
685 685 3
688 688 3
698 698 2
707 707 2
710 710 2
715 715 2
716 716 2
730 730 2
731 731 3
732 732 3
772 772 3
780 780 3
787 787 3
794 794 3
800 800 2
831 831 2
849 849 3
849 849 3
849 849 3
852 852 3
862 862 3
890 890 3
892 892 2
903 903 3
910 910 2
929 929 3
934 934 2
937 937 2
939 939 2
965 965 2
980 980 2
984 984 3
995 995 2
3 3 3
7 7 3
20 20 3
22 22 2
66 66 2
82 82 3
86 86 3
118 118 3
125 125 3
139 139 3
154 154 3
154 154 3
165 165 3
172 172 3
183 183 3
192 192 2
222 222 3
243 243 2
246 246 2
247 247 3
249 249 3
262 262 3
280 280 3
303 303 3
310 310 2
355 355 3
374 374 3
381 381 3
386 386 3
391 391 3
404 404 2
425 425 2
425 425 3
434 434 3
439 439 3
450 450 3
474 474 3
477 477 3
478 478 3
479 479 3
480 480 3
489 489 3
493 493 3
497 497 3
498 498 3
499 499 3
508 508 3
520 520 3
534 534 3
536 536 3
560 560 2
563 563 3
564 564 2
571 571 2
577 577 2
588 588 2
620 620 2
646 646 2
647 647 3
678 678 3
678 678 3
682 682 3
717 717 3
719 719 3
720 720 2
723 723 3
724 724 2
733 733 3
736 736 2
736 736 3
738 738 3
742 742 2
748 748 2
751 751 3
768 768 3
775 775 2
788 788 3
792 792 2
799 799 3
811 811 3
815 815 2
819 819 2
832 832 2
836 836 3
840 840 3
860 860 3
878 878 3
895 895 2
896 896 3
904 904 2
904 904 2
908 908 2
923 923 3
924 924 3
942 942 3
950 950 3
952 952 3
957 957 3
978 978 2
1000 1000 3
30 30 3
35 35 3
45 45 2
65 65 3
82 82 2
84 84 2
86 86 3
91 91 2
98 98 3
98 98 3
123 123 2
129 129 3
137 137 3
141 141 3
147 147 3
156 156 3
167 167 3
169 169 3
170 170 2
170 170 3
202 202 2
215 215 3
217 217 2
217 217 3
257 257 3
261 261 2
266 266 3
273 273 3
286 286 3
313 313 3
321 321 2
331 331 3
336 336 2
336 336 3
341 341 2
354 354 3
361 361 2
368 368 2
387 387 3
396 396 3
402 402 2
410 410 3
421 421 3
423 423 3
456 456 2
463 463 2
463 463 2
468 468 2
468 468 3
484 484 2
485 485 3
492 492 3
507 507 3
513 513 3
540 540 2
543 543 3
561 561 3
571 571 2
578 578 3
590 590 2
591 591 3
599 599 2
610 610 3
617 617 3
638 638 2
639 639 3
640 640 3
654 654 3
662 662 3
680 680 2
711 711 3
715 715 3
720 720 3
721 721 3
731 731 3
744 744 3
766 766 2
766 766 3
772 772 3
775 775 3
782 782 3
784 784 3
804 804 3
839 839 3
856 856 3
868 868 3
899 899 3
905 905 2
908 908 3
927 927 2
943 943 2
952 952 3
956 956 3
967 967 3
968 968 3
976 976 3
978 978 2
981 981 3
990 990 3
996 996 3
5 5 3
20 20 3
38 38 3
49 49 2
53 53 3
63 63 2
97 97 3
129 129 3
139 139 2
163 163 3
165 165 3
170 170 2
176 176 3
182 182 3
191 191 3
208 208 3
215 215 3
222 222 2
231 231 2
261 261 3
312 312 3
313 313 3
319 319 3
327 327 3
332 332 3
352 352 3
368 368 3
370 370 3
395 395 2
396 396 3
403 403 3
405 405 2
414 414 3
416 416 3
419 419 3
433 433 3
436 436 2
442 442 3
448 448 2
455 455 3
488 488 2
503 503 3
526 526 2
529 529 3
530 530 3
541 541 3
549 549 3
556 556 2
556 556 3
561 561 3
563 563 3
570 570 3
573 573 2
606 606 3
617 617 3
618 618 3
632 632 2
636 636 2
640 640 3
645 645 3
646 646 2
648 648 2
648 648 3
649 649 2
667 667 2
676 676 2
677 677 3
680 680 3
682 682 3
701 701 2
712 712 3
714 714 2
723 723 3
743 743 3
748 748 3
778 778 2
800 800 3
808 808 3
808 808 3
822 822 3
829 829 2
829 829 3
840 840 3
874 874 2
879 879 3
891 891 3
895 895 3
906 906 3
913 913 2
920 920 3
927 927 2
936 936 2
936 936 3
942 942 3
948 948 2
950 950 3
959 959 2
977 977 3
980 980 2
992 992 2
3 3 3
40 40 3
61 61 3
77 77 3
91 91 2
99 99 3
105 105 3
106 106 3
128 128 3
136 136 2
136 136 3
164 164 3
177 177 3
177 177 3
179 179 3
187 187 2
191 191 3
203 203 2
221 221 2
224 224 2
252 252 3
257 257 2
258 258 3
264 264 3
270 270 3
280 280 3
289 289 3
308 308 3
313 313 3
323 323 3
334 334 3
340 340 3
346 346 2
356 356 2
363 363 3
373 373 3
396 396 2
432 432 2
433 433 2
439 439 3
443 443 3
447 447 3
452 452 2
466 466 3
476 476 3
488 488 2
491 491 3
499 499 2
504 504 3
522 522 2
523 523 2
537 537 3
540 540 3
546 546 3
562 562 3
578 578 3
586 586 2
589 589 2
601 601 3
606 606 3
617 617 2
620 620 3
623 623 3
636 636 2
663 663 3
667 667 3
668 668 2
673 673 3
674 674 2
682 682 3
687 687 3
699 699 3
728 728 2
737 737 3
766 766 2
771 771 3
775 775 2
778 778 3
781 781 2
781 781 3
806 806 2
841 841 3
845 845 2
848 848 3
857 857 3
859 859 2
883 883 3
904 904 3
908 908 2
911 911 2
928 928 3
929 929 2
934 934 2
946 946 2
965 965 2
965 965 2
966 966 3
969 969 3
977 977 3
989 989 3
12 12 3
17 17 3
26 26 3
30 30 3
40 40 2
40 40 2
74 74 2
77 77 3
79 79 2
84 84 3
97 97 3
117 117 3
121 121 2
138 138 2
150 150 3
171 171 3
185 185 3
216 216 3
246 246 2
255 255 3
296 296 3
310 310 3
319 319 2
321 321 3
338 338 3
340 340 2
350 350 3
365 365 3
376 376 3
377 377 3
381 381 3
381 381 3
407 407 3
410 410 2
411 411 2
418 418 2
423 423 2
446 446 2
452 452 3
452 452 3
462 462 2
465 465 2
469 469 3
479 479 3
504 504 3
511 511 3
515 515 2
522 522 3
528 528 3
529 529 3
530 530 3
554 554 3
563 563 3
564 564 3
573 573 3
574 574 3
587 587 2
591 591 2
591 591 3
595 595 3
612 612 2
626 626 3
633 633 2
633 633 3
640 640 3
642 642 2
687 687 2
701 701 3
703 703 2
703 703 3
704 704 3
708 708 2
723 723 3
736 736 2
740 740 3
748 748 3
749 749 3
770 770 3
771 771 3
789 789 2
791 791 2
796 796 2
804 804 3
805 805 2
814 814 3
834 834 2
838 838 3
848 848 3
858 858 2
863 863 2
868 868 2
902 902 3
912 912 3
914 914 3
940 940 3
948 948 3
977 977 3
977 977 3
978 978 2
996 996 2
23 23 3
41 41 2
63 63 2
65 65 2
66 66 3
69 69 3
74 74 3
83 83 2
86 86 3
100 100 3
114 114 2
120 120 2
134 134 2
164 164 2
167 167 3
175 175 3
180 180 2
196 196 3
199 199 3
214 214 3
217 217 3
229 229 2
238 238 3
254 254 2
269 269 2
271 271 3
281 281 2
296 296 3
301 301 3
307 307 2
336 336 2
339 339 3
343 343 2
351 351 3
362 362 3
365 365 3
376 376 2
387 387 3
392 392 2
404 404 3
414 414 3
418 418 3
423 423 3
431 431 2
436 436 2
439 439 3
444 444 3
444 444 3
455 455 3
472 472 2
485 485 3
486 486 3
487 487 2
488 488 3
493 493 3
499 499 2
499 499 3
500 500 3
509 509 2
537 537 3
548 548 3
566 566 2
569 569 3
581 581 3
598 598 2
614 614 3
616 616 3
677 677 2
703 703 3
713 713 3
721 721 3
729 729 3
744 744 2
745 745 3
758 758 2
759 759 2
762 762 2
762 762 3
767 767 3
776 776 3
782 782 3
796 796 2
796 796 3
813 813 3
819 819 3
824 824 2
831 831 3
854 854 3
866 866 3
866 866 3
900 900 2
909 909 3
920 920 3
932 932 2
935 935 2
939 939 3
961 961 3
986 986 3
994 994 3
995 995 3
14 14 2
21 21 3
38 38 2
53 53 3
65 65 3
76 76 2
82 82 3
90 90 3
92 92 3
97 97 3
100 100 2
100 100 3
103 103 3
109 109 3
135 135 3
138 138 3
168 168 2
174 174 3
183 183 2
219 219 3
225 225 3
238 238 2
242 242 3
263 263 2
269 269 3
270 270 3
281 281 2
300 300 2
306 306 3
335 335 2
356 356 2
395 395 2
397 397 3
403 403 3
406 406 2
411 411 3
413 413 3
421 421 3
442 442 2
442 442 3
469 469 3
476 476 2
501 501 2
521 521 3
534 534 2
563 563 2
581 581 3
583 583 3
589 589 3
600 600 3
602 602 3
605 605 3
615 615 3
619 619 3
637 637 2
649 649 3
656 656 3
662 662 2
676 676 2
706 706 2
718 718 3
724 724 2
724 724 3
725 725 2
726 726 2
728 728 3
731 731 3
734 734 3
735 735 3
736 736 2
736 736 3
748 748 3
760 760 2
781 781 3
783 783 3
787 787 3
792 792 2
795 795 2
817 817 2
821 821 2
829 829 3
831 831 2
832 832 2
836 836 3
850 850 2
857 857 3
858 858 2
864 864 3
870 870 2
875 875 2
876 876 2
909 909 3
912 912 2
924 924 2
934 934 2
949 949 2
972 972 2
974 974 3
986 986 3
997 997 3
4 4 3
10 10 3
31 31 2
33 33 3
74 74 2
74 74 3
86 86 2
92 92 2
97 97 2
114 114 2
142 142 3
152 152 3
165 165 2
172 172 3
173 173 3
175 175 3
177 177 3
180 180 3
184 184 2
188 188 2
189 189 2
190 190 2
192 192 3
199 199 2
205 205 3
209 209 2
209 209 3
212 212 3
216 216 2
224 224 3
232 232 3
233 233 2
241 241 3
274 274 2
276 276 3
279 279 3
286 286 3
287 287 3
302 302 3
319 319 2
320 320 2
327 327 3
339 339 3
355 355 2
357 357 2
359 359 3
360 360 2
365 365 3
373 373 3
385 385 3
399 399 2
435 435 3
438 438 2
452 452 2
477 477 3
499 499 3
501 501 3
533 533 3
546 546 3
554 554 2
565 565 2
569 569 3
573 573 3
585 585 3
592 592 2
600 600 3
614 614 2
624 624 3
630 630 3
639 639 2
655 655 3
659 659 3
667 667 3
674 674 3
682 682 3
697 697 3
710 710 2
716 716 2
735 735 3
738 738 3
740 740 2
743 743 3
760 760 3
762 762 3
780 780 2
790 790 3
800 800 3
802 802 2
831 831 3
842 842 2
870 870 2
877 877 3
889 889 3
896 896 2
900 900 3
904 904 3
922 922 3
923 923 3
975 975 3
988 988 2
5 5 2
12 12 3
23 23 3
30 30 3
37 37 3
41 41 3
49 49 3
51 51 3
62 62 3
63 63 3
81 81 3
87 87 2
89 89 2
94 94 3
94 94 3
115 115 3
121 121 3
125 125 3
126 126 3
139 139 2
143 143 2
146 146 3
169 169 3
183 183 3
185 185 3
205 205 3
218 218 3
219 219 2
234 234 3
241 241 2
281 281 3
289 289 3
293 293 3
301 301 2
302 302 3
318 318 2
320 320 2
332 332 3
339 339 2
340 340 3
347 347 3
363 363 3
366 366 3
381 381 3
388 388 3
396 396 2
428 428 2
438 438 3
465 465 3
479 479 3
487 487 2
496 496 2
525 525 2
535 535 2
553 553 3
563 563 2
566 566 2
574 574 3
597 597 2
605 605 3
607 607 3
616 616 3
625 625 3
638 638 2
644 644 3
661 661 3
675 675 3
677 677 2
681 681 2
693 693 2
712 712 3
714 714 3
729 729 2
737 737 2
739 739 2
744 744 3
789 789 3
805 805 3
818 818 3
822 822 3
852 852 3
859 859 2
872 872 3
887 887 2
891 891 3
893 893 3
895 895 3
902 902 2
913 913 3
916 916 3
922 922 3
929 929 2
940 940 3
942 942 3
947 947 3
953 953 2
965 965 2
969 969 2
981 981 2
981 981 3
14 14 2
15 15 2
18 18 3
30 30 3
36 36 2
41 41 3
42 42 3
44 44 3
45 45 3
72 72 2
83 83 3
87 87 3
94 94 2
97 97 2
102 102 3
127 127 3
136 136 3
142 142 3
165 165 3
168 168 2
170 170 3
171 171 2
181 181 2
195 195 2
195 195 3
200 200 3
225 225 2
227 227 2
241 241 3
262 262 3
273 273 3
276 276 3
280 280 3
333 333 2
334 334 2
334 334 3
355 355 3
364 364 3
368 368 2
382 382 2
383 383 2
385 385 3
412 412 3
429 429 3
431 431 2
442 442 3
457 457 3
474 474 3
515 515 3
517 517 2
524 524 3
551 551 3
560 560 2
569 569 2
569 569 3
579 579 3
583 583 3
586 586 3
632 632 3
661 661 3
667 667 3
678 678 3
684 684 3
693 693 3
706 706 3
710 710 3
714 714 3
721 721 2
721 721 3
735 735 2
742 742 2
755 755 3
765 765 2
773 773 2
783 783 3
791 791 3
801 801 3
808 808 3
822 822 3
833 833 3
842 842 3
853 853 3
858 858 2
869 869 3
874 874 3
878 878 2
879 879 3
882 882 3
896 896 3
900 900 3
913 913 3
921 921 2
924 924 3
931 931 2
940 940 2
943 943 3
953 953 2
960 960 3
965 965 3
970 970 3
30 30 2
42 42 3
44 44 3
66 66 3
71 71 2
88 88 3
94 94 3
110 110 3
140 140 3
164 164 2
169 169 2
180 180 3
181 181 2
185 185 3
191 191 3
201 201 2
205 205 3
215 215 3
217 217 2
230 230 2
237 237 3
238 238 3
248 248 2
265 265 3
275 275 3
287 287 3
290 290 2
297 297 2
305 305 3
330 330 2
332 332 2
332 332 3
343 343 2
348 348 3
359 359 3
367 367 3
372 372 3
380 380 2
382 382 3
398 398 3
413 413 2
422 422 3
424 424 2
425 425 2
429 429 3
438 438 3
446 446 2
471 471 2
471 471 3
474 474 3
492 492 3
511 511 3
512 512 3
514 514 3
516 516 2
518 518 3
518 518 3
522 522 3
529 529 3
547 547 3
548 548 3
549 549 3
555 555 2
564 564 3
586 586 2
595 595 3
642 642 2
665 665 3
667 667 3
667 667 3
669 669 3
691 691 3
692 692 3
693 693 3
695 695 3
708 708 2
752 752 3
767 767 3
768 768 3
771 771 3
783 783 3
783 783 3
786 786 2
796 796 2
834 834 3
840 840 3
862 862 2
865 865 3
870 870 2
870 870 3
874 874 2
888 888 3
913 913 2
916 916 2
941 941 3
945 945 3
956 956 3
972 972 3
976 976 3
991 991 3
2 2 2
3 3 3
10 10 3
12 12 2
12 12 3
22 22 2
42 42 3
43 43 2
49 49 3
61 61 3
68 68 3
76 76 2
78 78 3
91 91 2
99 99 3
100 100 3
123 123 3
132 132 3
136 136 3
140 140 2
154 154 2
157 157 3
159 159 3
164 164 3
177 177 3
192 192 3
196 196 2
207 207 3
214 214 2
223 223 2
230 230 3
235 235 2
239 239 2
243 243 2
270 270 3
277 277 3
284 284 2
292 292 2
292 292 3
317 317 2
380 380 3
392 392 3
398 398 3
423 423 2
438 438 3
438 438 3
447 447 3
456 456 3
479 479 3
484 484 3
493 493 2
494 494 2
496 496 3
530 530 3
547 547 3
551 551 3
563 563 2
586 586 3
591 591 2
597 597 3
602 602 3
611 611 3
622 622 3
627 627 3
631 631 3
638 638 3
654 654 3
656 656 3
659 659 3
681 681 3
687 687 3
689 689 3
731 731 3
732 732 2
733 733 2
739 739 3
742 742 2
744 744 3
752 752 3
761 761 3
762 762 3
783 783 3
801 801 3
816 816 3
820 820 3
849 849 3
871 871 2
871 871 3
883 883 2
913 913 3
919 919 2
938 938 3
939 939 2
940 940 3
950 950 3
957 957 2
974 974 2
979 979 3
979 979 3
997 997 3
32 32 3
33 33 3
35 35 2
45 45 3
49 49 2
54 54 3
69 69 3
100 100 3
110 110 3
119 119 2
125 125 2
128 128 2
128 128 3
139 139 2
145 145 2
147 147 3
148 148 3
149 149 2
152 152 2
177 177 3
185 185 2
206 206 2
209 209 3
226 226 3
236 236 3
252 252 3
253 253 2
256 256 2
273 273 2
278 278 2
283 283 3
315 315 3
316 316 3
330 330 2
346 346 2
366 366 3
371 371 3
378 378 3
380 380 3
388 388 2
391 391 3
391 391 3
398 398 3
411 411 3
417 417 2
418 418 3
434 434 3
434 434 3
437 437 2
438 438 2
445 445 3
477 477 2
485 485 3
495 495 3
501 501 3
507 507 3
515 515 3
517 517 3
577 577 2
577 577 3
600 600 3
613 613 2
615 615 2
626 626 2
633 633 3
640 640 2
650 650 3
667 667 3
713 713 3
721 721 2
723 723 3
725 725 3
734 734 3
734 734 3
748 748 3
756 756 3
756 756 3
768 768 3
783 783 3
785 785 2
785 785 3
794 794 2
796 796 3
825 825 2
836 836 2
837 837 3
838 838 3
847 847 2
875 875 3
884 884 2
901 901 3
913 913 3
925 925 3
935 935 3
952 952 3
955 955 3
970 970 2
974 974 3
984 984 3
992 992 3
8 8 3
35 35 2
42 42 3
42 42 3
48 48 3
59 59 3
65 65 2
66 66 2
73 73 2
74 74 2
83 83 3
88 88 2
120 120 2
121 121 3
124 124 2
127 127 2
130 130 2
132 132 3
133 133 3
133 133 3
134 134 3
143 143 2
159 159 3
167 167 3
170 170 3
185 185 2
203 203 3
230 230 3
232 232 3
257 257 3
276 276 2
285 285 3
285 285 3
308 308 3
319 319 2
337 337 2
344 344 3
362 362 3
371 371 3
372 372 2
379 379 3
404 404 2
423 423 3
430 430 3
438 438 2
444 444 2
445 445 3
450 450 2
454 454 2
463 463 2
474 474 2
479 479 2
481 481 2
482 482 3
515 515 2
520 520 3
521 521 3
542 542 2
548 548 3
551 551 3
556 556 2
570 570 3
576 576 3
580 580 2
629 629 3
639 639 2
645 645 3
652 652 2
667 667 2
681 681 3
681 681 3
693 693 2
710 710 3
715 715 3
743 743 2
747 747 2
754 754 3
777 777 2
790 790 3
823 823 3
828 828 2
829 829 3
838 838 2
840 840 2
857 857 2
864 864 2
865 865 3
868 868 2
868 868 3
871 871 3
876 876 3
887 887 2
898 898 2
922 922 3
926 926 2
928 928 3
944 944 3
952 952 2
962 962 3
992 992 3
11 11 3
14 14 2
31 31 3
40 40 2
49 49 2
55 55 3
69 69 3
80 80 2
88 88 2
88 88 2
92 92 3
119 119 3
125 125 3
127 127 3
128 128 3
134 134 2
136 136 3
149 149 2
156 156 3
162 162 2
190 190 2
211 211 3
229 229 2
232 232 3
233 233 2
240 240 3
280 280 3
281 281 3
295 295 3
311 311 3
329 329 2
335 335 3
346 346 2
359 359 3
361 361 3
366 366 2
382 382 2
400 400 2
416 416 2
419 419 3
431 431 2
433 433 3
438 438 3
440 440 3
441 441 3
468 468 3
472 472 2
475 475 3
483 483 2
514 514 2
523 523 3
531 531 2
538 538 3
552 552 2
552 552 3
560 560 3
581 581 3
587 587 3
606 606 3
610 610 3
621 621 3
630 630 3
640 640 3
646 646 3
648 648 3
652 652 3
664 664 3
671 671 3
674 674 2
691 691 3
697 697 3
705 705 3
735 735 3
743 743 3
746 746 2
747 747 3
756 756 3
776 776 3
779 779 3
779 779 3
787 787 3
807 807 2
821 821 3
823 823 3
845 845 3
851 851 2
863 863 3
864 864 2
868 868 2
871 871 3
885 885 3
904 904 3
907 907 2
915 915 3
917 917 3
946 946 2
963 963 3
964 964 3
983 983 3
995 995 3
2 2 2
2 2 2
7 7 3
13 13 3
14 14 2
18 18 3
44 44 3
68 68 3
69 69 3
74 74 3
76 76 3
91 91 3
96 96 3
120 120 3
125 125 3
127 127 3
159 159 3
161 161 3
162 162 2
163 163 3
165 165 3
171 171 3
175 175 3
177 177 3
203 203 2
206 206 3
220 220 2
226 226 3
230 230 3
235 235 3
236 236 3
239 239 3
240 240 3
243 243 2
247 247 3
256 256 2
258 258 3
258 258 3
265 265 3
268 268 3
274 274 3
276 276 2
286 286 3
317 317 2
340 340 2
350 350 2
371 371 3
378 378 2
398 398 3
402 402 2
420 420 3
440 440 3
443 443 3
446 446 3
468 468 2
468 468 2
468 468 3
491 491 3
491 491 3
512 512 2
512 512 3
520 520 3
560 560 3
563 563 2
576 576 3
603 603 3
605 605 2
611 611 3
614 614 3
618 618 3
623 623 2
631 631 2
632 632 2
641 641 3
650 650 2
652 652 3
716 716 2
726 726 2
729 729 3
739 739 3
759 759 2
769 769 3
773 773 2
774 774 3
786 786 3
794 794 3
795 795 2
811 811 3
852 852 3
855 855 3
859 859 3
879 879 3
883 883 3
886 886 2
896 896 3
927 927 2
938 938 3
974 974 3
976 976 3
986 986 2
