200 20 49193
10 61 164
10 70 244
10 135 206
10 108 223
10 101 191
10 130 159
10 118 167
10 72 202
10 96 236
10 129 171
10 93 244
10 131 242
10 122 150
10 96 235
10 149 226
10 98 185
10 90 221
10 110 190
10 61 195
10 61 196
49 49 28
168 168 35
293 293 30
322 322 25
341 341 34
365 365 26
619 619 25
691 691 27
741 741 26
908 908 32
42 42 30
95 95 28
311 311 26
485 485 30
603 603 34
729 729 29
749 749 33
842 842 32
897 897 25
996 996 25
1 1 33
126 126 30
265 265 34
382 382 34
487 487 33
513 513 28
513 513 34
596 596 28
853 853 33
857 857 31
75 75 27
180 180 26
241 241 27
286 286 31
477 477 28
488 488 32
514 514 33
557 557 28
599 599 28
913 913 30
150 150 26
211 211 27
587 587 31
736 736 29
752 752 25
755 755 34
794 794 26
896 896 32
955 955 29
981 981 31
299 299 33
342 342 35
348 348 35
624 624 29
688 688 25
776 776 32
781 781 30
798 798 28
891 891 30
903 903 34
143 143 33
332 332 26
453 453 25
500 500 29
625 625 33
723 723 34
724 724 27
818 818 30
829 829 27
992 992 28
14 14 31
63 63 28
175 175 35
441 441 28
455 455 33
540 540 30
636 636 35
720 720 26
766 766 31
951 951 30
28 28 28
83 83 30
200 200 27
221 221 29
258 258 30
311 311 31
476 476 25
481 481 32
612 612 27
910 910 33
111 111 33
147 147 25
269 269 28
272 272 32
324 324 31
358 358 32
385 385 28
617 617 34
664 664 34
918 918 29
166 166 28
209 209 34
356 356 27
416 416 34
462 462 25
465 465 34
572 572 31
688 688 26
701 701 31
848 848 33
24 24 28
124 124 27
248 248 26
300 300 27
368 368 33
449 449 27
640 640 34
702 702 33
753 753 25
818 818 33
28 28 27
82 82 27
112 112 26
247 247 32
325 325 30
370 370 33
450 450 33
634 634 30
855 855 30
943 943 34
195 195 28
543 543 31
549 549 34
589 589 29
695 695 32
757 757 28
826 826 27
826 826 30
885 885 31
907 907 32
107 107 26
292 292 29
420 420 27
450 450 35
685 685 27
702 702 27
721 721 25
812 812 34
866 866 29
914 914 34
61 61 27
67 67 34
104 104 29
458 458 34
522 522 35
650 650 27
752 752 26
758 758 31
828 828 30
863 863 26
42 42 27
170 170 33
242 242 27
431 431 25
517 517 33
540 540 34
547 547 30
639 639 33
799 799 26
887 887 25
30 30 33
66 66 33
143 143 34
199 199 27
408 408 31
485 485 32
499 499 28
553 553 26
626 626 27
997 997 30
60 60 34
88 88 31
165 165 27
188 188 31
214 214 26
231 231 25
541 541 28
567 567 30
594 594 31
737 737 31
113 113 27
160 160 32
344 344 30
352 352 28
511 511 31
626 626 28
675 675 34
694 694 27
759 759 34
792 792 34
