500 20 1347703
25 112 157
25 75 206
25 75 246
25 116 244
25 119 235
25 145 222
25 67 235
25 150 238
25 124 190
25 92 166
25 60 237
25 55 250
25 66 151
25 87 217
25 103 168
25 146 235
25 113 187
25 94 217
25 125 189
25 130 203
462 462 9
1043 1043 11
1509 1509 10
1513 1513 11
1561 1561 10
2002 2002 12
2611 2611 12
3615 3615 11
4175 4175 10
5152 5152 10
5816 5816 11
5823 5823 11
5858 5858 12
5940 5940 12
7003 7003 10
7277 7277 11
7674 7674 10
7901 7901 9
8167 8167 13
8406 8406 10
8775 8775 10
8826 8826 10
9134 9134 11
9141 9141 11
9863 9863 12
87 87 12
386 386 12
1192 1192 13
1253 1253 11
1470 1470 9
1768 1768 9
1800 1800 11
2473 2473 10
2894 2894 10
2956 2956 9
3209 3209 12
3333 3333 11
3386 3386 9
3439 3439 13
4064 4064 9
4560 4560 11
4694 4694 12
4993 4993 12
6525 6525 13
8333 8333 10
8674 8674 11
9286 9286 11
9397 9397 10
9399 9399 10
9811 9811 10
712 712 12
999 999 10
1244 1244 12
1468 1468 13
1734 1734 10
1836 1836 13
1892 1892 9
2350 2350 11
2352 2352 11
2445 2445 10
3090 3090 13
3292 3292 9
3525 3525 10
4473 4473 11
4519 4519 11
5880 5880 10
6096 6096 12
6146 6146 11
7546 7546 10
7558 7558 11
8213 8213 12
8431 8431 13
8663 8663 12
9480 9480 12
9912 9912 11
154 154 13
176 176 13
751 751 10
801 801 10
894 894 12
1122 1122 12
1851 1851 12
1972 1972 10
2242 2242 12
2251 2251 10
2291 2291 9
3118 3118 12
3498 3498 12
3948 3948 11
4729 4729 11
5886 5886 11
6275 6275 12
6318 6318 11
6770 6770 12
6836 6836 12
8678 8678 10
8851 8851 10
8859 8859 10
9549 9549 12
9860 9860 11
761 761 11
1398 1398 10
1456 1456 12
1565 1565 12
1886 1886 13
2023 2023 10
2132 2132 11
2564 2564 12
3281 3281 11
4836 4836 11
5023 5023 12
5674 5674 12
6031 6031 12
6334 6334 10
6863 6863 12
7102 7102 11
7103 7103 11
7139 7139 10
8181 8181 12
8377 8377 10
8439 8439 9
8692 8692 12
9111 9111 13
9289 9289 11
9722 9722 9
1733 1733 11
3110 3110 11
3149 3149 13
3487 3487 11
3608 3608 12
4133 4133 10
4565 4565 13
4837 4837 13
5550 5550 13
5630 5630 11
6650 6650 11
6935 6935 12
7344 7344 9
7558 7558 13
7634 7634 11
7810 7810 10
7877 7877 12
7985 7985 11
8084 8084 11
8532 8532 11
9162 9162 10
9215 9215 10
9247 9247 12
9645 9645 10
9808 9808 12
354 354 11
485 485 12
2037 2037 13
2377 2377 11
2381 2381 13
2772 2772 12
2871 2871 12
2920 2920 10
3205 3205 11
3674 3674 12
4039 4039 10
5241 5241 12
5585 5585 11
5663 5663 10
5949 5949 13
6005 6005 13
6026 6026 11
6186 6186 10
6913 6913 13
7077 7077 10
7441 7441 10
7852 7852 13
8808 8808 11
9036 9036 11
9902 9902 12
114 114 11
940 940 10
983 983 13
1176 1176 11
1877 1877 12
1900 1900 9
2198 2198 10
2859 2859 11
3032 3032 12
3888 3888 12
4494 4494 13
4709 4709 12
5025 5025 10
5427 5427 11
5981 5981 10
6038 6038 13
6137 6137 10
6342 6342 11
6712 6712 11
6727 6727 9
7541 7541 10
7750 7750 10
7879 7879 12
7991 7991 9
8373 8373 10
1063 1063 12
2623 2623 12
2760 2760 9
3291 3291 12
3311 3311 11
3444 3444 10
3473 3473 12
3529 3529 10
3843 3843 10
3845 3845 10
3917 3917 11
4491 4491 13
4961 4961 11
5876 5876 11
7216 7216 10
7378 7378 11
7381 7381 10
7662 7662 11
7783 7783 10
8276 8276 11
8442 8442 12
8883 8883 12
9064 9064 9
9214 9214 11
9703 9703 9
45 45 11
77 77 13
261 261 12
553 553 11
1213 1213 13
1861 1861 10
2436 2436 9
3330 3330 12
3957 3957 11
4658 4658 13
4690 4690 10
4886 4886 11
6326 6326 12
6973 6973 11
7238 7238 12
7577 7577 10
7963 7963 12
8072 8072 10
8246 8246 12
8619 8619 13
8636 8636 11
9330 9330 10
9454 9454 11
9467 9467 11
9664 9664 11
594 594 11
944 944 10
1632 1632 10
1669 1669 10
2343 2343 12
2854 2854 11
3392 3392 9
3700 3700 11
3827 3827 11
4091 4091 13
4105 4105 12
4734 4734 12
4866 4866 11
5213 5213 11
5260 5260 13
5725 5725 10
6282 6282 11
6546 6546 12
7285 7285 9
8185 8185 11
8403 8403 12
8443 8443 12
8845 8845 10
8860 8860 9
9450 9450 10
266 266 11
1552 1552 13
1625 1625 12
2136 2136 10
2596 2596 11
2708 2708 10
3340 3340 12
4089 4089 11
4125 4125 11
4930 4930 12
5291 5291 10
5346 5346 12
5777 5777 12
6354 6354 12
6512 6512 11
6578 6578 12
7301 7301 13
7435 7435 10
7450 7450 13
7581 7581 11
7643 7643 11
7936 7936 10
9222 9222 11
9355 9355 12
9804 9804 12
373 373 11
1214 1214 13
1679 1679 9
2036 2036 10
3110 3110 9
3469 3469 12
3630 3630 10
3832 3832 13
3880 3880 13
4119 4119 13
5180 5180 12
5762 5762 10
6047 6047 10
6530 6530 11
6673 6673 12
7300 7300 11
7512 7512 11
7522 7522 11
7922 7922 11
8410 8410 12
8900 8900 11
9062 9062 9
9219 9219 12
9382 9382 11
9819 9819 11
437 437 11
500 500 11
1259 1259 11
1574 1574 12
2321 2321 11
2384 2384 12
2819 2819 10
3161 3161 10
3199 3199 12
3868 3868 12
4246 4246 10
5102 5102 13
5340 5340 10
5499 5499 11
5619 5619 12
5842 5842 12
5981 5981 10
6355 6355 10
6583 6583 12
7010 7010 10
7297 7297 11
9537 9537 13
9589 9589 11
9640 9640 13
9959 9959 11
1010 1010 12
1211 1211 10
1615 1615 10
1934 1934 11
2658 2658 13
3517 3517 9
3520 3520 10
4070 4070 10
4248 4248 10
4252 4252 10
4686 4686 13
4995 4995 11
5561 5561 10
5998 5998 12
6368 6368 9
6468 6468 9
6962 6962 11
7261 7261 11
8211 8211 12
8251 8251 13
8429 8429 11
8521 8521 11
8652 8652 11
8979 8979 10
9035 9035 12
26 26 13
29 29 13
408 408 13
443 443 13
1056 1056 11
1889 1889 10
2123 2123 9
2216 2216 11
2264 2264 11
2270 2270 11
2442 2442 12
2959 2959 12
3219 3219 13
4164 4164 12
4166 4166 10
4998 4998 12
5718 5718 11
5746 5746 11
6253 6253 10
7723 7723 10
8060 8060 13
8673 8673 11
8846 8846 11
9388 9388 11
9882 9882 12
137 137 10
489 489 12
2089 2089 11
2381 2381 10
2873 2873 12
3155 3155 10
3340 3340 10
3708 3708 12
3771 3771 13
4535 4535 10
4627 4627 12
4768 4768 12
5259 5259 13
5690 5690 11
5809 5809 13
5924 5924 9
5956 5956 12
6212 6212 12
6392 6392 11
6485 6485 12
7142 7142 10
7543 7543 10
8236 8236 10
8561 8561 10
9634 9634 10
237 237 11
333 333 11
1657 1657 10
2423 2423 10
3184 3184 9
4461 4461 12
4542 4542 10
4686 4686 13
4812 4812 10
5212 5212 9
5467 5467 9
5997 5997 12
6065 6065 10
6587 6587 12
6909 6909 13
7118 7118 11
7213 7213 11
7591 7591 10
7766 7766 10
7795 7795 13
8089 8089 10
8599 8599 11
8771 8771 10
9567 9567 9
9993 9993 12
465 465 10
886 886 10
1686 1686 10
2082 2082 13
3045 3045 11
3544 3544 10
3910 3910 12
4072 4072 10
4815 4815 13
5090 5090 10
5094 5094 13
5097 5097 13
6365 6365 12
6408 6408 10
7943 7943 11
7951 7951 9
8114 8114 11
8138 8138 12
8206 8206 12
8442 8442 11
8669 8669 12
8768 8768 10
9498 9498 9
9633 9633 9
9901 9901 10
540 540 12
1116 1116 12
1609 1609 10
2297 2297 13
2652 2652 13
2662 2662 11
3315 3315 12
4488 4488 10
5216 5216 11
5568 5568 12
5809 5809 12
5870 5870 10
5875 5875 10
5982 5982 10
6399 6399 13
7025 7025 12
7522 7522 10
7540 7540 11
7638 7638 12
7745 7745 11
7970 7970 9
8249 8249 10
8379 8379 12
9280 9280 10
9733 9733 12
