200 20 49637
10 87 248
10 104 250
10 70 184
10 110 203
10 148 201
10 94 168
10 83 241
10 134 207
10 134 170
10 133 229
10 96 204
10 123 154
10 86 216
10 103 181
10 103 160
10 73 221
10 126 203
10 116 187
10 51 222
10 148 161
47 47 36
68 68 29
267 267 29
341 341 35
476 476 32
506 506 29
528 528 26
608 608 36
954 954 26
965 965 35
24 24 29
48 48 29
319 319 36
517 517 29
563 563 27
792 792 33
796 796 31
923 923 34
927 927 30
947 947 26
253 253 31
325 325 29
363 363 31
391 391 32
427 427 35
564 564 36
647 647 34
836 836 33
849 849 29
1000 1000 32
62 62 33
90 90 27
185 185 32
439 439 29
613 613 30
640 640 31
697 697 30
892 892 29
924 924 31
932 932 33
57 57 28
147 147 35
420 420 30
454 454 32
630 630 27
853 853 33
867 867 30
986 986 33
986 986 36
994 994 31
272 272 31
381 381 32
491 491 31
577 577 32
667 667 27
778 778 32
822 822 32
859 859 26
897 897 35
981 981 28
171 171 29
325 325 26
507 507 30
527 527 33
556 556 27
679 679 33
761 761 27
771 771 30
781 781 31
928 928 28
7 7 35
45 45 34
65 65 28
321 321 33
339 339 36
483 483 32
514 514 30
575 575 27
797 797 31
932 932 33
134 134 33
197 197 31
287 287 36
428 428 27
438 438 26
717 717 26
811 811 28
964 964 32
966 966 27
999 999 36
111 111 35
128 128 32
166 166 30
506 506 29
597 597 33
667 667 36
712 712 31
808 808 26
957 957 35
989 989 26
38 38 26
100 100 26
126 126 33
160 160 35
310 310 33
335 335 27
447 447 33
456 456 28
749 749 34
941 941 33
6 6 26
241 241 27
444 444 36
600 600 34
746 746 26
756 756 35
791 791 31
872 872 26
972 972 30
993 993 33
150 150 27
175 175 28
327 327 27
334 334 31
367 367 30
617 617 33
673 673 26
750 750 33
776 776 27
977 977 29
172 172 29
255 255 26
312 312 30
498 498 34
563 563 26
605 605 32
615 615 32
685 685 35
724 724 28
837 837 34
119 119 34
280 280 29
343 343 28
408 408 34
506 506 26
804 804 31
834 834 30
860 860 32
872 872 33
881 881 28
15 15 27
34 34 26
199 199 26
390 390 35
391 391 35
442 442 35
516 516 33
542 542 36
568 568 32
665 665 27
139 139 28
185 185 32
221 221 26
229 229 36
368 368 33
442 442 31
637 637 35
686 686 27
690 690 29
831 831 32
221 221 28
236 236 31
398 398 33
417 417 35
528 528 26
530 530 36
587 587 30
719 719 33
886 886 33
898 898 35
141 141 33
155 155 29
183 183 34
253 253 34
285 285 27
298 298 31
300 300 31
457 457 31
473 473 31
924 924 27
60 60 27
143 143 33
168 168 27
246 246 31
307 307 36
413 413 26
478 478 35
801 801 27
864 864 36
955 955 28
