1000 100 2723841
10 61 225
10 80 150
10 75 154
10 141 177
10 61 203
10 130 191
10 138 240
10 52 150
10 93 222
10 112 177
10 141 156
10 131 217
10 68 234
10 106 219
10 66 190
10 84 159
10 149 190
10 84 198
10 116 154
10 139 164
10 56 184
10 65 185
10 120 242
10 122 207
10 65 210
10 76 233
10 142 168
10 99 210
10 114 199
10 102 246
10 109 185
10 138 166
10 144 219
10 107 217
10 110 183
10 68 212
10 119 155
10 111 167
10 72 206
10 141 166
10 144 198
10 65 228
10 141 198
10 77 250
10 100 216
10 95 182
10 143 216
10 130 244
10 143 209
10 129 221
10 133 163
10 95 239
10 115 249
10 114 214
10 87 221
10 72 173
10 103 178
10 134 163
10 138 220
10 125 156
10 123 231
10 129 167
10 148 182
10 145 209
10 71 164
10 139 237
10 59 164
10 112 200
10 135 205
10 93 169
10 96 183
10 90 246
10 50 173
10 130 150
10 133 213
10 123 230
10 80 246
10 113 204
10 108 180
10 116 173
10 80 192
10 77 189
10 141 165
10 109 243
10 92 207
10 55 165
10 115 165
10 63 194
10 66 249
10 60 214
10 100 196
10 136 193
10 76 244
10 134 167
10 107 241
10 118 186
10 55 215
10 137 200
10 102 218
10 110 153
2015 2015 25
3585 3585 33
4635 4635 25
6235 6235 28
6235 6235 31
6597 6597 32
6668 6668 32
8037 8037 28
8437 8437 30
9293 9293 26
1679 1679 27
2526 2526 27
2635 2635 33
3261 3261 29
4670 4670 28
5942 5942 25
6556 6556 29
6851 6851 24
8543 8543 31
9304 9304 28
967 967 28
2517 2517 32
3424 3424 26
3475 3475 30
3891 3891 32
4502 4502 27
6585 6585 31
6741 6741 24
7590 7590 31
8675 8675 28
68 68 28
555 555 26
3112 3112 31
3394 3394 24
3552 3552 23
4571 4571 33
5221 5221 24
5235 5235 28
6649 6649 29
8861 8861 32
244 244 29
1850 1850 31
2164 2164 27
5244 5244 24
5650 5650 31
5706 5706 28
6200 6200 26
6961 6961 27
8100 8100 28
9061 9061 27
3918 3918 30
3959 3959 30
4892 4892 24
4900 4900 27
6946 6946 27
7207 7207 28
8853 8853 27
8885 8885 32
8895 8895 32
9991 9991 30
530 530 30
2012 2012 28
3356 3356 25
3670 3670 25
4267 4267 33
5609 5609 28
6931 6931 28
8424 8424 33
9446 9446 26
9919 9919 32
549 549 33
852 852 32
1379 1379 28
1397 1397 33
1665 1665 28
4175 4175 27
5802 5802 26
7055 7055 29
7627 7627 31
9705 9705 29
311 311 26
314 314 32
646 646 26
671 671 30
1854 1854 26
2364 2364 32
2893 2893 32
4562 4562 29
7586 7586 31
8164 8164 32
265 265 28
1274 1274 24
2906 2906 30
3874 3874 24
3979 3979 28
6321 6321 30
6974 6974 30
7177 7177 26
8248 8248 24
9033 9033 32
233 233 29
1349 1349 29
2304 2304 32
2619 2619 24
3624 3624 32
5391 5391 29
7206 7206 32
7568 7568 28
7866 7866 31
9386 9386 32
922 922 31
3925 3925 32
4662 4662 27
5332 5332 29
5676 5676 27
8181 8181 25
8544 8544 31
8593 8593 33
8985 8985 25
9215 9215 25
1599 1599 31
2074 2074 28
2966 2966 31
5245 5245 29
5930 5930 29
6312 6312 26
7602 7602 28
8481 8481 29
9349 9349 24
9832 9832 32
616 616 31
2032 2032 24
2955 2955 31
3475 3475 25
3774 3774 24
5901 5901 30
6692 6692 24
7761 7761 29
8149 8149 26
8235 8235 31
1053 1053 28
1690 1690 32
2663 2663 30
2938 2938 30
3117 3117 29
4777 4777 32
4853 4853 32
7538 7538 25
8791 8791 33
9780 9780 28
355 355 24
889 889 27
2422 2422 31
2880 2880 32
3614 3614 26
6009 6009 33
6548 6548 28
6710 6710 28
6726 6726 31
9252 9252 30
2485 2485 32
2962 2962 31
5337 5337 25
6113 6113 29
7494 7494 24
8251 8251 29
8289 8289 30
9109 9109 27
9228 9228 26
9510 9510 26
193 193 27
2075 2075 25
3177 3177 25
4352 4352 31
6226 6226 29
6703 6703 31
9006 9006 26
9201 9201 26
9425 9425 28
9713 9713 28
1929 1929 31
2537 2537 29
3477 3477 25
4701 4701 33
5205 5205 26
6932 6932 24
7376 7376 28
7561 7561 25
7939 7939 28
9921 9921 26
584 584 31
2717 2717 32
5840 5840 27
5974 5974 24
7655 7655 25
7801 7801 24
8426 8426 31
9081 9081 24
9598 9598 32
9669 9669 30
213 213 31
404 404 28
934 934 31
1363 1363 30
1370 1370 28
1860 1860 26
4384 4384 32
6612 6612 28
6837 6837 32
8830 8830 30
1069 1069 32
2399 2399 29
2403 2403 32
3153 3153 33
4431 4431 30
4585 4585 25
5476 5476 29
6405 6405 32
6452 6452 24
9054 9054 32
1282 1282 33
2372 2372 30
4911 4911 23
5602 5602 24
6417 6417 24
7519 7519 30
7782 7782 27
8025 8025 33
9199 9199 31
9983 9983 24
736 736 32
2908 2908 26
3291 3291 24
5035 5035 24
5101 5101 26
6482 6482 30
6835 6835 32
7492 7492 28
8844 8844 29
9864 9864 28
117 117 24
707 707 32
1357 1357 33
7053 7053 31
8551 8551 31
8747 8747 29
9199 9199 28
9333 9333 32
9417 9417 29
9500 9500 30
872 872 24
1349 1349 26
2619 2619 26
2922 2922 27
4318 4318 29
4342 4342 25
6762 6762 24
6931 6931 27
8670 8670 29
8930 8930 29
3350 3350 27
5283 5283 24
5699 5699 27
5767 5767 25
6530 6530 28
7006 7006 24
8206 8206 29
8881 8881 24
9384 9384 25
9774 9774 25
869 869 30
1349 1349 27
3731 3731 23
4482 4482 25
4790 4790 24
4840 4840 33
5718 5718 28
7125 7125 31
7199 7199 30
9873 9873 27
1107 1107 24
1127 1127 28
1384 1384 31
1741 1741 33
3667 3667 29
4603 4603 30
6484 6484 25
8214 8214 32
9506 9506 24
9840 9840 31
803 803 30
2510 2510 28
3859 3859 33
5683 5683 31
7631 7631 27
7842 7842 32
8132 8132 27
8440 8440 30
8841 8841 32
8978 8978 29
676 676 25
999 999 24
1388 1388 27
3230 3230 32
6642 6642 27
7459 7459 28
8265 8265 32
8544 8544 32
8812 8812 32
9631 9631 28
115 115 24
2220 2220 24
2631 2631 32
2843 2843 33
3115 3115 27
3650 3650 26
4254 4254 31
4822 4822 29
5644 5644 25
7344 7344 33
284 284 29
544 544 25
634 634 27
1098 1098 24
4135 4135 26
4168 4168 30
5726 5726 25
5836 5836 27
6291 6291 29
9061 9061 28
1179 1179 28
1559 1559 25
1761 1761 23
1780 1780 28
3294 3294 31
3760 3760 33
7043 7043 27
8580 8580 25
8802 8802 27
9737 9737 30
1089 1089 29
5482 5482 27
5489 5489 30
5854 5854 30
6828 6828 25
7174 7174 27
7694 7694 26
7736 7736 31
8246 8246 24
8514 8514 28
581 581 24
666 666 28
2736 2736 29
3894 3894 28
4045 4045 24
4292 4292 28
4788 4788 26
5913 5913 24
7201 7201 24
9218 9218 32
1518 1518 32
2075 2075 29
3762 3762 28
4537 4537 26
5840 5840 24
6401 6401 30
7814 7814 24
7958 7958 24
8969 8969 28
9556 9556 25
931 931 27
2759 2759 33
3438 3438 32
4979 4979 28
5138 5138 25
6440 6440 26
7294 7294 24
7294 7294 33
7495 7495 28
7699 7699 23
76 76 26
538 538 24
670 670 32
5089 5089 26
5262 5262 24
6143 6143 28
8233 8233 32
8662 8662 24
9091 9091 29
9433 9433 32
911 911 28
2057 2057 28
3029 3029 30
3608 3608 25
4516 4516 29
5381 5381 28
5717 5717 31
5847 5847 24
6359 6359 29
7919 7919 28
157 157 28
3040 3040 26
5224 5224 33
5594 5594 24
6911 6911 26
8937 8937 31
8990 8990 32
9168 9168 32
9716 9716 27
9730 9730 32
104 104 29
1516 1516 30
2269 2269 24
2472 2472 27
3368 3368 29
7494 7494 31
8709 8709 30
9163 9163 31
9565 9565 30
9875 9875 27
51 51 31
271 271 27
936 936 24
1324 1324 25
2024 2024 25
2325 2325 32
4091 4091 24
5402 5402 32
6384 6384 31
8616 8616 28
1308 1308 31
2975 2975 27
3333 3333 29
4894 4894 29
5467 5467 28
6022 6022 24
6914 6914 29
7412 7412 31
9113 9113 28
9878 9878 26
1407 1407 28
2471 2471 32
2844 2844 25
2862 2862 27
8515 8515 29
8683 8683 27
9137 9137 24
9553 9553 33
9656 9656 23
9791 9791 27
1703 1703 31
2736 2736 24
3156 3156 28
3634 3634 27
5477 5477 28
5683 5683 31
6065 6065 28
6332 6332 30
6413 6413 26
9165 9165 25
139 139 31
362 362 32
1503 1503 33
4837 4837 25
4934 4934 26
5509 5509 28
6705 6705 26
7563 7563 24
8393 8393 31
9575 9575 30
495 495 26
2044 2044 25
2880 2880 31
3222 3222 29
4569 4569 31
5531 5531 32
6878 6878 28
8261 8261 30
8313 8313 26
8978 8978 24
516 516 24
2463 2463 25
2994 2994 30
3307 3307 32
4827 4827 29
7704 7704 27
7963 7963 25
8144 8144 31
9042 9042 32
9411 9411 24
418 418 29
681 681 33
2119 2119 33
4206 4206 32
5035 5035 32
7124 7124 29
7270 7270 26
9087 9087 28
9115 9115 30
9542 9542 28
331 331 32
2687 2687 28
2965 2965 25
3836 3836 25
5803 5803 32
6169 6169 24
7105 7105 30
7642 7642 28
8450 8450 31
8793 8793 27
548 548 26
1591 1591 31
1653 1653 32
3714 3714 27
3785 3785 29
4963 4963 29
5463 5463 24
7008 7008 26
8330 8330 25
8756 8756 28
465 465 31
1518 1518 25
1698 1698 32
1771 1771 33
1886 1886 31
4959 4959 30
5454 5454 30
6990 6990 24
7799 7799 29
7905 7905 28
97 97 28
1134 1134 24
3086 3086 24
3936 3936 25
5469 5469 24
5807 5807 28
6232 6232 29
7929 7929 28
8181 8181 30
9956 9956 29
260 260 24
2245 2245 24
4071 4071 28
4270 4270 28
5657 5657 27
5668 5668 27
6609 6609 28
7400 7400 30
7871 7871 29
9858 9858 28
402 402 23
923 923 24
1649 1649 29
4687 4687 24
5980 5980 24
7709 7709 32
7861 7861 24
7892 7892 30
8294 8294 26
9926 9926 28
1201 1201 24
1937 1937 31
2096 2096 32
3778 3778 24
4921 4921 29
5221 5221 24
7135 7135 28
7247 7247 26
7321 7321 32
8287 8287 24
462 462 31
901 901 25
1015 1015 28
1357 1357 24
3175 3175 31
3380 3380 26
5167 5167 30
7583 7583 25
7921 7921 31
9332 9332 26
2940 2940 30
3358 3358 23
3374 3374 27
5267 5267 30
6129 6129 24
6865 6865 32
6970 6970 24
9342 9342 27
9495 9495 31
9748 9748 33
857 857 26
2950 2950 30
3027 3027 24
3939 3939 25
7190 7190 32
8008 8008 32
8032 8032 32
8482 8482 30
9185 9185 29
9825 9825 28
531 531 25
1639 1639 31
1721 1721 25
2808 2808 25
4021 4021 29
7429 7429 31
7965 7965 23
7970 7970 24
8165 8165 27
8855 8855 31
120 120 26
2936 2936 24
2948 2948 32
4329 4329 24
5218 5218 30
5857 5857 26
5972 5972 25
6320 6320 26
6671 6671 27
9002 9002 27
2792 2792 25
3804 3804 29
6222 6222 25
6381 6381 29
6857 6857 31
7206 7206 24
7224 7224 33
8374 8374 26
9050 9050 24
9427 9427 24
294 294 24
1372 1372 29
2492 2492 32
3232 3232 27
3334 3334 24
3511 3511 32
4355 4355 32
7132 7132 25
8727 8727 32
9001 9001 30
2958 2958 26
3123 3123 24
4265 4265 26
4928 4928 32
5028 5028 25
6027 6027 29
6245 6245 26
6865 6865 32
7250 7250 28
9125 9125 28
719 719 24
1437 1437 25
2052 2052 28
2981 2981 29
3116 3116 24
5604 5604 32
7123 7123 29
7757 7757 29
8521 8521 28
9549 9549 32
281 281 27
1108 1108 25
1113 1113 26
2013 2013 31
3359 3359 29
4773 4773 31
6904 6904 28
8655 8655 27
8773 8773 27
9978 9978 28
622 622 25
1114 1114 32
2158 2158 31
3384 3384 25
4728 4728 27
6669 6669 32
7307 7307 29
7480 7480 28
7542 7542 24
7716 7716 29
271 271 25
586 586 24
2277 2277 30
2381 2381 31
3087 3087 28
3439 3439 28
3628 3628 27
4640 4640 30
6245 6245 29
8027 8027 30
991 991 29
1362 1362 25
1637 1637 28
1920 1920 26
4520 4520 28
4643 4643 28
6317 6317 32
6527 6527 26
9654 9654 28
9702 9702 27
919 919 28
1623 1623 26
3557 3557 26
5110 5110 27
5849 5849 30
6524 6524 26
6980 6980 29
8200 8200 24
8674 8674 30
9833 9833 32
581 581 33
635 635 28
1366 1366 26
5333 5333 26
5351 5351 28
5695 5695 28
6030 6030 25
6241 6241 26
8450 8450 25
9027 9027 24
386 386 24
571 571 24
3254 3254 27
4393 4393 24
4873 4873 27
5089 5089 24
5513 5513 30
9255 9255 29
9500 9500 28
9612 9612 26
699 699 26
1598 1598 32
1766 1766 25
2153 2153 24
3017 3017 31
4382 4382 26
4714 4714 26
8850 8850 28
9692 9692 28
9818 9818 27
393 393 31
3905 3905 27
5295 5295 25
6151 6151 32
6162 6162 31
7486 7486 28
8180 8180 31
9037 9037 31
9287 9287 28
9560 9560 24
1612 1612 28
2173 2173 30
2730 2730 30
2858 2858 26
3158 3158 33
3274 3274 32
7825 7825 27
8071 8071 29
9365 9365 25
9966 9966 33
408 408 30
3226 3226 30
5592 5592 31
6579 6579 29
6584 6584 25
6646 6646 33
7876 7876 27
9124 9124 27
9433 9433 31
9688 9688 31
264 264 31
471 471 29
497 497 24
756 756 30
2061 2061 31
2686 2686 25
3297 3297 27
3498 3498 33
4580 4580 32
9515 9515 30
1468 1468 28
1582 1582 28
2271 2271 25
2323 2323 30
2513 2513 28
4390 4390 32
5189 5189 26
5638 5638 30
9281 9281 24
9381 9381 24
610 610 29
1933 1933 24
3322 3322 28
3501 3501 32
3886 3886 31
5231 5231 31
5923 5923 24
6839 6839 27
9260 9260 30
9298 9298 32
432 432 25
1873 1873 29
2049 2049 24
4148 4148 26
5340 5340 30
5544 5544 30
6139 6139 26
7310 7310 26
7861 7861 29
8614 8614 28
378 378 33
1133 1133 25
3250 3250 30
4803 4803 32
5584 5584 33
6416 6416 32
6862 6862 29
7768 7768 28
9092 9092 28
9778 9778 25
1140 1140 25
3671 3671 27
4955 4955 28
5427 5427 31
6450 6450 31
6695 6695 26
7500 7500 26
8753 8753 24
8906 8906 30
9882 9882 25
1009 1009 32
1015 1015 31
2173 2173 26
4837 4837 25
4982 4982 31
6065 6065 23
6963 6963 28
7686 7686 27
9643 9643 32
9666 9666 26
494 494 27
3033 3033 32
3911 3911 26
4804 4804 27
4832 4832 30
6357 6357 27
7156 7156 24
8465 8465 24
8773 8773 32
9219 9219 24
119 119 23
467 467 28
2025 2025 32
2537 2537 26
3082 3082 24
5686 5686 28
5747 5747 29
7071 7071 25
7321 7321 25
7509 7509 32
1210 1210 26
2463 2463 32
2627 2627 31
6412 6412 25
6809 6809 24
7101 7101 24
8382 8382 28
8428 8428 24
9331 9331 27
9602 9602 32
1803 1803 30
3293 3293 29
4047 4047 30
4167 4167 28
4426 4426 32
7176 7176 28
8681 8681 24
9278 9278 25
9978 9978 24
9999 9999 24
1071 1071 26
2206 2206 24
2579 2579 26
3754 3754 31
4007 4007 31
4471 4471 30
4529 4529 26
5572 5572 25
9061 9061 23
9314 9314 29
215 215 24
2021 2021 28
3181 3181 27
3504 3504 27
4049 4049 32
4243 4243 32
5440 5440 32
6453 6453 32
8178 8178 30
9571 9571 28
158 158 29
1353 1353 23
4396 4396 26
5332 5332 27
7517 7517 24
8144 8144 29
8189 8189 25
8319 8319 27
8989 8989 25
9756 9756 30
917 917 26
1256 1256 31
1402 1402 28
2951 2951 26
5640 5640 25
7694 7694 31
7749 7749 32
7914 7914 28
9631 9631 29
9864 9864 24
923 923 26
1192 1192 25
1541 1541 23
2032 2032 29
3537 3537 27
5377 5377 30
5920 5920 31
5981 5981 32
7993 7993 24
8491 8491 25
2121 2121 32
5297 5297 27
5876 5876 26
5954 5954 23
6733 6733 26
8606 8606 29
9017 9017 25
9248 9248 28
9252 9252 28
9858 9858 31
197 197 27
593 593 30
2366 2366 28
3382 3382 27
3411 3411 29
5376 5376 33
6649 6649 32
7510 7510 30
7793 7793 29
9175 9175 32
33 33 27
1873 1873 28
2027 2027 31
3171 3171 29
3265 3265 30
3961 3961 31
4677 4677 32
5597 5597 24
8428 8428 24
9700 9700 31
1037 1037 26
2440 2440 28
3541 3541 27
4579 4579 28
4626 4626 25
6965 6965 29
7019 7019 25
9385 9385 25
9611 9611 30
9901 9901 26
39 39 25
961 961 29
2302 2302 33
2706 2706 32
3069 3069 28
3282 3282 25
4217 4217 27
7270 7270 32
7642 7642 29
8305 8305 32
367 367 33
2083 2083 33
2948 2948 27
3091 3091 24
4046 4046 24
4055 4055 28
4080 4080 27
6213 6213 30
7780 7780 31
9304 9304 33
817 817 28
1089 1089 27
1771 1771 31
2410 2410 28
2554 2554 26
3800 3800 26
4554 4554 32
4654 4654 25
4723 4723 28
7325 7325 24
