500 20 1179242
25 72 177
25 139 161
25 131 239
25 119 180
25 77 210
25 121 247
25 91 225
25 120 152
25 122 178
25 104 246
25 123 176
25 103 193
25 141 154
25 146 224
25 92 216
25 51 227
25 120 210
25 116 194
25 83 179
25 69 205
384 384 11
1584 1584 11
1934 1934 13
2212 2212 12
3151 3151 12
3644 3644 15
3891 3891 14
3910 3910 13
4050 4050 14
4685 4685 14
4778 4778 12
5045 5045 12
5145 5145 12
5263 5263 14
5440 5440 14
5762 5762 15
6038 6038 13
6540 6540 11
6897 6897 11
6972 6972 14
7119 7119 14
7698 7698 14
7930 7930 14
9112 9112 12
9969 9969 14
94 94 14
98 98 14
231 231 15
449 449 14
709 709 13
986 986 13
2612 2612 14
3447 3447 13
4367 4367 11
4892 4892 14
5045 5045 14
5922 5922 14
6023 6023 12
6149 6149 13
6244 6244 12
7133 7133 11
8012 8012 15
8030 8030 12
8084 8084 11
8149 8149 13
8176 8176 14
8346 8346 14
8421 8421 11
8885 8885 13
9040 9040 12
430 430 13
533 533 15
623 623 12
1569 1569 13
1604 1604 12
2085 2085 13
2911 2911 12
3315 3315 15
3682 3682 13
3708 3708 12
4032 4032 14
4703 4703 11
5105 5105 14
5178 5178 11
5421 5421 12
5526 5526 11
6080 6080 11
6421 6421 12
7290 7290 15
7567 7567 11
7867 7867 13
8321 8321 15
9131 9131 13
9197 9197 13
9249 9249 14
129 129 14
369 369 13
450 450 13
1656 1656 11
2123 2123 15
2181 2181 12
2544 2544 11
2634 2634 15
4077 4077 15
4216 4216 11
4247 4247 11
4750 4750 11
4871 4871 12
4914 4914 15
5847 5847 13
6006 6006 13
6705 6705 15
7095 7095 14
7904 7904 15
7994 7994 14
8285 8285 15
8339 8339 15
9234 9234 12
9324 9324 14
9893 9893 14
1171 1171 13
2249 2249 15
2997 2997 12
3427 3427 11
3509 3509 14
3707 3707 14
4038 4038 11
4275 4275 11
4340 4340 11
4578 4578 15
4653 4653 12
4902 4902 14
4919 4919 13
5145 5145 15
5784 5784 11
6842 6842 12
6944 6944 15
7387 7387 13
7391 7391 13
7694 7694 14
8316 8316 14
9331 9331 12
9724 9724 14
9760 9760 11
9844 9844 15
976 976 15
1065 1065 12
1745 1745 11
2477 2477 12
2753 2753 13
3116 3116 14
3153 3153 14
3331 3331 15
3463 3463 14
3839 3839 12
4213 4213 11
4538 4538 11
4581 4581 15
4804 4804 14
5008 5008 13
5962 5962 14
6249 6249 11
6519 6519 11
7268 7268 14
7292 7292 14
7496 7496 14
8258 8258 14
8274 8274 15
8654 8654 12
9438 9438 15
947 947 11
1702 1702 12
1971 1971 11
2201 2201 13
3418 3418 13
3705 3705 13
3737 3737 12
3796 3796 12
4070 4070 15
4506 4506 12
4708 4708 13
4940 4940 15
5192 5192 13
5866 5866 12
6441 6441 13
7054 7054 15
7089 7089 13
7237 7237 15
8425 8425 11
8464 8464 13
8686 8686 13
8835 8835 13
8869 8869 11
9551 9551 12
9662 9662 13
522 522 12
713 713 13
1705 1705 12
2057 2057 12
2474 2474 14
2738 2738 11
2871 2871 14
3006 3006 15
3048 3048 11
3453 3453 15
3661 3661 15
4517 4517 13
4678 4678 11
4935 4935 12
5003 5003 14
5528 5528 12
5776 5776 11
6286 6286 15
7867 7867 14
7883 7883 14
8829 8829 14
8959 8959 14
8989 8989 15
9586 9586 11
9704 9704 12
349 349 11
571 571 11
1359 1359 12
1678 1678 13
1929 1929 11
2473 2473 14
2867 2867 12
3360 3360 14
3381 3381 14
4203 4203 15
6027 6027 12
6275 6275 11
6781 6781 14
6783 6783 12
6806 6806 12
6867 6867 14
7011 7011 13
7103 7103 12
8061 8061 15
8994 8994 14
9180 9180 15
9282 9282 14
9419 9419 14
9775 9775 13
9834 9834 11
342 342 14
1248 1248 13
1580 1580 12
2019 2019 12
2977 2977 15
3647 3647 12
4550 4550 13
4698 4698 12
4830 4830 14
5421 5421 11
5956 5956 13
6497 6497 13
6541 6541 14
6916 6916 11
7017 7017 13
7238 7238 15
7548 7548 11
8219 8219 15
8565 8565 13
8914 8914 13
8975 8975 11
9442 9442 13
9596 9596 15
9826 9826 12
9898 9898 14
16 16 12
93 93 15
240 240 12
1471 1471 11
1673 1673 12
1820 1820 14
2371 2371 14
2403 2403 12
2649 2649 11
2708 2708 14
2997 2997 13
3057 3057 13
3138 3138 15
3148 3148 15
3269 3269 12
4174 4174 13
4218 4218 14
4353 4353 13
4453 4453 11
6067 6067 12
6415 6415 12
7372 7372 14
7389 7389 12
9228 9228 13
9840 9840 13
1586 1586 11
1623 1623 12
2052 2052 12
2719 2719 13
2855 2855 11
4520 4520 11
5210 5210 12
5619 5619 12
5716 5716 12
5740 5740 11
5888 5888 13
6076 6076 14
6152 6152 14
6639 6639 13
6885 6885 11
7100 7100 15
7199 7199 14
8103 8103 12
8537 8537 13
8553 8553 15
8732 8732 13
9380 9380 11
9522 9522 13
9529 9529 14
9950 9950 15
403 403 15
499 499 13
1663 1663 14
2091 2091 14
2213 2213 12
2303 2303 14
2943 2943 15
3121 3121 14
3570 3570 13
4375 4375 12
4806 4806 11
5255 5255 11
6110 6110 12
7011 7011 13
7036 7036 11
7485 7485 12
7518 7518 13
7555 7555 14
7844 7844 15
8553 8553 15
8850 8850 14
9727 9727 13
9746 9746 13
9791 9791 14
9852 9852 11
144 144 12
331 331 14
834 834 14
1193 1193 12
1502 1502 14
1660 1660 11
1920 1920 15
2922 2922 11
3285 3285 12
3592 3592 14
4032 4032 15
4752 4752 12
4829 4829 11
5173 5173 15
6266 6266 14
6770 6770 12
6772 6772 13
7013 7013 12
7401 7401 12
7548 7548 15
7557 7557 13
8311 8311 12
9190 9190 12
9462 9462 14
9892 9892 13
28 28 15
30 30 11
264 264 15
708 708 11
1328 1328 14
3041 3041 11
3427 3427 14
3678 3678 15
3746 3746 12
3917 3917 15
4007 4007 13
5913 5913 13
6202 6202 13
7690 7690 15
7829 7829 15
8008 8008 13
8092 8092 11
8571 8571 11
8984 8984 13
9166 9166 12
9404 9404 12
9463 9463 15
9483 9483 11
9572 9572 14
9664 9664 13
484 484 14
842 842 15
1326 1326 13
1570 1570 13
1943 1943 14
2373 2373 13
2781 2781 15
2835 2835 11
3178 3178 13
3432 3432 12
3481 3481 13
3569 3569 14
3840 3840 13
4076 4076 15
4267 4267 11
4999 4999 12
5402 5402 15
5917 5917 11
6107 6107 14
7168 7168 14
7895 7895 13
8435 8435 13
9098 9098 13
9965 9965 15
9992 9992 12
195 195 14
955 955 14
1224 1224 14
1945 1945 14
1976 1976 13
3411 3411 13
3757 3757 11
4006 4006 11
4034 4034 15
4630 4630 13
5073 5073 12
5176 5176 13
5479 5479 13
5534 5534 13
6252 6252 13
6291 6291 14
6405 6405 14
7233 7233 12
7748 7748 12
7922 7922 12
7948 7948 13
8055 8055 13
8104 8104 15
8488 8488 11
8803 8803 14
985 985 14
1137 1137 15
1233 1233 11
2722 2722 14
3110 3110 15
3431 3431 14
4057 4057 14
4972 4972 12
5622 5622 12
5884 5884 14
6434 6434 12
6436 6436 11
6609 6609 14
6621 6621 13
6737 6737 12
6949 6949 12
7480 7480 14
7491 7491 14
7535 7535 13
7616 7616 13
7703 7703 12
8314 8314 14
8479 8479 11
8796 8796 12
9630 9630 15
415 415 14
834 834 13
1522 1522 13
1765 1765 14
1888 1888 11
1998 1998 13
3331 3331 15
3864 3864 14
5101 5101 12
5168 5168 15
5224 5224 11
5700 5700 15
6495 6495 14
6701 6701 15
7201 7201 12
7242 7242 11
7961 7961 12
8207 8207 14
8260 8260 11
8834 8834 11
9146 9146 11
9424 9424 14
9554 9554 14
9820 9820 12
9954 9954 12
415 415 14
730 730 14
1613 1613 13
2078 2078 13
2150 2150 14
2163 2163 12
2318 2318 15
2802 2802 14
3345 3345 12
3463 3463 12
4688 4688 13
4722 4722 14
5250 5250 11
5314 5314 15
5897 5897 14
6207 6207 11
6306 6306 11
6567 6567 12
7230 7230 13
7284 7284 15
7820 7820 14
7922 7922 13
8105 8105 14
8176 8176 12
9516 9516 14
