50 20 122225
3 69 167
3 118 213
3 148 239
3 102 185
3 140 248
3 145 225
3 101 175
3 50 162
3 90 227
3 115 233
2 56 217
2 59 218
2 103 218
2 77 180
2 71 169
2 110 235
2 131 246
2 91 205
2 64 227
2 149 165
1687 1687 89
3555 3555 102
3563 3563 93
5710 5710 90
5921 5921 109
7412 7412 101
3725 3725 106
6139 6139 103
6411 6411 109
756 756 95
1043 1043 83
3635 3635 111
6315 6315 102
6381 6381 101
6963 6963 83
1304 1304 111
3363 3363 102
4353 4353 88
393 393 96
3925 3925 104
8793 8793 85
350 350 99
7457 7457 83
8537 8537 111
1231 1231 98
5158 5158 90
6615 6615 102
3359 3359 106
4237 4237 85
9905 9905 109
5121 5121 155
9799 9799 134
3832 3832 142
4538 4538 166
1100 1100 135
8529 8529 127
1781 1781 144
2439 2439 127
88 88 149
6862 6862 134
3028 3028 146
5238 5238 141
5095 5095 125
7235 7235 154
830 830 135
7121 7121 157
5779 5779 124
6209 6209 119
1320 1320 161
8780 8780 141
