200 100 457728
2 75 168
2 139 175
2 126 222
2 91 233
2 140 176
2 97 151
2 57 204
2 135 246
2 52 208
2 102 202
2 88 216
2 121 190
2 117 189
2 55 227
2 116 159
2 114 203
2 69 156
2 76 154
2 50 190
2 125 183
2 80 236
2 120 242
2 121 199
2 91 157
2 62 243
2 65 197
2 134 199
2 106 249
2 64 150
2 126 235
2 122 245
2 79 205
2 130 191
2 74 191
2 102 216
2 83 232
2 91 193
2 149 180
2 101 224
2 67 245
2 58 178
2 71 240
2 97 201
2 61 205
2 53 150
2 72 233
2 101 212
2 126 218
2 74 180
2 94 163
2 78 222
2 137 239
2 59 197
2 73 217
2 132 249
2 141 233
2 134 217
2 139 247
2 117 214
2 129 153
2 67 205
2 102 246
2 148 231
2 129 205
2 95 178
2 97 231
2 128 190
2 129 212
2 128 160
2 73 231
2 77 166
2 147 164
2 141 247
2 63 157
2 84 247
2 98 190
2 143 174
2 143 239
2 134 239
2 123 213
2 117 200
2 97 223
2 116 240
2 128 215
2 89 218
2 82 172
2 103 187
2 69 209
2 70 190
2 56 176
2 146 201
2 86 184
2 89 185
2 54 162
2 89 222
2 96 183
2 67 238
2 116 168
2 78 176
2 64 178
4428 4428 168
8844 8844 168
4136 4136 175
8366 8366 172
1334 1334 184
7826 7826 155
662 662 162
1110 1110 147
4195 4195 162
9451 9451 150
813 813 151
9314 9314 151
861 861 175
2915 2915 144
892 892 174
7841 7841 156
4920 4920 140
5758 5758 173
2029 2029 175
4553 4553 143
7493 7493 148
9281 9281 171
407 407 185
1230 1230 161
8617 8617 186
9082 9082 189
2953 2953 153
8997 8997 159
3654 3654 147
4430 4430 159
5225 5225 166
9714 9714 191
1316 1316 156
6649 6649 156
2286 2286 137
8509 8509 140
446 446 159
2185 2185 141
1227 1227 183
3612 3612 152
9191 9191 167
9881 9881 146
2364 2364 185
6304 6304 137
4011 4011 184
5690 5690 178
2231 2231 148
9956 9956 157
2107 2107 182
4242 4242 143
6558 6558 156
6764 6764 185
6356 6356 171
9554 9554 185
764 764 154
1864 1864 137
2870 2870 150
6030 6030 150
7157 7157 163
9214 9214 140
3403 3403 188
3946 3946 165
7382 7382 171
9544 9544 171
4038 4038 151
5119 5119 172
3903 3903 162
8071 8071 152
833 833 181
8295 8295 160
1441 1441 184
6897 6897 170
1615 1615 155
7703 7703 169
3591 3591 180
9824 9824 180
1822 1822 165
9745 9745 149
549 549 171
2010 2010 160
3242 3242 173
7529 7529 178
3454 3454 173
9136 9136 180
4478 4478 146
7611 7611 156
951 951 181
9110 9110 192
1599 1599 150
4543 4543 150
4478 4478 163
6122 6122 155
3140 3140 137
6243 6243 143
6116 6116 142
6890 6890 182
7891 7891 172
9151 9151 147
1748 1748 163
8073 8073 163
3971 3971 141
5745 5745 162
2754 2754 166
5952 5952 143
8286 8286 152
8337 8337 147
3511 3511 174
9233 9233 144
3678 3678 151
6576 6576 138
6885 6885 164
7808 7808 153
193 193 183
1056 1056 152
82 82 146
6267 6267 184
2242 2242 171
8204 8204 184
659 659 153
8284 8284 153
8210 8210 182
8366 8366 144
122 122 143
3052 3052 178
3799 3799 183
5964 5964 149
1296 1296 153
2957 2957 162
2630 2630 175
9336 9336 178
2259 2259 175
4811 4811 138
4480 4480 152
6669 6669 171
899 899 166
6622 6622 169
4893 4893 160
6359 6359 160
2859 2859 158
5236 5236 144
7207 7207 166
8219 8219 166
888 888 164
3548 3548 154
1126 1126 144
8977 8977 149
817 817 157
1966 1966 157
3713 3713 158
6355 6355 147
2089 2089 137
6330 6330 174
2489 2489 174
6641 6641 148
3406 3406 171
6151 6151 180
8071 8071 152
9932 9932 158
713 713 156
1601 1601 143
3117 3117 165
4204 4204 156
7667 7667 137
9289 9289 139
149 149 158
3695 3695 159
4522 4522 173
8998 8998 155
2847 2847 162
7284 7284 187
5308 5308 162
6118 6118 172
2347 2347 150
3918 3918 167
3948 3948 187
9096 9096 155
5443 5443 159
7750 7750 155
7537 7537 152
9291 9291 144
2035 2035 181
5041 5041 159
3799 3799 173
5591 5591 150
2057 2057 170
3217 3217 182
480 480 162
2441 2441 158
3803 3803 148
9427 9427 139
5917 5917 182
8126 8126 152
3135 3135 182
9869 9869 138
2879 2879 155
3456 3456 168
5397 5397 176
9531 9531 154
3813 3813 146
9784 9784 149
