500 20 1144104
25 148 243
25 145 226
25 70 179
25 141 230
25 126 151
25 134 153
25 93 194
25 100 194
25 85 158
25 125 177
25 98 182
25 102 153
25 130 169
25 142 217
25 81 191
25 89 245
25 51 246
25 109 167
25 145 203
25 62 218
13 13 12
173 173 11
245 245 12
1339 1339 13
1585 1585 14
1731 1731 14
2020 2020 12
2042 2042 10
2277 2277 12
2367 2367 12
2746 2746 11
3345 3345 11
3375 3375 11
3425 3425 11
4206 4206 14
5501 5501 15
5941 5941 13
6029 6029 11
6659 6659 11
7749 7749 12
8106 8106 13
8217 8217 14
8331 8331 15
8833 8833 13
9261 9261 11
193 193 11
802 802 14
941 941 15
2138 2138 13
2582 2582 11
2619 2619 14
3929 3929 13
4201 4201 13
5161 5161 10
5588 5588 12
5866 5866 13
6488 6488 13
6512 6512 13
6654 6654 15
6714 6714 12
7113 7113 15
7135 7135 11
7936 7936 14
8692 8692 11
9097 9097 12
9449 9449 14
9563 9563 14
9688 9688 12
9766 9766 11
9875 9875 10
322 322 13
518 518 12
636 636 14
647 647 12
953 953 12
1759 1759 13
2173 2173 14
2273 2273 11
2866 2866 14
3686 3686 11
4887 4887 13
5001 5001 14
5068 5068 11
5086 5086 14
5130 5130 11
5577 5577 12
5936 5936 13
6038 6038 12
7442 7442 14
7774 7774 14
7968 7968 12
8284 8284 11
9042 9042 14
9646 9646 11
9734 9734 12
65 65 14
859 859 13
1561 1561 13
1892 1892 11
1991 1991 15
2138 2138 13
2610 2610 14
3260 3260 12
4281 4281 12
5282 5282 14
5540 5540 13
5681 5681 13
6331 6331 11
6421 6421 14
7154 7154 13
7159 7159 12
7402 7402 15
7487 7487 11
7928 7928 11
7978 7978 12
8338 8338 12
8530 8530 14
8858 8858 11
9092 9092 12
9995 9995 11
773 773 10
1277 1277 12
3572 3572 11
3875 3875 13
4010 4010 14
4384 4384 14
5294 5294 11
5370 5370 13
5427 5427 12
5703 5703 12
6068 6068 12
6178 6178 11
6271 6271 12
6473 6473 14
6577 6577 15
6581 6581 15
6596 6596 13
7334 7334 11
7401 7401 13
7588 7588 13
8237 8237 11
8433 8433 15
8449 8449 14
8803 8803 14
9078 9078 13
227 227 11
2098 2098 12
2364 2364 12
2442 2442 14
2861 2861 14
3085 3085 12
3450 3450 14
4542 4542 14
4645 4645 15
5222 5222 13
5671 5671 13
5802 5802 13
5833 5833 12
6675 6675 12
6713 6713 13
6743 6743 14
7042 7042 13
7533 7533 12
7557 7557 11
7613 7613 13
7701 7701 13
8828 8828 11
9000 9000 14
9487 9487 11
9808 9808 13
729 729 12
893 893 11
1231 1231 15
1556 1556 15
2094 2094 15
2248 2248 11
2537 2537 11
2731 2731 13
3566 3566 12
3782 3782 10
3939 3939 13
3970 3970 14
4383 4383 11
5174 5174 11
5234 5234 15
5668 5668 13
5704 5704 11
6242 6242 13
6651 6651 11
6926 6926 13
7094 7094 13
7221 7221 12
7448 7448 13
8997 8997 13
9607 9607 12
449 449 12
629 629 12
1223 1223 14
1315 1315 12
2049 2049 14
2361 2361 14
2799 2799 15
2918 2918 12
3097 3097 14
3237 3237 11
3773 3773 11
4160 4160 15
4647 4647 13
4679 4679 14
4935 4935 11
5557 5557 14
5723 5723 11
5984 5984 14
6246 6246 12
6856 6856 11
7757 7757 14
8055 8055 14
8311 8311 12
8920 8920 11
8998 8998 12
45 45 13
843 843 14
1388 1388 14
1729 1729 14
2415 2415 12
2530 2530 14
2539 2539 12
2560 2560 15
2826 2826 12
3123 3123 13
4144 4144 12
4383 4383 13
5250 5250 11
5899 5899 11
6533 6533 12
6658 6658 12
6833 6833 13
7186 7186 14
7230 7230 13
7337 7337 13
8063 8063 11
8593 8593 11
8846 8846 13
8909 8909 15
9114 9114 12
106 106 12
320 320 11
1212 1212 14
1270 1270 14
1880 1880 13
2115 2115 11
2641 2641 11
2825 2825 15
2856 2856 11
3127 3127 13
3577 3577 13
5303 5303 11
5426 5426 15
5947 5947 14
5998 5998 11
6227 6227 13
7652 7652 12
7745 7745 15
8087 8087 12
8149 8149 12
8208 8208 13
8307 8307 14
8967 8967 13
9001 9001 15
9016 9016 12
471 471 12
816 816 12
889 889 11
1143 1143 13
1479 1479 12
1681 1681 11
2319 2319 11
2791 2791 11
3912 3912 15
4304 4304 11
4305 4305 13
4322 4322 11
4685 4685 13
4983 4983 11
5303 5303 11
5405 5405 11
6507 6507 13
6908 6908 14
7357 7357 12
7552 7552 14
7910 7910 11
8010 8010 14
9235 9235 13
9577 9577 14
9970 9970 10
832 832 15
1477 1477 13
1494 1494 11
1653 1653 15
1699 1699 10
1720 1720 12
2047 2047 11
2585 2585 15
2769 2769 11
2824 2824 15
3011 3011 14
5622 5622 11
6077 6077 11
6150 6150 15
6374 6374 10
6385 6385 13
6779 6779 11
6975 6975 11
7125 7125 11
7299 7299 13
7823 7823 14
7842 7842 11
8499 8499 12
9290 9290 13
9523 9523 14
284 284 11
565 565 13
624 624 13
1263 1263 11
2220 2220 11
2342 2342 11
2948 2948 12
3224 3224 15
3661 3661 15
3901 3901 13
4157 4157 11
4187 4187 12
4362 4362 12
4372 4372 12
4632 4632 12
4713 4713 11
4751 4751 11
6017 6017 12
6219 6219 12
6333 6333 11
6352 6352 12
7094 7094 11
7680 7680 11
7864 7864 12
8286 8286 12
136 136 13
919 919 14
1057 1057 12
1947 1947 13
2313 2313 12
2815 2815 14
2908 2908 12
2940 2940 13
3799 3799 12
3924 3924 11
3960 3960 14
4177 4177 12
4494 4494 12
5757 5757 13
6861 6861 14
7031 7031 11
7150 7150 13
7175 7175 13
7606 7606 11
7694 7694 12
7925 7925 14
7976 7976 11
8459 8459 12
8788 8788 13
9363 9363 11
218 218 12
1017 1017 14
1133 1133 14
1312 1312 12
1394 1394 15
1516 1516 11
1686 1686 13
2169 2169 12
2405 2405 12
2512 2512 13
3197 3197 14
3319 3319 11
3490 3490 14
3564 3564 14
4067 4067 14
4585 4585 11
6028 6028 15
6310 6310 14
7405 7405 12
7514 7514 13
8353 8353 12
9184 9184 11
9205 9205 14
9655 9655 12
9735 9735 13
57 57 11
75 75 14
107 107 14
348 348 12
1310 1310 15
2714 2714 12
2856 2856 13
3030 3030 14
3830 3830 15
4778 4778 15
5381 5381 14
5517 5517 11
5824 5824 15
5942 5942 13
6183 6183 11
7544 7544 13
7646 7646 13
7827 7827 14
7866 7866 11
7884 7884 13
7934 7934 15
8306 8306 12
8572 8572 11
8897 8897 13
9781 9781 15
962 962 14
1203 1203 11
1805 1805 14
2287 2287 10
2470 2470 15
2556 2556 13
3043 3043 13
3767 3767 15
4767 4767 11
5059 5059 11
5158 5158 14
5182 5182 11
5587 5587 12
6146 6146 12
6402 6402 13
6763 6763 13
6826 6826 13
7413 7413 14
7455 7455 14
8366 8366 14
8388 8388 11
8774 8774 13
9219 9219 12
9537 9537 11
9721 9721 12
215 215 14
595 595 12
1287 1287 13
2010 2010 14
2431 2431 12
2754 2754 14
3773 3773 14
4548 4548 11
4826 4826 11
4950 4950 11
5642 5642 13
5709 5709 11
5870 5870 14
6056 6056 11
6313 6313 14
6329 6329 12
6837 6837 13
6909 6909 14
7060 7060 11
7443 7443 13
7649 7649 11
7814 7814 11
8522 8522 12
9295 9295 14
9620 9620 13
19 19 14
178 178 12
238 238 12
598 598 12
613 613 14
1278 1278 11
1551 1551 10
1582 1582 13
2666 2666 14
3239 3239 12
3658 3658 15
4894 4894 12
5830 5830 13
6085 6085 13
6343 6343 11
6407 6407 11
6648 6648 13
6725 6725 12
7634 7634 12
7974 7974 14
8205 8205 12
8424 8424 13
8428 8428 14
9174 9174 14
9974 9974 13
338 338 14
861 861 11
1102 1102 15
1190 1190 11
1276 1276 13
1314 1314 13
1373 1373 13
1529 1529 14
1686 1686 12
2824 2824 12
2976 2976 11
3331 3331 13
4516 4516 11
5476 5476 14
5596 5596 13
5925 5925 11
6378 6378 11
6638 6638 13
6814 6814 15
8185 8185 14
8553 8553 13
8639 8639 14
8737 8737 12
8871 8871 12
9703 9703 12
