1000 20 2598150
50 121 228
50 150 162
50 82 222
50 145 194
50 65 150
50 133 207
50 66 185
50 78 155
50 130 187
50 89 220
50 91 164
50 105 214
50 141 250
50 134 151
50 125 192
50 90 177
50 95 215
50 55 239
50 59 170
50 119 152
472 472 5
504 504 6
649 649 4
669 669 4
705 705 4
957 957 5
1419 1419 5
1525 1525 5
1535 1535 5
1786 1786 5
1947 1947 6
2219 2219 5
2318 2318 6
2377 2377 6
2420 2420 6
2492 2492 6
2546 2546 6
2905 2905 6
2962 2962 5
3068 3068 6
3113 3113 6
3190 3190 6
3456 3456 6
3723 3723 5
4176 4176 4
4194 4194 5
4764 4764 5
4872 4872 4
5262 5262 5
5280 5280 6
5376 5376 4
5781 5781 6
6215 6215 4
6609 6609 5
6894 6894 6
7075 7075 6
7261 7261 5
7475 7475 4
7701 7701 4
7903 7903 6
8526 8526 4
8841 8841 6
8857 8857 6
8927 8927 5
9133 9133 6
9347 9347 5
9358 9358 5
9542 9542 5
9656 9656 5
9892 9892 4
437 437 6
506 506 6
513 513 5
549 549 5
803 803 6
1345 1345 6
2003 2003 6
2058 2058 5
2112 2112 5
2568 2568 6
2571 2571 5
2684 2684 6
2692 2692 6
2708 2708 6
2760 2760 4
2921 2921 5
3177 3177 5
3483 3483 6
3771 3771 6
3938 3938 6
3941 3941 6
4106 4106 5
4157 4157 5
4219 4219 5
4468 4468 6
4733 4733 5
4788 4788 5
4864 4864 5
5153 5153 5
5409 5409 5
5460 5460 5
6189 6189 6
6310 6310 6
6568 6568 6
7034 7034 5
7049 7049 6
7256 7256 6
7368 7368 4
7652 7652 6
7756 7756 6
7767 7767 4
7798 7798 5
8012 8012 5
8039 8039 5
8968 8968 6
9335 9335 5
9415 9415 5
9835 9835 5
9874 9874 5
9888 9888 5
264 264 6
282 282 6
376 376 5
706 706 5
873 873 5
1132 1132 4
1288 1288 5
1602 1602 6
2081 2081 6
2327 2327 5
2615 2615 5
2806 2806 5
3011 3011 5
3446 3446 5
3545 3545 6
3572 3572 6
3625 3625 6
3714 3714 5
3866 3866 6
3918 3918 5
3941 3941 5
4057 4057 6
4271 4271 5
4450 4450 5
4463 4463 4
4543 4543 5
4676 4676 5
4686 4686 6
4759 4759 6
4781 4781 5
5456 5456 6
5465 5465 6
5674 5674 5
5825 5825 4
6241 6241 5
6287 6287 6
6639 6639 5
6890 6890 5
7072 7072 5
7507 7507 6
7559 7559 5
8312 8312 6
8539 8539 6
8745 8745 4
9178 9178 5
9642 9642 5
9794 9794 6
9836 9836 6
9855 9855 5
9950 9950 6
28 28 5
369 369 5
416 416 6
594 594 5
668 668 5
720 720 4
951 951 5
982 982 6
1131 1131 6
1199 1199 6
1237 1237 6
1310 1310 5
1394 1394 5
1597 1597 6
2099 2099 5
2181 2181 5
2308 2308 5
2599 2599 6
2750 2750 5
3228 3228 5
3551 3551 4
3772 3772 5
3775 3775 5
3874 3874 5
4070 4070 5
4417 4417 6
4696 4696 5
4719 4719 5
4878 4878 4
4954 4954 5
4998 4998 5
5120 5120 5
5239 5239 6
5301 5301 4
5311 5311 6
5335 5335 5
5558 5558 4
6309 6309 6
6950 6950 5
7010 7010 4
7238 7238 5
7661 7661 4
8105 8105 5
8181 8181 6
8321 8321 5
8668 8668 5
8843 8843 6
9176 9176 5
9674 9674 6
9848 9848 5
109 109 5
433 433 6
675 675 5
896 896 5
1076 1076 5
1160 1160 6
1474 1474 6
1527 1527 4
1665 1665 6
2005 2005 4
2074 2074 5
2136 2136 6
2441 2441 5
2566 2566 5
2592 2592 6
2860 2860 5
2996 2996 6
3424 3424 5
3704 3704 5
3826 3826 5
3855 3855 5
4291 4291 5
4530 4530 6
4564 4564 5
4606 4606 4
4636 4636 4
4744 4744 5
4958 4958 6
4989 4989 5
5180 5180 5
5287 5287 5
5573 5573 6
5713 5713 5
6696 6696 6
6715 6715 6
6775 6775 6
6798 6798 6
6930 6930 4
7411 7411 5
7493 7493 5
7510 7510 6
7644 7644 4
7972 7972 5
8059 8059 5
8116 8116 5
8883 8883 5
9502 9502 6
9747 9747 6
9950 9950 5
9961 9961 6
412 412 5
1049 1049 4
1221 1221 6
1421 1421 4
1878 1878 5
2320 2320 5
2474 2474 5
2575 2575 6
3166 3166 4
3225 3225 6
3239 3239 6
3364 3364 4
3380 3380 5
3506 3506 5
3590 3590 6
3604 3604 5
3738 3738 6
4091 4091 5
4105 4105 5
4352 4352 5
4528 4528 5
4540 4540 4
4750 4750 4
5225 5225 5
5299 5299 6
5819 5819 5
6004 6004 6
6026 6026 5
6076 6076 5
6124 6124 6
6638 6638 5
6666 6666 4
6703 6703 6
7140 7140 4
7289 7289 5
7748 7748 6
8000 8000 4
8268 8268 5
8548 8548 6
8568 8568 6
8682 8682 6
8727 8727 5
9313 9313 6
9340 9340 5
9472 9472 6
9624 9624 5
9639 9639 4
9805 9805 4
9868 9868 6
9892 9892 6
158 158 6
358 358 5
550 550 4
646 646 6
887 887 6
915 915 6
1520 1520 5
1737 1737 6
1818 1818 4
1969 1969 5
2158 2158 6
2739 2739 5
2880 2880 4
3096 3096 5
3230 3230 4
3507 3507 6
3829 3829 6
3844 3844 5
4113 4113 5
5086 5086 6
5212 5212 6
5422 5422 4
5575 5575 5
5621 5621 5
5692 5692 5
5802 5802 6
5917 5917 4
6234 6234 5
6323 6323 5
6718 6718 5
6808 6808 5
6967 6967 5
7134 7134 5
7145 7145 5
7640 7640 5
7884 7884 5
8277 8277 4
8754 8754 5
8770 8770 4
8803 8803 4
8868 8868 5
9031 9031 5
9039 9039 5
9132 9132 5
9334 9334 4
9504 9504 5
9504 9504 6
9584 9584 6
9599 9599 5
9848 9848 5
21 21 5
166 166 5
379 379 5
494 494 6
622 622 5
757 757 5
892 892 5
1161 1161 5
1199 1199 5
1271 1271 4
1437 1437 5
2499 2499 5
3167 3167 6
3176 3176 5
3189 3189 5
3310 3310 5
3435 3435 5
3559 3559 6
3573 3573 5
3637 3637 5
3690 3690 6
3768 3768 4
3774 3774 6
3805 3805 6
3884 3884 5
4009 4009 6
4050 4050 4
4079 4079 6
4204 4204 6
4225 4225 6
4447 4447 6
4515 4515 6
5316 5316 5
6178 6178 5
6327 6327 5
6354 6354 6
6360 6360 6
6603 6603 6
6620 6620 6
6769 6769 6
7426 7426 5
7510 7510 4
7909 7909 5
8093 8093 6
8366 8366 5
8370 8370 6
8666 8666 6
9049 9049 5
9342 9342 5
9399 9399 5
177 177 5
492 492 6
529 529 5
822 822 5
1011 1011 4
1632 1632 5
1647 1647 4
2470 2470 6
2529 2529 4
2584 2584 5
2791 2791 6
2804 2804 6
2919 2919 6
3292 3292 6
3351 3351 5
3644 3644 4
4136 4136 5
4470 4470 6
4505 4505 5
4508 4508 5
4586 4586 5
4665 4665 6
4706 4706 5
4733 4733 5
5609 5609 4
5713 5713 5
6111 6111 6
6626 6626 6
7006 7006 5
7193 7193 5
7432 7432 4
7453 7453 6
7485 7485 6
7496 7496 6
7751 7751 6
7766 7766 5
7919 7919 4
8055 8055 6
8218 8218 6
8514 8514 5
8783 8783 5
8880 8880 5
9487 9487 5
9518 9518 6
9553 9553 5
9568 9568 5
9641 9641 5
9644 9644 5
9828 9828 5
9929 9929 5
165 165 5
236 236 5
414 414 6
517 517 5
732 732 6
768 768 5
801 801 5
1509 1509 6
1515 1515 4
1645 1645 5
2085 2085 6
2087 2087 5
2201 2201 5
2216 2216 5
2326 2326 6
2610 2610 4
3738 3738 6
3793 3793 6
3825 3825 4
4705 4705 6
4729 4729 5
4740 4740 5
4740 4740 5
4880 4880 6
4889 4889 5
5068 5068 5
5157 5157 5
5717 5717 5
5741 5741 4
6196 6196 6
6395 6395 6
6431 6431 5
6528 6528 6
6694 6694 4
6713 6713 5
6751 6751 5
6900 6900 5
7191 7191 5
7298 7298 4
7417 7417 6
7907 7907 5
8024 8024 6
8112 8112 4
8595 8595 5
9013 9013 5
9326 9326 5
9355 9355 5
9358 9358 6
9665 9665 6
9919 9919 5
9 9 4
472 472 4
756 756 4
889 889 6
909 909 6
942 942 6
1051 1051 5
1297 1297 6
1357 1357 6
1817 1817 5
1892 1892 6
1941 1941 5
2127 2127 4
2806 2806 5
3637 3637 6
3866 3866 6
3930 3930 6
4041 4041 6
4086 4086 4
4153 4153 4
4278 4278 5
4603 4603 6
4912 4912 5
5214 5214 4
5498 5498 5
5653 5653 5
5918 5918 5
6116 6116 4
6158 6158 5
6196 6196 5
6444 6444 5
6727 6727 5
6918 6918 5
6984 6984 6
7026 7026 5
7205 7205 5
7254 7254 5
7278 7278 4
7408 7408 6
7522 7522 5
7525 7525 5
7531 7531 6
8281 8281 5
8306 8306 5
9273 9273 5
9306 9306 5
9490 9490 6
9610 9610 6
9614 9614 5
9904 9904 6
431 431 6
1306 1306 6
1389 1389 6
1448 1448 5
1698 1698 6
1734 1734 5
1758 1758 5
1958 1958 5
2224 2224 5
2296 2296 6
2731 2731 5
2857 2857 5
3014 3014 5
3046 3046 5
3254 3254 6
3608 3608 6
3925 3925 6
4112 4112 5
4196 4196 6
4515 4515 6
4640 4640 5
4747 4747 4
4776 4776 5
4813 4813 6
5146 5146 6
5578 5578 6
5867 5867 6
5994 5994 5
6288 6288 5
6382 6382 5
6410 6410 6
6447 6447 5
6683 6683 5
6899 6899 5
7015 7015 6
7054 7054 5
7077 7077 6
7383 7383 5
7879 7879 5
8004 8004 5
8061 8061 5
8152 8152 5
8449 8449 4
8863 8863 5
9159 9159 6
9183 9183 6
9335 9335 4
9411 9411 6
9526 9526 6
9568 9568 4
342 342 5
736 736 6
744 744 6
1075 1075 6
1128 1128 5
1336 1336 4
1575 1575 4
2121 2121 5
2129 2129 6
2780 2780 5
2931 2931 5
2958 2958 4
3167 3167 4
3177 3177 5
3309 3309 5
3330 3330 6
3732 3732 5
3750 3750 6
4486 4486 5
4594 4594 6
4657 4657 5
4791 4791 6
5105 5105 5
5109 5109 5
5153 5153 5
5285 5285 5
5395 5395 4
5686 5686 6
5731 5731 6
5847 5847 4
5857 5857 6
6352 6352 6
6436 6436 5
6584 6584 6
6855 6855 5
6903 6903 6
6999 6999 5
7263 7263 4
7279 7279 4
7394 7394 6
7932 7932 5
7959 7959 4
8052 8052 6
8269 8269 4
8276 8276 5
8975 8975 6
9158 9158 5
9293 9293 5
9455 9455 5
9930 9930 6
1 1 4
344 344 6
360 360 6
686 686 6
867 867 6
1226 1226 5
1443 1443 5
1783 1783 6
2063 2063 5
2166 2166 5
2202 2202 4
2219 2219 6
2678 2678 5
3562 3562 5
3575 3575 5
3670 3670 6
3850 3850 5
3995 3995 5
4368 4368 6
4520 4520 5
4550 4550 5
4587 4587 5
4697 4697 6
4727 4727 5
4779 4779 5
4801 4801 5
4986 4986 5
5000 5000 5
5035 5035 5
5039 5039 6
5502 5502 6
5537 5537 5
5611 5611 6
6848 6848 5
6882 6882 6
6932 6932 5
7183 7183 6
7689 7689 5
7792 7792 6
7994 7994 5
8005 8005 5
8330 8330 5
8509 8509 6
8511 8511 6
8573 8573 6
8802 8802 6
8962 8962 4
9239 9239 5
9458 9458 6
9837 9837 5
77 77 5
177 177 5
393 393 6
685 685 4
779 779 5
957 957 6
1112 1112 5
1320 1320 4
1338 1338 5
1436 1436 5
1577 1577 4
2090 2090 5
2172 2172 6
2201 2201 5
2395 2395 6
2490 2490 6
2785 2785 5
2878 2878 6
3109 3109 5
3118 3118 6
3254 3254 6
3297 3297 6
3505 3505 5
3595 3595 6
4063 4063 5
4219 4219 5
4455 4455 6
4571 4571 5
4578 4578 5
5041 5041 6
5747 5747 4
5770 5770 6
5911 5911 5
5940 5940 5
6003 6003 6
6169 6169 5
6268 6268 5
6655 6655 5
6885 6885 5
6916 6916 6
7835 7835 6
7937 7937 6
7972 7972 4
8341 8341 5
8629 8629 5
8885 8885 6
9488 9488 5
9573 9573 4
9731 9731 5
9777 9777 6
11 11 4
95 95 5
281 281 4
343 343 5
553 553 5
1070 1070 5
1071 1071 4
1129 1129 5
1296 1296 6
1316 1316 6
1350 1350 5
1389 1389 6
1488 1488 6
1623 1623 6
1679 1679 5
1785 1785 6
1832 1832 5
1856 1856 6
2163 2163 4
2448 2448 4
2519 2519 4
2689 2689 6
2847 2847 5
3399 3399 4
3570 3570 4
3757 3757 5
3812 3812 5
4037 4037 5
4109 4109 5
4121 4121 5
4694 4694 5
5160 5160 6
5717 5717 6
5739 5739 5
6243 6243 5
6599 6599 5
6666 6666 4
7221 7221 4
7285 7285 5
8018 8018 5
8173 8173 5
8297 8297 4
8297 8297 5
8319 8319 5
8477 8477 5
8701 8701 5
8708 8708 5
9038 9038 5
9363 9363 6
9579 9579 6
70 70 6
221 221 5
377 377 5
405 405 5
495 495 6
641 641 6
943 943 5
979 979 5
1126 1126 6
1603 1603 4
1752 1752 5
2075 2075 6
2216 2216 5
2235 2235 4
2411 2411 5
2482 2482 5
2558 2558 5
2790 2790 5
3070 3070 4
3866 3866 6
3913 3913 5
4145 4145 6
4198 4198 6
4225 4225 6
4522 4522 4
4632 4632 5
4782 4782 4
4802 4802 5
4935 4935 6
5192 5192 6
6205 6205 6
6691 6691 6
6805 6805 6
6885 6885 6
7396 7396 5
7433 7433 6
7710 7710 6
7925 7925 6
7937 7937 6
8218 8218 5
8358 8358 5
8462 8462 6
9044 9044 4
9074 9074 5
9242 9242 5
9254 9254 5
9323 9323 5
9356 9356 6
9676 9676 5
9706 9706 6
206 206 5
260 260 6
261 261 5
268 268 5
449 449 5
492 492 5
591 591 4
591 591 6
885 885 4
1100 1100 5
1504 1504 4
2295 2295 5
2318 2318 5
2890 2890 5
3239 3239 5
3283 3283 5
3915 3915 6
4151 4151 5
4443 4443 5
4469 4469 6
4577 4577 5
4598 4598 6
4891 4891 6
5013 5013 5
5015 5015 5
5186 5186 6
5548 5548 6
5949 5949 6
6020 6020 5
6315 6315 5
6435 6435 4
6450 6450 4
6631 6631 6
6858 6858 5
6956 6956 5
7071 7071 6
7327 7327 6
7399 7399 4
7568 7568 5
7571 7571 5
7625 7625 5
7766 7766 5
8358 8358 5
8503 8503 5
8941 8941 5
9055 9055 5
9480 9480 5
9651 9651 5
9708 9708 5
9945 9945 6
124 124 6
574 574 4
779 779 6
1096 1096 4
1498 1498 5
1650 1650 6
1756 1756 4
1817 1817 5
2054 2054 4
2077 2077 6
2084 2084 5
2656 2656 5
2989 2989 5
3232 3232 6
3314 3314 6
3928 3928 4
3965 3965 6
4235 4235 6
4308 4308 5
4778 4778 5
4837 4837 5
5018 5018 5
5130 5130 5
5399 5399 6
5661 5661 6
5831 5831 5
5928 5928 6
6251 6251 5
6358 6358 6
6481 6481 4
7384 7384 6
7388 7388 5
7410 7410 6
7452 7452 6
7513 7513 5
7927 7927 6
8020 8020 6
8331 8331 5
8431 8431 6
8433 8433 6
8642 8642 6
8989 8989 5
9018 9018 4
9084 9084 6
9103 9103 5
9603 9603 5
9803 9803 5
9820 9820 6
9965 9965 6
9991 9991 6
59 59 6
205 205 5
226 226 5
272 272 5
972 972 6
1364 1364 5
1470 1470 5
1481 1481 5
1667 1667 4
1739 1739 5
1845 1845 5
2753 2753 5
2868 2868 6
2878 2878 4
2902 2902 4
2935 2935 4
3061 3061 5
3168 3168 5
3457 3457 5
3545 3545 5
3707 3707 4
3720 3720 5
4056 4056 5
4064 4064 5
4076 4076 5
4158 4158 6
4321 4321 6
4327 4327 5
4611 4611 6
4828 4828 6
5208 5208 5
5471 5471 6
5691 5691 5
5983 5983 5
6142 6142 5
6549 6549 6
6591 6591 4
6623 6623 6
6636 6636 4
6955 6955 6
7056 7056 5
7245 7245 4
8482 8482 5
8704 8704 5
9059 9059 5
9238 9238 5
9484 9484 5
9575 9575 5
9808 9808 4
9809 9809 5
