1000 500 238624
2 95 248
2 132 221
2 109 246
2 117 158
2 138 203
2 97 238
2 136 159
2 58 210
2 143 167
2 93 171
2 79 219
2 101 152
2 51 188
2 79 196
2 95 221
2 75 156
2 109 233
2 103 174
2 69 217
2 102 172
2 75 166
2 147 183
2 138 248
2 74 159
2 125 222
2 108 165
2 55 245
2 51 247
2 102 155
2 97 182
2 129 206
2 112 162
2 120 216
2 136 198
2 90 205
2 119 188
2 57 186
2 142 153
2 142 155
2 118 168
2 81 197
2 109 197
2 74 178
2 148 174
2 132 177
2 77 231
2 139 177
2 59 213
2 120 200
2 109 215
2 110 196
2 77 247
2 101 170
2 116 185
2 141 229
2 106 202
2 62 244
2 68 183
2 61 218
2 61 210
2 59 187
2 127 247
2 128 182
2 116 210
2 50 182
2 64 151
2 77 150
2 131 187
2 69 180
2 150 199
2 63 209
2 80 222
2 140 173
2 58 247
2 54 187
2 77 235
2 96 223
2 119 198
2 78 214
2 145 207
2 124 244
2 77 221
2 94 217
2 88 151
2 112 188
2 106 234
2 109 240
2 133 167
2 70 240
2 128 238
2 76 204
2 115 153
2 50 247
2 83 178
2 61 207
2 130 229
2 80 237
2 103 169
2 88 173
2 88 160
2 72 223
2 65 233
2 133 157
2 61 207
2 142 245
2 122 193
2 93 166
2 149 241
2 116 241
2 148 234
2 84 221
2 90 205
2 83 249
2 99 186
2 139 233
2 140 176
2 90 184
2 87 193
2 57 168
2 52 248
2 60 182
2 102 178
2 91 226
2 81 236
2 139 224
2 103 189
2 65 196
2 55 188
2 108 176
2 71 227
2 113 192
2 129 197
2 142 153
2 82 220
2 131 151
2 150 180
2 51 202
2 120 198
2 135 250
2 96 158
2 53 164
2 136 199
2 120 246
2 63 250
2 90 246
2 131 183
2 52 229
2 70 178
2 60 213
2 112 207
2 102 176
2 122 237
2 84 170
2 101 226
2 132 180
2 77 159
2 112 243
2 117 174
2 96 156
2 55 214
2 74 174
2 108 188
2 131 207
2 54 193
2 127 176
2 79 206
2 137 226
2 126 205
2 122 192
2 119 171
2 86 194
2 65 227
2 85 189
2 128 151
2 123 194
2 118 232
2 85 152
2 71 249
2 143 154
2 103 206
2 104 222
2 141 152
2 95 204
2 54 179
2 80 226
2 124 186
2 147 201
2 137 183
2 94 244
2 80 210
2 114 243
2 51 204
2 127 161
2 125 243
2 79 219
2 126 224
2 106 175
2 104 153
2 105 151
2 149 188
2 111 177
2 140 171
2 149 182
2 99 245
2 108 203
2 137 169
2 62 204
2 55 166
2 122 201
2 75 177
2 53 239
2 77 182
2 59 247
2 79 233
2 133 187
2 138 243
2 125 160
2 138 184
2 109 220
2 104 151
2 65 165
2 94 192
2 107 235
2 150 172
2 107 180
2 127 191
2 96 157
2 123 195
2 116 247
2 99 207
2 112 166
2 54 158
2 65 153
2 65 241
2 73 213
2 66 224
2 124 194
2 92 205
2 102 193
2 150 164
2 146 236
2 138 242
2 76 231
2 120 203
2 106 155
2 52 200
2 118 205
2 130 194
2 118 238
2 53 247
2 123 210
2 130 172
2 132 227
2 140 202
2 114 235
2 115 164
2 149 191
2 73 247
2 143 196
2 59 155
2 62 156
2 86 180
2 121 217
2 90 239
2 119 169
2 114 240
2 52 188
2 105 204
2 53 219
2 57 238
2 128 226
2 109 237
2 105 227
2 133 221
2 134 172
2 118 218
2 115 196
2 100 218
2 90 160
2 142 176
2 83 246
2 150 174
2 103 242
2 107 161
2 64 159
2 112 190
2 113 190
2 126 238
2 54 214
2 63 195
2 71 153
2 118 189
2 144 225
2 53 172
2 57 247
2 87 190
2 105 181
2 67 230
2 122 185
2 148 227
2 104 233
2 100 201
2 130 240
2 149 246
2 81 224
2 84 194
2 63 154
2 94 197
2 135 203
2 144 165
2 105 223
2 73 250
2 136 180
2 84 222
2 64 156
2 99 224
2 117 224
2 118 206
2 51 200
2 144 243
2 125 208
2 72 185
2 83 230
2 142 159
2 128 213
2 102 181
2 139 170
2 59 214
2 150 244
2 70 204
2 147 222
2 140 211
2 147 176
2 103 154
2 57 167
2 79 220
2 66 229
2 134 158
2 67 163
2 99 230
2 125 168
2 125 199
2 118 227
2 148 181
2 95 250
2 81 222
2 81 186
2 85 182
2 123 199
2 133 193
2 60 215
2 57 227
2 105 217
2 73 212
2 52 179
2 142 168
2 62 229
2 109 178
2 119 165
2 127 239
2 95 168
2 72 151
2 66 216
2 66 194
2 100 248
2 90 242
2 93 247
2 59 242
2 117 209
2 134 195
2 136 161
2 76 248
2 124 221
2 146 189
2 87 150
2 140 249
2 106 202
2 149 234
2 138 156
2 52 198
2 121 209
2 105 231
2 149 232
2 121 196
2 73 187
2 136 208
2 135 247
2 79 169
2 76 203
2 90 216
2 59 209
2 52 201
2 145 189
2 92 192
2 99 243
2 104 154
2 147 156
2 57 220
2 71 197
2 113 235
2 101 225
2 71 223
2 92 205
2 148 218
2 112 228
2 146 213
2 143 223
2 88 175
2 132 220
2 103 169
2 54 227
2 73 180
2 148 245
2 98 196
2 54 193
2 139 198
2 78 206
2 57 167
2 94 208
2 113 202
2 54 178
2 138 217
2 105 179
2 135 244
2 79 215
2 70 234
2 126 170
2 131 153
2 81 205
2 104 222
2 81 234
2 141 237
2 58 214
2 103 160
2 61 208
2 140 224
2 88 247
2 126 213
2 113 163
2 138 181
2 63 191
2 107 239
2 83 234
2 131 215
2 57 179
2 125 172
2 115 193
2 73 193
2 149 246
2 55 239
2 77 204
2 69 189
2 90 156
2 118 246
2 90 199
2 101 231
2 135 223
2 55 214
2 74 178
2 99 189
2 59 160
2 99 197
2 97 190
2 108 202
2 111 216
2 75 199
2 146 170
2 107 242
2 150 223
2 146 158
2 88 234
2 104 249
2 139 248
2 118 181
2 112 196
2 131 153
2 105 192
2 58 182
2 54 178
2 55 217
2 87 224
2 120 225
2 80 235
2 116 220
2 71 245
2 64 197
2 102 249
2 78 193
2 75 155
2 121 158
2 136 222
2 69 209
2 109 181
2 148 227
2 125 157
2 120 181
2 54 224
2 80 190
2 98 228
2 62 190
297 297 142
865 865 183
547 547 157
936 936 138
191 191 159
790 790 148
956 956 158
1000 1000 158
177 177 184
892 892 134
399 399 169
473 473 169
790 790 159
937 937 154
220 220 172
574 574 174
167 167 167
935 935 156
126 126 165
650 650 155
202 202 183
719 719 156
347 347 152
766 766 152
545 545 142
946 946 155
170 170 168
729 729 181
379 379 149
991 991 161
279 279 153
288 288 140
858 858 174
917 917 140
131 131 174
394 394 174
174 174 136
708 708 163
504 504 154
974 974 172
915 915 138
940 940 166
316 316 168
779 779 137
446 446 145
991 991 167
586 586 151
665 665 150
54 54 181
268 268 153
127 127 161
395 395 143
534 534 150
882 882 165
401 401 171
884 884 152
154 154 155
943 943 155
235 235 152
557 557 182
774 774 168
956 956 171
308 308 162
810 810 162
55 55 154
842 842 156
229 229 149
785 785 179
819 819 162
986 986 136
476 476 180
841 841 146
222 222 168
878 878 169
407 407 153
994 994 153
292 292 155
466 466 155
634 634 159
825 825 154
458 458 174
461 461 139
19 19 146
153 153 150
345 345 178
390 390 134
189 189 174
276 276 174
72 72 159
982 982 140
677 677 134
755 755 152
460 460 177
747 747 136
500 500 164
964 964 172
324 324 157
981 981 177
533 533 147
736 736 170
837 837 157
899 899 177
533 533 153
737 737 151
224 224 145
501 501 170
90 90 175
375 375 174
391 391 157
589 589 152
17 17 177
390 390 185
179 179 177
424 424 172
602 602 183
892 892 147
76 76 136
606 606 171
249 249 148
809 809 176
317 317 170
707 707 134
650 650 183
882 882 163
249 249 157
745 745 138
269 269 137
619 619 134
312 312 136
387 387 175
684 684 136
884 884 151
414 414 150
791 791 147
340 340 135
421 421 145
62 62 180
273 273 180
181 181 154
408 408 152
235 235 168
518 518 146
363 363 182
667 667 137
275 275 141
905 905 173
274 274 142
929 929 165
78 78 174
126 126 149
316 316 137
921 921 186
775 775 166
885 885 176
85 85 176
114 114 145
313 313 148
370 370 147
50 50 141
707 707 177
877 877 142
998 998 174
170 170 179
786 786 165
439 439 168
651 651 165
290 290 151
873 873 151
769 769 178
944 944 143
859 859 185
958 958 140
809 809 169
892 892 134
236 236 142
563 563 167
475 475 148
810 810 156
271 271 188
441 441 153
376 376 163
901 901 181
269 269 153
560 560 153
603 603 154
762 762 169
733 733 174
826 826 153
749 749 136
793 793 179
551 551 148
964 964 186
589 589 163
653 653 160
534 534 159
906 906 156
164 164 169
670 670 145
761 761 160
895 895 145
280 280 146
784 784 161
174 174 169
547 547 134
268 268 147
665 665 145
421 421 156
912 912 149
343 343 135
704 704 147
495 495 180
809 809 178
151 151 166
745 745 166
78 78 159
780 780 135
874 874 180
918 918 165
60 60 153
495 495 135
222 222 175
963 963 180
220 220 174
755 755 159
12 12 160
439 439 168
435 435 183
719 719 149
301 301 146
990 990 175
247 247 151
582 582 165
773 773 177
872 872 138
42 42 184
455 455 159
926 926 162
989 989 134
11 11 145
377 377 136
918 918 171
990 990 172
359 359 172
385 385 178
216 216 134
862 862 168
715 715 138
899 899 171
9 9 185
467 467 162
814 814 140
986 986 188
496 496 181
905 905 142
630 630 170
726 726 185
241 241 146
934 934 176
192 192 185
343 343 182
566 566 183
590 590 146
253 253 151
422 422 146
8 8 153
770 770 138
431 431 182
582 582 178
28 28 151
832 832 151
79 79 145
275 275 150
349 349 143
857 857 160
154 154 180
995 995 167
692 692 170
723 723 171
121 121 158
583 583 158
355 355 164
718 718 164
67 67 180
530 530 170
233 233 164
618 618 166
595 595 188
650 650 164
185 185 179
586 586 157
34 34 159
772 772 154
424 424 172
762 762 183
551 551 139
940 940 168
375 375 161
703 703 163
624 624 181
974 974 171
570 570 176
806 806 176
330 330 154
763 763 154
735 735 142
967 967 134
231 231 143
313 313 170
595 595 165
628 628 162
280 280 141
862 862 142
361 361 141
812 812 141
819 819 160
914 914 159
368 368 156
439 439 156
119 119 149
766 766 183
39 39 146
587 587 174
9 9 148
229 229 166
461 461 157
481 481 150
856 856 180
940 940 154
75 75 165
745 745 139
148 148 134
916 916 176
307 307 155
691 691 153
701 701 183
788 788 160
65 65 147
580 580 185
3 3 171
391 391 155
456 456 162
975 975 135
553 553 185
601 601 142
138 138 139
826 826 160
263 263 151
525 525 151
98 98 177
998 998 179
86 86 148
354 354 175
312 312 152
470 470 143
89 89 186
157 157 171
150 150 154
944 944 154
712 712 165
972 972 181
393 393 139
840 840 166
362 362 135
444 444 152
428 428 135
453 453 141
116 116 167
496 496 140
766 766 141
936 936 169
405 405 178
666 666 134
31 31 165
460 460 161
64 64 149
362 362 150
675 675 180
703 703 156
403 403 136
953 953 137
390 390 172
617 617 150
384 384 167
906 906 139
383 383 161
910 910 150
433 433 185
914 914 178
460 460 150
697 697 181
321 321 135
736 736 168
82 82 143
443 443 175
145 145 153
748 748 153
406 406 151
443 443 150
734 734 154
996 996 151
233 233 177
877 877 177
313 313 145
353 353 148
313 313 179
996 996 156
235 235 141
671 671 159
287 287 153
910 910 155
613 613 169
934 934 169
57 57 143
816 816 162
206 206 163
613 613 141
246 246 140
711 711 156
765 765 135
949 949 169
209 209 170
395 395 157
338 338 162
607 607 182
238 238 134
296 296 181
412 412 183
572 572 180
349 349 136
776 776 145
564 564 140
948 948 183
384 384 160
532 532 160
348 348 184
504 504 184
419 419 136
939 939 143
140 140 151
802 802 151
487 487 165
827 827 165
361 361 170
915 915 138
11 11 169
706 706 152
206 206 172
865 865 156
83 83 175
855 855 142
394 394 163
719 719 151
446 446 157
945 945 157
207 207 179
664 664 177
142 142 140
203 203 171
751 751 176
774 774 168
414 414 146
746 746 166
292 292 158
898 898 158
444 444 153
981 981 153
150 150 150
347 347 166
430 430 171
547 547 147
304 304 168
713 713 170
216 216 139
482 482 176
58 58 170
614 614 136
254 254 154
643 643 180
117 117 142
749 749 164
165 165 156
269 269 184
382 382 147
846 846 142
53 53 148
477 477 134
345 345 161
945 945 135
404 404 155
922 922 155
16 16 163
644 644 185
261 261 167
961 961 174
230 230 157
367 367 157
798 798 157
965 965 177
530 530 175
913 913 161
553 553 136
807 807 156
364 364 160
874 874 142
462 462 140
915 915 149
248 248 163
470 470 171
167 167 181
807 807 148
764 764 135
905 905 164
314 314 177
759 759 178
498 498 176
748 748 164
133 133 153
230 230 186
303 303 134
547 547 155
537 537 135
936 936 156
39 39 152
885 885 150
68 68 164
562 562 145
9 9 181
533 533 152
795 795 169
839 839 140
864 864 166
869 869 171
264 264 157
489 489 181
161 161 138
438 438 156
48 48 164
148 148 139
212 212 136
453 453 178
58 58 160
537 537 152
126 126 145
356 356 147
151 151 135
257 257 149
31 31 178
238 238 161
71 71 139
236 236 169
381 381 148
627 627 149
193 193 142
422 422 145
58 58 170
617 617 138
733 733 160
963 963 152
542 542 138
628 628 146
96 96 181
494 494 184
403 403 174
674 674 174
256 256 147
985 985 178
159 159 134
226 226 161
177 177 159
755 755 159
190 190 170
758 758 142
412 412 153
529 529 140
101 101 184
413 413 157
217 217 148
700 700 139
277 277 136
555 555 184
292 292 140
808 808 137
81 81 181
893 893 181
387 387 175
417 417 167
96 96 172
253 253 169
963 963 136
989 989 183
35 35 162
976 976 151
155 155 161
459 459 143
97 97 165
615 615 178
59 59 184
208 208 180
398 398 160
776 776 148
105 105 168
974 974 171
360 360 154
595 595 154
178 178 182
791 791 182
349 349 136
623 623 156
251 251 181
458 458 162
458 458 148
493 493 159
728 728 154
860 860 136
263 263 150
382 382 183
163 163 186
248 248 152
530 530 148
745 745 148
111 111 159
696 696 165
262 262 154
605 605 147
482 482 136
720 720 153
674 674 159
886 886 157
372 372 135
842 842 142
396 396 171
406 406 174
213 213 135
454 454 168
324 324 165
969 969 169
549 549 137
751 751 170
537 537 186
641 641 169
191 191 154
714 714 165
302 302 139
564 564 151
696 696 178
864 864 141
65 65 159
367 367 159
421 421 185
461 461 179
274 274 137
310 310 181
433 433 164
965 965 134
452 452 186
948 948 137
302 302 147
698 698 163
353 353 152
364 364 171
78 78 135
760 760 172
172 172 159
525 525 172
316 316 176
912 912 150
180 180 154
330 330 139
290 290 157
568 568 139
590 590 146
661 661 160
203 203 174
273 273 151
306 306 158
998 998 158
56 56 163
119 119 163
124 124 156
884 884 148
282 282 151
867 867 151
402 402 181
592 592 176
477 477 135
717 717 159
207 207 154
755 755 166
305 305 184
561 561 162
400 400 168
747 747 177
167 167 175
553 553 157
150 150 145
198 198 134
226 226 166
608 608 139
115 115 142
244 244 145
93 93 140
252 252 175
70 70 185
488 488 142
450 450 138
747 747 141
456 456 167
576 576 167
285 285 168
628 628 169
739 739 168
803 803 151
347 347 134
664 664 172
1 1 161
954 954 138
360 360 165
849 849 165
520 520 157
843 843 153
327 327 163
881 881 138
530 530 151
814 814 134
347 347 183
638 638 169
118 118 150
255 255 175
221 221 170
884 884 163
244 244 175
673 673 186
461 461 188
662 662 154
2 2 159
532 532 169
263 263 148
296 296 139
256 256 159
290 290 177
526 526 161
840 840 161
45 45 167
102 102 139
84 84 145
571 571 160
831 831 147
985 985 135
79 79 145
214 214 150
430 430 140
596 596 177
103 103 152
958 958 135
485 485 182
660 660 151
680 680 142
680 680 149
558 558 170
597 597 149
27 27 163
552 552 159
669 669 165
704 704 179
358 358 156
608 608 140
78 78 139
728 728 135
477 477 157
819 819 148
58 58 154
401 401 163
364 364 150
741 741 163
376 376 134
521 521 143
366 366 184
829 829 135
58 58 134
783 783 154
464 464 165
854 854 147
264 264 182
846 846 178
68 68 147
448 448 147
453 453 150
580 580 152
167 167 152
717 717 165
403 403 154
708 708 154
211 211 156
842 842 156
279 279 142
572 572 159
71 71 145
913 913 157
285 285 143
313 313 188
488 488 166
966 966 134
418 418 136
961 961 137
704 704 138
719 719 140
126 126 176
507 507 176
77 77 174
855 855 165
274 274 180
760 760 135
392 392 155
606 606 148
335 335 141
577 577 175
566 566 138
616 616 169
88 88 154
863 863 159
744 744 166
961 961 188
76 76 143
82 82 180
108 108 164
200 200 180
122 122 186
846 846 174
769 769 136
985 985 163
301 301 185
635 635 141
320 320 178
949 949 186
599 599 145
916 916 167
899 899 136
910 910 136
545 545 142
614 614 135
387 387 178
446 446 169
314 314 162
457 457 164
939 939 171
958 958 136
692 692 154
741 741 137
189 189 177
312 312 157
280 280 180
580 580 150
464 464 170
657 657 162
633 633 153
986 986 153
94 94 177
257 257 153
245 245 140
293 293 176
181 181 141
848 848 136
31 31 146
197 197 183
680 680 145
732 732 169
643 643 148
810 810 160
309 309 143
368 368 181
348 348 166
634 634 184
39 39 166
712 712 154
124 124 171
811 811 151
164 164 163
407 407 152
129 129 135
647 647 159
258 258 152
979 979 177
745 745 146
788 788 167
422 422 165
858 858 145
206 206 184
659 659 159
16 16 177
576 576 150
181 181 151
834 834 134
820 820 164
972 972 148
553 553 185
804 804 157
358 358 149
571 571 179
986 986 153
988 988 185
260 260 152
805 805 178
719 719 156
811 811 142
737 737 156
831 831 156
284 284 161
740 740 177
498 498 138
656 656 162
347 347 139
892 892 168
466 466 146
511 511 183
7 7 162
742 742 146
469 469 139
599 599 176
267 267 181
688 688 181
283 283 152
630 630 160
573 573 184
895 895 139
592 592 180
916 916 169
395 395 146
788 788 147
142 142 184
482 482 174
531 531 134
657 657 157
527 527 170
994 994 170
450 450 178
691 691 165
240 240 155
533 533 179
353 353 137
737 737 158
250 250 178
636 636 164
180 180 168
387 387 147
580 580 161
748 748 166
31 31 137
808 808 151
8 8 175
268 268 174
80 80 153
951 951 134
274 274 167
692 692 182
110 110 152
167 167 161
181 181 140
476 476 138
86 86 185
242 242 169
931 931 161
960 960 151
690 690 148
903 903 151
484 484 185
555 555 181
127 127 153
660 660 188
261 261 164
325 325 175
467 467 164
920 920 155
411 411 165
911 911 164
453 453 180
914 914 161
421 421 155
456 456 142
282 282 158
504 504 150
460 460 166
641 641 174
672 672 185
865 865 178
617 617 156
850 850 149
138 138 175
498 498 139
322 322 147
416 416 157
354 354 157
414 414 162
815 815 171
827 827 137
24 24 188
485 485 142
577 577 182
848 848 182
585 585 179
912 912 140
