100 20 243877
5 126 238
5 86 170
5 138 209
5 81 169
5 124 202
5 94 243
5 102 183
5 70 236
5 52 171
5 68 204
5 55 248
5 81 192
5 135 216
5 128 185
5 91 237
5 120 163
5 108 224
5 103 213
5 97 199
5 73 168
4303 4303 60
7079 7079 53
7719 7719 54
7869 7869 54
7999 7999 73
1445 1445 67
4522 4522 67
5522 5522 62
6578 6578 58
8672 8672 68
2203 2203 69
4427 4427 67
5302 5302 58
6195 6195 58
6508 6508 60
1315 1315 64
1461 1461 73
2730 2730 57
6033 6033 55
8220 8220 66
1052 1052 54
1142 1142 70
7047 7047 70
7631 7631 54
9002 9002 63
15 15 57
2592 2592 59
5396 5396 64
7684 7684 66
8327 8327 67
1032 1032 55
3595 3595 66
8547 8547 64
8990 8990 64
9860 9860 59
1321 1321 71
2621 2621 61
5640 5640 58
7612 7612 63
9415 9415 55
509 509 62
3989 3989 67
4850 4850 60
9041 9041 53
9346 9346 72
397 397 56
4268 4268 70
6089 6089 58
7552 7552 64
9002 9002 61
4556 4556 75
6096 6096 55
8217 8217 61
8536 8536 64
9295 9295 73
405 405 70
2047 2047 61
3148 3148 65
3785 3785 67
4130 4130 55
2027 2027 60
2312 2312 68
2645 2645 58
5298 5298 64
9595 9595 56
1409 1409 71
2433 2433 67
4276 4276 67
6987 6987 63
7574 7574 74
5301 5301 62
5508 5508 60
5953 5953 68
6109 6109 73
6320 6320 75
7828 7828 70
8472 8472 65
8736 8736 64
8849 8849 70
9192 9192 70
1665 1665 60
2137 2137 58
3304 3304 60
6007 6007 55
7451 7451 70
3160 3160 72
5759 5759 66
6027 6027 58
8623 8623 62
9123 9123 75
1384 1384 64
2112 2112 63
4060 4060 70
4602 4602 69
8256 8256 72
706 706 73
2115 2115 72
2604 2604 73
3256 3256 73
5022 5022 66
