100 20 215377
5 64 221
5 88 190
5 100 237
5 101 248
5 106 197
5 126 184
5 69 241
5 52 155
5 128 187
5 75 235
5 64 238
5 61 213
5 111 224
5 68 190
5 116 209
5 121 215
5 106 240
5 135 194
5 137 176
5 71 175
3334 3334 71
3506 3506 73
5793 5793 64
7222 7222 59
9719 9719 61
1969 1969 57
2175 2175 78
2800 2800 60
3819 3819 61
6440 6440 73
512 512 61
1939 1939 67
4340 4340 58
7811 7811 65
9424 9424 63
1133 1133 77
3192 3192 58
3377 3377 73
5155 5155 66
7797 7797 77
1252 1252 65
3573 3573 75
6730 6730 77
7362 7362 74
8308 8308 68
2510 2510 57
4305 4305 63
5005 5005 69
6805 6805 78
9071 9071 75
3225 3225 73
4971 4971 58
5471 5471 64
9499 9499 61
9597 9597 74
7 7 74
3766 3766 59
6162 6162 57
6568 6568 77
9675 9675 72
531 531 70
3827 3827 58
6531 6531 73
7435 7435 60
8540 8540 65
405 405 59
1734 1734 65
2840 2840 61
4615 4615 64
9338 9338 58
226 226 70
349 349 63
1713 1713 64
4213 4213 75
4259 4259 56
1728 1728 74
3073 3073 67
5542 5542 74
7762 7762 63
7994 7994 72
2984 2984 64
3332 3332 74
3816 3816 66
5764 5764 67
7588 7588 68
40 40 64
2116 2116 69
3274 3274 70
3890 3890 60
8580 8580 76
4199 4199 70
5086 5086 70
6007 6007 62
7890 7890 67
9180 9180 68
163 163 72
3694 3694 78
6483 6483 56
8726 8726 58
9977 9977 71
2542 2542 64
4551 4551 71
7195 7195 71
7978 7978 70
8294 8294 60
212 212 60
1205 1205 68
1322 1322 56
9012 9012 72
9038 9038 71
629 629 61
1862 1862 56
2600 2600 57
3092 3092 74
6153 6153 69
1718 1718 67
2481 2481 56
5585 5585 58
7627 7627 73
9543 9543 64
