2000 20 494223
100 137 192
100 115 173
100 82 165
100 133 244
100 109 222
100 149 205
100 107 173
100 94 230
100 93 199
100 57 168
100 141 234
100 50 201
100 108 160
100 105 160
100 53 227
100 58 197
100 149 191
100 66 216
100 115 205
100 122 202
22 655 3
25 403 3
26 533 3
33 197 2
39 795 2
44 181 3
63 508 2
77 954 3
82 445 3
114 962 3
118 430 2
136 118 3
141 724 3
144 234 2
148 212 2
150 336 2
164 274 2
167 982 3
168 159 3
179 520 3
205 569 3
211 609 3
216 941 3
244 32 2
248 91 2
258 621 3
276 529 2
296 568 3
296 669 3
313 89 2
324 730 3
328 692 3
337 142 3
337 735 3
350 462 2
367 429 3
373 481 3
374 367 3
381 601 3
397 1 3
436 885 3
443 845 2
468 503 3
472 399 2
472 531 2
494 762 3
503 436 3
508 614 3
509 306 3
518 211 2
535 244 3
539 234 3
550 131 2
551 994 2
554 536 3
564 676 3
570 509 2
574 489 3
588 203 3
590 966 3
613 576 3
623 302 3
634 22 3
644 322 2
658 309 2
688 272 3
695 885 2
696 292 2
713 191 3
729 205 3
741 538 2
760 62 3
761 94 2
770 472 2
777 819 3
778 168 3
790 332 3
791 782 2
792 112 3
825 670 3
834 518 2
843 868 2
845 680 2
850 539 3
853 878 3
876 112 2
883 867 2
892 697 3
912 323 3
916 77 3
916 467 3
936 392 2
945 238 2
966 159 2
971 249 2
972 395 3
983 193 2
988 894 3
989 143 3
995 295 3
12 629 3
18 348 2
19 305 3
44 570 3
60 575 3
65 794 3
81 820 3
90 714 2
99 316 3
103 473 2
110 49 3
112 141 3
117 27 3
128 332 3
129 899 2
132 610 2
153 789 3
153 813 3
177 611 3
178 780 3
182 784 3
198 265 2
223 230 3
223 516 2
224 676 3
252 321 3
264 370 3
281 793 3
295 753 2
306 620 3
310 284 3
324 571 2
325 648 2
339 937 2
341 430 3
350 167 2
351 607 3
360 569 2
396 734 2
412 823 2
415 937 3
426 71 2
438 525 3
441 528 3
442 537 3
454 273 2
474 24 3
492 624 3
503 42 3
505 870 2
508 272 3
509 911 2
514 287 3
514 952 3
522 679 2
534 409 2
540 558 3
540 993 3
543 802 3
544 305 3
549 682 2
558 602 2
569 809 2
604 530 3
615 703 3
622 945 2
625 333 2
642 717 3
656 848 3
659 678 2
663 59 2
672 844 3
683 227 3
698 161 3
720 322 2
757 627 2
761 384 3
763 871 2
764 120 3
768 72 2
789 272 2
790 403 3
813 645 2
824 35 3
839 576 2
870 949 3
885 746 3
886 293 3
891 475 3
895 136 2
902 946 3
906 907 2
911 856 3
913 938 3
917 256 3
936 112 2
975 470 3
982 951 2
986 961 3
998 803 3
13 545 3
15 589 2
15 838 2
21 47 2
23 792 3
29 98 2
46 883 3
49 661 2
84 278 2
103 414 2
103 659 3
107 29 2
107 85 3
113 787 3
116 582 3
117 166 2
121 32 2
121 44 2
127 318 3
131 879 2
160 335 3
183 572 2
185 448 3
193 469 3
231 69 3
231 751 3
231 977 3
233 301 3
239 812 3
248 461 2
260 540 3
261 841 2
279 880 3
288 450 2
291 493 3
299 641 2
308 404 3
311 732 3
313 475 3
335 79 3
350 755 2
354 476 2
359 113 2
362 164 3
410 540 3
426 170 3
429 442 3
429 726 3
434 678 2
444 510 3
445 88 2
456 847 3
457 274 3
460 555 2
465 371 2
471 988 3
489 255 2
517 591 2
525 279 2
531 621 3
536 124 3
543 27 3
546 865 3
547 621 2
549 724 3
579 649 2
591 969 2
613 617 3
614 80 3
614 542 3
630 926 2
637 18 2
647 80 3
656 232 3
656 769 3
661 956 3
662 810 2
683 566 2
715 56 2
729 280 2
730 573 2
731 91 3
769 680 2
771 422 2
796 57 3
830 776 3
849 661 2
853 67 3
862 947 2
866 419 3
879 908 3
885 970 3
902 76 2
903 34 2
947 161 3
957 821 3
963 945 2
965 512 2
967 829 2
995 171 2
1 168 3
2 354 3
12 242 3
13 104 2
24 907 3
27 111 2
35 55 3
77 520 3
87 106 3
94 246 2
94 284 3
98 793 3
98 910 3
102 94 2
110 989 3
133 55 3
142 756 3
144 203 3
150 315 3
154 75 3
168 1000 2
170 895 3
216 635 2
218 826 2
220 188 2
225 449 3
227 587 2
235 393 3
265 645 3
284 83 3
296 377 2
302 58 2
305 73 3
308 132 2
313 503 3
317 544 2
332 922 2
350 404 3
354 133 3
355 333 2
357 332 3
386 443 3
391 635 3
413 115 2
418 650 2
418 736 2
440 456 3
440 547 2
455 895 2
484 142 3
492 986 2
496 701 3
514 813 3
518 747 3
519 297 2
526 93 3
546 147 3
546 185 2
559 622 2
562 548 2
569 421 2
574 963 3
608 469 3
617 410 2
622 256 2
682 648 3
682 936 2
699 544 3
718 166 2
719 78 2
721 298 2
722 567 2
741 257 3
742 456 3
754 635 3
761 339 3
765 783 2
771 209 2
786 83 2
793 60 2
796 438 3
799 993 2
819 427 3
849 362 2
857 823 2
859 61 2
859 222 3
861 645 3
861 754 2
863 142 3
866 817 3
872 753 2
873 601 3
878 19 2
904 858 3
924 34 2
930 350 2
935 40 2
946 719 2
972 562 2
8 892 3
11 4 2
21 316 3
40 37 3
61 377 3
61 959 3
67 877 3
80 930 2
81 785 3
97 863 3
100 543 3
105 327 2
111 355 2
112 390 3
112 588 3
116 702 3
119 98 2
137 300 3
148 696 2
166 304 2
172 385 2
178 543 3
184 849 2
187 156 3
193 878 2
195 105 2
199 933 3
223 304 2
226 117 3
227 496 3
228 366 3
241 711 3
248 999 3
276 278 2
276 869 2
286 313 2
298 779 3
313 348 2
328 216 2
329 406 2
332 921 3
335 624 2
339 773 3
360 560 2
389 808 3
394 176 3
416 567 3
418 484 3
419 356 2
428 196 3
432 263 2
432 988 2
454 494 3
459 499 2
460 923 2
501 87 3
514 545 3
525 997 2
534 662 3
548 433 3
550 593 2
560 286 3
563 703 3
578 693 3
584 438 3
585 853 2
592 768 3
595 415 3
601 444 2
602 638 3
631 339 2
636 398 2
639 268 2
646 135 2
646 693 2
650 60 3
654 404 3
655 822 3
659 441 2
697 594 2
719 973 3
731 242 3
739 475 2
742 212 3
755 799 3
764 287 3
764 772 2
767 311 2
786 980 2
807 37 2
814 347 3
838 261 2
895 596 2
903 959 3
912 492 2
914 113 3
926 523 3
941 225 3
960 391 3
969 728 2
8 70 3
12 342 3
16 257 3
27 980 3
32 378 2
38 579 2
42 719 3
58 960 3
61 559 3
65 106 2
77 799 3
117 206 3
122 164 2
125 350 2
129 627 2
148 83 3
149 668 3
155 263 3
188 522 3
204 970 3
215 288 3
215 664 2
230 370 2
230 540 2
238 570 2
260 55 3
301 979 3
304 784 2
313 307 2
327 255 2
333 444 2
334 736 3
340 157 3
346 190 3
369 281 3
373 3 2
378 842 3
398 404 3
405 363 3
410 300 2
423 480 3
440 609 3
441 126 2
447 181 3
451 436 3
459 92 2
471 827 3
480 64 2
502 553 3
521 270 3
526 714 2
530 787 3
531 516 2
536 811 3
543 458 2
544 621 3
559 866 2
583 422 3
587 807 2
594 773 3
600 61 2
613 761 3
621 553 2
628 218 3
668 833 2
687 148 3
691 944 3
712 50 2
739 210 2
747 360 3
758 102 2
758 874 3
767 834 3
785 189 3
797 519 2
833 31 2
845 43 3
846 851 2
852 753 2
858 233 3
861 800 2
868 448 3
874 717 3
875 833 2
878 229 3
886 326 3
902 611 3
905 631 2
919 984 3
926 694 2
928 59 2
937 317 3
944 308 3
948 139 3
951 662 2
961 407 2
987 658 3
987 712 3
991 441 3
993 948 3
11 675 3
24 390 2
33 885 2
42 825 3
45 911 3
47 130 2
59 684 2
73 4 2
83 338 3
86 648 3
97 280 2
100 521 2
106 781 3
121 10 3
123 111 2
152 667 3
155 638 3
166 304 2
166 646 3
169 205 3
174 536 2
176 921 2
181 641 3
187 695 3
191 964 3
198 404 3
227 635 2
233 658 2
243 57 3
245 542 3
246 683 3
249 839 3
273 501 3
274 10 3
298 315 2
325 166 2
349 752 2
359 268 2
366 287 2
372 445 3
377 570 2
390 140 3
398 352 3
399 47 3
423 599 3
433 26 3
441 511 3
443 915 3
448 460 2
450 869 3
452 820 2
457 418 3
462 465 2
474 441 3
478 683 2
497 379 3
500 73 2
536 78 3
551 666 2
564 254 3
584 855 3
603 825 3
623 525 3
626 811 2
629 69 3
631 709 2
636 993 3
643 696 3
644 397 2
650 369 3
654 67 3
656 700 3
670 293 3
699 427 3
715 197 3
758 155 2
771 750 2
782 266 3
793 357 2
824 715 3
827 622 3
831 281 3
833 15 3
843 345 2
845 937 3
851 754 2
879 496 3
880 389 3
885 439 3
891 435 2
901 861 3
909 519 2
920 231 3
944 58 3
961 704 3
964 310 2
972 197 2
974 78 2
977 21 3
996 918 2
1 792 3
3 872 2
51 740 2
52 595 3
65 379 3
66 630 3
70 17 3
71 258 2
77 132 2
83 223 2
88 114 2
107 944 3
116 407 3
125 144 3
133 862 3
152 731 3
161 544 3
189 371 3
190 166 2
202 383 3
222 107 2
225 587 2
245 123 3
256 660 2
258 682 2
260 189 3
267 412 2
269 17 2
282 92 3
306 176 2
311 315 3
324 819 2
329 389 2
339 859 2
365 274 2
365 477 2
370 823 3
371 219 3
373 463 2
378 207 3
383 193 2
383 964 2
389 222 3
420 295 3
422 167 2
440 81 3
440 183 2
453 515 2
468 543 2
490 400 3
493 24 3
498 40 2
527 672 2
532 239 2
535 474 3
561 266 3
562 68 2
563 599 2
582 917 2
591 790 2
596 681 3
607 256 3
627 887 3
631 466 3
654 457 3
655 325 3
662 713 3
669 312 2
676 353 3
681 303 2
685 671 2
692 925 2
699 964 2
702 203 2
732 741 2
736 524 2
749 542 3
760 599 3
764 74 3
768 178 3
769 498 2
773 346 2
789 511 3
795 847 3
817 642 2
833 614 3
834 143 2
840 453 3
846 382 2
866 595 2
886 813 2
888 374 2
894 569 2
912 28 2
916 263 2
922 334 2
943 568 2
944 205 3
957 156 3
986 9 2
7 648 3
8 440 3
21 317 2
26 957 3
38 630 2
40 831 2
46 538 3
56 276 2
59 532 2
79 166 3
86 662 3
146 983 3
148 195 3
178 281 3
181 879 2
183 757 2
191 206 3
192 511 3
207 995 3
229 668 2
254 179 2
259 987 2
282 253 3
285 992 3
315 4 3
334 245 2
335 922 3
348 891 3
350 886 3
384 850 3
394 559 3
401 713 3
446 742 2
452 963 2
459 917 3
461 532 3
464 41 2
476 42 2
524 690 3
527 341 3
528 830 2
534 365 2
540 475 2
548 37 3
549 773 3
562 864 3
582 559 3
590 829 2
591 465 2
599 147 2
601 834 3
617 562 3
629 371 3
631 81 2
633 808 3
636 430 2
639 833 3
647 904 2
658 583 3
661 334 2
677 265 3
677 912 3
703 700 3
719 268 2
728 429 2
730 318 2
740 572 3
741 596 2
744 821 3
747 145 3
754 994 3
755 523 2
760 116 2
761 192 2
776 982 3
790 662 2
797 631 3
809 669 3
819 896 3
821 234 2
822 841 2
826 411 2
831 108 2
859 484 3
859 689 2
863 861 3
879 177 2
908 928 3
912 809 3
932 479 3
952 406 2
955 163 2
958 607 2
959 529 3
966 431 2
968 113 2
975 756 2
987 645 2
988 449 3
994 249 2
4 81 2
8 368 3
18 526 2
26 134 3
32 399 3
40 547 2
43 213 2
49 690 3
50 940 3
58 968 3
70 581 2
75 30 3
75 521 3
84 409 3
89 473 2
98 334 2
104 679 2
113 429 3
114 842 2
116 800 2
125 874 2
138 333 2
144 786 2
147 950 2
171 927 2
184 754 2
185 261 2
185 933 3
222 542 2
226 476 3
232 543 2
248 911 3
257 921 2
261 734 2
271 205 2
288 127 3
289 616 3
294 544 2
309 343 3
309 560 3
356 822 3
357 622 2
369 96 2
371 684 3
372 71 3
373 810 3
382 913 3
384 938 2
406 968 3
447 120 2
456 893 2
474 561 2
478 990 2
481 266 3
505 422 2
508 865 3
530 642 3
531 448 3
551 968 3
557 980 3
565 776 2
581 210 3
588 882 2
601 533 2
615 468 3
624 280 2
626 961 2
628 575 2
633 854 2
656 879 2
671 271 3
680 73 2
681 491 3
681 741 3
683 471 3
692 790 3
692 797 3
733 924 2
747 840 3
758 729 2
779 108 2
788 809 3
790 698 3
804 368 3
811 696 3
814 506 2
822 169 3
828 496 2
830 194 2
834 58 3
847 686 2
858 818 2
881 41 2
890 984 2
915 500 2
928 4 3
931 301 2
936 422 3
955 826 3
980 100 2
35 60 2
38 447 2
40 79 2
45 62 3
45 153 3
47 871 2
49 500 3
56 702 3
61 506 3
78 407 2
86 878 2
99 987 2
103 744 3
104 152 3
122 902 2
133 695 2
135 577 3
136 783 2
140 305 2
202 209 3
207 365 3
209 573 3
216 613 3
230 38 3
247 95 2
274 196 3
284 548 3
290 514 2
292 851 2
294 190 2
296 290 3
310 676 3
314 358 3
317 140 3
318 203 3
343 324 2
355 639 2
364 349 2
403 199 2
455 474 2
461 880 3
480 705 3
484 850 2
494 503 2
500 689 2
508 251 3
524 542 3
541 249 2
557 928 2
570 559 3
571 1 2
571 337 2
580 638 2
592 211 2
610 918 2
615 315 3
615 622 2
616 43 3
620 281 3
623 353 2
634 285 3
642 260 2
646 88 3
653 598 3
670 862 3
672 391 2
676 101 2
692 870 2
693 292 3
695 371 2
699 244 2
707 143 2
715 15 3
737 122 2
748 248 2
765 129 2
808 894 2
809 998 2
816 185 2
820 150 2
823 946 3
834 237 3
838 892 3
842 838 2
864 997 3
872 304 2
893 856 3
904 422 3
910 371 3
915 304 2
930 971 2
932 905 3
937 444 2
939 928 3
942 438 3
942 946 2
965 714 3
973 163 2
986 612 2
992 341 3
10 695 3
14 158 2
26 208 3
28 364 3
30 237 3
30 821 2
34 451 3
34 606 2
47 993 2
63 42 2
64 323 3
69 814 3
80 728 3
81 573 3
86 197 3
89 914 2
98 505 2
113 442 3
115 438 2
119 552 3
164 691 3
192 729 3
197 925 2
204 525 3
205 85 3
230 793 2
239 527 2
240 924 3
253 134 3
255 575 3
266 348 2
278 334 3
307 959 3
313 554 2
313 802 2
331 738 2
365 740 3
377 726 2
382 547 3
382 730 2
388 757 2
409 926 2
418 308 3
420 478 3
422 234 2
441 521 3
454 826 3
455 376 2
480 117 3
489 995 2
490 638 2
496 688 3
509 815 2
518 711 2
527 943 2
528 497 2
528 717 3
529 670 3
547 473 2
561 743 2
565 608 3
569 675 2
607 609 3
612 557 2
615 960 3
617 430 2
622 414 3
640 339 3
645 970 3
680 82 3
694 823 2
719 524 3
719 760 3
726 117 3
726 731 3
735 282 3
735 789 2
739 852 3
756 163 3
768 73 3
788 588 2
832 667 2
847 423 3
848 269 2
867 406 2
868 143 2
907 281 2
909 817 3
910 406 2
928 439 3
933 602 2
936 965 2
942 990 2
945 265 2
945 894 2
950 305 2
960 727 2
960 984 3
992 797 2
1000 720 2
17 954 3
20 187 2
28 360 3
34 489 3
40 138 3
91 556 2
95 637 3
96 484 2
105 130 2
110 359 3
115 508 3
125 91 3
156 329 2
159 943 2
164 443 2
174 836 3
185 690 3
186 99 2
189 645 3
191 331 3
210 517 2
216 60 3
216 163 2
220 407 3
228 101 3
234 451 2
236 397 3
236 466 2
245 780 3
263 460 2
265 622 3
273 916 3
275 640 3
285 975 2
292 502 3
297 170 2
297 240 2
333 431 2
340 103 3
359 122 2
361 380 2
363 835 3
371 466 2
375 374 2
389 802 3
455 114 2
465 474 3
467 860 3
484 67 3
497 347 3
501 650 2
502 700 3
507 571 3
516 505 3
531 555 2
543 868 3
573 618 3
579 542 3
597 341 3
600 525 2
603 414 3
604 527 2
617 579 2
623 682 2
624 933 2
630 856 3
640 171 3
659 948 2
663 337 3
669 984 3
670 901 2
671 754 2
672 913 3
678 276 3
683 333 2
687 27 3
694 193 3
727 960 3
742 789 3
763 266 3
764 810 2
773 303 2
792 892 2
812 275 2
812 454 3
850 591 3
883 660 2
887 979 3
925 490 2
942 258 2
943 649 3
945 793 3
948 911 3
950 340 3
952 75 3
956 637 3
972 169 2
974 559 2
982 80 3
985 875 2
1 759 3
9 256 3
14 237 2
15 130 2
16 366 2
17 711 2
21 378 2
26 505 3
52 179 3
61 297 2
67 599 3
69 754 2
101 735 2
104 679 2
105 944 3
115 43 3
123 588 2
130 953 3
139 66 3
143 493 3
146 798 3
159 236 3
167 31 3
181 642 3
189 121 3
194 872 2
200 98 3
206 687 3
213 899 3
228 119 3
237 294 2
269 336 3
269 399 2
288 121 2
290 955 3
295 303 3
303 497 3
310 60 2
321 517 2
325 411 3
371 518 3
384 942 3
388 480 3
394 223 3
398 922 2
408 303 3
427 170 3
431 129 3
433 647 2
436 185 2
466 153 2
485 715 2
499 9 2
509 385 2
526 511 3
537 528 2
570 30 3
586 480 2
591 624 2
597 61 3
605 473 2
607 299 3
615 882 2
621 811 3
621 934 3
626 953 2
628 322 3
633 534 3
665 940 3
686 42 3
701 402 3
723 627 3
736 897 2
775 599 3
796 750 2
807 773 3
827 388 3
829 936 3
842 921 3
861 91 3
862 887 3
876 840 2
882 540 3
896 583 3
900 486 2
903 134 3
908 148 2
917 928 3
931 681 3
948 752 3
965 285 3
965 319 3
971 779 3
971 785 2
975 485 2
976 989 3
979 43 2
981 814 2
982 350 3
983 29 2
22 402 2
23 566 2
30 743 3
32 31 2
42 3 3
50 750 2
53 653 3
55 727 3
63 337 3
75 3 3
107 241 2
109 224 2
120 485 3
138 41 3
138 479 3
140 720 3
145 297 3
153 887 3
156 138 2
158 952 3
164 791 2
166 581 2
183 416 2
185 730 3
186 841 3
188 312 3
188 676 3
204 975 3
215 961 3
233 733 2
234 981 2
236 158 2
237 737 2
250 835 2
256 216 2
266 122 2
281 687 2
289 121 2
305 177 3
320 395 2
359 518 3
362 675 3
383 564 3
385 64 3
396 121 2
402 962 2
408 346 2
413 998 3
418 137 2
446 357 2
458 689 3
468 480 3
479 665 3
482 816 2
498 951 3
518 243 2
528 20 3
544 995 3
550 587 3
558 669 2
566 719 3
574 525 3
583 375 3
608 745 3
619 199 2
648 630 2
655 603 3
687 380 3
696 85 2
716 931 3
757 366 2
759 490 2
762 105 3
784 638 2
791 31 2
791 341 2
792 556 3
794 503 3
800 145 3
809 596 2
815 628 3
815 648 2
816 993 3
832 289 3
837 50 2
841 264 3
842 576 3
865 805 3
868 50 3
885 450 2
886 249 3
896 143 3
919 675 3
924 629 3
932 181 3
949 73 3
973 262 3
981 685 3
983 172 3
996 285 2
8 98 2
12 659 2
14 61 2
17 412 3
77 297 3
78 584 3
79 823 3
106 631 3
108 848 2
109 650 2
110 960 3
111 86 3
165 521 3
166 679 2
183 208 2
196 241 2
199 51 3
199 370 3
206 693 3
206 814 3
216 393 2
223 550 2
224 956 3
232 798 3
239 761 2
246 111 2
255 639 3
258 187 2
261 473 2
268 9 3
295 716 2
327 714 2
327 735 3
328 712 3
344 678 3
352 703 2
354 944 2
358 905 3
365 1 3
365 123 2
372 446 3
375 95 3
377 75 3
385 575 3
391 988 3
397 261 2
404 184 2
411 766 3
418 134 3
420 366 2
421 811 3
441 280 3
457 86 2
457 784 2
468 452 2
474 59 2
488 724 3
508 363 3
518 699 2
530 425 3
538 717 2
560 49 3
569 860 2
569 969 2
571 131 3
580 489 3
589 801 2
598 242 3
637 45 2
654 768 2
681 65 2
681 421 3
683 778 2
701 671 2
704 86 3
726 527 3
743 835 3
750 510 3
761 798 2
776 344 2
780 239 2
804 640 3
818 379 2
836 606 3
846 469 3
848 203 3
852 14 3
862 850 2
867 862 2
870 699 3
872 680 3
887 604 3
908 819 3
913 898 3
941 923 2
951 868 2
973 363 3
983 254 2
986 848 2
996 55 2
16 675 3
26 548 3
33 125 2
36 558 2
39 194 2
49 269 2
51 623 3
54 838 2
56 767 3
68 603 3
80 411 2
90 61 2
94 657 3
99 226 3
108 956 3
109 374 2
115 921 3
116 925 2
118 392 2
121 5 3
123 961 3
178 494 3
179 8 3
198 967 3
199 562 3
217 375 3
219 418 3
231 105 3
248 63 3
261 417 3
284 816 2
288 773 3
310 37 2
357 788 3
361 185 3
368 672 2
383 344 3
389 525 3
389 976 2
400 66 3
423 791 3
427 352 3
463 667 2
484 716 3
490 539 3
494 472 3
502 161 3
510 860 3
511 47 2
513 549 2
516 18 2
535 896 2
550 500 2
553 447 2
553 561 2
557 646 3
562 929 2
600 455 3
603 513 2
617 271 3
646 39 2
649 994 2
656 903 2
660 194 2
675 433 2
676 757 2
693 686 2
694 479 3
695 322 2
704 894 3
717 996 2
732 321 3
737 746 3
750 909 3
755 599 3
758 638 2
763 924 2
794 531 2
821 229 2
827 156 3
831 399 2
837 232 3
840 706 3
844 234 2
845 17 3
861 863 2
871 191 3
873 43 3
893 497 2
928 195 3
943 465 2
949 447 3
952 488 3
957 340 2
966 885 3
978 453 2
978 966 3
990 816 2
993 921 3
998 729 3
3 375 3
18 17 2
26 940 3
27 66 3
31 328 2
32 982 2
46 266 3
51 945 3
56 405 3
58 815 3
60 58 3
72 847 3
94 245 2
96 346 2
100 287 2
140 795 2
143 699 3
144 92 2
160 234 3
166 164 2
169 84 3
172 208 2
174 740 3
184 583 2
190 832 2
198 882 2
211 67 3
217 710 3
245 743 2
274 792 3
276 612 2
313 860 3
317 481 2
318 906 3
319 434 2
330 240 2
333 195 3
340 404 2
350 435 3
360 297 2
360 399 3
361 587 3
369 619 3
374 792 2
383 327 2
395 712 2
414 203 2
446 709 2
455 785 2
466 395 2
469 410 2
476 719 2
480 860 2
481 231 3
500 607 3
519 515 2
524 378 2
535 105 2
558 257 3
558 490 3
564 581 3
580 408 2
586 433 2
591 520 2
597 267 2
597 482 2
602 706 3
610 106 2
614 380 3
619 663 2
620 790 2
624 229 3
626 644 3
627 453 3
630 447 3
632 998 3
664 721 3
669 572 2
700 181 3
703 894 2
706 481 3
716 157 2
722 583 3
732 529 3
735 128 3
737 336 3
744 776 2
750 631 3
751 367 2
761 392 3
818 652 3
847 493 2
879 619 3
890 545 3
945 408 3
945 765 3
990 493 2
990 529 3
990 786 2
990 859 2
4 102 2
8 596 2
32 220 2
35 221 2
39 228 3
42 141 3
57 988 3
63 729 3
65 762 2
76 148 3
91 927 3
104 274 3
105 37 3
159 607 3
159 805 2
170 531 3
171 156 3
187 126 2
200 21 3
205 35 2
212 373 2
215 708 2
216 377 3
224 222 3
233 23 2
253 235 2
263 532 2
268 410 3
270 852 3
274 230 3
274 405 2
276 186 2
282 65 3
283 912 3
287 929 3
289 992 2
298 607 3
303 912 2
306 544 3
307 468 3
310 518 3
318 728 3
321 814 2
337 6 2
340 158 3
369 641 2
385 81 2
388 165 3
389 253 2
396 275 3
406 629 2
408 170 2
424 859 3
431 708 2
433 378 2
441 53 2
471 165 2
489 438 3
495 103 2
497 798 2
513 815 3
515 229 2
519 245 3
519 338 3
522 769 3
535 745 2
538 265 3
579 71 2
590 114 3
592 399 3
600 423 3
608 828 2
645 513 2
678 561 3
685 365 3
715 284 3
739 423 2
748 919 2
760 649 3
776 2 3
785 49 3
801 410 3
816 925 2
822 903 3
838 931 2
841 352 2
850 808 2
858 861 3
867 886 2
877 315 2
892 71 2
910 224 2
955 20 3
959 806 2
960 255 2
973 516 3
973 882 2
975 491 2
997 461 3
997 989 3
3 183 2
31 930 3
42 494 3
43 483 3
57 409 3
66 967 3
72 757 3
94 791 2
128 133 3
128 488 3
140 317 3
145 253 2
149 929 2
156 159 3
170 295 2
172 517 2
188 244 2
196 189 2
201 801 3
204 364 3
206 268 2
209 522 3
257 876 2
263 230 3
283 515 2
289 350 3
295 566 2
296 982 2
300 43 3
309 151 3
323 158 2
337 441 2
350 326 2
363 535 2
381 200 3
388 574 2
388 950 3
389 405 2
413 598 3
420 785 3
431 142 3
435 761 3
441 479 3
442 874 2
444 280 2
457 381 3
484 945 2
484 975 3
515 176 2
554 923 3
562 322 3
573 930 3
583 425 3
599 342 3
618 266 2
619 506 3
622 44 3
641 856 3
644 839 3
658 942 2
659 83 3
668 87 3
680 613 3
683 768 3
691 978 3
709 38 2
728 705 2
730 128 3
744 356 3
747 934 3
756 890 3
761 348 3
777 871 3
779 176 3
784 301 2
815 176 3
815 672 3
817 194 2
822 390 3
824 830 3
841 869 2
851 372 2
855 373 3
870 691 2
871 206 2
874 110 3
876 609 3
882 494 2
896 178 2
897 114 3
902 915 3
904 431 2
907 652 3
916 729 3
916 869 3
918 168 3
947 564 3
970 683 2
971 418 3
996 271 3
