100 20 5349333
5 67 178
5 142 176
5 112 194
5 100 182
5 78 188
5 113 160
5 124 207
5 77 202
5 83 233
5 61 156
5 87 220
5 133 188
5 136 160
5 62 200
5 131 190
5 50 223
5 95 173
5 109 195
5 100 177
5 69 153
413 100043 65
485 100015 64
539 100084 64
571 100046 52
914 100027 58
104 100081 57
556 100081 56
653 100019 47
915 100028 63
942 100081 56
184 100088 58
325 100050 60
436 100067 61
578 100079 47
839 100069 59
51 100089 65
170 100067 50
244 100002 50
486 100040 60
887 100094 59
41 100095 59
111 100068 49
585 100077 60
683 100060 50
979 100056 47
207 100055 57
285 100078 55
526 100047 47
604 100057 62
692 100044 57
6 100007 65
104 100012 57
223 100049 54
603 100071 53
976 100024 47
58 100083 57
241 100095 58
684 100008 62
713 100058 54
867 100001 57
68 100082 62
248 100054 49
356 100009 54
646 100062 57
912 100032 47
17 100080 55
206 100041 63
477 100063 49
529 100025 51
884 100073 47
18 100037 60
163 100095 54
705 100033 62
758 100047 56
795 100002 51
67 100095 60
103 100040 52
184 100037 50
550 100005 59
550 100090 55
138 100029 50
544 100067 50
597 100031 61
610 100031 57
643 100028 57
177 100067 65
390 100090 61
503 100034 57
747 100000 64
881 100085 54
3 100071 49
102 100082 63
272 100021 61
363 100089 61
673 100032 53
230 100099 64
439 100059 60
629 100005 57
869 100038 61
979 100059 58
85 100057 55
86 100019 47
232 100015 57
662 100030 59
764 100081 57
54 100078 57
98 100028 52
356 100027 52
626 100032 65
747 100069 64
96 100035 47
471 100096 57
729 100035 56
769 100050 47
837 100080 61
471 100073 63
757 100080 49
797 100088 63
899 100044 56
909 100003 47
