100 20 4556611
5 129 152
5 135 239
5 55 219
5 101 244
5 105 205
5 117 192
5 149 242
5 59 158
5 127 245
5 144 190
5 86 242
5 79 186
5 127 235
5 85 222
5 120 216
5 111 244
5 111 208
5 63 250
5 136 161
5 74 238
229 100045 75
476 100087 62
566 100029 74
671 100075 61
702 100035 62
103 100030 74
211 100030 72
263 100015 57
414 100019 58
889 100096 66
51 100053 67
366 100032 66
407 100052 55
561 100034 75
594 100100 71
108 100086 68
164 100002 61
251 100081 70
326 100085 66
530 100000 60
239 100050 72
358 100095 61
742 100011 56
909 100037 61
981 100039 58
154 100039 60
277 100034 59
537 100023 60
612 100037 65
743 100006 56
36 100018 66
367 100096 57
415 100043 75
717 100089 61
851 100050 68
48 100041 75
520 100048 76
537 100033 75
590 100078 68
938 100071 70
134 100004 61
387 100089 63
794 100029 68
904 100063 54
927 100094 61
94 100032 64
98 100002 74
101 100087 72
305 100078 54
513 100071 76
179 100080 75
558 100060 69
663 100014 67
743 100015 64
868 100083 75
179 100043 70
375 100061 58
555 100061 75
901 100036 57
923 100052 57
48 100001 64
546 100001 68
628 100067 59
746 100084 58
770 100002 63
43 100066 66
684 100081 59
749 100007 61
770 100040 58
877 100009 74
27 100034 59
302 100065 66
348 100009 61
384 100050 67
903 100000 69
485 100019 70
485 100051 73
611 100061 63
620 100059 66
961 100081 72
98 100034 61
338 100083 55
477 100005 56
810 100040 61
897 100007 75
261 100030 72
419 100088 55
559 100022 57
827 100012 74
842 100085 59
151 100079 60
348 100008 74
563 100100 54
781 100040 75
992 100025 60
114 100073 72
477 100080 59
493 100030 67
837 100040 61
969 100089 55
