200 20 52067
10 101 191
10 71 155
10 104 228
10 84 164
10 132 226
10 111 179
10 70 161
10 103 191
10 50 184
10 96 234
10 128 194
10 76 238
10 64 170
10 112 206
10 66 207
10 85 179
10 140 204
10 121 237
10 116 233
10 125 217
47 799 25
75 862 28
138 146 32
229 806 27
389 816 28
554 763 24
589 716 31
870 963 33
928 530 29
958 349 29
27 637 31
246 301 29
345 109 31
416 719 26
472 912 30
558 322 33
586 281 27
864 987 29
945 749 33
947 291 27
82 348 26
250 28 25
299 167 33
302 610 25
339 325 33
475 924 25
479 557 26
770 199 31
842 25 31
998 158 29
129 804 33
257 895 28
296 108 30
366 409 26
541 546 28
558 471 33
597 644 26
711 176 27
762 232 26
858 259 31
131 863 33
294 394 31
520 262 33
541 808 29
653 516 29
793 757 30
848 73 27
891 241 27
964 718 29
998 621 32
21 759 26
100 82 26
153 866 24
168 655 27
176 623 32
276 542 26
581 902 28
702 30 33
721 298 28
777 302 29
107 124 31
247 605 32
261 423 29
356 95 33
434 828 27
539 659 30
608 188 33
677 782 25
706 55 27
846 470 25
42 515 33
133 489 26
133 918 31
157 330 33
203 326 26
267 233 28
667 673 25
913 470 25
922 84 33
950 982 31
16 110 24
281 503 26
321 976 32
684 579 27
746 464 27
762 343 24
816 15 31
917 491 25
925 106 32
961 152 25
155 210 27
164 808 28
330 372 30
356 68 25
390 854 30
431 496 31
568 393 26
613 282 29
733 203 32
968 302 32
216 57 25
257 457 24
379 163 33
582 835 29
591 979 29
731 64 30
836 978 24
950 910 27
965 363 33
998 827 32
62 889 32
216 416 26
302 356 27
556 593 33
601 501 28
605 686 28
642 592 33
649 962 33
856 166 29
971 774 30
33 737 29
122 151 28
188 31 29
191 249 26
229 411 27
519 569 27
591 894 29
873 235 33
910 359 24
927 610 31
65 690 29
194 793 29
205 656 27
287 411 28
291 178 32
322 906 32
439 307 25
466 835 28
761 154 26
978 901 25
377 132 32
554 92 26
602 447 30
624 314 33
640 277 31
737 93 30
864 326 31
873 540 32
959 353 30
980 673 32
31 926 27
166 391 32
323 275 27
365 818 33
642 721 33
645 557 25
667 282 33
670 30 33
817 897 30
994 95 25
362 476 25
391 654 24
396 970 32
401 810 25
443 219 26
540 879 26
633 750 25
898 765 30
907 743 24
917 203 26
42 677 32
62 953 30
64 394 33
78 819 32
136 738 30
266 115 26
534 634 28
720 58 28
733 825 28
816 416 26
88 493 29
142 92 24
169 27 25
541 594 31
637 775 32
695 919 25
710 79 32
752 1000 30
898 546 32
994 672 24
89 937 32
108 459 30
508 892 30
551 451 26
639 377 30
687 964 33
727 628 26
831 592 30
840 463 27
882 959 29
