1000 20 231911
50 68 236
50 126 210
50 136 228
50 99 190
50 142 216
50 54 229
50 85 157
50 149 215
50 81 237
50 148 171
50 115 192
50 142 239
50 70 166
50 146 207
50 61 249
50 92 178
50 70 178
50 147 246
50 141 153
50 126 177
5 311 7
69 252 6
103 54 6
120 903 7
129 847 7
130 575 5
159 200 6
164 192 6
165 432 7
173 241 7
176 164 7
217 79 6
219 331 5
226 815 6
262 913 5
274 728 6
292 129 7
321 712 7
328 517 7
330 627 6
332 716 7
338 828 6
346 311 5
414 725 5
522 865 5
525 875 5
531 808 6
533 386 6
546 811 5
580 344 6
609 11 7
612 802 5
620 44 6
653 743 7
654 435 6
666 489 6
667 261 5
667 762 6
676 40 7
728 724 6
737 521 6
752 511 7
787 841 5
797 313 6
868 400 7
871 686 7
878 150 7
885 131 7
922 226 7
942 209 6
35 408 5
73 586 6
76 211 5
87 901 5
117 585 5
118 327 5
119 462 7
129 924 6
131 567 5
153 719 6
169 65 5
185 936 5
202 670 7
216 458 6
224 657 7
241 297 7
246 370 5
247 79 6
258 81 6
283 982 5
308 520 7
313 285 6
402 319 7
421 294 6
453 131 6
462 754 7
471 306 5
526 724 7
543 544 6
558 713 7
563 470 7
604 851 7
686 84 5
708 76 6
732 656 6
739 851 6
758 955 6
766 924 5
777 594 5
778 395 6
782 939 6
837 93 6
911 197 6
913 702 6
916 113 6
937 528 5
944 311 6
950 134 5
960 534 7
973 681 6
6 441 5
23 291 6
51 568 7
89 805 6
158 689 6
174 600 5
185 183 5
240 989 6
258 826 6
259 35 5
269 450 7
271 655 7
276 535 6
331 109 6
377 960 6
387 588 6
408 686 6
427 154 5
439 217 6
439 716 5
471 164 6
475 875 6
492 77 7
503 759 6
524 267 6
550 522 6
560 584 5
624 579 5
628 128 5
629 984 6
630 737 5
657 156 6
700 587 6
720 879 5
737 653 7
749 116 6
776 61 7
787 420 6
790 779 6
824 576 6
829 94 5
837 933 6
844 399 6
859 768 6
886 887 6
966 524 6
966 828 5
981 441 6
991 619 5
996 366 5
8 77 6
15 504 7
21 59 7
35 588 5
47 759 5
68 294 6
71 747 7
105 458 5
130 464 6
139 138 5
146 884 7
150 334 7
177 767 5
190 636 5
199 413 6
222 483 6
276 475 6
296 618 6
319 189 6
327 260 6
343 316 6
393 872 7
436 5 6
439 615 7
453 193 6
470 191 6
471 625 6
475 632 6
486 28 5
489 162 6
555 521 7
560 208 5
598 336 6
603 469 7
613 760 5
644 633 6
653 267 7
692 81 5
692 110 7
706 118 6
711 230 7
726 705 6
805 391 6
837 896 6
873 368 5
902 906 6
923 582 6
957 60 7
975 11 7
993 164 5
74 807 6
129 163 7
133 391 6
198 862 5
210 952 6
212 367 7
219 137 6
225 568 5
251 188 5
277 223 6
288 506 7
318 619 6
334 704 5
360 107 7
370 911 7
372 74 5
398 438 6
405 193 6
414 184 7
417 436 7
454 792 5
459 353 6
466 64 5
484 72 6
487 126 6
512 998 6
531 874 6
545 782 6
557 535 6
569 218 5
592 860 5
631 177 7
645 349 6
705 553 5
716 676 5
718 98 6
722 911 7
753 972 6
760 798 7
779 518 5
822 588 7
835 327 5
868 90 7
877 400 6
885 920 6
900 230 6
914 996 6
964 394 6
989 887 6
994 983 7
59 571 6
68 891 7
79 515 5
84 784 5
101 431 7
109 262 5
121 913 6
136 482 5
159 721 7
162 374 7
170 557 6
198 437 5
202 235 5
221 18 5
274 508 6
292 730 5
315 458 5
340 368 5
343 237 7
371 880 6
386 795 5
403 769 6
437 122 6
469 936 6
476 8 7
490 584 5
524 82 5
532 988 7
582 279 6
596 92 6
611 403 5
615 491 5
638 31 5
641 448 6
647 670 7
668 272 5
668 724 7
670 808 6
678 871 5
716 36 6
782 230 7
797 554 5
821 88 7
822 996 6
871 718 6
877 158 5
911 452 6
926 240 7
928 846 6
938 64 6
1 808 7
25 319 5
60 800 7
82 725 7
94 596 6
100 869 6
138 718 6
183 721 7
196 672 7
202 612 6
208 351 7
232 789 6
243 655 6
288 111 5
300 99 6
316 832 5
379 243 6
395 385 6
405 563 7
421 359 5
431 76 5
439 546 6
463 937 5
474 786 7
479 6 6
528 798 6
543 545 5
548 106 5
559 37 5
559 196 5
597 701 6
611 640 7
617 328 7
623 43 6
638 169 6
642 908 5
646 172 6
690 880 6
712 927 6
738 44 6
743 634 6
802 375 5
833 424 7
837 943 7
873 7 5
919 94 5
931 588 6
934 209 7
969 76 5
984 822 6
16 274 6
23 720 6
55 397 6
57 576 5
119 578 7
150 164 6
170 173 6
179 598 6
182 843 6
200 545 6
206 991 6
226 862 6
249 823 6
284 754 7
286 179 7
288 30 5
310 820 5
311 214 6
315 647 6
320 129 5
326 827 5
347 793 7
356 748 5
419 661 5
457 26 7
480 403 6
503 692 5
532 700 6
569 468 7
590 592 5
634 612 6
663 972 6
708 257 6
736 57 5
737 19 6
744 44 5
843 111 6
875 521 6
885 690 7
895 95 7
900 671 6
917 497 5
918 971 6
934 894 5
935 570 5
937 27 6
949 204 5
969 266 7
993 396 6
995 261 7
45 291 5
90 466 5
94 675 7
120 925 5
125 220 5
127 852 6
134 131 6
173 223 5
190 256 5
193 99 6
201 430 5
226 540 5
231 173 5
258 349 7
280 480 6
306 989 5
311 955 7
329 885 7
331 320 6
343 625 6
362 583 6
370 742 6
413 657 5
430 360 7
438 908 5
450 360 5
464 234 5
487 857 5
492 17 6
521 605 7
526 237 6
561 305 7
577 769 7
603 368 6
610 751 6
645 543 6
737 422 5
740 961 6
786 331 7
808 627 5
820 115 7
866 339 5
885 816 5
917 976 6
922 689 6
925 809 6
945 267 7
947 636 5
958 214 5
988 683 6
3 737 6
15 238 6
18 136 6
32 739 6
33 198 5
38 346 6
45 470 5
70 479 5
91 216 5
103 859 6
207 273 5
223 549 6
250 55 6
273 68 7
304 346 7
308 61 6
360 240 7
390 445 6
422 387 6
425 90 7
447 293 5
474 978 7
487 933 7
492 344 7
499 460 7
499 837 6
527 638 5
532 361 7
547 223 6
550 61 5
605 561 7
615 200 6
621 153 6
630 295 5
632 153 5
703 990 5
731 258 5
753 683 5
759 376 6
811 829 7
813 168 7
815 558 6
846 251 7
859 939 7
876 378 6
928 897 5
976 658 5
987 656 6
989 749 6
991 886 7
18 568 7
68 952 6
121 201 7
141 957 7
169 109 6
173 100 5
205 695 7
231 47 7
243 852 7
331 616 5
334 93 5
344 451 7
349 627 6
365 330 6
382 27 5
415 662 6
442 717 6
476 939 6
500 173 6
515 192 6
527 963 7
528 798 7
532 936 5
543 200 7
548 733 6
563 699 6
612 471 5
618 753 6
622 990 7
625 407 5
650 621 6
664 276 5
675 762 6
694 368 7
702 734 6
772 175 7
776 179 5
778 461 5
784 837 7
790 361 6
793 653 6
806 321 7
840 508 7
855 62 5
886 429 5
896 260 5
897 463 7
921 480 7
948 157 5
993 212 5
8 418 5
26 619 5
60 237 6
101 408 6
115 489 7
118 884 6
119 293 5
124 56 6
143 290 6
144 76 7
171 248 6
186 306 5
239 10 6
246 233 6
297 504 7
327 578 6
370 842 7
380 60 5
390 933 6
405 850 7
422 93 5
426 271 6
457 60 7
466 468 7
472 573 6
494 302 7
529 237 6
541 686 6
574 749 5
603 960 7
622 893 6
637 794 7
638 473 6
675 178 5
689 662 5
695 695 6
755 515 6
769 83 7
790 546 5
823 128 6
824 584 6
848 61 5
853 515 6
888 634 7
899 43 7
902 183 6
973 806 7
980 129 6
990 364 6
996 31 7
5 971 6
19 205 6
52 214 5
82 157 7
84 111 5
102 71 5
106 374 6
108 817 6
115 173 5
165 758 7
167 948 7
185 400 7
188 754 5
196 697 6
224 430 6
229 385 5
231 387 6
242 926 5
282 185 5
283 991 6
332 906 6
341 132 6
344 217 7
363 630 7
379 97 6
410 692 7
413 829 5
419 397 6
431 954 6
490 349 7
509 756 6
515 869 6
524 540 7
590 494 5
637 6 5
656 782 7
709 607 6
798 338 5
805 968 5
814 162 6
841 790 6
845 705 6
850 232 5
896 848 5
924 249 6
932 422 5
932 633 6
957 170 6
989 152 6
994 745 5
25 296 6
32 378 6
42 152 7
93 593 6
104 442 7
111 278 5
120 927 7
129 785 7
130 817 5
160 837 7
188 356 6
188 493 6
213 913 7
229 733 6
282 309 5
365 619 5
398 945 6
406 327 6
413 909 5
450 317 5
470 150 6
483 667 5
496 110 5
503 617 7
512 10 6
518 920 5
520 381 6
526 228 6
547 569 5
563 495 7
611 386 7
618 317 5
686 782 6
693 657 5
754 605 6
768 881 5
794 724 6
803 500 7
814 969 7
815 441 7
817 949 7
902 447 6
909 570 6
912 551 6
918 815 5
934 858 7
980 589 6
983 781 7
988 879 6
996 269 5
21 879 5
41 687 7
55 192 7
84 31 6
126 880 7
154 407 6
176 599 5
218 779 5
260 947 7
261 955 7
289 466 7
323 10 5
328 517 7
331 931 5
345 541 5
348 922 5
355 413 6
398 40 7
462 549 7
496 741 6
519 740 6
524 427 5
525 727 6
542 880 6
549 481 6
582 167 6
591 796 6
607 865 5
620 460 7
623 940 6
636 867 6
637 504 5
668 333 7
681 106 5
711 663 6
716 293 5
730 304 5
755 346 5
784 782 7
798 689 5
812 29 6
823 318 6
824 699 6
825 827 6
841 354 6
853 591 5
908 542 5
919 761 6
932 515 7
999 744 6
6 315 5
9 626 6
11 255 6
23 763 7
47 611 6
54 314 5
60 255 6
63 754 6
106 761 6
107 85 6
108 415 6
130 657 7
194 536 6
195 210 6
214 375 6
219 620 6
231 510 7
235 677 6
249 801 6
277 615 6
365 361 5
391 237 7
403 515 6
412 828 6
432 702 6
451 206 5
476 644 7
540 942 5
583 422 6
587 54 6
614 285 6
616 28 6
618 142 5
639 885 7
653 834 5
655 761 6
716 132 7
769 173 5
769 197 6
773 842 7
837 431 6
841 930 7
856 978 5
869 537 5
912 414 6
913 543 5
921 316 6
937 371 6
953 246 5
973 553 6
6 544 6
25 702 7
69 287 6
125 507 7
163 512 5
166 885 6
175 798 6
198 639 7
243 422 6
276 732 7
278 301 5
281 125 6
300 33 7
312 803 7
314 208 6
354 661 5
358 892 7
371 57 5
373 995 6
389 159 5
435 728 7
447 58 5
452 934 5
453 423 7
459 819 7
494 966 6
497 826 7
522 553 6
558 565 5
560 348 7
594 81 6
619 21 7
635 290 7
688 522 5
696 258 7
697 334 6
699 891 6
707 916 6
724 184 6
743 820 6
771 667 6
772 409 5
783 124 7
800 549 5
812 35 5
819 704 5
824 770 5
855 573 6
876 351 5
959 849 6
36 867 5
44 267 5
120 102 6
120 870 5
126 480 7
126 699 7
160 266 6
185 994 6
203 162 5
210 861 5
287 290 5
306 863 6
338 381 5
359 948 6
424 410 6
433 779 5
436 427 6
475 909 6
513 218 6
519 332 5
519 394 6
521 51 7
521 206 6
526 469 7
531 665 6
544 595 7
548 448 6
567 994 6
595 118 6
611 694 6
656 209 6
661 431 5
676 789 5
686 467 5
698 303 5
703 469 5
712 570 5
715 734 6
790 567 7
827 201 7
880 150 6
919 292 5
928 176 6
932 667 6
949 296 6
968 228 7
985 498 6
990 256 6
997 865 7
1000 6 6
52 781 5
104 812 5
109 382 6
114 616 6
145 77 6
156 514 7
170 916 5
204 547 6
219 902 6
251 24 7
252 535 7
294 711 6
299 762 6
301 550 5
355 903 5
375 51 5
404 147 6
432 291 7
446 624 7
472 659 5
495 379 5
514 405 6
516 278 6
516 599 6
517 978 5
547 738 5
548 219 7
558 489 7
574 152 5
580 696 6
591 125 6
609 822 7
618 832 6
647 13 5
661 701 6
687 395 5
731 993 7
775 672 7
784 165 6
857 794 5
876 477 6
876 850 6
890 106 7
908 719 5
944 130 7
966 428 6
972 687 5
978 786 5
984 90 6
993 345 5
6 919 6
24 619 5
35 187 5
37 41 7
48 913 5
51 27 5
76 980 7
121 872 5
150 942 5
174 968 6
175 340 5
192 732 5
209 689 5
218 162 6
283 601 6
300 100 7
306 105 5
326 816 6
346 312 6
354 182 7
372 932 5
386 882 6
387 515 6
457 745 5
473 584 6
503 257 6
509 389 5
544 957 6
555 472 6
583 611 5
596 969 6
604 675 5
654 340 7
721 816 6
738 269 5
752 905 5
761 268 7
789 777 7
808 286 6
835 562 6
851 421 6
869 121 6
881 398 6
897 601 6
900 729 5
923 379 7
937 151 5
945 942 7
956 591 5
961 306 6
