200 20 533826
10 55 205
10 149 150
10 58 178
10 67 183
10 65 211
10 63 199
10 125 228
10 64 247
10 129 245
10 75 244
10 88 211
10 141 214
10 104 182
10 98 161
10 113 183
10 141 193
10 133 242
10 107 167
10 97 204
10 76 192
665 3008 30
2093 7135 33
2875 8389 28
4457 9398 31
4594 6942 24
4999 3767 34
5377 6671 33
7494 4459 30
8261 9091 33
9734 1580 26
1695 3911 26
2414 355 33
4390 9859 32
5266 6317 25
6227 6542 29
6338 5792 30
6389 7423 27
7576 5878 26
7685 8664 27
9574 3377 25
1433 9503 27
2258 6545 33
3522 7514 25
3697 9285 33
5212 6590 26
5215 6255 27
5520 2003 31
7323 9088 25
8033 4055 34
8480 7140 28
512 3159 28
546 9145 28
3221 4033 31
5963 4983 30
6300 5633 27
6506 8010 33
7286 1529 27
7540 9885 34
7551 8667 28
8270 4477 25
126 5046 31
1952 2346 30
2114 3795 31
5115 5632 29
5314 2055 25
5441 8107 25
6088 9519 31
8149 2306 30
9809 1385 25
9975 3305 27
645 8603 34
721 136 31
736 8320 28
2633 1346 25
3844 4721 25
4776 3680 29
4820 8240 33
5363 4550 32
6755 3688 25
7137 3004 34
579 9991 32
1051 4724 27
1734 4575 27
1949 6837 31
4254 913 26
5016 2981 31
5080 5519 30
5395 1769 25
7791 26 32
9182 5915 29
422 6192 32
477 9467 29
985 2627 33
2120 6913 28
4428 674 29
4566 6908 29
6520 7931 32
6892 968 32
7215 6872 34
9931 2685 27
800 3212 31
2353 1598 28
2624 9860 33
4382 8135 24
5352 2059 29
5371 5386 34
5592 7999 29
5843 9702 24
7075 1772 31
7378 9205 32
2462 110 34
2964 6491 31
3436 4245 27
6274 6155 28
6391 3958 26
7621 7671 31
7629 5631 27
8947 7606 28
9774 8132 26
9883 4729 28
330 5716 29
3394 2601 33
3483 8227 30
3492 4210 34
4263 3065 26
5078 8131 32
6293 1139 28
6728 6813 28
9506 4868 31
9667 4261 30
323 7283 27
1734 7422 31
1803 8709 28
5347 1249 31
5811 8435 32
7912 1102 31
7945 5325 24
8198 9458 32
9325 8420 26
9498 9289 33
696 8105 33
1082 9023 32
1164 6651 31
3132 8518 27
4717 9143 29
4934 1848 31
5279 6828 31
6095 1144 30
6198 7718 32
9300 172 34
96 11 33
672 4290 25
2424 218 27
2522 7590 33
3900 857 27
5482 161 30
5703 2554 34
6408 1072 25
8904 3412 28
9297 7451 25
591 2408 32
652 9773 25
1447 9138 32
3273 3433 27
4211 744 28
4728 5910 29
5700 7578 31
5763 9592 33
8419 7011 32
9866 4281 30
901 6786 33
1488 1777 30
1504 1131 34
2134 5023 26
4626 4035 26
4635 2593 29
6076 3527 32
6196 8470 26
8146 2050 34
9928 6265 31
816 7968 28
1147 5812 29
2095 1228 29
2527 852 28
3294 7303 29
4221 9042 26
8148 514 28
8562 50 34
8663 5381 28
8936 7140 24
1185 3195 30
2387 8825 25
4193 6901 32
5985 4029 33
6202 9470 26
6309 8446 26
6393 9142 24
9074 8478 33
9651 8815 32
9766 8032 27
174 7964 34
613 7371 32
1565 9764 25
1603 7182 33
1658 895 25
4102 1484 33
5177 9471 30
6139 1241 34
6890 6727 34
8533 4924 30
462 1864 25
690 1005 34
1250 531 25
1892 763 32
3001 3093 28
4099 6954 33
5399 8215 32
7337 2641 33
9228 5942 31
9421 533 30
