2000 20 4523471
100 100 195
100 98 188
100 62 199
100 139 212
100 100 173
100 147 228
100 146 220
100 149 177
100 78 162
100 124 172
100 139 182
100 100 179
100 96 150
100 60 162
100 69 190
100 81 166
100 90 228
100 69 218
100 87 178
100 143 178
450 5847 3
477 269 2
506 6279 3
546 5989 3
797 5294 2
994 5191 3
999 3834 3
1316 8787 3
1342 7429 2
1375 4743 3
1399 2171 2
1438 6583 2
1453 5378 3
1468 6994 2
1574 8145 3
1590 8245 2
1636 1369 2
1810 1579 3
1819 5565 3
1942 365 3
2031 83 3
2212 435 3
2372 8680 2
2402 2619 3
2410 7005 2
2749 9085 2
2778 4757 3
2804 2907 2
2873 6825 3
3095 6901 3
3116 9065 3
3173 1518 3
3242 3820 3
3359 3684 3
3519 413 3
3562 5262 3
3708 5660 2
3771 348 2
3815 2523 3
3991 5836 3
4050 2634 3
4132 4860 2
4180 758 2
4223 4899 2
4254 8979 3
4301 4968 3
4432 942 3
4479 4635 3
4657 3572 3
4747 1258 3
4763 5128 3
4773 3948 3
4825 2823 3
4916 334 3
5020 8103 3
5236 9674 3
5284 2056 3
5315 8434 3
5315 9173 3
5448 6247 3
5517 8937 2
5819 7994 3
5822 5095 3
5833 9020 3
6155 5229 3
6257 5619 3
6339 6604 3
6476 3887 3
6585 8693 3
6631 7755 2
6689 9794 3
6768 6461 3
6979 5275 2
6996 1137 3
7003 2172 3
7084 1773 3
7105 4160 2
7244 5258 2
7316 3245 3
7324 6765 3
7355 4905 3
7435 3498 3
7493 708 3
7520 5716 3
7872 7876 3
8010 3607 2
8115 2445 2
8140 9991 3
8156 5271 3
8478 4943 3
8498 9017 3
8501 5390 3
8743 791 2
9153 2066 3
9219 5843 2
9244 4202 3
9309 4684 3
9569 8618 2
9737 5357 2
9866 5165 3
2 7181 3
52 9293 3
119 1673 3
147 484 3
523 7111 3
620 6472 3
622 8055 3
733 9521 3
772 1728 3
1013 420 3
1097 9050 3
1195 2963 3
1200 4038 3
1318 3392 2
1361 7216 3
1380 194 2
1443 5266 2
1517 3965 2
1612 4699 3
1636 6537 3
1713 7444 3
1850 6328 3
1878 4757 3
1981 8555 3
2024 5755 2
2198 9859 2
2236 2490 3
2338 729 2
2496 7558 2
2665 7770 3
3214 8455 3
3229 5821 3
3239 7643 3
3313 8245 3
3430 2262 3
3464 1190 3
3498 5049 2
3527 2607 3
3622 1795 2
3665 4191 3
3686 1073 3
3754 153 3
3907 3912 3
3983 9084 3
4013 3903 3
4109 7166 3
4148 2869 2
4202 5867 3
4295 2910 2
4317 8385 3
4420 5765 3
4435 4577 3
4454 8372 3
4514 4166 3
4541 5298 3
4579 3604 2
4611 9570 2
4813 9167 3
4839 6581 3
4951 5799 3
4966 918 3
5304 4593 2
5878 5000 3
6072 4493 3
6176 2710 3
6466 6028 2
6641 1795 3
6684 8793 3
6736 4809 3
6768 4283 2
6855 3643 3
6899 6609 3
6907 4130 2
7068 2820 3
7703 7518 2
7715 4272 3
7875 4434 3
8110 8441 3
8244 4851 3
8292 3370 3
8363 6943 2
8433 9571 3
8455 1946 3
8492 2825 2
8497 741 2
8567 6069 3
8671 4473 2
8771 3021 3
8886 5017 2
8902 8109 3
9131 966 3
9161 6286 3
9198 9052 3
9359 8774 3
9500 2697 3
9519 836 2
9592 6444 2
9838 7569 3
9903 8325 3
9948 2825 3
99 678 3
106 6841 3
264 1442 3
443 3556 3
585 7242 2
906 1214 3
1080 1594 3
1089 7059 3
1192 4785 3
1428 7870 3
1441 236 2
1513 3717 3
1571 9529 2
1862 1083 3
1923 7744 2
1946 1045 3
1952 127 3
1998 8267 3
2003 781 3
2114 5755 3
2189 92 2
2206 8132 2
2322 771 3
2398 1257 3
2591 4139 3
2614 1500 2
2800 3582 3
2875 2124 3
2879 8249 3
2912 284 2
3023 1442 2
3045 5684 2
3166 4429 3
3216 8830 3
3237 3179 3
3335 2514 2
3338 5256 3
3567 8495 3
3699 9096 3
3907 7554 3
3924 4588 3
3967 304 2
3988 9236 3
4184 9153 3
4357 7510 3
4393 4445 3
4534 329 3
4630 3394 3
4661 1001 3
4663 7563 3
4824 8115 3
4831 7100 2
4909 5039 3
5082 8141 3
5452 7588 2
5648 2042 3
5655 1107 3
5688 5343 3
5801 6401 3
5846 3225 2
5894 4571 3
5912 4200 3
6013 132 3
6050 4886 3
6107 3324 3
6170 2551 3
6205 5269 2
6215 4352 3
6426 9328 2
6589 9003 3
6664 2781 3
6722 7347 2
6723 2306 3
6887 7273 3
6893 6772 2
6960 2790 3
7136 3179 3
7428 8399 2
7471 3371 3
7492 7949 3
7500 4178 3
7530 8828 3
7552 6718 3
7910 6077 2
8182 9420 3
8378 4745 3
8511 9120 3
8716 9168 3
8953 6558 3
8956 5269 3
8972 9365 2
9053 7042 3
9506 6173 2
9635 8661 3
9693 6915 2
9765 7970 2
9768 6662 2
9779 1625 3
9794 2842 3
9849 6368 3
31 8904 3
162 128 2
248 8824 2
491 5435 3
548 3797 3
860 429 3
1097 9209 2
1320 2299 3
1333 6233 3
1430 4591 3
1626 3530 2
1673 4923 3
1752 4358 3
1825 9269 2
1852 7467 2
1899 4244 2
1900 947 2
1910 7145 2
1918 6101 3
1948 1216 3
2069 7121 2
2312 6946 3
2326 2211 3
2420 7122 3
2431 5754 2
2431 9434 3
2507 4120 3
2577 7672 3
2651 5693 3
2818 3203 3
3006 7554 3
3088 2599 3
3132 1445 3
3237 632 3
3237 3454 3
3388 5281 3
3401 3223 3
3581 8167 3
3927 9985 2
4066 8398 3
4201 6361 2
4265 5263 3
4654 8948 3
4703 2418 3
4755 4966 3
4765 4859 3
4794 3271 3
4796 1186 3
4901 9790 2
5050 7049 2
5123 4982 3
5223 4553 2
5244 2449 3
5301 2216 2
5359 607 3
5361 7502 2
5413 8931 3
5452 9515 3
5491 8485 3
5639 5661 3
5674 3672 2
5880 5516 3
5911 5864 3
5938 6563 3
6131 4755 3
6663 8597 2
6905 9993 3
6911 5167 3
7083 3918 3
7098 5806 3
7115 6034 2
7124 8807 3
7222 9408 3
7234 7229 3
7246 1311 2
7319 5431 3
7438 8333 3
7451 1010 3
7709 109 2
7795 4408 3
7797 2442 3
7887 3308 3
7905 2754 3
7925 8218 3
8020 4078 3
8083 595 2
8172 7945 2
8196 2038 3
8282 2162 2
8297 5982 3
8359 481 2
8489 2716 3
8677 4425 3
8885 210 3
8940 2338 3
8991 7340 3
9308 4177 3
9334 2960 3
9482 4361 3
9538 2767 3
112 5553 2
157 2840 3
261 2723 3
293 7431 3
295 1375 3
441 9357 3
451 9673 3
498 1779 3
575 6315 3
773 571 2
890 6801 3
922 3919 3
934 8683 2
951 1760 3
1085 650 3
1179 6019 3
1461 2505 3
1496 3841 3
1573 8237 3
1585 7799 2
1608 8043 3
1718 7418 3
1736 1760 3
1909 3467 3
2002 9852 3
2259 6421 3
2259 7510 3
2525 3204 2
2576 6793 3
2618 866 3
2675 4160 3
2806 5401 3
2908 4268 3
3112 5825 3
3187 7119 3
3239 459 3
3299 5501 3
3307 8664 3
3351 6903 3
3367 1776 3
3512 1520 2
3594 2057 3
3750 8338 2
3767 3669 3
3896 3331 2
3999 3758 2
4005 5040 2
4240 5987 3
4269 6273 3
4307 6971 2
4316 8762 2
4630 2369 3
4726 145 3
4921 3079 3
4959 7129 2
5098 4936 3
5193 5994 3
5228 8882 3
5286 4099 2
5506 2162 3
5579 7626 3
5625 220 2
5754 8344 3
5984 1708 3
6059 8924 3
6097 2267 2
6377 9182 3
6569 2172 3
6589 5376 2
6840 7580 2
6854 4072 3
7064 9013 3
7193 4319 2
7197 3513 2
7278 4457 3
7353 4040 3
7366 2386 3
7404 1236 2
7409 1910 3
7564 1982 3
7652 4545 2
7801 7592 3
7945 5024 3
8112 6166 2
8271 1816 2
8408 690 3
8458 5607 3
8496 6258 3
8611 2491 2
8679 6386 3
8792 9740 3
9102 7239 3
9140 6334 3
9249 772 2
9267 7675 3
9442 3467 2
9469 6257 2
9546 5628 3
9776 3573 3
9783 5975 3
127 4711 3
200 7061 3
337 8347 3
359 1 3
381 9054 3
539 6538 2
589 8438 3
737 6444 3
774 2152 3
827 7522 3
900 7552 2
920 7855 3
987 365 3
1182 4574 2
1242 9166 3
1248 7240 3
1293 2191 2
1492 5952 3
1636 7795 3
1717 9570 3
1792 5208 3
1908 5053 2
1909 7079 3
2097 4217 3
2139 8343 3
2314 1174 3
2496 9153 3
2502 8587 2
2579 5390 2
2645 3027 2
2829 7206 3
3082 6135 3
3115 3759 3
3331 8793 3
3405 7560 3
3424 7795 2
3485 301 2
3612 9260 2
3652 197 3
3717 2079 3
3795 1240 3
4029 3792 3
4032 1450 3
4068 4683 3
4132 5255 3
4264 3279 3
4308 9348 3
4531 5253 3
4584 1926 3
4591 7506 3
4717 3763 3
4790 8232 3
4816 6735 3
4833 3464 3
5019 1531 3
5194 4462 2
5206 1363 3
5285 5476 2
5358 2472 3
5386 3861 3
5474 4799 2
5475 4043 2
5481 1338 3
5558 869 3
5834 6210 3
5853 2572 3
5974 2620 3
6053 750 3
6055 8404 3
6118 7995 3
6136 8698 3
6137 8484 3
6145 6740 3
6230 2473 2
6320 3445 2
6355 4622 3
6511 4686 3
6748 7204 3
7046 904 3
7069 9465 2
7149 100 2
7313 4276 2
7377 4061 2
7381 8861 3
7633 2184 2
8012 724 2
8152 1281 3
8220 8583 3
8343 9710 3
8455 4705 3
8501 5886 3
8514 1142 3
8563 8758 3
8593 7459 3
8662 1400 2
8683 614 3
9035 3554 3
9179 3776 2
9376 3834 3
9438 2663 3
52 9449 3
407 868 3
421 852 3
608 7360 3
747 9196 3
754 5636 3
809 6206 3
817 5922 2
881 7464 2
896 2136 3
922 1217 3
1100 4510 3
1221 3242 2
1505 734 3
1641 913 3
1730 5599 3
1870 8490 3
2013 1373 3
2141 9334 3
2226 3522 3
2312 1889 3
2360 41 2
2424 1951 2
2528 6050 3
2599 1447 3
2990 7353 3
3079 8150 3
3083 5719 3
3221 9393 3
3358 6630 2
3384 6818 3
3575 3165 3
3681 8267 3
3812 9298 3
3857 5651 3
4089 7696 3
4143 9276 2
4149 4106 3
4153 5530 3
4314 8318 3
4334 3738 3
4357 7187 2
4370 6025 3
4460 5589 2
4477 8238 3
4639 9520 3
4716 4417 3
4983 7102 3
5011 2749 3
5018 2931 2
5025 61 2
5126 186 2
5174 8820 3
5330 3629 3
5382 6447 3
5429 705 3
5430 3256 3
5487 2881 3
5661 6187 3
5733 7951 2
5836 550 3
5885 9070 2
6047 4618 2
6141 1587 3
6225 9391 2
6252 165 2
6271 8855 3
6570 7172 3
6648 6660 3
7204 9217 3
7230 372 3
7293 931 2
7456 5161 2
7503 1840 3
7612 6152 2
7624 7517 3
7680 9849 3
7746 7228 3
7748 3316 3
7832 9153 3
8151 9779 3
8181 2382 3
8521 9976 3
8605 242 3
8857 8262 3
8894 620 3
8923 5631 3
8976 1861 2
9026 656 3
9027 8639 2
9072 8158 2
9080 9231 3
9116 8922 3
9279 9837 3
9309 4925 2
9527 982 3
9721 8016 3
9729 213 3
9862 1290 3
9914 566 3
320 867 3
424 3339 3
446 9455 2
455 1899 3
483 2744 3
511 8005 3
573 3562 3
681 7828 3
855 4219 3
905 2357 3
1035 3596 3
1039 4228 3
1198 3914 3
1240 1395 2
1437 7363 3
1471 3834 3
1513 7132 3
1711 7349 2
1846 461 3
1955 3481 2
1957 762 3
2034 4822 3
2298 3089 3
2342 3241 2
2370 4895 2
2417 6138 3
2606 2455 3
2681 1472 3
2791 3470 3
2917 8614 3
2949 3289 3
3239 7072 3
3498 899 3
3525 812 2
3586 2903 3
3676 4049 3
3761 7681 3
3825 6586 3
3865 7760 3
3901 6828 2
3908 6894 3
4010 7119 2
4029 6448 3
4100 658 2
4145 9010 3
4250 2862 3
4518 8526 3
4556 3154 3
4637 9578 3
4710 154 3
4880 6166 3
4919 3246 3
4935 8300 3
4973 3731 3
5116 5263 3
5336 1918 2
5397 1247 2
5405 3503 3
5413 2758 2
5550 955 3
5680 8888 3
5895 1413 3
5916 3360 3
6091 7912 2
6163 284 3
6213 3 2
6231 8825 2
6273 1252 3
6474 9722 3
6667 7508 3
6761 5274 3
7008 5849 3
7121 2637 3
7247 6815 3
7496 849 3
7595 6051 3
7638 5179 3
8045 952 3
8126 3009 3
8406 9241 2
8447 9058 3
8625 7790 3
8636 1227 3
8739 5166 3
8803 1149 3
9152 3344 2
9173 7931 3
9218 522 2
9244 4356 3
9308 3133 3
9324 2487 2
9332 906 3
9469 2443 3
9493 5693 3
9522 2935 3
9621 4931 3
9724 6428 3
9728 6378 3
9763 4450 3
9798 6519 3
1 1113 3
10 7034 2
86 1056 2
168 7928 3
288 3572 3
409 9480 3
701 7131 2
879 4719 3
1735 6909 2
1923 8491 3
1991 6093 2
2002 9865 3
2120 4085 3
2191 8575 3
2347 6211 3
2397 7948 3
2406 3263 3
2423 1521 3
2532 9696 2
2584 9611 3
2596 171 3
2925 1468 3
2977 1662 3
3109 3664 3
3207 3397 2
3252 4252 2
3301 9043 3
3667 3484 2
3935 1310 3
3938 6812 2
4078 996 3
4121 7391 3
4350 3288 3
4372 9033 2
4444 7895 3
4674 1349 2
4811 4500 3
4838 34 2
4901 7987 3
5039 2033 3
5249 5829 3
5286 4966 3
5363 2598 3
5495 4495 3
5592 6912 2
5733 5374 3
5743 9201 3
5801 1144 3
5905 931 3
5944 9734 2
6077 2980 3
6089 3992 2
6129 3045 3
6133 9255 3
6148 6002 2
6240 9594 3
6397 6624 3
6486 6332 3
6545 4369 3
6601 541 3
6676 2476 3
6817 9616 3
7151 5997 3
7180 6446 3
7210 5338 2
7225 3900 3
7289 4684 3
7479 2116 2
7671 5299 3
7900 3454 3
7947 4617 3
8018 7981 3
8229 8033 2
8241 1987 3
8251 6285 2
8276 6865 3
8350 4368 3
8362 6384 2
8614 9533 3
8924 9224 3
9022 1559 3
9065 8109 3
9117 7208 2
9178 4797 3
9182 8687 3
9209 2047 3
9247 1619 3
9318 7649 3
9369 2994 3
9428 1372 3
9451 6993 3
9483 508 3
9545 7874 3
9777 1970 3
9834 4714 3
9863 619 2
9899 167 3
9920 2864 2
9960 2373 3
9963 6826 3
277 7920 3
382 4652 3
408 5621 3
566 3299 2
616 2863 3
744 22 2
800 5761 2
919 843 2
962 6023 3
1004 7 3
1027 9692 3
1539 7534 3
1577 9899 3
1730 2409 2
2028 8172 3
2031 4748 3
2035 4819 3
2201 1099 3
2208 1963 3
2210 3533 3
2255 3682 3
2266 9760 2
2298 3883 2
2481 12 3
2493 6853 2
2633 3875 3
2875 8652 3
2924 2318 2
3052 5527 3
3080 5883 3
3231 6958 3
3258 7890 3
3547 2308 2
3635 71 3
3652 8549 3
3673 1153 3
3750 2554 3
3805 4696 2
3986 1139 3
4039 9568 3
4178 4891 2
4211 3223 2
4270 3491 3
4434 8389 3
5049 7710 3
5098 8735 3
5202 248 3
5243 3919 2
5338 1999 3
5532 1630 2
5625 9701 3
5854 8920 3
5871 1985 2
5982 2209 3
6057 1803 3
6263 8730 3
6355 4563 2
6430 8526 3
6433 2679 3
6509 8417 3
6914 2779 3
6924 9506 2
6948 7236 3
6957 2586 3
6992 3497 3
7032 2695 3
7203 5867 3
7392 1446 2
7436 2510 3
7517 2235 3
7536 2801 3
7601 6373 3
7641 4057 3
7668 8687 3
7816 3681 3
7996 6818 3
8057 2459 3
8163 1836 3
8229 3586 2
8231 1501 2
8267 468 3
8309 7177 2
8321 9553 3
8371 9051 3
8522 5838 3
8577 3511 3
8675 5570 3
8697 515 3
8757 4587 3
8866 8751 2
9119 3231 3
9184 2171 2
9206 103 3
9343 8888 3
9775 695 2
9789 1237 2
9878 2610 3
9925 7236 3
9932 7 3
9968 3043 3
32 1462 3
200 4735 2
346 9758 3
359 6519 3
398 2551 3
440 551 3
491 29 3
505 7130 3
679 7805 3
800 5512 3
826 3319 2
835 5247 3
893 5494 2
982 5349 2
1211 9181 3
1530 3850 3
1536 3511 3
1877 430 3
2157 935 3
2302 9414 3
2426 9222 3
2499 8242 3
2672 1184 3
2759 8309 3
2858 5516 3
2961 1751 2
3094 3638 3
3102 8283 2
3186 6710 3
3340 6523 2
3454 9847 3
3712 7031 3
3938 933 3
3943 4668 2
3967 6916 3
3974 2702 2
4107 2582 3
4156 649 2
4189 3733 3
4192 4431 3
4372 637 3
4462 462 3
4462 7961 3
4477 9791 3
4510 442 2
4583 2114 3
4773 6677 2
4777 4165 2
4851 2499 3
4876 1838 3
4927 8945 3
4975 2320 3
4986 8874 3
5000 4663 3
5027 769 3
5095 8253 3
5346 1250 2
5393 9878 3
5401 7972 3
5440 7937 3
5556 2175 3
5687 879 3
5697 6383 3
6071 5007 3
6300 2348 3
6368 4159 2
6463 9668 3
6507 5785 3
6660 9942 3
6738 7304 2
6933 7698 3
7128 552 2
7266 6066 3
7303 2016 2
7367 3365 3
7425 1550 2
7561 4191 3
7570 6282 3
7721 7026 3
7808 6137 3
7864 5653 3
7974 3946 2
7997 6095 2
8061 6924 2
8079 2000 3
8109 4794 2
8158 4328 3
8194 3898 3
8292 7466 3
8328 5061 3
8685 8247 3
8752 7359 2
8760 9295 2
8767 9056 3
9289 253 3
9369 7175 3
9443 4646 2
9751 3017 3
9842 3228 2
9991 3172 3
12 1564 3
468 5152 3
485 7800 2
548 541 3
744 5748 3
826 6196 3
860 8062 3
908 3251 3
918 4358 2
921 8598 3
1008 5471 3
1124 1775 3
1221 4598 3
1261 7127 3
1310 8152 2
1547 6932 3
1673 5634 3
1839 4813 3
1855 796 3
1874 2379 2
2373 6883 3
2399 3324 2
2471 7316 3
2495 451 3
2564 5029 3
2725 7046 3
2927 421 2
2931 4631 3
3284 9305 3
3293 4361 3
3352 1593 2
3425 8354 3
3735 649 3
3744 9830 2
3747 9285 3
3891 3679 3
3950 5903 3
3985 9815 3
4548 8503 3
4556 2709 3
4629 2515 3
4648 7337 3
4661 2023 2
4927 3701 3
5042 4445 3
5127 5401 2
5167 767 3
5369 463 3
5633 7205 3
5723 2805 3
5735 5486 3
5748 1994 3
5858 325 3
5951 988 2
6058 6107 3
6141 3772 2
6271 3351 3
6401 6636 2
6515 1770 3
6611 6674 3
6705 2278 3
6943 687 3
6974 6295 3
7059 4148 3
7204 4228 2
7232 1351 2
7259 9770 2
7293 8015 3
7313 4374 3
7483 3167 3
7612 2152 3
7624 5600 3
7632 9069 2
7661 3675 2
7934 7171 3
7950 8506 3
8227 1192 3
8271 1590 3
8387 884 3
8397 5042 3
8462 5618 2
8535 6298 3
8615 5784 3
8886 563 3
8903 5083 2
8987 4020 3
8992 8259 3
9041 8438 2
9080 5588 3
9092 3914 3
9239 8343 3
9471 1742 3
9551 2454 3
9570 4290 3
9578 4924 3
9668 8321 3
9805 9129 3
9890 6285 3
9951 9947 3
9992 7472 3
99 6412 3
176 1597 2
295 9811 3
421 8453 3
849 1665 2
870 1337 3
913 8999 3
1006 2411 3
1012 3327 3
1016 8967 2
1063 3227 2
1121 2853 2
1157 5327 3
1281 7885 3
1445 7276 2
1462 6679 3
1480 6034 3
1507 6799 3
1705 3217 2
1719 3885 3
1873 5440 3
2042 4648 3
2157 1969 3
2195 8173 3
2313 4388 2
2425 1594 3
2448 5461 3
2541 6913 3
2634 7173 3
2949 9332 3
3186 4189 3
3303 8243 3
3328 7632 3
3388 6545 3
3420 8163 3
3526 6733 3
3740 3628 3
3825 6426 3
3853 7716 3
3898 8295 3
4189 4427 3
4254 2729 3
4360 2680 3
4607 6320 3
4619 8913 2
4944 9339 3
4952 4314 2
4955 9034 3
5040 7835 2
5138 9220 2
5429 5270 2
5455 1296 2
5589 1002 3
5598 8476 3
5612 6140 2
5862 6347 3
5938 1802 3
6047 8582 3
6519 8153 3
6601 4542 2
6702 5896 3
6867 6765 3
6887 1183 3
6900 3633 3
7002 7224 3
7026 7518 3
7035 7638 3
7054 8995 3
7143 7579 3
7261 7775 2
7329 9601 3
7471 426 2
7533 5499 3
7583 4764 3
7613 6855 3
7623 8652 2
7627 7616 3
7660 4862 3
7690 5971 2
7757 2362 2
7759 2943 3
7824 9950 3
8329 3689 3
8393 7890 2
8415 8993 3
8532 5183 3
8604 4104 3
8612 7776 3
8795 2727 3
8840 8392 3
8992 2875 2
9087 3093 3
9126 3659 3
9174 3453 3
9398 5681 2
9424 7204 3
9684 5235 3
9784 6260 3
9849 2529 2
9901 1627 2
29 8978 3
125 7565 3
397 1177 3
501 2093 3
774 9349 3
881 2876 3
1003 7451 3
1368 9195 3
1503 1605 3
1549 3261 2
1584 7247 3
1592 1466 3
1623 3518 3
1702 9885 3
1710 3822 3
1733 6109 3
1735 4932 2
1772 2181 3
1863 98 3
1896 8978 3
1920 529 2
1989 1348 2
2060 7895 3
2135 6933 3
2160 5303 3
2174 4470 3
2224 5678 3
2224 5782 3
2307 427 3
2337 4279 2
2350 6488 3
2433 1884 3
2445 8764 3
2625 7204 2
2750 1094 3
2791 1584 3
3128 4229 2
3314 7402 3
3357 5802 3
3417 1251 3
3509 5896 3
3524 4968 2
3619 8810 3
3788 396 2
3799 953 2
3868 8991 3
3952 4674 3
4068 2043 3
4072 4655 3
4132 4 3
4133 5267 3
4189 2080 3
4216 131 2
4520 4705 3
4625 1278 2
4650 2498 3
5038 5031 2
5072 6553 3
5097 5455 3
5139 6471 3
5215 7262 3
5232 7946 3
5271 3245 3
5366 158 2
5409 5231 3
5436 9496 3
5493 2178 2
5506 1157 3
5861 7455 3
6128 4911 3
6175 604 3
6240 2515 3
6431 2861 3
6616 2810 3
7108 7359 3
7311 3969 3
7346 2211 3
7356 5906 3
7482 3055 3
7499 1373 3
7505 2446 3
7717 9022 2
7820 7174 3
7975 7700 3
8327 1708 2
8526 3111 3
8608 6291 3
8713 6785 3
8765 8115 2
8814 6393 2
9153 9013 2
9184 7246 2
9197 3347 3
9580 183 3
9704 534 3
9776 4904 2
9781 9147 3
9839 7582 3
9876 4095 2
9979 7194 3
63 6389 3
75 1997 3
113 5747 3
201 1435 3
288 5184 3
291 2491 3
410 8369 3
411 73 2
488 3710 3
516 8455 2
528 2773 3
573 805 3
1161 9577 3
1323 9606 3
1332 672 3
1487 6148 3
1516 2261 3
1615 2641 2
1715 2003 2
1789 7360 2
1855 4769 3
1915 6985 3
2141 9222 3
2157 4883 2
2171 276 2
2577 6107 3
2688 4957 3
3069 2795 3
3088 2891 3
3116 1665 3
3378 6498 3
3406 3892 3
3443 7100 3
3600 7770 3
3742 9916 3
3754 3065 3
3801 1641 2
3814 6771 3
3858 154 2
3860 9666 3
4252 6208 3
4293 8198 3
4298 315 3
4340 6771 2
4386 3995 3
4467 9420 3
4537 1388 3
4778 5044 3
4803 5224 3
4912 7865 3
4929 1740 3
5086 1682 3
5205 8685 3
5250 4527 3
5339 4556 3
5463 5954 3
5811 4103 2
5814 9865 3
5857 1553 3
5902 4242 3
6011 4201 2
6028 2605 2
6148 5782 3
6189 6070 3
6259 8575 2
6316 5062 2
6418 1174 3
6435 7831 2
6573 3715 3
6619 1256 3
6625 7043 3
6644 3532 2
6699 4591 3
6930 292 2
6973 2641 3
7045 9314 3
7398 9468 3
7538 6598 3
7667 5469 3
7702 1513 3
7832 8741 3
7964 926 3
7964 3496 3
7969 2780 2
8003 391 2
8026 3209 2
8033 1832 2
8038 2084 3
8113 3605 3
8188 2027 3
8654 318 3
8752 5905 3
8949 8887 3
9010 1723 3
9014 2729 3
9429 340 2
9490 4018 3
9528 783 3
9898 7757 3
9919 8458 2
45 8786 3
484 5322 2
625 5446 3
664 1376 2
683 4924 3
709 3579 3
738 7574 3
766 4814 3
915 9787 2
975 8817 3
1088 6541 3
1113 9543 3
1196 6113 2
1223 8632 3
1255 6123 3
1336 7313 2
1441 3607 3
1586 5558 3
1605 3253 3
1679 5055 3
1726 6060 3
1811 9977 2
1812 9972 2
1933 7435 3
2000 1571 3
2094 1788 2
2134 304 3
2256 5096 3
2360 2695 3
2455 921 3
2500 440 3
2552 3060 3
2728 3183 3
2768 3255 3
2790 6410 2
2852 3137 3
2858 2117 2
3329 7520 3
3677 7365 3
3811 1880 3
3821 6591 2
3873 673 3
4062 585 2
4068 7695 2
4375 160 3
4380 5780 3
4551 5441 3
4699 7221 3
4882 8790 3
4902 8344 3
5250 2237 3
5357 9412 3
5566 2518 3
5655 7868 3
5675 5756 3
5734 848 2
5828 5569 2
5922 1202 3
5926 8094 2
5984 7254 2
6033 8135 2
6086 666 3
6120 6271 2
6175 5050 3
6211 6435 3
6244 1800 2
6462 4486 2
6526 5139 2
6639 8453 3
6854 9984 3
6965 4222 3
7147 4762 3
7152 3073 3
7174 3638 2
7322 4284 3
7335 1056 2
7391 6017 2
7408 3388 3
7442 2658 3
7466 2085 3
7520 8167 3
7647 7671 3
7658 6587 3
7733 1753 3
7823 1352 2
7902 6608 3
7942 3012 3
7972 4578 3
8242 8203 2
8636 8824 3
8690 6136 3
8710 7946 3
8926 5805 3
9046 4829 3
9171 8640 2
9400 586 3
9550 3974 2
9569 6238 3
9646 8955 2
9802 5404 3
253 3066 2
353 1560 3
725 6016 3
725 6360 3
732 7983 2
1147 8024 2
1485 4799 3
1519 9766 3
1614 2650 3
1619 8141 3
1908 5900 3
2149 2889 3
2160 2221 3
2472 2031 3
2622 7296 2
2677 7671 3
2844 5449 3
2924 3354 3
3036 9856 2
3078 228 3
3101 1064 2
3326 7913 3
3513 555 3
3668 6663 3
3816 5501 3
3947 6684 2
4130 8979 3
4214 4794 3
4417 6843 3
4513 942 3
4548 8658 3
4625 5570 3
4641 3749 3
4720 8346 3
4757 6739 3
4958 3709 3
4982 3053 2
5042 8164 2
5167 1733 3
5245 8033 3
5420 1332 3
5558 6050 3
5677 1494 3
5751 8969 3
5804 88 3
5821 3433 3
5918 3309 3
5920 7342 3
5945 6900 3
6025 4361 3
6120 9423 3
6209 8621 3
6226 3795 2
6340 7904 3
6356 6049 3
6434 130 3
6466 1440 3
6496 6371 3
6578 6405 3
6668 6781 3
6761 5481 3
6948 1291 3
6956 9457 3
6967 6811 3
7024 4842 3
7061 764 3
7065 3915 3
7160 2037 3
7336 4288 2
7395 4519 3
7568 4322 3
7773 5725 2
7996 7716 2
8161 268 2
8268 7587 3
8276 701 2
8322 2967 3
8407 6725 3
8463 7408 3
8487 5238 3
8507 2943 3
8546 7209 3
8587 3778 2
8595 1041 3
8669 5037 3
8688 2748 3
8721 8269 3
8942 5177 2
9018 6161 3
9052 7427 3
9111 766 3
9134 6195 3
9238 4433 3
9304 8738 2
9758 1036 2
9763 5395 3
9770 9595 2
9774 4188 2
9860 5489 3
9979 504 3
20 8190 2
51 4511 3
131 4983 3
183 3478 3
266 1705 3
308 6344 2
678 4572 3
683 9170 3
867 6229 3
902 9517 3
937 6448 3
994 7727 3
1105 7775 3
1435 6024 2
1531 1706 3
1600 3805 2
1829 3764 3
1996 8645 3
2036 2575 2
2234 529 2
2251 8361 3
2260 8147 3
2286 3065 3
2499 7807 3
2536 2242 2
2579 7375 3
2789 6480 3
2888 2639 3
2926 235 3
3060 5457 3
3081 7382 2
3083 3123 3
3094 8897 3
3212 3038 3
3362 8683 3
3396 5249 3
3501 8210 3
3613 3189 3
3665 8426 3
3710 91 3
3787 4115 3
3842 1397 3
3899 4752 3
3985 9481 3
4029 6136 3
4034 2771 3
4284 2480 3
4411 6979 3
4438 4252 3
4440 1795 3
4462 2201 3
4598 9861 3
4792 4000 3
4963 7098 3
5010 5083 2
5050 6301 3
5096 8029 3
5122 5786 2
5189 2274 3
5368 5092 3
5401 8754 3
5471 4326 2
5507 7434 3
5542 4221 3
5598 2837 3
5625 530 3
5722 7054 3
5730 9603 3
5823 80 3
5865 3886 2
5879 3999 3
6005 8781 3
6009 85 2
6153 8064 3
6217 3519 3
6281 1700 3
6293 1379 3
6796 1581 2
6842 9789 2
7030 1018 3
7274 9924 3
7277 8337 3
7305 7440 3
7568 5653 2
7653 2261 3
8001 9824 3
8429 1510 3
8463 6236 2
8590 9918 3
8878 8217 3
8919 388 2
8962 3912 2
9057 5638 3
9097 1159 3
9146 5020 3
9169 1295 2
9308 2478 2
9385 824 3
9468 2050 3
9626 7391 2
70 2505 3
129 9519 3
307 4803 3
360 4509 3
448 6457 2
517 1359 3
529 2164 3
589 3069 3
598 7545 3
702 1954 3
768 3677 3
788 8259 3
818 2849 3
950 5248 3
998 443 3
1008 5041 2
1154 3580 3
1168 2032 3
1481 2876 3
1666 4974 3
1779 6873 3
1782 2383 3
2057 5578 3
2204 2413 3
2264 6161 3
2469 5715 3
2531 7454 3
2566 9314 3
2938 7863 3
2969 4379 2
3045 7727 2
3105 9090 3
3221 807 2
3465 179 3
3583 8663 3
3928 6276 3
3967 719 3
4012 5914 3
4177 8299 3
4299 2483 3
4322 3279 3
4523 612 3
4555 4031 3
4598 9070 3
4601 5886 3
4911 9841 3
4989 225 3
5133 7701 3
5145 3553 3
5246 3317 3
5400 2534 3
5460 6447 3
5505 1397 3
5659 4360 2
5700 1578 3
5795 3878 3
5923 5185 3
5969 3404 3
6127 9510 3
6342 2874 3
6415 5610 2
6417 6093 3
6422 8603 3
6536 7288 3
6563 9241 3
6570 4060 3
6642 9540 3
6783 7665 3
7343 1065 3
7612 7565 3
7697 7107 3
7786 4648 3
7854 5796 3
7997 6761 3
8123 391 3
8247 6306 2
8286 8717 3
8367 7879 3
8544 4848 3
8547 5645 3
8645 1222 2
8677 3398 3
8800 3189 3
8811 3790 2
8965 8148 3
9030 6175 3
9192 1747 2
9275 5804 2
9368 1926 3
9414 4418 3
9452 9009 3
9486 3569 2
9491 6382 2
9564 5708 3
9624 7803 3
9634 399 2
9725 5995 3
9790 8690 3
9826 2991 3
9981 1281 3
95 9888 3
105 5271 2
169 1601 3
199 7927 3
297 5859 2
423 2358 3
464 7373 3
505 5988 3
540 5897 3
541 9752 3
621 5256 3
652 8399 3
744 469 3
786 7347 3
796 2068 3
922 8091 3
971 2615 2
1011 9041 3
1274 4143 2
1518 6780 3
1524 7905 3
1548 6982 3
1761 4880 3
1795 3355 3
1800 4955 3
1966 2663 3
2000 6307 3
2279 4089 3
2374 396 3
2379 2253 3
2593 794 3
2747 1313 3
2798 1558 3
3066 9651 3
3181 421 3
3189 9783 2
3323 6433 2
3523 1544 2
4170 8782 3
4192 2502 3
4223 5336 3
4486 1664 3
4493 6908 3
4617 5860 3
4735 519 2
4769 2812 2
4813 843 3
4828 6156 2
4897 6469 3
4903 7535 2
4989 5589 3
5012 9454 3
5073 9939 3
5249 1429 2
5279 2226 2
5303 4409 3
5314 807 3
5376 8651 3
5680 5530 3
6143 1970 3
6190 9612 3
6301 4996 3
6327 8036 3
6495 5463 3
6757 5409 2
6906 4426 3
6936 1829 3
6959 3742 3
6960 5507 3
7034 6201 3
7099 4937 3
7121 9886 2
7215 5534 3
7292 7826 3
7395 7519 3
7453 3171 2
7499 4952 3
7571 7601 3
7687 6589 2
7740 5512 3
7894 4725 2
7906 8644 3
7917 4349 2
7950 727 3
7977 9322 3
8077 3279 3
8176 8756 3
8191 320 3
8379 4478 2
8493 8975 2
8545 4877 3
8774 7208 3
8828 1663 2
9143 4438 3
9167 403 3
9230 6820 2
9264 8896 3
9595 8496 3
9842 699 3
9922 4054 3
