100 20 287648
5 72 160
5 56 224
5 58 165
5 116 231
5 147 200
5 83 218
5 101 237
5 58 194
5 96 203
5 128 241
5 94 217
5 69 228
5 114 241
5 76 169
5 98 178
5 114 248
5 140 225
5 97 161
5 119 216
5 97 225
77 3208 52
2451 8628 51
3643 5793 59
4105 3899 55
5604 7259 62
550 886 55
1387 3874 54
2525 8167 64
6601 6340 59
9696 5704 59
46 7836 56
99 9713 57
4346 2625 65
7875 8831 54
8160 6500 64
1554 9853 49
5641 389 60
6895 1242 47
8238 9594 62
9572 7345 50
799 6199 52
2369 3422 49
4573 8915 59
7188 6771 60
8850 8455 53
2822 6615 59
4304 1350 62
7506 548 63
8409 8132 53
9160 7952 66
2218 7414 47
2841 1424 53
5072 8396 53
6283 9585 63
9442 2873 59
646 9873 60
4072 6275 50
8509 3348 59
9689 3542 60
9692 5526 65
1412 7829 49
3114 2652 60
6973 6293 58
7578 4676 59
9177 4655 48
36 7161 56
1307 7063 55
5637 2278 55
7908 3548 63
9668 2404 64
1299 1235 57
1981 4277 51
6206 4797 50
8159 3670 52
9638 5015 58
1968 2526 57
3074 6719 64
3305 7239 55
6277 502 51
9305 3692 48
338 8220 54
1438 9519 61
1878 6500 56
5720 4494 63
8560 3445 48
2734 8454 54
4099 1105 65
5573 7585 52
8360 7633 49
9901 8108 63
2719 6745 51
2799 3304 66
5854 7794 52
8036 4944 54
8330 7125 55
542 8712 63
2080 7598 60
2492 6595 66
4982 9073 65
9359 2149 51
553 6062 62
627 216 66
1141 8875 49
2707 1567 58
6619 7125 56
1887 2729 59
3171 4544 60
4246 2888 48
5944 8223 65
8665 5058 57
6392 7296 54
6812 5839 62
8544 1317 59
8772 2317 56
9028 3423 49
282 6618 58
1084 5200 53
3870 6038 49
5812 3192 57
7831 7999 54
