2000 100 5063680
20 104 167
20 108 230
20 90 223
20 129 184
20 60 168
20 60 245
20 70 198
20 137 225
20 80 243
20 88 170
20 75 194
20 147 177
20 55 200
20 128 192
20 85 171
20 106 171
20 131 180
20 88 163
20 145 227
20 61 224
20 95 160
20 132 195
20 64 240
20 113 222
20 129 222
20 109 168
20 99 159
20 100 195
20 55 246
20 78 193
20 133 188
20 72 161
20 83 222
20 89 161
20 116 171
20 110 181
20 69 232
20 114 196
20 93 228
20 98 183
20 86 176
20 103 199
20 117 159
20 128 183
20 147 186
20 100 215
20 140 200
20 106 160
20 79 180
20 63 169
20 90 188
20 75 235
20 52 201
20 95 249
20 92 157
20 93 186
20 83 182
20 57 184
20 124 245
20 85 160
20 146 223
20 124 153
20 68 250
20 133 193
20 133 157
20 138 157
20 116 230
20 52 186
20 141 237
20 85 222
20 129 175
20 81 173
20 106 202
20 69 151
20 110 174
20 99 244
20 138 188
20 115 163
20 75 208
20 86 227
20 146 245
20 150 245
20 73 244
20 84 175
20 57 236
20 81 186
20 120 160
20 132 243
20 50 170
20 110 212
20 73 226
20 83 181
20 63 249
20 90 154
20 54 172
20 53 244
20 105 245
20 95 156
20 95 152
20 133 174
251 6057 12
620 8615 13
697 8123 13
763 8140 16
1243 3239 13
2286 5712 15
2389 7549 16
3277 2636 12
3283 2029 16
3369 2104 12
3739 3009 16
4472 1899 16
4674 2581 15
5348 7046 16
6098 9092 13
6256 6338 12
6563 3582 12
7303 5367 12
7601 4769 16
8282 1757 15
96 6586 15
383 2212 15
818 85 16
1242 1155 13
1478 6692 12
1844 1983 16
2559 5626 16
3283 8184 13
3353 5799 16
3785 4582 14
4156 316 16
4307 4125 15
4399 8541 13
4897 3804 14
5201 6029 13
6769 8731 15
8026 9741 15
8762 955 16
9094 8691 16
9921 3805 15
556 1144 16
619 9796 12
891 3804 16
1990 5075 14
3034 5952 13
3571 2690 15
3851 6361 16
3858 745 16
4266 3501 13
4541 4368 13
5205 9341 14
5259 165 15
5740 1973 16
6002 2611 13
7259 8187 16
7734 4355 13
8029 9101 12
9122 9179 15
9324 8325 15
9850 6267 13
828 1301 16
1942 531 16
1978 9455 12
2569 5406 13
3698 4037 15
3916 9661 16
4953 5253 12
5259 7165 13
5312 9869 15
5566 4246 15
5581 5411 13
6400 5408 13
6874 5265 12
7125 1883 15
7139 7338 13
7371 1869 13
7457 1218 14
8345 4373 15
8986 7266 16
9685 4451 14
194 6315 13
693 6540 15
941 1683 16
989 6196 16
1501 6579 13
1879 2709 15
2603 1267 16
3501 3537 15
3859 6078 14
4249 8472 15
4353 6517 13
4451 7068 14
5105 8650 13
5887 6195 15
6249 7802 16
6672 8787 14
6706 52 13
7007 1497 15
7221 2782 12
9882 3643 16
221 7237 12
1349 4164 14
1505 235 12
1705 1908 12
2089 8836 13
2204 1648 13
2474 8836 16
2751 440 16
4213 4188 16
5344 3365 14
5859 4428 16
5905 5171 14
5910 9990 16
6064 2763 14
6392 5385 13
7322 1908 15
7395 6730 16
8373 3156 12
8394 6717 14
8830 2087 12
179 2309 16
1514 4690 16
2247 2323 14
2755 111 16
2876 1214 16
4330 3608 14
4548 8614 14
4751 958 14
4760 8750 12
5477 3756 14
5701 5471 15
5789 2874 15
6040 2454 12
6898 7942 16
7521 7787 14
7580 1656 14
8442 4084 16
8489 2916 15
9300 274 15
9378 5084 14
1751 7424 13
3123 9742 12
3376 3295 15
3621 2557 15
3664 8988 12
3991 4382 16
4726 6287 14
5608 6596 13
5882 8670 16
7054 9358 12
7571 6095 16
7583 2862 13
7630 3543 12
7666 8856 12
7960 3996 14
8668 1848 16
8700 6264 13
8722 3086 13
9322 7738 14
9451 9973 12
22 3931 12
154 6713 14
163 9379 12
2438 5425 15
2465 8041 12
2661 5743 13
3383 2090 12
3698 9206 12
3810 8516 13
4005 2499 13
5043 6988 16
5258 5628 15
5748 4127 13
7503 3125 16
7735 4283 15
8630 3299 13
8882 4246 12
9021 6891 14
9335 2521 16
9381 3613 15
316 1000 15
630 7769 16
1065 4668 16
1262 6289 12
1369 2916 16
1460 7380 12
4260 4911 12
4742 2706 16
5027 4631 15
5348 1153 16
6249 6122 15
7247 4101 16
7532 1474 14
7742 327 15
8741 3342 13
8746 6338 12
8953 5216 14
9812 19 12
9890 4801 15
9998 8397 16
1045 7089 13
1097 2028 16
1352 8018 15
2883 4404 14
3364 3207 16
3403 4322 13
3589 1536 12
4883 1463 16
5314 5152 13
5956 201 13
6043 3016 13
6611 9457 14
7060 2245 15
7114 8137 14
8244 5710 12
8896 5557 15
9430 1691 12
9710 3845 12
9774 1410 13
10000 5024 13
437 2269 15
1348 8681 13
1965 4409 13
2290 4713 14
3125 5084 14
3623 9905 13
4341 3002 13
4571 2854 12
5519 1099 14
5568 453 14
5602 3623 13
7179 4153 14
7214 8136 13
7593 4270 15
7648 1509 13
7925 8864 15
8667 3352 12
8927 5415 12
9281 3364 13
9718 6525 15
503 8802 14
743 6438 14
1223 921 12
1546 2451 16
1619 1965 14
1738 8634 16
2186 9115 16
2516 8839 15
3065 6304 15
5455 1099 12
5924 100 14
5974 4629 12
6724 9676 16
6825 9442 16
7080 3071 13
8473 4284 13
8554 9021 16
9178 8272 15
9733 3356 14
9962 9524 13
1026 9610 15
1140 3621 12
1597 4301 14
1770 4763 15
2052 4748 13
2183 4530 12
2979 2455 12
3323 5449 13
3389 3204 13
5558 704 15
5736 1819 16
5747 5295 12
6073 2999 13
6686 5504 13
6928 7219 14
8005 7403 16
8453 1326 15
9155 2146 15
9535 2433 16
9920 1352 12
144 1010 16
1085 9994 14
2900 2120 12
3469 6332 12
4346 7444 16
4739 4362 16
4764 9914 16
4855 5322 15
5364 8942 16
6599 8497 13
6858 3517 13
6987 9 15
8139 3395 13
8309 4401 14
8900 3725 14
8940 2395 12
9062 5125 16
9128 952 13
9562 7295 13
9780 597 12
64 376 14
1137 5413 16
1341 4549 12
1657 3710 16
2057 4080 15
2126 3137 12
3102 847 16
3664 8873 12
3723 8829 13
3775 3589 12
4239 1388 13
4297 4149 12
5028 5938 14
5193 9355 12
5509 3351 16
6886 3864 15
7025 6524 12
8114 5582 16
9033 2582 14
9673 6556 12
815 5870 15
999 4493 13
1279 9115 13
2331 9401 12
2858 302 14
3074 1924 16
3488 1614 14
3663 9332 12
3766 362 16
3825 1772 14
4181 7823 15
5463 1225 12
5710 3417 15
5824 7682 14
5999 6617 13
6501 7166 16
7134 2832 15
7529 7761 15
7910 9109 12
9826 7955 16
1927 5425 15
1975 8142 13
2251 9317 16
2534 3033 13
2989 2690 13
2991 2372 13
3029 2356 14
3332 5158 14
3398 6999 12
4721 405 12
6410 7100 14
6716 2773 16
7858 9508 13
7920 2264 16
8396 9124 15
8836 2204 15
8937 8356 14
8978 1510 15
9615 1856 16
9840 9686 13
1082 4714 15
1141 1530 15
1432 5170 12
1512 2870 16
1726 8623 12
2172 4886 16
2426 3535 12
2530 4468 13
2647 620 15
2868 1176 15
4354 4645 12
5694 4916 14
6004 7461 15
6200 1789 13
8829 2323 13
8997 3166 16
9185 2878 13
9429 7028 13
9613 8378 12
9784 9898 14
389 1680 12
1520 4486 15
1840 3137 14
1874 6410 13
2048 8706 15
2580 9884 14
2692 9729 16
4448 2928 13
5281 7921 15
5439 4795 12
5890 9719 14
6164 2915 12
6776 2936 15
7356 2292 16
7743 6063 12
7913 7280 15
8501 5459 12
8528 1965 15
8991 8298 15
9426 1743 13
1063 3126 12
1203 9018 13
1417 5420 14
2711 7976 15
3133 7072 16
3471 1838 12
4370 4318 13
4461 8981 15
4573 4656 15
4715 3451 14
5608 6607 14
5938 6418 16
6276 1441 12
6938 8937 13
7319 9333 15
7767 5583 12
8096 8531 16
8777 9517 15
9069 1906 12
9685 5464 15
1037 4047 16
1065 5205 12
1368 2680 15
1658 8855 13
2480 1336 12
2689 2791 16
2721 3888 14
2863 2788 15
3159 8243 14
3739 8913 14
4071 782 14
4269 7179 12
5680 3948 16
6538 6877 13
6726 9573 16
6989 8741 14
7197 8107 12
7675 7039 15
8038 9409 12
8761 2480 16
814 5440 16
835 4231 14
960 7041 14
1090 7391 15
1405 4116 14
2380 2266 16
2565 2714 14
2798 1465 13
2840 3362 16
3835 2701 13
5214 8294 13
5577 9398 15
5757 2936 15
5797 8665 12
6397 5902 12
7863 8645 13
8188 6785 15
8196 5355 12
8916 8738 16
9715 2241 16
286 5205 16
494 2341 15
583 874 16
1013 2217 14
1231 4263 16
1288 3175 12
2538 2688 16
2626 9410 13
3115 3022 13
3490 7971 12
4533 7981 15
5329 4420 14
6064 2012 16
6091 7184 16
6299 2768 16
7019 9066 16
7153 3786 15
8343 9024 13
9098 9778 13
9723 9967 14
1375 5990 16
1545 9522 16
3209 422 13
4266 4263 13
5103 9605 15
5127 7540 15
5467 3205 14
5601 9596 14
5821 4326 14
6038 8317 16
6580 3555 13
7562 3340 13
8308 349 16
8742 1778 13
8961 2676 14
9067 2932 16
9199 7153 16
9286 4328 13
9429 542 14
9546 5716 12
415 1542 14
1205 770 13
1386 2312 16
1628 7659 15
1631 3425 15
4569 7821 16
4775 514 15
4883 6358 16
5009 4649 16
5025 1123 13
5166 4957 16
5224 3697 12
5828 9174 16
6067 2865 13
6122 7270 14
7649 9894 16
8133 7836 14
8595 9204 16
8894 3133 16
9632 8794 15
720 3813 12
2305 3843 12
2341 3317 16
2824 4029 16
3056 115 15
3147 2012 15
3477 2914 13
3556 6392 13
4676 8971 16
5285 1403 12
6224 9481 15
6290 4330 16
6678 1913 13
6889 9318 13
7175 1585 13
7245 5742 15
8037 3217 12
8747 5101 16
9124 6772 15
9210 5564 13
5 2415 12
505 7448 15
1114 3750 15
1275 8757 14
2252 5782 13
2934 8396 16
3242 5523 12
3540 8318 15
4361 6119 12
4879 2258 13
5971 2914 16
6196 4171 13
6621 9817 15
8489 3526 16
8500 4927 13
8683 8971 12
9203 6392 14
9211 9241 16
9254 6682 16
9826 4894 13
354 6911 16
1171 5005 12
1615 6968 12
1630 4852 15
1853 9731 14
1945 5282 12
3671 5344 16
3723 5217 15
4659 3831 16
4998 5556 13
5035 1682 14
5391 5402 12
6254 9926 14
6437 8125 13
6743 7696 14
7248 7742 16
7435 8732 13
7850 5057 12
7981 901 16
9453 7020 14
60 940 13
1039 4691 13
1356 6273 16
2358 6900 14
2531 4188 15
2715 2021 12
2978 4472 15
3184 6005 15
3845 8977 14
4524 2310 16
4643 172 14
5220 6935 13
5221 4306 16
5972 2509 16
6398 4940 13
6529 1080 16
6731 2717 16
7358 4178 14
7858 8448 15
9787 344 13
218 1889 13
341 3574 12
482 4715 14
598 9805 15
1418 6845 13
1583 7999 15
1727 6553 15
1838 4729 14
1942 1473 16
2611 570 13
3691 3897 15
4915 9101 12
5150 3863 12
5251 6171 15
6292 8940 13
6719 3244 13
7053 8547 14
8363 8145 16
9069 6309 12
9249 2081 14
551 8335 16
637 5451 13
1939 7359 15
2721 404 16
3438 1817 15
3442 5757 16
3704 2665 16
3738 5981 15
3891 2990 16
4017 3960 13
5185 4333 13
5243 4613 16
6030 697 16
7042 1234 15
7052 1257 14
8510 309 13
8730 572 14
8847 5811 16
9703 4103 15
9856 7324 14
1084 680 15
1301 90 14
1505 5364 12
1683 5918 15
2781 5158 15
3254 4560 12
3870 3281 14
4096 4785 12
4437 2424 15
4687 364 16
4819 5632 14
4876 1719 15
4914 6277 15
5195 4140 14
5406 958 14
6776 4211 14
7006 1675 14
8772 514 16
8930 3506 14
9041 720 15
171 8426 14
273 6712 13
360 8 16
606 1067 14
1452 7586 12
1509 3258 16
3168 786 16
3411 3163 12
3646 9876 13
4934 2517 13
5673 1187 16
6230 2748 13
6380 8659 15
7607 1027 16
7853 6646 13
7923 8749 13
8491 5766 14
8571 5515 12
8670 1131 16
9171 5346 16
309 601 15
673 3353 14
1971 7693 13
2879 9661 13
2984 346 14
4076 6664 13
4392 5977 16
7069 4233 15
7589 3738 16
7600 8235 16
7747 4040 14
7791 4686 16
8125 9485 13
8225 3808 13
8682 2696 16
8901 6573 13
9121 1597 15
9271 5621 15
9391 6976 12
9886 2640 14
101 4819 16
626 8389 12
947 9220 14
990 4787 15
2111 937 16
2742 4755 15
3202 8098 13
3604 4365 12
4090 4233 16
4609 5309 14
5774 5545 13
6251 907 14
6385 453 12
6482 973 13
7137 1048 16
8369 1687 13
8456 6523 16
8547 3618 15
8723 6686 15
9986 2283 16
1520 1744 12
2186 6559 15
2279 6848 15
2496 7981 13
3296 592 16
3418 7210 15
4135 2146 16
4975 1273 15
5267 9459 15
5390 5503 14
5423 2181 15
5432 7292 16
5660 9041 14
5843 1945 15
6288 434 13
6863 9957 15
7209 831 13
7527 3896 16
7754 2973 12
9551 2566 12
224 5470 15
975 3196 13
1521 2739 14
2444 9435 12
3057 6459 14
3202 43 13
3786 7182 13
4081 1109 14
4281 6899 13
4294 3949 14
4666 8316 16
5139 538 16
5302 1101 15
5645 8293 16
5909 421 12
6615 7595 14
8506 5288 14
8696 442 13
9135 9604 15
9433 8722 13
607 903 16
1077 4103 13
1586 6837 15
2737 3204 14
2837 2436 13
2843 1144 14
3052 8002 16
3220 661 15
3412 4570 14
3723 598 12
3772 9916 12
8488 3304 13
8538 7111 13
8605 8298 12
8734 9614 12
8790 8749 14
9351 901 13
9430 9285 16
9452 1616 14
9723 3449 14
622 2653 12
758 8477 15
1280 8071 13
1445 2725 12
2393 1118 13
2712 5507 13
3575 2666 14
3604 9055 16
3937 5156 14
5093 4112 12
5189 8049 12
5211 9618 15
5359 1113 15
5575 5403 16
5994 4145 16
8401 8366 13
8757 548 13
8978 4987 14
9315 5784 16
9867 7536 15
529 9835 14
774 2788 13
2664 1793 16
2686 1071 12
3670 7992 16
3966 981 12
4111 7475 14
5070 2761 12
5308 9453 12
5574 5314 15
6578 8435 15
6697 2496 12
6704 7810 16
7931 9969 12
8118 4597 14
8608 5677 14
9475 5890 13
9832 864 16
9922 1736 16
9958 2906 16
204 2696 14
273 3563 15
611 4126 13
628 3316 15
1084 9264 12
2185 6298 15
2944 3495 14
4886 3687 12
5311 3314 14
6022 3060 14
6557 3758 16
6883 7339 12
6914 5074 13
6938 7468 13
7074 5807 13
7599 8141 15
7627 164 13
8820 8674 14
9860 2049 12
9915 3552 14
583 4206 15
840 5546 15
1128 7839 13
2138 3789 16
2849 4782 13
3440 2195 12
3849 5429 13
3991 9769 12
4952 7128 14
5429 3847 14
5537 888 16
5698 5446 13
5786 4901 13
5911 8080 15
6640 4286 13
6749 1147 14
6955 1461 15
7124 2363 16
7842 5999 14
9274 8548 13
96 5914 16
147 5405 14
448 1123 14
1245 7942 15
2155 2145 13
2374 8375 13
2689 5551 16
2721 9868 16
3817 9899 13
3872 944 13
4314 2683 13
4982 4124 14
5078 4975 15
6437 7190 13
6564 7579 15
6585 5207 16
7138 9091 15
8181 6783 13
9672 4708 12
9925 3211 15
551 8931 14
928 6157 12
1466 7945 16
3643 3015 16
4534 6440 14
5117 2010 15
5539 4485 12
5900 5933 12
5993 1054 14
6116 991 12
6828 8363 13
7526 8625 13
7827 1740 15
7915 8435 12
8012 2380 14
8967 108 14
9185 5727 16
9467 9169 15
9497 2569 16
9660 5259 16
213 6849 13
1022 806 12
1283 861 14
1733 3701 12
2750 7753 13
2996 4730 16
3819 1524 16
4101 3493 13
4562 2784 16
4750 2069 16
5165 6100 15
6410 3652 16
6640 1575 13
6792 8839 13
6830 4641 15
7166 545 13
7347 2866 13
7699 6906 15
8593 6303 14
9170 7165 15
555 6678 16
1046 8626 12
1406 4714 14
2478 2232 14
4317 1656 13
4552 433 16
4865 3882 15
4960 8812 14
5157 2876 16
5328 9623 12
5455 9149 16
5504 475 16
5722 5869 15
7634 4770 13
7727 9585 16
8102 3523 14
8207 6387 16
8307 3742 12
8979 5476 15
9414 6207 13
151 8790 16
424 1224 16
566 7293 12
611 2745 14
2595 8896 13
3285 4442 16
3285 6852 13
3733 3421 16
4098 1600 13
4461 7972 12
6560 797 16
6902 7895 15
7136 5693 16
7228 496 13
7486 9714 13
7705 7804 16
7808 4127 14
8605 4868 15
9112 5704 13
9417 469 13
334 3132 14
1727 6242 13
1914 2231 16
2128 2109 13
2151 3303 13
3121 4640 12
3170 9739 16
3628 7936 14
4664 9373 13
5330 6993 13
5653 1740 12
5867 2471 12
6237 9406 13
6553 5401 13
7118 6466 15
7499 2244 16
7551 827 16
8281 8639 16
8417 6009 15
8834 1420 13
117 1797 15
120 7976 16
125 3335 13
847 4409 13
966 4245 12
1354 9716 12
1549 1639 14
1978 1974 15
3374 3421 16
3798 5291 15
4425 1112 12
6517 87 14
6775 2014 13
6911 6014 15
7458 1039 15
8023 1124 12
8237 9912 15
8830 8467 13
9448 6648 14
9817 6031 12
55 8826 12
268 6168 14
614 4204 16
1065 7936 13
1230 6990 14
1336 924 13
1438 1985 14
2705 6539 12
2800 9149 16
2853 3876 15
3288 6521 12
3919 1993 14
3933 1023 16
4714 4994 16
6356 6282 14
6503 8617 16
6684 9724 15
8823 6923 13
8850 3848 13
9613 669 16
359 9923 13
476 4086 13
1295 3837 16
1297 1389 13
1448 7114 16
1634 9910 16
2130 2178 14
2921 5934 13
3043 6267 16
3315 9972 15
3554 8444 16
5121 3463 13
5825 3943 13
7597 9816 16
7717 5988 13
7983 1926 15
8218 1425 15
8824 6371 15
9507 1348 13
9547 8898 15
559 3262 12
1158 7536 14
1763 5351 14
2873 3554 16
3038 126 16
3181 7029 12
3572 5776 15
4670 5994 12
5165 114 14
5754 5262 13
6847 2804 13
7188 5839 15
7376 2616 12
7742 4340 13
7765 325 15
8266 95 16
8435 6374 12
9017 3566 13
9828 169 13
9992 3903 13
74 8568 14
1400 296 15
1895 2649 16
2255 1552 13
2355 5458 16
3518 1053 16
4129 7599 16
4467 7226 16
4629 1177 15
5149 2902 15
5177 7843 15
5321 7038 12
7113 7597 13
7621 5778 15
7684 3725 14
7701 7821 15
8288 2736 12
9007 2038 15
9465 3448 15
9535 4203 15
251 1658 13
696 3183 16
777 8876 13
1579 7808 15
1942 9618 13
2246 5539 14
2399 8075 12
3726 9609 15
4242 2078 14
4811 6918 14
5472 9827 16
5535 9858 16
7400 7236 13
7454 5025 12
7552 6960 14
7962 6242 14
8139 1419 16
8727 6865 13
9178 867 14
9699 7791 15
409 5997 14
471 3244 16
907 3604 12
1275 3771 12
1328 1282 13
2218 7917 12
2627 7860 13
2643 731 12
3063 5279 16
3226 7356 13
3344 5379 13
3596 3992 14
4722 187 13
4887 6419 15
5807 4807 16
6361 7204 16
7417 3190 15
8421 139 15
9023 8462 12
9773 5157 15
1222 8442 14
1514 6247 15
1936 9686 13
3994 63 12
4157 7967 12
4322 1013 12
4491 7653 16
5235 3015 13
5592 1404 15
5721 1396 15
5805 9127 13
6058 3008 14
6294 8019 13
6325 7242 15
6644 5269 14
7189 6473 15
7530 8275 15
9309 2761 15
9437 781 13
9784 5988 15
193 1701 14
231 1361 13
954 2448 16
1545 8117 15
1652 7338 14
1706 3540 14
2017 8270 15
2970 7195 16
3253 2775 14
3311 4045 16
3328 7274 12
3428 3622 12
4539 6905 14
5338 3764 15
5887 2736 15
6118 9534 12
7129 7562 12
8092 7748 13
8582 5171 12
9000 7906 13
84 6491 16
720 1465 16
1339 8094 14
1489 6098 15
1966 3154 13
2040 7762 13
2340 3739 14
3256 279 15
3743 8056 15
5425 7755 15
5434 3934 13
5500 7085 15
5784 6783 12
6071 2253 15
8040 5732 12
8201 3191 16
8245 5806 16
8552 8532 13
8947 6221 16
9145 491 14
215 7565 12
336 3101 13
1967 948 12
1969 8031 15
2065 7704 16
2194 4410 13
2294 380 16
3527 4121 13
3866 6620 13
4971 9623 13
5681 9856 16
6302 5929 12
6421 4053 14
7238 1572 14
7286 7239 15
7769 4851 13
7834 6508 12
8250 1596 13
8914 7074 12
9974 7247 12
664 3691 12
737 6757 14
1059 4658 16
1068 108 16
2271 4486 15
2484 1541 14
2685 8984 16
4002 308 14
4265 9524 15
4854 6111 15
5420 1626 14
5796 824 12
6118 81 14
6938 708 14
8150 9069 16
8385 97 15
8634 4011 13
8766 3958 12
9930 5008 14
9940 5329 12
548 7521 14
616 4768 14
711 5910 12
940 1792 13
1189 6566 14
1209 5444 16
2532 5872 15
2724 454 14
3067 2109 12
3872 6884 14
5943 435 14
6168 4821 15
6364 2924 16
7655 7518 15
7807 5303 15
8095 5047 15
8178 5350 13
8883 1151 16
8998 9863 16
9858 6565 14
569 8592 15
1271 9191 15
1883 1879 14
2557 5328 14
3061 308 16
3439 824 13
3658 3725 16
3844 4790 13
4407 1755 15
4455 6605 15
5203 8741 14
5751 7029 14
5886 4494 16
5908 7187 16
7273 1352 13
7529 975 14
7559 1382 15
8007 62 12
8075 1342 15
9946 5673 16
689 4336 16
883 2769 13
2414 507 16
2424 7782 14
3467 439 12
3772 2061 14
3822 7062 14
3925 3430 13
4520 8053 15
5001 8958 14
5589 8455 16
5969 4970 16
6272 5496 13
6293 1971 14
6392 7534 12
6493 6721 15
7251 9491 13
9031 8217 13
9176 316 13
9814 2587 16
298 1250 16
326 179 13
817 9534 15
1600 8034 16
1657 1151 12
1758 4289 14
2956 289 13
3126 179 13
3772 7739 15
3963 8087 16
4431 5630 15
4967 3168 15
5444 7917 13
6673 1115 13
6766 3462 14
7044 9256 16
7448 6968 14
7547 7017 14
8383 6215 12
9242 8225 16
294 9378 16
1064 1367 15
1608 3783 16
2300 2891 14
2709 4483 13
3094 9974 15
3236 2387 16
3867 877 16
5003 4262 12
5233 5192 13
5355 3162 14
5573 4014 14
5788 8794 12
6265 6100 13
8480 9100 12
9264 5374 12
9732 8649 16
9776 347 14
9866 1932 15
9877 949 12
39 8812 16
171 8985 15
1275 6410 12
1490 2062 16
1666 1120 15
1761 7693 15
2140 1634 15
2498 1990 14
2536 141 12
3943 9453 16
6159 6058 15
6279 3615 14
7742 2307 15
8002 7460 12
8521 2258 12
9146 5297 13
9472 4514 14
9491 1673 13
9675 5637 13
9705 1594 13
624 9966 16
1078 7405 13
1575 580 14
1812 1884 15
2791 7628 14
2881 4331 16
2905 8916 15
3109 3625 16
4434 1597 12
5501 1917 14
5791 4018 13
6290 7519 16
6677 4963 16
7962 9114 16
7987 4539 14
8017 6407 15
8139 8594 12
8156 6752 12
9190 5672 15
9903 6804 12
194 7021 12
1020 9510 14
1338 8750 12
1393 7770 14
1884 6794 16
2599 3389 13
2714 5311 12
3177 4359 12
3634 772 12
4071 890 14
4872 9737 15
5049 8394 15
5327 4138 13
6781 7008 12
8472 7951 12
8564 9792 12
8604 7852 15
9477 6988 15
9515 1989 14
9573 5851 14
429 6937 15
1345 9239 15
1982 372 12
2115 4407 13
2656 3463 12
2691 4859 15
4945 4378 15
5376 5043 15
5525 1281 14
6425 8797 15
6514 4730 12
7027 3108 13
7160 3516 14
7245 9037 16
7919 5059 16
8173 371 13
8350 8834 12
9056 7825 15
9290 5585 15
9747 903 13
110 6210 13
1861 5707 16
2157 7534 14
2807 7989 15
2946 8049 12
2987 4605 15
3228 7855 15
4530 761 13
4964 7078 15
5119 6132 15
5907 2015 16
6185 6372 13
6683 962 16
6709 6914 12
7338 711 12
7350 128 13
7762 9275 13
8967 5431 13
9220 4689 12
9671 7557 13
90 6790 16
1122 9725 13
1313 777 12
1479 7733 16
2158 9551 14
2338 2921 15
3117 7793 15
3119 7640 14
3323 6519 15
4353 3308 13
4781 7606 14
5007 2286 15
5825 143 13
7241 6769 13
7347 5354 12
7627 6820 14
7952 7701 14
9755 623 16
9766 8032 14
9815 1749 16
1447 8182 13
2162 6174 15
2772 2115 14
3161 5723 13
3971 9022 12
4246 4663 12
4354 6133 15
4606 2279 15
4705 763 15
5710 3571 15
6793 4532 16
7146 342 12
7475 579 15
7916 2082 14
8024 6995 16
8065 1135 16
8730 5494 13
9061 3612 13
9572 8522 12
9818 5271 14
29 7031 14
55 1643 16
1028 7446 14
1041 9957 13
1429 7054 13
1716 147 12
2155 1544 15
2527 7095 13
2577 1940 16
2633 3455 12
2750 6349 13
2901 8912 13
3215 3215 13
4693 5563 16
4825 4919 13
5715 3392 15
6199 5343 14
6453 8497 16
8227 4374 16
9387 5847 14
1471 5637 13
1490 4523 13
2134 7881 13
2263 6510 14
2692 424 16
2815 6055 13
3199 6532 13
3341 5666 14
3619 3328 16
4648 8383 16
5516 5462 15
5896 5891 12
6938 3387 14
7887 4399 13
7970 674 12
8215 1106 15
8614 7052 16
8621 4147 12
8847 8802 15
9322 6598 16
609 8383 13
1221 1295 15
1235 7150 15
1332 9889 14
1397 5230 12
2177 538 12
2489 1212 12
2606 8502 13
4108 2144 13
5517 2236 14
6297 4120 16
6965 8440 15
7403 2927 15
7661 9190 14
8418 5147 14
8907 421 14
8924 3911 15
9335 1710 16
9379 2494 12
9616 93 15
1171 756 13
1642 3563 13
1904 2476 12
2301 8374 12
2377 8613 16
3207 8321 16
6098 174 13
6777 2770 13
6848 6188 13
6963 4651 15
6996 4857 12
7167 2886 16
7984 6724 16
8806 4717 12
8812 6672 14
8842 3864 13
9318 2614 14
9351 2164 13
9387 6902 16
9742 1609 13
692 4418 12
722 8445 16
1206 6643 16
1266 1511 15
1489 5666 14
2279 592 13
4266 4103 15
4520 5133 12
5991 1535 16
6204 3078 14
6734 2366 13
6801 8838 12
7747 1187 16
8173 659 16
8416 7363 12
9153 6776 14
9182 3952 16
9480 6093 16
9707 7493 13
9786 7754 13
580 6790 12
1178 2600 14
1555 5348 14
2240 1703 16
2379 6073 16
3150 8383 14
3516 1946 16
3794 7147 13
4130 3101 16
4966 7294 14
5207 719 16
5649 8699 16
5750 5158 16
6220 7033 12
6222 1514 13
6403 2731 16
6545 9982 12
6791 3556 16
6856 314 16
8716 8975 13
284 4911 14
1053 1673 16
3189 7404 16
3292 6013 14
3665 6077 14
3883 504 13
4513 4976 13
4655 9257 16
4758 6736 15
4841 647 13
5035 196 12
5433 1177 14
5794 4272 15
5938 5144 14
6287 4803 16
8278 3083 16
8282 473 13
8304 6356 16
8428 2013 14
9752 6667 15
247 2026 15
1260 9982 15
1840 4282 15
2744 2134 15
3080 1380 16
3410 5345 14
3622 8783 16
4096 7020 14
6129 6035 12
6154 3728 13
6618 3147 13
6866 4005 15
6957 5333 16
7108 7533 12
7425 6173 16
7545 3621 12
7782 46 14
8062 5282 15
8208 9424 15
9023 9336 14
24 4345 13
1039 2976 13
1124 4088 15
1854 1434 12
3030 6238 13
3162 5394 15
3242 4511 14
3326 6653 13
3330 9857 15
3811 5078 15
4274 1032 12
5127 438 15
7249 3054 16
7492 1401 14
8517 8121 15
8871 4289 15
9086 2824 14
9153 5767 13
9475 8899 14
9827 8272 12
14 6775 16
862 6844 16
878 9865 12
2508 7622 14
2918 1536 15
3025 2006 14
3407 7825 15
3773 235 14
4173 2734 14
4476 6883 14
4702 6321 12
6513 5562 15
6716 2861 16
7352 5505 14
7546 1777 13
7990 8505 15
8396 2475 15
8714 8943 15
9229 8550 13
9741 3086 12
914 2369 13
1292 3577 14
1807 3496 13
1992 3246 15
2411 4862 12
2685 5436 13
3263 9951 13
3671 9926 16
3694 8982 16
4305 3779 13
4518 2139 13
4800 4747 12
5052 8652 16
5563 7444 12
7751 2498 15
8240 7582 14
8498 3327 16
8585 2646 15
9333 362 15
9741 7716 12
20 251 15
627 8292 16
1222 7875 12
2490 353 12
2737 8055 16
3701 1803 12
3856 3161 14
5076 5016 16
5213 2733 13
5616 8156 13
6100 207 14
6264 7842 12
7054 8924 15
7249 1248 16
7453 9343 12
8773 4697 15
9280 7566 14
9883 1499 13
9916 3647 14
9924 8710 14
16 4822 16
360 2141 12
583 7119 13
916 3824 14
1185 1341 14
1486 2106 16
1556 2943 16
2182 965 14
3456 3062 14
4544 5452 16
4587 3291 16
4896 2792 12
5304 6971 13
6113 4256 12
6489 617 13
6570 6324 13
6717 932 12
6866 7249 12
8652 6597 12
9726 7408 16
1093 8139 15
1885 5317 12
2482 1432 14
2732 698 14
2871 1512 14
3376 1733 12
3749 7828 16
3955 1363 12
4190 9724 15
4336 4147 16
4669 3277 15
5514 176 15
6359 3470 15
7048 5215 13
8007 4511 12
8297 8004 16
8661 4911 14
8735 8045 16
9020 1851 13
9048 5806 14
198 5182 16
241 6582 16
404 5807 15
475 7413 15
4303 3358 15
4963 535 16
5805 2450 16
6597 8594 16
6861 4154 16
7649 2593 16
7839 377 16
7906 9786 16
8023 6665 14
8547 9796 15
8638 3253 12
9052 7114 16
9199 9291 12
9291 6681 15
9554 9571 13
9843 7124 12
693 3820 14
2545 9589 15
2558 87 13
2890 2753 16
3006 1744 15
3260 3256 13
3837 4995 16
4597 4448 16
4950 3619 13
5146 3706 16
5197 6093 12
6147 4494 14
6680 6040 16
6886 800 15
7673 6205 13
8133 3710 16
8418 735 13
9120 9159 14
9393 8708 16
9964 1791 13
30 9388 16
178 230 15
474 5608 14
1791 3152 13
1823 3986 15
3292 291 15
3623 3953 14
4067 8102 16
4376 6806 13
5035 4437 15
5120 1979 14
5146 1013 14
5421 4164 14
5469 2584 13
6703 2010 15
6776 4524 13
7330 8864 16
7411 6884 15
8179 1098 12
8847 3619 13
169 5985 12
386 6953 12
583 6085 13
597 2628 15
917 3867 14
1414 8154 12
1469 856 16
2711 3496 14
2825 4362 12
3585 2736 16
4242 9179 12
4413 3790 13
4780 5166 16
4925 4103 12
5955 464 15
6876 59 12
7612 3268 12
7642 4603 13
7969 8233 15
9807 3074 12
747 3853 14
2013 3107 13
2235 6085 15
2358 6986 12
2644 7313 13
2943 709 15
3017 1299 14
3717 6958 15
4529 4482 12
4904 110 16
5194 9343 13
6274 9508 12
6738 1065 12
7388 6425 16
7717 8665 15
8534 4031 14
8936 9297 14
9479 6411 15
9522 6292 14
9969 8841 13
479 6721 12
1184 3634 15
1191 6400 13
1250 9525 16
2610 5800 12
2806 4342 14
4115 9318 14
4785 3123 14
6173 9601 13
6235 8967 16
6610 9169 12
7361 2355 15
7408 8579 16
7441 1413 16
8636 1808 14
8779 4576 14
8884 5659 15
9200 1599 13
9828 5726 13
9925 3973 14
671 7666 16
1490 9388 13
2373 6699 13
3258 7166 12
3851 9315 12
4899 7555 13
5453 8461 14
5987 6419 16
6043 9400 16
6105 2788 15
6398 5482 12
6751 4876 16
6952 2224 15
8090 9293 12
8177 7605 16
9067 5316 15
9498 2389 15
9733 6738 16
9757 8323 13
9910 5916 13
16 4240 12
559 703 13
652 4261 13
1888 4293 14
2278 907 16
2443 6260 16
2493 2517 14
2645 8150 16
2762 8696 15
3156 4805 15
3239 6801 13
3611 1106 12
3777 8852 14
4493 3902 14
6725 4784 16
8340 158 13
9037 4933 15
9307 3784 14
9447 8018 16
9902 2752 12
170 7301 13
818 2921 12
973 617 15
986 3022 16
2951 1651 15
3935 7648 13
4107 8586 13
4184 8599 16
4253 5683 13
4399 9566 13
5010 9357 14
5648 505 12
6398 9354 12
6934 6526 16
8084 5548 14
8186 5702 15
8400 4094 14
8945 2752 14
9112 539 15
9751 825 13
1693 1107 16
2591 1698 16
3806 9309 13
3882 308 15
4108 4045 12
4140 7833 13
4267 1053 15
4884 7429 16
5157 7651 15
5514 3775 13
5567 4105 15
5699 8045 16
6172 4331 13
8083 4705 15
8233 4611 15
8725 748 15
8850 1552 15
9055 8303 13
9502 7753 14
9786 5455 14
31 618 13
1025 8959 15
2461 6094 14
2581 7643 14
2632 2102 16
2650 6752 15
2942 2065 14
3215 7613 16
3997 6638 13
4298 5709 16
5917 4439 13
6568 3120 12
6820 3050 13
7245 8832 15
7756 5675 15
8473 2960 13
8970 297 13
9493 4174 13
9644 1567 12
9935 5486 12
294 5244 15
1450 9141 16
1466 1975 15
2123 8700 12
3023 2223 16
3607 1032 14
4113 301 12
4141 9898 12
4901 8927 16
5212 3267 14
5387 7815 14
6074 2903 16
6758 3943 12
6929 3487 15
7319 675 13
7485 1121 12
8471 8630 15
9243 5897 13
9569 7106 12
9884 8639 12
199 9238 14
269 2091 15
587 9989 13
936 2165 16
1756 2064 16
2097 5912 13
2878 4769 16
3987 9836 12
4061 5154 12
4702 5143 15
5031 225 15
5410 8415 12
5525 8413 15
6592 4020 12
7347 8509 16
7736 7827 14
7892 350 14
8037 2864 16
8296 7140 14
8950 3613 15
