200 20 456217
10 113 178
10 79 192
10 98 159
10 103 185
10 100 202
10 51 181
10 69 208
10 137 165
10 63 216
10 82 195
10 98 248
10 69 197
10 74 162
10 78 178
10 136 178
10 77 250
10 96 155
10 82 194
10 104 208
10 66 208
75 5463 30
1369 8142 32
1845 782 37
2106 302 32
2776 2100 29
4326 3914 34
4832 6607 29
5554 9502 32
6510 3943 33
8900 8677 29
1595 5541 37
1771 5482 37
2462 678 32
4165 8440 33
6725 8451 30
8089 4792 29
9389 5773 32
9451 6098 36
9525 1429 36
9810 3312 28
464 5386 33
1290 7375 36
1618 389 35
3049 6146 36
3203 9716 37
3395 2474 36
4277 8339 38
5004 7291 35
5984 9009 29
7421 575 31
1621 4237 29
2358 9802 30
3495 3354 28
3508 6553 32
5270 5159 32
5645 7123 38
6282 6529 33
8563 5109 38
8982 8367 28
9934 9953 29
2791 4770 37
2869 1383 37
4297 5174 35
4419 2368 29
6150 1410 35
6527 4660 29
6731 300 30
7569 2649 28
9052 7697 31
9395 8257 33
49 9685 38
142 6785 32
1429 171 32
2357 9010 29
4277 2664 38
5415 979 31
5537 1808 30
5851 6805 34
8147 3197 38
9096 8888 29
100 2712 31
647 4705 35
672 3978 30
1033 9354 36
2369 4795 38
4765 7064 31
4842 8091 32
4901 6869 31
5103 5466 31
9026 7498 27
3402 696 33
4810 2972 32
5015 834 32
5218 3928 33
5441 8134 32
5635 1033 30
8307 9306 32
8851 2534 34
8885 9110 32
9731 1100 27
1267 5115 29
1936 1008 27
2693 2072 35
3376 3499 28
3666 7086 34
5384 5824 30
5466 1119 33
6287 8533 32
6384 902 27
6800 803 32
2244 2414 34
4887 1290 33
5169 6850 33
6058 3523 30
6439 5548 27
6871 9172 32
7129 9966 30
7211 6171 30
7424 3150 31
8347 8481 29
86 5812 35
1464 7272 37
1878 6875 35
3315 4525 29
3863 2306 31
4101 1111 32
4584 8978 27
5831 7041 37
6198 8997 28
9339 7495 30
2060 9900 27
3569 9011 28
4664 2960 37
4978 2899 31
6157 4309 28
6574 5786 31
7072 3884 35
7528 6041 36
7695 3740 32
8589 1090 35
1071 7291 29
1121 3807 33
3041 7156 28
3474 3343 27
4591 946 30
4637 8263 36
5265 6815 32
8143 4526 28
8786 1666 37
8900 5124 35
1334 4822 28
3233 5711 37
3520 4699 37
4320 8243 34
4723 6226 33
6071 421 33
6512 3401 27
8239 3135 33
8474 615 36
9624 2668 29
623 7070 34
915 3955 30
1677 7297 34
1730 7368 27
2329 9206 36
4003 5709 34
6655 7117 37
7023 9339 27
8037 1267 37
8288 4196 27
826 5732 37
1282 2263 28
1580 9743 32
1800 4169 29
5000 7032 35
7126 3530 37
8395 3858 37
9266 1016 29
9472 1925 30
9861 5479 29
2019 6661 37
2360 6979 29
2396 1613 28
2799 1515 36
3249 5993 37
3382 6078 34
5606 4673 31
7382 24 34
7684 758 30
9694 6342 30
92 7826 33
643 813 30
1624 9815 28
1714 4754 34
2252 8850 27
3096 6962 36
3422 3774 30
4202 4180 30
5031 8063 35
7134 3712 34
378 2986 29
1988 696 31
2310 4309 29
4141 2564 28
4465 3520 34
4689 538 37
5039 5328 29
7014 603 37
9039 8627 27
9880 4931 29
1934 6545 28
2359 7980 36
3370 2795 32
4244 5697 31
4396 7637 27
6124 6436 32
7077 8932 33
8005 1029 34
9422 1442 28
9512 9856 32
