500 20 23278986
25 123 152
25 50 190
25 137 152
25 77 217
25 110 227
25 118 236
25 109 163
25 74 200
25 127 195
25 88 162
25 97 166
25 110 174
25 143 165
25 103 160
25 70 157
25 83 150
25 80 214
25 100 199
25 78 216
25 123 172
14 100041 13
59 100080 14
64 100041 11
76 100011 12
192 100094 13
234 100031 12
253 100090 14
266 100088 14
286 100092 14
344 100044 11
426 100045 11
502 100027 14
536 100074 14
610 100086 13
711 100073 14
756 100081 13
776 100013 11
862 100089 11
865 100079 13
868 100037 12
876 100018 11
893 100092 13
902 100079 13
922 100066 14
969 100001 11
57 100050 11
69 100089 11
74 100019 14
76 100056 14
87 100002 12
98 100040 12
108 100080 11
136 100006 14
195 100092 13
237 100000 15
378 100031 13
380 100070 13
419 100077 11
439 100091 11
472 100068 15
472 100078 11
540 100048 12
552 100071 11
554 100089 14
628 100027 13
739 100034 12
876 100100 12
921 100013 12
951 100005 14
951 100051 12
52 100042 13
112 100050 11
122 100031 12
171 100015 13
184 100018 11
188 100064 11
207 100070 12
259 100007 12
260 100040 13
263 100039 14
328 100073 13
379 100048 11
458 100059 11
511 100087 13
532 100059 12
608 100013 13
724 100046 11
746 100040 13
786 100001 11
811 100026 14
868 100040 11
894 100084 11
905 100092 13
923 100013 11
991 100021 15
25 100047 14
50 100014 10
53 100045 13
196 100015 11
221 100074 15
239 100022 11
362 100032 14
392 100039 13
446 100011 11
503 100059 13
551 100004 11
559 100033 12
644 100052 14
651 100017 12
657 100036 14
665 100080 11
670 100032 14
675 100048 11
789 100062 14
875 100070 11
883 100013 10
894 100015 12
925 100038 11
941 100079 14
942 100068 12
19 100076 12
81 100040 12
125 100037 11
167 100020 11
202 100100 12
216 100064 13
217 100042 14
238 100090 13
246 100016 12
248 100010 13
270 100091 11
284 100012 14
299 100041 11
360 100079 12
416 100020 14
442 100031 11
448 100087 12
488 100081 14
509 100065 14
591 100099 14
667 100010 13
786 100081 10
796 100024 11
884 100021 10
972 100002 14
49 100089 12
60 100081 11
67 100097 11
72 100015 14
77 100091 14
140 100022 14
267 100062 12
292 100056 12
308 100091 12
314 100048 12
338 100012 11
438 100014 12
557 100017 11
625 100029 13
690 100095 12
759 100073 12
788 100073 13
789 100042 12
789 100074 11
809 100052 12
832 100096 14
839 100052 14
869 100081 13
923 100076 11
992 100051 14
32 100066 10
70 100055 13
104 100026 14
232 100031 14
277 100093 12
322 100092 13
341 100096 13
342 100039 13
375 100009 12
379 100042 12
411 100001 11
466 100087 13
490 100079 13
500 100074 12
554 100002 13
587 100001 14
669 100011 10
695 100011 10
723 100060 14
832 100082 11
856 100092 12
881 100034 10
945 100061 11
962 100069 13
964 100023 12
3 100022 13
13 100079 10
77 100069 12
143 100041 13
208 100037 12
220 100017 13
220 100039 11
236 100084 14
239 100037 12
258 100068 11
388 100009 14
463 100093 14
542 100025 13
574 100000 13
664 100039 12
719 100078 14
721 100086 10
729 100065 11
736 100097 11
774 100076 13
775 100087 13
840 100051 13
898 100079 14
911 100049 10
969 100018 11
26 100050 11
98 100025 14
169 100065 14
245 100050 12
288 100025 12
301 100051 14
354 100056 13
368 100039 12
451 100036 12
454 100055 14
454 100062 13
554 100046 14
602 100050 12
638 100090 11
660 100071 12
678 100091 14
703 100054 13
708 100030 12
714 100000 13
757 100048 12
825 100018 13
850 100060 14
865 100014 12
877 100040 13
911 100005 13
11 100085 11
15 100088 11
51 100017 11
51 100083 11
52 100046 11
116 100035 14
138 100049 13
152 100081 14
389 100055 12
391 100098 14
412 100070 12
443 100013 12
483 100033 14
532 100058 13
561 100037 11
644 100029 13
649 100020 12
718 100094 11
727 100051 15
728 100052 14
808 100069 12
903 100100 12
925 100060 14
927 100069 13
959 100093 11
3 100019 14
31 100078 13
40 100083 13
66 100093 11
71 100093 13
87 100032 13
92 100076 14
133 100005 10
157 100037 12
205 100084 13
231 100045 10
383 100088 13
432 100068 14
449 100039 11
468 100060 12
468 100098 11
505 100091 11
518 100044 12
619 100014 11
699 100062 13
826 100028 12
857 100052 12
863 100080 12
875 100036 14
964 100035 13
8 100037 14
28 100086 15
218 100009 12
220 100050 13
264 100078 12
287 100066 11
369 100016 14
444 100049 11
463 100062 10
497 100051 13
527 100070 12
529 100017 13
542 100017 13
605 100061 12
647 100014 10
677 100059 14
751 100099 15
753 100100 12
780 100088 11
885 100048 15
901 100053 14
908 100067 11
921 100054 14
928 100026 11
966 100094 13
17 100080 12
23 100044 11
77 100040 11
92 100036 14
116 100038 14
138 100075 11
177 100010 13
184 100050 13
198 100052 12
224 100085 11
237 100045 12
294 100069 13
460 100009 14
635 100029 14
667 100064 14
751 100078 11
753 100016 14
824 100038 12
854 100004 11
857 100012 14
865 100048 11
931 100020 12
944 100020 14
959 100023 12
961 100044 14
17 100072 13
21 100049 12
51 100073 13
60 100089 11
86 100096 11
109 100011 12
164 100055 14
205 100053 13
210 100065 11
312 100054 12
401 100045 11
432 100031 12
489 100068 14
494 100054 15
518 100017 12
521 100076 12
552 100086 14
593 100045 14
599 100051 12
804 100029 13
821 100062 12
838 100031 10
930 100036 13
935 100035 14
941 100097 12
23 100013 13
50 100077 14
92 100083 14
98 100092 11
113 100010 11
134 100090 11
157 100084 13
158 100008 12
290 100051 11
339 100005 10
389 100078 11
459 100087 13
490 100000 12
494 100071 12
516 100100 10
666 100030 12
728 100064 12
755 100016 13
767 100019 14
793 100053 11
840 100034 13
855 100025 11
862 100030 13
888 100005 13
953 100034 12
34 100070 14
66 100100 11
151 100031 10
158 100096 12
170 100041 15
222 100034 11
264 100037 14
285 100080 10
336 100013 14
354 100044 11
406 100030 13
475 100030 13
497 100094 10
535 100017 14
574 100094 11
662 100023 12
700 100016 14
702 100047 13
707 100024 11
789 100025 14
822 100076 12
838 100093 12
912 100051 11
937 100028 13
969 100023 11
5 100091 13
15 100035 12
101 100030 11
138 100067 10
163 100029 14
226 100020 11
287 100082 14
299 100023 14
381 100017 10
410 100047 10
458 100090 13
464 100004 13
482 100064 14
552 100035 11
578 100039 11
604 100023 11
712 100023 11
857 100034 11
878 100031 11
888 100008 14
964 100027 11
973 100084 11
988 100052 14
994 100009 14
995 100012 13
12 100061 14
32 100076 11
35 100043 12
109 100030 14
199 100038 11
200 100037 14
256 100040 13
258 100024 13
274 100029 11
325 100097 10
344 100001 11
368 100073 13
395 100100 11
426 100027 12
440 100080 11
491 100006 13
499 100061 11
502 100055 12
614 100021 10
673 100002 13
685 100063 14
740 100071 14
794 100041 11
795 100055 15
1000 100030 11
16 100055 14
20 100045 11
71 100049 11
94 100095 14
111 100067 13
124 100022 14
207 100036 12
212 100069 14
229 100054 12
251 100072 15
278 100024 14
304 100055 14
351 100093 14
388 100009 14
407 100027 14
456 100067 11
479 100096 12
555 100012 13
614 100038 13
656 100071 15
788 100047 12
828 100058 11
863 100026 14
976 100038 11
979 100031 12
30 100060 11
47 100086 12
182 100001 12
194 100092 14
240 100039 13
253 100086 14
298 100077 13
337 100067 13
339 100100 14
430 100039 11
435 100049 14
482 100021 10
569 100012 11
583 100086 11
596 100018 12
660 100000 14
670 100042 12
731 100069 15
770 100027 14
828 100069 13
837 100017 10
840 100080 11
843 100073 14
902 100021 12
937 100070 11
