200 20 494507
10 146 195
10 94 206
10 130 199
10 98 218
10 50 157
10 70 175
10 67 227
10 142 199
10 135 215
10 99 204
10 76 237
10 77 217
10 73 234
10 94 216
10 76 177
10 104 173
10 88 246
10 122 164
10 97 150
10 107 196
526 2018 33
861 9174 31
995 3817 36
1689 5956 30
2547 7591 28
3153 418 29
3913 4914 35
3983 5414 35
8080 1373 34
8485 5385 28
107 839 26
441 14 32
1842 5061 34
5094 2910 33
5192 9223 32
5718 9860 30
6011 5150 30
6129 7593 34
6777 9779 31
7954 1218 35
694 7176 36
719 5274 35
1391 8403 31
2812 2403 33
3029 5270 36
3101 2373 34
3450 9763 29
3881 493 33
6812 9693 33
8705 7947 27
1060 1207 30
2861 8986 34
3660 551 28
4067 198 30
6490 7159 36
6717 8747 36
7251 5363 33
7370 3749 35
9267 61 32
9663 3043 30
631 7636 30
2463 5298 32
4622 888 31
4719 5019 34
5277 6319 31
5849 7269 35
6199 9846 34
9044 8138 29
9259 3556 30
9912 1798 30
816 6311 31
2251 233 33
4425 1270 36
5937 352 28
6280 8733 32
6322 168 37
7922 3056 31
8967 8525 29
9116 1824 26
9868 5871 27
1230 8970 34
3785 1022 29
5227 3047 33
5436 7323 28
6917 7666 32
7016 7769 30
7564 7401 36
8967 7825 32
8970 6861 35
9452 2248 33
453 9693 37
596 6081 34
680 4468 33
1065 7302 33
3839 7656 31
4426 4436 30
5458 8775 32
5903 7080 36
8738 4578 36
9767 5702 27
440 5983 28
740 7065 28
1460 6791 34
2340 5688 32
3400 437 27
4811 9989 37
5944 7248 31
7042 7278 27
7435 1890 32
8368 4176 31
226 5688 32
1134 9813 36
2106 586 30
4870 7976 29
5151 7658 33
6262 9897 29
7703 8989 30
7906 3416 34
8821 1578 31
9146 7658 28
1797 5407 27
4054 3039 27
4851 4429 30
5631 5447 26
5873 8733 26
6198 9173 31
6486 3042 27
7540 6041 36
7715 2073 37
7993 432 32
77 5961 35
2752 7626 35
3221 9405 33
4339 791 29
5930 9688 33
6297 7858 30
7600 1108 29
8246 5811 35
8448 6615 28
9163 4057 29
1064 9634 31
1520 4264 30
2376 1521 30
2594 6664 35
3995 2391 36
5439 1837 30
6155 9288 35
6760 3536 30
8781 2431 35
9213 8391 30
465 6862 30
478 5210 33
537 9099 32
1640 9541 29
2553 4442 32
2647 987 32
4395 5389 32
5246 3854 28
6637 6521 34
6804 6938 33
103 9000 34
565 2154 34
2810 6523 33
3640 5813 32
5089 8309 28
6231 3294 36
6610 2085 36
6722 3706 33
8420 1997 26
9050 6990 35
1035 8135 30
2018 592 37
2428 38 34
2804 8271 32
3941 8458 29
5616 2616 29
6408 7749 33
7708 4844 31
8316 8581 30
8858 2602 29
255 1940 29
2063 9940 31
3291 9303 33
3619 7080 35
3924 9141 30
6893 3757 29
7799 1660 31
7833 4295 29
9518 8314 34
9728 7046 30
553 9564 37
1160 6061 29
1171 1989 30
1748 780 31
2084 588 37
2159 2055 35
5100 8666 31
6720 4519 32
7185 7688 35
9303 1721 30
837 6970 27
1726 5881 29
4150 1086 34
5339 5881 34
7148 3343 35
7564 6974 33
7760 2453 35
7930 3885 28
8843 2954 30
9127 8745 32
753 4062 28
1255 7765 35
1454 4033 35
4504 9811 26
5297 3573 35
6236 1041 30
6772 7880 33
7682 4499 34
8428 7931 35
9104 7114 32
