1000 20 50520837
50 79 232
50 62 228
50 111 239
50 111 158
50 103 188
50 133 168
50 146 153
50 108 205
50 55 176
50 95 205
50 147 194
50 127 218
50 81 215
50 93 223
50 72 229
50 66 250
50 65 194
50 74 197
50 86 209
50 74 170
14 100046 6
39 100082 5
41 100056 5
48 100001 5
49 100031 4
62 100081 5
68 100042 6
82 100072 6
83 100092 6
93 100032 5
138 100012 5
158 100075 6
220 100022 5
279 100050 6
282 100087 6
360 100014 5
370 100003 6
389 100038 6
445 100039 6
457 100012 6
481 100053 5
515 100071 6
538 100098 5
560 100034 5
583 100007 6
589 100080 6
603 100026 6
611 100091 6
643 100046 5
645 100004 6
658 100098 5
659 100014 6
697 100083 5
723 100064 5
725 100025 5
728 100078 5
768 100048 5
805 100070 5
821 100022 5
874 100093 6
876 100025 5
909 100062 6
922 100050 5
928 100073 6
932 100038 6
974 100038 6
983 100000 4
990 100010 5
996 100004 6
996 100096 5
30 100016 6
48 100078 5
51 100067 5
52 100036 6
58 100057 5
69 100030 5
75 100091 6
83 100064 6
84 100071 5
108 100084 6
110 100085 6
131 100051 4
152 100014 6
172 100078 6
222 100077 5
249 100067 6
296 100092 5
301 100016 5
350 100060 5
369 100096 5
379 100088 6
382 100077 5
417 100040 5
425 100055 5
436 100047 5
450 100054 6
511 100081 6
559 100098 6
605 100046 6
620 100096 6
626 100036 5
679 100099 6
683 100059 6
688 100080 5
725 100047 5
767 100007 5
775 100070 6
784 100036 6
796 100004 5
820 100013 6
825 100037 6
836 100097 6
845 100052 6
849 100079 5
859 100084 6
885 100014 5
917 100027 5
929 100026 6
941 100065 6
997 100071 6
7 100068 6
9 100040 6
14 100099 6
28 100099 5
33 100078 5
72 100066 6
74 100011 5
75 100017 6
86 100044 6
91 100051 6
116 100041 5
117 100100 6
127 100026 5
133 100031 6
156 100071 5
164 100013 6
169 100087 6
196 100017 5
204 100026 5
216 100004 6
233 100078 6
248 100024 5
278 100020 4
329 100017 5
344 100087 6
353 100017 6
402 100084 6
436 100041 6
448 100050 5
480 100052 6
495 100076 6
510 100048 5
512 100044 6
517 100039 5
522 100060 5
531 100031 5
544 100088 6
546 100082 5
555 100073 5
641 100099 5
769 100021 5
790 100029 5
837 100047 5
858 100020 5
874 100062 5
887 100035 6
902 100014 6
929 100074 6
954 100038 6
964 100029 6
8 100008 5
22 100068 6
33 100038 5
45 100073 5
50 100068 5
58 100026 6
88 100005 5
93 100007 5
103 100089 6
136 100029 6
159 100008 5
166 100100 5
210 100000 6
215 100013 5
248 100027 5
288 100010 5
293 100044 6
330 100093 5
338 100063 6
340 100042 5
359 100058 6
391 100071 5
398 100009 6
412 100018 6
462 100090 5
467 100040 6
469 100066 5
491 100024 5
524 100065 6
542 100061 5
554 100079 5
592 100076 6
610 100021 6
618 100099 5
621 100060 5
642 100039 6
656 100071 6
664 100085 5
741 100014 5
781 100029 5
845 100010 5
859 100073 5
900 100086 5
902 100043 5
925 100075 6
937 100047 6
938 100062 6
959 100038 5
983 100077 6
995 100052 6
13 100053 5
29 100002 5
31 100071 4
38 100054 5
58 100026 5
66 100080 5
85 100082 6
85 100095 6
107 100052 6
109 100070 6
115 100021 6
125 100062 6
163 100055 6
185 100012 5
200 100021 6
210 100013 6
224 100058 5
240 100007 5
273 100057 5
296 100080 6
321 100016 5
325 100022 5
337 100087 6
378 100088 5
381 100075 4
382 100050 5
443 100061 6
500 100015 6
535 100053 6
537 100002 5
597 100039 5
598 100045 6
599 100004 5
613 100011 5
613 100045 5
631 100075 5
723 100087 5
730 100083 5
752 100039 6
775 100035 6
876 100026 6
878 100027 5
879 100053 5
904 100055 6
908 100007 5
914 100031 6
918 100001 5
921 100010 6
958 100008 5
997 100050 6
10 100030 5
25 100100 5
35 100080 6
79 100061 5
89 100052 5
100 100071 6
148 100016 5
184 100092 5
214 100037 6
214 100045 5
235 100022 6
264 100001 5
277 100016 5
317 100092 5
326 100099 4
335 100053 5
358 100068 5
373 100069 6
415 100099 6
448 100082 5
495 100013 5
541 100070 6
585 100026 5
593 100082 4
620 100028 6
654 100022 6
690 100061 6
718 100067 4
719 100072 6
721 100064 6
757 100072 5
763 100079 6
766 100087 6
770 100098 5
775 100099 6
785 100040 5
787 100052 5
789 100073 5
824 100075 5
836 100077 6
854 100024 6
868 100007 6
880 100026 5
894 100064 5
901 100055 5
954 100059 6
971 100096 6
988 100026 6
988 100043 6
993 100012 5
10 100055 6
37 100014 5
42 100046 5
53 100064 4
65 100033 5
68 100063 6
83 100081 6
84 100044 6
95 100084 6
114 100049 5
170 100083 6
219 100069 5
237 100073 6
239 100094 4
294 100074 5
305 100026 5
329 100085 5
329 100090 5
342 100057 5
353 100080 5
416 100064 6
441 100046 5
442 100086 5
443 100021 5
468 100075 6
472 100055 6
472 100078 5
587 100059 5
592 100059 5
626 100010 6
644 100019 6
656 100037 6
666 100090 6
671 100096 6
680 100063 6
695 100097 5
740 100043 5
745 100099 5
756 100034 5
767 100097 6
790 100060 6
830 100010 5
849 100096 6
913 100046 6
915 100017 5
915 100042 5
933 100074 5
936 100027 5
989 100041 6
989 100076 6
8 100016 6
49 100091 6
68 100000 6
74 100094 6
77 100093 6
78 100007 5
80 100045 4
93 100092 5
109 100018 6
115 100029 6
117 100098 5
131 100081 5
153 100044 5
169 100030 5
172 100008 4
174 100087 6
186 100079 5
227 100039 5
232 100025 4
271 100033 5
292 100061 5
370 100083 4
377 100071 5
384 100028 5
392 100004 5
447 100004 6
468 100028 6
519 100074 6
523 100063 5
534 100065 5
543 100083 6
569 100097 6
593 100009 5
625 100093 5
656 100074 5
663 100050 6
700 100044 6
701 100008 5
716 100083 5
748 100006 6
791 100020 5
803 100028 6
814 100019 5
832 100024 6
854 100078 5
865 100062 6
868 100059 6
897 100054 6
942 100050 6
994 100021 6
19 100085 5
22 100053 5
40 100044 6
108 100034 5
115 100042 6
162 100083 5
170 100005 6
182 100034 5
182 100086 5
189 100012 6
218 100001 6
220 100020 5
227 100019 6
248 100077 5
281 100052 5
290 100069 6
294 100094 6
351 100067 5
353 100099 6
357 100042 6
397 100007 5
426 100002 6
427 100031 6
428 100042 6
433 100050 6
434 100057 6
437 100087 6
438 100089 5
447 100005 5
514 100055 6
530 100024 6
532 100008 6
535 100006 5
557 100090 6
559 100028 5
569 100090 6
641 100021 5
644 100061 5
665 100016 6
737 100023 5
795 100050 5
801 100018 6
802 100010 5
833 100021 5
864 100033 6
866 100025 5
883 100086 5
953 100071 5
964 100087 5
997 100043 6
34 100039 6
72 100026 5
83 100075 5
98 100050 5
100 100100 5
116 100013 6
156 100060 5
162 100036 4
175 100048 6
196 100068 6
207 100001 5
226 100026 6
234 100031 5
237 100041 6
278 100014 5
297 100100 5
309 100027 6
319 100057 6
329 100055 6
365 100034 5
366 100028 4
371 100065 5
399 100083 4
446 100054 5
462 100052 5
476 100025 5
560 100083 5
612 100032 6
626 100066 6
647 100032 6
654 100050 6
699 100016 6
712 100028 5
793 100032 6
796 100014 6
796 100080 6
801 100090 5
802 100075 5
811 100065 5
825 100004 6
835 100042 5
854 100029 5
856 100075 6
861 100032 5
875 100040 5
877 100052 5
894 100024 6
941 100043 6
941 100077 6
987 100021 5
7 100052 5
9 100074 6
26 100014 6
41 100049 5
73 100096 5
82 100050 5
112 100050 6
159 100020 6
177 100089 6
205 100062 6
225 100082 6
276 100023 5
303 100012 5
323 100038 6
335 100088 6
337 100072 5
368 100066 6
369 100029 6
395 100017 5
412 100098 5
432 100023 6
449 100098 6
455 100043 5
491 100017 6
502 100092 6
527 100006 6
533 100047 6
564 100003 6
573 100057 6
599 100013 5
619 100092 6
645 100069 5
649 100031 6
724 100029 6
735 100068 6
737 100088 5
753 100065 6
758 100059 5
785 100080 6
809 100091 5
849 100006 6
849 100032 6
855 100075 6
857 100066 5
877 100026 6
924 100020 6
928 100058 5
958 100059 6
982 100096 5
988 100062 5
29 100064 5
34 100054 6
57 100064 5
63 100095 6
101 100024 6
113 100051 5
133 100014 6
177 100019 5
187 100021 5
211 100074 6
225 100040 5
227 100083 5
247 100020 5
252 100005 5
261 100079 5
267 100041 5
309 100094 5
321 100053 5
334 100032 6
363 100006 6
372 100054 6
406 100005 5
412 100017 6
414 100064 6
418 100085 5
444 100010 6
502 100027 5
509 100069 5
566 100092 6
588 100000 4
618 100081 5
637 100008 5
678 100062 6
686 100077 6
690 100054 6
704 100018 6
742 100040 6
750 100021 6
781 100076 5
791 100035 5
808 100057 6
824 100037 6
845 100100 5
851 100073 5
884 100065 6
884 100093 5
886 100032 6
929 100020 5
939 100003 5
987 100074 5
9 100007 6
16 100053 6
39 100036 5
86 100025 6
111 100051 5
160 100046 6
161 100090 5
237 100077 6
262 100012 5
276 100063 5
286 100090 5
301 100087 5
320 100077 5
354 100038 6
385 100098 5
391 100090 6
403 100071 6
440 100074 6
476 100061 6
499 100078 5
523 100005 6
529 100008 6
534 100059 5
536 100097 4
554 100057 6
577 100041 5
581 100027 4
618 100003 6
629 100012 5
647 100027 6
651 100032 6
661 100065 6
663 100030 5
671 100100 6
683 100059 6
694 100080 6
698 100085 6
718 100082 6
751 100090 5
754 100009 6
789 100080 4
807 100082 6
857 100094 6
858 100088 6
892 100098 5
906 100005 6
919 100093 5
942 100060 6
979 100039 5
989 100059 5
49 100035 5
56 100007 5
66 100063 6
80 100057 5
127 100080 5
151 100020 5
187 100078 5
229 100100 5
290 100100 5
304 100018 5
327 100000 5
327 100078 6
368 100072 6
380 100078 5
394 100051 6
427 100044 5
433 100057 6
484 100085 6
485 100061 5
502 100047 5
505 100025 5
566 100071 6
570 100071 6
576 100006 6
621 100020 5
630 100071 5
630 100100 5
649 100043 5
657 100069 5
662 100027 5
696 100039 6
704 100037 6
710 100053 6
729 100032 6
784 100025 4
795 100000 6
801 100077 6
805 100038 6
813 100036 5
814 100016 6
833 100087 4
837 100097 5
843 100009 6
856 100086 5
867 100033 5
871 100042 5
885 100045 6
930 100081 6
992 100008 6
996 100058 6
25 100089 5
37 100069 5
43 100087 5
79 100001 6
83 100038 6
92 100023 6
133 100033 6
141 100093 5
173 100053 5
174 100006 6
185 100000 6
197 100085 5
222 100080 6
260 100068 6
320 100074 5
325 100060 6
388 100035 6
391 100023 6
400 100097 6
432 100072 5
439 100094 6
498 100000 6
534 100068 4
540 100079 6
594 100025 6
599 100027 6
613 100047 6
614 100007 5
659 100052 6
669 100079 6
673 100091 6
675 100078 5
676 100085 6
689 100094 5
714 100074 6
725 100093 5
780 100099 5
786 100083 6
812 100093 6
837 100010 6
855 100025 5
865 100043 6
866 100040 5
870 100092 5
892 100018 6
924 100004 5
935 100014 6
937 100006 4
959 100063 6
1000 100031 5
1 100059 6
23 100003 5
36 100034 6
80 100020 6
84 100013 6
111 100045 4
139 100078 5
171 100011 5
206 100038 5
215 100056 6
217 100019 5
220 100008 5
222 100022 5
227 100024 6
231 100011 6
232 100025 6
257 100010 6
290 100016 5
316 100075 6
335 100022 6
350 100061 5
371 100033 5
389 100019 6
437 100027 4
463 100005 6
468 100073 5
477 100029 6
480 100008 6
491 100015 5
497 100008 6
568 100062 6
569 100057 6
613 100085 5
680 100046 4
731 100051 5
751 100032 6
804 100073 6
823 100045 6
833 100001 6
845 100020 6
848 100050 5
881 100071 4
884 100093 5
893 100020 6
939 100001 5
958 100068 6
968 100096 6
979 100049 6
997 100074 6
999 100019 4
27 100066 4
53 100083 6
80 100085 6
119 100076 5
131 100047 6
140 100083 5
151 100079 5
156 100009 6
159 100004 6
173 100021 6
190 100075 6
219 100002 5
223 100098 6
243 100031 5
245 100068 5
249 100093 5
254 100067 6
259 100051 5
339 100061 5
372 100090 6
374 100027 5
384 100040 5
387 100045 5
392 100086 5
420 100007 6
421 100098 5
423 100073 5
442 100029 6
478 100079 5
484 100072 5
489 100008 5
494 100067 5
522 100060 6
526 100087 5
559 100099 5
580 100045 5
598 100010 6
606 100008 5
612 100021 6
658 100057 6
662 100059 5
666 100076 5
752 100022 5
798 100097 5
845 100071 4
858 100035 6
880 100052 5
894 100052 5
921 100013 5
948 100012 6
24 100046 6
73 100049 6
93 100078 6
133 100047 5
133 100073 5
181 100025 6
200 100038 5
258 100068 5
259 100051 5
307 100008 6
344 100070 5
348 100036 6
348 100080 4
351 100079 5
379 100094 6
394 100045 6
426 100064 6
466 100047 6
483 100058 5
526 100004 6
532 100007 5
540 100032 6
546 100057 5
555 100098 5
560 100025 6
570 100090 6
573 100087 6
616 100002 5
627 100080 6
632 100100 6
651 100090 6
661 100039 6
716 100031 5
723 100087 6
737 100024 5
749 100021 5
782 100039 5
782 100087 6
819 100090 5
822 100071 5
830 100075 5
831 100067 6
832 100023 6
841 100093 5
843 100046 6
858 100009 6
876 100050 5
883 100053 5
913 100047 5
931 100030 6
4 100083 5
50 100075 6
51 100041 5
68 100099 5
74 100032 5
80 100092 6
82 100096 5
172 100019 6
172 100065 6
184 100076 5
204 100078 4
219 100010 5
235 100080 4
239 100091 6
241 100077 6
247 100008 5
291 100099 6
301 100099 5
306 100011 6
339 100023 6
344 100099 6
361 100012 5
367 100006 5
407 100061 6
410 100075 6
421 100070 5
461 100066 5
462 100085 5
487 100036 5
493 100070 5
520 100060 5
575 100027 6
577 100025 5
584 100047 5
625 100058 6
669 100033 5
717 100004 5
723 100099 5
736 100041 6
792 100100 6
799 100049 6
858 100087 6
876 100023 6
921 100066 5
925 100017 6
931 100011 6
952 100072 5
959 100019 5
975 100011 5
989 100061 5
2 100084 6
13 100098 6
52 100007 5
69 100024 6
74 100071 6
85 100050 6
94 100094 6
104 100016 6
114 100090 6
146 100066 5
230 100003 6
255 100054 6
284 100028 6
324 100038 5
340 100062 6
355 100009 6
376 100021 6
433 100000 6
436 100004 5
449 100035 6
518 100046 6
556 100085 6
571 100071 5
595 100054 6
609 100082 5
630 100073 6
639 100040 5
668 100046 6
669 100088 6
679 100069 5
705 100072 5
717 100068 6
721 100009 6
724 100039 5
733 100049 5
736 100044 5
738 100005 5
742 100072 6
757 100062 5
762 100094 5
764 100006 6
767 100091 6
769 100059 5
778 100093 5
786 100079 6
839 100059 5
868 100094 5
895 100000 5
901 100051 4
984 100088 5
