1000 100 2304943
10 72 197
10 121 154
10 108 202
10 64 239
10 60 212
10 64 150
10 125 226
10 53 221
10 68 194
10 85 230
10 106 156
10 120 198
10 70 245
10 70 225
10 98 173
10 138 219
10 120 153
10 79 189
10 145 241
10 70 236
10 101 164
10 118 201
10 97 239
10 120 191
10 130 218
10 91 174
10 98 198
10 71 232
10 139 235
10 129 195
10 77 227
10 83 232
10 112 212
10 64 192
10 92 160
10 73 152
10 118 202
10 121 235
10 147 238
10 112 240
10 108 195
10 93 232
10 96 224
10 116 218
10 117 210
10 89 168
10 130 227
10 128 186
10 116 170
10 87 201
10 68 221
10 51 189
10 85 219
10 79 233
10 94 212
10 139 171
10 77 163
10 106 180
10 147 239
10 87 152
10 51 155
10 57 182
10 113 168
10 81 183
10 62 206
10 109 225
10 114 200
10 79 214
10 147 233
10 112 221
10 135 232
10 140 226
10 109 239
10 118 158
10 55 226
10 140 243
10 64 236
10 53 208
10 69 205
10 55 158
10 84 217
10 133 213
10 101 176
10 122 196
10 125 249
10 109 238
10 117 211
10 129 217
10 93 242
10 92 242
10 144 150
10 142 193
10 61 209
10 53 240
10 115 187
10 145 210
10 109 208
10 94 231
10 97 151
10 85 151
833 4799 30
851 771 28
2150 4629 37
2831 9962 33
3379 6471 29
5794 9425 32
6096 3425 29
7242 7693 31
7968 5496 26
8785 2772 31
574 3045 26
894 9818 30
1095 2867 28
3691 4665 35
5637 5568 31
5875 4946 33
8300 2677 29
9177 8792 36
9339 9624 28
9476 4145 36
2638 6598 30
3585 8297 35
3908 551 31
5156 4834 33
5528 3515 27
6408 5261 31
7093 6265 30
7754 3500 33
8251 6363 31
8293 3899 28
40 955 35
856 2470 31
1522 1973 30
1709 4607 31
2804 5898 30
5179 5868 33
5378 8736 33
7710 4522 32
8496 7391 36
9125 1081 35
348 6934 30
896 1157 30
1157 6953 31
3404 9063 29
4539 7389 37
4744 5428 29
5196 7894 36
5456 3428 30
5826 2944 30
8972 5743 37
1330 9756 33
1924 8046 31
2425 8131 37
2478 1302 30
2626 4299 30
3484 9040 35
3906 3970 35
4315 6202 33
6983 168 30
7179 1442 31
146 4880 27
1133 2129 29
2660 2926 36
4835 8842 32
5307 3041 36
7158 588 28
9039 3588 31
9040 5533 32
9360 8100 33
9369 5212 34
99 3803 30
559 9461 35
1794 2121 37
3657 1309 27
4710 2589 33
7292 5638 35
7640 8085 36
7957 2117 31
8041 7275 37
8958 2640 30
1553 8 36
4092 2332 30
6279 8308 37
6711 9535 28
6771 5593 27
8274 4086 37
8362 2795 32
9204 6222 34
9420 1570 28
9869 6746 32
441 1392 36
599 275 36
1215 3094 27
1970 4570 32
2255 7405 32
3628 7048 35
3887 7510 28
4743 7801 27
7085 1049 31
8090 1629 29
948 9520 28
1362 1359 35
1609 8022 27
1985 4400 35
2226 2410 36
3054 3100 32
3753 2368 35
4235 7817 32
4553 821 33
5278 748 35
491 8064 30
789 7457 28
1955 1588 29
3769 8018 29
4915 269 36
5212 163 37
7036 7473 34
8316 2269 36
8432 450 30
9121 998 37
482 1540 36
530 3997 35
1535 7750 36
2343 3714 35
2533 8910 33
3247 1166 30
4654 8752 31
5205 5393 35
5383 791 31
7017 6321 36
1003 7263 33
1606 3282 27
3407 1031 29
3946 3047 28
5024 9659 34
5700 763 26
5923 9297 34
7549 2546 31
8240 7471 34
8870 4587 28
1861 8289 35
2392 1053 37
3366 9000 34
4492 8631 34
5093 3362 28
6418 3171 33
7869 571 29
8559 9370 27
8766 2895 32
9960 6711 36
788 1961 28
2435 9622 35
3172 54 35
3556 9514 32
3917 975 27
3948 259 27
4831 3337 29
4849 6799 29
5914 6634 34
9166 789 27
1411 2195 29
1718 9932 27
2144 1926 31
2476 8444 29
3054 8181 31
3990 6831 36
5080 7589 33
6344 2197 33
6928 1565 32
9700 4535 29
1636 6728 31
3220 5705 29
4486 5214 28
5018 8472 29
8445 5418 31
8603 8714 37
8630 1433 31
9552 7669 29
9709 4658 31
9901 257 35
1604 3029 35
1836 7807 35
2229 4244 30
2344 3471 34
6453 4170 32
7590 6142 29
9004 2733 26
9120 8752 31
9911 5943 31
9943 3525 32
1249 2408 33
1585 6792 33
2631 9333 33
3422 6216 31
3641 4597 27
4477 6359 33
4638 4543 27
6140 5941 34
7800 6606 26
8050 4292 34
132 8689 29
1617 9913 28
2222 8194 32
2726 2560 32
3148 3214 35
5453 4087 30
5468 1973 33
6950 7086 27
8695 2760 29
8846 550 30
363 1388 35
1024 9950 28
2797 9230 30
3101 9764 27
3932 3659 28
5000 6833 36
6173 2648 29
6992 6787 36
7093 8690 27
7956 6679 32
590 7553 27
1382 7222 35
1802 6452 31
3544 294 35
4073 2898 31
4503 5646 31
4534 7509 35
5249 4593 27
6881 2765 27
7755 1654 33
1292 8502 32
1800 7592 30
2255 9962 35
2881 5271 27
4900 9286 27
4914 6747 36
6351 6769 33
7743 6273 31
8230 9865 30
8374 4372 32
506 5205 32
1105 3114 30
1191 1038 35
1785 5959 31
3549 4289 29
4430 2695 35
4453 398 28
5418 4968 35
6875 9173 30
8937 5568 35
1437 2860 36
2059 6599 29
2520 729 29
3499 8617 30
4107 7444 32
4171 870 31
4500 3804 36
5948 2021 33
7509 2836 33
7886 3555 27
728 6572 30
1156 9409 36
1324 5602 31
2219 3383 30
2820 46 31
4038 4352 33
7372 2201 30
7637 1122 36
7762 7234 31
8737 151 31
51 8327 33
610 6896 32
1229 5266 26
1807 5277 32
2825 2952 37
2969 7405 35
5444 4981 33
5467 1895 28
8590 7645 36
8872 5950 36
473 9473 33
1575 7171 29
1733 4149 33
2369 9796 31
3595 5601 34
7262 6069 28
7285 3555 37
7424 691 31
9620 7307 26
9677 743 35
551 1199 28
2174 2774 32
2493 8195 27
4993 8846 35
6092 2647 30
6357 8067 34
6920 7009 37
7419 3736 33
8028 92 35
9953 7909 32
396 7774 28
761 9566 34
1672 9831 35
2501 1731 33
3909 2377 27
4888 7823 37
5814 5316 32
7342 395 27
8628 4653 35
8670 7869 27
881 7719 34
1250 1076 32
1303 8082 27
2167 7569 32
5178 1720 27
6631 5652 36
6914 929 32
6956 8689 29
7114 2718 35
9641 4605 31
1168 1020 37
5345 4168 27
5394 7045 28
5540 2438 35
6329 1253 29
7753 3582 27
8075 4750 36
8120 6264 32
9177 4234 30
9682 4162 34
479 7734 31
1038 1962 36
3835 815 33
5334 4347 37
6500 5875 30
6536 6312 31
7124 112 28
8489 7573 35
9911 2256 29
9943 508 37
628 5003 27
2989 3400 37
4333 9904 32
4768 1061 28
5210 926 31
6721 8632 30
8742 7991 33
9043 7273 28
9053 307 29
9707 4862 33
2648 2457 37
2723 8387 30
3062 7053 34
4275 8057 27
6491 9162 27
7132 9158 34
7422 3027 34
7567 4556 27
8997 8368 33
9966 7882 27
234 8186 31
1836 5855 37
2062 3985 32
4009 4180 32
5485 5641 27
6135 8869 33
6149 5170 27
7377 984 35
7858 856 33
8611 9539 30
1306 8834 35
2917 7521 35
4188 3007 32
4372 3277 35
5218 8466 29
6251 656 29
6685 4572 35
7111 8830 31
7497 4766 30
9797 236 27
1033 9008 36
1373 2971 36
1550 6025 28
1884 6762 32
1889 9692 37
2517 7274 36
2833 86 37
4672 5580 31
7071 9408 36
7712 5300 33
1717 3245 29
1802 2125 35
3640 5156 35
4179 9704 31
4435 7939 29
5176 2734 30
7057 3059 32
7664 5805 30
8777 5845 34
9964 3 31
469 5232 35
824 9242 37
3646 3979 27
3741 8875 29
3871 3388 30
5490 5716 32
5793 5246 34
7651 6765 27
7687 3666 34
8770 8481 31
1177 7957 33
2644 5215 31
3121 6652 33
5521 5215 35
6160 1841 27
6463 8404 31
7063 4271 36
7422 6475 31
8360 9132 29
9590 2381 28
150 3774 36
721 4770 35
885 5184 34
5168 247 33
5333 8595 34
5448 9255 27
7046 4535 34
7399 260 31
9077 8834 29
9800 2293 27
4372 1323 31
6394 7222 36
6991 8716 35
7085 89 31
7317 143 35
9228 1236 30
9376 7004 27
9486 2297 29
9500 1521 36
9757 6070 35
147 6584 29
242 5028 35
431 472 32
588 3623 32
866 7200 32
3301 2813 31
5149 1448 35
5607 8998 35
5861 8488 37
8632 2288 33
1535 4749 32
1837 7688 37
4111 9939 34
5060 7930 34
5518 5742 29
6066 263 35
7971 5560 35
8407 234 37
9285 576 30
9711 252 28
330 4119 37
1264 5322 29
3391 4530 32
3782 7961 34
5081 3594 36
6883 981 32
7942 3485 29
8494 3071 27
8998 803 30
9589 173 35
2389 9019 27
2790 8043 32
3136 202 29
5571 6645 36
6292 3966 37
7983 4563 35
8429 5101 35
8846 6161 26
9150 6976 30
9616 1286 27
454 2206 36
1192 5453 28
1335 2470 30
1472 3251 30
2196 2243 35
4136 847 36
5109 4830 28
7183 5993 32
7640 7106 30
8982 9547 37
451 6804 32
2528 5236 33
3171 3101 31
3888 4440 28
4540 4804 37
5204 9852 35
7363 1810 31
8466 8118 35
8739 364 33
9792 9657 31
2055 8613 30
3974 9749 27
4077 4210 29
4139 6430 32
8408 1367 32
8527 8411 35
9703 2883 31
9776 3384 33
9929 7846 28
9991 7406 28
234 6421 32
2471 2497 33
2638 4598 31
2685 524 35
2924 7123 32
4756 8932 33
5164 8910 37
6853 4136 27
7894 4917 36
9481 7745 36
113 4121 31
2722 1521 32
4826 6654 33
5039 1721 32
7847 2608 27
8874 2687 35
8895 5200 36
8964 5544 37
9224 8149 29
9526 7716 31
1575 62 36
1837 9785 30
1850 9268 29
2690 248 29
2926 7686 32
3043 9633 29
3479 9336 27
5233 5524 32
5750 1005 30
8368 7002 37
1696 311 27
2781 6846 27
2957 9032 27
3276 347 32
3520 1025 27
5207 9906 31
5680 385 34
5980 5459 37
6240 5125 27
8733 7655 32
450 3632 29
1565 1408 37
2226 1599 30
2977 8295 35
3867 314 30
4305 6945 28
4525 3465 29
4728 7072 29
8818 6995 30
9891 8085 30
23 1417 32
118 9500 26
1591 6467 27
1717 9708 34
3488 6877 29
3701 5819 28
5190 5891 29
8361 1654 33
8706 3018 30
9478 7248 29
410 7355 34
1378 6605 34
1807 4794 33
1824 6296 32
2481 8085 32
5400 2058 32
6560 1286 32
7290 8761 36
9229 6387 37
9719 5303 32
1525 8132 32
2342 4655 33
2534 458 28
3182 2141 35
4915 8071 34
5361 1426 36
6725 5040 28
7928 9892 32
8243 367 28
9744 7714 28
2265 1986 30
2574 3406 36
2891 1794 29
3135 5428 35
3625 8887 29
4018 3819 26
4058 2173 34
5909 9290 28
5982 9423 35
6599 4745 32
3792 948 28
3918 3647 30
4235 1558 34
6016 2254 28
6029 6721 30
6080 8438 27
7919 6373 28
8156 5467 27
8523 6231 32
8586 9030 35
158 4671 29
1296 2221 27
2733 2838 28
2981 2156 31
4317 2047 27
4883 3224 33
4931 603 34
8160 6107 27
8484 1406 32
9039 6581 28
586 4198 35
3739 3237 35
5006 5923 31
5555 5557 29
6885 2065 34
6939 5404 29
7031 9779 28
7773 4446 33
7986 3654 30
8121 3678 30
2248 1955 30
2361 8439 31
2457 1839 31
3490 7637 30
3903 4236 33
4181 682 33
4907 8272 33
5154 5533 27
5312 6692 33
5346 3025 37
1336 4219 32
2693 6219 37
4928 3192 27
5316 8307 36
5706 3021 34
5804 7879 31
6738 3518 36
8370 9215 29
8528 6944 35
9010 9725 35
329 4943 35
540 2032 36
2394 7529 32
2695 7772 34
3441 9403 32
4105 312 35
4610 9444 29
6512 6966 27
7061 772 32
7420 1986 29
331 1657 29
1357 4101 30
2051 5157 33
2152 5520 27
3236 2576 30
6065 9868 32
6096 9816 37
6674 1527 27
9146 1479 33
9998 7430 29
1629 802 36
1746 1883 28
4427 2693 30
4576 7027 33
4613 4893 32
5588 2990 29
5633 6768 27
7066 1528 35
7214 625 28
8849 4666 36
305 9887 31
1713 5897 29
2063 4177 26
6050 5450 28
6111 5910 31
6595 8078 29
7121 2709 35
7701 1554 32
9504 6986 28
9921 1673 35
905 2331 27
3462 9731 31
4204 1220 30
5124 5599 26
5488 8836 31
5923 757 33
6169 5042 29
6803 2738 34
7020 9873 32
8075 6348 31
1334 5534 28
3645 3395 35
3882 6338 30
4188 6876 31
4559 2502 33
5325 4041 27
6324 9058 27
6940 8967 28
8023 4977 35
8039 8144 27
1209 3181 36
2259 8876 37
2358 1710 33
3392 5028 33
4985 2180 28
5600 3082 34
5976 1715 29
6969 8570 35
7231 6168 37
8839 3029 33
1322 999 34
1804 6485 36
2372 8832 29
2865 6674 29
3717 6833 36
5297 5144 36
6078 1895 28
7014 1786 35
9288 3682 27
9576 7311 35
72 4814 30
851 2310 27
1066 773 36
2822 936 28
3077 1353 30
4783 5080 29
5172 5932 35
5191 5831 35
6295 2732 32
9853 3048 33
831 2446 37
1598 8285 30
2109 2894 31
2790 6041 32
3949 3176 28
4707 4086 28
5712 1158 27
6908 32 35
7275 4546 37
8947 2946 30
1139 6333 33
5086 5516 32
5532 1709 27
5958 5615 37
6503 7786 28
7500 6500 36
8547 8532 27
9620 3883 36
9710 2559 35
9964 1666 33
519 9195 32
4116 9599 36
5137 409 29
5399 9750 35
5668 4419 31
5846 6198 33
6102 9201 30
7058 7795 28
8499 2444 34
9623 6279 28
123 3612 35
1282 9933 28
1779 4471 36
2539 3868 34
2896 3781 33
3639 1589 29
3863 4450 32
5178 2758 30
6124 7192 28
8043 4826 35
199 4371 26
454 91 27
1025 215 30
4242 1268 33
4696 6712 32
5936 2662 27
5937 8767 35
7531 649 35
8169 6344 31
9936 1272 37
137 1789 35
1436 8125 30
2682 4983 29
2939 759 35
2962 972 35
3057 2676 34
3967 1899 35
7647 3939 32
8144 5642 33
8751 1679 30
390 4343 31
1817 5258 36
3043 232 37
4120 5916 32
4540 9205 34
5412 6029 36
6287 7106 27
7830 4984 26
8167 1413 29
9564 3860 36
789 5385 31
2545 634 28
2933 8412 33
3842 5137 37
4132 8043 30
4928 2311 29
7251 4929 34
7930 3695 37
9097 4259 37
9711 5435 28
1013 1970 29
2640 218 34
2965 8362 31
3855 3799 37
4337 6318 35
5476 3442 35
7730 2043 32
8361 94 32
9310 7354 34
9486 1286 27
373 9820 36
2284 1125 34
3362 6945 31
3492 7558 36
4522 7821 30
5313 6337 34
6561 2264 36
7689 7077 33
9050 3559 29
9844 9871 33
1123 2693 29
1686 46 28
2490 8552 31
3329 9797 34
4003 5676 36
5014 3952 36
5034 9297 31
7099 5703 30
7301 5690 32
9228 7270 28
1019 9025 29
1942 9713 34
2383 4928 28
2460 4554 32
4349 7757 35
6925 716 29
7170 1579 35
8520 5427 28
9451 8823 29
9763 846 36
1676 3493 35
3488 8573 33
4386 4610 36
4816 5240 35
6012 416 33
7264 6649 27
7831 1321 27
7890 2984 29
7917 3554 31
8168 9781 32
414 2891 27
827 5082 30
2491 2277 35
4820 6197 35
5590 8554 28
5678 4429 31
6338 3552 29
7421 9492 28
8276 7581 30
9969 1110 32
87 7177 33
168 601 37
296 6632 27
1484 3328 27
1965 9763 28
6254 4722 32
7017 9821 36
7381 2250 33
8510 3798 36
9439 1957 37
454 3912 30
1511 6637 26
3217 2128 36
5726 6477 32
6001 7110 27
7239 6426 29
7672 9895 34
7837 7779 30
9170 1692 27
9377 8395 35
1047 2442 27
2714 7694 33
3893 6983 31
4158 7675 27
4831 6244 37
5220 2991 34
5455 7052 29
5963 7065 32
6975 5936 33
7841 6890 34
325 7888 37
599 1349 27
1662 9667 33
3444 8233 29
3726 2926 28
5142 169 30
6364 7024 35
7855 9667 31
8714 2446 29
9608 1045 34
988 2051 36
1001 9869 31
1076 757 36
2224 6752 30
4714 2880 32
5709 1250 34
6002 8846 31
6750 7135 30
8486 339 32
9462 5583 36
813 3321 34
1043 3799 34
2617 5986 36
4131 3447 35
4988 1624 27
6364 465 37
6418 9150 29
7629 2402 35
7684 5351 34
8778 4146 32
598 2810 27
2346 5892 37
2414 9518 29
3985 1509 32
4682 5054 27
6379 2107 30
6463 1744 33
7762 6784 30
8210 2764 35
8857 2060 29
631 9055 30
754 6215 35
3081 3677 32
4075 9268 36
4397 7228 27
5938 5654 31
6205 5455 32
6315 1724 29
7324 9705 33
8202 1681 36
445 7945 34
784 7352 26
1340 3062 35
1441 2865 33
3496 6266 29
5754 2524 29
6193 1738 27
6472 2214 33
9253 6104 28
9819 7529 31
1589 2149 36
1653 5625 35
2163 3211 34
3441 7287 36
3608 4447 27
4033 7871 37
4989 7993 35
5002 5044 35
5591 4386 34
6980 1727 35
647 7649 29
1324 653 30
2564 8262 33
2787 1897 35
3590 4399 34
3910 8541 32
4280 1325 29
4294 5096 27
5344 2261 35
6304 6341 33
304 3233 35
1733 6238 30
1997 6314 29
3649 4458 33
4748 2953 36
4931 7781 30
5550 7519 31
6464 7350 33
7418 9321 34
8756 6280 29
