2000 20 450575
100 145 236
100 89 185
100 122 189
100 58 228
100 53 161
100 58 183
100 138 151
100 107 172
100 138 152
100 56 214
100 131 171
100 100 193
100 92 225
100 98 173
100 110 216
100 126 184
100 134 158
100 65 177
100 106 154
100 125 173
19 271 3
30 813 3
39 338 3
44 223 3
46 293 3
46 793 3
54 18 3
70 75 3
76 912 3
89 203 3
92 282 3
96 372 2
102 91 3
103 205 3
130 137 3
133 142 3
141 160 3
155 209 3
159 444 3
181 271 3
182 784 3
189 515 3
192 992 3
232 678 3
233 472 3
247 959 3
249 702 3
254 840 3
263 401 3
272 359 3
283 367 3
339 271 3
356 779 3
360 499 3
376 24 3
383 879 2
422 4 3
429 659 3
445 548 3
465 690 2
478 27 3
491 76 3
506 269 3
511 489 2
512 102 3
521 95 3
530 310 3
558 193 2
560 247 3
565 176 2
565 650 3
589 910 2
606 151 2
610 29 2
615 725 3
661 282 3
662 590 2
666 149 3
685 796 2
689 642 3
692 233 3
714 241 3
715 332 2
723 510 2
732 534 2
755 534 3
763 557 3
778 509 2
785 832 2
793 423 2
795 541 3
812 781 3
816 446 3
822 624 3
826 270 3
827 714 3
827 757 3
837 4 3
837 524 3
847 700 3
851 206 3
852 77 3
858 80 3
860 139 3
866 824 3
868 729 2
872 431 3
872 819 2
875 391 3
878 827 3
891 232 3
901 483 3
904 280 3
906 917 2
913 47 3
926 152 3
952 325 3
979 164 3
985 800 3
991 321 3
15 892 3
27 806 3
28 940 3
66 774 3
78 800 3
79 192 2
82 852 3
94 943 2
97 257 3
111 303 3
123 966 3
139 223 3
140 269 3
152 44 3
164 725 3
167 606 3
178 77 3
192 52 3
197 542 3
208 872 3
212 848 3
215 728 3
221 724 2
255 42 3
257 923 3
272 740 3
286 346 3
304 679 2
310 449 3
311 836 2
317 763 3
322 74 3
349 738 3
356 883 3
368 171 3
384 733 3
409 959 3
414 112 3
422 774 2
423 656 3
433 232 3
461 636 3
463 631 3
469 527 2
470 147 3
472 926 3
499 52 3
514 404 3
514 474 3
520 285 3
530 289 3
530 866 3
537 443 2
542 451 3
553 593 3
566 180 3
570 997 3
572 210 3
577 626 3
577 791 3
597 424 2
599 432 2
606 642 3
617 923 3
625 465 3
674 750 2
693 970 3
706 228 2
708 625 3
711 797 2
716 579 3
728 355 3
732 362 2
735 74 3
735 955 3
748 479 3
782 546 3
799 264 3
805 254 2
808 633 3
812 11 3
827 272 3
839 671 3
839 980 3
845 889 2
847 164 3
850 741 3
860 86 3
862 172 3
863 261 3
868 662 2
871 236 2
872 628 3
889 639 3
893 192 3
896 197 3
896 542 3
965 962 3
982 757 3
995 628 3
11 3 3
28 675 3
41 162 3
45 623 3
47 588 3
48 8 3
53 534 3
81 870 3
84 340 3
89 742 2
109 738 3
120 810 3
134 75 3
141 685 3
159 706 3
163 471 3
180 887 3
239 144 3
249 512 3
260 111 3
265 469 2
265 644 2
273 675 3
325 484 3
332 498 3
353 894 3
356 143 3
356 853 3
385 864 3
386 709 2
387 738 2
399 67 3
410 472 3
417 925 3
425 160 3
476 550 3
481 320 3
483 124 2
484 661 3
493 361 2
493 625 3
496 61 2
504 320 3
508 875 3
514 21 3
515 718 3
528 972 2
533 505 3
534 768 3
541 10 3
545 707 3
545 753 2
556 623 3
556 759 3
558 185 2
578 768 3
582 912 3
600 783 3
609 9 2
614 270 3
614 925 2
624 679 3
625 785 3
626 720 3
629 948 3
630 536 3
683 532 3
699 99 3
702 715 3
716 484 3
718 825 3
722 196 3
729 901 3
754 476 3
758 883 3
760 893 2
762 67 3
769 310 3
774 22 2
808 964 2
809 452 3
827 787 3
862 482 3
868 280 3
873 416 3
898 409 3
899 558 3
907 693 3
923 422 2
925 804 3
931 135 3
943 790 3
944 884 3
953 163 2
961 848 3
962 559 3
972 494 3
982 920 3
991 698 3
994 115 3
3 814 3
11 655 2
13 654 3
24 764 2
29 500 3
31 772 3
32 831 3
33 726 2
52 812 2
104 615 3
107 100 2
107 445 3
121 974 3
165 790 3
183 890 3
185 667 3
194 124 3
207 60 3
208 918 3
218 288 3
232 156 2
235 516 3
240 465 3
264 434 2
276 381 3
283 462 3
308 273 3
309 887 3
311 162 3
341 115 2
344 83 2
355 500 3
360 323 3
374 910 3
386 683 2
388 232 3
389 474 3
391 282 3
394 596 3
404 169 3
423 30 2
429 309 3
429 969 2
435 909 2
443 665 3
446 697 3
451 14 3
455 904 2
458 289 3
489 32 2
489 736 3
498 726 3
503 587 2
506 941 3
507 742 3
517 404 3
525 380 3
528 884 3
538 353 3
538 469 3
540 586 2
540 680 3
571 547 3
579 586 2
592 19 2
600 112 3
614 345 3
618 961 3
647 750 3
658 396 3
659 574 3
666 212 3
678 220 3
681 695 3
686 263 3
687 1 3
700 896 3
702 852 3
726 639 2
734 19 3
742 259 3
769 160 3
778 48 3
784 612 3
863 905 3
866 459 2
868 244 3
868 450 3
873 561 3
905 500 2
916 490 2
924 326 3
926 784 2
932 165 3
959 377 3
963 23 3
983 952 3
985 80 3
989 187 3
1000 691 3
8 356 3
21 237 3
23 846 3
50 797 2
69 245 3
71 12 3
75 278 3
75 1000 3
90 559 3
93 910 3
103 136 3
105 534 3
126 390 3
145 199 3
155 72 3
170 24 2
171 866 2
185 532 3
223 739 3
240 864 3
258 226 2
275 187 3
280 390 3
327 93 3
329 571 3
337 778 3
354 355 3
359 166 3
363 263 3
373 127 3
380 993 2
385 991 3
402 650 3
406 590 2
416 682 3
418 527 3
421 258 3
433 345 3
435 59 2
437 492 2
440 779 3
440 797 3
450 661 3
450 975 3
455 861 3
455 934 3
466 426 3
481 162 3
489 824 3
522 705 3
537 275 3
539 613 3
554 620 3
563 553 3
569 107 3
579 717 3
590 200 3
590 570 2
592 650 3
598 36 3
599 35 3
601 233 3
607 948 3
625 232 3
628 259 3
630 701 3
632 791 3
640 516 3
664 711 3
675 748 3
682 223 3
688 758 3
694 99 3
698 934 3
701 132 3
701 236 3
713 960 3
721 703 2
752 172 3
777 50 3
782 241 2
799 816 2
830 705 3
832 71 2
870 748 3
878 263 2
882 565 2
887 548 2
895 603 3
907 897 2
942 238 3
942 639 3
953 759 2
954 702 3
955 598 3
961 956 3
969 266 3
969 305 3
984 197 3
994 260 3
6 699 2
18 995 3
29 35 2
32 353 3
39 536 3
44 697 2
47 756 3
62 61 3
62 61 3
66 184 3
74 82 3
78 873 3
93 886 3
107 523 3
117 579 2
117 833 3
123 922 3
128 115 3
133 324 3
142 289 3
161 249 3
164 93 3
172 321 3
181 246 2
186 762 3
186 856 3
209 385 3
210 998 3
221 768 3
235 508 2
238 803 2
251 949 3
271 272 3
282 123 3
282 154 3
282 561 3
286 482 3
297 579 3
333 419 3
342 190 3
342 841 3
344 908 2
345 622 3
350 68 3
379 220 3
395 447 3
411 124 3
420 453 3
425 953 3
429 185 3
456 794 3
468 372 3
486 612 3
490 552 3
499 29 3
500 361 3
505 802 2
523 775 2
552 836 2
563 798 3
569 193 3
584 523 3
586 109 3
600 543 3
608 907 3
615 297 3
617 532 3
623 431 3
646 478 3
650 707 3
673 890 3
683 298 3
696 932 3
699 898 3
701 920 2
702 900 3
712 868 3
715 861 2
729 637 2
740 987 3
750 947 3
778 676 3
782 806 3
795 777 3
798 665 3
799 641 3
803 571 2
822 944 3
826 658 3
881 453 3
882 440 3
926 938 3
927 246 3
946 817 3
949 262 3
955 252 3
960 6 3
967 92 3
981 63 3
991 535 3
2 969 3
4 316 2
20 103 3
38 579 3
78 52 3
83 83 3
85 26 3
93 538 3
106 416 2
116 176 3
119 352 3
130 316 3
152 309 2
159 67 3
173 226 2
180 505 3
199 702 3
208 311 3
222 3 3
233 503 3
236 276 3
246 58 3
246 337 3
247 526 3
249 329 3
255 924 3
272 173 2
286 932 3
289 879 3
296 574 2
311 808 3
311 907 3
325 64 3
339 777 3
345 253 3
347 634 3
358 22 3
361 149 3
364 219 3
365 9 3
379 614 2
399 639 3
413 909 2
423 605 2
440 848 3
459 5 3
484 227 3
487 305 3
496 703 3
525 139 3
525 476 3
530 878 3
543 855 3
548 913 3
550 127 2
551 315 3
553 927 3
590 276 3
591 267 3
591 274 3
600 999 3
635 231 3
635 612 3
667 192 3
668 440 3
673 746 3
677 161 3
677 593 3
681 581 3
693 972 3
700 224 3
722 103 3
738 747 3
740 775 2
757 2 3
758 586 3
771 652 3
772 610 2
780 100 3
784 737 3
796 859 3
812 105 3
815 673 3
860 571 2
877 884 3
899 869 2
909 858 2
910 288 3
917 714 3
925 549 3
927 831 3
928 91 3
929 25 3
932 213 3
937 911 3
959 942 3
967 301 2
983 149 3
986 199 3
997 251 3
6 925 2
15 801 3
21 147 3
28 999 3
36 521 3
59 321 3
60 128 3
61 421 3
79 160 3
90 188 2
101 16 3
115 719 3
123 48 3
136 552 3
159 220 3
163 41 3
172 949 3
186 331 3
191 440 3
203 540 2
208 591 3
209 704 2
232 701 3
246 107 2
271 294 3
277 564 3
279 880 3
290 442 3
322 967 3
330 640 3
342 102 3
347 206 3
354 55 3
363 124 3
368 407 2
373 902 3
386 33 3
395 671 3
415 331 3
417 560 2
418 711 2
426 395 3
432 671 3
440 132 3
450 306 3
451 330 3
459 93 3
470 268 3
486 882 3
491 595 3
491 847 3
498 653 3
506 911 3
530 166 3
543 878 3
559 308 2
562 410 2
565 151 3
568 79 3
568 177 3
572 31 3
577 451 3
587 507 2
610 655 2
612 443 3
618 654 2
643 230 3
664 50 3
665 633 3
670 900 2
685 249 3
689 95 3
692 74 2
719 921 3
723 733 3
742 429 3
746 650 3
769 364 3
772 409 3
772 840 3
799 544 3
812 608 2
829 145 3
830 716 3
838 544 3
873 364 3
875 210 3
893 293 3
893 383 3
903 397 3
905 51 3
920 901 2
930 659 3
935 352 3
947 717 3
954 689 2
955 928 3
956 948 3
980 243 3
982 641 3
12 741 3
42 145 3
48 677 2
76 883 3
86 630 3
110 404 2
119 94 3
171 641 3
173 541 3
180 458 3
180 855 3
181 613 3
181 666 2
200 12 2
203 528 3
204 437 2
218 999 3
222 288 2
223 33 3
228 785 3
231 116 3
242 901 3
243 207 3
249 548 3
251 778 3
258 181 3
266 841 3
270 55 3
276 6 3
310 965 2
329 857 2
336 966 3
343 654 3
346 799 3
347 512 3
361 86 3
363 152 3
368 818 3
384 323 2
384 947 3
394 76 3
399 28 3
399 865 3
402 305 3
405 967 2
414 574 3
431 366 3
442 657 3
447 849 3
447 1000 3
453 47 3
455 159 3
467 755 3
472 546 3
480 783 3
490 215 3
501 884 2
511 885 3
517 809 3
529 256 3
545 388 2
550 376 3
556 449 3
582 698 2
584 233 3
603 182 3
613 674 3
627 93 3
628 735 3
656 497 3
683 279 3
689 326 3
691 871 2
713 179 3
720 492 3
739 706 3
754 521 3
758 902 3
778 414 3
785 678 3
794 457 3
799 181 3
856 216 3
861 611 3
879 549 3
882 697 3
883 979 3
888 50 3
901 369 3
908 130 2
925 266 2
930 895 3
937 93 3
952 839 3
953 699 3
955 902 3
958 318 3
988 371 3
995 293 3
997 903 3
9 982 2
12 195 3
15 955 2
21 801 3
36 515 3
42 962 3
54 580 3
66 765 3
74 507 3
82 163 3
82 942 3
100 678 3
112 556 3
150 142 3
160 470 3
163 430 3
170 659 2
170 712 3
184 580 3
187 417 3
196 15 3
200 683 3
212 120 3
212 352 3
228 362 3
235 350 3
236 325 3
236 397 3
237 728 3
239 137 3
284 767 3
285 755 2
287 624 3
290 23 3
293 491 3
295 648 3
300 346 3
335 249 2
350 673 3
351 999 3
362 172 3
394 70 2
397 713 3
402 995 3
406 356 3
433 419 3
433 918 3
437 614 3
448 963 3
455 703 3
456 789 3
490 959 3
520 737 3
526 274 3
526 922 3
541 894 3
559 409 3
565 625 3
573 982 3
596 135 3
603 489 3
610 51 2
611 616 3
613 508 3
622 150 3
633 768 2
669 370 2
682 453 3
685 329 3
688 246 2
695 268 3
696 539 3
697 286 3
703 284 3
742 908 3
744 939 3
754 514 3
762 235 3
780 176 2
780 786 3
791 284 3
795 889 2
819 954 3
820 834 3
845 666 3
852 421 3
864 92 3
880 571 3
882 482 2
903 538 2
940 718 3
942 873 2
952 998 3
956 936 3
966 315 2
977 791 3
978 484 3
980 226 3
988 780 3
991 871 2
3 611 3
15 894 3
22 426 2
27 556 3
46 158 3
49 640 3
63 757 3
74 847 3
75 141 3
81 736 3
84 749 3
96 322 3
98 896 3
101 593 3
101 962 3
124 416 2
139 831 2
141 992 3
150 519 3
150 602 3
183 270 2
190 973 2
195 52 2
207 869 2
215 167 3
215 613 3
226 206 2
265 524 3
278 128 3
280 714 3
282 254 3
286 600 2
289 198 3
307 629 3
318 793 3
318 999 3
321 386 3
349 269 3
352 274 2
354 697 3
356 657 3
356 830 3
371 178 3
387 327 3
388 711 3
393 253 3
399 589 2
430 833 3
437 624 3
452 361 3
472 917 3
487 448 3
492 992 3
507 319 3
513 136 3
530 333 3
557 524 3
571 926 3
576 619 3
577 719 3
586 840 2
587 699 3
597 782 3
601 166 3
617 891 3
619 904 3
623 315 3
623 388 2
629 603 2
635 231 3
638 987 2
661 869 3
669 118 3
669 692 3
673 658 2
674 743 2
698 684 3
709 241 2
748 67 2
772 392 3
779 620 3
797 447 2
809 286 3
814 793 3
818 546 3
819 717 3
819 961 3
826 653 3
834 655 2
843 947 3
901 334 2
902 219 3
915 138 2
950 216 3
953 796 2
961 28 3
970 991 3
974 408 3
976 383 3
981 519 3
2 619 3
5 892 3
13 130 3
16 733 3
21 821 3
26 642 3
29 202 3
40 382 3
43 51 3
50 970 3
62 129 3
85 882 2
94 988 3
103 811 3
107 746 2
111 17 3
115 705 2
116 923 3
128 880 3
130 96 3
133 123 3
139 555 3
141 325 3
146 533 2
153 512 3
156 55 3
156 646 3
161 411 3
163 815 3
165 310 3
166 405 3
181 889 3
189 864 3
200 187 3
207 232 2
252 42 3
279 374 3
294 906 3
298 887 2
308 773 2
310 633 2
319 956 2
331 766 3
354 748 3
358 457 3
367 623 3
370 629 3
371 177 3
413 870 2
414 645 3
423 154 3
426 668 2
434 907 2
438 212 3
441 293 3
466 680 3
478 558 2
478 766 2
484 877 3
495 813 3
505 677 3
549 968 3
552 532 3
558 353 3
560 887 3
562 901 3
585 113 3
594 216 3
614 113 3
659 678 3
674 706 3
675 274 3
676 705 3
690 228 3
694 810 2
697 611 3
707 76 2
716 456 2
717 469 3
730 576 2
775 350 3
780 705 3
813 598 3
814 175 3
820 625 3
822 151 2
835 554 2
839 277 3
846 601 3
879 147 3
903 878 3
905 226 3
909 499 3
918 501 2
928 113 3
938 645 3
956 550 3
960 783 3
964 481 3
988 181 3
5 391 2
13 465 3
14 919 2
25 512 3
26 537 3
31 303 3
47 459 3
78 439 3
111 659 3
117 659 2
128 716 3
143 455 3
148 633 3
149 900 3
177 992 3
199 291 3
205 115 3
214 213 3
234 968 3
273 359 3
280 80 3
289 218 2
298 679 3
299 727 3
304 637 3
320 213 3
323 339 3
342 165 3
342 662 3
344 675 3
349 520 3
353 44 3
362 147 3
369 999 3
375 250 3
383 726 3
394 820 3
394 845 3
397 934 3
398 625 3
399 515 3
402 566 3
425 800 3
428 373 3
428 425 3
458 545 2
462 64 3
486 536 3
486 540 3
486 818 3
502 568 3
508 886 3
517 172 3
528 546 3
534 948 3
536 2 3
542 756 2
553 444 3
553 530 3
558 194 3
564 507 3
569 550 3
579 466 3
585 738 3
597 516 3
620 286 3
630 647 3
632 876 3
645 199 3
645 705 3
650 479 3
668 103 3
702 468 3
704 143 3
711 927 2
712 124 3
755 259 3
755 351 3
756 751 3
756 946 3
763 608 3
769 937 3
774 526 3
775 757 2
814 531 2
845 164 2
868 705 2
870 946 3
891 707 2
893 8 3
899 940 3
905 68 2
905 635 3
908 233 2
932 953 3
934 734 2
951 77 3
961 551 3
1000 251 3
1000 680 3
9 491 3
24 948 3
30 120 2
40 974 3
65 487 3
74 215 3
74 522 3
86 768 3
88 139 3
121 167 3
134 292 3
138 50 2
167 231 3
175 410 2
185 682 3
193 551 2
221 508 3
224 360 3
225 793 3
239 832 3
240 683 3
247 373 3
249 528 3
250 234 3
264 988 3
286 566 3
299 185 3
302 334 3
304 613 2
305 844 3
311 355 2
319 34 2
326 133 3
329 787 3
329 863 3
330 768 3
344 587 3
350 472 3
355 290 3
373 21 2
385 849 2
392 518 3
392 711 2
397 308 2
403 672 3
404 956 2
414 93 3
423 595 3
434 17 3
434 1000 2
438 492 3
450 164 2
458 735 3
468 783 2
483 297 2
488 561 3
500 543 3
507 88 3
516 763 2
524 640 3
542 564 3
548 886 3
562 494 2
564 811 3
568 297 3
572 27 3
583 705 3
586 999 3
600 286 2
614 645 3
616 578 2
654 956 2
663 175 2
693 647 3
704 928 3
730 6 3
731 918 3
738 991 2
746 322 3
748 841 2
751 296 3
753 444 3
785 503 2
791 470 3
802 69 3
819 846 3
834 500 2
847 7 3
853 968 3
868 115 2
892 222 3
916 107 3
927 206 3
942 803 3
951 90 3
956 707 3
964 177 3
973 385 3
984 921 3
998 905 3
27 834 3
34 79 3
37 47 3
41 26 3
66 109 3
66 684 2
67 293 3
69 607 3
74 499 3
84 26 3
110 372 3
113 751 3
129 300 3
164 791 3
177 219 3
204 771 2
237 819 3
252 585 3
254 628 3
263 679 3
274 267 3
292 949 2
299 366 3
302 602 2
304 105 3
316 233 2
332 578 3
345 658 3
348 558 2
354 52 3
370 468 3
373 2 3
373 734 3
392 933 3
413 373 3
418 450 3
425 826 3
436 94 3
436 197 3
438 888 3
449 623 3
454 156 2
461 364 3
463 617 3
468 100 3
475 633 3
476 141 3
477 950 3
484 815 3
486 670 3
490 109 3
503 926 2
509 687 3
527 227 3
536 604 2
539 718 2
554 714 3
584 12 3
597 596 3
600 652 3
608 775 3
614 69 2
617 296 3
638 328 3
638 577 3
647 728 3
663 658 3
684 633 3
690 154 3
693 278 2
704 168 3
732 775 2
747 714 3
749 375 3
765 953 3
769 760 3
771 139 3
778 572 3
779 206 2
783 356 2
787 732 2
793 929 3
805 455 2
806 962 3
826 690 2
836 807 3
837 5 3
845 990 2
852 113 3
866 437 3
870 207 3
880 231 3
886 599 3
892 751 3
894 167 3
915 773 3
951 255 3
978 875 3
996 346 3
997 30 3
11 699 3
23 292 3
27 417 2
32 904 3
44 122 3
44 405 2
50 191 2
53 981 3
61 268 2
63 631 2
64 191 3
65 827 3
67 352 3
87 423 3
89 736 3
97 295 3
99 630 3
121 887 3
148 926 3
152 616 2
152 954 2
172 387 3
176 47 3
185 481 3
199 428 3
200 138 3
239 56 3
240 197 3
257 968 2
264 985 3
265 795 3
279 383 3
280 311 3
281 451 3
287 411 3
288 580 3
296 555 3
298 452 3
299 234 2
339 916 3
353 697 3
368 668 3
379 924 3
394 881 3
399 584 2
411 554 2
450 111 3
465 729 3
466 86 3
472 246 3
495 545 3
495 928 3
509 510 3
517 427 3
522 835 3
527 703 3
536 627 3
547 634 3
566 875 3
567 798 3
576 948 3
593 300 3
600 375 2
602 880 2
607 375 3
623 76 2
634 731 3
637 721 3
653 576 3
665 461 2
668 850 3
673 993 2
676 692 3
695 365 3
707 697 2
710 175 3
715 304 2
720 899 3
747 761 3
757 654 3
758 785 3
771 408 3
772 665 2
777 294 2
800 184 3
811 30 3
844 591 3
866 742 3
870 77 2
873 183 3
912 35 2
914 824 2
916 245 3
932 181 3
940 628 2
950 256 3
966 537 3
969 908 2
973 312 2
976 1 2
14 888 3
28 874 3
33 369 3
35 173 3
61 493 3
79 549 3
87 740 3
88 684 3
89 862 3
91 227 3
93 307 3
97 473 3
114 453 3
122 344 3
124 642 2
146 919 2
168 283 3
168 392 3
169 276 3
173 551 3
195 572 3
235 304 2
259 833 2
262 489 2
264 255 2
264 495 3
275 334 3
281 623 2
290 566 3
296 947 3
312 788 3
313 63 3
332 896 3
351 337 3
372 712 3
373 286 3
375 682 3
379 44 3
382 558 3
389 484 2
395 109 3
401 391 3
404 225 3
404 725 3
421 679 2
422 1000 3
445 697 3
450 385 3
496 437 3
497 129 3
497 501 2
504 975 3
505 376 3
505 906 3
535 102 3
542 530 3
548 21 3
557 204 3
563 24 2
591 823 3
601 194 3
605 489 3
609 597 3
625 650 3
665 389 3
670 95 2
676 312 3
678 494 2
683 818 2
692 321 3
710 579 3
720 740 2
722 865 3
727 297 3
728 169 3
740 450 3
740 552 2
752 495 3
757 758 3
767 42 3
779 546 3
783 63 3
786 759 3
790 474 3
792 504 3
808 287 3
827 987 3
845 129 2
846 922 3
868 396 3
874 672 3
879 872 2
894 893 3
932 631 3
941 994 3
946 50 3
958 60 3
959 417 3
960 152 3
994 347 3
3 413 2
11 852 3
18 52 3
23 855 3
48 261 3
54 662 3
57 692 3
68 17 3
79 242 3
79 373 3
89 142 3
90 835 3
114 951 2
156 207 3
156 588 2
166 642 2
167 858 3
173 934 3
182 925 3
183 409 3
185 617 3
209 298 3
221 967 3
224 510 3
237 711 3
238 376 3
243 250 3
256 958 3
272 319 2
274 316 3
301 871 3
307 851 2
312 308 3
337 377 2
337 595 2
340 960 3
359 700 3
367 723 3
378 250 2
394 673 3
395 60 3
397 851 3
398 39 2
409 832 3
410 236 3
431 311 3
443 103 3
445 871 2
450 224 3
456 302 3
463 924 2
479 29 3
485 98 3
509 643 3
523 15 2
528 57 2
535 647 3
569 616 3
570 255 2
586 12 2
588 263 3
595 837 3
602 98 3
604 156 2
605 279 3
639 525 3
640 940 2
654 885 3
666 808 3
674 917 3
675 27 2
676 107 3
691 402 2
701 677 3
705 295 2
717 195 3
726 623 3
754 830 3
835 366 3
837 525 2
848 289 3
853 305 3
868 806 3
873 580 2
898 569 3
904 939 3
911 618 3
923 288 3
923 697 3
932 91 3
942 467 3
949 849 3
951 442 3
959 798 3
972 130 2
972 525 3
980 143 2
986 765 2
988 762 3
996 904 2
4 243 3
17 758 3
26 492 3
28 836 3
30 96 3
64 121 3
84 604 3
99 865 3
103 453 3
114 60 3
120 74 2
144 901 2
149 48 3
156 47 3
168 791 2
175 775 3
189 47 2
197 138 3
205 557 3
219 582 3
224 520 3
226 603 3
232 785 3
243 979 2
275 406 3
280 110 3
281 666 3
295 617 3
301 862 3
315 195 3
320 752 3
340 586 3
349 179 3
377 840 3
388 810 3
414 227 3
418 771 3
424 850 3
434 186 3
439 252 3
457 407 3
465 658 3
480 667 2
481 727 2
493 48 3
495 220 2
513 586 3
517 889 3
528 355 3
546 462 3
552 867 2
555 376 3
564 194 3
565 317 3
568 394 3
577 386 3
579 294 3
587 322 2
590 143 2
593 120 3
596 355 3
612 350 3
629 336 2
648 90 3
666 303 3
677 561 3
707 912 3
718 488 3
733 63 2
733 801 3
736 360 3
737 205 3
748 677 3
751 260 2
753 250 3
754 929 2
787 919 3
788 654 3
789 46 3
800 483 3
810 454 3
812 734 2
825 185 2
832 272 2
835 240 3
839 621 3
856 88 3
879 628 2
883 106 3
886 343 2
886 479 3
888 935 3
891 84 3
927 674 3
947 671 2
973 287 3
973 337 3
975 177 2
980 219 3
990 686 3
11 316 3
21 613 3
34 281 3
35 467 3
53 578 2
67 643 2
71 459 3
80 190 2
110 179 2
118 264 3
120 390 3
125 415 3
130 445 3
134 147 3
146 587 2
162 403 3
174 770 3
179 354 3
192 110 3
201 895 3
211 176 3
220 273 3
235 759 3
248 689 3
252 484 3
258 662 3
264 899 3
272 485 3
277 951 3
279 933 3
296 397 3
309 956 3
321 405 3
323 821 2
329 601 3
355 395 3
362 426 3
365 666 2
400 837 3
419 242 3
433 723 3
436 172 3
447 391 3
449 724 3
467 273 3
486 910 3
492 412 3
499 585 3
505 424 2
511 283 3
520 122 3
520 427 3
529 972 3
542 23 3
560 744 2
561 386 3
571 793 3
573 668 3
574 64 3
578 270 3
585 295 2
595 885 3
602 888 3
604 289 3
626 775 2
638 42 3
643 813 2
672 552 2
674 938 2
683 672 3
686 962 2
701 946 2
707 155 3
713 680 3
715 97 3
716 903 3
718 235 3
725 234 3
751 12 3
797 287 3
807 39 3
807 724 3
826 171 3
834 715 2
834 1000 3
836 356 3
839 227 3
851 331 2
864 63 2
864 629 3
864 859 3
881 858 2
882 861 2
911 446 2
915 315 2
935 809 3
954 190 2
968 406 3
985 499 3
995 179 3
