200 20 10500123
10 121 179
10 136 164
10 136 245
10 148 228
10 76 195
10 117 173
10 109 206
10 148 239
10 74 206
10 85 160
10 66 196
10 73 197
10 133 213
10 122 177
10 147 214
10 52 202
10 114 200
10 145 164
10 85 237
10 149 228
154 100052 31
155 100003 28
185 100059 31
231 100025 32
296 100025 31
420 100020 30
566 100029 28
601 100040 25
677 100078 32
821 100061 32
136 100057 27
151 100042 27
276 100006 30
286 100000 26
553 100037 26
620 100076 32
641 100012 28
701 100076 26
705 100000 33
940 100083 24
36 100097 32
181 100098 26
194 100052 28
481 100033 24
488 100021 32
509 100071 31
749 100057 29
793 100023 31
797 100029 26
957 100010 24
160 100040 26
210 100029 33
347 100055 31
496 100043 24
624 100040 23
831 100017 25
847 100062 31
858 100005 28
911 100042 25
974 100083 31
24 100023 31
42 100071 32
74 100065 24
118 100067 27
237 100047 28
312 100010 28
313 100063 30
482 100061 30
563 100078 27
934 100069 31
275 100078 32
281 100032 27
305 100019 24
371 100068 27
389 100044 30
570 100060 25
628 100071 30
690 100033 31
749 100028 32
881 100039 32
441 100095 28
479 100094 31
483 100011 28
504 100008 31
522 100009 30
650 100019 33
678 100073 29
781 100052 32
821 100035 28
832 100075 24
83 100073 28
184 100010 26
257 100047 32
372 100034 32
433 100089 28
463 100093 28
503 100023 26
839 100044 29
849 100073 31
983 100092 32
46 100056 33
109 100078 26
205 100017 30
433 100064 25
567 100034 24
789 100075 24
796 100077 30
821 100013 29
945 100012 32
968 100054 26
23 100070 24
69 100003 24
180 100042 26
297 100014 25
444 100081 28
446 100091 25
540 100072 29
664 100071 30
893 100057 24
920 100025 28
101 100085 26
166 100048 27
175 100009 29
208 100063 30
264 100087 30
283 100074 31
413 100094 33
437 100043 23
735 100057 32
790 100071 30
111 100033 27
115 100035 30
182 100045 28
351 100013 28
562 100100 28
660 100096 25
744 100030 24
883 100026 31
950 100051 27
953 100092 24
57 100097 27
341 100090 31
647 100002 31
656 100099 32
690 100096 32
743 100046 26
864 100074 23
949 100048 30
956 100097 26
964 100014 31
15 100055 26
49 100066 28
211 100040 30
215 100013 30
254 100030 24
263 100090 26
529 100052 25
658 100004 31
667 100072 30
748 100089 25
8 100001 27
172 100014 25
188 100011 25
203 100019 33
246 100024 23
262 100060 32
283 100000 27
584 100004 26
763 100089 23
927 100076 30
99 100003 28
112 100024 28
145 100075 31
213 100023 32
248 100083 27
308 100075 30
504 100054 29
678 100073 29
861 100052 31
956 100023 27
187 100094 28
188 100094 25
244 100032 33
274 100016 31
405 100059 27
416 100027 31
598 100040 24
735 100023 25
812 100060 29
909 100079 25
101 100091 30
101 100096 28
186 100054 32
192 100022 31
324 100034 30
542 100007 28
618 100037 27
642 100010 30
815 100090 29
954 100011 33
121 100004 30
132 100019 31
188 100048 26
279 100075 33
423 100027 24
505 100053 31
672 100015 27
758 100090 33
828 100002 28
853 100046 28
81 100062 25
96 100085 31
347 100003 25
451 100000 29
489 100034 31
522 100050 24
545 100028 33
645 100068 31
749 100093 26
857 100014 26
