200 20 535732
10 75 246
10 95 218
10 150 195
10 97 229
10 89 237
10 71 172
10 51 154
10 78 174
10 75 187
10 135 152
10 65 214
10 89 205
10 81 203
10 126 177
10 99 212
10 58 159
10 150 237
10 68 210
10 137 150
10 63 226
3632 7831 28
4334 7432 29
4783 7877 28
5109 8467 31
6211 4380 30
6367 283 29
7290 699 24
7754 9468 27
7825 5061 25
9125 190 25
2126 8820 26
4423 3084 33
4587 8051 26
5057 3344 33
5376 1756 25
6000 815 26
6477 8941 25
8160 8433 32
8438 8266 30
8463 7482 23
1307 4699 24
2817 3632 26
3820 8917 25
4572 8630 26
4902 147 27
6810 7669 24
7111 9409 23
9155 2865 31
9632 3210 31
9741 639 32
477 8585 27
562 4481 32
1192 2603 27
1195 4508 30
3832 5097 23
5769 6211 30
6575 8351 26
7913 670 33
8434 2453 33
9086 1177 31
902 7962 24
1022 2309 25
1661 4484 23
3681 598 24
4566 9475 28
4746 9025 25
4906 1521 32
6992 8712 26
8745 7330 30
9232 1421 24
1626 8641 28
1980 4376 29
3676 7388 26
4110 5120 26
6858 2328 24
7034 6163 24
8003 6952 29
8042 239 29
8269 5268 32
8498 6968 32
1233 7446 31
1318 3169 24
2606 5476 23
3365 8916 27
3519 4958 28
6011 1724 26
6306 7796 28
6699 4196 27
6859 3925 27
9505 4998 30
269 9148 30
819 2060 31
1672 5404 28
1899 1331 30
3233 7481 25
3658 4033 32
4420 6650 27
4987 493 24
6345 8088 25
7611 2112 32
711 1751 27
1726 1758 32
2911 8532 30
5087 8663 31
5467 8911 24
5668 3041 29
6052 6397 26
6054 2699 24
6340 1319 27
6445 8394 30
5 706 23
974 3000 32
3136 866 33
5102 9958 26
5794 6996 31
6214 2491 28
6262 5621 32
6316 9371 27
9152 8522 28
9290 4524 28
2190 4166 24
2643 4719 24
3858 6402 27
6328 5244 31
6665 8351 32
6666 9262 28
6902 3 28
6970 3918 26
6980 8679 28
9268 616 24
19 2627 31
862 2189 24
2361 5502 30
2433 6346 25
3158 9440 26
4788 1376 32
5333 557 27
5533 351 30
5877 6334 26
7381 3961 31
509 2135 32
1898 3269 25
2579 8442 25
3117 7025 27
4605 5089 24
5528 136 26
6050 1880 29
6101 1538 33
8113 5200 24
9436 5298 29
678 4633 26
1913 7471 26
2148 1254 31
5971 2725 27
8732 7569 32
9154 8074 29
9300 5628 30
9503 9544 28
9664 5440 32
9767 2617 25
1102 9579 32
2909 5995 27
4024 8343 25
4648 3489 25
5298 8123 24
5902 5849 32
5914 7353 33
6212 3745 24
7076 9373 26
8490 368 29
540 4908 24
3357 5231 31
3421 6271 30
3587 775 25
3720 5906 28
3778 3628 26
5128 5746 27
6247 1391 27
7687 9238 29
8624 7440 28
18 737 27
1036 1957 31
2307 5525 30
2831 663 27
3010 4779 24
4070 3961 27
4494 2746 25
6847 5016 26
7431 9276 30
8818 8045 24
839 9882 30
2066 7261 30
4574 4008 32
6795 1924 31
7113 8823 32
7979 1547 33
8706 4698 28
9172 3856 25
9307 6612 26
9507 2323 32
489 1731 24
622 5186 28
666 9555 32
2400 8389 29
3030 392 28
4911 6235 27
5506 6012 30
6698 4848 26
7356 570 32
8961 7588 30
4050 6859 29
4094 9067 31
6771 6132 26
6861 6606 31
7064 2589 26
7067 5012 32
7113 6338 24
7855 8451 24
8418 6526 30
9403 7601 25
