1000 100 53492784
10 66 250
10 144 172
10 58 235
10 148 185
10 134 231
10 139 178
10 54 205
10 146 217
10 82 166
10 139 206
10 85 249
10 139 161
10 71 237
10 104 174
10 129 154
10 124 154
10 141 167
10 63 169
10 57 186
10 136 187
10 83 197
10 133 187
10 71 250
10 116 232
10 83 166
10 142 247
10 135 206
10 108 174
10 86 153
10 129 177
10 71 237
10 53 205
10 56 242
10 65 173
10 141 236
10 150 206
10 73 202
10 127 164
10 110 238
10 64 247
10 84 187
10 130 173
10 50 176
10 120 211
10 146 153
10 89 206
10 66 165
10 142 195
10 115 158
10 72 219
10 114 190
10 57 234
10 126 205
10 137 238
10 84 176
10 124 243
10 128 231
10 75 200
10 101 210
10 84 175
10 55 231
10 101 244
10 146 189
10 95 214
10 85 172
10 105 179
10 107 185
10 129 223
10 56 183
10 65 230
10 70 162
10 97 178
10 124 157
10 104 187
10 100 234
10 139 150
10 94 164
10 141 191
10 55 237
10 128 210
10 97 173
10 96 218
10 53 156
10 143 231
10 73 236
10 129 228
10 64 174
10 101 178
10 89 178
10 118 177
10 137 173
10 111 203
10 55 235
10 90 151
10 60 205
10 51 201
10 124 155
10 86 242
10 148 150
10 76 183
157 100046 24
294 100062 31
472 100031 23
591 100073 26
695 100075 28
726 100040 26
765 100002 28
789 100008 31
799 100083 23
932 100089 24
162 100080 23
267 100020 31
353 100008 24
468 100067 27
578 100088 27
673 100017 24
696 100054 29
703 100037 27
826 100010 26
883 100036 24
35 100045 25
92 100021 25
220 100077 25
237 100094 28
550 100080 27
595 100093 31
637 100003 25
719 100037 28
791 100023 27
796 100031 23
234 100023 28
247 100036 24
304 100063 24
315 100062 27
339 100043 23
835 100035 24
862 100063 26
959 100045 30
960 100023 30
966 100085 30
196 100007 24
203 100091 32
516 100077 26
559 100007 30
626 100018 25
628 100061 32
703 100013 25
716 100091 29
819 100005 28
919 100033 24
55 100018 29
246 100045 29
282 100099 24
358 100052 25
603 100068 29
637 100070 23
757 100056 30
805 100074 27
834 100001 29
980 100063 31
126 100001 29
126 100020 27
365 100055 30
474 100000 27
492 100049 24
594 100050 31
621 100017 31
741 100095 32
768 100021 32
913 100057 28
3 100036 26
131 100099 32
318 100023 32
390 100092 25
539 100043 26
570 100043 31
821 100008 25
821 100037 27
892 100090 24
912 100073 31
84 100078 24
103 100007 28
373 100075 31
494 100039 28
504 100062 32
507 100032 32
561 100068 29
714 100076 23
727 100012 28
966 100098 31
112 100029 30
142 100077 23
225 100056 24
321 100079 30
464 100015 23
684 100031 24
765 100027 24
784 100053 32
889 100077 25
905 100074 32
280 100043 28
386 100093 30
421 100033 31
441 100026 26
499 100041 23
502 100067 30
739 100093 26
782 100056 26
790 100098 24
871 100034 24
72 100052 27
316 100071 26
341 100055 32
429 100043 27
640 100080 26
659 100048 29
711 100007 27
762 100036 23
770 100042 28
985 100061 24
91 100010 25
96 100006 29
128 100063 30
178 100097 25
242 100000 25
284 100042 26
683 100020 24
731 100033 32
813 100061 27
836 100091 24
73 100070 26
213 100089 29
227 100044 25
261 100075 32
278 100100 24
597 100055 23
607 100007 23
681 100010 25
685 100082 30
700 100066 29
38 100001 31
146 100091 31
188 100051 32
258 100062 32
485 100088 25
774 100001 24
824 100029 26
904 100050 31
958 100006 28
968 100097 26
70 100015 25
281 100061 30
288 100037 27
411 100093 24
473 100042 29
493 100085 23
715 100037 28
718 100066 31
866 100024 26
925 100087 28
259 100066 25
748 100080 26
763 100082 29
843 100083 27
882 100081 31
890 100071 30
897 100004 28
912 100085 31
947 100043 29
956 100078 31
24 100049 26
62 100089 24
266 100095 28
276 100027 23
278 100066 29
583 100023 23
625 100054 24
638 100021 28
641 100095 32
665 100007 28
149 100047 29
191 100016 24
430 100007 32
500 100099 32
551 100051 29
627 100009 23
782 100055 27
807 100069 26
879 100093 27
905 100046 23
89 100024 31
294 100092 28
309 100025 23
342 100052 23
378 100036 24
640 100020 32
670 100092 24
825 100099 29
870 100059 23
887 100044 26
12 100082 31
92 100038 27
96 100086 30
101 100079 27
237 100095 25
245 100080 27
326 100061 29
514 100058 30
565 100066 26
761 100005 27
90 100049 32
94 100041 32
175 100022 31
240 100073 26
288 100027 25
338 100033 28
549 100062 27
676 100063 27
877 100082 27
879 100065 31
21 100051 28
235 100032 26
375 100098 26
413 100022 23
462 100064 28
488 100049 28
824 100062 31
839 100008 24
856 100036 30
997 100086 29
32 100088 27
194 100086 27
240 100008 27
558 100010 28
575 100005 31
615 100081 32
747 100008 25
912 100065 29
926 100095 23
954 100068 32
88 100074 28
252 100010 28
266 100012 28
316 100001 25
428 100085 31
481 100097 29
595 100047 31
853 100099 31
872 100027 31
995 100091 25
15 100048 29
211 100035 29
341 100051 27
359 100067 24
402 100036 32
432 100071 28
656 100028 25
736 100048 24
763 100036 26
851 100011 23
93 100028 30
123 100055 24
314 100096 26
379 100079 27
489 100075 26
555 100079 24
571 100056 24
592 100068 32
689 100008 24
780 100012 30
6 100034 26
220 100062 32
411 100018 31
482 100030 28
664 100068 23
682 100058 29
732 100037 31
787 100052 29
915 100011 31
939 100041 29
9 100088 32
247 100092 27
294 100015 27
351 100037 25
353 100041 26
395 100027 30
629 100096 24
649 100096 32
681 100007 23
748 100032 26
22 100097 24
317 100047 29
337 100069 23
417 100026 32
479 100034 28
535 100074 31
701 100027 30
801 100063 32
840 100071 25
950 100083 30
16 100021 29
56 100049 30
174 100006 31
212 100003 26
271 100084 27
288 100023 28
342 100043 30
354 100096 30
434 100035 26
473 100071 26
330 100084 26
389 100018 27
570 100089 24
594 100041 25
596 100017 27
606 100036 27
697 100089 28
725 100046 30
856 100033 23
954 100093 30
55 100072 30
260 100049 23
351 100077 31
647 100083 26
751 100017 29
778 100097 31
787 100077 29
866 100020 28
878 100073 28
894 100004 23
6 100005 28
122 100026 26
133 100065 25
498 100065 27
505 100037 26
530 100000 28
604 100069 24
669 100056 32
824 100024 31
978 100071 28
84 100078 29
98 100011 30
161 100011 31
230 100025 25
362 100051 31
367 100055 31
437 100066 31
694 100044 28
911 100096 25
989 100021 23
75 100016 25
152 100084 30
190 100052 31
201 100095 31
276 100033 27
340 100044 27
619 100098 24
875 100018 27
889 100038 31
941 100085 24
112 100089 24
446 100029 30
450 100001 23
485 100044 24
520 100100 28
537 100002 24
563 100090 30
610 100079 29
751 100086 30
870 100031 29
26 100046 29
162 100090 24
249 100040 30
262 100073 23
300 100014 25
501 100079 29
603 100012 25
763 100051 25
793 100076 29
812 100037 25
9 100004 31
27 100056 29
183 100098 25
259 100025 26
287 100072 31
394 100077 27
453 100006 23
565 100040 28
867 100093 23
934 100066 28
14 100073 29
23 100046 31
182 100071 23
219 100093 30
273 100065 26
405 100082 26
433 100047 28
853 100028 30
895 100023 23
972 100025 31
151 100041 29
211 100079 27
297 100049 24
390 100069 25
559 100064 26
614 100045 28
646 100088 25
727 100078 25
930 100005 24
963 100046 31
363 100015 26
365 100044 24
403 100048 31
435 100089 27
480 100074 25
534 100087 28
731 100093 27
747 100033 25
827 100072 24
935 100062 32
111 100021 24
224 100052 26
294 100016 25
468 100088 28
579 100098 25
595 100008 31
601 100100 26
622 100078 29
697 100034 26
814 100057 29
12 100072 30
310 100023 30
385 100043 27
506 100013 28
605 100071 30
636 100063 24
665 100087 25
675 100078 25
734 100049 31
923 100004 31
158 100053 24
225 100031 26
336 100022 26
572 100071 32
585 100041 25
723 100085 23
780 100080 26
808 100004 25
832 100100 32
836 100003 32
2 100088 28
26 100089 26
71 100057 24
83 100047 25
126 100038 25
557 100070 31
581 100003 32
604 100073 30
895 100026 29
942 100079 28
6 100081 23
62 100065 25
238 100092 31
331 100014 32
340 100075 30
449 100051 28
471 100090 23
479 100031 32
534 100076 28
629 100007 24
23 100030 23
185 100026 31
236 100080 24
266 100074 23
502 100086 32
544 100022 27
613 100009 28
648 100018 28
685 100020 26
861 100081 29
10 100027 30
152 100034 28
216 100056 26
239 100011 23
565 100038 31
726 100073 31
775 100047 27
821 100051 26
913 100011 26
925 100018 27
219 100024 32
267 100057 29
372 100034 32
441 100004 28
441 100041 24
775 100044 28
867 100092 29
881 100002 24
935 100092 32
937 100032 27
46 100005 32
69 100055 27
88 100095 28
191 100062 31
398 100097 29
410 100062 31
517 100053 25
530 100061 32
744 100009 32
906 100069 25
283 100030 24
314 100091 31
492 100091 24
602 100054 27
633 100050 23
763 100024 25
939 100069 25
944 100068 26
951 100006 26
986 100057 29
34 100097 29
50 100034 31
353 100042 28
502 100096 24
528 100090 23
718 100000 32
806 100033 31
857 100018 31
974 100058 29
978 100088 28
56 100018 26
126 100064 29
196 100005 29
243 100051 31
354 100078 31
571 100046 30
750 100084 25
769 100043 30
798 100001 30
818 100013 23
52 100045 32
159 100079 32
256 100036 27
284 100012 27
369 100035 31
371 100078 24
566 100089 24
624 100084 23
721 100095 31
955 100030 28
184 100032 27
232 100021 29
389 100084 24
463 100079 31
685 100018 28
788 100001 26
823 100063 23
847 100034 31
876 100027 31
928 100009 27
76 100066 27
236 100085 23
486 100070 26
560 100074 30
590 100058 24
699 100078 29
735 100060 27
835 100041 23
837 100025 25
969 100077 27
109 100000 25
135 100001 24
261 100030 31
422 100040 26
471 100096 24
497 100005 27
695 100064 29
699 100022 31
834 100044 28
957 100081 31
10 100043 31
260 100080 25
339 100061 30
341 100021 26
470 100090 24
535 100010 23
566 100083 25
696 100041 29
744 100089 27
898 100002 28
179 100036 32
179 100084 31
279 100071 31
291 100079 28
371 100001 26
418 100081 25
432 100031 30
598 100005 27
611 100023 30
658 100038 30
58 100043 26
226 100078 27
572 100073 30
610 100013 27
639 100089 24
660 100033 25
752 100053 29
765 100078 27
811 100042 26
843 100094 25
13 100034 26
28 100002 27
38 100074 24
97 100006 27
319 100019 25
530 100009 30
643 100001 26
657 100085 27
690 100043 27
711 100070 29
101 100023 24
125 100047 23
449 100082 31
468 100072 25
546 100031 31
660 100047 32
719 100067 27
729 100043 26
945 100016 28
950 100074 31
123 100077 30
139 100082 26
340 100074 30
397 100058 24
525 100072 31
688 100023 26
791 100094 24
901 100086 23
934 100027 27
950 100018 27
43 100086 31
56 100049 31
57 100074 28
93 100077 31
158 100089 29
247 100080 30
349 100084 25
770 100084 29
794 100063 28
827 100007 29
33 100010 24
101 100025 31
151 100021 25
189 100006 30
214 100080 29
330 100052 25
444 100055 30
656 100039 32
667 100032 25
768 100038 24
85 100001 31
153 100100 26
246 100057 31
252 100093 32
476 100006 25
525 100088 23
611 100044 24
816 100017 28
865 100040 27
889 100002 30
40 100090 31
76 100062 28
98 100067 28
151 100036 31
360 100100 31
457 100042 25
578 100098 25
678 100083 26
933 100025 25
996 100011 29
4 100086 25
270 100019 28
338 100039 26
601 100054 30
659 100048 25
731 100057 24
784 100019 28
872 100067 27
887 100018 26
923 100049 30
38 100051 32
190 100057 23
191 100081 28
228 100087 26
347 100085 27
552 100083 24
712 100015 29
828 100086 27
874 100087 28
993 100028 24
29 100056 25
80 100049 23
86 100015 32
95 100094 25
113 100043 26
307 100046 24
581 100095 31
692 100049 26
755 100074 28
851 100009 27
85 100042 25
165 100043 25
206 100063 31
457 100052 24
471 100084 25
479 100085 26
506 100041 29
542 100087 27
782 100065 26
916 100052 25
56 100061 27
145 100087 28
273 100089 25
374 100073 27
419 100099 31
610 100013 26
675 100016 23
712 100062 26
765 100006 28
863 100090 30
263 100003 32
303 100009 25
346 100082 24
354 100079 26
591 100088 28
635 100009 30
700 100091 25
793 100035 27
873 100012 30
899 100017 28
165 100063 30
167 100003 24
305 100069 32
340 100058 25
535 100077 31
589 100020 27
625 100025 26
675 100092 25
746 100061 27
926 100034 29
241 100087 31
268 100084 28
328 100022 25
556 100078 28
654 100068 30
678 100029 30
745 100097 31
752 100037 24
816 100039 26
909 100066 31
14 100061 28
15 100045 31
169 100009 32
189 100072 26
205 100061 30
229 100009 27
347 100076 23
630 100060 32
788 100012 25
954 100089 27
15 100030 32
28 100003 29
109 100031 32
155 100080 29
353 100016 26
414 100060 27
495 100074 27
711 100029 31
711 100068 29
914 100031 25
18 100058 25
194 100088 28
197 100064 23
225 100034 29
373 100099 23
406 100096 31
428 100046 25
513 100080 29
667 100024 31
700 100021 24
17 100097 26
18 100018 27
172 100063 25
265 100024 32
317 100096 30
429 100081 28
440 100034 25
544 100082 26
709 100040 28
859 100034 24
23 100068 32
262 100090 29
295 100089 28
438 100027 31
480 100062 25
503 100013 25
573 100042 24
733 100018 25
740 100029 26
894 100010 28
80 100017 31
368 100094 27
461 100031 26
494 100007 23
623 100082 27
641 100043 31
684 100086 26
765 100079 32
806 100097 30
953 100060 30
34 100018 23
81 100079 23
110 100026 30
201 100026 29
224 100099 32
247 100026 24
357 100034 24
588 100076 29
726 100035 31
898 100036 26
41 100053 27
75 100061 23
135 100069 29
301 100064 23
468 100056 24
533 100001 25
558 100078 26
584 100015 30
791 100018 29
905 100098 30
175 100014 25
230 100027 25
256 100033 24
389 100099 24
403 100025 31
439 100094 28
543 100011 23
558 100014 28
718 100021 31
924 100003 30
140 100039 26
206 100078 23
216 100030 25
223 100068 31
456 100025 25
507 100048 27
612 100044 25
789 100077 25
819 100041 28
933 100073 26
3 100049 29
157 100047 28
311 100080 25
401 100045 32
420 100061 29
477 100086 25
530 100038 26
672 100066 31
720 100075 27
921 100093 31
1 100093 31
28 100017 29
154 100092 26
215 100069 31
242 100006 29
509 100061 27
617 100068 24
684 100060 28
848 100094 23
866 100043 29
303 100082 30
341 100057 23
508 100037 31
557 100056 26
597 100031 25
659 100065 29
782 100042 30
872 100044 31
878 100011 27
882 100037 29
44 100085 31
137 100048 24
147 100052 24
156 100019 27
224 100050 24
414 100092 28
468 100022 24
525 100007 25
661 100098 25
821 100086 25
101 100014 25
267 100094 26
383 100002 28
433 100022 31
476 100049 24
520 100057 30
718 100080 31
835 100004 23
843 100063 28
1000 100052 32
1 100099 31
211 100098 24
347 100011 29
434 100077 31
535 100034 31
707 100066 23
843 100094 28
850 100005 27
932 100068 25
932 100088 25
47 100028 30
138 100086 31
144 100013 31
236 100086 25
266 100029 24
542 100072 27
575 100057 30
685 100032 29
690 100082 23
994 100037 29
10 100004 25
79 100013 27
383 100081 30
420 100092 25
526 100015 23
527 100051 31
733 100012 27
891 100017 30
900 100095 27
968 100031 28
74 100048 32
147 100059 27
224 100090 29
251 100010 27
310 100097 31
432 100045 26
456 100043 26
587 100024 24
711 100012 23
959 100076 25
14 100058 30
57 100083 26
73 100011 31
184 100011 30
287 100048 23
319 100047 23
498 100058 27
584 100049 26
933 100076 31
994 100026 28
58 100065 29
68 100080 26
154 100065 26
189 100073 24
263 100079 31
402 100013 28
691 100070 24
903 100062 24
916 100045 23
992 100092 31
27 100064 26
223 100002 23
318 100024 29
376 100052 23
539 100079 28
585 100095 31
643 100041 24
643 100085 28
793 100007 24
959 100049 31
158 100029 25
241 100032 29
356 100023 32
371 100016 24
428 100002 30
559 100098 28
764 100069 32
856 100031 28
925 100034 25
979 100056 31
213 100002 25
227 100052 29
383 100033 23
462 100003 32
573 100013 24
704 100038 29
732 100019 27
773 100024 25
968 100087 31
978 100045 29
