100 20 28044
5 137 225
5 140 242
5 84 250
5 98 163
5 81 228
5 59 214
5 102 179
5 56 164
5 111 211
5 96 249
5 64 211
5 110 199
5 55 243
5 57 238
5 53 209
5 109 159
5 139 167
5 93 241
5 118 240
5 120 179
269 553 64
529 420 65
686 383 51
910 528 54
946 920 51
128 348 54
193 115 59
399 897 52
682 239 54
956 887 56
8 166 64
120 833 56
352 8 55
357 965 56
612 696 66
27 268 50
38 914 51
453 834 55
519 743 60
777 756 64
85 138 66
313 834 57
369 75 55
510 893 52
766 537 49
229 903 48
595 703 48
655 456 49
740 277 49
951 34 59
278 860 48
297 228 58
320 194 60
412 789 66
538 419 58
235 684 53
405 386 57
603 717 62
631 716 62
860 31 52
9 334 53
544 247 59
588 759 53
680 429 57
801 484 59
137 182 54
332 442 63
378 880 62
396 408 63
867 850 60
106 365 54
149 844 56
655 977 55
871 208 56
959 963 60
333 418 54
463 912 59
495 731 54
647 991 54
717 944 47
13 360 66
88 869 56
100 263 66
225 801 60
380 474 58
72 801 57
74 522 51
296 632 61
643 741 55
729 823 59
74 810 49
550 125 59
727 995 56
813 696 56
849 95 48
340 498 54
414 664 60
419 289 50
491 556 51
562 948 49
225 382 57
267 260 61
513 344 48
695 901 47
930 680 52
338 251 61
343 363 60
616 257 65
714 509 64
722 380 55
94 497 61
107 233 65
159 661 60
225 156 52
423 695 48
13 267 60
257 341 62
461 40 58
629 542 64
934 8 57
