500 20 111702
25 58 169
25 144 153
25 87 206
25 58 169
25 95 171
25 141 168
25 90 222
25 124 242
25 116 182
25 110 156
25 100 234
25 50 152
25 103 173
25 132 202
25 90 231
25 68 248
25 119 201
25 123 186
25 88 190
25 94 160
104 392 15
125 247 12
172 961 14
209 239 11
235 273 14
245 93 14
270 737 14
277 590 14
305 144 13
391 548 14
568 388 13
623 385 11
646 229 11
651 609 14
677 13 14
711 341 14
712 549 11
770 689 13
772 11 14
778 500 12
783 456 11
810 690 12
828 781 13
881 48 12
977 977 13
1 381 13
47 458 12
102 706 12
109 33 15
145 703 13
179 257 12
216 273 11
283 481 13
295 30 10
333 115 13
354 970 13
407 600 11
423 622 14
462 761 11
499 560 14
544 412 14
592 103 12
639 933 12
679 719 13
734 767 14
797 673 14
819 948 15
865 457 13
926 821 14
971 395 14
60 824 15
61 484 13
71 165 12
78 355 14
121 387 14
204 662 14
249 913 11
279 579 11
371 583 12
400 816 11
478 351 11
488 579 15
490 181 13
578 965 13
624 834 11
634 27 12
735 987 11
804 83 12
812 31 14
823 597 11
880 346 14
936 464 15
942 564 11
962 101 14
965 617 15
28 9 15
145 811 11
209 533 11
217 149 14
296 573 12
339 637 12
340 920 12
366 73 14
366 315 14
374 499 11
475 674 14
476 331 11
572 576 11
652 27 13
667 491 11
702 107 14
704 869 11
722 839 13
757 535 11
829 50 13
877 312 10
899 136 12
931 614 15
973 780 13
983 431 13
9 853 15
52 857 10
57 385 11
85 370 12
155 984 14
182 835 12
210 921 11
224 898 15
303 153 11
307 356 12
315 240 14
326 207 14
380 347 14
385 431 11
458 971 13
465 212 11
682 197 12
709 646 11
716 906 11
727 926 14
728 800 15
856 438 14
864 778 12
892 551 11
980 248 12
37 445 11
56 916 11
72 699 11
119 921 11
145 355 14
188 354 14
256 981 14
282 163 14
347 147 11
355 288 14
365 775 11
429 863 11
480 36 14
643 300 12
683 560 13
698 315 13
719 459 11
726 434 13
749 166 15
750 179 12
840 230 13
877 615 11
932 196 11
956 816 11
996 301 14
27 939 12
28 41 15
43 902 14
49 946 15
85 341 11
90 310 12
101 83 11
122 353 11
210 354 12
264 693 12
303 789 12
330 535 11
431 192 14
453 91 11
491 445 12
542 614 12
548 255 11
597 544 10
683 345 14
723 60 14
782 172 11
793 183 12
817 538 13
830 705 10
1000 805 11
85 800 13
164 282 14
171 621 13
175 791 13
230 623 13
264 151 15
288 382 12
320 103 11
372 309 11
375 474 13
376 364 13
436 531 13
455 459 12
459 251 12
462 474 14
472 278 11
599 914 12
648 946 12
650 58 11
651 831 12
782 572 11
787 510 14
796 435 11
806 648 12
888 349 14
28 653 15
81 172 12
89 968 13
118 746 11
139 500 12
142 396 11
144 984 13
191 833 14
215 888 13
327 227 12
428 209 15
429 223 11
447 639 12
476 854 13
505 114 15
579 469 12
738 664 12
754 304 13
856 507 14
873 826 15
913 459 12
924 402 14
982 522 11
989 517 13
998 308 11
30 272 15
77 671 14
158 254 15
159 534 12
219 888 11
227 983 15
235 117 10
291 254 13
298 960 14
321 807 11
394 415 11
509 344 11
524 478 10
552 904 13
608 714 13
630 175 15
692 586 12
719 330 14
732 827 12
768 953 12
856 984 14
865 342 14
972 729 13
979 507 11
995 648 11
115 177 11
140 674 14
215 304 12
252 938 12
265 984 11
352 933 14
401 204 13
419 344 12
465 710 13
466 421 12
556 537 13
570 413 12
584 107 13
639 570 12
674 348 12
713 819 14
732 309 14
779 441 13
793 219 11
839 504 14
867 952 12
921 317 12
932 2 11
968 303 11
977 679 12
13 702 15
64 364 13
65 532 13
134 87 15
134 130 13
153 801 10
247 153 10
258 177 14
272 73 14
334 20 13
399 79 13
463 261 15
463 473 13
482 25 14
599 116 11
599 292 12
602 719 15
640 882 11
647 465 13
708 148 12
759 583 12
808 892 11
931 111 14
974 128 14
996 362 15
48 464 12
83 225 13
101 546 14
121 518 15
134 500 12
138 280 11
250 1 14
272 717 11
285 231 14
440 316 14
482 857 13
508 991 13
541 97 11
545 595 15
606 674 15
683 933 14
727 67 14
813 538 12
845 16 14
850 214 11
874 149 13
896 601 12
904 692 10
986 696 11
986 982 14
9 540 13
44 323 11
81 335 14
96 922 12
145 173 13
149 579 15
197 503 12
208 117 14
314 11 15
358 209 15
519 636 13
528 852 12
560 199 15
623 250 15
655 230 13
744 756 11
750 334 15
808 33 11
808 360 12
816 219 14
819 301 12
845 298 15
876 810 13
889 49 11
891 662 14
18 145 12
24 198 11
31 77 12
137 445 12
139 754 12
257 820 13
270 620 11
290 562 12
329 810 14
342 663 11
356 759 12
388 109 11
453 761 11
503 398 15
538 606 13
542 408 14
586 159 11
622 608 14
623 556 15
777 334 13
788 970 12
828 237 12
860 963 12
911 728 11
924 982 14
47 319 11
89 431 12
97 604 14
131 188 12
218 701 14
248 622 11
315 21 12
331 971 14
357 863 15
383 710 14
387 14 11
442 791 12
503 115 12
541 916 14
607 586 12
671 873 15
711 850 12
744 670 11
809 763 13
834 389 11
834 549 14
849 998 13
862 4 14
873 14 13
933 34 13
26 467 14
42 860 11
55 308 12
111 664 14
166 474 13
171 736 13
187 930 13
289 313 11
344 637 13
398 165 15
424 716 12
669 844 12
669 950 15
691 342 14
697 531 13
706 243 11
742 843 14
789 225 11
812 546 13
855 302 12
867 538 13
889 197 14
898 396 14
960 111 15
998 306 14
46 684 12
53 220 12
143 449 15
143 758 11
199 88 15
257 461 14
275 705 14
283 198 12
298 311 12
309 939 13
371 805 12
385 863 13
451 192 14
465 6 12
476 684 15
505 584 11
563 320 15
572 676 15
694 712 12
763 334 12
782 814 12
811 387 13
818 349 15
859 333 14
898 51 12
6 894 13
14 61 11
96 965 14
105 581 11
128 700 12
249 300 11
291 277 15
300 938 14
331 807 14
339 152 14
368 413 11
441 906 13
500 985 15
514 747 12
531 9 13
555 984 11
617 661 10
624 937 11
634 730 15
639 482 15
686 100 14
745 63 14
848 5 11
851 921 12
887 329 13
2 814 14
51 866 13
56 602 12
84 19 11
92 284 13
94 210 14
97 694 14
151 245 12
155 789 15
291 367 14
295 672 13
296 733 14
338 256 14
353 369 14
436 908 11
466 541 12
517 868 11
587 662 13
590 252 12
628 458 11
722 180 12
766 881 13
924 423 14
991 183 12
992 87 14
