1000 20 2496411
50 71 194
50 128 207
50 73 233
50 79 218
50 145 245
50 111 185
50 62 155
50 114 232
50 125 210
50 63 203
50 118 227
50 112 198
50 83 157
50 115 212
50 115 168
50 95 206
50 82 234
50 116 171
50 137 231
50 149 165
487 5817 5
897 1393 7
1014 5527 6
1128 80 6
1167 6555 6
1199 7463 6
1408 1677 5
1418 3265 5
1452 7561 5
1649 9639 5
1685 7169 6
2164 5035 5
2300 7082 5
2435 3715 6
2456 9366 6
2619 3880 5
3063 1593 5
3634 7637 5
3650 9146 6
3886 1511 6
3925 2880 6
4103 683 5
4477 8101 6
4535 7388 6
4768 4926 5
5170 5627 6
5531 4426 7
5573 6047 6
5659 1252 5
5910 3733 6
6183 2637 5
6580 7145 5
6765 7986 6
7004 9232 5
7151 9362 5
7266 6376 6
7384 9149 5
7393 6402 5
7470 7376 6
7508 7450 5
7748 9659 5
7950 1531 5
7956 631 5
8108 3541 5
8255 6837 6
8325 6797 6
8483 3311 6
8519 8787 5
8552 5860 5
9284 752 5
180 7958 6
295 1720 6
309 4025 5
328 3937 6
737 3823 6
826 480 6
904 7301 6
958 3844 6
1105 7323 5
1406 196 6
1415 9983 7
1469 329 5
2063 3756 6
2139 7549 5
2783 2523 7
2927 5694 5
3054 473 6
3119 4255 6
3261 9084 5
3415 5846 6
3861 1162 5
4017 4545 5
4095 5303 6
5025 3532 6
5385 6671 5
5684 4144 5
5766 7140 5
5849 7452 5
5917 3294 6
6018 5880 5
6095 5102 6
6420 9643 6
6508 7151 5
6509 4024 5
6716 9034 5
6887 426 5
7044 6414 5
7131 4106 6
7295 1179 6
7464 5229 5
8161 8084 6
8294 8840 6
8688 6613 5
8890 5101 5
8972 1934 6
8982 3449 6
9160 6122 6
9222 1284 5
9720 2219 6
9797 6799 5
33 91 5
50 439 5
398 2547 5
609 4015 5
1256 602 6
1575 7247 5
1961 8769 7
2223 6883 6
2226 4012 6
2266 1698 6
2356 9525 5
2449 6458 5
2572 4543 6
2608 2650 5
3258 285 5
3773 4927 7
3887 1331 5
3894 4341 5
4744 3288 6
5085 809 6
5280 7567 5
5426 5173 6
5504 7460 6
5599 962 5
5612 1229 5
5723 4712 6
5768 888 5
5787 3017 6
5813 8892 5
5979 5091 6
6096 1258 6
6352 9502 6
6712 7856 5
6895 3999 6
7043 5485 6
7150 9626 6
7151 9783 6
7376 3548 5
7642 1338 5
7916 8427 6
7982 5246 5
8244 2939 6
8418 3504 5
8522 3153 6
8724 4130 6
9136 9046 5
9286 2006 5
9485 3173 6
9580 1587 5
9618 212 5
307 5193 6
346 5469 5
644 922 6
659 9720 6
696 6027 5
751 7247 5
878 1170 7
887 1194 6
919 6355 6
963 6542 5
1011 4976 6
1401 7694 5
1839 2853 6
2109 1213 6
2191 1497 6
2545 7859 6
2620 3096 5
2622 967 5
2625 2171 6
2641 5672 5
2676 1523 5
2858 1613 5
3535 9378 6
3537 1902 6
3772 8105 5
3906 4167 6
3918 1856 6
3998 6558 5
4366 5369 6
4378 6408 5
4472 2483 5
4530 3380 5
4660 5114 6
5176 6122 5
5276 4587 6
5656 3922 6
5797 6747 6
6281 843 5
6310 4896 5
6777 9261 5
7388 8241 6
7414 9163 5
8412 3148 6
8678 9559 5
9292 8256 5
9409 3540 5
9423 3201 5
9654 8239 5
9759 9615 6
9842 5381 6
77 6974 5
199 3645 5
371 4051 6
419 3628 5
428 9107 6
463 669 5
779 9141 6
1029 2264 5
1084 7735 5
1098 8018 5
1330 9175 5
1386 1882 6
1808 7046 5
1973 5751 5
2113 9094 5
2128 853 5
2232 3243 5
2312 9519 5
2456 6494 5
2666 812 5
2699 5713 6
2839 5935 5
3164 7989 6
3394 3476 6
3494 196 6
3774 5684 5
4270 9685 5
4676 8191 6
4824 9028 5
4882 7821 5
5155 7362 7
5280 1342 5
5456 2000 6
5753 9955 5
6390 2165 5
6518 1560 5
6588 6599 5
7296 8723 5
7456 8907 6
7725 9039 5
7743 7387 6
7873 8120 6
7961 9852 5
8196 1584 5
8493 2166 5
8996 3149 5
9172 4060 5
9467 9280 6
9841 3705 5
9934 301 5
70 6704 7
134 9701 6
182 4501 6
675 4289 5
1038 2970 5
1141 1604 5
1187 3574 5
1245 8664 6
1381 6622 6
1834 8208 6
1873 1700 6
1949 8883 5
2251 6046 6
2775 4982 6
3135 3003 5
3245 9880 6
3659 5037 7
4282 9916 6
4471 2244 6
4517 7908 6
4524 3957 6
4525 1650 5
5085 24 5
5101 8310 6
5367 1305 5
5543 7151 5
5590 8221 5
5709 5273 6
5724 7353 6
5791 5956 6
5810 2738 6
5924 2101 5
6008 9005 5
6627 2419 6
6774 8598 5
6932 8866 5
7618 7030 5
7759 6373 5
8063 6611 6
8138 6968 6
8214 4112 5
8773 8196 6
8823 2224 6
8935 5752 6
8976 5330 5
9207 6166 6
9431 8078 6
9465 6574 5
9690 2641 5
9807 2012 6
311 5 5
386 777 5
420 1176 6
429 7676 6
488 7976 5
782 9716 6
1029 2539 6
1066 1330 6
1865 9455 5
1899 5603 5
2181 3410 6
2232 6900 6
2316 8900 6
2405 2460 5
2436 139 7
2836 2958 6
2962 2682 5
3015 9456 6
3271 4452 5
3627 87 6
3668 9109 5
4065 1791 5
4315 2037 5
4490 2802 5
4532 3 6
4565 4954 6
4736 4229 5
5253 237 5
5310 2687 6
5457 2055 6
5897 7841 6
6088 6856 5
6284 5951 7
6366 7742 5
6627 3499 6
6875 2071 6
6938 358 6
7118 6710 6
7334 8223 5
7524 9654 6
7981 651 6
8017 387 6
8626 7271 6
8849 2577 5
8893 2856 6
8925 8663 5
9112 9383 5
9248 3446 5
9638 535 6
9902 4011 6
1 9721 6
72 5454 6
117 3652 5
355 1744 7
516 2147 5
518 5966 6
1354 8191 6
1379 3266 6
1754 1172 5
1888 2163 5
1896 6142 6
2068 9282 6
2664 1612 6
2669 7590 6
2950 2682 5
3367 9790 5
3522 3939 6
3524 3085 6
3524 4531 6
3806 8298 6
4121 7901 5
4350 2900 5
4506 117 6
4555 6695 6
4653 4407 5
5143 619 5
5282 2510 6
5324 3482 5
5404 4703 5
6262 5930 6
6486 9601 5
6517 7445 6
6801 2107 5
7386 1690 5
7758 5808 6
7789 1946 5
7883 9928 7
7912 5242 5
8742 8381 5
8834 204 7
8978 8185 5
9003 4468 5
9007 9471 6
9181 3587 5
9267 9158 5
9329 8407 6
9506 9307 5
9840 2979 6
9871 9110 5
9989 9468 6
222 61 5
317 7041 6
340 9632 5
362 1968 6
459 7967 6
497 7669 7
573 195 6
668 5166 6
1215 2672 6
1384 9965 6
1456 7685 5
1788 3599 6
1816 8949 5
2004 5538 6
2585 1838 5
2659 8242 5
2718 6047 6
2739 9250 5
4132 1060 7
4305 6432 5
4422 3826 5
4525 4680 5
4751 9364 5
5312 3536 6
5417 8568 6
5490 1179 6
5901 4397 5
5980 8486 5
6190 905 6
6276 8729 5
6498 2839 7
6837 6080 5
7134 8804 6
7143 7978 5
7433 1734 5
7639 7849 5
7837 941 6
7904 1376 5
8113 9898 5
8896 4779 6
9144 3740 6
9215 8233 6
9249 946 6
9304 9789 5
9370 1420 6
9438 9718 5
9527 8536 6
9533 5863 5
9839 484 6
9979 1506 5
78 7751 6
96 6071 5
221 3149 5
407 9205 5
447 3511 6
520 449 6
606 1921 6
1062 3928 5
1521 9915 5
1543 5311 6
1608 3951 5
1678 5194 5
1776 249 6
1866 4489 5
2135 2235 6
2187 6258 5
2618 120 6
2619 4774 5
2681 291 6
2979 9628 5
3025 9436 5
3144 1053 5
3627 9603 6
3729 3082 6
3769 870 6
4007 8366 5
4650 2223 5
4929 5719 5
5109 2047 6
5334 8191 5
5434 1104 6
6077 7572 5
6195 8874 5
6386 7042 5
6600 3429 5
6652 2382 5
6727 5460 5
6728 6080 6
7061 9602 5
7088 6618 5
7140 680 5
7259 4383 6
7371 7563 5
7780 3466 5
7827 4075 6
8740 728 7
9172 4322 6
9486 3493 5
9653 5665 5
9683 2669 6
46 7750 5
198 4526 5
257 1140 6
750 6528 6
776 8159 6
819 2049 5
1015 5876 5
1242 539 5
1579 9908 6
1742 7778 5
1838 5329 6
2011 2322 6
2542 4686 6
2787 9594 6
3009 8182 6
3144 9773 6
3178 4552 5
4518 7458 6
4603 118 6
4756 7118 5
4865 1447 6
4936 2261 5
4988 4943 5
5045 3154 5
5196 2870 6
5217 243 5
5505 5860 5
5599 217 5
5785 5267 6
5839 2684 6
5942 8805 5
6277 9869 6
6282 5806 6
6432 9062 6
6928 4822 6
6931 6915 5
7027 8764 5
7326 7482 5
7373 6569 6
7630 8920 6
7691 4402 6
8145 7761 6
8185 5115 5
8445 5052 5
8502 6186 5
8551 7757 5
8577 8066 5
9435 51 5
9468 4411 6
9972 8413 5
11 6762 5
264 6484 6
730 6094 5
1323 7165 5
1413 5527 5
1650 1030 5
1758 148 5
1903 8760 5
1954 9400 5
2053 3420 6
2370 4955 6
2371 1803 5
2656 5351 5
2661 6396 7
2791 4845 6
2844 1428 5
3362 5987 6
3458 7784 6
3697 6005 6
3701 9806 5
3728 4145 5
3735 2489 6
3789 5 5
3789 2147 6
3870 4859 6
4539 4486 6
4664 245 5
5105 1813 5
5247 1668 5
5450 4749 5
5555 5476 5
5563 6470 6
5836 7163 5
5938 4650 6
6290 3794 5
6332 9135 5
6697 6316 5
7555 1374 6
7605 3361 5
7626 3313 5
8005 6783 5
8273 1411 6
8728 5400 6
8731 7991 6
8986 9638 5
9441 1662 5
9593 1994 5
9648 7060 6
9802 1919 5
9866 3044 6
68 9415 5
328 5483 5
577 8221 5
593 3071 6
656 1780 5
780 9629 6
1123 2017 6
1303 690 6
1460 9053 5
1460 9595 6
1658 7612 6
2064 4653 6
2267 5933 5
2474 4899 6
2568 9369 6
2579 9727 5
2930 2771 6
2994 4300 6
3052 4675 5
3155 1932 5
3219 2847 6
3284 10000 5
3289 6009 5
3301 948 6
3307 8923 5
3341 554 6
3480 1613 6
3601 1793 6
3809 5290 5
3901 9786 6
4365 3292 6
4731 3768 6
4813 6765 7
4885 2426 6
5456 4427 6
5641 2727 6
5830 407 6
5939 7079 6
6080 5825 5
6308 5954 6
6357 5191 6
6731 3341 5
7010 615 6
7021 4780 6
7022 4639 5
8304 4317 6
8597 7168 5
9112 357 6
9150 4328 5
9533 725 6
307 6197 6
376 5825 6
741 7068 5
780 2782 5
802 9059 5
964 7540 5
1077 4910 5
1238 8241 7
1769 4708 6
1877 4461 6
1962 5250 5
2030 7721 6
2159 867 6
2405 6378 5
2447 8197 5
2503 235 6
2581 8973 5
2666 1750 6
2723 1584 5
2989 6668 5
3020 7946 5
3085 9997 7
3389 9129 6
3450 9669 6
3556 9426 5
4131 3652 5
4164 61 5
4297 23 6
4387 4663 6
4816 3479 6
4835 8972 6
5252 5507 6
5301 2262 5
5640 3362 6
5714 8062 6
6289 6271 5
6323 7515 5
6439 1609 6
6439 3857 6
6781 5488 5
6786 2964 6
6844 7520 5
7013 9563 6
7763 8868 5
8186 1694 6
8636 9060 5
9175 9327 6
9469 7775 6
9502 6373 5
9822 6514 5
56 2302 6
70 6640 6
281 9625 5
595 7913 5
603 3397 5
685 3870 5
990 2520 6
1314 113 5
1512 4161 6
1884 328 5
1956 4042 5
2001 1248 6
2550 6030 6
3819 5089 6
4166 7579 7
4290 5602 5
4710 9791 6
4731 7680 6
5004 6224 5
5226 3853 5
5369 477 5
5436 7096 5
5651 5340 5
5828 3633 5
5946 3538 6
6241 2030 7
6402 9653 5
6611 6458 5
6630 1778 6
6656 9690 5
6725 3545 5
6978 8930 5
7002 858 6
7091 9773 5
7314 1944 6
7325 1974 6
7366 6224 6
7561 740 5
8113 6397 5
8196 4694 5
8340 2046 5
8569 5322 5
8582 3048 5
9064 1565 5
9068 2818 5
9154 4248 6
9291 9948 5
9609 1473 5
9631 3475 5
9950 1040 6
8 6170 6
80 2905 5
339 7921 5
368 5847 5
653 6428 5
848 3378 6
1280 3494 7
1681 9436 6
1968 8573 5
2183 5612 6
2241 8353 5
2297 8676 6
2579 2345 6
2725 8697 5
2979 4068 5
3021 4360 5
3481 9576 5
3908 4566 6
3920 4414 5
3979 6524 5
4168 306 6
4216 8437 6
4311 3126 6
4904 7528 5
5002 1790 6
5442 6403 5
5444 4641 5
5457 2850 6
5748 7826 6
5866 9541 6
5879 7464 6
6130 3621 5
6537 2869 5
6597 7731 6
6611 4148 5
6726 8739 6
6867 4262 5
6903 1545 5
6934 9740 6
7203 2337 6
7204 5983 5
7404 4615 5
7518 4413 5
8198 4973 5
8433 978 5
8543 4605 6
8631 7609 6
8959 8170 6
9184 8401 5
9731 4161 6
92 7625 6
115 6414 5
194 6154 5
279 6956 7
736 6708 6
794 9745 5
929 6257 6
1437 1574 6
1639 9367 6
1686 592 6
1689 2069 6
1755 4155 6
1825 5442 6
2001 3993 6
2905 1543 6
3082 9736 6
3121 1329 5
3495 6650 6
3656 4103 5
3762 932 7
3994 582 6
4361 1518 5
4468 3804 5
5000 6429 6
5224 6599 6
5354 3505 6
5711 4416 5
5957 6008 5
6012 9241 5
6168 837 5
6294 8119 6
6735 3696 5
6904 7469 6
7350 3883 6
7478 4146 5
7632 240 5
7720 4109 5
7970 3837 5
8376 9744 6
8425 5397 5
8594 7152 6
8807 9889 6
8813 3665 7
8959 431 6
9145 1728 5
9204 9830 6
9243 3960 6
9355 8647 6
9532 8888 5
9817 1326 6
100 8117 5
536 9620 6
706 5351 6
902 7086 6
1409 488 5
1548 6003 5
3072 4077 6
3141 5134 5
3274 6444 6
3528 4405 5
3587 4324 6
3646 82 5
3781 9826 6
4203 4046 7
4543 6498 5
4715 5466 5
4973 949 6
4986 1473 5
5101 3424 5
5238 1933 5
5395 8491 6
5423 3197 5
5512 1203 5
5577 4334 5
5645 209 5
6019 5314 6
6280 1378 6
6339 9615 6
6588 4478 5
6654 1198 6
6846 142 6
7023 8774 6
7024 347 6
7025 9559 5
7287 5789 6
7402 3648 5
7435 6697 5
7550 853 7
7862 1733 5
7994 8267 5
8211 9952 6
8841 9017 5
8906 2474 5
9101 669 5
9359 9924 6
9470 5212 6
9627 2244 5
9809 6742 6
9816 7348 6
9822 133 6
82 2826 5
346 3746 6
560 9946 5
653 1924 7
820 964 5
864 9402 6
1073 3947 6
1123 8216 6
1133 1130 6
1295 1622 5
1777 1106 7
1825 5476 5
1960 7472 6
2026 633 6
2062 1041 6
2275 7376 7
2402 620 6
2813 213 5
2876 6626 6
3182 6953 5
3600 4083 6
3878 8201 5
3906 4814 6
3916 8337 5
3976 6035 6
4159 4796 7
4431 472 5
4534 4265 5
5271 9824 6
5302 8790 7
5542 5624 6
5758 9382 5
5833 9234 5
5939 8600 6
6163 6809 6
6273 7562 5
6883 6058 5
6888 1590 6
6931 8035 6
6934 5017 6
7025 7144 6
7813 3284 6
7935 4062 6
7986 383 6
8257 6627 6
8445 6062 6
8671 6996 6
9575 5328 6
9606 5584 5
9757 60 5
245 197 5
715 2816 5
983 7264 6
1312 8712 5
1577 8845 6
1662 2674 5
1724 7648 5
1765 3370 6
1906 4826 5
2157 4331 5
2376 6669 5
2402 2999 7
2420 1841 6
2688 8261 6
2991 4420 5
3303 5178 6
3397 9424 5
3690 985 5
4007 933 6
4347 6980 5
4537 333 5
4689 1441 5
4736 3546 6
4765 3155 5
4782 2889 5
4953 113 5
5114 1010 6
5200 2477 6
5349 2438 6
5620 8313 6
5665 4762 5
5671 8817 5
5809 7038 5
5932 3877 6
6051 8523 5
6117 974 6
6150 7457 6
6349 1922 6
6856 827 5
7040 5589 5
7493 8336 5
7830 5493 6
7943 6101 6
7972 4379 5
7990 4503 6
8124 6473 5
8406 9618 5
8568 4620 5
8662 7775 5
9839 5246 6
