50 20 13966
3 137 210
3 88 153
3 75 153
3 95 165
3 63 174
3 91 241
3 81 233
3 56 248
3 64 197
3 134 248
2 66 167
2 86 222
2 60 226
2 63 250
2 71 194
2 138 154
2 86 203
2 128 233
2 71 211
2 140 182
417 181 99
467 933 103
951 829 112
55 381 81
768 797 93
856 371 105
25 697 103
425 628 88
978 944 102
473 59 109
841 96 103
893 187 96
365 316 95
741 957 93
825 802 97
208 762 98
388 420 112
616 995 93
10 460 100
351 929 91
661 956 110
119 938 91
557 774 98
934 29 112
251 52 97
730 351 81
872 228 91
202 623 86
235 272 84
580 471 110
15 140 122
506 860 156
188 853 155
594 715 139
643 593 156
960 575 166
9 536 140
352 458 137
222 728 128
625 194 130
371 633 127
922 875 154
278 771 121
554 285 151
1 572 138
139 820 161
652 383 158
908 28 123
62 103 159
404 567 141
