2000 100 97077298
20 139 231
20 140 236
20 104 235
20 74 182
20 135 153
20 131 168
20 113 165
20 66 232
20 82 156
20 147 178
20 133 211
20 66 163
20 84 211
20 58 209
20 92 207
20 101 208
20 90 186
20 124 174
20 116 223
20 59 235
20 130 174
20 72 171
20 52 165
20 71 239
20 50 179
20 59 166
20 128 151
20 87 183
20 145 192
20 143 170
20 116 158
20 59 157
20 132 180
20 107 228
20 111 225
20 70 212
20 142 229
20 93 228
20 92 211
20 134 155
20 74 236
20 84 222
20 106 178
20 138 202
20 126 209
20 84 156
20 102 210
20 95 152
20 114 235
20 53 167
20 146 202
20 103 176
20 74 169
20 137 169
20 84 191
20 66 209
20 128 221
20 69 250
20 74 249
20 118 195
20 84 179
20 104 230
20 51 211
20 124 221
20 71 202
20 90 170
20 66 165
20 119 187
20 144 228
20 69 202
20 99 162
20 51 233
20 110 156
20 118 171
20 93 225
20 67 167
20 52 185
20 147 157
20 143 167
20 97 246
20 70 212
20 92 197
20 67 160
20 94 229
20 92 237
20 77 240
20 55 240
20 71 160
20 146 150
20 145 169
20 127 232
20 150 237
20 113 165
20 123 239
20 78 233
20 118 163
20 103 222
20 63 180
20 63 230
20 138 156
41 100000 15
42 100023 13
46 100076 13
48 100062 13
72 100088 14
88 100029 17
224 100015 15
231 100092 14
299 100060 13
304 100038 14
320 100052 14
345 100029 15
534 100025 14
559 100050 12
624 100025 13
697 100058 17
819 100002 14
832 100033 17
859 100066 15
916 100076 14
21 100039 17
66 100081 16
154 100035 14
166 100097 16
200 100065 15
206 100097 13
246 100026 15
326 100052 13
440 100023 17
480 100037 15
488 100024 15
581 100048 15
729 100065 16
754 100100 14
789 100096 14
895 100095 17
905 100029 17
918 100054 17
956 100082 17
966 100016 17
21 100002 12
169 100099 13
189 100020 17
210 100053 14
220 100018 17
248 100069 16
252 100065 14
304 100012 13
330 100043 13
339 100046 17
365 100042 15
388 100059 14
522 100039 13
534 100010 16
656 100054 15
672 100096 16
767 100073 16
773 100068 17
794 100013 13
926 100027 13
73 100016 13
90 100069 15
159 100004 14
215 100002 16
234 100094 13
238 100040 16
287 100032 13
303 100020 16
324 100007 12
355 100040 15
549 100043 16
564 100016 17
592 100027 13
601 100064 15
648 100075 13
718 100037 17
724 100000 15
828 100068 16
902 100035 14
977 100097 14
93 100039 13
122 100008 17
141 100040 15
187 100049 14
287 100077 14
356 100032 15
368 100070 17
372 100072 14
510 100086 14
516 100061 17
531 100034 15
630 100037 15
732 100054 13
814 100065 15
822 100002 14
841 100001 16
854 100031 14
862 100000 13
862 100041 13
913 100089 14
107 100032 15
198 100017 15
205 100088 16
234 100089 13
243 100051 13
275 100097 17
276 100039 17
281 100042 14
408 100057 14
413 100062 16
440 100068 14
449 100019 14
473 100085 13
553 100058 13
701 100062 15
709 100069 15
747 100022 17
837 100041 18
916 100011 17
967 100082 12
65 100014 13
176 100057 13
212 100023 16
248 100049 13
337 100063 15
399 100084 13
401 100030 14
449 100000 14
495 100046 14
511 100014 15
526 100071 13
555 100047 14
629 100033 15
724 100093 17
744 100099 13
829 100012 14
862 100034 12
903 100014 14
975 100067 16
998 100090 14
17 100048 15
184 100035 15
197 100039 14
259 100087 13
325 100098 14
399 100035 12
411 100001 14
453 100074 14
456 100059 17
488 100060 13
545 100084 16
563 100051 17
594 100096 16
669 100041 15
736 100010 15
778 100048 17
850 100064 17
893 100079 13
896 100087 17
915 100036 14
37 100082 14
79 100047 17
91 100067 14
132 100064 17
139 100071 13
276 100078 16
304 100090 17
309 100020 17
324 100051 12
476 100033 15
481 100050 16
539 100036 13
543 100029 15
545 100019 14
595 100076 17
699 100030 14
862 100075 17
922 100005 14
968 100093 15
993 100032 17
34 100092 15
59 100058 14
112 100059 12
224 100070 16
239 100057 13
329 100044 17
395 100026 15
592 100020 17
641 100003 14
671 100051 17
689 100008 13
750 100071 17
868 100030 15
911 100067 13
934 100025 17
965 100059 17
970 100033 15
975 100068 13
978 100040 13
997 100086 12
15 100060 13
20 100094 16
108 100089 15
115 100050 16
142 100001 15
182 100089 17
256 100090 16
258 100027 17
334 100035 13
418 100077 14
482 100037 13
515 100094 17
552 100021 16
601 100021 16
654 100010 14
688 100010 15
689 100018 17
705 100022 17
863 100076 13
932 100075 14
40 100044 13
148 100046 12
234 100027 13
305 100026 15
410 100018 14
432 100095 17
510 100047 15
593 100063 12
659 100096 13
712 100069 13
719 100076 15
725 100049 14
757 100020 13
799 100081 15
835 100044 14
871 100010 16
880 100036 14
936 100079 17
937 100039 13
972 100016 17
39 100080 13
53 100066 16
88 100018 17
133 100012 14
223 100022 14
320 100061 14
333 100025 15
411 100092 17
512 100071 18
522 100064 13
540 100052 16
563 100082 15
569 100043 13
666 100089 16
818 100090 16
849 100005 13
883 100016 14
917 100070 17
950 100020 14
983 100071 13
9 100018 15
35 100008 16
69 100069 16
197 100002 17
200 100019 17
535 100050 17
543 100023 14
568 100051 14
578 100049 17
578 100059 17
597 100053 13
618 100083 13
678 100002 15
709 100016 17
744 100096 14
755 100029 12
786 100069 15
830 100049 16
955 100013 17
992 100022 16
10 100026 13
59 100051 15
92 100070 15
162 100072 17
241 100034 17
267 100077 16
295 100052 16
411 100095 16
474 100095 14
480 100066 17
480 100097 14
504 100091 16
538 100062 18
598 100008 17
617 100007 16
650 100019 14
684 100048 13
738 100047 13
919 100049 17
922 100079 15
22 100035 12
119 100080 14
144 100059 17
156 100068 16
161 100007 13
347 100054 13
376 100060 17
447 100047 12
508 100058 16
542 100088 12
570 100040 15
603 100031 16
662 100014 17
685 100071 13
829 100011 14
843 100026 17
845 100079 13
859 100069 15
943 100045 17
998 100032 17
2 100022 17
7 100063 17
65 100000 15
68 100011 13
258 100069 13
358 100014 15
412 100032 17
419 100026 13
453 100080 14
477 100010 17
499 100020 14
568 100087 16
621 100057 16
680 100037 12
688 100029 13
696 100000 15
863 100046 17
865 100016 16
944 100075 14
945 100049 16
120 100032 13
239 100054 14
257 100100 16
268 100025 16
304 100098 17
327 100049 13
350 100019 15
376 100086 16
467 100054 14
505 100001 14
511 100079 17
518 100011 14
722 100059 15
745 100005 16
787 100056 13
810 100022 15
816 100045 13
818 100096 14
898 100087 17
992 100021 17
9 100031 16
89 100077 16
132 100056 15
168 100053 14
199 100097 15
263 100064 13
283 100054 15
308 100017 17
381 100063 17
403 100017 17
456 100089 13
479 100059 17
502 100009 18
528 100077 15
611 100092 14
622 100009 14
729 100068 16
766 100001 17
771 100001 16
799 100014 15
32 100011 14
82 100072 14
86 100073 13
120 100041 14
144 100082 13
195 100079 15
213 100038 12
269 100073 13
290 100075 15
386 100065 14
402 100091 15
470 100098 16
519 100039 14
529 100038 13
585 100020 14
690 100069 17
823 100001 18
905 100022 15
926 100081 16
963 100011 16
7 100050 15
56 100050 17
94 100018 15
120 100015 15
206 100019 17
266 100099 14
296 100067 15
303 100005 16
426 100064 15
431 100047 15
435 100064 17
464 100078 15
505 100066 13
678 100100 15
707 100093 16
732 100052 13
840 100029 14
844 100035 15
903 100028 15
948 100078 13
97 100017 16
117 100031 14
180 100052 15
252 100088 14
268 100094 13
300 100038 13
364 100093 13
434 100071 14
459 100062 14
476 100075 15
563 100085 13
590 100064 17
631 100058 15
639 100017 13
914 100076 13
919 100049 17
921 100072 16
923 100089 14
928 100038 16
975 100074 17
11 100020 17
29 100010 17
52 100084 13
69 100053 17
120 100001 14
162 100005 13
242 100005 13
269 100009 17
298 100054 14
382 100085 13
456 100098 15
539 100073 17
568 100025 14
571 100047 15
606 100050 14
742 100031 13
793 100036 18
858 100017 16
936 100046 17
945 100038 14
17 100017 13
86 100016 14
162 100076 14
253 100063 15
328 100021 16
338 100067 14
339 100050 13
357 100025 15
366 100078 17
387 100039 13
427 100034 13
513 100023 17
526 100004 12
527 100060 16
659 100038 15
763 100016 16
774 100008 12
925 100022 14
937 100006 13
971 100041 14
42 100018 13
118 100077 16
187 100044 18
227 100009 16
309 100001 14
406 100026 17
474 100047 14
549 100066 17
581 100016 13
594 100006 13
596 100052 15
606 100023 17
619 100027 18
648 100100 15
655 100077 18
786 100027 12
883 100054 15
890 100026 13
934 100045 13
990 100012 14
54 100093 16
105 100038 16
161 100018 15
264 100020 17
312 100015 16
342 100072 16
362 100026 13
418 100100 14
463 100019 16
556 100053 13
580 100093 14
655 100097 15
705 100009 16
721 100012 14
766 100026 14
794 100018 16
841 100017 15
866 100067 13
968 100050 13
984 100010 15
1 100007 14
85 100048 16
154 100078 16
196 100005 14
287 100021 17
317 100058 13
395 100042 15
411 100072 15
467 100038 17
500 100015 17
569 100028 13
577 100066 16
596 100026 15
788 100042 13
837 100004 16
847 100070 17
885 100039 15
892 100016 15
912 100061 16
930 100026 16
47 100055 16
57 100067 13
107 100011 13
123 100038 16
127 100055 13
157 100075 14
217 100085 17
226 100095 17
260 100065 18
312 100044 14
372 100063 15
442 100069 15
458 100029 16
605 100080 15
753 100044 14
802 100050 15
810 100023 17
824 100066 17
878 100003 15
904 100041 17
62 100057 13
98 100055 17
194 100086 18
367 100082 15
439 100065 17
440 100050 16
488 100000 15
504 100089 15
536 100019 13
634 100089 13
646 100097 17
657 100072 15
664 100032 12
764 100057 13
838 100058 15
842 100066 14
844 100034 14
900 100023 12
920 100079 15
992 100075 17
46 100002 17
169 100024 13
260 100029 17
260 100097 15
318 100058 15
334 100009 17
376 100058 14
446 100089 16
522 100078 18
533 100034 12
604 100063 15
658 100041 15
669 100088 16
700 100048 14
733 100060 17
749 100067 14
764 100097 14
798 100048 16
801 100057 14
961 100050 13
82 100036 18
144 100087 17
156 100055 13
232 100076 13
259 100003 17
264 100049 16
285 100037 14
286 100059 15
426 100080 17
457 100063 15
545 100079 16
653 100086 12
755 100047 14
773 100030 14
891 100048 17
898 100017 17
906 100047 12
909 100055 14
917 100020 17
970 100001 17
55 100043 17
65 100034 14
121 100035 17
180 100078 13
191 100004 14
208 100089 13
241 100098 15
247 100002 17
287 100084 17
307 100041 14
450 100003 13
481 100017 17
595 100074 13
630 100046 12
643 100033 16
676 100096 14
853 100037 16
883 100013 16
898 100036 17
900 100073 14
21 100036 17
27 100028 13
27 100073 15
74 100045 17
91 100079 17
93 100087 16
99 100087 17
102 100057 15
164 100077 15
207 100008 14
307 100011 16
365 100019 14
472 100017 18
497 100082 15
564 100083 13
607 100052 16
704 100088 15
722 100064 15
899 100012 16
976 100074 16
28 100076 14
112 100092 15
148 100042 15
150 100084 12
152 100048 13
193 100029 17
216 100016 14
228 100099 17
344 100008 17
358 100037 13
575 100073 16
598 100052 15
626 100023 13
655 100058 15
664 100040 15
701 100099 16
714 100013 15
750 100036 18
795 100051 13
958 100074 13
135 100072 14
139 100039 14
174 100054 17
260 100055 15
275 100015 14
320 100061 15
373 100059 16
477 100037 15
555 100068 15
600 100083 16
676 100015 13
689 100044 17
725 100003 14
830 100091 15
852 100046 17
891 100064 12
900 100089 17
962 100014 13
968 100038 12
980 100043 14
86 100060 13
139 100063 14
232 100100 16
242 100069 17
267 100008 14
364 100021 13
375 100092 14
419 100020 15
523 100089 16
607 100009 16
677 100074 12
715 100053 12
721 100067 15
725 100094 17
741 100059 13
791 100069 14
796 100084 16
897 100058 15
900 100084 15
955 100034 13
49 100042 16
89 100047 15
98 100023 15
115 100078 16
137 100083 17
168 100047 16
168 100090 13
169 100054 15
230 100035 12
234 100027 14
281 100051 14
489 100054 14
532 100079 15
667 100074 17
682 100064 13
766 100019 14
789 100088 14
832 100037 17
989 100042 18
994 100061 14
42 100020 13
129 100038 14
135 100064 17
147 100010 15
249 100063 13
270 100074 12
290 100015 13
417 100060 14
419 100059 14
444 100046 18
566 100091 14
568 100050 15
658 100081 16
802 100007 14
851 100075 16
913 100002 17
948 100080 12
949 100001 16
966 100030 13
988 100097 13
59 100093 15
88 100074 16
136 100060 16
150 100013 14
256 100025 14
270 100095 14
284 100004 16
337 100095 14
343 100038 15
563 100074 15
636 100022 18
665 100029 14
696 100016 16
701 100016 16
796 100047 16
856 100016 18
891 100034 16
937 100082 12
938 100059 17
952 100093 12
18 100080 13
29 100000 17
37 100024 16
82 100005 17
107 100085 14
222 100030 14
433 100029 13
452 100044 15
461 100011 12
532 100065 17
590 100042 16
672 100003 17
734 100039 16
736 100057 12
757 100017 15
817 100080 18
848 100029 14
851 100051 16
867 100100 17
913 100012 14
33 100091 17
75 100058 13
132 100064 13
149 100055 13
163 100011 15
173 100055 15
225 100023 16
316 100006 16
363 100081 12
473 100041 14
481 100093 16
547 100056 12
595 100011 14
634 100019 12
686 100065 12
691 100062 14
700 100092 16
706 100053 14
752 100050 17
981 100100 17
25 100086 17
103 100055 12
239 100063 17
244 100008 13
253 100086 15
294 100074 16
471 100060 13
489 100037 14
500 100028 13
511 100029 16
535 100072 13
632 100095 14
732 100054 13
819 100021 14
850 100055 13
856 100043 14
862 100021 14
870 100018 17
898 100060 13
999 100061 14
7 100014 16
76 100008 13
126 100088 17
128 100043 16
128 100059 13
157 100002 13
169 100023 17
226 100086 16
308 100088 17
368 100096 14
388 100055 16
511 100033 17
652 100045 17
681 100062 16
756 100003 15
841 100042 12
866 100073 13
877 100006 14
940 100018 13
945 100017 15
23 100005 17
54 100084 16
82 100021 16
85 100048 14
127 100029 16
146 100013 13
189 100020 15
193 100042 15
233 100091 16
297 100004 14
319 100001 15
328 100087 13
408 100016 17
421 100032 18
537 100018 14
543 100025 13
634 100010 17
719 100032 13
731 100036 16
910 100054 15
72 100087 13
93 100026 16
121 100013 16
257 100094 13
279 100095 16
454 100073 16
500 100086 13
502 100069 16
533 100080 17
535 100048 13
544 100095 16
629 100003 14
629 100014 17
641 100070 17
803 100032 15
825 100009 13
859 100093 14
923 100088 16
928 100033 13
956 100052 13
102 100077 16
157 100079 14
208 100098 15
335 100030 17
340 100090 14
386 100018 12
424 100063 16
452 100036 17
477 100005 16
533 100059 14
605 100060 15
620 100020 14
674 100033 16
675 100063 15
755 100047 17
755 100098 14
810 100069 17
834 100084 14
858 100089 13
868 100087 12
20 100086 16
48 100052 13
129 100000 16
183 100097 13
270 100009 17
297 100043 16
301 100058 15
328 100042 15
343 100036 18
410 100003 16
510 100066 18
567 100011 17
570 100065 16
609 100052 16
629 100027 15
637 100020 15
685 100031 12
798 100005 15
816 100078 16
927 100085 13
116 100015 14
274 100048 16
316 100041 14
317 100014 15
317 100033 17
334 100014 16
339 100025 17
399 100031 15
411 100037 15
452 100041 15
485 100015 17
496 100062 17
518 100045 16
533 100043 17
551 100069 16
715 100053 14
836 100081 13
913 100025 16
943 100062 13
974 100070 15
11 100086 17
12 100008 17
31 100066 13
63 100022 13
110 100070 17
180 100026 13
224 100031 16
246 100051 15
294 100034 16
326 100087 14
464 100033 13
672 100091 14
676 100036 16
817 100000 13
828 100032 16
835 100006 13
843 100084 14
868 100023 16
947 100065 13
967 100096 13
50 100053 12
56 100057 17
73 100026 13
121 100009 17
296 100009 16
296 100033 15
303 100076 14
372 100085 17
477 100086 14
510 100026 14
529 100088 16
622 100031 15
647 100030 15
668 100029 13
678 100045 15
688 100062 13
780 100049 14
822 100048 17
829 100028 17
960 100026 14
20 100013 15
85 100025 15
89 100059 15
144 100072 13
274 100007 13
459 100061 14
465 100017 15
570 100050 13
572 100009 13
620 100009 14
648 100073 15
671 100050 14
672 100018 15
701 100097 17
736 100000 18
778 100049 14
902 100097 15
927 100060 14
969 100062 13
999 100002 13
5 100006 17
12 100071 13
16 100039 13
47 100077 13
82 100054 14
178 100065 15
419 100045 14
448 100006 16
480 100079 15
481 100035 16
503 100033 17
671 100027 16
686 100067 18
732 100000 13
826 100049 16
828 100021 14
848 100042 17
880 100081 14
939 100028 13
994 100069 15
63 100001 17
72 100059 16
102 100026 17
105 100036 15
117 100054 13
142 100033 14
154 100083 17
183 100020 18
196 100097 15
207 100077 15
307 100080 17
371 100031 13
471 100004 17
784 100027 15
858 100096 17
867 100042 17
871 100100 15
881 100096 17
897 100082 16
947 100055 16
11 100095 13
109 100011 15
143 100003 18
144 100077 14
234 100013 15
295 100051 17
312 100068 14
410 100078 14
445 100070 15
449 100023 12
505 100026 16
524 100021 14
619 100062 13
684 100031 13
686 100065 14
699 100051 15
748 100022 17
876 100000 16
884 100022 17
903 100080 13
8 100044 16
12 100003 18
45 100075 13
199 100083 15
210 100056 16
279 100003 16
382 100066 14
425 100050 17
442 100072 15
511 100058 13
595 100060 14
622 100053 16
626 100087 17
640 100017 17
649 100018 13
668 100029 14
679 100085 18
733 100087 14
734 100083 13
974 100028 16
26 100041 18
78 100079 12
87 100001 15
87 100028 17
88 100027 16
178 100070 15
193 100100 13
195 100008 14
201 100012 13
240 100002 14
251 100054 18
276 100096 16
285 100022 16
440 100063 14
480 100073 16
725 100000 14
746 100062 13
767 100003 13
915 100067 16
934 100033 15
11 100011 16
124 100006 13
177 100072 17
190 100019 13
195 100006 17
208 100011 15
267 100018 13
288 100068 17
366 100051 15
394 100070 14
454 100053 14
479 100003 16
484 100070 13
488 100034 15
574 100008 17
604 100097 15
647 100057 14
685 100041 13
862 100024 13
957 100041 14
9 100080 15
16 100053 15
24 100080 15
48 100082 17
303 100068 13
318 100030 12
340 100073 16
395 100017 17
501 100010 16
516 100070 14
519 100066 15
607 100075 16
646 100071 15
694 100078 13
766 100014 13
885 100098 13
892 100096 17
913 100085 14
946 100033 17
946 100052 14
12 100061 13
46 100017 14
91 100004 15
120 100046 15
232 100021 15
250 100054 15
254 100026 14
272 100009 15
348 100088 15
417 100076 16
462 100040 16
520 100025 17
523 100013 13
583 100000 17
634 100024 17
656 100080 16
753 100098 16
767 100085 16
987 100061 17
995 100023 16
65 100090 13
76 100036 17
246 100006 16
346 100046 15
351 100016 13
438 100021 16
549 100013 14
550 100024 17
603 100083 12
624 100015 17
656 100032 17
656 100085 15
665 100099 15
676 100035 15
708 100018 13
816 100085 13
835 100003 15
855 100023 16
873 100032 16
918 100099 15
56 100043 13
96 100062 17
120 100051 15
290 100036 16
317 100072 15
376 100028 16
466 100063 16
552 100090 16
579 100038 16
597 100070 14
605 100071 17
615 100001 17
633 100007 16
697 100079 14
743 100016 13
758 100049 17
770 100054 14
858 100090 13
910 100082 12
981 100032 15
5 100014 16
61 100076 13
112 100088 16
199 100093 14
201 100027 13
212 100080 14
261 100012 13
300 100021 14
317 100099 14
375 100014 13
434 100049 16
524 100038 16
529 100062 14
576 100053 14
664 100090 13
773 100094 13
783 100037 17
840 100053 15
910 100054 15
958 100015 13
7 100022 14
12 100037 15
15 100040 14
18 100033 14
26 100052 17
199 100087 17
204 100076 14
263 100057 14
331 100063 17
424 100039 14
443 100031 17
638 100079 14
732 100034 17
798 100064 12
848 100084 13
894 100075 15
957 100081 17
958 100051 16
980 100097 17
1000 100093 16
19 100084 17
53 100035 13
169 100027 15
199 100032 13
240 100075 14
252 100084 15
425 100084 17
496 100021 17
504 100039 15
535 100065 14
573 100097 13
600 100067 15
630 100043 13
707 100095 14
736 100051 14
798 100019 14
809 100066 14
865 100003 18
905 100022 17
985 100004 17
54 100043 16
113 100004 14
135 100008 14
254 100071 13
411 100060 16
460 100014 13
478 100016 15
489 100095 14
495 100050 15
558 100012 14
584 100080 16
616 100056 14
658 100055 16
682 100021 15
723 100031 15
768 100088 16
796 100079 17
857 100011 15
900 100031 13
915 100100 12
47 100068 14
54 100034 15
80 100013 12
155 100021 15
202 100055 12
262 100011 17
319 100045 13
326 100023 13
361 100066 14
457 100065 16
593 100054 14
653 100023 15
701 100007 17
709 100008 17
727 100023 15
815 100061 13
862 100047 13
900 100061 14
906 100015 13
997 100053 13
7 100059 15
9 100066 13
46 100015 16
148 100039 17
182 100039 16
344 100011 14
348 100029 16
350 100097 16
408 100098 17
416 100045 17
560 100088 15
597 100086 13
629 100050 17
640 100016 13
678 100095 15
688 100087 13
773 100029 13
808 100060 12
819 100054 16
975 100022 13
1 100093 17
141 100066 14
307 100023 13
307 100069 15
320 100008 18
442 100078 17
575 100074 16
608 100045 14
625 100020 13
664 100054 15
693 100013 13
746 100093 18
789 100051 13
856 100036 15
904 100015 16
907 100037 17
927 100063 17
979 100015 15
982 100040 17
987 100049 14
50 100097 17
78 100086 13
79 100077 18
110 100039 15
114 100088 13
128 100049 16
139 100095 13
291 100015 16
308 100097 14
353 100028 17
494 100031 14
522 100006 15
592 100020 13
723 100043 16
746 100095 16
823 100052 16
830 100034 15
917 100070 16
964 100028 15
991 100063 14
48 100005 13
90 100065 14
110 100035 13
227 100057 14
255 100083 14
260 100006 13
304 100012 17
328 100078 17
362 100059 17
362 100062 14
378 100026 14
404 100011 17
436 100009 16
532 100062 15
556 100081 14
736 100011 17
816 100063 17
858 100029 14
877 100093 13
917 100038 18
23 100035 17
26 100025 17
72 100012 17
97 100075 18
186 100063 14
220 100024 13
231 100026 14
232 100042 17
481 100096 13
579 100068 15
592 100010 17
613 100088 17
622 100099 12
654 100095 16
657 100094 17
931 100004 13
954 100089 16
957 100020 14
972 100040 16
979 100047 14
15 100083 17
149 100094 16
158 100047 13
219 100003 15
394 100098 17
479 100014 14
481 100037 17
511 100010 13
516 100031 17
554 100032 15
588 100100 13
619 100052 13
656 100096 17
696 100004 13
740 100076 16
777 100009 16
825 100096 15
899 100034 13
903 100043 17
955 100003 17
90 100043 14
99 100036 13
101 100059 14
170 100021 18
303 100067 13
327 100006 15
387 100054 16
426 100036 14
428 100100 17
532 100046 12
538 100046 16
559 100008 14
601 100052 13
633 100033 14
701 100009 17
711 100074 12
749 100014 12
773 100042 13
787 100062 14
888 100038 15
18 100055 16
63 100064 15
89 100044 15
121 100037 15
173 100001 14
194 100072 17
245 100095 16
309 100086 16
520 100098 17
554 100034 13
718 100011 16
727 100036 17
732 100087 15
737 100095 14
779 100070 14
790 100055 16
844 100075 16
894 100062 16
964 100015 15
999 100083 15
38 100077 15
110 100083 14
150 100043 13
209 100037 15
394 100067 16
451 100035 13
491 100077 13
526 100061 16
541 100068 17
563 100023 17
611 100062 16
622 100086 13
789 100095 13
798 100089 15
825 100060 15
857 100054 15
880 100015 14
890 100028 15
893 100020 16
918 100098 13
9 100064 17
20 100033 17
25 100015 16
27 100001 17
75 100012 17
138 100069 17
289 100091 15
291 100024 12
338 100049 15
340 100047 13
394 100066 13
423 100035 17
429 100065 14
498 100025 16
562 100098 14
575 100047 13
595 100085 13
697 100044 13
864 100042 15
933 100005 14
9 100093 14
70 100042 18
137 100092 14
157 100078 14
198 100097 16
222 100088 14
301 100047 13
408 100063 12
413 100024 16
431 100086 15
588 100099 13
603 100100 13
605 100097 17
622 100015 12
710 100066 14
756 100070 13
768 100061 15
771 100055 17
873 100083 12
941 100011 15
30 100061 14
51 100006 18
84 100035 17
115 100032 15
277 100078 17
296 100068 17
399 100023 17
405 100004 15
447 100055 14
514 100096 14
530 100068 16
539 100062 15
596 100002 13
611 100048 13
677 100041 17
684 100097 15
752 100016 13
759 100065 14
865 100058 14
950 100004 17
37 100016 16
156 100028 15
307 100098 17
326 100024 13
333 100062 13
347 100029 17
450 100023 13
529 100033 17
580 100063 17
588 100061 17
665 100029 18
677 100086 17
693 100031 16
698 100055 17
745 100014 16
839 100072 17
929 100083 16
949 100059 15
962 100031 15
979 100084 15
74 100081 15
109 100024 15
153 100044 16
161 100097 13
254 100008 14
276 100083 16
363 100086 14
401 100100 15
418 100032 16
509 100080 17
522 100020 14
539 100070 15
576 100001 14
625 100100 15
681 100022 14
812 100037 13
824 100080 16
877 100095 13
878 100083 13
963 100090 15
16 100019 15
18 100036 14
45 100010 17
65 100081 14
129 100016 16
171 100074 13
183 100045 12
293 100098 12
294 100070 13
332 100043 14
452 100064 14
480 100016 15
553 100037 13
596 100086 14
635 100078 12
648 100000 15
707 100016 15
792 100005 16
829 100085 15
955 100008 15
56 100020 15
92 100078 16
144 100061 15
168 100097 13
224 100036 15
229 100086 13
285 100050 17
336 100100 14
430 100044 16
435 100000 14
462 100010 16
491 100091 14
500 100020 13
520 100099 14
767 100090 16
819 100037 16
868 100003 12
927 100053 14
976 100083 14
994 100035 15
19 100023 14
50 100086 14
56 100085 14
61 100064 14
277 100022 18
337 100080 16
358 100099 14
403 100047 12
405 100076 17
429 100098 12
491 100072 16
529 100088 14
565 100007 15
599 100008 17
687 100013 16
689 100061 17
790 100032 17
882 100079 17
940 100015 16
982 100078 16
30 100092 13
109 100056 15
117 100078 16
125 100069 17
141 100064 16
161 100060 14
322 100024 13
337 100005 13
365 100013 14
442 100085 15
507 100079 17
628 100090 15
642 100048 13
679 100061 12
680 100013 17
680 100065 16
778 100078 15
789 100078 16
953 100028 14
959 100045 13
6 100013 14
30 100019 16
53 100067 13
57 100058 15
77 100047 13
97 100072 14
151 100099 13
212 100075 17
322 100036 13
388 100038 15
529 100079 16
565 100091 13
578 100039 15
628 100095 14
781 100023 16
786 100032 14
832 100013 16
886 100017 13
984 100071 16
992 100035 17
121 100063 17
153 100079 17
186 100063 12
261 100022 17
278 100043 13
327 100033 13
330 100010 14
349 100021 12
436 100003 14
488 100051 17
527 100076 13
582 100099 13
722 100082 13
763 100006 12
798 100081 15
810 100060 17
842 100009 15
857 100095 15
891 100031 13
899 100052 13
3 100085 13
35 100001 17
93 100066 15
112 100008 18
198 100056 13
273 100079 15
295 100018 15
326 100054 13
376 100019 14
440 100096 16
460 100048 17
690 100083 13
737 100070 13
752 100008 13
757 100086 14
814 100082 14
839 100088 16
849 100008 17
876 100009 17
899 100004 13
52 100004 18
125 100012 15
179 100006 17
244 100059 16
289 100031 15
493 100072 15
581 100041 15
602 100051 14
605 100038 13
692 100050 15
763 100040 14
764 100052 16
791 100074 13
824 100076 13
837 100064 15
838 100057 17
843 100072 13
878 100060 15
915 100024 14
932 100083 17
181 100018 15
231 100085 16
291 100087 16
392 100005 15
397 100049 13
470 100025 14
501 100011 15
552 100012 16
582 100027 16
597 100008 17
633 100091 14
654 100079 12
669 100097 13
693 100027 15
755 100023 18
879 100063 13
887 100017 15
939 100023 17
957 100046 15
997 100037 17
28 100031 16
40 100048 14
43 100093 16
51 100021 13
69 100081 17
91 100036 14
111 100100 17
129 100046 15
318 100059 16
538 100059 16
541 100073 13
551 100011 14
582 100021 13
652 100084 13
762 100007 15
771 100013 16
821 100012 14
862 100058 16
870 100095 13
898 100007 13
5 100059 13
101 100023 15
231 100067 13
361 100002 12
423 100084 14
504 100035 14
516 100002 14
531 100051 16
535 100094 16
543 100066 13
608 100060 15
663 100095 15
726 100094 13
808 100080 15
809 100063 16
831 100002 17
885 100063 15
959 100000 15
978 100067 13
990 100097 12
7 100068 17
16 100001 16
61 100015 14
91 100055 15
152 100007 16
213 100051 17
244 100077 14
283 100028 13
346 100012 17
397 100093 18
408 100011 14
452 100004 16
471 100062 14
559 100095 14
615 100037 17
643 100002 16
696 100033 12
821 100004 14
873 100002 13
914 100087 14
6 100080 14
36 100060 13
67 100044 14
85 100011 14
94 100058 13
154 100011 13
212 100081 12
241 100024 15
355 100028 16
361 100032 17
424 100022 17
480 100068 14
601 100088 12
612 100000 15
663 100014 16
673 100092 17
680 100002 15
792 100048 18
948 100088 17
954 100023 16
38 100034 15
53 100018 15
65 100030 17
65 100045 14
121 100006 14
264 100002 17
268 100096 16
270 100066 15
459 100036 15
475 100100 13
555 100028 16
557 100033 16
595 100019 16
631 100074 15
647 100091 16
817 100052 14
834 100007 15
898 100092 16
919 100058 14
935 100097 16
21 100036 13
59 100049 15
103 100003 17
106 100011 13
108 100093 18
140 100062 15
267 100049 13
285 100008 16
501 100093 13
565 100063 12
584 100032 14
609 100025 16
642 100009 13
651 100058 17
744 100034 15
836 100053 14
863 100051 14
880 100091 13
900 100009 12
919 100097 15
27 100078 16
39 100014 16
43 100019 17
109 100062 13
186 100035 16
219 100001 13
271 100004 13
300 100017 14
395 100092 13
442 100079 15
570 100012 14
582 100038 16
683 100035 16
692 100058 12
717 100046 16
815 100011 15
871 100072 17
888 100015 15
946 100090 13
992 100015 15
13 100097 17
148 100019 16
171 100055 13
207 100078 15
235 100008 16
427 100049 14
431 100075 15
465 100088 13
495 100042 18
704 100080 12
710 100042 17
716 100047 13
722 100010 14
768 100013 14
800 100079 16
808 100082 16
808 100087 17
888 100011 13
890 100087 13
909 100030 15
11 100089 17
14 100003 15
54 100018 16
67 100027 13
85 100010 13
128 100048 15
145 100032 16
193 100060 15
216 100000 15
383 100029 15
383 100043 17
526 100057 16
643 100041 16
681 100037 14
686 100094 12
729 100028 14
757 100070 14
772 100057 13
928 100072 14
1000 100005 15
6 100086 17
23 100038 18
121 100087 14
164 100049 17
189 100004 15
235 100042 15
251 100052 15
337 100090 15
369 100062 15
437 100027 16
459 100055 14
527 100025 17
528 100046 13
552 100076 18
590 100014 15
645 100065 17
761 100090 16
811 100046 14
873 100010 16
977 100006 14
50 100078 17
109 100027 15
187 100099 17
239 100077 17
256 100066 13
293 100048 13
337 100072 15
346 100084 15
353 100032 15
365 100082 16
421 100059 15
484 100052 13
492 100073 17
531 100088 17
672 100072 17
691 100080 14
771 100014 15
807 100029 13
820 100087 17
925 100059 16
