2000 100 91133871
20 133 212
20 115 156
20 139 225
20 71 235
20 61 156
20 81 215
20 62 229
20 137 228
20 138 152
20 148 178
20 106 191
20 137 171
20 76 226
20 61 176
20 64 178
20 88 222
20 105 185
20 112 172
20 115 191
20 76 243
20 127 241
20 103 243
20 95 237
20 148 221
20 55 248
20 55 176
20 72 174
20 75 167
20 98 230
20 121 156
20 135 229
20 67 177
20 54 159
20 62 231
20 143 196
20 123 210
20 110 165
20 74 223
20 106 229
20 122 197
20 133 163
20 103 247
20 95 172
20 74 154
20 113 214
20 90 222
20 99 216
20 142 229
20 143 165
20 148 213
20 125 150
20 109 178
20 57 235
20 97 219
20 128 208
20 88 214
20 124 221
20 113 200
20 105 179
20 126 164
20 68 168
20 80 245
20 75 202
20 70 208
20 102 225
20 55 189
20 92 238
20 56 231
20 131 218
20 138 152
20 115 154
20 100 210
20 147 230
20 83 202
20 56 167
20 63 183
20 132 246
20 128 172
20 121 212
20 80 191
20 60 193
20 61 243
20 144 185
20 115 243
20 79 243
20 94 239
20 72 198
20 82 194
20 85 152
20 52 182
20 58 184
20 132 197
20 93 172
20 65 229
20 87 159
20 111 231
20 115 220
20 134 223
20 66 211
20 111 161
15 100075 17
50 100022 17
65 100063 15
150 100065 15
259 100008 18
272 100078 17
288 100073 17
297 100039 14
300 100082 16
315 100087 13
403 100036 14
474 100005 17
559 100051 17
565 100035 15
596 100074 18
738 100082 18
782 100097 15
798 100013 19
891 100005 14
917 100004 16
138 100028 17
173 100077 16
179 100089 18
249 100021 18
409 100009 15
425 100100 19
431 100071 16
495 100095 14
496 100033 16
500 100095 16
523 100095 18
590 100082 15
670 100012 19
670 100093 18
702 100098 13
803 100086 16
886 100057 14
905 100019 17
947 100057 17
956 100055 17
108 100002 17
123 100068 17
135 100025 16
190 100004 17
217 100009 15
222 100056 18
263 100085 18
290 100081 14
337 100050 14
405 100071 15
448 100034 18
494 100093 18
546 100088 16
577 100056 14
659 100027 17
659 100090 16
727 100073 18
755 100013 15
793 100005 16
801 100025 18
31 100058 16
155 100032 15
164 100035 16
171 100067 15
184 100040 17
187 100059 14
312 100053 16
397 100088 14
445 100070 18
508 100057 13
654 100075 18
756 100035 18
769 100005 14
801 100007 19
807 100036 13
890 100088 14
891 100027 18
907 100009 19
945 100052 16
990 100057 16
19 100081 14
36 100090 16
156 100084 16
159 100009 18
160 100005 17
186 100061 15
203 100041 16
207 100048 16
439 100031 15
484 100080 14
591 100011 18
710 100074 16
712 100018 15
723 100021 16
770 100011 18
787 100047 14
798 100036 18
829 100059 16
830 100082 15
881 100000 18
13 100014 19
73 100013 16
109 100014 19
176 100050 17
237 100027 14
256 100010 15
293 100015 15
354 100100 17
405 100096 16
547 100075 17
584 100070 16
617 100006 15
670 100088 18
702 100026 17
713 100033 15
768 100027 17
809 100058 19
816 100070 17
835 100015 16
924 100051 18
123 100086 16
126 100028 19
134 100053 15
141 100052 15
142 100008 18
147 100014 16
247 100096 16
332 100039 17
421 100044 14
493 100092 14
494 100013 15
595 100055 16
634 100001 18
699 100011 19
716 100098 13
780 100020 15
881 100018 16
926 100081 14
960 100034 17
984 100008 18
66 100018 15
123 100039 18
172 100006 19
267 100064 17
278 100087 17
296 100039 17
375 100012 18
432 100063 13
440 100033 15
447 100055 17
462 100017 18
473 100064 18
488 100027 18
569 100025 15
575 100006 18
576 100068 15
579 100095 14
671 100093 18
690 100011 14
837 100001 17
44 100036 13
68 100059 14
170 100021 14
173 100027 16
199 100016 17
273 100082 18
303 100087 15
375 100098 13
390 100068 17
454 100096 15
465 100006 17
476 100010 16
484 100023 14
488 100059 13
526 100069 16
527 100062 14
544 100068 16
557 100016 14
563 100053 13
708 100059 17
54 100000 16
74 100008 16
88 100045 18
102 100062 15
130 100090 16
135 100013 18
155 100072 14
190 100017 19
211 100016 14
220 100066 14
369 100037 18
415 100030 15
444 100081 16
506 100017 18
508 100064 17
699 100019 16
756 100009 15
784 100065 17
797 100025 18
824 100000 18
6 100087 16
23 100099 18
25 100087 18
68 100034 13
124 100060 15
176 100078 15
257 100073 15
272 100038 17
325 100001 16
340 100002 19
520 100090 14
643 100089 16
761 100099 17
768 100033 18
781 100093 16
857 100045 16
896 100024 18
919 100062 15
972 100077 16
994 100045 18
155 100021 18
222 100003 14
222 100017 14
241 100002 17
277 100083 18
287 100100 18
328 100085 17
367 100053 18
401 100038 18
422 100082 17
505 100083 16
514 100024 18
586 100022 19
587 100029 16
619 100084 17
626 100056 17
701 100053 14
764 100021 17
878 100006 15
931 100008 17
10 100015 17
29 100017 17
32 100075 14
53 100011 17
104 100055 16
143 100064 19
232 100069 16
239 100064 15
293 100006 18
347 100055 18
377 100041 16
554 100060 16
566 100048 17
580 100049 17
591 100023 17
621 100027 15
648 100043 15
764 100083 15
782 100005 17
917 100038 15
9 100047 18
10 100043 15
93 100004 16
290 100033 18
300 100054 15
326 100087 14
328 100029 17
349 100075 14
351 100043 16
399 100000 14
404 100085 14
509 100021 16
579 100070 17
583 100052 16
716 100056 14
721 100042 16
799 100021 18
855 100017 18
925 100061 17
983 100039 19
65 100038 17
83 100091 18
145 100001 18
179 100061 15
197 100023 16
203 100100 14
244 100026 15
280 100044 15
284 100051 16
300 100100 17
442 100036 14
462 100051 16
468 100083 16
622 100059 15
662 100090 17
798 100008 16
800 100079 15
853 100055 16
916 100004 18
972 100022 14
11 100086 17
17 100013 14
26 100059 14
73 100059 18
152 100057 18
172 100087 17
272 100056 16
276 100030 14
276 100043 14
300 100015 15
301 100087 13
448 100071 18
450 100076 18
482 100073 14
571 100012 16
672 100001 16
816 100047 15
856 100018 13
875 100058 16
967 100026 15
15 100060 14
47 100082 19
96 100095 15
128 100048 14
155 100010 18
225 100099 15
254 100066 15
346 100065 13
437 100008 18
447 100017 17
472 100045 18
566 100028 14
677 100051 15
698 100050 19
793 100090 16
803 100081 18
845 100081 17
858 100100 17
910 100074 14
928 100093 17
30 100067 14
40 100031 18
375 100028 19
393 100049 17
398 100089 14
431 100075 17
489 100039 14
527 100003 18
560 100043 15
585 100085 18
589 100013 17
599 100012 13
635 100006 15
705 100040 17
746 100053 15
835 100015 13
863 100086 15
900 100086 15
934 100044 14
984 100083 17
101 100080 14
106 100070 17
134 100023 18
178 100074 18
208 100094 18
252 100066 17
336 100070 16
372 100024 18
385 100084 18
438 100094 17
451 100093 15
515 100005 18
591 100032 18
669 100037 17
742 100026 18
784 100051 14
802 100073 17
822 100089 14
863 100041 14
977 100056 16
137 100093 14
150 100092 15
204 100047 16
226 100076 19
239 100000 18
293 100095 16
328 100004 15
351 100073 14
409 100032 15
549 100083 16
595 100057 15
655 100086 16
664 100068 17
677 100087 14
689 100010 16
739 100029 18
742 100028 18
762 100055 19
791 100073 18
891 100086 13
3 100036 13
42 100066 17
96 100013 17
117 100051 15
189 100055 18
233 100072 18
292 100061 17
383 100048 13
462 100048 19
633 100039 16
694 100079 18
737 100006 17
797 100068 16
848 100057 14
857 100013 13
899 100039 16
943 100024 18
966 100075 13
987 100041 16
999 100025 13
36 100047 16
43 100087 18
151 100014 19
174 100039 17
176 100041 17
192 100072 18
197 100087 16
207 100050 19
235 100065 16
344 100060 14
392 100087 18
443 100077 18
537 100074 14
576 100098 17
707 100097 18
809 100029 16
843 100045 16
858 100089 16
901 100022 14
964 100031 17
27 100004 14
157 100020 18
190 100049 15
305 100025 14
308 100007 15
315 100060 15
393 100097 17
429 100037 15
434 100037 15
442 100016 16
442 100074 13
452 100100 14
577 100033 14
616 100083 14
697 100091 18
708 100021 16
775 100033 18
851 100056 17
896 100083 16
947 100065 18
45 100089 17
63 100017 18
67 100046 18
76 100002 17
244 100001 14
259 100083 18
280 100005 18
329 100009 18
372 100073 16
388 100042 14
400 100092 17
429 100093 15
455 100057 18
565 100080 14
568 100051 18
786 100070 16
789 100017 15
800 100087 18
850 100011 17
935 100072 18
59 100033 13
170 100012 18
174 100034 14
195 100084 16
274 100003 15
280 100066 13
306 100072 17
354 100022 18
465 100036 17
507 100050 16
523 100056 17
544 100006 17
549 100027 14
716 100047 15
736 100049 18
828 100075 18
841 100064 18
901 100016 16
960 100009 14
999 100056 17
48 100098 14
92 100098 17
116 100036 17
130 100009 13
139 100098 15
181 100009 15
324 100063 15
357 100015 16
404 100070 16
598 100012 16
647 100051 17
668 100075 15
701 100066 18
719 100059 17
739 100022 17
795 100052 14
808 100023 17
863 100038 16
920 100017 17
985 100009 14
19 100039 16
31 100018 14
176 100066 14
241 100069 18
251 100046 18
299 100051 17
345 100052 16
349 100024 17
415 100018 16
432 100065 15
500 100015 17
517 100061 16
603 100075 16
679 100043 13
778 100037 17
818 100014 18
821 100058 18
957 100096 18
966 100067 15
992 100074 18
71 100098 17
113 100055 16
124 100034 18
239 100035 15
253 100090 15
312 100074 16
331 100000 16
357 100091 16
437 100051 17
657 100010 17
816 100005 13
818 100045 16
829 100089 14
876 100096 15
878 100042 14
897 100064 14
897 100090 14
938 100062 15
944 100009 19
994 100009 16
51 100036 16
121 100090 16
126 100047 18
138 100045 17
154 100081 17
185 100088 13
220 100046 19
256 100002 16
358 100066 16
412 100055 18
731 100074 15
774 100078 15
810 100052 19
845 100086 13
873 100081 14
917 100087 14
931 100009 15
959 100052 17
961 100065 16
974 100028 14
22 100085 18
49 100085 17
51 100018 17
56 100013 19
70 100068 18
77 100084 19
149 100088 17
185 100041 14
273 100069 17
275 100050 17
367 100007 15
372 100024 19
440 100016 15
555 100026 15
592 100080 16
633 100091 14
698 100084 17
705 100003 14
817 100033 15
867 100079 14
13 100045 18
18 100020 18
42 100034 16
46 100067 17
54 100040 18
64 100037 18
268 100066 18
333 100048 17
492 100030 15
539 100055 15
541 100000 18
627 100018 18
651 100086 16
665 100055 13
693 100006 16
743 100093 18
761 100060 15
763 100093 18
849 100008 15
947 100081 18
25 100038 17
59 100082 15
104 100040 14
256 100068 15
308 100006 15
315 100023 15
327 100021 18
420 100040 15
551 100027 13
551 100072 14
585 100024 15
586 100053 18
668 100014 18
700 100057 18
843 100052 14
864 100021 13
875 100027 14
895 100089 16
940 100063 14
996 100067 16
28 100082 15
109 100047 18
213 100089 13
231 100061 15
252 100029 14
254 100059 14
448 100049 18
532 100021 13
556 100096 18
559 100090 17
642 100009 18
689 100022 16
757 100008 19
787 100006 16
790 100048 17
820 100092 18
877 100081 14
882 100045 18
951 100037 16
976 100046 14
2 100061 15
114 100007 18
184 100064 18
227 100008 15
232 100013 16
253 100042 15
331 100024 16
428 100050 18
529 100094 17
572 100020 13
649 100051 17
658 100034 15
660 100030 14
661 100090 18
744 100052 18
784 100097 17
819 100086 15
895 100094 18
961 100014 17
1000 100061 16
110 100007 18
169 100022 17
198 100037 15
207 100067 17
219 100080 15
227 100076 15
267 100002 15
327 100002 16
331 100091 14
340 100091 15
449 100096 18
643 100069 15
791 100082 17
838 100019 18
852 100075 16
855 100012 17
858 100009 18
886 100053 15
943 100088 15
979 100085 17
22 100055 17
43 100079 16
74 100080 15
75 100039 17
163 100095 13
199 100079 13
280 100099 14
298 100011 15
323 100073 18
369 100024 17
377 100004 18
411 100017 19
499 100082 18
539 100076 14
576 100065 18
612 100010 16
617 100026 15
648 100093 13
852 100028 14
995 100048 17
48 100075 18
59 100012 18
59 100045 18
63 100073 19
69 100046 15
106 100037 14
123 100050 18
217 100061 15
298 100009 18
345 100039 16
403 100007 14
460 100069 16
493 100004 19
523 100087 17
537 100055 15
686 100087 16
710 100093 14
712 100016 18
917 100024 13
988 100072 14
7 100100 19
131 100026 15
208 100053 14
219 100099 15
220 100017 16
226 100006 13
249 100045 17
315 100060 17
410 100034 15
448 100064 18
606 100100 16
621 100068 13
631 100018 19
671 100086 14
754 100023 18
757 100083 14
915 100015 17
939 100072 15
943 100034 18
987 100074 13
72 100053 18
90 100066 17
97 100024 15
140 100026 17
178 100061 17
182 100033 18
244 100010 16
297 100075 15
312 100044 16
334 100027 15
379 100057 17
403 100084 18
466 100096 18
543 100023 18
603 100020 16
650 100098 13
787 100022 14
807 100083 17
845 100081 17
916 100063 15
45 100088 17
72 100034 17
237 100014 16
245 100099 14
327 100036 15
343 100029 14
402 100007 18
430 100025 16
437 100057 17
461 100048 15
524 100059 14
531 100083 18
615 100055 16
615 100080 15
644 100094 17
648 100082 17
733 100079 17
740 100071 18
872 100028 18
889 100050 18
136 100059 17
142 100013 18
143 100068 16
206 100023 15
206 100052 15
290 100047 18
377 100097 17
416 100075 14
430 100057 17
431 100001 16
461 100100 17
553 100099 14
558 100074 14
562 100077 18
765 100020 18
827 100023 17
854 100077 19
957 100009 17
977 100017 18
985 100012 17
49 100069 14
149 100084 14
204 100027 16
276 100073 15
310 100022 18
313 100083 15
507 100000 14
536 100001 15
587 100028 16
610 100052 18
646 100058 18
741 100039 16
771 100059 17
806 100035 17
842 100066 18
874 100000 15
902 100070 18
924 100022 18
924 100076 17
993 100033 17
21 100027 18
106 100039 19
159 100059 15
267 100094 17
416 100088 17
422 100079 15
532 100074 16
613 100079 15
617 100046 18
650 100062 17
659 100059 16
754 100083 14
765 100004 17
770 100028 18
777 100028 14
783 100082 17
912 100024 18
941 100029 14
992 100052 17
999 100051 18
99 100003 13
106 100069 16
127 100020 15
162 100013 17
172 100037 16
185 100024 15
228 100028 16
281 100008 15
295 100046 15
365 100004 18
368 100082 18
520 100094 17
623 100075 14
662 100050 13
778 100055 15
782 100098 15
787 100033 19
789 100066 17
935 100035 14
946 100034 16
12 100058 17
28 100015 15
46 100065 14
218 100001 15
319 100048 16
325 100080 17
334 100096 14
378 100027 18
403 100035 18
404 100083 19
588 100090 15
692 100096 16
729 100059 16
774 100016 17
781 100046 14
829 100017 15
846 100026 16
892 100009 13
924 100072 16
984 100056 14
9 100076 13
21 100089 17
102 100098 16
224 100027 18
283 100007 17
297 100090 16
375 100007 16
517 100092 15
519 100032 18
588 100050 18
696 100028 14
753 100081 14
789 100090 15
802 100069 17
822 100097 18
930 100043 15
938 100082 19
949 100074 14
958 100008 15
985 100004 16
62 100069 14
76 100022 14
129 100048 19
155 100027 15
229 100024 14
265 100044 18
331 100049 14
343 100023 14
428 100069 16
438 100004 18
514 100024 17
619 100055 16
654 100091 17
682 100011 14
741 100031 15
860 100053 16
906 100043 19
915 100046 13
916 100001 16
921 100042 14
112 100025 14
158 100001 18
193 100066 14
196 100031 13
292 100031 13
385 100092 14
479 100021 17
494 100048 14
562 100002 14
590 100051 15
615 100017 18
622 100086 14
642 100062 18
718 100039 18
745 100000 14
909 100034 14
943 100026 14
960 100089 15
969 100070 14
975 100006 15
1 100040 13
91 100022 18
127 100000 16
140 100034 16
178 100073 16
237 100012 16
319 100068 17
331 100006 14
350 100007 18
370 100022 15
613 100002 18
645 100027 17
684 100055 14
707 100016 14
744 100014 17
829 100014 15
831 100036 17
925 100094 17
950 100097 14
977 100038 15
33 100078 13
36 100018 18
129 100039 14
208 100089 18
302 100014 15
340 100099 18
378 100004 16
389 100050 19
401 100066 15
430 100013 14
526 100015 18
533 100014 14
535 100035 16
536 100077 18
561 100074 17
571 100026 13
644 100089 17
687 100069 13
743 100055 19
929 100071 17
1 100041 15
3 100000 13
87 100031 16
127 100009 18
208 100087 18
335 100095 13
467 100075 16
519 100060 15
582 100017 14
589 100002 14
594 100000 14
608 100082 16
737 100076 15
756 100086 17
787 100015 15
789 100014 15
848 100049 14
852 100093 14
963 100059 16
979 100088 14
13 100056 18
158 100006 17
313 100074 15
379 100049 15
388 100095 15
413 100086 14
425 100035 16
505 100024 14
546 100008 15
550 100010 16
550 100043 15
583 100028 19
592 100066 15
686 100025 14
699 100089 18
761 100084 16
786 100080 14
793 100069 19
831 100028 16
886 100073 16
31 100060 17
34 100057 16
72 100087 18
76 100051 15
78 100021 17
129 100034 15
168 100049 14
295 100064 17
302 100072 17
427 100049 14
443 100097 18
457 100028 15
460 100083 14
512 100001 17
595 100088 15
649 100012 18
660 100024 14
663 100078 18
727 100061 14
892 100031 15
52 100023 14
74 100075 17
133 100021 16
149 100026 19
187 100005 15
188 100043 14
195 100063 13
239 100029 17
358 100098 16
378 100056 19
496 100081 18
501 100092 15
580 100009 18
705 100075 18
847 100029 15
873 100011 17
885 100046 15
947 100012 16
982 100037 18
991 100074 16
31 100068 15
61 100085 14
121 100080 16
201 100064 14
335 100032 14
366 100095 14
407 100052 18
428 100041 18
480 100069 14
505 100035 14
567 100073 17
572 100098 15
578 100043 16
647 100018 15
652 100024 17
680 100082 14
748 100079 18
855 100079 15
879 100018 18
942 100022 17
56 100069 13
104 100075 19
153 100011 18
246 100032 13
276 100058 18
311 100075 15
446 100003 14
474 100074 15
506 100070 17
512 100053 13
537 100016 13
568 100089 15
593 100006 15
597 100071 14
676 100079 17
808 100050 15
861 100080 17
908 100084 16
909 100056 18
924 100010 18
95 100007 15
96 100043 17
117 100084 14
195 100051 15
250 100074 17
300 100058 14
326 100078 13
355 100041 18
390 100017 13
445 100033 14
464 100051 16
492 100072 17
493 100042 16
507 100095 17
567 100037 19
609 100080 16
688 100043 17
741 100038 18
797 100029 17
912 100030 15
31 100082 15
46 100069 17
235 100011 15
258 100002 16
261 100052 18
303 100000 14
455 100056 13
466 100096 16
476 100007 17
495 100031 14
529 100002 13
610 100088 16
704 100075 19
714 100014 15
787 100032 13
865 100099 15
892 100079 18
899 100016 13
933 100055 17
991 100022 14
17 100047 16
71 100070 15
207 100014 18
287 100055 16
429 100071 17
429 100094 16
433 100060 18
453 100047 16
496 100012 16
617 100018 17
625 100004 16
671 100034 17
688 100015 18
732 100042 15
789 100038 17
827 100077 14
866 100076 18
868 100030 18
929 100007 15
966 100072 16
48 100033 18
94 100029 15
152 100090 16
163 100045 14
303 100009 13
319 100072 18
325 100048 18
398 100071 17
556 100037 13
561 100088 18
578 100064 15
585 100034 18
604 100041 16
631 100100 15
643 100078 18
735 100045 16
863 100072 14
877 100004 18
921 100076 17
994 100029 14
12 100078 17
13 100020 16
63 100084 14
138 100092 17
168 100044 14
189 100086 14
215 100003 18
242 100091 17
248 100089 18
291 100002 16
333 100042 18
365 100097 18
441 100046 15
473 100055 13
594 100035 14
695 100002 18
705 100064 15
796 100024 18
826 100058 17
859 100000 14
22 100008 16
95 100053 14
117 100011 17
169 100043 14
187 100026 16
190 100060 14
208 100012 17
225 100031 18
263 100090 17
332 100004 16
421 100072 14
458 100005 18
490 100023 17
641 100002 16
741 100093 18
787 100014 14
895 100079 15
919 100064 16
933 100034 18
967 100011 19
16 100000 13
96 100048 15
118 100093 16
276 100020 17
284 100037 18
353 100004 15
428 100015 16
428 100092 13
451 100058 14
490 100040 18
539 100036 14
550 100084 19
631 100023 16
640 100025 14
647 100100 13
661 100094 15
665 100062 18
776 100008 16
802 100074 16
939 100049 17
151 100059 15
171 100024 16
287 100087 18
301 100021 18
330 100091 15
349 100071 17
460 100049 13
460 100076 14
507 100070 18
609 100037 15
621 100027 14
675 100074 18
675 100091 14
708 100039 17
826 100048 18
838 100091 14
882 100041 14
970 100033 17
973 100061 14
993 100009 18
7 100100 15
24 100037 17
99 100052 17
109 100087 17
182 100086 15
206 100079 15
297 100001 14
307 100009 15
309 100065 14
343 100094 14
412 100000 15
553 100026 17
604 100093 17
667 100046 16
700 100075 14
715 100053 14
777 100099 14
856 100061 16
938 100064 14
941 100054 14
36 100040 15
39 100096 18
76 100089 15
102 100090 14
136 100022 17
136 100057 17
186 100070 15
227 100040 17
249 100096 16
337 100089 14
387 100007 14
419 100007 18
498 100098 18
580 100096 18
668 100053 17
677 100019 17
803 100005 14
872 100023 18
947 100078 14
986 100060 13
93 100085 14
128 100058 15
177 100004 17
255 100029 18
343 100097 18
365 100050 15
426 100015 14
430 100017 16
445 100084 17
470 100002 19
497 100044 16
520 100026 18
525 100027 13
549 100025 13
618 100099 15
745 100039 18
850 100015 15
869 100008 13
900 100098 14
936 100042 18
38 100064 16
178 100018 15
241 100012 15
325 100090 14
328 100030 17
334 100056 18
409 100057 18
511 100059 14
517 100021 15
524 100078 15
545 100062 17
574 100017 16
700 100038 19
751 100024 14
852 100076 15
861 100003 17
912 100055 16
972 100031 18
990 100053 18
994 100041 14
125 100064 16
137 100026 18
164 100040 16
221 100015 16
233 100039 18
288 100096 16
325 100087 15
413 100089 18
426 100039 18
498 100068 15
511 100059 16
643 100087 18
646 100071 16
683 100024 17
713 100096 17
718 100096 15
726 100094 18
811 100016 17
840 100033 14
991 100086 15
11 100050 15
104 100025 16
180 100015 14
193 100070 14
245 100045 18
252 100049 15
350 100004 16
361 100068 17
376 100100 14
378 100047 13
577 100046 19
603 100024 16
656 100069 16
673 100068 15
786 100018 14
805 100058 16
872 100089 18
881 100038 14
915 100007 16
919 100067 16
80 100083 16
124 100096 15
140 100013 16
180 100006 14
182 100011 14
195 100088 15
231 100080 16
291 100019 14
409 100065 18
438 100054 16
547 100090 15
647 100004 16
688 100088 15
726 100040 16
732 100088 15
759 100089 13
794 100090 18
842 100003 14
887 100002 15
924 100043 17
107 100056 16
120 100048 17
163 100006 18
175 100031 13
234 100020 16
260 100069 14
338 100030 18
392 100067 16
395 100075 17
471 100075 15
537 100022 16
550 100095 18
566 100089 18
612 100038 16
628 100093 15
790 100060 13
824 100085 17
875 100046 14
880 100099 15
938 100058 18
117 100085 16
129 100037 15
180 100041 17
228 100080 15
271 100042 14
306 100059 16
344 100098 13
392 100038 15
473 100078 15
495 100030 17
514 100088 13
696 100053 16
743 100085 18
759 100084 15
761 100084 18
783 100027 14
852 100061 18
899 100039 17
917 100081 18
999 100075 19
49 100094 15
85 100053 18
92 100085 18
151 100034 13
217 100001 18
253 100095 17
419 100022 17
432 100019 15
535 100035 16
563 100031 16
613 100037 15
668 100067 16
837 100044 15
845 100018 15
866 100044 19
912 100096 16
934 100087 16
972 100035 18
977 100000 18
983 100044 18
79 100075 14
113 100054 15
213 100031 17
305 100090 17
351 100065 16
392 100054 14
406 100000 14
424 100085 16
445 100099 17
580 100005 16
760 100010 16
781 100027 14
786 100060 17
884 100016 16
923 100011 17
930 100100 16
942 100051 15
951 100054 18
953 100083 17
972 100077 13
49 100001 16
83 100069 14
132 100006 17
213 100086 15
319 100099 15
326 100093 16
328 100017 13
390 100026 17
426 100094 13
464 100022 15
476 100077 16
509 100053 15
563 100043 15
584 100065 18
617 100074 15
693 100022 17
769 100025 16
866 100095 17
891 100033 18
917 100076 15
92 100068 17
234 100048 18
291 100099 18
332 100062 18
381 100064 18
461 100068 18
477 100097 14
530 100026 15
545 100064 18
572 100022 15
593 100051 15
609 100052 18
738 100014 17
776 100028 17
812 100100 14
825 100031 16
840 100029 16
888 100077 14
955 100018 15
970 100048 17
1 100005 17
60 100061 14
125 100029 18
223 100076 14
252 100006 18
295 100042 17
315 100037 14
320 100015 19
329 100044 18
411 100097 16
454 100008 19
457 100017 16
472 100084 13
483 100100 14
565 100067 18
605 100091 16
643 100015 18
666 100004 14
921 100015 13
951 100048 15
54 100042 17
62 100045 15
157 100003 18
273 100005 14
311 100059 15
368 100032 14
398 100051 18
410 100078 14
441 100075 17
480 100057 17
512 100097 14
541 100004 14
541 100080 14
580 100059 15
690 100073 16
745 100027 15
748 100054 16
773 100067 19
784 100056 18
808 100064 18
41 100050 17
47 100006 14
49 100044 17
102 100047 17
154 100017 16
207 100049 15
261 100014 16
394 100047 13
422 100032 18
580 100080 14
635 100071 18
735 100086 16
749 100094 17
785 100054 14
795 100029 14
911 100090 18
923 100092 18
939 100032 17
945 100062 19
986 100026 14
69 100064 17
82 100085 17
100 100065 16
233 100082 16
288 100087 14
340 100026 17
344 100007 17
396 100041 18
403 100058 14
469 100015 16
483 100044 17
487 100032 16
579 100014 17
619 100081 16
762 100082 17
816 100096 15
864 100085 16
867 100060 15
949 100046 14
970 100070 15
55 100018 17
74 100071 14
98 100018 13
103 100038 17
181 100053 18
233 100097 15
347 100041 16
374 100083 17
389 100074 18
417 100074 18
418 100041 17
487 100092 18
559 100032 14
601 100039 13
682 100080 18
702 100026 18
752 100094 15
840 100083 14
935 100048 14
975 100008 13
1 100071 14
30 100043 19
34 100045 16
105 100096 17
121 100090 17
145 100047 16
146 100022 14
222 100095 14
295 100053 17
510 100026 18
551 100005 14
571 100002 16
617 100025 19
645 100020 17
700 100022 17
780 100097 17
810 100082 18
858 100062 17
863 100047 18
921 100034 18
15 100067 14
29 100011 18
53 100015 17
145 100091 18
174 100063 19
228 100073 16
244 100055 18
293 100053 17
329 100035 15
395 100089 18
438 100046 17
468 100011 16
602 100069 14
661 100012 15
726 100050 18
795 100013 15
811 100042 15
815 100093 17
858 100027 18
980 100076 14
59 100011 15
95 100071 13
106 100019 18
139 100000 15
258 100000 15
379 100038 13
390 100074 19
404 100025 13
517 100034 16
527 100023 16
537 100013 15
539 100021 16
549 100023 16
562 100016 16
733 100086 15
788 100076 18
817 100001 15
929 100080 14
984 100088 15
992 100007 17
1 100005 15
10 100066 17
110 100003 18
119 100017 15
128 100054 17
135 100017 15
139 100040 15
291 100054 18
372 100002 17
451 100062 18
532 100077 13
639 100095 15
651 100049 14
684 100089 18
738 100028 18
740 100080 14
756 100006 14
769 100049 18
804 100005 17
881 100070 14
5 100049 18
63 100023 16
74 100054 18
101 100084 14
180 100025 16
180 100082 15
203 100063 18
244 100010 18
285 100027 14
305 100059 16
324 100064 15
341 100026 14
552 100100 17
592 100003 14
675 100009 17
680 100005 14
763 100047 15
895 100080 14
941 100004 18
964 100080 17
37 100041 13
95 100099 16
108 100023 13
178 100047 15
212 100043 17
239 100086 17
270 100087 15
312 100058 16
357 100014 16
376 100000 19
377 100045 13
385 100036 14
430 100024 18
523 100086 14
539 100059 18
543 100091 17
602 100009 18
704 100043 17
941 100068 16
957 100083 14
111 100041 18
122 100014 18
174 100005 19
234 100020 17
248 100020 16
248 100066 15
313 100078 15
362 100019 16
404 100071 17
412 100007 13
466 100026 15
533 100051 13
573 100020 16
615 100000 15
648 100001 18
721 100008 15
808 100029 15
840 100049 13
927 100005 16
955 100041 14
1 100016 17
6 100004 15
58 100031 16
64 100044 19
148 100081 14
165 100015 14
173 100032 14
195 100057 14
245 100056 15
295 100018 18
350 100003 18
500 100006 16
526 100069 17
600 100030 16
620 100064 15
819 100044 17
838 100006 14
858 100050 16
870 100044 14
924 100043 15
68 100027 14
95 100094 18
142 100014 16
149 100053 16
295 100040 13
425 100003 17
432 100064 14
503 100041 16
524 100033 14
531 100029 18
574 100013 17
594 100041 16
646 100091 16
708 100037 17
709 100088 16
762 100079 18
794 100083 17
847 100068 17
922 100030 13
927 100063 14
23 100093 19
36 100059 14
38 100059 17
52 100023 15
52 100023 17
96 100095 14
98 100060 16
182 100003 14
243 100077 14
257 100085 17
326 100080 14
349 100038 17
368 100036 16
447 100019 15
501 100079 16
549 100026 15
564 100008 16
580 100034 17
822 100004 17
890 100087 18
9 100095 15
41 100043 14
185 100027 18
211 100075 14
256 100005 16
281 100030 17
343 100080 16
442 100036 17
514 100095 17
582 100001 15
610 100065 14
647 100034 17
652 100094 14
716 100100 16
718 100035 14
743 100074 17
773 100025 18
803 100013 16
850 100047 18
944 100056 15
24 100033 17
30 100052 13
31 100009 14
181 100038 19
201 100078 18
208 100040 15
228 100047 14
322 100061 17
356 100038 16
425 100002 16
428 100028 15
506 100026 17
563 100005 15
563 100069 19
603 100094 15
708 100041 14
753 100011 15
753 100014 18
771 100072 16
802 100056 16
35 100066 17
46 100100 14
54 100093 14
115 100047 17
124 100068 18
248 100004 15
341 100005 13
347 100011 14
387 100003 17
390 100066 15
401 100032 19
476 100065 14
542 100065 14
594 100099 16
656 100056 18
691 100097 16
744 100094 16
750 100043 19
850 100092 18
975 100010 15
13 100043 18
53 100069 18
99 100076 17
206 100030 16
233 100014 14
270 100081 16
359 100020 18
387 100023 18
433 100062 15
581 100021 14
586 100076 18
644 100050 15
664 100083 17
727 100078 18
764 100040 15
798 100096 18
840 100015 14
968 100061 13
969 100049 16
992 100007 18
19 100026 16
24 100032 16
65 100065 15
80 100054 14
143 100047 18
307 100075 14
307 100092 15
341 100012 17
424 100031 16
434 100039 18
440 100079 15
490 100001 14
526 100024 18
622 100094 16
723 100016 18
782 100007 14
843 100018 18
924 100063 16
926 100016 15
947 100099 18
39 100023 16
81 100004 16
142 100044 15
195 100038 18
210 100033 15
231 100040 15
289 100012 17
289 100038 14
310 100077 15
388 100059 17
435 100085 17
449 100062 15
478 100097 17
531 100004 16
544 100097 18
582 100082 17
646 100038 16
832 100033 17
848 100023 14
857 100081 15
25 100026 15
32 100038 16
48 100035 17
59 100017 16
209 100079 15
210 100047 15
276 100098 17
288 100075 17
310 100045 14
322 100026 18
332 100048 18
392 100015 15
578 100025 17
662 100001 18
766 100010 18
801 100078 18
834 100024 18
887 100066 16
985 100010 16
990 100005 15
125 100027 16
132 100002 18
212 100021 18
223 100046 17
246 100019 17
253 100034 14
253 100089 17
304 100028 14
372 100089 14
375 100058 19
390 100036 18
427 100098 13
538 100005 15
541 100046 17
591 100048 15
599 100022 14
626 100008 15
639 100079 17
828 100033 18
982 100100 17
