1000 20 2769976
50 72 182
50 150 204
50 81 226
50 114 173
50 71 200
50 102 250
50 127 187
50 97 155
50 74 204
50 73 156
50 116 162
50 128 173
50 56 172
50 84 225
50 74 190
50 137 199
50 122 246
50 128 181
50 54 221
50 144 204
236 9599 4
559 8357 5
562 3955 5
578 1698 5
579 16 5
643 9631 6
738 7207 6
751 9112 5
854 1435 5
1015 6763 6
1116 5724 5
1223 8405 4
1329 5564 6
1503 4651 5
1620 6163 5
1666 6505 5
1707 373 6
2046 3221 4
2678 9344 4
3457 7165 5
3552 3212 6
3990 8586 4
4170 716 6
4192 3159 5
4228 7971 6
4261 45 6
4385 6828 6
4728 9944 6
4817 9308 5
5000 3885 5
5340 9868 5
5732 5188 6
6030 9302 5
6056 9601 6
6084 7857 4
6269 8871 4
6324 1840 6
6338 268 5
6479 1027 4
6853 6301 5
7365 6887 5
7614 7755 5
7723 2448 5
7760 4577 5
8177 8909 5
8503 1029 5
8673 3411 4
9143 6791 5
9923 728 4
9934 7441 6
3 3917 4
704 261 6
740 5894 5
883 572 5
938 1936 6
940 1566 6
1355 8722 5
1532 8922 6
1598 3524 4
1877 4987 6
1959 3755 5
1986 4237 5
2157 5759 5
2492 7905 4
2735 822 5
2785 4742 6
2840 3692 5
3130 3638 4
3182 1851 4
3313 6095 6
3380 1907 4
3418 2058 5
3527 3079 6
3581 9200 6
3619 7010 5
3709 2996 5
4349 5077 5
4426 5166 6
4492 9725 5
4618 522 6
4824 1301 6
6066 9515 5
6100 4302 4
6567 5273 5
6695 4022 5
6768 6760 6
7064 4705 4
7107 1853 6
7619 6982 5
7632 9525 5
7944 5961 6
8078 9187 6
8462 7174 5
8550 6083 5
8626 107 5
9223 6328 4
9355 552 5
9391 8291 5
9614 8089 5
9816 554 6
42 6660 6
283 4052 5
407 9819 4
490 7091 4
684 8424 5
713 387 5
874 5470 4
973 6604 6
1103 369 5
1452 5707 6
1516 2298 5
1623 9381 5
1726 5645 5
1738 8444 5
2600 8393 5
3040 4701 5
3074 8190 5
3113 4078 5
3546 8310 5
3764 9086 5
4127 1098 5
4198 56 6
4501 1315 4
4516 6356 5
4830 1404 4
5060 5759 5
5291 7505 6
5443 5694 6
5466 9516 5
5478 8884 4
5672 3262 6
5855 2937 5
5900 3899 4
5913 3479 5
6117 4905 6
6347 7987 5
6452 5183 4
7197 6765 5
7458 8589 6
7736 6166 4
8003 5479 6
8373 1559 4
8608 5716 4
8839 5219 4
8968 9892 6
9131 6826 4
9395 5966 6
9473 9618 5
9674 5013 4
9989 3482 4
302 1162 5
310 9559 6
388 5519 4
436 8651 5
449 5904 5
767 3510 4
904 3902 4
1006 239 4
1586 9965 6
1659 4746 5
2257 3949 5
2277 947 4
2538 6787 5
2716 4320 5
2746 7304 6
2762 3987 5
2917 4870 6
2961 7691 5
3726 6089 6
3926 8757 4
3964 9969 4
4175 7377 5
4384 4274 5
4822 2186 5
4986 9723 5
5168 8559 6
5338 288 5
5416 2903 5
5638 2449 6
5724 6808 5
5802 8658 4
6361 9235 5
6551 684 5
6628 7537 5
6733 4795 5
6917 448 6
7258 7753 5
7274 9876 5
7298 2715 5
7398 5451 4
7526 5001 5
8135 5583 5
8230 5366 5
8414 5561 5
8617 3650 5
8699 7544 4
8968 9551 5
9052 2721 5
9713 4269 4
9734 7847 6
26 1634 5
153 7116 5
343 8019 5
629 1918 5
716 5036 5
1026 5329 5
1131 2048 4
1410 3251 5
1676 8412 6
1723 4761 5
1896 504 4
1898 3199 5
1950 4885 5
2140 3665 5
2475 4656 5
2649 5563 6
2653 2761 5
3276 8312 5
3358 2709 5
3445 6778 5
3548 4220 6
3804 7580 5
3841 8029 5
4185 279 5
4813 4829 4
5158 2813 5
5326 415 5
5511 3858 5
5569 6974 4
5773 8717 5
5840 1229 5
6198 673 6
6401 7413 5
6810 3365 6
6969 4071 6
7118 5048 4
7761 8464 5
8388 6078 5
8560 2341 5
8785 9403 6
8852 8857 4
8959 4727 5
8971 7698 5
9035 6250 4
9120 8838 5
9151 3297 5
9183 4534 4
9663 4880 5
9903 1063 5
9910 4036 6
83 5272 5
270 5265 5
272 643 4
365 5209 4
725 2063 6
870 9977 5
974 2687 6
1088 8622 6
1152 9411 5
1200 1363 5
1395 166 5
2436 1274 6
2456 5197 6
2519 3298 6
2681 2569 5
2923 5314 5
2976 718 5
3009 7858 5
3105 1616 4
3189 830 5
3682 1037 5
4218 8500 5
4734 9467 5
4932 6805 5
5248 7279 6
5413 3157 6
5739 9296 5
5749 6640 5
6126 9973 5
6135 8860 5
6657 2138 4
7138 9538 6
7161 5042 5
7194 9429 6
7206 9151 6
7478 7113 6
7760 2813 5
7988 316 5
8013 9586 5
8125 2808 5
8154 1282 6
8456 3413 6
8960 7621 5
9094 8383 5
9104 3521 5
9462 8429 5
9471 8273 5
9486 7756 5
9555 6982 4
9865 2719 4
156 4835 4
255 598 4
303 4683 4
416 4262 5
504 9622 4
672 4911 5
861 2702 6
908 7513 5
1046 5043 5
1224 5962 5
1480 5833 4
1486 2313 5
1756 8391 4
1898 6896 5
2008 8399 5
2074 6850 5
2196 1269 4
2513 7995 6
2553 5828 5
2632 4090 6
2845 2668 5
2920 5554 5
3157 4737 5
3301 7204 6
3734 4922 5
3879 2713 6
4202 1079 5
4406 9926 5
4452 4793 5
4487 4434 5
4515 3497 5
4706 183 5
5172 6518 5
5810 7430 5
6250 8253 6
6337 1544 6
6504 4045 6
6734 2473 5
6997 6655 5
7045 2820 4
7054 2273 4
7446 945 5
7584 1824 5
7725 4790 5
8226 3434 5
8826 7401 5
9241 8427 5
9286 5374 6
9826 4703 4
9998 5158 6
4 6930 5
99 460 4
405 4543 6
506 6871 6
1059 9421 5
1414 8529 4
1525 7804 5
1585 8250 5
1883 4727 6
2385 4395 5
2420 383 4
3037 6677 5
4049 3318 6
4098 2800 4
4203 469 5
4328 9380 4
4353 9325 6
4440 4776 6
4558 5717 5
4934 5111 5
5200 2232 6
5509 7611 5
5653 4237 6
6108 8243 6
6158 6353 5
6214 5802 5
6419 1425 6
6463 124 5
6575 5884 5
6672 9258 4
6757 759 6
6942 9684 5
7293 8994 5
7481 5432 5
7561 7801 4
7692 8887 6
7966 3145 5
7984 3647 4
8177 7364 5
8187 8813 4
8235 6935 5
8712 3068 5
8713 1377 6
8784 6257 6
8793 8387 5
8851 1007 5
8880 8087 5
8899 2143 6
9135 4400 5
9474 2946 4
223 7084 5
274 4728 5
296 7305 6
811 7454 5
928 4805 5
1091 4692 4
1220 1723 6
1568 760 4
2277 6591 6
2358 9006 6
2439 5646 5
2537 516 6
2717 3479 5
2751 7743 4
2973 9310 4
3018 502 5
3365 5865 6
3536 5959 5
3665 2533 5
3708 7324 5
3799 3296 5
3940 303 6
3990 6568 4
4323 7463 5
4499 6076 6
4661 7429 4
4864 1474 5
4973 645 5
5061 3957 4
5320 9876 4
5556 2311 5
5640 863 6
5902 8065 5
5999 1757 5
6219 9136 6
6252 4540 4
6292 8932 6
6508 4522 4
6665 9272 6
7063 5569 6
7561 4334 6
7734 4863 6
8092 6791 5
8546 9800 4
8642 8446 6
9017 395 5
9041 6265 5
9075 4158 5
9667 6876 5
10000 2168 4
11 1232 4
143 3619 5
285 1154 5
403 7907 5
407 7716 5
503 1356 6
694 9071 4
915 791 5
1108 9138 6
1243 6923 4
1455 7739 5
1474 2385 5
1728 930 5
1987 4929 4
2005 8012 5
2241 3850 4
2259 1248 6
2275 8557 6
2511 4850 6
2512 8592 6
2854 2939 5
2996 7271 5
3040 3198 4
3152 8751 4
3261 198 5
3970 5646 4
4025 8515 6
4032 6049 6
4113 5441 5
4171 8465 6
4297 9253 6
5004 167 5
5268 2571 5
5770 7211 6
5891 3140 6
6508 9456 6
6893 987 4
7286 6778 5
7463 996 6
7829 1156 4
8358 1189 4
8410 4127 5
8432 745 5
8675 283 5
8846 5308 5
8918 8435 4
9378 5576 6
9439 6351 5
9748 5377 6
9772 318 5
471 3131 6
663 5039 5
1053 8223 4
1116 5390 6
1754 8335 4
1910 7115 4
2163 534 5
2397 5233 5
2702 1005 6
3076 3905 4
3202 5184 5
3210 1732 5
3223 3149 6
3529 1011 5
3572 1766 5
3857 6093 4
4165 9893 6
4190 9752 6
4228 4070 6
4760 8430 5
4964 2940 4
5103 5741 6
5208 9601 5
5819 608 5
6014 5394 6
6221 5739 6
6283 2464 5
6383 1898 5
6624 5300 5
6801 793 6
6856 4069 5
7127 6008 6
7208 1911 5
7338 8751 5
7396 7262 5
7538 2597 5
7790 7599 6
7835 3047 5
7853 8705 6
7863 8503 5
8080 8428 6
8425 7451 5
8590 8464 6
8666 3211 5
9157 4043 5
9415 710 6
9470 6962 5
9570 7820 6
9658 8310 5
9821 7328 5
167 5997 5
827 9384 4
857 9375 5
1068 9446 6
1115 5148 5
1255 5334 5
1694 5443 5
2022 797 6
2271 3762 5
2536 3333 6
2556 5986 5
2919 1446 5
3047 7269 5
3280 4598 5
3751 3232 5
4040 5141 5
4274 9848 6
4333 5943 4
4379 7443 5
4447 2358 4
4788 5816 5
4931 7459 5
5097 1980 4
5249 302 5
5388 7897 6
5518 7966 6
5777 1396 5
5939 5977 5
6174 7999 6
6182 5250 5
6222 8016 5
6623 8353 6
6771 6645 4
6818 8426 6
6902 2515 5
6965 7230 6
7199 8961 5
7364 5413 6
7587 6942 6
7816 5972 4
8091 2601 5
8114 2459 5
8186 6086 5
8283 7323 6
8386 3651 5
8547 1395 4
8570 1382 4
9227 3944 4
9364 8261 5
9731 3887 5
283 9960 6
688 3845 5
1037 7102 6
2080 1196 6
2146 1180 6
2151 8198 6
2435 3168 5
2766 5811 5
3276 8692 5
3352 3470 5
3455 4578 6
3475 496 6
4099 7048 5
4126 1556 6
4380 8497 4
4876 950 4
4991 3891 4
5055 2993 4
5301 9319 5
5306 4807 5
5349 3196 6
5430 1649 5
5524 2394 5
5706 4603 5
5728 612 5
5773 5162 4
6086 3560 6
6153 9852 6
6179 5204 5
6179 6478 4
6633 8342 5
6730 111 4
6789 4675 5
6829 1809 6
6919 900 5
6948 1923 4
7046 1945 4
7352 1822 6
7697 6510 5
7844 4209 5
7876 2602 4
8139 6061 4
8212 1177 6
8397 244 6
8437 8669 5
8475 1640 5
8713 5622 5
9361 1010 6
9792 4429 5
9980 3692 5
8 2335 4
374 6015 6
380 793 5
605 3559 5
923 7594 5
1627 5235 6
1639 4455 5
1644 4856 6
1870 739 6
1909 6941 6
2113 6395 5
2126 879 5
2200 5764 6
2317 6117 5
2491 4825 6
2740 2771 5
2742 3876 5
2784 969 5
3381 2318 6
3460 8047 5
3620 9891 6
4160 6522 5
4409 3877 5
4429 9862 6
4512 1896 5
4531 7139 4
4592 9682 5
4933 9090 4
5289 6247 6
5427 5147 4
5704 1911 4
5732 3218 5
6547 1688 6
6565 2415 4
6660 804 5
7015 7279 5
7199 7072 5
7232 6291 5
7399 7239 5
7763 6434 5
8216 8602 6
8372 1500 6
8401 4429 5
8630 6515 5
8727 9549 6
8749 9593 4
9380 8101 5
9460 7384 5
9754 3424 6
9857 8594 5
9 1167 5
178 431 6
185 1531 6
291 1762 4
313 8401 4
386 5177 5
483 1830 4
803 5009 5
1244 4072 6
1397 9526 5
1561 5975 6
1607 4217 6
1689 2117 4
1708 9620 6
1789 6908 5
1913 5419 5
2055 9537 5
2334 583 5
2349 3760 6
2958 3607 5
2962 1496 6
3007 9608 5
3259 1436 4
4346 2187 4
4685 5845 5
4697 26 5
5041 3510 6
5055 7174 4
5527 4262 4
5888 8591 6
5952 2460 6
6115 5098 5
6323 9835 6
6347 2684 5
6371 3736 5
6952 9087 4
6961 750 4
7344 4177 5
7454 7815 4
8074 7120 5
8411 5365 5
8783 7839 6
9047 5667 5
9163 8466 4
9180 334 6
9282 2524 5
9634 4614 5
9737 4877 5
9792 5820 5
9861 7489 5
484 5759 4
601 5033 5
628 7699 6
680 8161 4
863 2813 5
942 6530 5
999 699 5
1137 6170 6
2062 8203 6
2101 7647 6
2117 9645 4
2460 3604 4
2465 8179 4
2538 4822 6
2867 8115 5
3094 9712 5
3180 5111 6
3186 706 6
3220 9028 5
3261 1904 4
3438 8722 5
3516 7580 5
3654 7649 6
3702 8481 5
3954 8025 6
4796 5187 4
4979 4225 5
4981 8891 5
5007 8466 5
5298 3560 5
5500 9094 5
5701 7313 5
5733 8519 6
5800 8990 6
6203 427 6
6572 3204 6
7295 2773 4
7587 1220 5
7785 3828 5
8260 664 6
8296 9528 5
8493 9555 5
8578 2643 5
8604 4211 5
8913 1557 5
8986 3303 5
9271 6921 5
9305 5409 4
9716 9478 6
9731 7933 5
269 8231 5
672 6202 5
688 3106 5
877 3584 6
1473 2724 4
2285 4744 6
2502 5266 6
3271 3307 6
3440 7754 5
3495 1121 5
3864 6565 5
4160 8322 5
4436 8585 6
4626 2126 5
4802 9079 5
4841 9861 6
4864 6795 6
4919 3048 5
4989 9161 6
5057 1331 5
5579 5279 4
5810 6255 4
5876 466 6
6070 3825 6
6093 4890 6
6101 205 6
6367 6025 4
6483 4363 5
6651 5155 6
6769 2444 4
6804 2261 6
6833 5604 5
6977 3585 6
7458 1572 4
7750 1090 5
7809 4629 6
7973 5545 6
8135 3799 6
8193 2673 6
8247 5507 6
8368 1460 6
8982 7966 5
9198 5925 6
9215 801 4
9251 7956 5
9407 1198 5
9416 4275 5
9482 7102 4
9589 4225 6
9977 6775 4
705 8427 4
836 2641 5
968 8356 6
1292 8770 5
1636 7380 4
1815 6472 5
2012 5101 5
2187 567 6
2248 8291 5
2315 1302 5
2459 2706 6
2475 8551 5
2556 4839 5
2572 7139 5
2826 7661 6
2838 9274 4
3080 7965 6
3292 7458 5
3619 9346 5
3919 6117 5
3963 4400 4
4129 8404 5
4301 8112 4
4465 7260 6
4716 222 6
4831 9839 4
4866 3467 6
5172 9837 4
5469 7951 5
5740 4311 5
6005 8683 4
6235 9579 6
6286 5296 4
6524 7310 6
6584 622 6
6726 1973 5
6862 556 5
7215 6089 6
7342 939 5
7414 7940 6
7599 7365 6
7852 6586 4
7864 4175 5
8006 9440 6
8145 306 4
8916 1421 4
9218 5207 5
9223 7696 6
9256 9776 5
9972 2240 6
102 3189 6
439 2343 5
452 5355 5
692 805 5
972 7210 5
1543 6654 6
1620 2810 6
1625 3259 6
1745 6645 5
1776 9583 5
1796 5874 5
2164 7061 6
2271 6264 4
2320 698 6
2514 6287 5
2597 5208 4
2981 1395 5
3117 5131 4
3210 1179 6
3213 7184 5
3235 341 4
3710 2047 4
3784 3541 5
3857 4900 6
4072 4524 6
4176 9227 4
4204 8622 5
4676 8761 6
4758 7628 5
5415 9920 6
6096 6162 4
6354 5014 5
6443 2754 6
7099 9436 5
7121 9422 5
7364 3393 4
7544 8904 5
7722 2622 5
7921 7192 5
8437 7012 6
8460 6460 4
8670 2367 5
8714 3747 4
8779 866 5
9200 1859 5
9393 9914 5
9426 5132 5
9888 5712 5
9942 6311 5
9980 5156 6
268 7824 6
693 7470 5
702 7468 5
1190 4847 5
1248 3116 4
1546 63 5
1573 6674 6
1636 1294 6
1665 5807 5
1849 6184 6
1990 6289 5
2046 4910 4
2166 969 4
2191 5536 5
2301 9025 6
2329 6966 4
2422 6844 5
2736 7973 6
2977 1737 5
3157 3318 6
3483 7678 5
3827 6757 6
3966 6898 6
3967 8291 5
4000 7694 6
4328 7678 5
4494 7423 5
4543 8971 5
4569 1473 6
5021 2197 6
5817 2486 5
5901 2969 5
6004 4429 4
6042 6391 5
6337 4567 6
6481 7118 6
6581 5913 6
6775 1255 6
6997 3171 5
7026 9671 6
7055 177 5
7307 3614 5
7614 270 4
8444 4710 5
8688 6626 4
8837 4614 5
9202 4361 5
9248 4557 5
9606 8134 4
9828 391 4
