100 20 241354
5 97 182
5 82 245
5 86 226
5 93 182
5 86 206
5 62 170
5 75 185
5 112 223
5 133 243
5 106 233
5 101 168
5 68 224
5 76 240
5 83 192
5 113 232
5 108 210
5 57 239
5 110 194
5 140 207
5 85 194
913 6056 64
1371 4616 60
1801 2662 61
1875 4876 54
4858 3536 64
469 1788 55
6265 3473 69
7209 9632 66
7946 1330 51
9674 3395 56
2744 2777 59
4517 4382 52
5057 4308 60
9097 1220 56
9952 2322 65
155 6089 62
926 9347 62
2726 8283 67
4710 2674 50
9374 9718 67
529 3363 63
763 1286 69
2223 6644 54
7289 141 69
9225 7828 52
273 6367 62
325 5159 53
4729 3146 67
6521 3660 63
7936 8786 52
1514 3757 58
3894 5247 50
4300 6022 65
5278 802 50
5622 7661 58
501 7088 53
1638 6274 60
2217 9156 51
9598 4793 66
9612 4270 67
2693 4494 62
6144 9562 69
6466 1357 50
6724 5725 65
9646 7113 69
905 9785 54
3428 1549 57
4025 4499 58
4140 6072 68
6864 8991 68
851 2268 66
2732 5915 54
6165 3316 58
6671 8374 53
8847 1352 55
1613 1912 51
3113 888 68
4357 994 55
8925 7909 55
9381 1443 68
13 7716 59
648 3217 61
823 9147 69
4463 9737 53
8191 8852 56
1446 5654 51
2012 3045 65
3598 4059 63
7014 4461 52
9694 4874 62
1570 7826 67
5199 861 57
5412 1510 63
6478 5475 52
7592 2008 67
517 682 69
1130 8423 64
3804 7285 62
4068 265 50
6451 7972 55
4275 6498 61
5557 8174 56
6104 2755 69
6627 5931 50
8453 47 65
351 7516 68
1270 8243 60
4079 4558 58
6754 6856 63
8843 5114 65
1365 6127 57
3521 381 61
3653 3984 66
8474 7858 65
9025 2633 62
1978 5993 68
3832 989 56
5523 4181 57
6304 4174 68
6776 5003 64
