200 20 44540
10 89 195
10 113 246
10 85 203
10 102 229
10 65 240
10 130 240
10 61 246
10 78 152
10 116 217
10 74 211
10 56 189
10 120 194
10 123 224
10 63 166
10 114 168
10 134 237
10 120 155
10 112 182
10 59 187
10 56 180
1 66 29
153 309 31
271 703 38
362 289 39
373 198 38
464 330 37
592 232 28
636 149 30
959 475 38
999 353 36
148 653 38
253 167 35
361 223 32
413 274 36
488 719 35
555 851 29
581 821 32
745 624 32
866 985 32
894 445 36
97 240 29
135 510 30
302 844 33
396 653 28
551 418 32
627 215 39
687 323 30
687 932 36
893 745 29
904 357 31
77 282 35
137 497 32
284 262 35
416 79 37
524 761 37
559 279 31
629 207 34
693 292 32
879 377 28
886 873 32
90 609 28
197 840 29
268 842 29
297 899 29
515 874 37
542 547 31
694 957 32
743 297 36
749 691 34
805 102 33
19 235 31
20 37 35
113 616 32
210 968 31
216 805 29
456 945 35
475 685 33
528 889 28
712 946 39
765 553 28
306 666 39
343 839 34
343 943 38
516 892 28
541 605 29
674 693 31
839 275 28
917 80 38
954 356 30
960 76 30
152 100 36
216 779 31
634 179 34
673 569 34
728 475 35
730 906 32
793 595 29
831 943 32
953 563 36
964 757 36
160 125 34
380 160 34
402 946 37
419 587 31
435 845 33
470 645 36
478 1 30
609 447 37
642 443 31
896 563 35
6 683 35
99 966 34
172 32 29
354 746 37
479 987 34
481 147 30
555 578 37
745 839 29
854 237 33
933 68 28
87 186 29
236 277 30
439 538 28
462 124 35
504 153 28
774 664 37
820 841 28
858 473 28
969 950 29
993 167 28
26 118 38
60 172 32
71 400 36
128 280 36
226 982 33
242 226 35
476 447 38
702 745 37
888 885 34
961 82 30
43 522 38
81 149 28
101 773 31
229 499 39
297 193 31
549 578 37
808 414 30
857 179 38
911 20 31
949 141 33
115 381 37
121 332 29
178 139 38
211 482 38
488 903 33
549 956 32
684 145 36
729 305 30
904 421 36
931 205 35
233 295 35
254 201 31
268 526 32
374 777 36
635 392 31
635 542 31
896 752 37
934 567 28
935 44 31
968 295 35
16 32 36
47 945 30
141 645 33
150 675 30
206 786 37
220 727 33
299 550 35
431 133 34
540 478 37
658 382 34
38 669 37
354 715 35
389 606 32
552 719 32
608 22 37
731 845 31
750 465 35
863 196 30
942 748 36
970 101 28
192 254 31
272 166 28
342 723 35
351 499 36
488 98 35
500 496 33
543 810 35
597 498 37
619 365 35
836 779 39
81 908 33
99 666 35
120 455 32
312 634 32
492 757 39
567 507 28
758 906 32
825 440 30
837 902 35
968 86 29
151 914 36
187 605 39
214 28 39
242 9 28
258 826 32
361 991 28
374 514 36
652 603 32
670 129 34
724 438 30
