1000 20 2495134
50 140 243
50 64 233
50 95 193
50 124 222
50 102 218
50 119 175
50 50 154
50 133 210
50 94 216
50 94 242
50 77 156
50 58 182
50 65 248
50 122 229
50 69 207
50 101 193
50 101 209
50 66 196
50 120 219
50 130 161
92 7136 6
97 9311 6
1135 6289 6
1666 7265 6
2157 8939 6
2544 8840 5
2594 3778 5
2737 871 5
2871 8762 6
2932 3568 6
3027 6424 5
3565 3901 5
4001 6441 6
4011 3076 5
4455 9808 5
4490 2566 6
4603 244 6
4663 3870 6
4669 1553 6
4764 6083 6
5312 2297 5
5508 2884 6
5585 1903 5
6210 5453 5
6254 6678 6
6280 5005 6
6304 8050 6
6498 8701 5
6698 6172 5
6719 147 6
6821 461 6
6935 6273 6
7008 6829 5
7140 4334 6
7286 9802 5
7355 9362 5
7436 3532 6
7590 5981 6
7666 2536 5
7893 6716 5
8333 6623 5
8397 3137 5
8560 8794 5
8613 1005 5
8773 8308 6
8776 545 5
9245 4149 5
9359 5755 6
9509 1865 5
9589 7171 6
789 9150 6
813 7009 6
979 786 5
991 2902 5
1046 7909 6
1340 6980 5
1576 9784 5
1599 5079 5
1611 1135 6
1743 9476 5
1819 8151 4
2071 2164 5
2451 3527 6
2502 6659 5
2976 5661 6
3537 5682 5
3770 714 5
3795 9563 5
3947 1393 5
4221 2300 5
4357 8081 5
4371 1379 5
4440 1135 5
4516 5587 6
4671 50 6
5160 6948 5
5317 3393 5
5540 1435 5
5868 9711 6
6154 5411 5
6191 7555 6
6191 8789 5
6425 4042 6
6523 4260 5
6645 1700 5
6792 5751 4
6997 7408 5
7211 9778 6
7674 8364 5
7739 5044 5
7892 2811 5
8065 1193 6
8142 1075 6
8186 9983 5
8821 8755 5
9216 7836 5
9225 8432 5
9291 3384 5
9816 5399 6
9907 3227 5
86 2161 5
310 1924 6
355 6012 6
398 7267 6
756 4561 6
888 7605 5
1622 873 6
1764 5198 5
1784 582 6
1799 9331 6
2149 1994 6
2332 70 6
2495 3017 5
2712 2531 5
2772 3102 4
3065 2375 5
3416 9597 6
3942 996 6
4059 4985 6
4252 3817 6
4486 6494 5
4548 511 5
4612 1942 6
4810 7266 5
4865 5997 5
4959 3211 5
5067 7689 5
5329 7634 5
5483 2950 5
5712 9329 5
5810 305 6
6161 5591 4
6336 1269 6
6479 7145 6
6576 917 6
6700 1797 6
6792 8184 4
6962 5949 5
7154 7718 6
7345 8087 6
7401 4137 5
7477 2770 6
7618 4078 6
7734 9842 6
7958 6241 5
8694 6709 5
8702 1922 6
8932 3019 5
9487 1627 5
9841 4282 6
80 1342 6
191 4115 5
238 9507 6
640 4908 6
870 8436 6
968 5974 5
1127 7327 6
1336 3576 6
1464 1943 6
1492 1090 5
1757 7598 5
2793 9660 5
3244 6577 5
3319 7816 6
3415 2063 4
3444 965 5
4168 6123 6
4428 6062 4
4518 3523 6
4650 3661 5
4935 8327 6
4998 7035 6
5176 5991 6
5544 2539 5
5776 1727 5
6048 9925 5
6426 388 5
6574 5788 5
6824 2033 5
6887 3030 6
6903 4672 6
6911 2373 6
7172 7392 5
7302 7820 5
7553 9240 6
7578 4051 5
8397 9518 6
8788 3534 5
8828 7326 6
9021 3371 5
9073 1677 5
9100 7516 5
9143 4253 6
9162 6270 5
9401 9337 5
9471 3168 6
9512 1459 6
9564 3934 6
9652 2677 6
9856 7132 5
180 1583 6
284 5116 5
576 9986 6
644 4191 6
998 5775 6
1078 9617 5
1354 8531 5
1912 2378 5
2098 110 4
2128 3880 5
2587 8819 6
2664 4283 5
2861 5998 6
3021 5187 5
3228 315 5
3231 2417 5
3259 1393 6
3561 4275 6
3687 8210 6
3840 4920 4
4314 2737 6
4386 7572 6
4515 5158 6
4713 3893 5
5195 3482 5
5213 1131 5
5267 2918 6
5687 9603 5
5917 5291 6
6011 2300 5
6209 4504 5
6377 9590 6
6414 8023 6
6973 4093 5
7029 883 6
7644 351 5
7675 4504 6
7903 5457 6
8283 8283 5
8348 2265 5
8569 5749 6
8685 7153 5
8814 9347 6
9052 6110 4
9124 9468 6
9307 3694 5
9311 5525 5
9539 8184 6
9817 4755 6
9870 1357 6
259 6606 6
266 3590 5
479 6273 6
556 4094 6
683 3144 5
710 2637 5
744 868 5
825 2614 5
1288 8352 5
1603 6417 6
1629 9371 5
2263 1011 6
2337 6477 6
2498 3135 5
2931 1246 5
3126 6736 6
3364 4792 6
3462 504 6
3511 4226 5
3572 4284 5
4189 2838 4
4662 8820 5
4834 6299 5
5007 6407 5
5052 9482 6
5222 2530 6
5540 2615 6
5766 7916 5
6503 6240 4
6507 5019 6
6515 1318 6
6583 6973 5
7066 38 6
7134 966 5
8010 3726 6
8038 3258 6
8065 7827 6
8065 8245 6
8127 8316 6
8225 5568 6
8250 3789 6
8375 869 6
8466 2150 5
8598 6411 5
9027 6425 5
9113 2282 6
9462 3118 6
9628 9859 5
9860 3208 6
9999 8510 6
278 8189 6
352 8084 6
532 2970 6
953 8724 5
1135 9755 5
1150 8128 6
1318 4445 6
1549 5867 6
1799 5321 4
1824 9617 6
1871 7604 6
2161 7552 4
2169 4522 6
2557 5702 5
2603 1992 5
2695 5707 6
2975 6625 4
3005 9527 6
3007 3079 5
3093 6113 6
3250 7516 5
3298 4237 5
3700 8772 5
3833 719 6
4027 1079 5
4135 4811 5
4145 8495 6
4287 2768 5
4900 3094 5
5107 549 6
5466 4180 6
5497 9992 5
5995 6055 5
6318 7349 5
6819 8139 6
6962 4404 5
7060 5258 5
7153 3485 4
7577 511 6
8191 3135 5
8310 3698 6
8367 133 5
8705 4614 6
9249 752 6
9276 4380 5
9396 8395 5
9551 2198 5
9554 7844 5
9677 7037 5
9994 3353 5
379 9845 6
415 8261 5
849 1788 6
1086 8579 6
1420 5919 6
1423 3917 4
1493 845 5
1587 2761 6
1988 6439 4
2818 952 6
2971 7883 6
3130 685 6
3350 6111 4
3533 5805 4
3689 9106 5
3909 9455 5
4312 4566 6
4537 3459 5
4899 3641 5
5084 5187 5
5150 2949 5
5474 8308 6
5498 7344 6
5511 5542 6
5670 4036 6
5825 8199 5
6075 914 5
6097 370 6
6186 3777 6
6284 8844 6
6304 9021 6
6488 9921 5
6774 9855 5
6882 3799 6
7077 3300 6
7149 6927 5
7236 8780 5
7515 2310 5
7554 105 6
7707 8221 5
7963 6237 5
8284 5592 5
8435 966 5
8699 6639 6
8734 447 5
8775 9861 5
8785 4132 5
8985 6574 6
9218 2593 6
9891 681 6
440 1847 5
468 3879 5
822 9210 6
980 8031 5
1914 1590 5
1971 4105 5
2027 3023 6
2411 1499 4
2439 5814 5
2500 9249 5
2609 9607 6
2792 9109 6
3529 5978 5
3660 8049 6
3979 2644 5
4257 9329 5
4319 9635 6
4701 5019 5
5081 181 6
5161 900 6
5268 9755 6
5274 5273 6
5513 6930 6
5957 693 5
5965 3735 6
6128 7923 6
6164 1464 5
6185 7939 6
6303 8649 4
6381 4205 5
6786 9455 5
6863 962 5
6981 2000 6
7239 837 5
7251 6836 5
7610 1630 5
7618 2293 6
7968 6969 5
8125 7969 5
8431 4922 6
8469 2329 5
8548 8235 5
8728 1494 6
8780 552 6
8850 3954 5
8966 3071 5
9161 6669 6
9331 8984 5
9334 6600 6
9759 2274 5
30 3320 6
127 1 6
254 726 6
321 9855 6
436 3653 5
1016 9805 5
1119 9290 6
1555 6048 6
1698 3906 5
1934 82 6
1958 1961 5
2032 8459 6
2061 2105 6
2540 1636 5
2619 3254 5
3015 9429 6
3095 6175 5
3209 6523 5
3412 1464 6
3611 5713 6
3707 2649 6
4182 9250 5
4752 7318 6
4845 6919 5
5428 2951 6
5972 836 5
6165 6935 5
6185 3226 6
6278 4513 6
6522 4201 6
6748 8196 5
7017 45 5
7021 6464 4
7223 2916 6
7297 8715 6
7320 1978 5
7375 8849 5
7494 7451 5
7913 741 5
8007 5046 5
8095 6078 6
8139 6836 6
8150 3111 5
8192 308 5
8690 1116 5
9026 6708 6
9191 7265 5
9430 6158 6
9785 8896 6
9909 5570 5
25 6159 5
439 4943 5
467 715 5
543 9074 6
801 4012 6
995 9712 6
1301 5435 6
1476 399 5
2175 1744 5
2186 9922 6
2595 7560 5
2597 6551 6
2950 2309 5
3013 9979 5
3501 7276 5
3662 1402 6
4182 9823 5
4194 5999 5
4299 6115 6
4334 7107 5
4490 29 6
4510 5969 5
5143 488 5
5336 6332 6
5384 8250 5
5953 8732 6
6205 245 6
7050 2650 5
7133 4845 4
7197 364 5
7236 6703 6
7379 33 5
7395 4298 5
7810 4965 5
7891 5214 5
7981 2962 5
7982 9913 5
8360 6371 5
8495 2596 5
8915 436 6
8974 1347 6
8992 1109 6
9120 1220 5
9184 6199 6
9193 2312 6
9235 8206 5
9609 5529 5
9655 9892 5
9678 2146 6
9892 8499 6
92 5092 6
97 96 6
114 2448 5
476 4939 6
574 500 6
713 5261 5
794 6774 5
972 6794 5
1120 9248 5
1324 2213 5
1417 7747 6
1706 1286 6
1957 1101 5
1969 8174 6
2012 7640 6
2072 8814 4
3013 717 6
3051 2698 6
3282 380 6
3332 5520 4
3351 1004 5
3573 4877 6
3641 734 6
3760 319 6
3805 4522 4
3864 13 6
3956 1956 6
4618 9999 6
4879 6790 6
5002 8116 5
5803 8955 6
6248 134 5
6689 336 6
6951 5989 6
7337 9663 6
7676 8082 6
8256 9036 5
8277 730 6
8357 9351 5
8493 1360 5
8572 2232 6
8641 9515 5
8734 620 5
8736 3062 6
9186 366 6
9213 1208 5
9341 7511 6
9510 5500 5
9582 3049 6
9824 9951 5
151 2558 5
342 2628 6
453 7776 6
666 5822 6
959 8294 6
1106 4868 5
1346 4530 5
1388 7840 6
1530 4626 5
1979 9766 5
2207 7363 6
2776 8328 6
2787 214 5
2889 967 5
3373 6865 6
3532 598 6
3608 3144 5
3880 2263 4
3933 7527 5
4060 6633 6
4104 4170 6
4369 4587 5
4579 9813 5
4691 4239 5
5189 8592 6
5232 3682 4
5399 5859 6
5424 4233 6
5678 86 5
5742 8400 6
5967 9201 5
6287 3877 5
6370 2128 6
6682 6165 5
6686 2105 6
6914 478 6
6990 3500 5
7157 2227 5
7245 9724 6
7321 9140 6
7390 5504 5
7834 7171 6
7907 5767 6
8051 5728 6
8061 1155 5
8394 5861 5
8485 9713 6
8646 338 5
8893 394 6
9232 2246 6
536 4598 6
918 1932 5
1332 802 5
1348 3168 6
1575 369 6
1637 8628 5
1851 6612 6
2132 9138 6
2326 3937 5
2351 4253 6
2992 35 5
3198 1437 5
3407 1532 5
4025 8184 6
4085 5131 6
4339 8913 6
4355 2731 5
4592 5011 6
4600 1111 6
5258 3227 5
5480 2340 5
5575 6867 5
5586 6187 6
5611 1658 5
5706 9564 6
5825 1183 5
6115 6759 5
6120 9876 6
6294 6895 5
6392 1306 6
6442 9757 5
6533 7110 6
6792 6542 5
6805 9566 4
7121 6933 5
7160 8265 5
7498 9753 6
7696 7331 5
7752 499 5
8192 1353 5
8398 5134 6
8453 8473 5
8606 5658 6
9044 3184 5
9180 9180 5
9300 5241 6
9354 149 6
9663 2237 6
9787 1995 6
9985 4296 6
57 8066 4
94 5054 5
564 5283 5
614 5032 6
909 8716 5
1240 7844 5
1394 5531 5
1544 284 6
1548 8398 6
1682 4092 5
2179 312 4
2515 5027 5
2523 9804 6
3056 7676 5
3156 1496 5
3356 8505 6
3805 725 6
4028 8922 5
4144 4896 5
4499 5083 4
4538 8373 5
4622 3986 6
4749 8186 5
5091 2972 6
5104 2743 6
5848 6526 5
5946 334 6
6011 3496 5
7177 7238 4
7319 5569 5
7427 8562 5
7566 9626 6
7624 9457 5
7630 5211 6
7674 1994 6
8144 418 5
8148 1754 5
8207 8501 6
8719 6633 5
8859 6619 6
9165 404 5
9232 3674 6
9318 538 6
9320 6239 6
9322 1468 5
9454 3301 6
9502 9096 6
9570 4738 6
9589 2620 6
9600 4446 6
163 8091 5
191 9519 5
302 2206 4
678 6799 5
849 806 6
1114 5246 5
1730 3153 5
1935 825 6
1957 5311 6
2176 3562 5
2507 8522 5
2673 8093 6
3036 5491 6
3100 2773 5
3521 3892 5
3920 6784 5
4023 1083 6
4136 339 6
4533 7955 6
4593 7510 5
4678 5791 5
4937 9196 5
5008 1486 6
5158 8710 5
5411 1496 6
5518 1260 5
5550 9475 5
6082 7345 5
6357 5759 5
6542 1450 5
6729 2534 6
6878 1750 6
6973 6971 5
6979 1462 6
7156 4518 6
7846 7202 6
7930 9818 6
7992 8332 5
8227 462 6
8282 5401 6
8299 9630 5
8343 2357 5
8459 9388 6
8652 497 6
8679 2881 4
8743 4087 5
8873 2659 6
9192 8854 5
9918 949 6
9951 6222 6
212 2024 5
344 1167 6
403 4422 6
939 3068 5
1363 603 6
1419 5672 6
1566 2715 5
1600 1976 5
2411 3941 6
2517 6756 5
2851 1631 6
2913 3261 6
2936 8377 5
2984 6892 5
3726 2728 5
3931 5270 5
4033 5494 5
4289 4031 6
4619 8696 5
4798 8220 5
4810 5477 5
4812 4220 6
4833 6214 6
5024 8278 6
5136 9997 6
5150 1720 6
5608 4635 6
5666 6369 5
5808 2007 4
5984 6925 5
6155 5344 5
6157 5022 6
6188 8671 5
6886 4052 6
6949 8755 6
7010 3717 5
7139 1337 5
7159 454 5
7274 7674 5
7674 2274 6
7874 23 6
7883 6442 5
7899 6758 5
8016 6298 6
8164 5413 5
8497 1041 6
8513 1039 6
8605 9243 6
8633 2083 5
9568 3947 5
308 1687 5
842 5567 5
1505 8215 6
1639 8945 5
1703 7987 5
2163 6379 6
2345 6726 6
2561 8205 5
2857 7404 5
3238 8141 6
3254 980 6
3652 3053 6
4152 9347 6
4244 8452 5
4717 5154 6
4804 7248 5
5036 4829 5
5416 4470 5
5447 1998 6
5673 3742 6
5695 7538 6
5861 3545 5
5884 1184 6
5934 4450 5
6276 9216 6
6376 6865 5
6404 1192 5
6418 1978 5
6480 2448 5
6625 3125 6
8237 2292 5
8556 2593 6
8614 2906 5
8738 7399 6
8826 9082 5
8862 3556 6
9032 5179 6
9060 8025 6
9211 3746 5
9446 4935 5
9493 4290 6
9497 6870 6
9558 7630 5
9710 7551 5
9742 5348 6
9763 1941 5
9765 8265 6
9840 5642 5
9879 9566 5
9910 2552 5
68 9593 6
682 8041 5
1662 2617 5
1944 6514 5
2002 8112 6
2049 8029 6
2051 622 6
2101 3034 6
2200 2094 5
2597 8681 6
3079 7085 6
3377 693 5
3586 720 6
3596 3494 5
3925 5686 6
4110 1879 6
4185 3914 5
4321 2482 5
4348 2132 5
4477 3277 6
5063 9826 6
5153 2861 4
5303 1671 6
5313 2249 5
5638 1250 6
5752 7114 5
5834 6776 6
6260 111 5
6596 5050 6
6655 8561 5
6733 4838 6
7005 6215 5
7157 3515 5
7486 1432 6
7630 2434 6
7840 5141 6
8005 1340 6
8191 7085 6
8411 9615 5
8530 6540 5
8776 3781 6
9093 3213 5
9114 1156 4
9206 6788 6
9416 4648 5
9730 8536 5
9802 5294 4
9866 6494 6
9891 6366 5
9918 5252 6
619 3353 6
845 8684 6
957 846 5
1010 682 6
1075 4240 5
1120 2567 5
1236 5888 6
1276 424 5
1349 7407 5
1400 862 6
1470 1653 6
1564 5392 6
2787 5243 5
2832 1693 5
3325 1803 6
3377 1025 5
3696 9134 6
3746 6817 5
3956 2127 6
4271 8898 4
4295 187 6
4730 4749 6
4990 2481 6
5820 4920 6
6059 5953 5
6121 7686 6
6279 4977 5
6388 5013 6
6685 6162 6
6707 5560 5
6778 236 6
6782 4634 4
6963 2975 6
7126 7039 5
7644 4927 5
7995 5835 4
8028 6755 6
8035 8075 5
8205 7883 6
8291 5798 5
8380 8676 6
8615 5948 6
8916 5743 5
9413 40 6
9539 278 6
9649 7881 5
9686 496 6
9828 618 6
9921 8831 6
9975 8827 5
