2000 20 91134535
100 100 155
100 115 162
100 101 161
100 76 216
100 125 163
100 58 226
100 89 193
100 68 243
100 66 242
100 98 197
100 100 215
100 120 197
100 95 220
100 57 189
100 53 181
100 79 219
100 142 186
100 84 236
100 102 188
100 148 198
3 100042 2
7 100050 3
32 100025 3
33 100000 2
36 100075 3
44 100079 2
45 100034 3
57 100037 3
66 100040 3
74 100051 2
79 100048 3
96 100036 2
156 100065 3
170 100021 3
187 100007 3
190 100001 3
194 100090 3
194 100092 3
204 100035 2
206 100015 2
208 100098 3
209 100061 2
222 100045 3
228 100003 2
231 100093 2
250 100010 3
261 100076 3
269 100008 3
271 100086 3
272 100081 3
281 100008 3
301 100058 3
308 100014 3
308 100087 3
326 100031 2
336 100010 3
344 100035 3
365 100029 3
367 100092 2
382 100085 3
388 100026 3
389 100071 3
397 100096 3
399 100082 2
401 100046 3
402 100006 2
416 100076 2
437 100060 3
447 100029 3
447 100073 3
452 100079 3
465 100038 3
466 100011 3
474 100070 2
483 100091 3
489 100066 3
491 100097 2
508 100073 3
527 100008 3
550 100009 3
555 100099 3
569 100022 2
577 100083 2
590 100079 3
602 100063 2
645 100049 3
651 100096 2
655 100001 3
658 100017 3
662 100040 3
666 100056 3
670 100029 3
689 100067 3
698 100039 2
706 100007 3
723 100044 3
761 100018 3
765 100021 3
784 100058 2
791 100011 2
791 100048 3
793 100002 3
804 100049 3
823 100025 2
831 100062 3
840 100051 3
890 100095 3
896 100009 3
905 100054 3
926 100004 2
940 100036 3
941 100022 3
945 100011 2
945 100082 2
951 100068 3
967 100035 3
968 100005 3
991 100039 3
993 100052 3
997 100084 2
4 100081 2
19 100004 3
36 100014 3
55 100100 3
60 100036 3
70 100044 3
76 100024 3
102 100049 3
123 100002 3
141 100074 3
144 100019 3
144 100040 3
151 100012 2
152 100028 3
152 100097 3
202 100067 2
202 100072 3
211 100090 3
212 100077 3
213 100005 3
217 100006 3
217 100074 3
219 100041 3
220 100019 3
234 100030 3
239 100005 3
245 100033 3
247 100036 3
259 100031 3
259 100054 3
263 100038 3
316 100037 3
320 100094 2
323 100084 2
330 100027 2
335 100087 3
338 100067 3
349 100073 3
353 100076 3
355 100015 3
372 100015 3
394 100059 3
400 100040 3
422 100025 3
427 100094 3
433 100042 2
448 100084 3
455 100027 3
459 100010 2
465 100090 3
481 100035 2
485 100083 3
489 100059 3
499 100070 2
531 100078 2
560 100068 3
570 100072 2
573 100097 3
574 100054 3
578 100032 3
579 100001 3
580 100098 2
604 100092 3
638 100028 3
653 100067 3
661 100041 3
688 100052 2
702 100047 3
703 100087 3
713 100044 2
718 100055 2
738 100019 2
752 100008 3
756 100079 3
766 100000 2
781 100029 3
788 100050 2
794 100064 2
827 100007 3
840 100097 3
845 100056 3
853 100016 3
858 100050 3
863 100055 3
876 100013 3
890 100069 3
907 100078 3
908 100029 2
917 100028 2
925 100099 3
935 100099 3
939 100074 3
948 100031 3
954 100001 2
959 100098 2
963 100028 3
968 100009 2
972 100045 3
980 100042 3
982 100079 3
2 100019 3
4 100018 3
43 100095 3
46 100096 2
55 100030 3
61 100031 2
64 100006 3
66 100043 3
74 100038 2
76 100092 3
93 100014 3
94 100052 3
134 100086 3
144 100056 3
146 100085 3
148 100060 2
169 100098 3
178 100080 2
194 100041 2
197 100061 3
205 100001 3
209 100001 3
224 100063 3
230 100022 3
237 100003 3
254 100070 2
261 100062 3
268 100092 3
270 100039 3
274 100077 3
285 100054 3
286 100016 3
294 100092 3
299 100026 2
318 100013 2
329 100055 3
339 100028 3
340 100077 3
356 100086 2
373 100066 3
379 100005 3
386 100099 3
406 100035 3
417 100022 2
419 100053 3
431 100063 2
448 100083 3
449 100092 2
468 100014 3
470 100020 3
471 100042 3
474 100089 2
490 100062 3
491 100001 3
500 100096 3
505 100091 3
514 100025 3
517 100099 2
535 100073 2
538 100099 3
546 100017 3
575 100025 3
594 100001 3
599 100038 3
628 100089 3
653 100090 3
656 100030 3
683 100070 3
692 100022 3
719 100050 3
738 100043 3
750 100000 3
752 100033 3
769 100038 3
793 100050 3
799 100021 3
801 100055 3
809 100071 3
815 100054 3
833 100095 3
835 100064 3
838 100064 3
844 100076 3
857 100057 3
875 100013 3
877 100056 3
882 100077 3
883 100006 3
888 100043 3
891 100037 3
905 100080 3
907 100084 3
921 100016 3
930 100096 3
933 100055 3
941 100055 3
944 100002 3
948 100083 3
960 100002 3
990 100057 3
8 100034 3
12 100032 2
14 100004 3
23 100068 3
32 100081 3
32 100082 3
33 100003 3
40 100038 3
48 100078 3
50 100077 2
59 100039 3
66 100094 2
81 100011 3
85 100017 2
92 100074 2
101 100005 3
109 100057 3
129 100007 2
131 100006 3
139 100053 3
167 100075 2
174 100034 3
175 100021 3
207 100000 3
212 100034 3
212 100099 3
231 100040 3
234 100026 3
241 100001 2
246 100030 3
246 100032 3
262 100065 3
272 100080 3
281 100050 2
283 100060 3
287 100053 3
288 100032 3
290 100079 3
301 100043 3
327 100050 2
338 100084 3
358 100007 2
380 100024 3
388 100053 3
393 100060 3
398 100063 3
411 100029 2
479 100099 2
485 100000 2
487 100008 3
498 100023 3
506 100003 2
513 100040 3
520 100038 3
529 100058 2
539 100063 3
545 100091 2
559 100072 3
591 100083 3
604 100019 2
625 100002 3
626 100031 3
632 100025 3
644 100005 3
647 100017 3
655 100098 2
659 100019 3
666 100072 3
672 100087 3
681 100085 2
686 100067 3
702 100094 3
707 100015 3
716 100100 2
739 100087 3
744 100053 2
760 100062 3
768 100070 3
771 100015 3
772 100081 3
772 100098 3
783 100024 3
783 100075 3
788 100069 3
789 100002 3
795 100070 2
797 100003 3
817 100040 3
862 100096 3
872 100067 3
875 100070 2
888 100075 3
895 100083 3
898 100039 3
917 100033 3
954 100021 2
974 100039 3
975 100059 2
982 100029 2
983 100097 2
4 100076 3
16 100062 3
30 100042 3
31 100092 2
70 100010 3
80 100006 3
87 100008 2
95 100095 3
100 100011 3
121 100094 3
162 100040 3
164 100064 3
166 100062 3
174 100011 2
174 100090 2
193 100094 2
211 100083 3
269 100026 3
291 100069 3
303 100088 3
308 100087 3
321 100006 2
328 100049 3
346 100084 2
369 100011 3
400 100006 3
418 100097 3
424 100026 2
433 100034 3
448 100086 3
452 100085 3
457 100066 2
461 100049 3
467 100070 3
472 100006 3
487 100048 3
492 100088 3
493 100074 3
499 100087 3
500 100083 3
540 100041 3
553 100049 3
556 100012 3
569 100067 3
570 100033 3
572 100008 3
576 100071 2
577 100032 3
584 100061 3
585 100050 3
595 100032 2
597 100075 3
600 100098 2
603 100086 3
620 100079 2
629 100061 2
634 100075 3
643 100024 3
651 100007 3
667 100037 2
671 100094 3
675 100094 2
678 100079 2
721 100000 2
726 100042 3
728 100062 2
735 100001 2
736 100004 2
740 100012 3
740 100021 3
743 100001 3
744 100022 2
750 100092 2
761 100017 3
767 100034 2
796 100074 2
804 100059 3
809 100080 3
810 100029 3
810 100099 3
812 100052 3
824 100075 3
830 100009 3
836 100010 3
840 100098 3
843 100096 3
861 100036 3
866 100072 3
870 100091 2
915 100074 2
916 100043 3
924 100007 2
930 100023 3
933 100061 3
958 100039 3
962 100046 3
968 100043 3
969 100009 3
986 100033 3
999 100082 3
15 100063 2
37 100040 3
42 100032 3
43 100081 3
50 100059 3
65 100000 3
90 100039 3
90 100040 3
94 100011 3
95 100052 3
101 100089 3
116 100053 3
118 100067 3
126 100086 3
139 100041 3
141 100092 3
144 100078 3
148 100073 3
152 100014 3
154 100053 3
161 100009 3
188 100041 3
189 100058 3
192 100068 2
193 100014 3
194 100027 2
194 100086 2
206 100020 3
216 100064 3
229 100091 2
234 100050 3
238 100028 3
240 100100 3
242 100057 3
255 100021 2
273 100014 3
273 100066 3
295 100037 3
301 100054 3
310 100093 3
329 100036 3
331 100064 3
335 100055 3
337 100087 3
345 100004 3
349 100008 3
356 100005 2
369 100068 2
371 100013 2
371 100082 2
407 100048 3
412 100038 3
419 100021 3
432 100080 3
435 100009 3
440 100022 2
448 100061 3
462 100090 3
465 100050 3
471 100085 3
500 100090 3
519 100041 3
519 100099 3
524 100096 3
528 100034 3
535 100017 3
554 100095 3
593 100099 2
609 100072 2
618 100058 3
651 100098 2
662 100026 2
665 100089 3
696 100082 3
713 100019 3
719 100028 3
727 100009 3
735 100037 3
736 100035 3
742 100005 3
761 100057 3
790 100035 3
797 100048 3
800 100009 3
816 100072 3
820 100071 3
823 100029 3
827 100049 3
828 100000 3
829 100031 2
832 100041 3
836 100035 3
865 100063 2
880 100004 2
920 100030 3
937 100079 3
939 100037 2
955 100014 2
962 100039 2
970 100095 3
4 100088 3
11 100024 2
17 100032 2
28 100015 3
30 100053 3
35 100052 2
48 100080 3
51 100093 3
58 100022 3
62 100062 3
85 100024 3
88 100001 3
119 100062 3
125 100088 3
153 100024 3
163 100098 2
172 100091 3
174 100006 3
196 100001 2
198 100028 3
204 100053 3
220 100077 3
223 100073 3
224 100067 3
249 100018 3
252 100007 3
253 100091 2
260 100017 3
286 100012 2
289 100073 2
305 100006 3
335 100048 3
340 100005 3
343 100066 3
349 100075 2
356 100056 3
357 100055 2
360 100018 3
385 100036 3
407 100070 2
408 100015 3
411 100027 3
411 100045 3
440 100053 3
449 100035 3
450 100056 2
495 100045 3
502 100005 3
505 100033 2
515 100026 3
525 100006 3
540 100088 2
542 100021 3
542 100100 3
548 100039 3
554 100086 3
575 100013 3
583 100026 3
591 100096 3
613 100085 3
623 100054 3
623 100055 3
651 100069 3
653 100087 3
680 100094 3
691 100060 3
702 100082 3
702 100087 3
725 100057 3
741 100072 3
742 100081 2
756 100034 2
762 100053 3
762 100076 3
765 100065 3
769 100067 3
795 100015 2
822 100005 3
828 100057 3
840 100062 3
843 100081 3
855 100092 2
862 100006 2
869 100022 3
870 100005 3
885 100020 2
889 100097 3
897 100081 3
919 100083 3
920 100006 3
943 100038 2
949 100017 3
949 100018 3
954 100096 3
957 100058 3
958 100027 3
958 100034 2
979 100022 3
981 100022 3
985 100074 3
2 100088 2
20 100051 3
26 100046 3
40 100088 3
42 100016 3
43 100091 2
91 100013 3
92 100063 3
96 100084 3
123 100064 3
135 100082 2
142 100093 3
145 100007 3
148 100077 3
152 100081 3
162 100088 3
165 100057 2
174 100082 3
176 100096 3
197 100033 3
202 100072 3
209 100079 3
215 100014 3
230 100029 3
234 100044 3
239 100094 3
246 100022 3
252 100097 3
253 100014 3
258 100093 3
292 100033 2
299 100063 3
315 100044 3
325 100001 3
326 100055 3
327 100048 3
347 100005 2
361 100012 3
374 100059 3
375 100074 3
389 100045 2
411 100000 3
414 100084 3
428 100050 3
436 100019 3
438 100035 3
464 100001 2
464 100053 3
471 100090 3
491 100100 3
522 100043 2
538 100006 3
540 100092 2
542 100059 3
542 100080 3
546 100063 3
556 100000 3
579 100047 3
581 100079 3
597 100070 3
600 100080 3
602 100091 3
603 100048 2
604 100091 3
613 100056 3
618 100006 3
628 100005 2
644 100083 2
692 100057 3
719 100088 3
732 100008 3
734 100080 3
735 100008 3
737 100096 3
742 100041 2
752 100015 3
765 100034 2
766 100029 3
774 100073 3
775 100038 3
791 100096 3
801 100080 3
808 100064 2
821 100082 3
832 100100 3
846 100072 3
849 100010 3
852 100004 2
858 100099 3
861 100084 3
875 100009 3
880 100086 3
898 100098 3
925 100004 3
925 100017 3
976 100049 2
979 100097 2
990 100082 3
998 100016 3
1000 100031 3
21 100042 3
27 100015 3
71 100031 3
95 100004 2
95 100053 2
127 100008 3
143 100016 3
162 100041 3
191 100010 3
191 100035 3
200 100079 3
204 100079 3
212 100066 3
213 100063 2
219 100089 3
221 100083 3
236 100032 3
236 100078 3
253 100023 3
301 100032 2
304 100031 3
307 100093 3
331 100019 3
333 100078 3
343 100038 3
346 100042 3
349 100035 2
355 100087 3
372 100071 3
373 100054 3
391 100021 2
398 100100 3
407 100002 3
423 100100 3
429 100040 3
461 100022 3
462 100040 3
476 100009 3
500 100018 3
503 100088 3
505 100092 2
520 100090 3
536 100070 3
545 100098 3
572 100062 2
573 100001 3
593 100086 3
595 100028 3
605 100072 3
609 100063 3
610 100094 3
616 100006 3
639 100064 3
639 100098 2
643 100091 3
654 100061 3
661 100053 2
661 100068 3
662 100093 3
666 100083 3
667 100080 2
688 100040 3
696 100052 3
696 100065 3
700 100072 3
706 100009 3
718 100037 3
718 100082 3
724 100021 3
725 100024 2
726 100018 3
727 100012 2
728 100083 3
729 100035 3
732 100057 3
734 100079 3
746 100049 3
761 100073 3
763 100082 3
766 100071 3
766 100095 3
776 100012 3
784 100097 3
812 100071 3
827 100057 3
836 100050 3
838 100056 3
842 100072 2
845 100000 3
862 100001 3
885 100011 3
894 100052 3
899 100051 3
909 100042 3
915 100057 3
925 100010 3
941 100055 2
955 100096 3
986 100083 3
994 100070 3
7 100039 3
22 100094 3
40 100043 3
41 100013 3
48 100009 3
49 100047 2
53 100021 3
59 100049 3
62 100088 3
75 100022 3
75 100050 2
94 100060 3
98 100054 3
116 100019 3
120 100010 3
127 100085 3
127 100099 2
132 100090 3
150 100026 3
158 100071 2
163 100043 3
175 100065 3
182 100003 2
188 100053 2
200 100078 2
209 100011 3
215 100035 3
218 100013 3
229 100062 3
251 100090 3
259 100044 2
283 100005 3
288 100076 3
297 100073 3
306 100040 3
314 100058 3
326 100088 3
328 100068 3
330 100077 3
332 100077 2
335 100005 2
336 100088 3
341 100064 2
343 100040 3
374 100010 3
377 100062 3
390 100024 3
390 100088 2
400 100063 2
402 100044 3
403 100047 3
416 100015 2
453 100095 2
460 100066 3
464 100037 2
481 100034 3
491 100005 3
493 100088 3
502 100016 3
515 100068 3
536 100093 2
566 100059 3
572 100005 3
584 100057 3
593 100083 3
605 100074 3
608 100067 3
612 100029 3
613 100090 2
625 100027 3
626 100001 3
629 100095 2
639 100008 2
653 100022 3
661 100012 3
663 100005 3
682 100035 3
684 100062 3
699 100034 3
752 100088 3
761 100023 3
801 100097 3
810 100014 2
835 100017 3
837 100095 3
841 100003 2
848 100043 3
867 100018 3
875 100012 3
888 100095 2
893 100094 3
916 100099 3
917 100017 3
924 100096 3
943 100008 3
949 100083 2
958 100019 3
971 100009 3
981 100023 3
981 100061 3
20 100099 3
35 100050 3
41 100051 3
76 100042 3
76 100059 3
78 100031 2
109 100027 3
110 100018 3
130 100096 2
146 100028 2
147 100040 3
197 100028 3
209 100081 2
209 100100 3
213 100082 3
230 100037 3
235 100077 3
237 100068 3
238 100057 2
241 100006 3
257 100060 3
303 100091 2
325 100043 3
331 100021 3
333 100066 2
338 100001 3
367 100006 3
377 100081 3
383 100046 3
391 100077 3
396 100064 3
396 100083 3
410 100021 3
429 100041 3
450 100008 2
451 100002 2
467 100092 3
468 100029 3
485 100019 3
492 100021 2
499 100072 2
503 100044 3
509 100013 2
514 100078 3
524 100034 2
528 100011 3
542 100073 3
550 100002 2
556 100049 2
587 100004 2
588 100038 2
612 100067 2
633 100016 3
646 100019 2
648 100046 3
660 100025 3
674 100091 3
684 100014 3
685 100029 3
690 100025 2
690 100050 3
703 100061 3
709 100038 3
730 100034 3
730 100100 3
739 100066 3
742 100038 3
747 100074 3
757 100016 2
758 100095 3
759 100001 3
765 100075 3
767 100020 3
772 100029 3
776 100005 3
816 100018 3
818 100026 3
820 100056 3
824 100019 2
836 100012 3
855 100014 3
857 100075 3
862 100065 3
868 100092 3
893 100025 3
895 100032 3
897 100076 3
904 100046 3
908 100057 2
919 100000 2
919 100092 2
928 100077 3
941 100012 3
957 100096 3
966 100036 3
969 100056 3
976 100032 2
988 100019 3
989 100057 3
999 100002 3
26 100035 3
35 100019 2
43 100038 3
49 100038 3
54 100093 3
64 100086 3
67 100067 3
70 100089 3
80 100018 3
81 100004 3
84 100072 3
90 100098 2
94 100048 2
96 100056 3
105 100014 3
117 100022 3
153 100076 3
160 100018 3
167 100021 3
167 100065 3
167 100068 3
171 100021 3
178 100030 3
180 100046 3
193 100017 3
194 100002 2
205 100074 3
208 100039 3
208 100068 3
211 100077 3
219 100059 3
233 100011 2
245 100018 2
260 100027 3
268 100009 3
269 100069 2
312 100048 3
314 100080 3
324 100087 3
324 100099 3
325 100012 3
325 100062 3
327 100100 2
361 100007 3
393 100012 3
405 100001 3
429 100016 3
436 100100 3
439 100000 2
439 100067 2
449 100029 3
451 100057 3
461 100073 3
465 100081 3
465 100097 3
473 100085 3
478 100052 3
480 100050 3
481 100039 2
499 100038 3
501 100058 3
527 100053 3
566 100006 3
597 100085 2
598 100048 3
615 100050 3
636 100060 3
652 100076 3
657 100023 2
679 100057 2
681 100006 3
698 100066 3
701 100045 3
715 100030 2
741 100059 3
744 100049 2
745 100084 3
752 100078 2
766 100032 3
779 100030 3
786 100055 3
800 100096 3
806 100024 3
806 100083 3
808 100026 2
822 100085 3
824 100022 3
856 100040 2
880 100013 2
886 100011 3
888 100030 3
895 100057 2
903 100086 2
908 100032 2
940 100008 2
972 100027 3
977 100071 3
981 100098 3
988 100001 3
1000 100090 3
3 100061 2
13 100095 3
24 100088 2
30 100044 3
42 100058 2
48 100094 3
61 100028 3
82 100044 3
94 100006 3
95 100058 2
120 100079 3
123 100094 3
138 100054 2
142 100018 3
154 100036 3
154 100085 2
173 100088 3
184 100002 2
192 100060 3
200 100075 3
214 100006 3
218 100006 3
238 100035 3
244 100082 2
246 100089 2
253 100011 3
264 100021 3
283 100004 3
284 100063 3
291 100052 3
305 100083 3
328 100083 3
332 100044 3
340 100007 3
347 100037 3
347 100044 2
351 100016 3
355 100060 3
374 100062 3
381 100067 2
383 100096 3
392 100024 3
403 100070 3
412 100026 2
416 100071 3
426 100016 3
444 100027 3
451 100026 2
456 100035 3
473 100064 3
479 100065 3
507 100061 3
510 100021 3
513 100039 3
534 100072 3
540 100027 3
552 100075 3
559 100063 2
594 100008 3
603 100073 3
625 100073 3
629 100018 3
643 100091 3
658 100040 2
670 100067 3
686 100082 3
703 100009 3
703 100079 3
709 100000 3
710 100010 3
712 100084 3
730 100008 2
735 100010 3
739 100024 3
747 100024 2
752 100047 3
757 100024 3
779 100058 2
793 100055 3
804 100072 3
805 100081 3
806 100082 2
838 100026 2
840 100020 3
850 100030 3
864 100084 2
865 100055 3
873 100083 3
876 100047 3
888 100032 2
888 100082 3
911 100070 3
917 100064 3
918 100015 3
921 100007 3
941 100044 2
967 100015 2
990 100000 3
993 100008 2
995 100024 3
13 100017 3
14 100075 2
16 100096 3
18 100050 2
39 100100 3
42 100037 3
44 100052 3
45 100020 2
48 100042 3
80 100023 2
110 100067 3
117 100021 3
117 100046 3
123 100051 3
146 100053 3
154 100047 2
174 100083 3
180 100062 3
197 100054 3
215 100038 3
222 100052 3
223 100060 2
224 100003 3
228 100052 3
233 100067 3
242 100079 3
268 100063 3
287 100045 3
292 100028 2
310 100057 2
312 100039 3
319 100020 3
323 100014 3
328 100028 3
336 100055 2
341 100046 2
351 100000 3
373 100080 3
379 100049 3
388 100041 3
397 100089 2
403 100070 2
421 100012 3
421 100059 3
425 100099 3
426 100061 2
442 100079 2
459 100067 2
478 100013 3
490 100044 3
498 100078 3
503 100094 3
540 100073 3
545 100096 2
558 100017 3
559 100068 3
579 100011 2
581 100075 3
587 100016 2
589 100053 3
591 100060 2
597 100040 2
598 100000 3
600 100085 3
607 100025 3
615 100068 3
623 100083 3
631 100089 3
635 100012 3
646 100065 3
652 100003 3
654 100088 3
667 100095 3
671 100021 3
686 100007 3
700 100023 3
700 100074 3
723 100062 2
724 100056 3
736 100044 2
768 100003 3
768 100046 3
777 100036 3
792 100083 2
811 100046 2
836 100064 3
845 100034 3
874 100085 3
894 100002 2
900 100097 3
908 100081 3
917 100091 3
925 100072 2
926 100091 3
928 100021 3
933 100097 3
934 100004 2
945 100045 3
952 100051 3
997 100008 2
22 100040 3
24 100065 3
35 100017 2
41 100000 3
45 100046 3
50 100059 3
51 100030 3
56 100088 3
66 100032 3
66 100034 3
82 100011 2
82 100060 2
113 100086 2
125 100082 3
137 100062 3
140 100083 3
150 100042 3
174 100026 2
193 100087 3
201 100011 3
208 100029 3
232 100076 3
239 100024 2
253 100008 3
262 100067 3
263 100092 3
284 100090 3
293 100041 2
293 100090 2
317 100087 3
321 100015 3
331 100037 2
351 100074 3
358 100020 3
388 100039 3
398 100022 2
402 100053 3
404 100043 3
406 100074 3
416 100038 3
420 100090 3
425 100095 3
434 100039 3
438 100065 2
448 100014 3
492 100091 3
502 100056 3
515 100066 3
515 100093 3
517 100087 2
541 100039 3
552 100023 3
572 100003 3
580 100033 3
589 100096 2
593 100087 3
600 100065 2
608 100051 3
647 100100 2
666 100068 3
668 100029 2
674 100017 3
683 100073 3
684 100027 3
686 100100 3
724 100063 3
725 100042 3
739 100091 3
743 100071 3
778 100003 3
779 100092 3
783 100083 3
788 100009 3
794 100081 3
812 100041 3
814 100004 3
822 100050 3
827 100062 3
831 100006 3
831 100015 3
839 100076 3
860 100004 3
886 100044 3
888 100072 3
889 100015 3
900 100065 2
912 100020 3
927 100025 3
931 100052 3
940 100085 3
945 100074 3
955 100088 2
958 100050 3
963 100090 3
967 100017 3
973 100065 3
978 100019 3
978 100080 3
987 100046 3
991 100017 2
15 100062 3
20 100024 3
23 100045 3
27 100073 2
31 100069 3
53 100028 3
58 100094 2
71 100044 3
88 100038 3
89 100086 3
90 100028 3
91 100009 2
98 100035 3
111 100017 3
116 100052 3
148 100070 3
156 100019 3
172 100026 3
177 100074 3
180 100086 3
186 100001 3
188 100000 3
191 100030 3
198 100017 3
226 100062 3
247 100009 3
260 100000 3
277 100083 3
287 100017 3
290 100076 2
345 100078 2
346 100029 3
349 100032 3
364 100055 3
367 100053 3
378 100031 2
387 100022 3
395 100050 3
411 100066 3
425 100072 3
432 100034 2
508 100098 3
511 100054 3
516 100051 2
523 100060 3
526 100075 3
574 100057 2
576 100048 2
582 100044 2
585 100012 3
588 100078 3
593 100049 3
598 100056 3
601 100056 3
604 100080 3
606 100037 3
611 100020 3
616 100043 3
618 100091 3
623 100017 3
623 100096 3
629 100008 2
641 100092 3
659 100030 3
694 100022 3
700 100067 3
708 100068 3
714 100063 3
751 100032 3
761 100098 3
768 100024 3
770 100081 3
780 100062 3
783 100065 2
786 100002 3
788 100060 3
789 100059 3
790 100047 3
825 100073 3
834 100012 2
840 100040 3
845 100027 3
850 100086 3
852 100097 3
858 100090 3
859 100042 3
881 100083 3
881 100100 3
884 100009 2
903 100051 2
912 100047 2
921 100090 3
945 100097 3
948 100096 2
953 100034 3
954 100011 3
956 100021 2
968 100028 2
972 100016 2
998 100097 2
35 100067 3
36 100012 3
43 100032 3
53 100075 3
75 100068 3
77 100025 3
78 100051 3
105 100024 3
106 100093 2
107 100044 3
110 100039 3
111 100064 3
124 100039 3
126 100079 2
135 100003 2
135 100040 2
139 100064 3
157 100071 3
172 100020 3
186 100077 2
223 100097 3
229 100000 3
234 100088 3
256 100076 3
256 100099 3
270 100095 3
299 100021 2
312 100053 3
326 100067 3
337 100046 3
342 100037 3
351 100060 3
381 100037 2
418 100070 3
425 100059 3
429 100044 2
435 100066 2
441 100019 3
442 100081 3
445 100028 3
447 100006 3
449 100089 3
454 100044 3
460 100094 3
463 100059 3
473 100002 3
478 100049 3
531 100047 3
547 100022 3
550 100045 3
580 100009 3
582 100083 3
596 100091 3
616 100012 2
617 100061 2
628 100045 2
638 100045 3
645 100094 3
647 100012 3
648 100059 3
677 100083 3
679 100028 3
686 100077 3
695 100042 3
703 100010 2
708 100019 3
716 100089 3
718 100001 3
719 100087 3
748 100065 3
761 100075 2
763 100088 2
781 100027 2
791 100031 3
793 100017 3
797 100003 3
797 100019 3
807 100056 3
810 100092 3
811 100041 2
837 100008 2
849 100096 3
850 100065 3
854 100063 3
858 100097 3
871 100089 3
873 100030 3
879 100027 3
896 100029 3
897 100003 3
907 100049 2
909 100024 3
940 100092 3
943 100043 3
943 100063 2
944 100016 3
949 100036 3
963 100037 2
987 100017 3
994 100025 2
4 100018 3
22 100011 3
33 100014 3
43 100088 2
54 100018 3
60 100058 3
63 100052 3
64 100075 3
69 100053 2
79 100044 3
85 100064 3
88 100090 3
94 100030 3
100 100056 2
101 100029 3
109 100012 2
109 100046 3
124 100093 3
127 100080 3
131 100061 3
156 100085 3
179 100046 2
181 100050 3
183 100008 3
183 100097 3
189 100083 2
202 100042 3
204 100000 3
215 100083 3
238 100042 3
260 100018 3
297 100045 3
298 100099 2
311 100065 2
319 100014 3
321 100078 3
355 100001 3
367 100018 3
376 100054 3
377 100006 3
379 100066 3
392 100020 2
407 100011 3
417 100005 3
417 100023 3
442 100064 3
446 100097 3
452 100038 3
460 100029 2
464 100067 2
486 100052 3
507 100025 3
508 100032 3
514 100095 2
536 100045 3
538 100050 3
555 100013 2
595 100003 3
598 100040 3
607 100039 3
625 100082 2
628 100026 2
634 100000 3
636 100001 2
643 100006 2
652 100098 3
661 100001 2
690 100025 3
696 100082 3
703 100037 2
705 100037 3
720 100001 3
727 100030 3
750 100032 3
771 100100 3
778 100087 3
793 100008 2
807 100072 3
811 100072 2
811 100099 3
826 100009 3
830 100075 3
848 100085 2
854 100005 2
860 100073 3
868 100020 3
872 100001 3
874 100081 2
875 100061 2
882 100045 3
883 100065 3
900 100092 3
909 100052 3
947 100036 3
947 100065 3
949 100034 3
961 100011 3
970 100035 3
974 100037 3
976 100027 3
1 100042 3
9 100047 3
13 100040 3
15 100080 3
44 100041 3
72 100039 3
107 100021 3
119 100081 3
120 100075 3
138 100079 3
145 100013 3
165 100087 3
176 100012 2
189 100080 3
202 100002 3
202 100023 3
202 100024 3
202 100053 3
217 100028 3
219 100087 3
229 100091 3
233 100096 2
234 100039 2
234 100057 2
267 100069 2
275 100027 3
300 100086 3
300 100096 2
302 100034 3
310 100030 3
322 100043 3
331 100024 2
336 100004 2
351 100039 3
356 100073 3
379 100080 3
385 100098 3
397 100082 3
410 100069 3
412 100042 3
446 100059 3
458 100088 2
483 100062 2
485 100083 3
500 100001 3
506 100006 2
515 100076 3
516 100017 3
534 100078 3
537 100080 3
544 100087 3
549 100096 3
552 100015 3
561 100053 3
565 100012 3
572 100008 2
586 100054 3
589 100071 3
591 100057 2
613 100022 3
622 100036 3
622 100095 3
634 100015 3
635 100028 2
643 100029 3
681 100059 3
685 100047 3
690 100025 3
691 100013 3
697 100034 3
706 100009 2
709 100007 3
711 100083 3
714 100020 3
716 100065 3
722 100040 3
736 100065 3
739 100016 3
740 100058 3
740 100079 3
740 100085 3
742 100049 2
757 100036 3
773 100045 3
795 100089 2
801 100078 3
809 100038 3
834 100022 2
853 100008 3
853 100058 2
854 100100 3
873 100001 3
882 100029 3
890 100028 3
916 100050 3
926 100002 3
937 100019 3
955 100054 3
968 100051 3
974 100047 3
13 100059 3
27 100084 3
29 100002 2
80 100084 3
84 100056 3
89 100086 3
118 100053 3
128 100065 3
142 100026 3
152 100089 3
173 100026 2
180 100096 3
192 100019 3
195 100064 2
202 100069 3
209 100004 3
213 100093 2
229 100062 2
251 100095 3
258 100046 3
267 100025 3
276 100008 3
276 100038 2
276 100080 3
279 100092 3
287 100004 3
301 100058 3
335 100058 2
336 100022 2
345 100067 3
346 100081 2
351 100060 3
353 100053 2
353 100077 3
363 100047 3
364 100002 3
367 100017 2
376 100054 3
388 100042 3
406 100097 3
435 100065 2
436 100062 3
440 100066 3
444 100015 3
475 100079 3
476 100077 3
487 100021 3
487 100026 3
491 100080 3
508 100099 2
520 100071 3
521 100015 3
525 100016 3
526 100091 3
528 100080 3
539 100080 3
553 100058 3
561 100002 3
569 100042 3
571 100066 3
574 100044 3
580 100043 2
607 100085 3
608 100097 3
611 100096 2
654 100073 3
654 100092 3
659 100065 3
681 100014 3
691 100083 3
728 100083 3
729 100010 3
729 100081 3
752 100026 3
757 100025 2
765 100058 3
765 100072 3
769 100048 3
774 100076 2
780 100076 3
786 100068 3
817 100021 3
817 100041 2
819 100035 3
822 100071 3
830 100036 3
839 100044 3
867 100070 2
869 100033 2
883 100086 3
892 100094 3
893 100073 3
894 100027 3
898 100012 3
920 100070 3
944 100068 3
951 100057 3
956 100053 3
960 100055 3
976 100025 3
