1000 20 52501582
50 123 243
50 143 248
50 116 236
50 77 227
50 145 199
50 147 182
50 91 170
50 71 163
50 118 170
50 97 178
50 73 246
50 143 151
50 146 229
50 135 186
50 52 235
50 102 204
50 133 240
50 113 197
50 130 166
50 123 178
2 100059 6
21 100094 5
42 100029 6
46 100045 6
95 100011 6
103 100040 4
182 100005 5
211 100046 5
242 100001 5
296 100086 5
320 100060 6
345 100093 6
380 100096 6
391 100084 6
395 100006 5
397 100010 6
411 100053 5
413 100052 4
457 100028 6
459 100078 6
466 100073 6
467 100044 5
474 100057 6
512 100069 5
524 100064 4
541 100099 5
563 100035 6
587 100021 5
589 100049 6
619 100002 6
625 100013 5
627 100037 4
655 100100 5
658 100000 5
698 100037 4
703 100038 4
711 100035 5
723 100028 4
735 100086 5
761 100089 4
770 100073 5
829 100068 5
845 100098 5
896 100008 6
925 100005 5
928 100012 5
958 100079 5
971 100081 6
972 100096 4
977 100093 5
36 100030 6
37 100001 4
39 100055 5
49 100039 5
59 100021 5
63 100046 5
73 100089 6
80 100028 5
94 100056 5
96 100050 4
108 100009 4
187 100015 5
197 100065 5
226 100059 5
227 100038 4
245 100042 4
246 100016 5
275 100069 5
334 100052 6
336 100002 5
410 100067 5
413 100061 5
437 100087 5
443 100062 5
462 100058 5
506 100045 6
567 100053 6
597 100054 5
609 100028 5
648 100044 5
683 100044 4
693 100037 5
698 100043 4
730 100031 5
763 100037 5
795 100083 6
822 100048 5
826 100034 6
840 100029 5
850 100035 4
859 100038 5
887 100019 5
903 100013 6
917 100009 4
919 100091 6
921 100088 5
940 100002 6
963 100026 5
963 100063 5
981 100049 4
7 100005 6
17 100070 5
68 100074 6
72 100027 5
74 100065 5
94 100027 5
105 100043 4
129 100064 6
156 100040 5
197 100046 5
210 100000 6
224 100032 6
261 100015 5
262 100062 5
272 100069 5
310 100066 5
325 100038 4
361 100092 6
373 100082 5
404 100067 5
415 100081 6
418 100036 5
423 100029 6
440 100077 6
451 100060 5
480 100075 5
538 100067 5
571 100022 4
573 100042 6
574 100044 6
583 100025 6
600 100088 6
606 100066 5
631 100097 6
646 100048 6
706 100065 5
713 100089 4
751 100077 5
775 100085 5
790 100044 6
790 100063 5
827 100100 5
863 100014 4
863 100065 6
884 100049 5
897 100066 5
901 100030 4
918 100085 5
920 100035 5
991 100040 6
7 100011 5
41 100080 6
51 100021 5
69 100014 4
79 100073 5
92 100058 5
93 100060 4
109 100084 6
113 100070 5
115 100001 5
118 100007 5
124 100098 5
140 100086 6
171 100025 6
172 100034 6
196 100077 6
240 100016 6
272 100062 4
288 100098 4
318 100045 6
329 100093 5
348 100046 5
364 100014 6
389 100058 5
406 100074 5
418 100062 6
431 100077 6
452 100068 6
520 100085 4
522 100037 5
569 100052 6
608 100037 5
640 100042 4
642 100087 5
660 100032 4
672 100051 5
742 100083 5
746 100046 4
747 100008 6
766 100084 6
806 100058 5
809 100085 6
818 100055 6
842 100064 6
843 100065 5
913 100043 5
934 100092 5
946 100084 5
991 100082 6
998 100071 6
9 100048 6
75 100074 6
86 100023 5
86 100083 5
95 100003 5
97 100015 4
116 100036 6
134 100021 6
146 100097 5
160 100079 5
167 100094 5
231 100097 5
259 100080 6
329 100019 5
375 100009 5
414 100092 6
416 100047 6
441 100057 5
525 100071 5
537 100041 4
564 100029 5
591 100064 6
616 100082 5
625 100085 4
646 100039 6
650 100011 5
663 100028 6
678 100059 6
693 100021 6
707 100017 5
724 100045 6
738 100099 5
744 100025 5
781 100019 6
785 100030 6
813 100024 5
815 100086 5
823 100057 5
824 100090 5
828 100015 6
831 100084 6
837 100000 6
841 100036 6
846 100056 6
901 100048 5
932 100069 4
938 100086 5
952 100060 6
963 100027 5
979 100029 6
24 100060 4
53 100050 6
55 100047 6
68 100063 5
74 100056 5
90 100053 5
93 100047 5
101 100009 5
103 100012 6
103 100030 6
182 100060 5
186 100047 6
212 100084 4
264 100022 5
279 100039 4
295 100044 5
318 100087 5
335 100016 5
352 100081 5
360 100011 6
403 100016 6
417 100000 5
471 100066 5
542 100054 5
562 100096 6
565 100085 5
596 100035 5
596 100074 5
639 100041 5
654 100085 4
673 100033 5
678 100060 6
681 100087 6
753 100061 5
795 100030 6
833 100006 6
865 100087 5
890 100074 4
896 100047 5
914 100035 5
915 100034 5
915 100052 4
936 100021 5
938 100027 6
938 100028 5
951 100061 5
959 100088 6
967 100022 5
975 100000 6
994 100090 5
40 100083 5
110 100089 6
115 100008 6
182 100070 6
190 100026 5
258 100037 6
268 100012 5
280 100001 5
331 100012 4
337 100098 6
357 100062 5
371 100029 5
391 100090 6
392 100005 6
395 100050 5
408 100085 5
470 100029 6
476 100043 6
480 100002 4
526 100009 4
531 100081 6
601 100017 4
605 100084 5
608 100074 5
638 100047 6
641 100050 6
647 100051 5
651 100100 5
671 100016 4
683 100043 6
685 100052 5
706 100070 5
724 100040 5
742 100034 5
742 100037 6
754 100000 6
814 100021 6
826 100007 6
845 100015 6
856 100009 6
900 100095 5
942 100096 5
957 100014 4
963 100058 5
963 100074 6
980 100091 6
982 100024 5
986 100074 5
988 100091 6
989 100041 5
4 100091 5
5 100038 5
41 100045 6
47 100065 6
64 100030 6
80 100024 5
116 100008 5
152 100062 4
174 100023 4
188 100022 5
249 100071 6
348 100073 5
396 100052 5
411 100085 6
416 100090 5
419 100002 5
461 100065 4
477 100052 6
477 100062 4
478 100035 6
503 100039 5
536 100056 6
537 100034 6
552 100083 4
554 100064 5
583 100068 6
617 100009 5
634 100019 6
645 100063 5
688 100075 6
709 100038 6
724 100013 6
725 100043 5
740 100006 6
745 100003 5
765 100018 6
786 100030 6
813 100051 6
815 100003 5
815 100027 5
819 100097 6
838 100008 5
858 100017 5
881 100003 6
911 100020 4
930 100034 5
941 100019 5
972 100009 6
980 100067 6
999 100080 5
9 100015 6
24 100080 5
80 100049 6
86 100046 5
125 100090 5
128 100081 5
130 100030 6
145 100039 5
170 100036 6
171 100070 6
216 100093 5
224 100068 6
227 100089 4
228 100027 5
294 100019 5
295 100043 4
347 100091 4
370 100035 6
383 100076 6
406 100031 4
417 100034 5
426 100034 5
434 100054 6
436 100005 5
449 100017 6
460 100046 6
471 100025 5
516 100014 6
519 100064 5
530 100001 6
545 100071 6
602 100067 5
640 100084 4
673 100100 4
684 100003 4
693 100042 6
700 100042 5
746 100036 4
753 100034 6
771 100077 5
773 100096 5
795 100010 5
824 100046 5
827 100040 5
846 100025 6
853 100027 5
869 100035 6
882 100050 5
895 100086 6
909 100060 5
47 100055 6
60 100098 5
116 100085 6
130 100032 5
150 100059 6
167 100068 5
197 100082 6
202 100014 4
223 100016 6
247 100064 4
267 100003 5
310 100097 5
312 100036 4
324 100017 4
336 100031 6
337 100079 5
378 100064 5
400 100042 4
418 100012 6
431 100066 6
439 100062 5
492 100017 4
501 100014 5
506 100049 5
546 100012 6
560 100059 4
562 100008 5
573 100070 5
584 100069 5
598 100085 6
600 100064 6
641 100041 6
646 100037 5
691 100019 5
715 100018 5
723 100047 5
737 100095 5
746 100069 6
771 100029 6
814 100010 5
843 100063 5
887 100081 5
905 100059 5
925 100010 6
928 100066 5
950 100041 6
975 100067 6
978 100038 5
986 100096 4
998 100028 5
1 100061 6
12 100082 6
60 100019 5
69 100074 4
77 100013 5
78 100052 6
95 100077 5
96 100017 5
107 100055 4
115 100085 6
116 100096 5
138 100032 5
150 100015 5
152 100002 4
175 100067 5
179 100035 5
196 100039 5
214 100063 5
239 100058 6
276 100020 5
297 100095 4
324 100005 6
342 100092 5
371 100020 6
383 100037 6
424 100061 5
437 100070 5
450 100049 6
492 100038 5
499 100073 5
553 100097 5
589 100083 6
615 100056 6
628 100029 5
646 100049 5
658 100072 4
712 100028 4
725 100053 6
727 100083 5
735 100050 6
897 100080 5
917 100100 5
918 100093 5
927 100053 5
938 100029 5
939 100017 6
960 100001 6
962 100081 5
984 100013 4
990 100057 6
14 100008 6
90 100011 5
129 100015 5
165 100007 5
185 100046 6
190 100092 4
231 100014 4
233 100088 6
249 100046 5
285 100069 6
308 100070 6
324 100007 6
324 100009 5
385 100068 4
397 100078 4
413 100081 4
444 100091 5
460 100093 4
475 100069 6
505 100067 5
513 100002 5
535 100093 5
555 100096 6
578 100011 5
597 100088 5
605 100029 5
657 100006 5
715 100009 5
727 100068 4
748 100032 6
750 100022 5
758 100074 5
763 100036 6
774 100096 6
792 100052 6
795 100092 5
798 100093 5
808 100046 6
853 100001 5
865 100080 6
885 100077 6
937 100076 6
960 100022 5
965 100025 5
971 100056 5
979 100064 5
980 100023 5
981 100053 6
989 100073 6
999 100073 6
4 100059 5
12 100059 6
59 100059 4
64 100060 6
70 100070 5
84 100097 6
92 100029 6
102 100097 5
110 100044 6
123 100098 6
141 100077 6
222 100037 5
236 100026 5
251 100028 5
257 100000 5
277 100061 5
312 100017 5
328 100072 5
343 100068 5
354 100062 6
374 100024 5
382 100071 6
392 100068 5
412 100006 5
477 100042 5
497 100013 5
510 100058 5
520 100063 6
553 100045 4
589 100045 6
591 100080 5
595 100063 6
627 100092 5
631 100063 6
684 100042 5
701 100018 6
713 100089 6
750 100024 6
754 100036 6
799 100006 4
814 100031 5
838 100027 5
841 100079 5
844 100014 4
898 100046 6
898 100052 5
899 100085 6
962 100091 6
963 100077 5
984 100095 6
54 100028 5
56 100021 4
80 100060 6
95 100058 4
100 100066 5
126 100023 6
133 100022 6
153 100055 5
160 100045 5
203 100070 4
236 100017 5
239 100008 5
243 100059 6
278 100083 5
292 100063 6
292 100084 6
357 100072 6
370 100034 5
374 100014 4
383 100042 4
398 100059 4
445 100022 6
454 100037 6
509 100007 6
515 100036 6
541 100007 4
555 100078 6
566 100035 6
566 100087 5
581 100053 6
599 100011 5
638 100056 6
663 100027 5
667 100003 5
672 100093 4
684 100004 4
705 100072 5
766 100025 5
785 100086 6
795 100037 5
802 100034 6
810 100004 5
837 100036 5
876 100062 6
876 100074 6
896 100051 6
901 100002 5
932 100029 6
956 100036 5
958 100085 6
24 100093 6
31 100087 6
39 100027 5
43 100092 5
53 100049 5
57 100036 5
80 100019 4
93 100014 5
104 100023 5
113 100031 5
127 100083 6
148 100074 5
167 100090 5
179 100029 5
195 100004 5
219 100092 6
221 100074 6
247 100098 5
253 100060 5
275 100098 6
284 100043 5
288 100023 6
341 100016 6
357 100075 6
359 100090 5
360 100068 5
421 100018 5
485 100098 4
491 100094 5
514 100047 6
554 100093 6
569 100060 5
577 100053 5
638 100031 4
694 100015 5
694 100088 4
707 100026 5
713 100051 5
714 100098 4
723 100025 5
739 100089 5
743 100046 5
748 100019 5
772 100043 5
794 100047 5
833 100003 6
919 100030 5
959 100007 6
986 100041 5
999 100090 5
20 100062 5
23 100006 6
33 100098 6
34 100085 6
74 100088 5
105 100018 6
194 100040 6
205 100045 5
261 100098 5
267 100025 4
283 100069 6
314 100045 6
319 100044 4
339 100012 4
369 100057 6
402 100092 6
406 100091 5
491 100063 6
505 100003 5
508 100091 6
525 100067 5
529 100008 6
542 100042 5
542 100078 4
551 100031 6
553 100011 4
579 100081 4
589 100019 5
608 100003 5
646 100087 6
672 100003 5
674 100021 5
690 100041 5
691 100047 5
697 100083 6
730 100032 6
735 100027 5
754 100013 5
755 100044 5
766 100047 4
769 100058 5
779 100079 5
779 100090 5
839 100070 4
862 100087 5
877 100087 6
888 100032 5
889 100059 4
962 100073 5
977 100090 6
8 100100 6
13 100052 4
18 100004 4
27 100014 6
40 100035 5
62 100039 6
87 100049 5
101 100088 5
105 100004 5
173 100091 5
232 100090 5
256 100081 5
297 100026 5
307 100066 6
333 100035 6
343 100094 6
345 100077 4
352 100031 4
355 100005 6
384 100089 5
391 100010 5
396 100043 6
433 100079 5
435 100048 5
449 100049 6
451 100051 5
472 100027 4
486 100010 6
493 100044 6
530 100100 6
577 100024 5
591 100004 6
599 100068 4
649 100016 5
683 100052 6
691 100022 5
694 100073 6
711 100024 6
728 100045 6
799 100083 4
846 100015 5
847 100004 6
857 100065 6
870 100014 6
875 100080 6
887 100056 5
925 100067 6
933 100058 5
942 100044 6
986 100088 6
55 100022 6
70 100023 4
115 100039 5
127 100021 4
162 100034 5
164 100028 6
194 100000 5
228 100050 6
229 100046 5
241 100068 4
262 100060 6
281 100062 4
305 100047 6
307 100071 6
313 100065 5
337 100019 6
346 100053 6
373 100053 5
377 100024 5
378 100090 5
386 100050 6
392 100098 5
406 100088 6
423 100076 5
481 100034 5
509 100063 5
539 100043 4
553 100003 5
573 100031 5
599 100052 6
614 100052 5
615 100072 6
634 100065 6
660 100062 6
675 100047 6
742 100073 6
774 100095 4
791 100030 5
791 100048 4
804 100086 5
828 100003 5
869 100059 5
882 100097 5
890 100064 5
910 100008 6
933 100076 5
940 100059 5
947 100011 5
975 100026 5
989 100083 5
11 100032 5
84 100008 6
100 100100 6
139 100005 6
140 100045 6
143 100033 5
165 100087 5
177 100064 4
190 100088 6
197 100100 6
210 100060 6
214 100075 5
233 100001 5
240 100091 5
255 100049 5
283 100081 6
355 100058 5
359 100022 6
367 100084 6
391 100021 5
406 100016 5
413 100058 4
424 100055 5
433 100064 5
489 100031 4
517 100047 4
553 100087 6
566 100066 5
592 100073 5
608 100071 6
638 100050 4
660 100076 6
661 100099 6
668 100093 5
688 100031 5
694 100015 5
718 100072 5
725 100042 5
754 100073 6
770 100060 5
774 100025 6
827 100034 6
845 100039 4
848 100086 6
852 100066 5
853 100046 6
870 100044 6
903 100019 5
920 100041 6
935 100071 5
2 100036 6
59 100060 6
115 100006 6
128 100088 6
139 100058 5
144 100073 5
164 100090 4
167 100021 5
167 100045 5
183 100100 5
192 100075 5
272 100063 6
319 100100 6
321 100053 5
350 100066 6
380 100017 6
393 100081 5
404 100026 6
422 100047 6
436 100043 6
440 100023 5
457 100004 5
501 100040 6
534 100018 5
540 100065 5
552 100084 6
561 100004 6
570 100070 6
593 100090 6
604 100025 6
618 100040 5
621 100050 5
622 100048 4
652 100031 6
728 100033 5
746 100085 5
748 100022 5
770 100080 4
822 100059 5
825 100072 5
835 100027 6
862 100018 5
880 100016 5
881 100053 6
882 100015 6
901 100051 4
925 100018 5
945 100095 4
965 100085 5
972 100038 6
