500 20 1296771
25 119 215
25 103 192
25 106 192
25 64 188
25 121 248
25 92 211
25 87 229
25 54 228
25 55 158
25 135 248
25 88 179
25 107 235
25 93 188
25 128 208
25 146 212
25 81 162
25 99 214
25 108 213
25 145 207
25 74 235
1248 3816 9
1431 1226 10
1782 8952 11
2125 2249 10
2248 3153 11
3648 4428 11
3677 354 11
3904 8847 11
4750 2793 9
4991 1882 10
5303 91 10
5403 3846 10
6884 5454 12
7148 3580 12
7237 7202 9
7490 5519 12
7633 6232 12
7667 6483 12
7761 3907 9
7938 9593 12
7939 1664 10
8214 257 10
8776 8836 12
9067 7102 11
9265 2857 9
401 1181 11
437 9305 10
766 1679 9
1700 2271 9
2127 689 11
3124 2816 12
3189 3733 10
4095 3451 9
4833 4109 11
5842 1967 9
5942 4226 11
6250 1723 10
6444 3217 11
6712 4983 10
7293 1027 10
7471 1597 12
7564 6520 10
7946 5130 12
8142 6961 11
8410 8691 9
8533 1020 11
8964 8687 11
9059 4325 9
9717 9309 11
9825 5119 10
55 3378 13
505 2000 11
760 9195 9
1101 2254 12
1433 8791 10
2781 5365 10
2860 5420 10
3309 1503 12
3475 4130 9
3655 1590 9
3766 7992 13
3884 9841 12
4997 3836 10
5001 2998 10
6672 5027 9
6968 4912 11
7121 1106 12
7632 5179 10
7945 6871 11
8098 6934 11
8171 2961 11
8616 5365 12
8793 9048 10
9272 2732 10
9653 7170 10
398 3908 12
523 1039 11
973 8197 12
1171 9250 10
1279 9123 12
1350 7202 10
1465 9034 11
1941 3707 12
2620 6284 12
2787 1754 11
2914 3681 12
3852 3446 11
3964 8725 10
5309 9931 10
5993 7945 12
6293 9131 11
6307 2147 10
6724 7455 10
6731 6858 10
7313 757 11
7549 8735 9
7568 4588 11
7685 6040 9
8354 861 12
8486 9101 12
585 6039 11
1461 2353 10
1530 6701 12
1612 6670 12
1748 5535 10
2407 3525 10
2881 556 10
2914 1668 9
3146 954 9
3498 6032 11
3597 5719 11
4087 6152 10
4877 2759 10
5152 4973 9
6128 2320 11
6786 9819 10
7252 4133 11
7396 6662 13
7907 9390 11
7953 2861 11
8014 5595 10
8412 239 10
9268 5102 11
9549 3302 12
9770 9957 11
853 8393 10
1444 3943 12
2749 5030 12
3004 1774 11
3062 8443 12
3914 7858 10
4054 6923 11
4296 3512 11
4889 6112 12
5440 1030 10
5539 864 12
5930 5804 11
5998 5248 11
6630 2557 12
6968 1898 10
7214 7674 10
7797 1306 10
7843 681 9
7883 1593 11
8169 5909 12
8562 1050 13
8585 1479 12
8794 3107 9
9678 7364 10
9759 6338 11
366 1247 11
583 5971 11
2451 631 12
2469 852 11
2634 3712 10
2947 3347 12
4314 7962 10
4328 2779 12
4422 8924 10
5494 6574 9
5553 8871 10
5575 2775 11
6178 6544 10
6609 4439 9
6919 4560 10
7274 5371 10
7355 3766 10
7376 2622 11
7572 8477 12
7643 7939 11
8304 6751 10
8495 9321 9
8874 4373 12
8974 7570 10
9648 4669 12
984 1588 12
2309 6096 9
3196 4250 11
3282 2227 11
3378 5518 9
3448 6855 12
3625 9516 11
4037 1119 12
5568 3134 12
5696 4705 11
5766 5660 13
5825 4251 11
6719 1079 11
6742 476 11
6866 9334 10
7634 7669 9
7670 1131 11
7709 2512 10
8444 7551 12
8643 5074 10
8879 1827 10
8902 5903 12
9053 5520 10
9535 1198 12
9892 6911 13
786 4925 9
1753 9423 9
1858 5877 9
1994 9440 12
2213 5771 13
2265 5148 10
3062 3893 12
3807 9558 11
4396 8669 9
4987 4620 12
5420 884 11
5735 9958 12
6300 3140 11
6454 6775 10
6850 8017 9
7362 9796 11
7692 3039 12
7821 3601 10
8303 3873 9
8552 5645 11
9419 4152 10
9506 4876 11
9556 3134 11
9884 2676 9
9946 738 13
457 4214 11
608 1736 10
1075 2351 12
1421 1057 12
1807 9009 11
2259 6607 12
4039 2333 13
4122 5458 9
4572 9509 9
4728 170 9
4805 6693 10
4843 1266 11
5041 4418 9
5099 4539 9
5499 45 12
5619 796 9
6135 6616 9
6730 8277 12
6901 126 12
7203 6276 10
8121 6762 12
8495 4889 10
8802 9469 10
9080 6765 11
9475 6788 12
333 9017 10
356 1796 11
397 5130 10
1136 6984 11
1333 9728 9
2742 5626 9
2861 2445 9
2894 4749 9
2919 5961 11
3365 410 11
3754 2910 9
4688 3510 10
5036 5034 9
5249 5804 11
5439 7495 12
5656 925 12
5672 3053 11
5979 1450 11
6457 7654 12
7256 5620 10
7900 7313 11
8328 4187 11
8910 9932 10
8972 2563 11
9616 2563 11
64 6371 10
732 7691 9
1016 7465 10
1174 2682 11
1211 3584 12
2040 5489 9
2367 7185 9
4410 1523 11
5082 4807 12
5229 3573 9
5402 6678 9
5472 9951 11
5767 8846 12
5786 9147 12
5866 3967 11
6609 7421 11
6833 5447 12
7144 7055 12
8268 5290 12
8448 8532 9
9040 1082 10
9512 5916 11
9860 2649 11
9894 7109 12
9897 2717 12
77 8740 12
80 1753 12
245 5428 12
523 964 10
616 4607 12
676 5720 10
1134 8948 10
1225 872 10
1447 4004 9
2096 5069 11
2281 4065 11
2304 1028 10
2685 8924 11
3484 2972 13
3802 15 11
4340 285 10
4781 9813 10
4976 4080 13
5646 5492 11
5799 4433 9
6758 7974 12
7703 6882 10
9121 4787 12
9670 5916 9
9836 8190 10
589 345 11
1009 4723 12
1893 9051 11
2047 9238 11
2826 2717 12
2898 954 10
3051 6983 12
3746 7607 11
3758 1369 11
5203 896 9
5561 5097 9
5767 1395 13
6342 8325 9
6387 3120 9
6409 4684 12
7008 852 12
7479 2461 11
8306 2662 10
8599 6902 10
8654 3 13
9049 2602 10
9085 5534 9
9173 61 9
9415 5710 12
9859 6455 9
194 9481 11
866 4634 11
1053 7959 9
1505 1430 10
2054 7211 10
2111 2656 12
2579 4822 10
2952 1273 11
3325 2550 10
3792 535 12
4119 1932 12
4176 2269 12
5151 5113 11
5484 948 11
5852 8951 10
6388 1261 10
6742 2965 10
7185 4027 13
7636 7625 10
8065 8556 12
8086 9767 10
8390 8969 10
9082 487 13
9129 2510 11
9986 3036 9
1660 1212 9
1883 1972 12
1987 7777 9
2101 9015 9
3122 4508 12
3270 512 9
3393 2018 12
4016 8970 12
4829 1441 11
5045 6969 11
5411 5155 11
5430 230 11
6326 1879 9
6346 8032 12
6787 1700 10
7285 1624 9
7328 293 12
7647 9127 12
7677 2224 10
7972 9170 13
8539 4523 12
8646 1540 9
9113 9419 11
9686 884 10
9752 4184 10
118 3306 9
142 5860 10
1022 4451 10
1063 754 10
1510 874 12
1541 2873 12
1578 4688 12
1675 1346 10
2504 3242 11
3557 9527 11
3883 9979 10
4039 152 10
4857 4863 13
5668 4536 13
5963 3216 12
6049 8958 12
6235 1517 12
6600 7874 11
6742 5135 10
6750 4340 13
7752 6952 11
8028 6668 9
9019 3864 11
9522 906 9
9825 122 11
94 6813 10
346 4585 11
376 9389 11
377 9303 12
751 3517 10
766 4619 13
896 2667 10
1595 4124 12
1848 7518 9
1933 4272 11
2308 6839 12
2550 4968 10
2669 4234 11
3749 8927 12
4168 5778 9
4194 8061 10
4431 2072 12
4888 6330 10
5494 9094 9
5675 6124 10
7631 8334 10
7962 4600 12
8105 2375 9
8231 9848 12
8972 5904 12
441 6061 10
1208 7330 12
1424 8635 10
1612 4974 9
2003 3807 11
2328 5239 9
3288 4642 11
3452 4155 10
3846 8535 10
3953 6354 13
4424 1083 11
4549 6951 11
4816 2909 12
5029 732 10
5060 1809 10
6253 6448 10
6256 3181 13
6379 4511 11
7999 8865 10
8081 8661 11
8296 4756 13
8337 9345 11
8434 3881 9
8827 3020 12
9676 1773 9
272 10000 10
873 6537 10
935 2050 12
1063 1332 10
1712 5944 11
3194 4645 11
3268 4558 10
3395 5798 11
3757 7524 11
4150 2128 10
4160 6995 12
4273 9374 10
4816 6711 11
4892 7461 10
5158 9994 11
5666 5229 11
6378 6906 11
6920 2885 9
7719 5382 12
7833 3347 9
8077 9471 12
8421 1782 10
8740 1963 12
8924 1162 12
9192 3812 11
