2000 100 99059249
20 81 243
20 99 170
20 117 191
20 97 230
20 121 154
20 94 234
20 53 238
20 136 225
20 112 211
20 107 167
20 98 229
20 150 230
20 132 183
20 127 195
20 102 186
20 123 172
20 109 151
20 148 204
20 95 195
20 146 248
20 98 172
20 72 185
20 125 216
20 150 153
20 89 150
20 63 202
20 114 197
20 93 192
20 147 227
20 114 205
20 87 187
20 127 196
20 53 226
20 148 173
20 59 156
20 97 238
20 121 170
20 125 181
20 62 202
20 127 184
20 128 225
20 128 226
20 110 248
20 68 176
20 76 230
20 79 150
20 55 171
20 69 210
20 100 243
20 104 241
20 67 179
20 50 244
20 139 170
20 136 235
20 53 211
20 136 225
20 92 233
20 91 194
20 57 228
20 92 198
20 124 188
20 94 245
20 137 231
20 104 239
20 134 234
20 103 188
20 84 198
20 129 152
20 83 198
20 127 183
20 64 249
20 91 244
20 61 180
20 51 227
20 106 176
20 109 227
20 61 158
20 66 250
20 121 206
20 86 188
20 123 230
20 147 188
20 55 175
20 103 174
20 78 150
20 124 222
20 87 196
20 86 241
20 54 192
20 94 191
20 135 166
20 77 160
20 92 161
20 56 210
20 84 230
20 90 158
20 144 188
20 90 215
20 101 157
20 109 246
48 100024 16
76 100065 13
230 100021 12
257 100046 14
361 100021 16
362 100054 14
372 100042 14
508 100049 16
522 100052 13
539 100036 15
549 100045 17
592 100081 17
612 100056 12
688 100077 14
726 100087 17
744 100081 13
840 100007 17
850 100007 17
884 100087 12
951 100000 15
4 100047 14
45 100064 13
86 100039 17
243 100046 14
291 100084 14
335 100096 13
440 100042 16
534 100037 14
540 100046 17
544 100025 17
646 100056 13
702 100076 14
765 100005 14
776 100094 13
804 100076 15
837 100028 12
856 100067 15
869 100059 15
883 100043 17
939 100017 15
16 100052 17
50 100069 16
61 100005 14
68 100095 14
195 100045 17
216 100047 14
258 100053 17
273 100084 17
341 100019 16
359 100086 15
449 100029 15
455 100020 13
476 100093 13
615 100005 15
709 100048 16
735 100093 13
844 100043 12
869 100058 17
886 100029 17
947 100050 13
21 100068 15
83 100100 16
185 100077 16
359 100039 17
376 100086 16
376 100100 16
464 100022 14
519 100095 17
574 100002 14
574 100061 13
599 100056 15
642 100081 16
717 100083 17
743 100066 14
840 100037 16
860 100060 17
888 100062 16
891 100009 16
954 100009 14
971 100017 12
33 100077 14
42 100017 15
128 100089 13
128 100097 13
130 100050 15
204 100001 16
337 100035 15
393 100054 16
487 100050 13
505 100059 14
548 100055 17
561 100079 14
645 100026 14
646 100007 13
728 100049 13
757 100043 14
811 100094 15
835 100022 13
903 100051 13
973 100013 14
4 100057 13
15 100070 17
20 100037 14
44 100015 14
89 100074 15
169 100081 16
189 100045 15
248 100096 14
312 100059 16
367 100077 12
383 100052 15
393 100040 13
466 100052 17
503 100075 14
658 100088 13
705 100030 12
810 100034 15
857 100026 13
895 100079 17
918 100088 16
15 100033 15
39 100059 15
73 100001 13
184 100079 15
192 100052 13
269 100027 15
274 100092 17
296 100016 15
296 100038 15
338 100033 16
384 100063 14
512 100012 17
566 100084 14
582 100087 14
600 100073 12
607 100025 13
713 100013 15
770 100056 14
841 100027 13
875 100026 16
37 100008 14
70 100053 15
101 100078 15
186 100020 14
208 100073 15
254 100085 12
289 100009 14
296 100010 12
316 100040 15
336 100052 15
349 100070 14
440 100052 12
525 100020 17
573 100063 15
642 100084 16
668 100068 13
850 100060 15
873 100002 14
895 100083 14
950 100034 15
67 100009 14
102 100028 12
115 100006 16
146 100079 13
175 100087 15
201 100026 13
202 100092 13
229 100014 14
346 100046 13
423 100054 12
434 100061 15
576 100034 14
607 100099 12
720 100063 14
779 100018 16
789 100041 14
881 100003 16
891 100004 13
897 100024 14
917 100069 13
3 100064 15
37 100017 16
37 100020 13
143 100056 14
149 100058 15
173 100068 17
210 100036 13
210 100077 13
287 100036 17
400 100041 14
445 100065 15
586 100001 17
613 100019 16
708 100034 15
755 100100 15
881 100018 12
929 100065 12
949 100011 17
960 100077 17
965 100082 17
19 100083 15
217 100054 14
253 100071 14
332 100036 17
384 100077 12
417 100057 15
420 100004 14
448 100014 13
474 100040 16
537 100027 15
593 100095 14
634 100071 16
697 100083 16
705 100082 15
778 100092 17
796 100056 13
802 100076 15
886 100035 16
921 100030 17
964 100053 13
2 100014 17
34 100042 12
68 100020 17
95 100073 13
116 100072 17
125 100090 14
287 100012 12
290 100054 13
337 100071 16
492 100001 13
500 100046 15
602 100075 14
626 100023 13
691 100063 15
732 100016 12
861 100006 16
861 100014 14
892 100064 14
900 100019 17
913 100013 13
36 100009 16
39 100089 17
70 100054 14
170 100031 13
360 100017 17
392 100033 13
411 100093 17
430 100099 16
440 100091 16
512 100057 16
570 100026 15
602 100092 14
618 100064 15
619 100053 13
670 100043 13
696 100074 15
847 100049 13
874 100062 13
929 100062 13
965 100077 14
55 100085 17
70 100076 12
104 100003 17
217 100069 14
273 100099 13
399 100092 14
402 100007 14
418 100003 16
525 100024 13
590 100022 14
667 100047 15
672 100090 16
700 100092 14
704 100085 13
719 100091 12
736 100040 13
859 100018 14
906 100018 13
932 100028 16
986 100050 17
29 100022 14
29 100083 13
40 100052 14
57 100018 14
149 100027 15
158 100090 16
165 100071 17
263 100028 15
278 100031 13
322 100062 17
381 100050 14
476 100056 17
515 100067 16
587 100022 15
608 100094 12
689 100023 14
714 100003 13
911 100037 17
930 100083 16
949 100084 12
100 100078 13
133 100008 13
149 100070 14
192 100040 16
241 100019 13
283 100075 15
613 100002 13
623 100053 15
642 100025 15
647 100076 14
722 100024 16
724 100094 14
763 100083 17
789 100030 16
795 100007 17
796 100082 12
805 100086 13
844 100068 16
871 100025 17
982 100068 13
25 100003 17
50 100004 15
143 100075 14
154 100026 13
217 100033 15
270 100049 17
290 100027 14
330 100087 16
345 100051 16
380 100000 15
386 100082 17
430 100085 14
539 100035 15
572 100046 12
654 100042 13
915 100087 15
931 100072 14
968 100062 15
970 100000 14
979 100061 16
34 100023 13
174 100011 17
175 100013 14
183 100068 16
447 100073 17
450 100004 16
477 100079 14
511 100080 16
518 100031 15
589 100072 12
631 100010 16
678 100010 14
704 100001 13
733 100042 14
790 100038 13
792 100009 14
801 100023 15
804 100097 14
849 100076 17
999 100002 13
1 100014 13
37 100095 16
177 100070 14
251 100030 15
253 100025 15
295 100019 15
300 100044 15
328 100036 14
355 100011 13
514 100031 14
579 100005 17
586 100081 14
607 100050 13
615 100097 15
649 100018 15
700 100002 15
791 100001 14
792 100024 16
801 100021 15
976 100032 15
178 100050 17
184 100075 14
198 100024 17
216 100032 13
272 100020 13
272 100076 14
330 100004 13
375 100037 14
402 100041 13
527 100040 13
536 100070 15
564 100012 16
575 100005 16
672 100004 12
727 100092 16
808 100030 17
843 100023 12
920 100059 13
948 100094 15
999 100075 17
106 100060 16
171 100053 16
289 100056 17
376 100093 16
472 100027 15
501 100013 16
506 100064 17
518 100050 16
520 100059 15
713 100033 14
796 100050 17
812 100009 13
817 100017 13
819 100078 14
846 100010 17
863 100022 17
907 100007 16
919 100071 14
926 100087 16
985 100040 14
30 100072 14
236 100073 14
283 100055 16
302 100092 17
308 100091 13
352 100069 12
375 100011 15
380 100043 12
421 100009 15
505 100027 15
588 100023 12
644 100072 13
655 100063 16
727 100098 17
749 100058 16
761 100019 15
828 100051 13
851 100021 12
858 100029 14
897 100015 16
53 100056 16
75 100030 17
110 100092 16
111 100046 15
213 100087 16
334 100048 15
346 100090 13
376 100091 14
387 100100 16
407 100027 14
426 100003 12
469 100057 16
499 100029 13
623 100019 15
695 100019 17
704 100042 13
886 100046 14
889 100031 17
895 100061 17
941 100071 14
64 100064 14
192 100043 12
192 100077 17
279 100084 15
366 100060 16
378 100089 12
388 100061 17
421 100030 14
487 100060 15
497 100012 13
510 100066 13
605 100037 16
621 100065 13
647 100004 13
661 100056 15
669 100071 16
700 100068 15
710 100063 15
741 100041 16
868 100039 15
2 100007 15
40 100067 12
49 100074 16
64 100007 16
97 100089 15
182 100049 14
220 100058 15
247 100096 12
298 100054 17
402 100099 16
445 100023 16
466 100027 12
499 100007 14
678 100042 16
685 100017 13
752 100074 16
824 100010 17
863 100064 15
883 100085 17
935 100012 15
12 100099 16
39 100041 14
156 100019 17
196 100097 13
244 100100 17
253 100032 12
261 100058 14
392 100060 15
441 100089 13
445 100026 15
505 100095 15
562 100017 16
564 100088 14
659 100086 17
696 100092 14
755 100000 12
829 100067 14
892 100036 14
894 100087 12
896 100018 13
3 100005 12
14 100010 14
120 100083 16
162 100057 16
208 100023 14
225 100031 13
280 100015 13
311 100085 13
386 100096 13
450 100100 15
456 100015 15
463 100041 16
481 100059 13
498 100079 13
535 100024 17
719 100090 13
888 100061 15
905 100031 13
943 100078 12
993 100015 16
6 100093 14
29 100022 13
136 100053 13
201 100021 15
330 100054 15
365 100056 15
491 100047 14
639 100048 15
665 100049 16
686 100000 12
696 100080 13
713 100013 17
735 100020 15
772 100028 16
860 100012 17
889 100019 15
949 100072 14
968 100044 14
976 100047 16
994 100067 14
9 100006 14
40 100047 16
45 100030 17
84 100083 12
89 100016 13
121 100096 15
163 100087 12
211 100058 15
285 100074 16
307 100040 14
467 100070 17
479 100038 14
573 100091 15
587 100002 14
741 100088 12
858 100015 13
864 100085 15
886 100087 15
923 100088 14
975 100050 15
39 100010 12
45 100099 14
122 100063 15
225 100079 16
228 100009 13
260 100059 14
268 100037 16
273 100062 16
284 100080 14
443 100030 13
566 100081 16
626 100098 17
680 100023 17
716 100028 15
723 100018 14
820 100067 14
837 100061 14
846 100090 17
862 100042 14
921 100032 17
47 100090 16
74 100098 15
102 100032 17
144 100058 16
231 100071 17
397 100039 15
420 100026 13
474 100031 13
500 100094 14
627 100025 15
637 100011 14
645 100086 15
673 100100 16
677 100072 15
800 100094 16
839 100021 16
878 100065 14
944 100032 12
958 100056 12
960 100042 15
89 100031 13
89 100045 16
125 100035 13
252 100073 12
299 100100 15
337 100019 13
360 100011 14
464 100050 16
500 100065 14
533 100031 13
548 100085 16
664 100062 13
716 100097 12
732 100005 14
783 100097 14
836 100007 15
855 100086 12
879 100051 16
925 100072 14
944 100025 17
51 100090 16
69 100094 12
114 100080 17
133 100001 13
144 100029 15
156 100056 14
244 100004 16
284 100092 17
311 100038 15
372 100035 15
425 100089 12
489 100051 15
696 100046 17
785 100025 15
865 100100 15
875 100006 14
879 100034 17
903 100022 13
918 100000 14
945 100071 17
18 100053 17
28 100036 17
54 100071 14
59 100020 13
194 100053 14
201 100004 16
251 100026 13
357 100013 15
424 100049 14
452 100085 16
464 100062 13
478 100067 14
517 100038 14
631 100074 15
633 100082 14
634 100040 17
766 100030 16
811 100058 13
822 100035 13
969 100048 13
58 100097 15
86 100078 17
181 100059 16
213 100082 16
288 100043 17
330 100052 13
487 100040 16
499 100069 14
550 100078 13
572 100026 14
608 100073 15
641 100058 13
714 100070 16
724 100006 13
790 100008 12
847 100048 16
898 100083 12
909 100014 13
956 100085 14
964 100073 15
15 100086 13
47 100099 16
82 100012 13
130 100086 15
158 100028 16
163 100080 14
195 100052 16
226 100047 13
272 100067 12
339 100012 14
354 100092 16
396 100015 13
441 100088 14
507 100071 17
724 100071 15
739 100036 17
758 100037 17
940 100061 13
948 100077 15
979 100074 15
19 100009 16
74 100030 13
126 100079 13
133 100030 13
157 100019 13
298 100085 13
316 100016 15
346 100034 14
436 100028 16
642 100041 13
692 100026 17
729 100049 13
752 100022 17
788 100059 16
803 100017 14
819 100082 13
845 100033 14
896 100081 14
933 100070 12
949 100044 14
20 100089 15
95 100050 15
142 100042 16
181 100039 15
252 100032 13
279 100039 13
348 100023 17
352 100013 17
529 100009 14
571 100092 15
614 100025 14
651 100013 17
655 100049 16
671 100072 12
768 100088 15
782 100082 13
799 100076 16
802 100018 15
919 100051 14
938 100063 13
133 100092 16
162 100024 13
163 100056 17
221 100058 16
226 100042 15
249 100030 17
321 100081 16
397 100085 13
459 100033 14
533 100086 15
537 100012 16
600 100044 17
614 100092 12
753 100095 13
811 100045 17
816 100015 13
899 100065 16
919 100077 13
945 100015 17
980 100025 17
6 100033 13
23 100010 12
28 100072 12
186 100043 15
186 100100 17
242 100004 13
393 100048 16
437 100094 13
485 100094 17
514 100016 16
536 100098 14
549 100040 14
551 100051 16
568 100013 15
782 100057 14
782 100063 17
821 100054 17
896 100048 13
938 100039 15
979 100064 14
62 100021 14
64 100094 14
76 100025 12
100 100077 13
104 100015 14
165 100090 14
192 100070 12
233 100026 15
324 100095 17
346 100021 13
509 100001 13
541 100023 13
544 100036 12
579 100044 14
627 100018 14
702 100023 14
757 100031 14
878 100011 12
904 100030 14
924 100061 16
70 100042 15
81 100030 14
95 100067 16
161 100041 15
223 100002 15
239 100038 13
246 100100 14
367 100027 13
391 100058 14
469 100064 16
489 100086 14
518 100091 16
590 100098 16
609 100047 17
679 100047 14
830 100045 13
845 100070 16
893 100037 16
959 100076 12
999 100081 16
40 100091 17
55 100072 13
64 100066 14
95 100080 13
97 100004 13
205 100035 13
251 100035 16
274 100073 14
306 100043 17
309 100048 15
386 100091 14
488 100050 14
504 100028 16
649 100036 14
758 100009 14
803 100025 14
857 100053 16
914 100092 16
926 100080 16
928 100011 14
64 100048 13
128 100065 16
174 100075 13
216 100040 13
227 100019 14
265 100071 16
266 100047 17
371 100036 15
392 100056 13
399 100010 16
561 100058 16
632 100019 17
661 100063 13
723 100086 15
775 100072 14
827 100015 13
924 100057 13
959 100098 13
971 100052 16
993 100006 12
1 100090 16
29 100061 13
39 100022 15
47 100068 15
150 100013 12
179 100049 13
192 100049 15
255 100009 12
331 100000 16
380 100021 14
471 100096 15
494 100081 16
558 100091 14
642 100014 16
669 100029 14
732 100019 14
899 100094 17
900 100054 16
948 100008 15
964 100100 15
4 100007 13
33 100041 17
118 100055 13
122 100023 13
165 100026 13
196 100063 14
218 100086 14
221 100012 14
222 100062 16
355 100002 13
385 100055 17
415 100031 15
499 100085 14
550 100083 15
562 100005 13
676 100043 16
890 100093 17
935 100037 15
963 100040 13
994 100040 15
49 100083 17
91 100017 12
197 100071 13
313 100065 15
376 100020 15
401 100044 15
424 100050 16
518 100046 15
633 100056 15
701 100070 13
724 100046 12
724 100096 16
747 100000 16
779 100084 13
852 100082 14
882 100028 16
898 100037 13
936 100092 16
951 100034 13
978 100072 13
13 100041 16
101 100061 17
170 100077 15
203 100083 15
223 100096 16
232 100098 16
241 100047 17
324 100098 13
365 100045 13
535 100014 16
559 100005 17
611 100044 13
717 100048 16
820 100032 12
841 100064 17
851 100030 17
861 100093 16
888 100055 17
890 100022 13
959 100062 14
26 100093 17
95 100050 16
109 100067 14
191 100039 13
267 100024 15
292 100024 12
390 100072 15
404 100080 15
462 100076 15
488 100020 12
504 100075 17
554 100006 13
575 100025 13
583 100060 13
643 100077 15
672 100044 13
750 100087 16
754 100090 16
875 100012 13
909 100029 12
81 100022 13
163 100048 17
172 100064 15
223 100046 17
265 100082 15
277 100045 13
285 100089 16
353 100092 14
397 100010 13
470 100071 12
485 100017 17
497 100093 16
576 100092 13
595 100097 16
611 100082 16
656 100069 14
682 100067 16
721 100050 17
944 100042 15
972 100072 14
126 100029 16
127 100054 12
147 100046 16
157 100071 13
173 100023 15
238 100043 13
294 100088 13
333 100009 15
349 100042 14
373 100019 14
405 100022 13
576 100027 16
615 100062 17
638 100027 16
690 100079 15
741 100004 15
764 100076 13
812 100073 15
842 100024 13
894 100099 15
34 100045 14
40 100068 17
143 100085 17
164 100023 17
245 100095 15
339 100063 15
345 100040 16
401 100042 14
452 100084 14
473 100011 14
479 100033 15
521 100071 14
524 100066 14
533 100059 14
551 100057 15
590 100010 16
608 100036 14
641 100068 14
753 100061 17
929 100027 17
52 100079 17
93 100039 13
217 100058 17
265 100028 14
273 100020 14
273 100039 13
283 100002 13
342 100073 16
370 100023 13
385 100086 16
506 100050 16
579 100053 13
669 100057 14
673 100054 14
742 100075 15
745 100045 13
762 100077 14
801 100004 14
876 100035 12
939 100083 12
89 100017 14
191 100003 14
242 100017 13
242 100091 16
271 100088 16
375 100097 14
377 100062 15
406 100038 14
453 100026 14
502 100100 13
524 100028 15
580 100055 13
589 100041 17
639 100041 15
697 100090 14
741 100078 13
744 100071 14
867 100054 14
876 100007 14
953 100023 13
11 100075 16
116 100001 13
133 100080 17
180 100098 14
190 100017 12
234 100039 13
415 100009 14
444 100078 16
468 100087 15
499 100082 14
592 100079 13
708 100074 14
764 100001 13
770 100002 13
788 100037 16
882 100048 13
930 100041 12
933 100081 17
965 100011 17
991 100018 16
43 100018 13
68 100051 14
92 100089 17
147 100084 16
289 100085 15
300 100099 16
352 100019 14
423 100096 13
435 100066 13
449 100054 17
481 100068 16
485 100056 16
517 100065 13
540 100092 17
618 100071 13
663 100035 14
830 100099 15
861 100080 13
956 100016 13
984 100019 16
6 100094 13
121 100050 17
150 100095 15
209 100040 17
213 100052 17
214 100066 17
230 100061 14
308 100090 16
397 100003 13
400 100085 14
440 100068 17
493 100034 15
505 100025 15
525 100035 14
553 100032 15
634 100062 17
686 100098 13
816 100020 16
862 100031 15
919 100080 15
116 100006 14
173 100082 17
240 100003 14
241 100090 15
246 100061 17
247 100016 14
283 100100 14
338 100023 14
369 100032 17
440 100069 13
485 100016 14
585 100097 13
617 100066 15
622 100003 14
672 100035 12
756 100016 14
772 100056 15
794 100006 13
975 100029 13
976 100016 15
128 100084 16
157 100048 13
209 100006 16
251 100041 16
259 100087 14
308 100017 16
392 100028 12
431 100089 12
442 100096 13
488 100038 16
527 100012 14
532 100058 13
683 100086 14
688 100006 15
716 100037 15
733 100081 14
801 100027 13
818 100023 16
946 100055 13
951 100064 13
59 100021 12
92 100043 14
114 100029 14
212 100071 13
387 100016 16
417 100065 12
457 100047 17
468 100006 12
469 100042 17
473 100064 17
479 100074 17
544 100056 15
728 100045 16
780 100052 15
783 100073 13
800 100018 13
826 100077 13
950 100088 13
976 100091 16
987 100027 16
94 100053 13
103 100088 12
104 100093 12
194 100031 13
231 100055 13
240 100014 17
326 100096 13
330 100090 17
342 100029 14
386 100000 15
412 100009 15
507 100099 13
514 100022 12
613 100023 14
737 100053 17
784 100100 14
806 100065 15
905 100030 14
909 100007 17
994 100030 16
64 100021 14
89 100012 15
99 100042 15
120 100019 13
156 100058 15
186 100025 12
250 100100 14
270 100042 15
297 100018 17
362 100091 13
394 100099 14
499 100062 13
544 100020 12
638 100010 17
776 100097 14
806 100015 13
821 100094 13
822 100070 14
897 100060 16
986 100089 12
7 100096 14
24 100042 14
170 100040 15
265 100031 16
317 100088 14
364 100080 14
398 100056 13
430 100028 16
453 100065 16
466 100077 12
549 100022 15
589 100085 13
671 100005 16
684 100021 16
764 100096 14
842 100036 17
880 100095 13
956 100014 15
968 100085 17
969 100079 13
58 100023 17
71 100052 16
196 100074 13
215 100012 14
283 100042 17
294 100038 14
295 100036 14
425 100057 12
439 100055 13
507 100006 14
583 100067 13
676 100027 16
700 100077 16
705 100018 13
711 100090 17
724 100011 16
758 100060 12
852 100076 15
925 100076 15
982 100004 13
37 100017 16
73 100009 12
107 100072 16
169 100061 16
230 100014 14
280 100050 16
311 100018 15
338 100084 14
404 100055 17
448 100016 16
492 100021 16
560 100019 15
578 100091 13
622 100053 14
650 100071 14
675 100044 13
786 100059 15
796 100044 15
801 100041 13
844 100077 14
24 100012 12
83 100002 13
234 100071 14
332 100009 16
351 100051 16
403 100083 14
426 100075 13
432 100045 17
457 100044 15
483 100086 14
543 100005 15
601 100015 15
610 100045 14
702 100054 16
711 100024 13
727 100090 17
775 100095 16
882 100046 12
971 100070 14
983 100044 16
7 100046 17
125 100048 13
139 100001 16
182 100100 14
253 100057 13
337 100050 14
359 100095 17
368 100025 17
554 100012 13
572 100022 16
622 100002 14
649 100021 14
720 100047 15
759 100057 13
760 100028 16
812 100021 13
816 100040 15
860 100042 12
873 100086 13
901 100025 17
27 100032 15
42 100051 15
209 100042 13
226 100062 14
297 100059 14
304 100010 13
387 100090 13
402 100086 16
410 100072 16
526 100063 14
584 100059 16
607 100045 15
637 100054 16
754 100078 17
773 100048 13
784 100096 16
841 100049 13
843 100005 17
856 100073 12
908 100057 16
25 100099 16
111 100035 14
224 100073 15
235 100076 17
266 100072 15
318 100050 15
385 100073 13
387 100055 14
429 100044 13
553 100070 14
606 100007 13
609 100064 12
617 100060 16
706 100009 17
772 100021 16
814 100048 13
866 100058 17
893 100011 16
948 100056 13
960 100002 16
76 100082 13
121 100064 15
125 100050 17
191 100015 12
245 100022 15
249 100042 14
377 100072 16
395 100035 14
441 100004 15
456 100083 14
531 100046 13
563 100003 17
590 100005 16
646 100084 13
654 100056 16
706 100081 15
712 100035 12
899 100007 16
908 100060 13
958 100076 13
15 100034 14
60 100008 15
84 100050 16
207 100075 14
234 100016 16
237 100030 16
283 100088 16
290 100069 15
398 100070 14
448 100068 14
497 100012 15
548 100095 17
560 100067 13
568 100072 17
658 100021 13
671 100078 17
690 100094 16
736 100008 15
837 100092 16
904 100027 16
148 100052 15
250 100039 14
262 100051 13
279 100097 14
316 100060 17
341 100021 15
358 100026 13
375 100018 17
401 100053 16
421 100055 13
450 100007 15
477 100045 16
603 100036 16
621 100073 15
747 100016 16
808 100059 17
851 100097 13
873 100071 16
933 100088 15
942 100100 16
51 100045 15
177 100043 13
178 100070 16
184 100033 15
270 100074 16
331 100059 14
386 100067 13
394 100072 15
406 100008 15
439 100053 12
449 100060 13
459 100074 15
462 100020 17
487 100015 14
639 100021 14
814 100097 14
844 100025 15
867 100014 17
874 100075 15
894 100070 12
1 100053 16
30 100018 13
31 100004 16
48 100013 13
157 100071 14
268 100075 13
339 100003 13
461 100012 12
476 100066 16
532 100026 13
579 100046 14
580 100039 17
641 100050 17
645 100036 14
777 100002 15
791 100048 13
829 100062 15
851 100016 13
909 100020 12
962 100042 17
23 100055 15
140 100012 15
181 100075 13
189 100037 13
248 100001 14
361 100041 15
363 100003 13
364 100065 14
376 100027 14
383 100088 14
503 100057 14
516 100047 14
601 100053 15
610 100044 14
673 100100 14
717 100063 15
804 100071 14
908 100020 14
966 100093 17
975 100043 14
46 100089 16
162 100082 16
207 100067 14
221 100022 13
273 100053 15
287 100049 15
308 100021 15
373 100001 16
410 100055 12
454 100075 14
459 100043 14
508 100044 14
534 100005 16
546 100019 15
548 100042 13
695 100042 16
774 100006 14
871 100054 17
910 100043 13
910 100071 13
9 100016 14
64 100090 17
171 100066 16
232 100010 15
272 100092 16
275 100066 16
294 100069 17
328 100052 13
430 100061 14
441 100049 17
500 100001 15
515 100066 13
543 100011 16
694 100016 12
723 100098 16
774 100012 15
822 100098 16
957 100085 17
975 100041 16
982 100071 15
25 100057 13
100 100007 14
112 100099 16
115 100037 16
183 100084 12
243 100060 12
342 100055 13
356 100024 14
460 100069 14
532 100050 17
584 100088 13
641 100078 15
674 100036 14
737 100062 13
773 100088 13
782 100083 15
787 100013 16
809 100065 14
933 100014 13
961 100086 12
149 100092 15
163 100027 12
174 100010 16
188 100004 15
282 100035 15
396 100003 14
413 100084 15
420 100044 14
467 100022 15
495 100032 17
552 100061 16
585 100033 12
620 100062 15
662 100035 15
686 100010 12
810 100075 15
842 100013 17
916 100076 14
917 100035 17
932 100022 14
1 100047 15
14 100004 14
18 100040 16
134 100000 13
171 100019 16
256 100042 16
271 100098 15
427 100003 17
447 100075 15
534 100045 16
541 100086 16
542 100088 14
590 100093 14
604 100093 15
653 100016 16
707 100072 14
731 100060 14
756 100014 13
935 100085 12
995 100052 15
39 100047 16
109 100069 13
152 100079 13
258 100084 16
349 100011 16
365 100006 14
429 100077 17
460 100057 16
495 100079 16
523 100058 16
587 100026 13
590 100051 17
632 100030 15
686 100026 13
878 100008 13
881 100006 16
885 100004 13
886 100037 15
963 100058 14
968 100065 17
51 100043 15
110 100079 14
278 100082 16
330 100071 15
354 100009 14
376 100030 16
408 100054 17
435 100012 15
462 100062 13
577 100064 14
604 100029 13
688 100036 15
757 100088 14
838 100029 15
851 100006 17
858 100065 13
910 100036 12
943 100099 13
955 100002 13
970 100053 15
145 100008 14
202 100087 14
315 100060 16
321 100070 14
338 100066 13
342 100032 14
362 100083 13
435 100055 15
439 100006 13
463 100061 12
504 100097 15
544 100086 15
545 100076 14
553 100073 16
592 100052 17
627 100022 16
629 100056 16
662 100047 16
760 100021 14
791 100095 15
49 100065 12
80 100058 16
140 100049 15
188 100087 13
214 100051 12
238 100012 15
274 100039 14
397 100077 13
434 100058 17
441 100051 15
472 100007 14
580 100085 12
590 100021 13
602 100077 14
638 100038 12
691 100048 15
712 100025 17
733 100047 17
807 100021 16
958 100098 14
116 100071 17
235 100042 13
296 100063 14
356 100036 14
406 100078 14
420 100007 13
457 100075 17
491 100085 12
506 100038 16
518 100006 15
534 100058 14
643 100054 13
704 100068 15
711 100086 16
808 100004 16
818 100030 15
837 100086 13
884 100096 13
888 100091 14
987 100074 16
17 100009 14
72 100056 16
90 100019 16
132 100050 16
150 100097 16
207 100079 16
215 100046 13
284 100026 13
292 100047 12
319 100066 13
347 100012 14
445 100020 13
566 100043 16
580 100033 16
625 100051 12
651 100035 12
686 100096 12
689 100069 16
748 100003 15
791 100064 15
19 100003 15
26 100095 16
30 100066 16
45 100067 14
109 100032 16
288 100043 13
300 100015 15
347 100065 17
378 100100 14
390 100004 17
411 100014 15
524 100084 16
541 100051 15
569 100017 17
835 100095 16
853 100007 17
859 100013 17
870 100079 17
876 100027 15
939 100030 16
17 100059 15
185 100029 15
187 100004 17
318 100067 13
462 100094 12
483 100070 15
502 100073 14
506 100097 15
554 100022 12
556 100062 17
567 100023 14
596 100063 13
618 100010 17
629 100013 13
631 100042 17
678 100099 16
757 100086 13
836 100079 13
900 100050 12
948 100038 13
14 100096 16
65 100009 13
106 100066 14
138 100093 17
171 100042 14
333 100037 16
356 100021 15
370 100053 14
379 100073 14
393 100012 17
394 100044 13
455 100051 12
532 100044 15
758 100021 13
794 100054 14
801 100039 16
845 100058 15
901 100026 13
908 100021 14
915 100091 15
178 100039 14
183 100044 16
196 100069 13
202 100066 16
274 100029 15
280 100039 12
350 100051 14
390 100086 17
487 100021 17
523 100050 17
614 100074 15
633 100074 16
642 100006 14
839 100078 17
847 100048 14
910 100096 16
960 100087 14
965 100007 14
974 100004 15
994 100014 17
42 100007 15
43 100026 14
51 100019 13
165 100005 16
220 100084 15
265 100039 13
365 100064 14
380 100003 16
396 100006 13
400 100097 15
404 100069 13
454 100061 15
505 100029 12
549 100020 15
575 100068 13
679 100041 15
733 100014 14
959 100057 13
962 100049 14
980 100051 12
173 100040 13
189 100051 13
189 100055 15
241 100041 13
250 100023 15
272 100010 16
313 100054 13
361 100005 15
463 100088 16
629 100100 13
636 100070 17
651 100098 15
704 100037 13
720 100053 13
742 100088 15
794 100033 14
802 100023 16
892 100095 14
920 100040 14
963 100005 15
41 100056 16
216 100058 16
279 100003 17
322 100069 14
393 100044 16
599 100069 16
644 100082 15
660 100016 13
664 100042 17
675 100037 14
781 100021 13
805 100049 16
809 100048 15
821 100068 17
825 100024 15
826 100007 15
898 100018 14
925 100012 16
936 100069 13
956 100040 12
71 100050 15
129 100046 14
157 100015 14
160 100037 15
171 100071 16
373 100048 16
415 100063 13
440 100053 16
473 100085 16
608 100065 14
660 100024 15
672 100080 16
745 100031 15
777 100051 15
785 100092 15
843 100063 12
871 100051 16
930 100021 17
954 100048 12
959 100076 17
1 100028 12
11 100055 16
38 100031 16
52 100099 12
108 100053 13
130 100035 12
141 100011 13
262 100069 16
398 100053 13
445 100089 15
446 100084 16
526 100086 14
535 100040 15
596 100049 15
664 100055 16
774 100035 14
842 100034 16
933 100069 13
933 100076 16
954 100009 14
14 100025 13
28 100088 14
59 100088 15
134 100033 16
177 100009 12
216 100070 13
255 100077 16
297 100026 16
323 100059 14
378 100086 17
395 100056 16
408 100067 16
559 100091 16
649 100011 12
652 100029 15
712 100085 15
715 100044 14
885 100036 14
922 100085 14
950 100003 17
33 100043 14
46 100034 17
98 100036 17
300 100100 17
335 100053 13
370 100061 13
448 100068 12
615 100064 14
674 100028 17
714 100038 16
735 100067 15
738 100028 16
757 100074 14
776 100031 12
814 100021 14
838 100019 15
863 100003 15
877 100045 13
938 100014 17
995 100086 14
127 100061 15
204 100099 14
234 100057 12
317 100017 15
357 100012 16
391 100028 13
454 100041 16
533 100015 15
632 100023 15
642 100061 13
691 100049 12
700 100055 16
715 100093 16
777 100049 15
791 100070 13
810 100000 16
854 100018 12
884 100011 14
884 100040 14
936 100072 13
24 100001 13
65 100055 13
73 100095 14
132 100083 16
205 100024 13
264 100047 12
311 100000 14
321 100092 16
394 100029 15
412 100080 12
573 100036 14
580 100016 12
659 100045 15
690 100019 17
789 100046 16
842 100048 14
881 100061 16
901 100071 14
982 100053 14
997 100068 15
2 100064 16
58 100040 14
59 100048 16
148 100000 15
179 100036 16
310 100067 17
319 100086 13
392 100041 15
438 100021 16
543 100046 17
553 100068 16
647 100026 13
679 100095 16
709 100033 16
738 100067 13
791 100038 14
806 100089 15
839 100092 14
887 100082 17
909 100069 13
