2000 20 482145
100 128 246
100 72 196
100 104 221
100 137 236
100 107 212
100 60 180
100 135 174
100 82 199
100 99 162
100 91 182
100 134 246
100 140 174
100 84 178
100 96 220
100 103 207
100 63 212
100 69 188
100 115 178
100 121 172
100 99 187
7 253 2
12 268 3
33 44 3
37 979 3
45 951 2
46 487 3
46 650 2
88 818 2
92 750 3
96 220 3
111 604 2
123 183 3
130 416 2
140 943 3
164 662 3
179 522 2
189 510 3
193 617 2
195 467 2
215 351 3
216 831 3
222 669 2
233 78 2
241 157 2
245 346 3
248 171 3
252 304 3
262 33 2
273 903 3
275 856 3
278 303 3
294 265 3
294 772 3
304 642 3
327 354 2
338 769 3
347 856 3
353 443 2
355 62 3
358 166 3
369 981 3
379 560 3
385 820 3
389 617 3
419 318 2
435 528 2
461 312 2
464 637 3
476 371 3
497 126 2
499 26 3
500 604 2
511 68 3
524 518 2
535 62 3
538 634 3
555 193 3
556 935 2
594 289 2
626 302 3
626 610 3
630 839 2
640 725 3
680 197 2
719 546 3
728 503 2
729 98 3
731 139 2
742 201 2
745 785 3
755 575 3
767 159 3
770 309 3
771 695 2
783 95 3
786 76 3
790 657 2
790 765 3
794 902 2
798 667 2
800 152 2
803 219 3
809 874 3
816 253 2
818 564 3
826 966 2
829 77 2
833 530 2
860 606 3
867 739 2
889 85 3
899 681 3
913 264 3
916 961 2
927 836 3
941 398 2
950 631 3
964 357 3
981 660 3
987 245 2
13 915 3
15 837 3
23 830 3
28 151 3
58 537 3
90 613 2
93 568 3
105 99 3
106 840 2
125 364 2
129 369 2
131 223 3
140 681 2
142 211 3
153 296 3
155 943 2
157 251 2
158 53 2
165 398 3
179 876 2
183 95 3
195 825 3
210 60 2
215 355 2
219 206 3
221 643 3
231 869 3
238 99 3
241 611 3
246 873 3
277 360 3
313 480 3
314 468 3
324 873 3
327 634 2
328 40 2
335 246 2
337 574 2
369 347 2
375 67 3
375 753 2
389 904 3
393 94 2
399 287 3
406 484 3
409 914 2
424 482 2
449 117 3
452 23 2
465 692 3
465 845 2
468 355 3
491 380 3
495 393 2
507 980 3
521 102 3
521 359 3
535 243 3
545 964 3
549 265 3
556 369 2
569 538 3
586 416 3
592 126 3
594 440 3
610 242 3
620 74 3
654 452 2
656 985 2
670 95 3
672 501 2
677 7 3
681 348 2
696 887 3
717 193 2
724 11 3
725 712 2
739 274 3
745 764 3
745 986 3
754 254 2
770 748 3
783 900 2
793 413 3
808 310 2
809 559 3
813 209 3
813 712 3
822 108 3
832 224 3
862 98 2
873 769 3
902 80 2
911 725 3
916 973 2
920 473 3
932 265 3
972 779 3
973 353 2
975 953 2
1 810 3
19 355 3
29 980 2
33 143 3
34 467 2
36 44 3
43 711 2
69 302 3
73 992 2
82 779 2
86 730 2
91 611 3
102 612 2
118 730 3
119 933 2
152 770 2
155 324 2
175 194 2
184 523 2
186 278 3
203 425 3
204 469 3
208 707 3
215 880 3
228 16 3
228 900 2
244 99 2
246 948 3
247 365 3
251 327 2
268 371 2
295 976 3
297 381 3
335 886 2
340 71 3
342 699 2
351 926 2
354 46 3
368 404 2
392 598 3
405 522 3
415 936 2
427 245 2
427 499 3
436 126 2
437 504 3
440 951 3
441 304 3
452 217 3
457 254 3
480 718 3
500 813 3
501 175 3
512 557 3
516 66 3
543 944 2
559 673 2
589 617 2
591 102 2
597 437 3
602 865 3
618 498 2
624 530 3
635 827 3
636 324 3
641 89 2
666 60 3
669 476 3
671 770 2
679 678 2
682 550 3
687 429 3
699 149 2
773 33 3
777 903 3
778 34 3
780 996 3
794 222 3
794 347 2
804 514 3
805 188 3
812 744 3
813 895 3
838 980 2
839 703 3
854 808 3
858 646 3
866 559 3
885 679 2
888 662 2
898 660 2
899 149 2
949 364 2
965 706 2
971 937 3
977 11 3
978 987 3
981 64 3
994 115 3
994 448 3
49 62 3
82 971 2
86 452 2
93 110 2
93 133 2
94 187 2
99 260 3
101 294 3
110 161 2
147 976 2
148 247 3
153 473 2
157 531 2
180 862 2
195 413 2
198 473 2
200 314 2
206 671 2
217 560 2
234 905 3
236 726 3
244 48 2
247 68 3
250 934 2
253 444 2
259 186 3
282 651 3
297 103 3
315 323 3
317 417 3
320 666 2
334 781 2
343 469 2
352 14 3
355 795 3
355 992 3
366 83 3
370 68 2
408 699 3
419 936 2
424 614 2
424 763 3
437 534 2
447 361 3
467 64 3
478 385 3
505 542 2
513 546 2
532 776 2
544 683 3
551 176 2
554 789 3
559 296 3
582 800 2
605 206 2
609 443 2
609 883 3
609 897 3
629 933 2
671 218 2
682 965 3
689 283 3
699 452 3
709 300 3
712 673 2
729 833 2
735 721 3
740 592 3
740 870 2
747 893 3
788 523 3
812 852 3
814 256 2
814 773 2
820 3 3
823 445 2
825 975 2
826 256 3
829 554 2
830 817 2
838 923 3
841 508 3
845 577 3
855 881 2
858 831 2
862 635 3
885 482 3
893 833 3
895 114 2
923 644 3
942 722 3
948 922 2
949 372 3
954 480 3
970 731 3
974 205 3
986 146 3
989 840 3
995 867 3
996 217 2
15 404 2
16 786 3
26 137 3
41 943 3
51 905 2
56 703 3
66 595 3
73 78 2
74 293 3
75 69 3
75 876 3
93 114 2
103 808 3
117 123 3
127 795 3
136 6 3
151 540 2
165 861 3
166 992 3
184 180 3
209 207 3
232 323 3
239 545 3
244 582 3
248 810 2
256 74 3
259 98 3
262 476 2
263 38 3
268 113 3
275 670 3
278 924 3
279 846 3
286 249 2
287 936 2
323 980 3
325 130 3
325 846 3
342 198 2
350 496 3
360 127 3
385 995 3
391 125 2
394 448 2
396 311 2
400 942 2
402 122 3
403 73 2
414 27 2
419 93 3
422 795 2
429 570 3
435 252 2
463 794 2
467 360 3
477 699 2
494 532 2
499 719 3
509 382 2
558 195 2
558 780 3
568 524 2
570 705 3
573 117 2
598 772 3
631 409 3
637 852 3
642 320 2
646 567 3
665 509 3
667 113 3
673 151 2
677 114 2
687 351 3
687 868 3
691 379 2
716 64 2
716 680 3
721 199 3
721 938 3
725 459 3
742 215 2
753 139 3
777 920 3
805 19 3
838 987 2
844 246 2
857 575 3
887 240 2
897 800 3
906 560 3
943 802 2
947 334 2
949 50 2
955 512 3
972 584 3
973 619 3
974 601 2
989 742 3
996 428 3
9 384 3
24 665 3
39 207 3
47 195 2
49 929 2
52 27 3
56 169 2
75 720 2
78 68 2
83 755 2
84 93 3
85 278 3
92 803 3
100 252 3
104 678 2
106 913 2
112 218 2
114 65 3
117 558 3
126 288 3
140 20 3
157 245 3
158 542 2
171 181 2
172 325 3
177 402 3
183 77 2
208 353 2
210 755 2
240 220 2
241 973 3
242 553 3
248 593 2
276 84 3
277 855 3
279 790 3
310 177 3
321 741 3
329 62 3
355 941 3
367 663 3
378 138 2
378 939 3
380 640 2
384 455 3
387 178 3
412 641 2
417 449 2
448 701 2
461 845 3
476 428 2
477 92 2
480 779 3
502 79 2
506 734 3
519 345 3
536 835 2
545 512 3
548 526 2
569 538 3
572 641 3
575 894 3
604 664 3
612 455 3
641 705 2
648 576 2
664 186 3
685 250 3
693 619 3
723 391 2
724 693 2
727 447 3
732 519 3
747 317 2
748 666 2
776 181 3
776 996 3
780 767 2
821 42 3
823 202 3
852 124 2
852 486 2
856 693 3
860 774 3
861 806 2
864 665 3
875 667 2
880 80 2
880 247 3
896 380 3
897 533 2
919 268 2
933 461 2
936 562 3
942 502 2
943 313 2
946 534 3
961 45 3
976 603 2
981 869 2
6 775 3
8 66 3
30 505 3
48 836 3
63 932 3
68 613 3
87 769 3
98 312 2
100 18 3
111 574 2
117 620 3
122 90 2
147 730 2
147 970 3
157 525 3
213 306 2
217 314 3
226 64 2
228 459 2
245 990 3
248 782 3
258 983 2
286 347 3
318 862 3
320 692 2
321 800 2
325 40 2
335 746 2
342 942 3
350 500 3
360 663 3
362 570 2
364 778 2
365 891 3
366 632 3
376 566 2
388 506 3
397 699 3
409 945 3
416 380 3
439 726 3
454 26 3
475 320 2
506 376 3
510 358 3
534 275 3
543 646 3
546 82 3
558 299 2
559 47 2
564 303 2
564 600 3
578 279 2
578 808 3
583 794 2
585 795 2
612 746 2
615 579 3
615 931 3
626 786 3
635 446 2
642 884 3
643 427 2
646 710 2
663 650 2
673 757 3
704 49 2
708 641 3
715 536 3
732 202 2
735 624 2
742 971 2
744 865 3
761 924 3
762 609 2
769 899 3
774 602 3
792 106 3
792 451 2
813 65 3
818 399 2
833 617 3
838 547 3
841 202 2
841 503 2
843 944 3
857 573 3
868 476 2
873 527 3
910 411 2
914 685 2
919 54 3
927 939 3
933 80 2
933 927 3
953 923 3
974 184 3
979 400 3
983 134 3
991 425 2
1 665 3
9 102 2
10 115 3
13 194 2
34 203 3
35 35 2
48 484 2
76 516 3
85 522 3
87 209 3
96 94 3
104 723 3
106 900 3
123 130 3
128 755 3
138 47 2
142 268 3
144 62 2
153 979 2
159 754 2
181 663 2
182 776 3
184 76 3
186 631 2
200 171 3
234 18 3
251 556 2
265 147 2
283 421 3
288 779 3
289 286 2
297 206 3
306 352 2
318 753 2
326 767 3
327 267 2
331 230 2
350 371 3
355 648 3
368 815 3
370 637 3
370 962 2
384 434 3
385 865 3
390 328 3
402 402 3
405 94 3
418 631 3
432 341 3
445 453 2
472 884 2
480 664 2
516 284 3
523 376 2
536 714 2
546 441 3
553 625 3
560 237 3
561 489 3
569 46 3
575 537 2
580 24 2
590 226 3
600 539 3
633 904 2
663 572 3
664 833 2
680 169 2
687 287 3
687 641 2
695 255 3
703 974 3
713 213 2
729 843 3
738 443 3
740 856 3
761 618 3
772 648 3
788 25 3
797 382 2
802 480 2
809 118 2
814 608 2
815 555 3
819 167 3
822 110 2
823 502 3
862 152 3
872 543 3
873 918 3
875 701 2
882 47 2
902 240 3
903 252 2
912 857 2
920 396 3
948 327 3
990 131 2
990 361 2
999 191 2
12 199 3
38 352 2
68 586 2
92 441 3
111 12 2
112 988 3
114 423 2
118 260 3
129 420 3
131 656 3
141 815 3
145 972 2
146 131 2
196 6 3
208 855 3
211 188 3
211 985 3
215 690 2
221 622 2
222 360 2
244 995 2
252 491 2
257 813 2
261 125 3
264 561 3
281 124 3
313 128 3
322 149 3
334 350 3
341 715 3
351 59 3
352 406 2
358 35 3
359 559 3
368 323 2
418 487 3
421 154 2
435 362 3
440 721 2
456 148 3
458 384 3
458 478 2
462 689 3
466 38 3
498 180 2
501 665 2
503 113 3
519 7 2
520 411 2
540 588 3
569 980 2
573 987 3
583 363 2
586 690 3
610 626 3
619 646 2
624 86 3
628 408 2
632 278 2
643 7 3
644 682 2
647 628 3
674 692 3
675 974 3
711 676 3
727 765 2
746 627 3
746 980 2
756 918 2
761 364 2
766 17 3
772 278 2
779 164 2
779 576 2
783 948 3
784 367 3
794 264 2
794 345 3
814 651 2
818 34 2
828 973 3
838 603 2
856 150 3
868 312 3
884 458 2
898 174 2
907 351 2
950 294 3
950 898 2
965 186 3
965 821 2
975 912 3
978 3 3
978 633 2
980 57 3
981 851 3
986 482 2
986 792 2
995 900 3
996 1000 2
15 646 3
26 364 2
29 403 2
31 167 2
36 944 3
55 945 2
57 985 3
85 217 2
134 398 2
141 678 3
179 958 3
187 882 3
189 60 2
195 379 3
198 822 2
205 435 2
227 246 3
230 544 2
272 983 3
278 107 2
292 22 3
316 102 2
321 789 3
332 57 3
340 252 2
346 939 3
358 450 2
369 819 2
371 639 2
382 91 2
383 573 2
386 533 3
389 275 3
397 776 3
407 333 3
409 596 2
432 491 3
454 854 2
459 404 2
467 260 2
474 865 3
480 751 3
481 687 3
485 224 3
494 162 3
495 497 3
503 734 3
504 65 2
504 686 3
528 48 2
550 421 2
561 244 3
561 457 3
563 796 2
568 942 2
569 324 2
577 678 3
579 541 3
585 198 3
587 462 3
587 678 3
624 302 2
626 304 2
637 909 2
638 484 2
643 695 2
669 618 3
676 188 3
685 795 3
691 707 2
694 286 3
703 111 3
703 331 3
715 411 2
745 914 3
757 112 3
764 144 2
769 540 3
784 104 3
800 38 2
809 642 3
824 393 3
839 508 3
854 937 2
857 778 2
895 834 3
898 477 3
899 765 3
901 764 2
907 832 3
907 959 2
909 242 3
920 888 2
931 34 2
931 659 3
948 508 3
973 781 3
983 109 2
990 523 2
1000 595 3
12 323 2
13 901 2
21 353 2
34 439 2
35 44 3
55 427 3
88 463 3
89 775 3
90 989 3
96 925 2
114 294 2
139 633 2
199 457 2
216 654 3
222 537 3
224 512 3
228 945 2
239 957 2
242 409 3
242 735 3
242 739 3
248 792 3
250 958 3
260 116 3
276 10 3
305 178 2
311 685 3
312 532 3
335 37 3
342 879 2
349 595 3
364 35 2
376 726 2
378 771 3
381 328 3
386 434 2
389 53 2
391 606 3
393 66 3
393 311 3
394 649 2
395 545 3
396 699 3
402 986 3
405 665 3
414 378 3
429 30 3
431 413 2
434 251 3
445 233 3
465 642 2
491 382 3
493 132 3
496 409 2
512 726 3
547 157 3
554 680 2
573 864 3
596 397 2
599 936 3
615 959 3
618 510 2
645 542 3
673 655 3
675 811 2
684 385 2
702 222 3
706 252 2
709 474 3
712 732 3
725 696 2
726 114 2
730 533 2
732 69 3
772 556 2
793 894 2
795 723 3
798 571 3
819 618 3
823 554 3
835 121 3
840 142 3
863 723 3
866 696 2
885 238 3
890 521 3
895 555 3
908 262 3
917 974 3
920 718 3
936 320 2
954 816 3
960 951 3
967 373 3
970 960 3
973 586 3
973 907 3
974 254 2
993 455 2
996 958 3
21 504 3
26 587 3
30 556 3
32 175 3
48 904 3
65 371 2
88 281 2
111 643 3
154 952 2
163 806 2
194 35 3
197 636 2
205 59 3
207 392 3
211 922 2
225 577 2
247 626 2
256 767 3
264 399 3
287 921 3
292 619 2
294 314 2
305 472 2
320 304 2
325 547 3
341 135 3
349 376 2
367 715 2
368 274 3
372 67 3
383 669 3
385 940 2
404 838 3
407 388 3
413 42 3
414 533 3
432 908 3
439 895 3
457 929 3
462 361 3
494 602 3
499 679 3
499 929 2
501 328 3
501 942 3
507 702 2
528 109 3
529 271 3
530 515 2
539 525 3
546 699 2
552 183 3
561 73 3
563 842 3
564 510 3
572 903 3
581 102 3
598 703 2
606 685 2
613 764 2
619 163 2
621 899 3
624 981 2
635 929 3
645 474 2
662 578 2
663 781 3
667 312 2
669 129 3
672 190 2
674 18 3
707 319 3
717 784 2
718 923 2
726 141 3
771 106 2
772 897 3
785 858 2
789 281 2
823 147 2
825 654 3
842 971 2
852 378 3
854 556 3
863 491 3
869 982 3
878 928 3
892 580 2
894 154 2
920 397 3
922 279 2
922 489 3
931 677 3
937 653 2
947 362 3
977 248 2
993 94 2
993 795 2
995 72 3
999 84 2
3 671 3
12 597 3
18 690 2
20 845 3
25 835 2
38 283 2
50 95 2
102 276 2
108 478 2
113 26 3
116 687 2
120 96 2
127 788 3
129 973 2
143 134 3
162 631 3
168 84 2
169 485 2
170 183 3
178 882 2
182 34 3
187 129 2
191 115 3
204 857 2
205 54 2
205 161 2
208 138 2
220 402 2
243 770 3
248 987 3
268 235 3
290 507 2
293 739 2
299 33 2
307 480 3
313 756 2
329 531 3
336 167 3
352 555 3
358 443 3
368 761 2
391 770 3
415 528 3
423 486 3
429 397 2
432 892 3
441 957 3
453 399 2
453 626 2
454 18 2
468 821 2
474 790 3
504 628 2
504 821 3
513 240 2
529 724 3
530 215 2
537 642 2
542 490 3
546 699 2
586 134 2
586 245 2
596 99 2
596 608 2
605 446 3
611 419 2
623 891 2
653 17 3
663 779 2
664 892 2
666 989 2
670 428 3
673 957 3
681 300 3
682 70 2
697 99 3
720 693 3
722 157 3
735 568 2
756 640 3
797 970 2
819 23 2
834 719 3
849 916 3
867 810 3
868 537 2
872 65 3
885 110 2
887 793 2
892 561 3
898 884 2
900 298 2
909 217 2
909 903 3
949 709 2
964 641 3
967 521 2
971 413 3
980 478 3
980 937 3
16 957 2
21 686 3
33 910 2
34 363 3
62 540 3
70 853 3
79 379 3
79 890 3
82 395 2
103 479 3
110 559 2
114 696 3
139 138 2
175 467 2
177 972 3
186 69 2
186 675 3
189 382 2
190 272 2
195 485 3
199 595 3
205 89 3
209 583 3
227 233 3
246 987 2
248 443 2
260 941 3
264 363 3
273 997 3
274 369 2
280 682 3
282 580 3
310 999 2
315 854 2
344 619 2
358 566 3
367 955 3
382 682 3
384 889 2
392 844 3
405 646 2
406 41 3
427 403 2
430 952 3
431 867 2
436 68 3
437 587 3
439 326 3
440 38 2
485 263 2
495 722 3
505 766 3
513 844 3
514 98 3
519 951 2
527 435 2
530 755 3
547 334 2
558 505 3
576 747 2
600 814 3
611 398 2
618 98 2
621 384 3
627 207 3
629 280 3
652 769 3
657 654 3
659 7 3
680 723 2
684 557 2
688 96 2
690 725 3
707 403 3
714 774 2
740 172 2
740 709 3
741 48 3
754 184 3
758 540 3
760 777 3
761 133 2
780 745 3
789 68 3
810 842 2
818 470 3
828 985 2
856 867 3
873 314 2
873 364 3
900 721 2
916 423 3
917 991 2
929 713 3
931 762 3
945 319 2
945 401 3
977 150 2
982 727 2
990 592 2
10 646 3
16 940 3
27 909 3
30 293 3
43 335 2
60 247 2
62 506 2
72 579 2
86 83 3
93 685 3
93 723 3
100 313 2
112 720 3
118 475 3
120 515 2
126 162 2
140 215 2
151 934 2
152 112 2
156 6 2
193 197 3
214 22 3
218 197 3
225 695 2
226 733 3
230 162 2
230 231 3
238 389 2
248 506 3
262 653 3
282 987 3
294 878 3
297 168 3
304 444 3
307 34 2
307 775 2
308 305 3
318 617 2
321 192 2
330 37 2
331 340 3
334 321 3
335 21 2
346 202 3
356 352 2
375 865 2
389 137 2
389 682 3
390 213 3
394 950 2
418 158 3
420 578 2
451 752 2
470 758 2
473 50 2
499 538 2
504 451 3
511 814 3
525 688 3
528 381 3
539 58 2
552 138 2
567 877 3
572 370 3
616 566 3
623 992 3
624 264 2
644 441 2
658 24 3
659 574 3
667 796 3
669 8 2
675 966 3
684 27 2
690 333 3
699 233 2
713 43 3
722 250 3
725 690 3
754 229 2
761 302 3
769 243 3
776 413 3
786 530 3
812 374 2
823 546 3
829 425 3
863 623 2
864 232 3
867 871 2
880 866 3
883 850 3
925 744 3
938 292 2
942 698 3
946 61 3
953 835 3
954 35 2
956 341 3
956 563 3
16 20 3
24 648 2
40 627 3
40 799 2
49 288 2
51 325 3
63 182 3
73 728 3
87 527 3
108 184 3
111 166 2
123 421 3
130 355 2
134 185 2
155 898 2
168 328 3
168 612 3
173 488 3
175 59 2
204 152 2
206 294 3
206 735 3
214 561 3
242 804 3
264 186 3
270 107 3
282 475 2
307 19 3
314 303 3
328 205 3
331 98 2
343 657 3
346 81 3
361 982 3
365 570 3
379 346 3
392 944 3
393 504 2
406 16 3
410 693 2
453 637 2
458 731 3
467 372 3
475 646 2
476 341 3
482 177 3
489 288 3
499 469 2
527 986 2
529 572 2
530 381 2
541 230 3
559 880 2
567 104 3
571 317 2
574 515 3
582 390 3
591 75 2
597 609 2
599 718 2
605 991 3
640 455 3
646 524 2
677 127 3
692 561 2
722 386 3
724 755 3
733 130 3
754 993 2
760 49 3
780 668 3
788 827 3
796 275 3
808 837 2
820 37 3
823 937 2
828 908 3
833 108 2
841 998 3
845 92 3
849 960 3
849 992 2
863 128 3
877 927 2
888 263 2
893 302 3
899 804 3
903 833 3
912 443 2
914 24 3
926 15 3
932 183 2
936 587 3
937 514 2
940 52 2
944 310 2
945 232 2
947 532 3
975 492 3
983 343 3
5 353 3
52 964 3
61 832 2
64 334 3
71 875 3
73 273 3
99 155 3
114 167 3
119 597 2
132 26 2
135 544 3
146 604 2
149 209 2
166 699 3
170 736 3
173 108 2
214 993 2
245 175 2
248 566 2
249 6 3
274 80 3
276 693 3
287 15 2
291 837 3
297 293 3
298 794 2
303 161 2
309 122 2
311 348 2
324 25 2
334 686 2
335 597 2
359 768 3
376 947 2
382 172 3
414 947 3
426 98 2
435 177 2
446 681 3
468 989 3
472 54 3
479 147 3
482 470 3
485 950 3
487 814 2
488 446 2
528 319 3
530 457 2
554 870 3
580 757 3
582 681 3
584 185 2
587 980 3
589 381 2
590 332 3
595 522 3
637 125 2
647 586 3
657 323 2
679 55 3
681 174 3
704 417 2
718 897 3
725 984 3
747 979 3
754 931 3
769 17 3
775 150 3
775 945 3
791 107 2
795 924 3
797 227 2
797 818 2
799 200 2
802 304 2
804 783 3
820 899 3
825 492 3
833 134 2
838 417 2
849 206 2
865 367 2
867 543 3
872 320 2
888 129 3
895 412 2
901 99 3
916 888 3
922 342 3
923 606 2
928 808 2
932 920 3
934 63 3
946 702 2
974 736 3
975 75 2
985 323 3
989 307 3
997 528 3
998 574 3
13 907 3
18 592 3
55 850 2
68 474 3
95 327 3
98 2 3
105 825 2
121 994 2
141 671 2
154 377 2
156 55 2
191 598 3
202 179 3
206 427 3
209 182 3
210 212 3
220 734 2
232 749 3
233 790 3
236 597 3
239 387 3
242 219 3
249 757 2
252 210 3
276 652 2
277 47 3
285 205 2
292 95 2
293 382 2
296 263 3
307 351 3
320 753 3
325 13 3
337 696 2
343 181 2
362 45 3
389 344 3
446 886 3
461 879 3
485 810 2
524 418 3
530 805 2
531 451 3
545 471 2
556 313 2
557 711 3
564 191 3
567 200 2
577 170 2
584 947 3
585 937 3
587 948 3
604 32 3
614 59 3
630 274 2
634 761 3
640 743 3
642 549 3
649 407 3
670 865 3
696 170 2
703 172 3
705 329 3
727 748 3
729 137 3
731 60 3
732 691 3
753 304 3
761 824 2
766 525 3
766 696 3
770 515 3
770 822 3
789 727 3
790 904 2
812 828 2
813 409 3
827 756 3
851 799 2
863 757 3
869 807 3
875 517 2
875 587 3
876 605 2
879 838 3
881 38 3
884 467 3
886 687 3
908 453 3
920 482 3
923 256 3
932 251 2
953 326 3
957 771 2
961 607 3
962 687 3
986 613 3
993 147 2
996 172 3
996 657 3
18 304 3
20 681 3
22 543 3
54 998 2
55 525 3
64 824 3
78 260 3
79 420 2
81 825 3
104 591 2
105 816 3
115 872 3
155 217 2
168 264 2
174 69 2
219 197 3
231 440 3
234 99 3
235 585 3
240 327 2
240 579 3
257 733 3
265 120 3
268 222 2
272 89 2
277 309 2
279 663 3
285 775 2
304 339 3
310 385 3
331 166 3
336 368 2
354 491 3
379 829 2
388 127 3
401 218 3
402 889 3
413 475 3
415 721 2
447 980 2
450 453 3
452 547 2
454 365 3
463 295 3
464 329 2
469 859 3
482 937 3
493 127 3
494 938 3
500 13 3
502 666 3
505 945 3
508 713 2
527 480 3
529 915 2
556 815 3
575 455 3
612 619 2
627 975 3
628 38 2
629 809 3
633 988 3
672 987 2
679 558 3
682 731 2
702 406 2
707 836 2
709 390 2
709 613 2
711 475 3
723 553 2
731 52 2
734 850 2
738 14 3
748 13 3
749 543 2
752 839 3
753 157 2
762 606 3
772 854 3
777 373 3
801 215 2
814 44 3
832 767 3
835 831 3
843 385 2
843 639 2
846 267 2
868 877 2
880 132 3
884 526 2
885 265 3
913 676 3
931 55 3
933 650 3
939 416 3
962 267 2
966 775 2
979 484 3
988 406 3
15 473 3
17 9 3
18 7 2
20 801 3
32 464 3
35 802 3
42 803 3
47 50 2
71 568 2
91 771 3
92 657 2
94 875 3
128 242 2
130 272 3
135 975 3
139 860 3
140 77 3
145 388 2
150 437 3
152 501 3
156 702 3
161 343 2
204 573 3
216 749 2
221 637 2
232 445 3
238 169 3
241 149 3
273 773 3
281 608 3
285 752 3
292 373 3
294 795 3
299 739 2
310 252 2
323 44 3
331 974 3
332 377 3
336 837 3
337 501 2
342 415 2
350 998 2
358 827 3
368 806 2
381 509 2
416 901 2
419 223 2
426 243 3
430 720 3
430 751 3
446 438 3
452 858 2
475 719 3
475 974 3
492 813 2
495 63 2
504 699 3
513 111 3
535 417 3
539 7 2
551 133 2
563 406 3
566 854 3
574 760 3
586 475 2
599 604 3
618 77 3
630 975 3
642 743 3
648 78 3
662 120 2
677 947 2
697 213 3
706 251 3
714 412 3
722 120 3
740 156 3
750 623 2
760 494 3
763 6 3
776 388 2
783 47 2
785 364 3
787 640 2
804 262 3
838 674 2
839 194 3
853 430 2
864 299 3
865 420 3
897 477 3
900 539 3
906 414 3
911 251 2
920 198 2
953 728 3
964 583 2
971 695 2
974 738 3
975 842 2
