500 20 123636
25 59 208
25 112 186
25 90 226
25 78 227
25 109 199
25 119 181
25 87 173
25 107 189
25 102 207
25 84 215
25 108 192
25 87 230
25 105 221
25 141 159
25 134 234
25 125 193
25 86 248
25 114 201
25 124 245
25 150 184
22 406 13
75 473 14
101 802 13
104 256 11
112 923 12
114 567 12
155 608 14
183 260 14
200 512 13
279 683 14
326 274 13
397 90 12
401 211 11
405 480 13
427 85 10
437 614 11
490 252 14
491 76 10
522 979 14
574 527 12
641 669 14
725 610 11
750 386 10
879 267 10
962 157 14
24 791 11
29 899 13
102 23 14
138 819 14
223 988 10
227 760 12
232 8 14
235 417 10
267 6 11
293 991 10
323 993 12
389 385 12
449 591 10
523 312 11
525 744 10
660 227 13
709 944 12
709 965 12
712 90 12
733 125 11
770 216 13
775 591 13
858 113 10
972 468 13
984 579 13
20 884 12
26 330 13
98 382 11
100 203 13
145 97 11
232 62 12
254 99 11
265 700 12
370 812 12
399 213 14
450 365 14
472 410 11
477 285 11
587 907 10
629 854 13
673 317 11
700 504 13
711 228 14
800 286 11
801 374 14
855 226 12
879 159 11
914 710 12
952 207 14
952 833 13
31 257 10
48 649 10
77 342 13
150 110 14
152 69 12
166 536 11
217 378 14
247 622 11
316 60 11
321 885 12
357 813 13
360 893 14
425 296 10
487 437 12
520 833 10
604 226 12
629 945 13
664 301 13
732 653 13
738 182 10
798 942 13
840 740 10
855 204 12
889 87 10
924 121 10
70 3 13
93 9 12
94 559 13
103 575 13
213 741 13
314 775 14
319 207 14
367 797 13
389 320 14
437 479 12
439 646 11
493 45 13
497 260 10
499 705 13
504 736 10
519 171 13
532 28 12
543 582 12
567 914 13
579 293 11
656 332 13
944 986 11
980 147 13
982 448 11
998 399 10
1 759 10
4 557 13
8 424 12
78 886 12
94 500 11
166 870 10
196 898 11
213 732 12
217 490 10
238 529 11
375 848 11
393 469 10
452 40 11
452 429 14
497 210 12
559 885 10
574 788 12
640 981 12
653 639 11
728 925 13
773 944 12
791 38 12
792 114 11
888 744 12
1000 797 11
79 962 14
83 476 12
87 288 11
133 928 14
152 101 11
154 127 10
157 532 10
177 255 13
215 303 11
283 134 10
391 704 12
414 912 12
455 584 13
464 296 14
611 732 11
747 921 12
761 997 11
763 798 11
804 284 10
879 606 14
882 661 10
891 765 11
952 894 11
987 238 12
994 290 14
5 2 10
5 600 12
61 223 12
75 45 14
78 994 14
170 686 12
176 678 13
200 357 12
236 940 10
304 686 12
308 702 10
344 944 13
354 542 13
372 967 13
374 427 12
429 843 12
571 52 12
582 239 12
655 941 13
657 394 11
711 1 11
753 513 13
836 954 12
881 762 11
975 752 13
32 472 13
37 869 10
72 464 11
84 570 12
100 360 11
127 859 10
179 113 10
232 175 13
266 132 12
284 648 13
323 9 12
327 18 11
514 787 11
545 889 10
598 863 13
635 642 12
636 533 11
669 918 12
703 677 12
730 633 14
732 308 11
771 89 11
797 678 11
929 568 11
977 620 12
82 493 14
87 933 12
108 915 12
183 222 11
200 236 11
225 339 13
227 514 13
247 56 13
248 865 12
326 953 12
363 445 11
486 583 12
507 958 14
509 298 11
604 132 11
604 771 12
604 802 11
716 816 13
787 911 13
830 148 13
834 227 11
876 870 12
883 241 13
928 783 11
995 722 12
26 687 13
56 648 12
101 632 12
139 799 13
237 222 13
298 270 12
326 375 11
368 687 12
390 696 14
406 821 14
409 935 12
526 170 10
534 292 12
702 724 11
707 383 10
736 669 13
740 395 13
770 953 11
793 788 14
809 60 11
814 59 14
885 119 13
949 547 10
957 225 10
991 413 12
28 715 13
32 652 13
96 86 11
115 150 10
128 600 13
184 461 13
262 148 11
278 762 11
328 309 13
354 469 14
403 950 13
427 583 13
483 999 11
498 589 11
531 533 12
632 402 12
740 53 10
821 133 13
869 861 12
874 469 11
891 698 11
919 852 10
949 673 11
954 249 10
971 289 12
33 271 13
46 549 12
49 978 13
184 930 13
195 232 10
234 606 14
286 29 13
313 869 12
347 946 10
402 743 14
449 165 12
512 34 11
515 276 13
531 712 13
564 300 10
592 391 12
656 822 10
666 552 13
773 646 11
776 503 13
810 88 13
904 956 14
931 787 12
936 927 10
990 698 14
10 701 12
28 880 11
52 546 14
188 735 14
275 431 10
359 143 11
412 579 13
420 855 14
475 723 11
485 430 13
504 619 11
523 21 11
543 108 12
558 738 14
679 734 13
759 480 13
772 278 10
773 303 13
803 383 12
874 984 10
876 115 12
905 685 14
952 210 11
970 902 11
995 341 10
4 455 14
137 859 13
245 6 12
274 786 13
346 515 11
392 600 14
396 289 14
458 2 11
527 987 12
530 880 13
533 874 13
584 849 10
606 816 12
624 333 11
680 151 11
699 985 12
772 336 13
814 884 11
830 978 11
833 262 12
835 601 10
860 931 13
879 678 11
939 294 12
944 890 14
227 20 13
278 426 12
278 675 12
281 812 11
326 809 11
371 340 14
396 276 13
404 986 14
432 364 12
484 149 11
494 16 11
569 747 11
583 666 10
656 668 13
695 643 11
720 808 14
757 400 12
766 767 13
887 817 13
910 305 10
948 548 11
950 143 14
950 732 12
985 854 11
989 893 11
29 844 14
30 591 11
59 399 14
83 672 14
137 477 13
164 662 14
166 197 10
196 845 14
346 183 13
394 310 13
427 165 11
537 759 14
547 710 11
618 284 13
677 75 11
711 783 12
717 316 11
784 859 13
819 426 13
829 31 11
834 149 11
844 102 11
895 446 13
916 841 11
986 388 12
72 640 10
133 808 11
140 493 11
150 243 12
187 922 12
418 42 13
438 679 12
512 784 11
535 553 10
550 948 13
551 173 13
556 921 11
559 865 12
584 238 14
591 8 13
702 128 13
739 329 11
791 241 12
811 793 13
823 876 13
861 618 14
869 585 13
879 798 14
888 268 12
975 942 14
11 658 11
60 371 11
86 973 11
94 450 10
121 206 13
181 717 14
190 591 14
213 619 14
318 459 13
344 493 10
360 847 11
401 174 10
578 952 12
604 303 11
609 974 12
656 36 12
745 636 12
788 757 11
816 910 14
834 233 14
836 579 11
912 707 14
916 569 13
951 23 12
984 533 13
83 309 10
128 952 12
142 272 12
163 202 12
192 850 12
218 822 12
225 198 10
256 918 14
265 409 12
269 181 10
316 64 12
410 203 14
445 661 12
503 957 13
511 518 13
516 453 13
548 288 11
588 118 11
618 492 13
821 450 11
826 399 11
843 598 12
935 500 11
939 425 12
972 388 13
