2000 100 503030
20 127 233
20 80 181
20 111 210
20 142 163
20 114 230
20 58 218
20 94 195
20 100 178
20 121 248
20 126 154
20 133 232
20 82 212
20 84 168
20 64 221
20 70 194
20 115 190
20 138 172
20 136 175
20 92 213
20 143 157
20 140 250
20 122 197
20 100 190
20 51 172
20 51 240
20 52 221
20 61 218
20 78 156
20 123 213
20 79 189
20 85 186
20 72 197
20 54 180
20 87 230
20 88 162
20 136 182
20 107 245
20 116 186
20 108 152
20 86 164
20 103 176
20 77 216
20 78 185
20 102 154
20 116 161
20 123 153
20 67 173
20 113 171
20 144 194
20 122 192
20 99 243
20 59 168
20 87 248
20 107 238
20 67 160
20 150 222
20 121 236
20 148 152
20 143 183
20 78 247
20 64 158
20 102 211
20 109 154
20 54 160
20 115 192
20 145 200
20 121 233
20 54 188
20 59 241
20 122 198
20 68 209
20 99 208
20 75 151
20 107 168
20 93 155
20 115 156
20 63 157
20 73 225
20 147 164
20 73 214
20 73 155
20 109 232
20 146 248
20 99 178
20 141 239
20 137 231
20 105 248
20 77 247
20 101 150
20 118 241
20 97 185
20 148 169
20 118 216
20 144 193
20 141 213
20 96 204
20 137 199
20 71 201
20 61 244
20 121 215
35 275 14
48 703 13
131 501 14
171 982 13
172 790 15
199 484 12
226 523 14
237 910 12
244 285 16
254 236 13
456 507 16
459 518 15
550 624 12
578 303 14
645 648 12
756 551 12
765 180 13
949 998 16
952 241 12
975 436 17
67 823 12
142 364 14
161 271 15
166 200 15
168 622 12
184 670 16
339 208 14
381 812 13
478 400 12
498 105 13
587 284 12
589 625 16
598 367 16
598 508 17
662 725 16
676 43 15
787 856 16
813 589 14
821 620 13
958 929 13
6 892 15
93 601 13
132 656 12
188 121 16
312 264 15
329 717 14
362 706 17
367 178 12
379 221 12
502 350 13
564 441 13
655 670 14
683 573 12
686 11 15
687 1000 16
763 734 13
776 742 15
851 401 15
854 369 12
897 669 16
70 438 15
146 523 12
180 950 16
220 221 16
227 17 17
294 180 13
302 99 17
330 603 16
343 314 15
630 750 12
639 674 12
787 290 14
857 264 16
875 83 15
881 243 14
887 78 16
888 923 14
894 74 15
961 980 15
998 861 13
111 760 14
123 60 15
147 109 14
182 534 12
190 900 12
265 325 13
275 162 12
303 309 13
435 640 17
478 332 13
478 925 12
479 904 14
483 753 15
577 459 15
655 576 15
718 241 16
798 514 14
857 633 16
919 567 15
987 554 15
19 41 16
48 296 14
77 278 16
137 901 15
169 853 13
181 314 14
187 12 15
189 546 16
210 671 14
253 872 16
264 922 13
273 528 16
315 247 14
513 985 16
651 242 13
693 869 17
831 1000 14
903 463 14
918 84 14
993 115 15
10 94 13
12 437 13
37 378 17
298 88 16
339 977 14
370 862 16
404 752 15
429 532 15
469 951 13
597 722 15
617 301 15
624 438 13
678 49 14
828 733 14
866 311 13
906 49 14
932 189 12
961 206 14
978 152 16
994 963 13
9 666 14
73 915 15
83 652 13
94 770 15
117 249 16
253 814 15
280 8 13
280 690 17
407 714 16
460 542 15
523 116 13
525 368 15
528 249 12
585 157 16
689 252 16
879 82 15
908 342 15
908 597 12
950 844 17
955 506 15
15 399 13
16 599 13
41 163 15
60 900 13
118 881 16
129 53 15
219 12 14
226 494 17
227 48 14
230 231 17
265 793 14
386 930 13
549 535 13
621 614 13
636 301 13
792 308 17
839 103 13
944 39 13
961 440 16
963 551 13
163 804 17
214 439 12
254 941 14
347 403 15
425 190 14
426 266 12
436 670 15
496 98 14
536 231 14
614 513 13
662 92 14
719 734 14
773 643 14
801 880 16
886 456 14
895 132 15
903 804 16
922 677 15
932 796 13
967 930 13
103 295 13
227 484 15
267 872 13
339 420 16
378 684 17
418 486 13
421 239 16
424 817 15
434 124 16
444 855 12
553 306 17
554 184 15
586 377 13
626 292 16
659 856 16
723 918 16
776 511 13
844 993 16
864 732 16
982 806 14
11 792 15
43 237 12
91 348 13
93 520 17
159 71 13
325 30 14
464 992 13
472 201 17
476 782 16
604 719 13
647 159 14
657 508 13
682 468 13
700 452 17
747 951 15
783 191 14
866 596 14
924 219 13
950 273 13
994 960 12
2 374 15
12 345 12
79 718 12
145 601 15
180 48 13
182 556 13
286 823 15
315 193 17
315 483 15
426 256 14
438 327 13
629 57 16
715 170 16
742 868 13
780 148 16
816 303 13
846 792 14
874 249 14
935 852 12
940 403 17
16 315 16
90 999 14
199 262 15
301 817 13
328 548 17
364 800 12
413 579 13
451 771 15
463 894 16
466 389 16
605 618 15
637 473 15
682 163 12
696 307 17
862 298 12
885 716 14
892 370 15
943 438 14
968 163 17
981 379 12
61 635 16
69 378 13
76 805 15
103 872 14
107 57 13
161 797 13
163 32 14
218 984 16
269 474 15
314 219 14
318 300 14
413 798 17
480 594 14
548 413 16
618 375 16
638 734 14
690 142 14
737 543 13
875 386 17
932 802 17
230 493 14
231 543 14
237 260 16
243 758 17
281 949 16
372 134 17
419 537 16
431 738 12
496 518 13
508 676 16
569 722 15
676 212 14
686 578 12
699 662 15
709 160 14
735 466 16
760 715 12
763 568 15
802 765 14
932 987 12
31 747 16
117 381 15
153 190 15
180 819 15
234 547 13
331 208 14
336 697 14
337 378 12
406 716 16
450 319 15
578 997 14
591 51 16
595 60 13
650 678 16
711 158 14
776 690 14
862 843 12
909 207 14
982 710 14
988 543 12
133 748 12
170 344 13
223 857 17
277 398 13
320 925 17
324 686 15
380 411 13
381 80 12
400 781 15
492 606 12
504 369 12
662 480 15
663 122 12
706 63 13
707 101 15
728 61 17
818 539 13
882 113 13
912 883 12
997 761 16
40 233 13
90 323 12
149 847 15
166 228 12
270 826 17
324 375 16
337 454 16
393 412 12
417 233 12
445 943 13
482 904 15
490 54 14
537 179 14
555 115 14
730 218 13
777 591 13
812 836 16
817 939 12
914 712 15
990 605 12
217 784 12
385 617 14
420 381 15
434 315 14
434 919 17
465 553 14
484 790 16
485 494 13
530 419 12
576 518 16
719 227 15
720 134 13
818 626 16
851 71 14
869 940 13
893 704 16
928 456 13
956 225 14
973 420 14
998 21 15
19 737 17
30 870 14
167 119 16
243 650 17
377 446 14
395 913 14
408 49 13
448 788 16
476 779 16
571 451 14
571 750 15
701 195 16
748 37 16
771 987 15
785 400 12
861 380 14
861 650 15
897 536 14
946 797 13
977 843 12
1 521 12
97 796 13
127 823 14
138 759 17
195 659 15
271 735 16
302 478 14
302 974 13
505 811 16
673 840 15
755 426 12
801 648 17
813 162 15
833 7 15
941 855 12
949 940 15
976 36 15
976 374 15
982 256 14
999 149 16
98 684 15
128 342 15
148 545 17
176 748 13
229 511 14
239 65 16
298 890 14
307 599 15
329 955 15
345 268 16
388 338 16
449 812 16
492 802 14
550 529 14
746 958 14
864 693 16
888 462 14
905 75 16
960 21 16
965 898 13
45 337 14
73 687 17
112 4 13
156 215 13
209 40 16
475 485 16
514 369 17
520 705 15
560 618 15
576 178 14
578 553 16
587 1 17
590 167 14
682 872 15
690 747 16
718 809 13
750 177 13
837 640 13
925 932 16
989 160 13
25 848 16
103 860 16
188 677 13
251 851 16
286 499 12
301 975 12
388 241 16
402 200 15
421 532 14
469 813 12
472 945 13
505 588 16
513 623 12
555 928 14
597 611 13
748 907 16
789 457 12
837 467 16
936 874 13
988 878 12
53 454 14
108 705 13
128 15 13
212 254 13
274 588 15
306 144 16
333 260 16
340 602 12
356 192 15
628 119 15
666 531 14
689 159 16
727 724 14
746 841 12
813 746 15
856 854 16
874 272 15
904 56 16
926 642 14
989 392 15
124 114 14
129 994 14
160 997 17
234 597 13
240 545 13
264 965 13
281 964 13
284 193 17
295 360 12
358 700 12
516 68 16
519 938 12
634 547 13
647 167 16
657 490 16
739 92 12
751 187 13
757 201 13
783 563 15
879 966 14
19 866 17
35 888 14
60 408 14
76 625 17
113 432 14
138 687 16
202 216 16
220 776 14
246 337 15
286 825 13
372 471 14
381 249 14
382 127 15
474 557 16
623 768 17
684 819 15
707 366 15
886 133 16
903 796 12
921 572 16
95 372 14
148 498 16
240 233 14
260 225 14
295 420 12
335 824 16
401 561 15
432 347 14
475 863 15
483 268 14
500 367 12
549 735 13
596 2 14
644 26 14
839 978 14
873 405 12
881 123 12
951 320 16
966 870 14
972 307 13
94 516 17
168 59 14
191 737 13
196 968 15
214 964 16
298 559 14
341 334 13
358 602 15
373 462 15
450 514 16
553 677 17
612 193 12
623 786 16
635 930 16
659 564 13
678 191 16
693 481 13
761 919 12
911 958 14
986 517 15
42 141 14
115 374 12
181 825 14
203 755 14
275 430 16
282 908 14
298 298 15
446 6 16
453 58 14
461 540 13
482 652 16
489 451 16
518 139 17
535 138 13
544 125 13
567 938 15
612 791 13
693 453 14
789 146 16
907 497 13
15 851 14
48 992 12
80 99 13
91 67 14
188 677 12
204 716 14
223 380 15
293 867 16
319 960 13
321 221 14
341 242 16
360 293 15
410 134 16
531 532 16
644 414 16
665 640 16
696 436 13
699 610 16
779 218 12
787 814 15
16 362 14
17 195 13
126 687 14
182 184 13
331 701 14
434 743 13
466 342 15
476 408 13
477 114 15
478 45 12
549 863 15
617 432 12
621 305 17
638 437 16
649 341 14
658 10 13
679 870 15
804 605 16
841 388 15
955 933 15
15 949 16
163 227 17
275 326 16
335 65 12
338 173 14
414 404 12
485 103 13
507 301 15
534 412 16
540 570 13
604 165 13
612 694 14
676 19 14
681 778 12
803 765 13
840 431 15
842 985 17
859 888 14
874 494 17
983 989 16
141 152 15
191 987 15
243 685 16
320 771 12
415 394 15
443 31 13
580 75 12
633 257 13
686 867 12
745 718 15
752 275 15
759 912 12
788 254 14
833 687 15
851 202 16
898 853 12
957 905 15
963 144 13
982 528 15
986 626 16
115 62 13
130 761 13
131 240 13
139 861 14
158 883 12
248 813 12
301 436 17
384 113 13
415 579 16
434 770 14
497 401 15
631 321 13
702 725 15
715 421 14
749 463 13
801 444 15
832 811 13
965 842 12
981 882 12
994 245 13
23 830 12
42 374 13
218 683 12
308 118 16
357 290 12
370 441 15
414 81 14
414 553 15
539 190 14
550 920 15
625 215 13
672 328 14
697 641 16
702 852 13
745 624 13
766 355 14
797 554 13
800 123 15
851 724 17
866 275 15
369 293 13
419 407 14
426 594 14
431 405 15
449 1 16
455 259 16
507 870 16
512 364 12
517 126 13
542 143 15
552 518 14
582 978 15
594 798 14
781 188 14
819 812 16
821 479 13
854 698 13
887 252 13
968 859 15
991 992 13
13 410 16
44 113 16
49 275 16
162 891 13
236 628 16
291 303 14
322 874 17
344 209 13
362 718 17
389 271 13
433 234 16
520 703 12
616 53 15
777 109 17
883 609 15
925 667 15
975 243 14
985 860 16
995 847 15
997 468 12
95 608 16
98 80 14
194 975 15
212 706 12
229 531 15
346 706 14
354 518 16
359 80 15
359 430 13
418 910 16
478 750 16
521 657 14
640 477 17
664 876 14
685 92 14
810 653 15
844 882 13
964 335 17
978 554 12
992 281 13
124 522 16
145 572 16
209 672 17
260 452 16
265 55 17
299 573 17
301 624 14
389 399 17
391 902 14
417 423 15
520 164 14
555 130 14
580 364 13
607 96 12
673 941 16
683 788 16
707 15 14
804 1 15
833 186 16
933 63 15
11 371 14
91 547 15
128 47 14
152 449 14
280 129 15
342 226 15
381 650 12
423 18 16
443 145 16
445 887 12
487 513 12
652 275 13
678 26 14
694 689 15
709 478 13
804 907 14
825 562 14
937 178 14
985 293 13
997 460 16
56 193 13
62 269 14
84 390 15
183 16 15
263 812 16
323 773 15
430 689 16
464 45 17
473 746 14
497 529 13
511 934 15
706 874 16
725 197 13
761 654 13
768 52 12
803 143 15
826 568 14
855 818 13
919 724 16
975 594 17
82 487 13
119 281 14
208 731 15
223 486 17
264 673 14
288 996 13
353 349 17
368 615 16
484 779 13
524 392 13
647 542 13
673 619 14
724 513 15
756 647 14
836 336 14
879 772 13
884 866 13
907 145 14
942 444 15
968 315 15
2 924 15
123 377 15
150 908 17
184 258 14
207 917 12
213 887 12
218 766 15
427 297 16
474 32 15
487 628 13
534 579 16
575 56 16
604 626 17
633 651 15
638 55 17
647 128 14
698 47 16
745 996 13
893 849 12
998 752 14
48 187 14
59 720 13
68 616 15
139 913 16
190 89 14
253 625 14
326 10 14
333 77 14
350 743 14
462 853 13
527 847 14
550 93 13
591 230 16
654 775 17
686 797 15
718 360 14
806 750 13
853 137 14
888 790 15
981 852 13
12 35 16
13 705 14
147 187 16
172 108 12
200 196 13
207 39 15
237 248 16
267 669 17
299 177 16
317 147 14
346 596 15
378 869 15
384 285 13
530 25 15
534 246 16
610 801 16
626 40 12
750 519 16
753 275 12
774 18 16
13 743 15
53 908 13
110 784 15
150 708 14
209 496 16
222 630 13
227 329 17
384 924 15
414 651 17
468 589 15
499 186 12
529 964 17
565 344 14
613 654 14
632 39 13
640 858 16
673 282 17
683 696 12
780 281 15
796 58 14
44 87 16
44 673 16
45 547 14
71 647 16
175 284 15
274 388 16
278 506 14
280 306 13
352 585 15
502 964 15
526 52 17
531 124 12
587 170 14
598 99 16
605 250 15
621 875 14
675 923 16
687 497 17
886 339 15
924 7 17
2 478 16
11 313 14
59 667 15
77 453 15
138 519 14
156 30 16
231 737 13
234 266 14
297 609 14
414 817 13
464 498 16
730 817 14
773 184 17
811 305 13
814 913 16
855 578 14
899 992 16
931 750 15
976 579 16
990 916 16
3 9 12
42 322 12
113 39 16
165 301 13
187 457 15
244 932 13
298 923 12
309 139 16
309 843 12
382 112 13
396 814 17
460 477 16
671 357 16
683 665 13
722 226 15
762 624 14
813 268 14
931 412 14
933 122 14
986 40 15
6 827 15
23 728 14
124 705 14
223 700 13
246 514 13
259 758 16
265 452 14
327 820 13
366 259 14
540 247 16
593 230 12
605 30 13
612 339 15
669 760 15
698 92 15
704 428 17
706 735 12
769 421 13
828 716 16
887 183 14
72 284 15
107 353 14
108 371 15
111 521 14
248 209 14
321 167 15
338 622 15
339 391 13
340 707 14
391 498 16
461 326 14
469 486 12
476 939 17
519 513 12
528 223 13
624 994 15
655 435 15
848 977 13
938 611 17
976 359 13
35 321 13
86 379 13
143 407 14
319 855 13
357 536 16
473 123 15
483 627 13
488 951 16
530 645 12
567 322 15
590 16 17
622 184 14
756 792 16
780 869 17
807 898 12
884 735 12
887 301 14
924 849 13
954 90 13
961 351 13
12 224 14
46 405 14
55 207 13
55 898 14
72 670 12
86 804 14
165 337 12
176 71 14
231 807 13
263 518 12
388 937 15
389 79 16
405 214 13
477 681 16
488 364 12
491 673 14
731 71 13
808 605 12
812 7 12
922 953 13
6 85 16
99 849 13
173 680 12
199 491 12
241 384 14
308 449 17
330 173 13
345 402 15
345 954 13
429 24 15
534 532 17
643 925 16
669 185 14
773 228 14
789 74 16
904 8 12
912 323 15
930 145 17
950 967 12
954 28 16
74 44 14
75 360 16
134 450 16
160 834 13
315 783 16
318 742 15
371 364 12
397 900 12
461 865 15
470 243 14
499 683 14
524 890 15
531 621 14
537 568 17
558 170 13
603 822 12
714 96 15
876 75 12
899 848 15
969 658 12
85 888 12
241 263 16
272 92 12
277 295 14
308 673 13
474 450 12
487 608 14
522 465 15
583 69 17
584 673 14
587 372 14
653 692 15
690 524 12
740 578 16
800 442 15
812 977 15
818 384 15
868 323 13
886 132 13
955 481 16
79 2 15
104 492 16
123 680 12
233 371 15
252 702 16
366 660 17
416 163 14
431 131 14
452 557 16
469 679 12
524 674 14
612 612 12
668 910 16
671 93 13
719 322 13
765 810 13
787 381 13
913 778 16
965 693 12
987 732 16
25 510 14
54 335 13
127 64 14
147 84 12
157 498 15
170 413 13
186 110 15
194 365 15
221 484 16
301 476 15
409 534 14
465 805 12
509 296 13
545 334 13
611 634 12
707 805 14
740 891 14
835 378 16
924 407 15
999 200 15
114 753 13
117 98 16
169 9 15
177 22 14
185 4 15
298 214 16
348 195 13
434 998 15
491 333 17
610 915 16
617 684 13
674 650 13
703 511 12
742 469 14
744 922 14
751 84 13
796 150 14
853 504 13
930 453 17
980 846 13
1 190 13
113 423 12
113 591 14
133 340 16
139 65 13
239 303 14
271 850 17
273 334 16
421 193 14
451 499 14
487 883 15
512 778 16
614 987 14
691 634 14
704 886 14
715 356 14
722 356 15
761 697 15
964 801 16
994 54 15
48 919 17
85 987 14
102 203 12
149 750 12
200 636 15
344 226 15
355 792 16
395 837 17
458 602 16
508 111 13
526 774 15
585 777 15
666 719 13
710 116 15
820 466 17
830 48 14
904 765 13
921 892 15
926 999 13
944 512 14
61 657 13
152 212 16
184 448 14
187 973 15
245 640 16
249 477 16
327 908 14
398 148 14
407 747 15
440 493 16
472 84 14
590 789 15
664 239 15
664 619 15
705 224 15
862 380 15
872 140 14
903 555 13
935 668 16
1000 989 15
28 512 13
98 186 15
168 784 15
266 545 16
273 669 13
276 24 15
344 701 15
425 624 16
457 307 16
468 653 16
475 610 15
527 651 13
592 138 17
631 621 13
685 586 16
800 115 13
815 73 13
828 720 14
875 461 15
897 74 12
6 395 14
15 323 13
69 572 14
129 359 15
131 450 17
138 505 14
211 932 13
243 919 16
279 411 15
367 180 12
500 479 14
543 270 15
630 400 12
690 500 14
694 782 14
774 109 15
791 975 16
911 478 15
927 939 13
949 456 12
92 777 13
113 82 16
165 579 16
206 431 17
287 774 16
327 546 16
486 227 14
526 470 17
539 48 15
540 286 12
540 764 14
554 748 13
587 27 14
673 157 15
707 9 16
783 135 17
832 556 14
850 196 15
871 354 15
926 539 13
7 410 15
27 56 12
41 306 17
50 134 17
76 115 14
118 101 16
232 198 14
347 880 12
357 883 16
424 105 14
431 493 14
508 355 16
565 183 15
633 609 15
664 527 16
739 907 12
749 138 15
783 122 13
917 606 12
974 16 13
12 884 13
20 608 13
32 458 13
56 59 13
133 232 15
206 117 17
249 629 16
322 194 15
385 16 16
395 197 14
555 543 15
568 971 14
571 563 15
667 377 15
698 81 12
747 452 15
757 434 15
796 964 14
852 990 16
955 295 13
5 780 13
128 996 12
170 696 13
234 301 14
410 38 14
453 769 16
549 548 16
556 656 14
560 855 16
609 617 14
625 441 16
671 614 12
681 202 12
706 879 14
717 918 14
843 309 15
851 949 17
897 143 16
915 146 12
997 203 14
34 938 17
74 5 17
74 279 12
87 860 14
102 423 16
127 697 14
129 6 14
387 987 13
421 454 15
450 564 15
479 957 13
524 72 14
609 8 15
635 759 17
697 974 15
799 285 15
828 395 15
876 213 16
877 962 17
961 498 13
54 485 17
116 620 15
131 157 16
135 850 14
168 47 14
229 117 16
248 552 12
274 751 16
412 963 14
467 370 17
497 791 14
503 262 15
575 145 14
622 305 13
688 872 14
743 701 12
759 484 16
766 359 14
943 499 12
945 927 13
41 726 15
105 428 15
264 754 15
270 611 16
287 695 13
304 855 16
333 175 12
431 298 17
519 150 14
526 465 14
535 76 12
594 77 14
644 609 17
716 451 14
740 904 17
748 353 14
769 973 13
822 628 15
875 642 14
936 531 14
3 136 17
40 692 13
75 870 17
248 747 16
315 963 16
325 167 17
461 641 13
470 120 12
495 245 15
497 357 16
513 60 17
609 920 16
867 434 14
876 347 13
914 605 15
916 8 12
918 688 12
931 756 14
974 786 14
992 506 14
38 726 15
44 645 13
251 719 12
391 56 12
444 180 12
507 525 15
598 339 16
617 501 16
626 652 12
646 919 15
655 291 14
666 334 17
679 412 15
684 379 15
774 382 13
820 845 12
831 32 13
846 639 14
872 483 14
947 91 16
91 66 14
153 282 14
172 335 14
274 718 13
279 636 14
340 194 13
370 498 15
448 32 14
480 34 12
503 686 12
581 469 13
596 447 13
628 459 14
651 976 16
670 375 12
670 977 16
780 427 14
795 845 14
821 324 13
879 361 14
9 429 16
24 3 12
139 959 15
143 858 17
168 16 14
193 280 13
213 270 16
233 659 13
238 534 16
285 500 13
317 487 16
323 9 15
393 795 17
560 307 13
605 949 16
701 692 17
727 81 15
843 758 16
885 671 13
909 728 15
33 294 15
46 965 12
47 862 13
52 133 13
298 296 14
304 271 12
367 297 13
428 453 13
429 750 16
570 841 14
645 444 17
652 802 13
765 665 14
781 995 15
784 137 12
805 414 16
850 411 16
945 362 12
968 601 14
978 306 16
36 114 15
83 380 14
104 957 14
218 250 14
223 759 16
364 652 14
425 34 13
442 349 14
480 287 13
500 739 12
547 92 12
547 193 15
621 735 12
640 19 12
752 870 13
784 378 13
799 258 13
852 788 15
950 560 12
977 139 14
91 178 13
258 307 12
278 611 16
283 673 15
284 919 15
329 402 14
421 972 16
521 605 16
571 295 14
582 812 14
591 605 14
641 95 12
649 803 17
721 87 12
821 347 15
838 288 14
932 892 17
937 751 16
938 632 15
953 562 14
4 780 12
194 995 15
285 698 16
313 440 15
360 604 13
414 280 13
469 302 14
475 996 17
562 498 12
616 74 17
648 513 16
650 426 16
813 755 12
825 345 12
882 574 14
905 869 13
914 360 12
938 854 12
941 386 16
961 466 14
64 904 12
70 776 14
93 317 16
228 425 12
267 345 15
349 77 14
384 704 14
426 485 15
481 728 14
516 661 15
541 603 13
565 863 17
628 744 12
715 719 17
732 324 12
816 376 12
850 461 13
873 573 15
948 465 15
975 90 12
7 189 15
98 301 14
105 39 17
135 4 13
159 533 14
246 696 15
292 823 14
319 829 15
321 699 16
330 913 16
362 825 15
365 257 15
530 265 15
550 882 12
555 427 16
612 639 15
652 31 17
934 609 12
934 987 12
993 383 14
11 539 14
176 883 15
189 861 14
256 390 14
259 283 13
299 444 16
365 422 13
424 98 16
425 563 17
473 317 12
478 855 14
517 301 16
754 717 15
756 802 15
760 287 14
856 556 15
872 515 13
881 690 13
899 896 14
988 25 13
28 327 13
79 416 14
97 918 15
143 822 16
164 77 13
225 284 14
229 34 16
254 790 16
260 742 17
262 878 12
269 329 14
284 218 14
300 694 14
394 700 12
475 879 17
526 568 15
619 134 13
766 539 16
842 898 16
944 98 16
1 836 15
26 563 15
28 660 17
156 359 16
184 871 15
191 404 15
193 899 16
262 3 15
339 347 13
351 127 15
575 738 14
603 753 14
605 452 13
642 482 12
660 491 14
703 787 15
742 139 16
903 758 16
913 373 17
991 200 13
34 540 15
84 596 14
136 816 16
154 240 12
219 493 17
284 385 14
353 326 12
517 431 15
538 146 13
606 786 16
626 954 13
718 421 13
722 272 16
823 13 17
864 386 13
869 755 16
881 75 16
886 39 17
932 568 15
981 69 16
2 391 16
121 766 14
169 289 14
184 408 13
214 216 16
222 297 14
245 40 13
329 709 12
340 530 13
504 842 13
542 409 12
583 309 15
588 870 13
612 873 12
623 900 16
649 413 16
725 600 17
840 76 13
886 436 15
966 794 16
46 843 15
73 817 16
125 267 13
232 318 15
279 301 15
286 354 13
312 913 16
447 959 16
542 624 13
592 500 12
657 487 14
702 933 14
773 21 16
773 26 17
820 785 14
865 464 13
939 344 12
974 959 15
980 275 14
982 612 17
144 747 17
192 58 15
274 84 15
371 541 14
377 520 13
446 420 12
496 634 12
641 998 12
642 212 12
642 696 16
646 262 13
681 861 14
698 952 13
749 744 17
762 580 12
763 269 15
810 519 17
880 830 12
931 700 14
940 812 16
70 178 13
188 293 14
228 732 16
241 635 14
286 666 14
321 360 13
451 999 16
615 648 13
616 825 15
674 11 13
737 787 13
743 133 15
745 866 15
769 307 17
786 528 14
854 765 13
861 500 17
929 125 14
955 513 16
971 868 13
11 683 15
31 909 15
59 635 13
85 964 15
160 291 12
179 888 13
216 450 12
308 128 13
353 686 12
380 776 15
526 58 15
554 612 13
629 433 16
697 494 12
775 418 16
839 66 15
881 346 14
917 430 13
936 657 15
995 973 14
40 249 12
60 699 13
69 977 15
123 746 15
141 234 14
186 542 12
276 23 13
284 347 17
338 909 16
339 664 14
346 392 14
495 798 13
497 999 16
515 690 15
545 287 15
563 910 12
606 995 15
647 957 16
741 110 13
819 623 13
123 316 15
132 890 13
157 869 14
192 661 12
263 276 13
265 194 12
282 425 15
292 719 14
386 686 12
398 284 15
473 572 15
491 812 17
536 561 13
575 690 16
582 233 14
615 301 16
631 859 13
645 448 17
823 130 13
976 847 13
3 292 16
131 923 17
183 27 13
219 307 13
229 207 16
230 107 14
258 140 16
341 48 13
391 48 14
465 54 14
490 711 17
491 760 15
507 897 14
548 732 12
741 486 13
748 16 13
834 357 17
865 185 12
885 319 14
916 935 13
113 85 13
185 925 15
188 442 13
199 382 14
311 612 14
341 261 16
417 630 14
515 61 15
594 755 12
602 902 16
644 118 14
726 796 13
783 16 17
790 307 14
796 607 12
798 898 17
843 419 17
935 547 15
967 663 15
983 443 16
47 152 14
82 815 13
170 939 12
190 146 17
197 677 15
256 531 16
286 498 15
462 140 13
475 779 14
486 727 14
557 241 14
578 909 16
581 749 14
635 514 14
645 923 12
852 995 14
865 361 15
970 930 16
986 40 13
991 62 14
30 330 16
38 574 15
125 703 13
153 357 15
239 601 13
259 736 14
286 382 12
333 725 13
364 492 16
375 155 16
388 152 16
394 759 13
528 160 15
611 500 14
818 998 16
849 19 16
850 50 15
885 387 12
986 599 14
987 184 17
33 538 13
62 721 15
84 774 15
104 88 16
122 232 15
159 192 13
239 640 14
291 635 15
389 138 16
446 539 13
544 826 14
620 274 16
629 481 12
656 614 16
658 733 12
750 714 13
831 883 15
855 238 15
988 869 14
997 519 14
53 804 16
77 823 16
81 461 16
156 508 13
171 597 13
185 240 14
252 849 15
321 154 17
325 190 12
370 443 16
391 20 16
523 419 12
539 289 14
582 991 15
651 732 13
685 752 13
719 982 13
735 749 13
831 197 14
928 234 14
