1000 20 2394261
50 137 201
50 122 194
50 66 240
50 63 244
50 82 186
50 88 163
50 137 227
50 58 213
50 113 208
50 99 225
50 105 154
50 92 188
50 50 230
50 114 150
50 59 187
50 105 241
50 65 189
50 107 158
50 115 241
50 112 194
13 9954 6
159 6894 6
165 906 6
386 5705 5
574 7288 5
896 2136 6
966 9931 5
1074 7768 5
1136 3772 6
1229 958 5
1956 5274 6
2496 7370 5
2519 8800 7
2523 774 5
2682 4837 5
2749 9545 5
2814 6416 6
3357 5120 5
3426 4677 5
3759 298 6
4107 9707 7
4210 4844 5
4265 1524 6
4565 8377 6
5181 2361 5
5208 4892 6
5386 2521 5
5390 7640 6
5740 7392 5
5847 5242 7
6186 1740 5
6263 3905 6
6401 4673 6
6538 969 5
6574 3965 5
6784 6061 6
7263 6611 5
7469 9912 7
7647 1110 5
8169 9005 6
8200 9509 6
8669 5271 6
9134 4618 5
9403 4658 6
9578 8242 5
9669 3162 5
9845 2154 5
9912 7818 5
9946 6638 6
9980 3958 5
115 9921 6
210 9717 6
439 7082 5
492 4476 6
717 6600 6
823 1104 7
976 2272 5
1187 6398 5
1522 443 6
1526 1059 6
1749 4263 6
1886 2828 6
1902 4385 6
2388 3473 5
2423 3317 6
2466 952 6
2770 6739 6
2888 6811 7
2945 4154 6
2974 6378 5
3440 7984 5
3694 1366 6
3972 1226 6
4503 3648 6
4532 7970 5
4704 9270 7
4888 6422 6
5822 6249 6
5873 8920 6
6358 722 7
6435 4996 5
6567 7865 6
6830 8690 5
6918 6233 5
7025 5260 5
7217 6490 5
7288 7148 6
7473 1380 7
7544 8956 5
7904 7986 5
7963 8301 5
8166 8839 5
8294 8841 5
8330 6083 5
8359 2971 6
8395 9480 6
8543 60 6
8951 2506 6
9706 2605 6
9832 2109 6
83 189 5
352 2744 6
764 4841 5
959 1518 6
1387 5223 5
1527 8741 6
1823 7754 6
2159 913 5
2454 7404 7
2525 7513 6
2529 5975 6
2544 8455 6
2596 7396 5
2751 4233 5
2831 771 6
3226 4175 5
3249 6865 6
3268 237 6
3525 3120 6
3670 9804 6
4448 5264 7
4468 7849 6
4824 1337 5
5050 5788 6
5161 7850 5
5346 9092 5
5350 1931 5
5462 326 6
5787 9971 5
5856 4299 6
5858 1776 5
6265 5229 5
6384 3847 6
6564 3828 5
6646 1978 6
7328 3128 6
8113 7047 5
8188 9551 6
8286 7724 6
8424 960 6
8615 703 5
8716 1941 5
8720 9392 6
8745 4321 5
9046 64 5
9184 3337 5
9360 7478 6
9486 5152 5
9769 3422 5
9997 6651 6
664 2107 5
815 9931 6
829 838 5
1149 6444 5
1230 7697 6
1346 7684 5
1552 1030 5
1627 5557 7
1733 5435 6
1754 4780 6
1888 1823 5
2408 5899 6
2902 5357 5
2910 5099 6
2953 1443 5
4044 5606 5
4079 9165 5
4271 7626 6
4690 7625 6
4805 5894 5
5195 8587 5
5457 4185 6
5473 3670 6
5612 4828 6
5806 9198 6
5886 9175 6
5904 907 6
6022 7700 6
6369 4278 5
6399 8082 5
6461 1701 7
6729 4057 5
6791 2835 5
6953 6083 5
7150 5046 5
7215 159 7
7716 2148 6
7740 4778 6
7889 8307 5
8123 4850 5
8320 3041 5
8390 8448 5
8444 1139 5
9039 1359 6
9250 6337 5
9440 9982 5
9463 8251 7
9565 8624 6
9608 1902 6
9928 4926 5
250 9430 5
632 2332 5
706 8213 6
783 7910 5
790 2581 6
814 8693 5
1026 1501 7
1651 7635 6
1728 5446 6
1756 3448 5
1790 5849 5
2123 5128 7
2343 9579 6
2592 2405 6
2763 412 5
2867 2300 6
2924 4215 6
3027 6176 6
3034 6117 7
3115 7930 6
3458 8309 6
4410 6427 6
4468 2824 7
4662 7739 5
4684 8921 6
4875 8082 6
5346 6916 6
5837 2510 6
5842 5559 5
6378 7533 5
6393 8716 5
6397 7581 6
6432 5346 5
6797 6624 7
6858 8119 5
6860 3644 5
7026 8888 6
7055 8423 6
7319 7016 5
7820 3172 6
7874 311 6
8028 2592 7
8079 7458 6
8189 8811 7
8342 7200 7
8538 6432 6
8719 9686 6
9408 5179 7
9457 1654 6
9995 745 5
534 9096 6
688 1776 6
932 499 5
1014 5319 5
1022 2719 5
1040 738 5
1304 7392 7
1748 924 7
2130 3078 6
2276 1188 7
2514 1381 5
2605 1832 5
2781 176 5
2994 5970 5
3098 5393 5
3220 3748 5
3366 1649 6
3715 5647 6
4180 4956 6
4250 3476 5
4987 5764 5
5255 5603 5
5275 2351 5
5302 7292 6
5763 719 5
5804 3139 6
5867 2578 6
6020 8946 6
6090 200 5
6116 3771 5
6269 1010 6
6278 1671 6
6357 8835 6
6409 4355 5
6826 9143 6
6999 8718 7
7215 5915 5
7351 5272 6
7855 9361 5
7891 5033 6
7924 8290 5
7982 343 6
8593 8155 6
8713 4488 5
8721 9140 6
8908 1026 5
8996 5926 5
9295 8755 6
9437 7142 6
9696 7086 6
337 6908 5
653 425 6
864 3634 6
1349 3191 5
1628 7617 5
1731 1737 6
2224 141 5
2258 5747 7
2267 4999 6
2573 4911 6
2748 2750 5
2993 410 6
3182 171 6
3199 4572 5
3429 1780 7
3493 428 6
3667 9039 5
3884 2608 6
4126 2300 5
4423 9409 6
4674 9027 6
5167 8099 6
5319 5050 5
5334 8832 6
5356 8285 5
5420 52 7
5919 4069 5
5965 6123 5
6041 7265 6
6051 9203 7
6199 4633 6
6439 8741 5
6629 6571 5
6960 6233 7
7105 5398 6
7130 6627 5
7553 7720 5
7665 1064 5
7691 407 5
7715 1496 6
7903 1839 6
8303 1772 7
8341 6904 7
8353 5864 5
8439 9686 5
8732 6906 7
9210 2459 6
9520 6457 7
9598 9238 5
9949 2201 6
7 4491 7
75 9304 5
163 7585 5
174 4716 7
367 2824 7
712 5651 7
773 610 5
1873 8436 6
2311 9899 6
2434 1300 5
2445 7172 6
2497 5200 5
3062 5580 5
3357 6371 6
3372 8671 5
3375 600 5
4004 428 5
4009 3533 6
4523 6899 7
4911 3433 6
4969 2332 6
5150 7313 6
5151 3697 6
5162 6243 7
5203 5259 5
5327 4072 6
5424 4077 6
5680 5539 7
6059 4678 6
6324 6761 5
6434 2662 6
6439 8158 5
6510 6278 5
6961 1738 6
7131 2255 6
7154 5557 5
7367 1011 5
7397 111 6
7456 4802 6
7602 2219 6
7816 4346 5
8069 9539 5
8075 3838 5
8182 114 7
8491 1050 7
8651 2080 6
8656 2396 6
9287 1396 6
9690 456 5
9811 4568 6
21 3678 6
101 44 5
512 603 6
1008 6791 6
1933 699 5
2231 3895 5
2568 2348 6
2631 589 6
3112 2088 6
3285 967 5
3494 9533 5
3558 7657 6
3756 3480 6
4505 5127 6
4727 8853 5
4744 7003 7
4858 593 6
4914 6846 6
5017 1413 7
5176 5735 5
5214 8369 6
5266 6495 6
5295 9565 6
5401 3672 5
5402 4403 6
5652 6012 6
5890 4528 5
5924 3945 6
6021 6090 6
6038 7984 6
6131 6677 6
6229 2649 5
7050 8996 5
7115 8703 6
7309 7495 5
7527 23 5
7738 3612 5
7855 4878 5
8209 4133 7
8249 6993 6
9048 2989 5
9104 8832 5
9116 1372 6
9357 6593 6
9413 3338 6
9427 1912 5
9428 7837 6
9495 8521 5
9795 6818 5
9899 4295 6
273 7025 6
612 3366 7
945 1099 5
1222 8346 6
1419 645 5
1452 9440 6
1675 977 6
2158 5390 7
2358 8805 6
2586 4205 5
2873 4702 7
3251 5786 6
3517 9392 6
3692 1305 6
3904 4199 5
4178 7141 7
4378 2620 6
4396 2033 6
4800 1212 6
4977 9945 5
5540 6631 6
5598 4643 6
5982 5163 5
5989 641 6
6103 3097 6
6120 6494 6
6374 5949 6
6599 1134 7
6603 154 6
6725 46 6
6827 4672 6
7317 4919 6
7556 2042 6
7618 7534 6
7623 4814 6
7629 8827 6
7965 9046 7
8044 2740 5
8231 1834 5
8956 8510 5
8963 6402 5
9023 4969 5
9111 517 6
9135 7662 5
9293 8949 6
9351 5974 7
9461 2876 6
9523 2119 6
9640 3259 5
9816 159 6
205 6718 5
828 1709 6
853 9872 7
1058 7303 6
1196 6225 7
1229 3044 5
1310 2540 5
1459 6362 5
1463 9213 6
1955 3422 6
1995 7094 6
2235 8894 6
2240 3986 6
2727 9463 5
2845 388 5
2859 2089 6
2879 873 6
3194 2909 5
3437 6657 5
3480 4153 7
3785 8519 7
4074 3996 5
4410 1314 5
4520 8675 6
4878 551 7
5126 4900 6
5770 18 6
5856 9346 5
6137 4636 5
6535 384 5
6809 6497 5
6872 3189 6
7126 392 6
7158 5323 6
7177 6545 5
7212 4380 6
7432 1201 5
7467 7987 5
7509 9084 6
7909 8231 6
7946 5799 5
8076 9864 6
8617 5361 5
8711 7203 5
8715 3404 5
8941 5745 6
9415 2653 6
9630 4332 6
9721 6951 6
9841 2438 5
37 271 5
53 8122 5
488 7596 7
740 3530 5
774 7250 5
858 1403 6
914 1849 5
943 9632 6
989 9468 6
1060 393 7
1214 3149 5
1285 668 5
1341 4965 5
1377 1427 7
1618 2056 6
2138 5865 6
2737 1319 5
3141 2565 6
3353 4760 5
3527 4554 5
4703 6517 7
4775 3135 6
4783 5909 6
5276 5323 5
5335 1946 6
5474 9473 6
5655 5648 5
5714 6061 6
6065 8340 5
6328 9289 5
6699 9612 6
6725 5580 6
7583 1033 5
7617 439 5
7756 3547 5
8143 9649 6
8172 8556 6
8265 991 6
8280 4961 7
8323 1315 5
8499 3586 7
8502 2542 6
8911 4703 7
8930 681 6
9255 7572 5
9379 9920 5
9483 2526 6
9552 4460 5
9832 3805 5
9851 7056 6
59 214 6
115 2724 6
126 3667 5
770 7923 5
1090 1812 6
1164 8379 5
1170 2278 6
1371 872 7
1512 4231 5
1688 4174 6
1729 8559 6
2047 1540 6
2249 1394 5
2547 1672 5
2654 5237 5
3115 5176 5
3339 1061 6
3472 4178 6
3653 3162 6
4228 6721 6
4242 9757 6
4616 955 7
4738 2315 5
4911 5389 5
5171 1698 6
5648 4993 6
6099 3567 6
6139 6314 5
6255 2608 5
6312 9120 6
6390 2915 6
6404 5151 5
6536 7899 6
6592 3638 6
7039 9612 7
7426 8670 6
7878 6028 5
7985 5688 6
8004 4622 5
8194 4486 5
8195 4226 5
8572 2605 5
8587 3110 6
8674 334 6
9133 2972 5
9237 2082 6
9406 8969 5
9549 4183 5
9728 3940 6
9927 7081 6
807 6169 5
834 6521 7
888 8772 6
912 5531 6
950 4376 7
1083 7194 6
1525 4242 5
1526 4406 5
1759 8727 6
1944 6879 6
2414 5382 6
2435 552 5
2464 6252 5
2744 9894 6
2863 3270 6
3070 5002 5
3393 2497 5
3441 5769 7
3488 6653 7
3508 562 6
3590 1337 5
3682 8607 6
3852 3844 6
4137 4210 5
4254 5530 7
4304 765 6
4397 7732 5
4416 5216 6
4664 4726 6
4903 5353 6
4921 6040 5
4946 7748 6
5071 7992 6
5287 138 6
5843 5566 7
5860 7505 5
5958 4210 6
6285 3775 5
6287 8680 6
6546 9924 7
7175 1779 6
7706 6965 6
8255 7571 5
8486 19 6
8588 1598 5
8902 5278 5
8915 5350 6
9056 223 6
9211 3410 6
9535 6859 5
292 1086 6
609 8065 6
722 4232 6
919 5681 6
996 9289 6
1111 6467 7
1246 1293 6
1315 9123 5
1322 336 6
1620 3311 5
1997 5895 6
2113 1418 6
2150 1304 5
2701 8353 7
2986 9586 5
3084 5529 5
3144 3680 6
3148 5322 7
3227 1345 5
3336 5986 5
3469 7325 6
3568 284 5
3966 8632 5
4031 2028 5
4335 5669 5
4835 3252 5
5122 5414 5
5361 2313 6
6108 9857 6
6508 3947 5
6527 7533 6
6608 4685 7
6893 9739 5
7635 7328 5
8065 1220 6
8131 5542 7
8226 997 5
8295 3004 6
8539 278 5
8602 4253 6
8629 8431 5
8789 1804 6
8863 9242 6
8895 6866 6
9291 7758 6
9378 4147 5
9414 6997 5
9487 5939 5
9865 2905 5
9873 5158 6
298 6946 6
447 5440 6
742 6067 6
1031 1843 6
1293 5735 5
1297 4238 6
1563 7080 6
1609 8018 7
1894 4862 6
2127 7869 6
2269 8067 6
2504 3136 7
2755 925 6
2941 6055 5
3244 7872 5
3249 1200 5
3310 6466 6
3435 4759 6
3923 3989 6
4277 2094 6
4349 1411 6
4492 9750 6
4929 4200 7
5018 1271 5
5306 9168 5
5327 8851 6
5336 475 6
5392 8495 5
5467 9057 6
5737 3098 6
5880 4521 6
6523 9838 6
7080 8152 7
7172 9445 6
7204 2558 6
7713 4868 6
7915 7391 6
8390 1379 5
8397 4844 5
8437 2116 6
8715 7088 7
8753 875 6
9067 6716 6
9217 6208 6
9478 6386 6
9480 9651 6
9626 7338 6
9804 4116 6
9991 5097 6
9999 6628 5
188 7094 6
322 5657 5
401 3644 6
602 2336 5
837 1750 6
1103 6447 5
1280 8108 6
1715 8424 5
1785 2039 6
2314 3016 5
2362 35 5
2524 2991 6
2862 4163 5
3025 2265 5
3751 6205 6
3987 5323 5
4116 8093 7
4203 771 5
4289 5514 6
4330 678 6
4372 9414 6
4490 5094 6
4578 3518 5
5021 353 6
5303 5912 6
5348 8749 5
5374 6630 6
5388 3057 5
5757 5293 5
5868 6819 5
6053 271 6
6261 4704 5
6295 5804 5
6556 9195 5
6786 7716 7
7476 2125 5
7477 4722 6
7590 4081 6
7848 3947 5
7872 8851 5
7906 5328 6
7928 3536 5
8022 1744 7
8325 8818 7
8561 9614 6
9086 2064 6
9465 5204 5
9557 3160 5
9740 7096 5
9947 3822 6
168 5759 6
187 8334 5
267 2392 6
348 2932 6
432 7163 5
479 7921 7
1200 2526 6
1204 765 6
1647 3289 5
2104 4776 6
2205 7791 6
2390 3974 5
2433 6122 5
2587 9085 6
3065 9700 5
3071 6128 6
3073 5868 7
3466 1589 5
3554 3403 6
4052 8737 6
4528 5232 5
4671 8988 5
4701 2437 7
5096 9544 6
5216 5738 5
5245 2634 5
5715 3505 6
5740 6417 5
5779 583 5
5814 5797 7
6207 1650 6
6345 6916 5
6554 276 5
6703 9936 5
6774 2723 6
6926 7293 5
7370 386 7
7566 8671 6
7590 1611 6
7592 6490 5
7639 7895 7
7965 1763 7
8006 9229 7
8037 347 6
8502 5179 5
8580 8824 6
8938 733 5
9131 1388 6
9212 7637 6
9851 1309 5
190 176 5
211 4016 5
434 4434 6
772 9551 5
898 2073 5
907 9227 6
931 2013 5
1034 7217 6
1342 4977 5
1457 4283 5
1670 5467 6
1902 188 6
2087 6279 6
2485 8747 6
2811 8492 5
3211 5763 6
3498 2871 6
4456 9566 6
4465 4734 5
4600 7909 5
4605 6852 6
4724 5034 7
4732 6935 6
4943 1199 7
5252 2487 5
5351 1657 6
5724 4095 5
5957 6955 6
6283 2701 6
6437 9761 5
6893 5500 6
7207 8350 5
7230 3301 6
7515 578 6
7663 3942 6
7687 7263 6
7828 2204 6
7971 2675 6
8008 5093 5
8177 6950 5
8195 2460 5
8536 2284 5
8632 825 7
8906 8820 5
8925 4566 6
9020 9581 5
9024 9191 7
9393 9034 6
9402 5654 6
9887 5019 6
513 4747 6
1012 1807 6
1220 2535 5
1412 6077 6
1476 2884 5
1684 2648 5
1704 9009 7
2432 8605 5
2694 4744 5
2706 5627 5
2778 3899 6
3246 5471 6
3386 9222 6
3508 3869 6
3725 1083 6
4226 4236 6
4249 8451 7
4290 9360 7
4374 4648 5
4498 124 5
4687 2413 6
4828 4006 5
5391 2687 7
5633 5360 7
5993 474 5
6032 8597 6
6361 5536 6
6710 3322 5
7032 4933 6
7222 926 5
7359 836 5
7526 8207 5
7571 9833 6
7794 7975 7
8157 1875 7
8162 5871 7
8175 2521 5
8294 6142 6
8436 1159 6
8530 5200 5
8551 22 6
8838 8770 6
8964 1249 5
9485 1482 6
9487 1683 7
9510 2016 6
9548 9097 6
9821 2883 6
9846 1206 5
9889 2799 5
