500 20 122563
25 76 237
25 87 242
25 65 232
25 107 172
25 123 235
25 74 216
25 69 180
25 55 176
25 140 238
25 52 155
25 81 192
25 78 209
25 77 212
25 52 231
25 140 202
25 131 216
25 51 229
25 117 190
25 73 175
25 69 175
2 209 11
10 686 10
64 140 13
117 512 10
117 686 12
189 640 12
205 318 13
295 941 10
429 322 12
435 126 11
443 774 13
444 59 11
498 366 10
517 841 11
539 740 13
567 36 14
575 73 10
647 807 11
671 866 12
679 532 13
809 578 13
816 208 10
855 42 12
866 265 12
932 977 11
20 162 11
42 392 11
54 223 13
68 446 12
97 215 10
107 280 10
130 696 13
155 59 11
159 432 10
171 307 13
261 810 10
361 223 12
387 604 13
395 439 13
414 585 13
428 518 11
454 587 12
472 242 12
508 386 11
779 577 11
787 678 10
813 594 10
836 938 12
890 441 10
940 258 12
59 984 11
62 255 12
85 97 11
90 583 13
122 643 11
231 563 12
284 20 12
344 140 13
352 130 11
368 355 10
415 227 11
421 789 12
454 173 10
462 160 11
476 702 11
565 388 11
573 908 13
627 654 12
630 161 10
747 724 12
780 16 12
784 418 12
794 296 12
865 971 13
908 150 11
31 290 14
42 911 13
56 198 11
114 129 13
156 942 11
167 212 10
174 332 11
213 947 12
274 834 12
314 128 13
314 207 11
355 967 13
382 251 10
410 635 11
455 247 12
573 946 13
590 287 13
673 302 13
677 313 10
701 999 11
750 96 10
777 872 10
907 199 13
919 713 14
945 548 11
12 10 11
35 483 11
92 915 12
98 510 12
150 721 12
168 848 13
203 759 12
308 999 12
372 856 10
387 662 13
470 503 14
499 95 12
565 9 13
571 442 13
575 709 13
641 826 11
680 71 13
775 96 13
786 112 10
863 886 13
902 278 10
914 154 10
941 671 11
976 629 11
997 883 10
86 74 13
99 80 14
125 88 10
127 151 12
137 338 13
144 520 12
153 637 11
244 827 11
247 704 13
264 1 12
279 505 11
316 576 11
418 451 11
433 483 11
555 43 12
563 717 10
569 161 12
624 494 12
648 585 12
697 170 12
741 760 12
769 692 11
863 170 10
910 621 13
960 161 11
17 740 13
18 492 13
83 168 10
121 180 13
183 513 13
200 664 13
238 834 13
318 112 13
335 297 13
366 285 12
388 401 13
410 753 11
436 184 12
473 509 10
507 830 10
571 391 12
575 910 11
577 976 13
578 135 12
581 237 10
731 492 11
871 272 11
878 715 10
918 745 12
979 806 12
32 483 10
33 690 14
36 150 10
76 346 12
118 716 13
138 221 12
151 932 13
169 313 10
219 282 13
240 769 13
250 851 11
280 197 12
346 11 10
371 18 13
410 673 11
424 744 13
431 805 12
481 441 12
530 141 12
657 434 11
667 922 13
843 1000 10
892 302 11
893 551 12
952 437 10
78 851 12
98 529 10
148 545 12
149 886 12
255 328 11
256 439 13
264 28 12
330 849 13
358 813 13
361 55 10
383 625 11
385 627 10
421 859 13
444 44 10
452 566 11
497 782 13
609 40 11
629 144 12
648 110 12
711 716 13
771 592 11
917 966 14
932 654 10
942 946 11
950 88 13
23 191 11
45 749 10
85 486 10
102 622 10
253 972 12
337 527 11
379 88 11
418 159 13
419 528 13
441 277 11
446 792 11
456 227 12
473 405 11
490 48 14
589 575 10
622 823 11
636 760 12
736 329 10
738 514 10
769 14 13
797 843 12
817 929 10
822 642 11
829 86 11
939 128 13
13 215 10
19 677 13
29 503 10
38 267 11
40 914 13
126 165 13
377 832 13
398 263 13
441 438 10
520 836 10
522 383 10
541 288 11
547 486 14
676 683 12
682 367 13
739 959 12
759 983 13
807 264 13
828 157 13
836 144 12
839 738 13
851 396 13
904 957 11
951 523 11
996 169 11
15 445 12
137 751 11
148 645 13
187 323 13
196 608 14
205 937 12
308 547 11
380 480 10
435 514 11
537 171 11
546 590 13
586 787 13
621 99 10
706 537 13
729 196 12
739 860 10
804 573 12
870 865 11
872 192 10
879 520 12
892 871 10
894 284 11
904 102 10
975 517 12
998 535 14
19 590 12
34 962 10
90 460 12
165 499 13
259 397 12
282 295 14
336 538 12
403 953 10
408 81 11
456 113 12
473 632 11
499 613 12
513 603 11
527 607 10
534 269 11
614 343 13
615 549 13
631 690 12
686 362 10
796 238 10
820 595 10
852 229 11
856 488 11
873 848 11
956 845 13
23 643 13
31 726 10
41 42 11
80 171 12
108 277 10
170 200 13
271 999 13
272 115 13
314 267 10
317 400 12
329 363 13
408 794 13
420 283 13
454 537 13
526 119 11
538 268 12
565 653 10
607 267 11
612 343 13
700 201 12
801 788 11
876 5 10
943 660 13
968 799 10
989 459 12
30 801 13
44 720 12
88 661 11
95 908 11
168 736 13
177 457 10
182 434 12
210 998 13
217 962 13
246 890 12
268 932 13
331 631 12
419 331 13
505 547 14
510 821 12
551 105 12
558 984 12
600 294 10
627 417 11
628 675 11
676 262 13
740 310 13
957 365 10
992 402 10
998 778 12
74 840 11
85 954 10
108 273 12
217 414 10
222 112 12
238 596 10
260 930 11
280 344 10
382 829 14
392 845 10
411 696 13
415 684 11
475 269 12
504 751 13
552 388 13
572 46 10
583 177 14
605 249 13
681 485 13
742 722 11
754 460 10
764 167 13
781 226 11
892 30 10
931 158 10
33 932 12
77 281 14
102 972 11
145 258 10
398 557 10
432 777 13
452 801 10
536 51 11
545 587 12
626 69 13
630 355 11
631 758 10
662 209 10
702 141 10
707 947 10
747 213 12
801 497 11
804 862 13
831 819 11
848 336 10
889 594 13
913 918 12
918 593 13
964 349 13
987 677 13
24 869 10
43 1 10
116 582 13
163 402 11
172 390 10
173 786 12
335 104 11
339 447 11
448 797 10
495 647 12
601 154 12
673 162 11
674 356 11
782 716 11
785 440 13
817 252 10
829 76 11
835 982 10
851 614 14
870 639 10
892 829 10
904 295 13
916 190 13
936 1000 11
951 210 12
19 59 13
37 629 13
72 518 11
107 668 11
175 926 10
187 479 13
190 377 14
232 526 13
232 608 10
235 414 12
262 422 10
273 350 11
303 786 10
446 572 12
447 7 10
476 717 13
509 596 13
511 357 12
652 194 13
734 382 10
809 586 10
869 709 13
877 820 11
912 861 10
946 849 10
7 977 10
17 17 11
32 77 12
139 995 11
147 453 13
153 421 11
215 204 10
227 271 14
297 783 11
298 252 10
300 366 12
304 287 11
367 828 10
372 719 12
543 956 13
590 494 12
601 909 12
663 394 12
751 512 12
826 869 13
892 804 10
941 507 13
965 180 12
965 751 13
983 998 10
