500 20 1079367
25 84 195
25 95 192
25 124 198
25 87 244
25 92 183
25 131 156
25 74 215
25 136 210
25 99 155
25 145 169
25 127 234
25 67 200
25 133 241
25 78 214
25 110 248
25 78 153
25 148 168
25 75 194
25 126 231
25 146 213
190 8670 15
463 2719 15
1489 7855 12
1532 3032 14
1675 5469 14
2576 924 13
2771 4641 11
3090 8735 13
3239 7140 11
4345 6169 12
4424 5231 11
4962 5820 14
5074 5779 13
5192 8681 15
5323 3075 12
6274 7920 12
6556 1606 14
7257 4689 14
7691 9566 11
7752 7306 15
7776 6310 10
8009 8402 14
8139 3643 13
8228 1862 13
8559 2945 14
1176 6861 14
1177 3097 14
1338 652 10
1458 4254 13
1671 5793 11
2850 3516 14
2980 688 12
3073 4584 13
3435 7010 12
3458 4215 14
3668 268 15
3690 8394 11
4474 6899 11
4486 8740 13
5218 1052 13
5396 8655 12
5420 5746 13
5964 7367 14
5978 1973 14
6669 1712 13
7115 7306 14
7574 3339 12
7599 3889 14
7748 7065 11
8416 9502 13
219 2646 10
1432 5357 12
2605 3710 12
4817 1589 15
5217 7912 13
5382 5039 14
5528 1233 14
5556 8127 13
6796 2333 11
6974 972 14
6996 1019 11
7459 995 12
7660 4523 12
7896 7274 11
8129 2407 14
8416 5131 13
8478 124 11
8741 1767 13
8748 1662 13
8899 6453 10
8922 4591 13
9019 799 13
9100 8868 12
9482 3710 14
9709 4334 12
1133 7115 13
1232 9149 12
1750 2306 12
2213 117 11
2767 8743 14
2958 7084 12
3718 7131 12
3747 3014 13
4204 3767 11
4648 8781 13
4921 1515 12
4964 479 11
5582 6195 14
5988 1350 15
6206 767 11
6552 1930 13
7784 776 11
8139 1455 12
8190 9107 12
8652 4281 11
8653 3183 11
8845 3778 13
9136 5919 11
9226 7246 14
9798 994 12
1151 3316 14
1252 4401 11
1811 1829 11
2071 8120 14
2358 5387 15
2370 2423 11
2523 6527 12
3197 4788 14
3436 1576 13
4154 3481 12
4573 9172 14
5171 4564 15
6331 265 14
6623 2193 14
6978 515 11
7343 1389 13
7635 3771 15
7906 7622 11
8329 9514 11
8499 4987 13
8719 6134 12
9252 2187 13
9904 9412 11
9929 2805 15
9942 2908 13
274 1329 14
696 1518 12
1106 2943 14
2282 2152 11
3552 1637 15
3850 4205 15
3967 7182 14
4159 4921 14
4161 6900 14
4378 2750 13
5084 7219 14
5301 1527 12
5531 4639 12
5562 5682 10
6119 786 14
6339 558 11
6371 1678 11
6568 5639 13
7989 2910 13
9031 6899 12
9075 5512 13
9675 4844 14
9786 3887 14
9787 1379 12
9923 4263 12
368 1315 11
640 7771 13
848 2097 13
877 8468 15
930 5174 15
995 8945 14
1648 3301 11
3090 8848 12
3916 9771 15
4014 7069 12
4880 3629 12
5281 8840 15
5861 126 13
6420 2902 13
6465 5846 12
7235 4888 15
7631 1168 14
7837 617 14
8049 7491 13
8284 176 12
8298 5391 11
8650 6173 11
8998 3489 12
9477 8132 11
9784 3758 13
274 1573 13
278 9789 15
1125 3414 11
1606 6857 13
2413 5836 14
2764 5867 12
2884 5551 13
3012 7674 14
3189 1075 14
3547 4492 11
3845 3164 14
5052 3733 14
5380 8736 12
5648 960 11
5852 2642 12
5904 1828 15
5922 9727 11
5988 8163 14
6435 8960 12
6446 3715 12
7059 1429 13
7471 5546 11
8035 4760 13
9072 1246 14
9354 5491 11
199 7233 11
920 123 12
1282 1033 14
2754 3143 13
2819 3360 13
2889 7576 12
3027 2923 11
3064 4338 14
3083 2957 11
3854 811 15
4237 6354 14
5364 8795 11
5438 4270 12
5517 3622 11
5795 6000 11
6060 5697 13
6393 8982 12
7030 8844 11
7845 8956 12
8126 1124 15
8681 1395 13
8753 9201 11
9019 3072 14
9086 2516 15
9647 2261 14
152 2121 15
611 1458 11
1758 6960 15
2138 1056 15
2220 5394 13
2671 7228 15
2706 2051 10
2972 9530 15
3319 645 10
3467 3677 14
4320 2372 13
4475 5551 14
4559 3160 13
4728 4318 13
4753 3123 12
6388 2786 12
6497 5909 11
7076 5460 12
7221 2234 12
7706 545 13
7915 7418 15
9245 6714 13
9300 2068 11
9657 5969 11
9720 3847 11
822 5421 14
1242 6509 14
1552 4633 11
1843 3628 13
2090 7593 13
2269 4377 13
2734 7192 13
2815 4786 12
2917 9620 13
3117 8920 12
4408 2533 12
4465 7755 11
4479 7352 12
4582 1261 11
5638 9973 10
6442 5176 12
6649 8186 12
7123 4973 13
7315 2597 12
7848 1867 13
7977 4483 13
8088 8675 12
9271 9769 13
9537 2157 13
9612 7105 12
533 442 10
549 4982 14
740 2180 15
947 9144 13
1661 132 12
1716 5643 12
1769 6434 12
1853 3879 13
1956 1166 12
2010 9946 12
2012 8053 12
2182 150 11
2321 923 12
2432 1886 12
3700 4264 12
4135 7997 11
4647 983 13
4915 644 13
5724 5504 11
6251 7129 13
6580 4310 14
6820 9688 12
7096 8754 13
9178 6889 12
9755 8790 13
548 2600 11
604 6539 11
2775 7838 11
2779 7691 14
3011 3652 13
3083 5027 13
3834 6484 12
3917 8406 11
4913 9842 13
5037 6482 12
5447 6077 13
5689 1813 14
6120 1758 14
6128 198 12
6306 8373 12
6568 1155 11
7327 673 12
7348 3467 12
8305 4072 12
9059 7982 13
9206 4283 11
9319 575 15
9604 4737 14
9611 280 13
9620 4465 14
230 2436 12
236 8878 14
590 9245 12
1184 5846 13
1904 9026 12
1991 7456 12
2175 3677 11
2433 8485 13
2948 5572 11
3034 7495 12
4703 2536 12
4750 8740 11
5371 9845 14
5421 5368 12
5724 7823 14
5908 1488 13
6044 8641 14
6186 6588 12
6971 2343 11
7808 6878 13
7861 2454 13
7881 1595 13
8248 2804 12
8272 9459 11
8500 170 14
1028 9754 14
1239 3964 13
1942 5840 13
2813 2219 14
2846 3789 14
2911 9553 13
3463 8199 15
3564 4971 13
3742 5056 13
3749 443 15
3854 8031 15
4355 983 12
4568 8781 14
5646 7947 14
5670 1685 13
6251 8731 11
6303 2467 11
6538 1978 14
6765 4880 11
7286 243 12
8177 7882 13
9084 7209 11
9219 9176 15
9635 1019 14
9880 3047 13
30 8140 15
46 3122 14
450 2387 11
991 7766 14
1510 2595 12
1560 533 14
1797 8326 13
2618 3219 11
3121 4864 15
3284 5175 11
4716 8590 13
4996 6030 14
5741 515 11
6125 3154 11
6130 9588 13
6403 6066 14
6662 7643 12
6908 284 11
6988 289 13
7031 9408 12
7267 5828 11
7851 1334 12
7925 9914 13
8567 3017 11
9938 6063 12
1405 1999 13
1638 4799 11
1762 3899 11
2174 9327 13
2256 6001 13
2497 7011 13
2869 4817 14
2932 1538 12
3718 8990 11
4984 361 14
5082 4205 12
5444 5062 11
5490 125 13
5670 8523 14
5937 6395 11
6116 6565 14
6497 3211 13
6903 1418 12
7866 4329 13
8579 1588 12
8696 8697 11
8908 202 11
9144 2894 13
9269 4225 14
9819 1370 14
95 7194 11
108 8101 11
707 8666 13
1570 5766 12
2278 8817 12
2346 9346 15
2634 9490 14
3449 1101 12
4081 3249 15
5045 4300 13
5571 4161 14
6349 2133 14
6563 6846 11
6712 7794 12
6999 2479 13
7153 6337 10
7465 1758 15
7672 4455 13
7880 844 11
7973 9503 14
8081 1608 11
8093 2493 14
9299 1446 13
9469 5139 12
9596 1531 13
127 5650 13
145 1219 12
996 62 12
1155 7395 14
1479 3140 13
1732 2091 12
1754 1255 12
2491 3752 13
2845 5389 11
3604 678 12
3607 1382 12
3653 7615 13
3761 7705 11
3900 7763 15
4364 3394 10
4737 4572 12
5259 2837 12
5307 7114 13
5545 3634 14
6238 5028 12
6569 8039 14
7156 2108 11
7498 8000 12
7690 5402 14
9010 6082 14
12 2604 15
130 5320 12
498 2927 13
793 9986 13
1997 6652 14
2231 5083 12
2323 9578 15
2334 7672 13
2417 2979 12
2535 3667 11
3113 3543 11
3531 4961 13
3835 3237 11
4519 1881 14
4977 6481 15
5283 9488 11
6158 4475 13
7600 1743 14
7643 3591 12
8010 3052 11
8170 2122 13
9142 3624 12
9308 1056 13
9606 9651 11
9704 8101 11
