1000 20 45567627
50 91 216
50 67 197
50 115 207
50 81 230
50 87 153
50 100 235
50 65 229
50 104 203
50 71 227
50 82 240
50 91 199
50 63 156
50 83 156
50 125 234
50 92 200
50 144 219
50 104 181
50 61 233
50 104 221
50 138 164
7 100031 6
62 100045 6
103 100070 5
132 100003 6
138 100011 5
147 100024 6
168 100012 5
181 100011 7
279 100096 5
299 100094 6
336 100002 5
338 100085 6
340 100053 7
350 100018 6
374 100012 6
381 100022 6
420 100023 5
433 100050 6
461 100077 6
469 100057 5
473 100089 6
482 100078 5
491 100095 6
500 100019 7
517 100014 6
559 100058 7
604 100024 5
622 100004 6
632 100013 6
635 100079 7
639 100008 6
660 100042 5
685 100090 7
687 100041 6
723 100021 6
726 100068 6
728 100042 6
734 100065 7
767 100041 6
772 100073 7
772 100086 6
840 100059 6
851 100071 6
870 100046 5
907 100017 5
909 100001 6
911 100009 6
947 100074 6
957 100078 6
973 100093 6
21 100098 6
51 100016 7
52 100008 7
55 100038 6
60 100067 5
75 100015 5
96 100045 6
115 100021 7
133 100067 6
161 100068 5
168 100036 5
169 100012 6
181 100075 7
188 100047 6
206 100044 5
219 100042 6
231 100093 6
236 100090 7
250 100061 6
271 100045 7
283 100074 6
285 100016 6
313 100051 7
313 100069 6
320 100071 7
328 100090 6
364 100081 6
411 100092 6
448 100049 7
459 100090 7
520 100080 7
543 100066 5
560 100088 5
561 100017 7
614 100012 6
615 100088 6
628 100100 7
646 100076 5
674 100061 5
703 100035 7
744 100068 7
746 100055 6
777 100096 5
807 100087 6
852 100040 6
868 100045 7
893 100018 7
902 100093 5
952 100096 5
973 100048 6
15 100072 5
19 100100 6
71 100084 7
76 100064 6
87 100002 6
100 100007 6
126 100080 6
149 100094 6
155 100099 6
157 100031 7
228 100008 5
236 100078 6
260 100053 6
275 100053 5
278 100055 5
290 100059 6
305 100090 6
306 100087 6
320 100028 6
324 100099 5
362 100070 6
364 100077 5
366 100085 6
391 100070 6
398 100076 5
430 100098 7
482 100042 6
495 100057 7
550 100005 7
551 100008 6
580 100035 6
641 100073 7
646 100084 7
647 100078 5
650 100025 6
651 100012 6
663 100088 6
690 100067 5
735 100073 6
736 100033 7
743 100048 6
783 100083 7
819 100011 6
820 100015 6
846 100015 5
847 100096 6
859 100078 6
913 100039 6
927 100048 6
984 100063 5
14 100086 6
55 100071 6
76 100050 6
81 100031 6
102 100075 7
106 100023 6
118 100075 5
145 100054 5
177 100087 6
219 100086 6
246 100100 5
272 100074 6
317 100065 7
323 100071 6
331 100098 5
341 100024 6
342 100030 7
353 100010 7
366 100030 5
404 100068 6
406 100022 5
415 100036 7
450 100067 6
533 100091 6
537 100020 6
539 100094 6
596 100075 6
599 100086 5
608 100086 6
644 100006 6
652 100092 6
660 100064 5
685 100009 6
698 100018 6
748 100028 5
766 100079 6
808 100063 7
826 100096 6
872 100033 7
872 100045 5
896 100013 6
900 100071 7
926 100092 7
927 100060 5
932 100085 6
941 100073 7
946 100006 6
951 100027 6
973 100093 7
985 100076 5
4 100015 6
12 100003 6
13 100036 5
48 100070 6
54 100079 6
75 100046 7
93 100014 6
102 100030 7
111 100068 6
122 100077 7
153 100012 6
156 100031 7
157 100079 6
164 100019 7
168 100027 7
209 100028 7
284 100010 5
331 100029 6
345 100033 6
377 100067 7
393 100059 6
400 100096 5
412 100045 6
420 100044 7
472 100060 6
509 100052 6
517 100023 5
521 100034 5
527 100087 7
529 100052 6
530 100005 5
591 100091 6
620 100004 7
649 100011 6
686 100019 7
747 100070 6
754 100091 5
759 100066 7
764 100009 6
784 100090 7
830 100062 5
854 100055 6
879 100023 5
883 100035 7
927 100028 5
940 100084 5
942 100054 7
942 100059 5
982 100095 7
986 100049 6
25 100002 6
32 100013 6
54 100052 6
76 100097 5
101 100046 6
108 100058 6
149 100055 6
170 100068 7
185 100039 5
205 100014 6
208 100005 5
223 100069 7
252 100076 5
281 100071 6
313 100004 7
338 100053 5
342 100069 7
377 100044 6
384 100056 6
403 100047 5
407 100010 7
465 100098 7
502 100019 5
519 100029 7
525 100065 5
541 100025 6
554 100067 6
604 100088 5
613 100076 6
622 100098 5
635 100063 7
643 100050 6
652 100083 5
654 100094 7
657 100002 6
672 100051 7
684 100044 6
685 100021 6
700 100092 6
713 100059 7
740 100098 6
804 100065 6
811 100074 6
845 100006 5
851 100083 7
866 100087 7
877 100002 6
989 100079 5
993 100011 6
997 100047 5
21 100099 7
116 100015 7
122 100083 6
138 100018 7
138 100035 6
168 100054 5
181 100001 6
206 100027 6
219 100039 6
220 100019 5
247 100017 6
259 100052 6
272 100080 5
273 100070 6
301 100007 6
318 100092 6
343 100087 6
368 100081 6
392 100076 7
401 100012 6
411 100070 5
435 100068 7
436 100017 6
451 100064 6
474 100076 6
496 100068 5
544 100056 6
553 100069 7
566 100098 6
572 100090 7
615 100059 7
628 100003 7
641 100054 7
642 100057 6
687 100068 6
737 100095 7
796 100080 7
818 100096 7
828 100062 7
836 100046 6
889 100025 5
895 100007 7
912 100100 7
920 100042 5
944 100092 7
953 100003 6
965 100049 6
966 100036 7
980 100054 7
982 100073 6
14 100099 7
51 100070 6
54 100056 7
81 100079 7
85 100086 7
112 100097 7
115 100082 6
121 100003 7
136 100072 6
142 100073 6
148 100065 6
165 100091 7
174 100056 6
184 100062 6
208 100053 5
210 100005 6
215 100024 7
233 100042 6
272 100070 7
274 100057 6
325 100017 5
327 100090 7
341 100012 6
344 100062 6
355 100068 5
371 100040 6
387 100052 7
407 100060 7
413 100054 5
429 100037 7
433 100040 6
497 100088 6
515 100084 7
570 100047 6
582 100053 6
615 100095 7
636 100063 7
647 100034 6
676 100067 5
697 100049 6
705 100028 7
814 100019 6
818 100096 6
857 100095 6
884 100075 7
918 100024 7
923 100018 5
930 100059 7
942 100013 6
991 100001 5
2 100100 7
21 100085 6
44 100043 5
64 100002 7
124 100095 6
127 100057 6
144 100005 7
155 100070 5
157 100092 6
163 100075 7
177 100032 7
219 100016 7
232 100033 7
244 100082 6
254 100005 5
337 100045 5
350 100091 6
435 100065 6
444 100092 7
467 100080 6
531 100061 6
553 100021 6
567 100060 6
576 100011 6
576 100017 7
594 100031 7
607 100014 7
611 100076 7
632 100038 6
633 100027 6
645 100016 6
671 100007 6
689 100035 6
701 100090 6
702 100003 5
713 100033 7
730 100073 7
747 100034 7
754 100053 6
758 100011 6
768 100040 7
834 100006 6
836 100089 7
893 100033 7
923 100057 6
925 100011 6
959 100022 7
968 100059 6
983 100073 7
992 100063 5
8 100032 7
34 100030 6
70 100077 5
86 100078 6
98 100073 6
105 100056 6
175 100033 6
198 100095 6
273 100007 6
274 100017 5
276 100063 7
284 100002 6
313 100072 5
319 100023 6
328 100072 5
356 100035 7
357 100040 5
376 100029 6
392 100075 6
436 100055 6
445 100022 5
446 100025 7
459 100077 7
500 100030 7
548 100032 6
556 100030 6
609 100006 6
625 100052 7
639 100058 7
673 100029 5
698 100091 7
705 100041 5
721 100063 7
749 100002 6
770 100076 6
787 100053 6
787 100093 7
791 100060 7
835 100036 6
836 100010 7
850 100019 6
856 100087 6
890 100023 6
906 100085 5
909 100037 6
976 100000 5
982 100047 7
994 100053 6
996 100030 6
1000 100031 5
8 100005 6
69 100077 6
75 100084 5
81 100014 5
120 100033 6
144 100090 5
172 100057 5
196 100079 7
198 100002 5
202 100048 7
204 100067 5
225 100066 6
248 100036 7
268 100019 7
284 100072 7
301 100040 6
343 100031 5
364 100095 5
371 100043 6
376 100055 6
389 100003 5
438 100093 7
469 100051 6
469 100051 7
486 100088 6
535 100031 6
592 100055 5
593 100088 5
599 100100 6
600 100018 5
610 100037 6
645 100026 7
658 100036 6
672 100066 7
679 100036 6
725 100100 6
744 100015 5
757 100080 6
761 100008 7
783 100021 6
825 100043 7
839 100052 6
876 100021 5
929 100002 6
930 100068 7
930 100090 7
941 100017 6
958 100002 6
966 100045 6
968 100017 6
21 100030 7
32 100053 6
45 100002 6
45 100036 6
70 100000 7
84 100018 7
180 100087 6
201 100030 7
215 100095 7
225 100052 6
233 100083 6
246 100070 5
266 100017 7
483 100057 5
486 100036 6
524 100067 6
532 100012 5
543 100015 7
570 100024 7
571 100098 6
602 100052 5
620 100066 6
633 100057 5
654 100006 5
669 100035 6
680 100069 6
734 100054 6
739 100067 5
755 100001 5
761 100079 5
779 100051 7
783 100086 7
789 100029 5
826 100038 7
829 100051 5
848 100003 6
862 100039 5
871 100015 7
874 100025 6
889 100001 7
895 100015 6
899 100053 5
909 100034 6
916 100018 7
916 100097 6
935 100005 6
944 100087 6
962 100097 7
964 100019 6
979 100030 6
9 100068 6
32 100011 7
70 100086 7
78 100088 6
82 100084 7
86 100006 6
95 100045 6
142 100051 7
144 100004 7
164 100027 6
167 100026 6
188 100072 5
217 100095 5
248 100001 7
265 100078 7
275 100002 7
284 100066 6
330 100069 7
344 100090 5
347 100005 7
419 100020 6
425 100051 5
441 100019 6
511 100024 6
517 100027 5
531 100003 5
590 100037 5
621 100052 5
648 100086 6
677 100085 7
678 100053 6
684 100080 6
693 100090 5
732 100039 7
743 100047 7
812 100077 6
823 100021 5
839 100100 6
846 100009 7
855 100038 6
856 100075 6
863 100096 6
882 100026 7
897 100081 7
931 100065 5
940 100099 7
942 100021 6
962 100046 7
985 100087 6
1000 100052 6
2 100093 6
76 100042 6
95 100079 5
114 100071 6
140 100071 6
151 100088 5
161 100094 7
209 100024 5
230 100047 6
234 100061 5
279 100041 6
286 100080 7
344 100017 6
346 100000 5
386 100075 5
420 100001 5
476 100031 7
482 100055 6
507 100087 7
511 100000 7
518 100000 5
544 100052 7
588 100054 6
629 100045 6
629 100057 6
676 100010 5
677 100074 5
688 100011 5
697 100100 6
701 100063 5
713 100095 5
717 100064 5
753 100097 6
755 100053 6
777 100057 6
791 100042 6
844 100036 6
849 100007 6
853 100062 5
860 100083 5
869 100069 6
869 100077 7
895 100025 7
900 100021 6
911 100035 6
934 100030 5
970 100028 5
994 100054 6
994 100055 6
999 100035 6
66 100060 7
69 100008 6
70 100006 5
90 100008 5
105 100095 5
110 100095 5
123 100033 6
139 100064 6
144 100010 6
180 100036 7
184 100015 6
227 100012 7
248 100041 7
273 100062 7
336 100006 6
340 100092 7
349 100003 5
406 100078 6
422 100071 6
435 100079 6
481 100083 7
483 100076 6
502 100074 7
525 100016 6
530 100051 6
547 100067 6
558 100007 5
577 100043 6
590 100004 6
633 100070 7
645 100071 6
647 100087 5
709 100083 7
721 100056 5
735 100031 6
751 100076 6
792 100022 6
805 100035 5
822 100066 5
823 100084 5
839 100053 5
846 100043 6
859 100010 6
896 100042 6
903 100091 7
904 100074 5
923 100051 6
928 100057 7
948 100094 5
956 100016 5
7 100037 6
21 100090 5
28 100038 7
30 100040 6
52 100041 6
75 100032 7
88 100002 5
92 100024 6
97 100084 7
98 100071 6
105 100008 6
111 100022 7
143 100049 7
158 100075 7
161 100023 5
178 100002 6
184 100044 5
200 100064 5
222 100052 5
223 100075 6
280 100064 7
307 100000 7
322 100046 6
367 100084 5
386 100065 7
399 100047 5
434 100087 6
439 100033 6
457 100091 5
481 100091 5
489 100051 7
524 100076 5
613 100014 6
632 100049 6
665 100027 5
724 100060 5
803 100024 5
826 100092 5
831 100010 7
835 100056 7
872 100094 5
874 100091 7
887 100073 5
888 100083 5
894 100017 6
925 100005 6
926 100040 6
949 100022 6
953 100095 6
978 100089 7
10 100011 7
20 100058 7
24 100068 5
29 100069 6
59 100096 6
72 100020 6
105 100031 6
109 100049 7
123 100066 6
126 100035 6
141 100009 5
163 100035 7
216 100039 6
223 100003 6
272 100086 6
315 100025 5
317 100039 5
328 100084 5
337 100061 6
352 100028 7
372 100099 6
392 100055 5
407 100074 6
483 100005 6
485 100054 5
502 100067 7
578 100083 7
579 100001 5
581 100043 6
581 100071 6
583 100026 5
589 100096 6
604 100038 7
632 100044 6
717 100098 5
763 100065 5
786 100050 7
787 100005 7
790 100094 7
796 100051 5
812 100069 6
840 100050 6
844 100047 7
846 100066 6
848 100094 6
917 100061 6
920 100070 6
944 100059 6
951 100048 6
977 100078 6
26 100091 6
46 100019 6
59 100059 6
87 100060 5
134 100029 6
151 100076 5
185 100009 6
198 100055 5
222 100008 6
279 100075 6
301 100087 6
307 100001 7
337 100010 7
342 100025 5
365 100078 5
373 100092 6
382 100091 6
408 100038 6
413 100059 6
436 100018 6
452 100027 6
452 100085 7
489 100045 5
507 100004 6
515 100081 6
523 100014 5
524 100027 6
527 100026 7
596 100094 6
613 100071 6
683 100002 5
689 100057 6
691 100026 6
694 100028 7
695 100026 5
713 100034 7
718 100012 6
747 100036 6
756 100001 7
764 100040 6
773 100058 5
782 100044 7
804 100004 6
821 100027 7
830 100043 6
858 100017 6
894 100018 7
905 100081 5
954 100100 6
959 100031 5
15 100008 5
27 100069 6
99 100070 7
106 100009 7
115 100037 7
148 100060 6
149 100036 5
183 100030 5
196 100091 6
233 100049 6
242 100055 7
246 100068 6
253 100054 6
268 100000 6
299 100041 7
311 100036 6
326 100070 6
330 100030 7
343 100031 7
348 100088 7
349 100023 6
354 100082 6
386 100044 6
415 100019 6
439 100063 7
458 100025 6
486 100076 7
491 100039 5
496 100076 5
529 100074 5
569 100080 6
581 100020 6
599 100026 5
638 100015 5
655 100043 7
684 100056 5
703 100096 7
710 100077 5
714 100039 7
729 100025 7
763 100000 7
792 100061 6
820 100083 7
829 100060 6
909 100086 6
929 100080 6
936 100051 5
947 100078 7
951 100027 6
986 100027 7
33 100000 6
74 100057 6
78 100024 5
85 100064 6
107 100060 7
141 100100 5
145 100079 7
145 100093 7
152 100049 6
162 100011 5
162 100034 6
168 100035 5
215 100078 7
217 100077 7
225 100030 5
229 100031 6
238 100044 7
326 100030 6
332 100016 7
382 100043 5
401 100050 6
417 100005 6
425 100005 7
426 100083 5
428 100061 6
485 100018 5
501 100076 5
503 100067 7
514 100084 6
545 100035 5
554 100055 5
604 100077 6
625 100034 6
651 100033 6
659 100094 6
668 100023 5
676 100053 6
729 100093 7
738 100034 7
743 100056 6
752 100002 6
752 100047 7
764 100079 7
803 100066 6
815 100079 7
855 100059 6
899 100023 6
920 100069 6
929 100051 5
954 100075 6
