200 20 52903
10 65 170
10 65 234
10 57 210
10 65 174
10 63 205
10 83 178
10 56 172
10 73 168
10 61 212
10 143 197
10 73 204
10 104 186
10 69 199
10 97 221
10 113 183
10 136 158
10 77 224
10 63 223
10 145 183
10 112 178
11 68 28
23 636 27
94 814 25
288 796 29
295 311 28
499 287 24
526 221 29
649 942 30
661 711 23
784 300 28
44 757 30
125 313 32
195 163 29
321 244 24
379 846 28
416 890 29
466 857 29
590 119 27
652 798 29
923 354 32
8 642 25
67 543 25
117 879 24
178 47 23
180 259 30
342 720 26
450 304 30
453 129 30
656 320 25
990 166 25
18 941 30
66 68 31
188 41 27
256 291 28
444 123 28
593 381 26
703 213 24
744 588 30
801 765 31
898 563 26
58 791 23
101 10 28
145 298 30
202 64 31
250 870 25
435 987 23
549 574 25
962 455 24
990 767 30
997 519 28
368 627 24
420 199 30
443 300 28
572 275 25
577 635 25
792 348 32
830 917 23
851 712 25
960 612 23
973 765 31
140 237 25
271 402 26
296 811 27
376 865 23
554 636 26
616 913 27
651 734 31
706 147 23
787 188 32
835 735 31
167 473 25
262 200 31
281 468 26
366 239 28
387 222 27
417 341 28
567 869 23
579 292 25
666 80 23
710 345 30
406 619 25
413 481 29
436 349 27
483 948 26
690 116 29
693 875 29
763 650 28
840 946 29
852 156 26
918 51 23
71 245 26
141 69 28
175 784 28
349 189 31
402 891 29
498 497 26
504 896 29
605 253 30
626 666 27
637 498 30
70 667 28
109 500 32
185 816 30
336 918 26
521 348 24
589 56 26
723 885 31
776 288 28
784 322 26
811 871 23
77 423 25
116 933 32
122 592 27
242 389 31
276 786 25
385 432 25
425 624 24
640 27 32
848 3 30
850 770 30
115 978 27
262 292 26
305 656 29
395 549 30
440 258 25
591 840 26
656 597 27
729 745 29
766 671 32
813 129 29
8 838 30
295 737 28
405 739 31
438 161 24
439 942 23
582 882 24
590 372 23
615 466 23
760 82 28
760 907 25
119 129 25
334 482 29
395 797 25
470 141 32
492 879 31
512 684 30
634 526 29
656 705 26
756 31 26
767 881 28
13 363 23
198 163 28
284 375 26
392 220 27
430 196 28
444 71 27
597 285 28
674 138 31
716 427 27
728 11 26
55 627 24
116 235 23
120 272 30
500 267 30
509 7 25
511 665 26
528 365 25
559 755 32
755 535 25
771 807 24
228 1000 23
485 619 24
516 127 25
544 920 31
602 478 24
718 730 30
823 11 25
940 634 24
955 335 28
992 958 28
31 771 26
61 683 28
178 189 23
194 334 26
272 848 25
498 723 28
509 259 27
616 229 27
797 683 29
915 962 29
165 609 26
253 140 27
365 65 25
568 384 27
643 492 25
711 132 26
861 303 27
946 938 30
957 787 29
993 565 26
