50 20 2625174
3 97 212
3 80 249
3 77 184
3 78 156
3 56 225
3 66 150
3 117 204
3 102 237
3 95 225
3 114 220
2 78 244
2 80 246
2 121 206
2 54 250
2 69 215
2 75 236
2 109 194
2 52 243
2 120 249
2 80 207
499 100047 100
865 100004 107
976 100050 100
55 100077 90
379 100076 99
603 100010 91
269 100048 100
521 100076 106
849 100051 94
535 100065 99
602 100096 99
795 100082 95
11 100100 80
245 100062 85
407 100060 85
137 100046 107
667 100092 107
988 100031 99
219 100006 87
221 100008 97
822 100057 107
109 100086 83
824 100059 93
967 100036 82
52 100050 94
54 100011 93
251 100006 85
114 100072 107
607 100017 104
912 100088 106
684 100080 137
746 100004 162
228 100097 123
368 100033 120
635 100099 164
844 100095 149
358 100014 139
629 100038 140
677 100069 163
814 100088 149
309 100072 129
593 100055 122
197 100087 161
953 100048 131
194 100038 133
851 100009 147
710 100082 153
743 100061 165
6 100023 161
613 100030 145
