200 20 52582
10 102 167
10 92 187
10 113 224
10 65 233
10 123 218
10 142 233
10 133 188
10 85 183
10 78 186
10 131 226
10 82 170
10 104 193
10 118 160
10 65 178
10 111 210
10 140 169
10 110 176
10 137 222
10 96 197
10 57 170
209 131 27
220 759 31
252 385 30
286 744 29
479 17 28
524 753 26
720 680 32
771 909 29
856 954 32
899 416 31
16 51 29
31 540 30
92 955 29
415 403 32
483 991 26
491 433 28
542 702 32
800 575 24
910 632 25
972 593 29
78 731 30
102 168 25
490 13 25
557 637 32
560 685 25
619 919 31
661 180 29
691 666 29
958 513 29
959 263 33
7 603 24
188 79 32
201 777 24
250 436 33
278 376 31
421 636 24
461 3 24
469 707 31
506 381 32
667 849 30
6 454 29
207 651 33
370 385 27
550 981 25
579 979 31
719 580 25
740 401 23
863 186 32
966 593 28
970 978 28
85 978 27
188 735 32
243 362 26
353 864 32
394 460 32
616 153 29
634 238 30
680 816 31
937 216 30
944 226 33
204 725 28
234 518 29
253 228 29
285 566 33
408 43 26
826 584 30
856 106 24
856 363 30
873 605 28
998 289 31
82 180 27
145 304 24
146 736 23
194 31 26
277 45 26
386 723 31
471 617 26
586 615 28
709 910 24
803 147 31
47 428 32
359 102 27
443 964 30
475 208 30
549 536 25
608 200 23
612 533 28
745 311 32
797 561 33
829 349 32
75 614 30
99 170 31
205 444 31
283 712 31
360 464 28
617 135 27
757 624 30
763 951 24
772 861 27
822 512 26
69 240 26
135 211 24
330 806 24
400 499 29
431 441 29
473 573 31
599 416 26
676 731 28
743 508 30
767 355 31
41 528 30
132 900 31
181 928 28
210 381 23
344 532 25
366 75 24
402 706 33
566 344 32
705 88 26
918 586 32
139 58 31
288 899 28
438 584 27
485 995 26
563 778 25
757 599 32
763 510 26
885 825 30
900 130 28
977 277 24
178 701 26
185 238 31
217 11 26
242 619 25
499 834 28
731 807 28
740 838 26
750 640 28
789 312 25
962 310 25
67 237 26
95 443 28
101 841 25
123 71 29
328 229 25
375 470 28
577 364 24
628 889 26
663 271 28
681 139 26
291 87 33
298 681 26
411 196 27
672 312 30
685 51 31
726 693 32
762 124 31
781 941 27
858 520 32
991 496 26
327 224 32
371 762 32
400 976 31
417 271 33
418 984 25
472 290 32
539 984 24
600 376 32
703 387 29
823 258 26
68 590 24
79 741 24
246 916 26
307 974 30
338 393 33
633 562 28
717 18 33
822 482 28
876 855 31
944 597 30
83 475 27
125 127 32
189 39 26
206 743 32
339 887 28
426 841 31
498 149 29
778 488 26
784 290 28
992 356 33
10 829 24
74 262 33
235 50 30
248 33 29
370 138 31
494 569 31
519 813 32
535 805 32
572 600 29
706 707 28
