500 20 1308232
25 62 224
25 105 238
25 113 184
25 50 202
25 106 207
25 53 208
25 82 155
25 141 239
25 139 170
25 118 175
25 120 210
25 58 235
25 100 157
25 116 217
25 60 212
25 113 185
25 142 209
25 134 229
25 137 195
25 138 200
735 908 9
1555 4429 10
1845 6905 13
2302 1241 11
2378 8654 12
2698 7488 12
2792 2705 10
3143 5607 10
3755 4689 11
3827 2963 12
4611 985 10
4685 1835 10
4948 6798 12
5789 6076 11
5866 8002 11
5875 6989 12
5938 4049 10
6003 3998 10
7628 8305 10
8156 8449 12
8336 6454 10
8348 359 13
9191 9053 10
9626 4892 10
9687 4120 12
352 5565 11
862 2871 10
949 8241 9
1187 4586 13
1646 7866 12
1780 1749 10
1924 6694 11
2263 1903 12
3078 3397 12
3531 1955 11
3912 8796 10
4251 9593 10
4385 3051 11
5929 4678 11
6605 7392 13
6689 2060 13
7341 774 10
7559 208 9
8102 8902 11
8213 5659 9
8240 6393 10
9117 6244 10
9335 2078 11
9644 1242 12
9829 7937 9
154 4520 11
381 268 10
836 8906 10
953 6014 11
1426 602 11
1447 2868 11
1643 4893 12
1835 3801 12
2358 5350 12
2763 4158 10
3158 707 9
3363 391 9
3660 723 11
3802 64 10
4269 1703 12
4280 8606 11
4340 6349 13
4579 9403 10
5159 8565 10
6133 2843 9
7147 4995 13
8636 8062 11
8655 5517 9
8891 7842 11
9992 6559 12
523 8750 13
1458 2882 12
1479 8612 12
2121 8972 11
2335 9606 10
2393 3338 10
2937 1689 10
3549 2137 11
3572 206 12
3775 405 9
3914 9015 9
4042 887 10
4305 539 11
5238 4080 12
5524 6451 11
5563 3590 12
6345 6820 11
6905 5884 9
6948 5592 10
7230 7665 12
7878 4794 10
8881 4963 11
9076 6807 11
9466 2984 12
9794 6744 9
43 502 13
807 6020 9
1280 9571 11
1428 7910 11
1606 6624 9
1867 9563 11
1919 4532 10
2592 4965 11
2696 9703 9
2789 3480 10
4056 7064 11
4212 6444 10
4870 4809 12
4882 105 11
5668 4789 10
5900 7467 11
7227 8881 13
7252 9666 10
7257 4417 12
7341 9054 11
7437 4693 12
7644 1311 12
7719 8726 10
8592 267 12
9775 1345 11
311 6669 9
491 8507 13
1107 679 10
1817 9849 10
1875 8028 12
2496 5972 10
2602 21 13
2757 9303 13
3144 1446 9
4471 8036 10
4475 869 10
4532 418 11
4620 7400 12
4978 6665 10
4979 8428 13
5091 3658 10
5500 3371 10
5584 5437 10
6392 6261 12
7552 6337 9
7694 4329 13
7857 2393 12
8916 8971 10
9142 4672 12
9292 9558 10
1909 4523 10
2714 5113 12
3475 1712 11
3617 2431 9
3643 320 9
3807 1269 10
4437 6509 11
4907 7018 12
4928 7153 12
5430 7519 9
5539 5426 9
5873 1801 11
6055 480 13
6628 1873 10
7382 4796 12
7450 7570 9
7576 4929 9
7673 3058 10
7912 6450 11
8095 2491 11
8540 2253 12
8961 9808 12
9434 8691 11
9652 7875 13
9747 4870 9
159 8449 12
275 3588 12
1045 4078 12
2054 1350 12
3141 9710 13
3260 8038 12
3325 4097 11
3760 5858 10
4915 8131 12
5078 4485 13
5595 3291 9
5848 330 11
5850 7411 10
6041 109 11
7492 4458 13
7518 3674 10
7560 1751 12
7656 2654 9
7670 5705 12
7823 8854 11
8144 8932 13
8467 6905 11
8486 9286 12
8604 366 11
9453 6234 10
226 9170 10
1159 6633 12
1167 5318 12
1175 3452 10
1561 6335 12
1706 1427 9
2319 4952 13
2591 4722 11
2763 6884 9
3244 651 10
3253 660 12
3311 4080 10
4123 6467 11
4346 6723 12
4666 8612 11
5522 6965 11
5545 3430 10
8096 8954 11
8100 9419 9
8132 431 9
8605 6953 12
8709 1423 11
9308 2136 10
9837 3104 11
9866 3308 12
87 5882 10
147 6937 10
1067 626 12
1177 1801 13
1366 9392 11
2469 7286 11
2737 5049 12
3354 4663 9
3359 3994 9
4039 6075 11
4271 6219 10
4318 1401 9
4714 1997 9
4752 7956 12
4801 9951 12
5497 155 11
6523 9376 12
6936 6970 11
7490 2706 10
8093 9877 13
8288 9239 13
8718 6861 10
8959 9516 10
9380 8880 9
9759 4437 9
799 4427 12
973 373 12
1170 2248 10
2124 3419 11
2349 2200 9
2472 7635 12
2804 1072 12
3317 5741 11
3431 5905 10
4362 685 11
5563 2398 10
5829 1940 11
6166 8964 12
6185 9391 12
6709 2515 12
6886 5266 9
7022 3584 11
7146 3763 11
7869 2772 13
7923 8066 9
8189 2792 12
8508 2680 12
8666 287 10
8842 7382 11
9121 308 11
1277 198 12
1311 8061 9
2443 4844 10
2672 2793 10
3245 7239 12
3663 5074 9
4713 463 10
5154 3796 11
5328 1923 9
5930 6075 11
5950 4576 11
6085 410 12
6744 9004 9
7576 7362 9
7754 5673 9
8051 1522 11
8098 2739 13
8105 8605 10
8310 8543 11
8455 578 11
8973 555 11
9392 5704 11
9462 6438 12
9738 7308 11
9942 3774 11
794 7300 10
948 6482 12
1015 5719 9
1109 9093 11
2311 8103 10
2334 8632 10
2698 932 13
3223 9218 9
3624 986 11
3675 8667 12
3889 6048 13
4289 8255 10
4772 952 13
5021 4528 12
5311 6477 13
5768 828 12
6631 1695 9
6872 3493 12
6916 9844 12
7751 1515 11
8878 1535 10
9069 6005 12
9072 3655 12
9166 233 11
9268 5863 10
71 2159 11
555 3875 11
1086 4738 11
1334 1249 10
1455 8157 10
1568 6623 13
1640 5394 12
1696 8948 9
2251 5088 11
2576 8961 11
2591 4096 11
3226 6786 13
3266 8777 10
3660 1735 10
4359 4476 12
5101 8534 10
5763 3846 9
6413 3545 12
7668 3825 10
7786 2092 12
7957 4013 13
8376 6447 11
8400 138 11
8690 7826 12
9892 7806 11
104 1519 10
1668 1910 10
2422 8372 11
2601 4132 12
2849 6978 11
3272 6329 10
4261 3258 11
4467 5485 12
4945 8394 10
5229 9520 11
6075 9123 10
6128 3827 13
6753 9995 13
7504 9838 11
7511 3572 13
7969 2753 12
8000 4984 12
8226 2659 10
8227 1647 11
9065 338 12
9173 4852 12
9476 1708 10
9606 4413 11
9694 1846 13
9952 6141 11
37 6789 9
592 9452 12
754 4738 9
805 6314 11
896 3947 10
1188 8883 12
1340 4089 13
2277 4020 10
2409 1947 11
2724 9961 12
3470 2934 9
4653 8225 12
6031 8366 10
6692 2768 11
6915 9410 13
7301 1128 12
7391 1501 13
7861 5805 10
7975 3937 10
8205 60 9
8536 9905 13
8611 6538 13
9162 3968 9
9595 2750 10
9695 1906 12
649 711 11
766 1054 9
1960 4048 10
2336 2080 10
2355 1680 9
2359 9972 11
3049 5572 12
3311 611 13
3410 1736 9
3893 2021 10
3903 1679 9
5193 3519 11
5676 7590 11
6174 6936 12
6790 2221 11
6831 455 12
6854 7604 10
8024 211 10
8354 8771 13
8376 5742 12
8770 7236 11
9628 9507 13
9869 5974 12
9903 5919 12
9962 6824 11
1268 1432 12
2065 9411 13
2925 9592 11
3401 4446 10
3592 9234 9
3703 1142 11
3868 8592 12
4151 4287 11
4831 445 13
5363 7945 12
5563 6470 12
6276 4988 9
6699 5527 10
6848 7241 12
6935 7108 10
6963 8297 10
7099 2461 10
7675 7750 10
7865 188 11
8007 6828 10
8502 4698 10
8770 9739 11
9433 2421 13
9628 2104 10
9664 6818 12
962 3212 13
2025 7955 9
2255 2285 12
2333 9171 12
3017 7890 12
3631 9687 13
3837 4656 12
3903 8930 11
3907 954 11
3995 8558 12
4162 9277 12
4191 2740 11
4266 1030 12
5238 9455 11
5526 4639 9
6014 4480 13
6658 415 10
7430 6397 10
8220 2549 10
8648 3086 11
8790 1599 10
8858 7044 10
9512 37 10
9629 547 11
9851 3034 12
167 9734 9
539 8921 10
671 8550 9
1259 3498 10
1519 5597 12
2491 6378 10
2692 6178 13
2841 257 11
3385 7973 9
3435 8781 9
3478 1243 9
3923 3440 11
5245 8209 11
5309 9858 11
5726 7923 11
5788 4282 12
6297 886 11
6433 4919 11
6753 4447 11
6851 5583 13
7718 3513 10
8713 4760 11
9073 3231 11
9204 852 10
9964 3143 11
