1000 100 44576165
10 66 192
10 142 174
10 107 158
10 144 168
10 145 152
10 138 200
10 66 187
10 101 223
10 135 158
10 127 225
10 137 161
10 63 185
10 96 161
10 104 203
10 136 232
10 79 249
10 100 193
10 63 240
10 113 213
10 121 162
10 98 231
10 136 159
10 132 182
10 142 234
10 103 243
10 110 168
10 64 156
10 136 235
10 89 228
10 86 186
10 56 155
10 76 161
10 53 199
10 142 212
10 95 212
10 122 206
10 149 169
10 108 164
10 102 153
10 86 158
10 125 162
10 93 250
10 91 183
10 121 243
10 104 182
10 80 156
10 61 214
10 119 167
10 115 178
10 92 203
10 87 191
10 115 157
10 120 198
10 111 192
10 129 153
10 58 207
10 116 169
10 81 157
10 96 165
10 94 244
10 103 210
10 67 197
10 81 226
10 50 203
10 81 248
10 76 165
10 90 174
10 113 150
10 111 238
10 61 239
10 83 162
10 78 192
10 132 153
10 99 222
10 53 231
10 115 248
10 127 219
10 82 219
10 120 226
10 79 178
10 122 150
10 100 183
10 150 210
10 128 214
10 95 216
10 108 228
10 77 169
10 74 214
10 82 215
10 81 188
10 80 164
10 109 160
10 90 212
10 126 169
10 71 213
10 123 154
10 119 237
10 135 185
10 51 243
10 72 226
29 100000 33
84 100015 34
203 100060 38
439 100040 31
611 100082 30
626 100070 33
777 100005 36
792 100081 38
805 100061 35
834 100042 32
127 100022 33
201 100003 29
234 100054 36
295 100057 30
323 100060 33
450 100034 38
532 100046 30
549 100006 34
625 100012 29
867 100030 28
63 100072 36
248 100096 30
269 100012 34
328 100081 38
373 100090 32
646 100038 29
773 100095 28
825 100083 29
839 100069 33
1000 100080 36
21 100099 32
327 100011 29
398 100056 29
439 100075 30
441 100089 38
623 100095 30
802 100030 36
840 100027 32
874 100014 34
962 100047 33
61 100013 28
331 100073 37
355 100041 36
358 100083 37
361 100019 37
454 100061 33
629 100007 34
714 100085 32
725 100058 30
812 100100 33
55 100086 30
152 100022 35
210 100054 30
258 100089 31
260 100014 30
299 100042 33
498 100035 30
641 100018 38
776 100061 28
854 100033 28
11 100049 28
19 100057 34
36 100045 32
38 100043 31
127 100085 35
310 100014 31
471 100027 35
522 100021 32
828 100090 37
895 100064 36
148 100021 28
361 100013 34
499 100016 34
518 100082 29
546 100098 28
640 100096 29
661 100059 39
707 100005 32
925 100027 29
981 100028 35
48 100084 36
152 100064 33
237 100005 31
265 100030 29
329 100021 28
565 100029 38
706 100026 36
720 100019 33
900 100035 30
961 100053 37
11 100053 35
129 100069 34
168 100009 31
209 100002 39
406 100035 30
425 100012 28
492 100084 29
867 100071 32
870 100089 39
971 100037 35
96 100057 35
282 100013 34
352 100078 31
464 100092 39
522 100076 34
537 100092 32
568 100082 36
573 100017 35
679 100045 31
874 100094 30
49 100012 31
101 100006 31
330 100028 28
517 100006 32
564 100028 31
661 100062 33
769 100054 32
860 100064 37
900 100030 38
921 100005 30
24 100025 35
76 100011 37
153 100066 36
174 100046 28
213 100016 31
298 100063 37
439 100017 35
628 100020 35
734 100006 39
799 100041 30
1 100093 34
16 100092 35
267 100042 31
573 100079 32
586 100040 32
668 100074 33
872 100014 37
897 100068 35
909 100037 37
949 100039 32
85 100056 29
299 100032 34
343 100051 35
607 100055 37
610 100021 28
618 100025 34
705 100082 32
717 100001 28
820 100038 34
993 100058 30
4 100085 37
92 100041 34
104 100022 30
107 100016 34
117 100045 33
133 100004 32
240 100016 31
292 100036 34
580 100037 31
779 100091 28
4 100076 31
14 100010 32
47 100001 36
121 100004 33
269 100095 37
427 100089 31
699 100023 32
708 100034 38
732 100100 34
971 100079 34
259 100083 37
262 100063 37
310 100069 35
326 100015 35
501 100079 36
633 100088 34
797 100024 32
824 100055 31
880 100043 33
973 100057 35
34 100019 28
263 100058 39
374 100006 38
457 100096 33
615 100100 36
619 100100 36
695 100074 30
751 100050 39
938 100063 39
952 100011 35
19 100002 28
263 100067 38
302 100043 28
536 100009 32
567 100011 30
596 100092 28
614 100001 31
619 100000 34
730 100077 37
912 100087 33
192 100081 33
272 100002 38
343 100094 37
399 100092 28
454 100096 37
564 100018 37
567 100063 37
656 100051 34
846 100078 35
916 100018 36
18 100075 32
86 100024 38
263 100044 39
345 100016 32
369 100077 36
391 100096 36
499 100090 37
606 100072 33
674 100011 35
939 100020 33
7 100073 35
138 100046 30
174 100046 38
281 100032 30
309 100002 35
468 100030 32
513 100086 38
627 100054 39
946 100092 35
971 100073 36
26 100071 33
184 100027 28
243 100014 34
264 100048 36
496 100074 29
532 100024 35
674 100025 33
676 100067 31
713 100064 34
945 100064 28
27 100088 33
125 100028 29
182 100052 30
343 100035 29
387 100052 28
542 100057 34
621 100038 30
623 100072 33
659 100034 33
815 100033 32
169 100094 28
183 100035 34
351 100015 34
609 100076 32
672 100029 29
682 100016 30
709 100028 34
758 100008 30
846 100015 35
875 100006 35
92 100026 35
127 100025 39
192 100027 37
257 100029 31
350 100034 35
430 100100 28
465 100094 30
626 100038 28
703 100004 31
729 100032 29
59 100028 35
181 100036 28
247 100022 28
352 100064 35
509 100095 32
521 100042 28
528 100089 31
690 100034 38
704 100017 33
875 100086 33
144 100044 38
171 100100 38
274 100031 35
456 100078 37
516 100035 31
611 100099 28
645 100080 32
821 100008 35
830 100046 34
886 100082 28
138 100053 28
320 100047 35
326 100051 33
543 100050 39
581 100061 33
656 100048 38
671 100077 30
681 100098 30
794 100019 35
919 100010 28
154 100022 37
247 100010 28
271 100056 28
373 100096 33
387 100050 32
432 100039 33
495 100051 35
698 100017 30
840 100060 31
879 100051 28
211 100087 35
294 100043 31
312 100055 32
390 100027 34
590 100015 30
645 100039 38
691 100039 36
796 100010 38
904 100080 33
987 100048 37
13 100003 28
418 100006 28
468 100069 36
495 100025 30
506 100028 36
542 100010 35
607 100071 37
734 100003 34
768 100034 33
778 100030 29
72 100072 33
105 100090 30
493 100083 33
512 100020 32
571 100051 36
574 100060 32
705 100073 38
825 100078 31
843 100093 30
908 100059 37
349 100047 29
451 100048 30
473 100093 37
484 100031 35
515 100047 29
570 100047 31
619 100056 37
676 100012 36
939 100020 37
964 100039 28
55 100017 30
155 100097 30
162 100092 36
267 100052 37
348 100012 38
432 100022 35
534 100100 28
646 100050 28
705 100090 33
733 100049 37
86 100043 32
276 100063 32
298 100018 37
591 100019 35
629 100079 28
723 100014 39
820 100042 39
838 100061 37
859 100056 30
914 100070 28
336 100015 29
362 100074 32
458 100021 37
552 100047 37
562 100045 34
615 100054 32
634 100084 30
709 100086 28
776 100016 32
996 100085 36
67 100040 32
264 100026 32
292 100026 31
305 100068 36
422 100010 30
424 100091 37
650 100008 28
742 100023 30
753 100075 37
877 100012 38
3 100050 37
45 100082 35
179 100080 38
256 100098 28
279 100011 34
456 100022 37
511 100094 30
795 100095 35
847 100090 32
943 100039 38
73 100043 34
171 100029 36
193 100079 35
306 100017 32
323 100037 29
514 100007 35
597 100080 36
627 100077 33
653 100070 38
733 100004 38
64 100033 39
114 100076 38
364 100082 30
814 100089 35
828 100039 37
841 100088 37
884 100009 38
900 100064 30
912 100065 35
947 100035 28
16 100043 30
35 100083 30
58 100064 35
256 100071 35
444 100026 39
534 100010 33
623 100088 33
732 100000 31
736 100002 32
817 100063 37
105 100070 30
108 100021 39
210 100024 38
425 100015 38
468 100013 34
578 100000 30
773 100058 35
855 100046 29
857 100054 38
929 100059 39
136 100095 31
261 100064 28
348 100075 38
365 100081 29
436 100095 34
566 100038 29
717 100002 29
933 100064 36
946 100015 35
967 100082 31
8 100059 30
94 100058 37
129 100078 33
174 100008 29
187 100062 29
201 100076 28
317 100069 34
480 100018 31
700 100040 37
999 100051 35
65 100017 31
112 100021 38
218 100036 36
244 100010 34
327 100067 39
388 100088 37
553 100088 34
748 100039 35
916 100081 32
951 100086 34
101 100090 34
128 100020 30
184 100034 38
270 100083 34
283 100065 31
343 100012 28
355 100005 28
442 100037 28
456 100051 34
854 100018 38
243 100048 36
272 100086 29
391 100011 36
405 100083 39
445 100047 28
450 100022 35
498 100023 36
548 100070 32
582 100059 28
606 100020 37
172 100011 28
254 100020 30
343 100083 28
436 100021 33
481 100053 28
646 100081 28
685 100100 32
709 100045 28
801 100054 29
854 100052 32
17 100045 29
65 100080 28
120 100096 28
278 100010 37
497 100028 28
584 100034 38
683 100094 31
711 100049 35
756 100043 29
981 100006 30
36 100048 37
69 100033 37
147 100054 30
199 100018 30
365 100008 35
742 100065 35
756 100098 36
845 100012 32
919 100015 34
943 100059 32
112 100027 35
215 100091 35
253 100055 30
307 100036 36
363 100093 35
435 100033 30
438 100046 35
548 100058 37
559 100009 37
572 100051 39
56 100046 29
59 100017 35
116 100061 38
207 100072 37
449 100041 38
521 100092 31
654 100087 29
872 100086 28
905 100020 34
962 100028 30
253 100013 31
283 100044 38
286 100021 36
286 100087 38
310 100040 28
317 100089 39
342 100035 31
555 100009 38
732 100033 34
963 100038 29
155 100041 36
211 100044 39
411 100054 38
433 100055 29
457 100014 32
482 100004 33
504 100058 30
772 100042 38
957 100057 37
981 100057 29
2 100078 29
169 100093 35
183 100096 30
525 100056 32
550 100008 37
588 100019 37
629 100031 31
700 100050 35
873 100049 38
935 100041 32
111 100013 29
134 100001 29
224 100056 37
395 100031 37
444 100023 28
543 100035 38
552 100055 33
715 100015 36
812 100087 36
894 100043 36
115 100052 37
299 100084 39
398 100027 37
546 100096 30
594 100099 28
775 100098 30
786 100084 35
953 100053 29
981 100031 33
991 100031 32
124 100016 36
129 100085 39
141 100049 34
539 100065 29
611 100054 33
724 100017 29
757 100010 38
774 100032 38
805 100023 38
933 100020 32
169 100078 35
319 100093 30
490 100001 28
574 100003 37
601 100084 29
634 100048 34
819 100050 34
839 100016 32
895 100009 39
933 100095 38
43 100023 35
122 100080 38
280 100047 34
351 100005 31
436 100044 30
458 100059 28
565 100036 28
625 100094 28
823 100034 28
970 100014 36
258 100022 37
375 100056 33
539 100094 29
632 100063 36
690 100033 30
760 100070 29
886 100061 33
903 100024 28
955 100057 39
997 100022 33
303 100018 32
433 100086 32
515 100056 30
561 100050 31
806 100058 29
877 100085 30
903 100031 35
921 100001 31
937 100074 30
956 100097 30
122 100018 32
291 100082 37
347 100024 31
459 100004 31
542 100076 37
552 100095 34
710 100001 36
713 100052 36
978 100097 28
985 100044 37
6 100082 29
9 100079 33
93 100079 30
153 100072 34
372 100042 33
398 100075 36
531 100055 38
662 100046 36
832 100058 31
892 100095 30
74 100011 28
344 100046 38
497 100003 28
606 100010 38
670 100044 37
723 100016 29
843 100011 37
864 100004 35
919 100079 30
996 100063 30
130 100010 28
189 100004 38
267 100056 33
269 100008 34
270 100046 37
437 100093 38
459 100085 37
710 100034 35
792 100047 35
965 100099 36
179 100064 34
229 100057 33
346 100046 29
412 100007 37
492 100034 32
691 100056 39
692 100073 30
733 100069 39
773 100012 37
943 100070 36
28 100080 35
210 100028 36
220 100087 30
387 100067 38
528 100077 37
599 100058 36
693 100095 32
795 100007 35
837 100056 37
984 100004 35
78 100029 37
436 100096 37
465 100083 31
484 100097 37
614 100012 38
714 100005 28
785 100021 34
813 100095 28
960 100069 35
988 100091 33
39 100021 33
228 100026 28
402 100036 37
469 100093 30
503 100076 30
605 100054 29
629 100047 37
672 100003 37
807 100042 30
988 100062 37
5 100064 30
100 100029 32
105 100012 37
249 100002 35
304 100030 29
347 100034 32
456 100056 28
769 100006 31
917 100062 30
952 100086 33
92 100000 34
151 100061 37
326 100083 33
333 100039 37
473 100077 39
705 100052 34
734 100034 37
896 100004 31
985 100068 36
994 100056 38
13 100007 34
34 100040 32
311 100089 28
363 100097 32
589 100079 33
693 100049 35
723 100033 38
779 100070 34
848 100066 29
945 100097 28
154 100032 30
201 100093 32
263 100026 35
284 100041 28
384 100080 30
395 100098 34
624 100024 29
799 100085 34
811 100061 29
873 100098 33
88 100071 29
180 100065 31
247 100067 37
629 100070 37
682 100056 31
709 100028 39
776 100040 37
798 100057 36
948 100076 38
952 100017 29
15 100075 35
551 100065 35
591 100044 32
622 100075 30
697 100043 38
758 100005 30
766 100067 36
771 100020 28
833 100083 35
838 100088 37
154 100047 35
425 100091 29
512 100049 30
585 100098 39
640 100005 28
726 100093 38
761 100018 33
810 100040 35
845 100015 38
995 100007 38
80 100005 29
143 100004 29
182 100086 30
466 100005 32
484 100066 39
523 100058 33
659 100000 30
838 100037 38
858 100077 28
896 100076 37
99 100079 28
128 100085 38
229 100044 32
368 100017 28
610 100040 30
780 100079 30
860 100000 34
911 100064 28
970 100001 33
981 100093 35
77 100081 33
147 100021 36
154 100049 33
173 100058 32
258 100016 34
444 100091 28
445 100064 33
473 100055 36
664 100019 35
750 100073 37
31 100076 36
77 100073 38
100 100037 36
119 100064 33
385 100022 36
445 100020 37
456 100029 29
933 100002 32
981 100086 33
982 100095 36
85 100087 29
109 100003 28
232 100028 28
290 100045 31
402 100080 35
526 100029 39
541 100074 37
560 100017 35
680 100031 32
988 100026 31
319 100077 38
337 100036 39
382 100086 35
423 100030 37
429 100011 38
463 100001 35
811 100029 36
916 100032 32
925 100011 29
978 100085 30
53 100027 28
139 100017 33
176 100014 30
278 100060 35
290 100001 37
320 100020 39
391 100019 32
493 100064 32
812 100013 31
830 100052 39
2 100010 32
58 100071 29
283 100022 36
367 100017 32
407 100002 33
450 100016 29
562 100083 31
609 100031 36
846 100088 30
916 100087 31
23 100065 34
378 100008 37
432 100077 31
693 100090 28
834 100056 39
837 100032 29
873 100005 33
925 100064 38
925 100100 29
942 100080 39
5 100025 37
348 100020 38
404 100005 36
418 100020 37
485 100022 38
614 100083 30
802 100026 31
820 100097 30
829 100042 38
860 100076 34
281 100026 32
303 100093 34
400 100028 38
475 100039 38
604 100071 30
700 100048 32
750 100007 30
786 100047 38
918 100037 32
991 100031 31
51 100000 34
61 100001 38
118 100082 36
124 100030 28
481 100032 32
735 100023 31
736 100012 38
785 100012 39
866 100077 32
900 100040 34
262 100071 33
289 100005 33
445 100084 32
453 100076 35
606 100072 31
608 100021 33
713 100044 33
759 100005 30
802 100100 30
950 100044 29
37 100068 35
281 100093 32
308 100087 30
397 100055 39
404 100069 28
480 100056 39
616 100095 36
633 100044 32
952 100083 33
962 100060 39
54 100053 35
214 100010 32
358 100027 30
456 100029 36
510 100019 33
551 100065 31
724 100027 32
778 100004 28
854 100033 35
888 100022 31
113 100081 28
417 100053 29
470 100070 30
632 100001 38
675 100055 29
792 100089 28
806 100018 32
823 100078 32
901 100044 31
908 100060 38
7 100067 32
244 100070 32
323 100055 37
455 100049 30
494 100099 33
536 100099 36
556 100029 37
603 100029 36
646 100061 32
715 100019 28
29 100098 35
177 100008 36
257 100087 30
605 100087 35
663 100096 28
667 100041 36
755 100016 36
756 100079 30
769 100051 35
881 100083 39
1 100010 35
115 100096 30
235 100030 30
257 100069 32
436 100099 38
462 100086 33
546 100072 35
657 100031 29
790 100004 31
971 100027 37
30 100070 31
155 100051 36
321 100007 39
487 100076 31
569 100003 29
590 100060 29
611 100096 33
730 100079 28
756 100044 34
971 100079 30
19 100052 30
98 100035 35
315 100024 37
353 100093 29
379 100049 30
417 100008 39
474 100014 28
521 100044 30
629 100059 35
896 100077 37
