2000 20 101041263
100 83 229
100 104 223
100 87 174
100 123 166
100 111 216
100 116 151
100 58 193
100 66 212
100 119 223
100 84 202
100 110 177
100 127 224
100 143 245
100 125 198
100 147 170
100 83 190
100 99 234
100 56 246
100 102 150
100 139 207
29 100054 3
30 100064 3
42 100046 3
60 100061 2
65 100023 3
66 100004 3
76 100027 2
78 100086 2
81 100032 3
99 100037 2
106 100088 3
129 100094 3
135 100100 2
142 100065 2
143 100094 2
145 100050 2
151 100030 3
154 100060 2
158 100023 2
176 100082 3
189 100027 3
192 100067 2
219 100080 2
224 100092 3
226 100095 2
235 100071 2
285 100057 3
286 100063 3
288 100046 2
298 100060 2
310 100009 2
310 100016 3
317 100100 3
329 100026 3
331 100023 3
346 100012 3
347 100021 2
348 100037 3
369 100048 3
395 100064 2
406 100052 3
406 100054 2
413 100062 2
422 100021 2
425 100093 3
443 100046 2
453 100063 2
473 100008 2
483 100052 2
496 100047 2
510 100043 2
534 100100 3
561 100029 2
566 100086 3
573 100025 3
583 100034 3
588 100066 3
612 100028 2
623 100028 3
630 100043 3
634 100080 2
648 100080 3
679 100017 2
685 100005 3
696 100066 2
704 100082 3
707 100017 2
717 100096 3
724 100083 3
732 100060 2
734 100043 2
738 100046 3
751 100014 2
775 100081 2
780 100002 3
785 100061 2
791 100004 2
807 100091 2
809 100017 3
827 100057 3
830 100059 2
835 100037 2
848 100040 3
850 100015 2
883 100012 3
921 100069 2
934 100086 2
936 100070 2
937 100085 2
943 100056 2
946 100056 3
957 100078 2
958 100038 2
963 100033 2
970 100007 2
972 100026 2
980 100059 2
985 100092 2
987 100055 3
997 100059 3
4 100095 3
12 100068 2
19 100005 3
19 100025 2
39 100071 2
51 100049 3
90 100069 2
95 100019 3
95 100039 3
97 100037 3
102 100080 3
115 100030 3
116 100032 3
127 100039 2
181 100009 2
185 100054 2
186 100071 2
195 100064 3
197 100040 3
213 100083 2
214 100022 2
219 100004 2
219 100020 3
232 100033 3
237 100082 3
238 100006 3
241 100050 3
247 100043 3
251 100052 3
251 100084 3
254 100061 2
266 100038 2
268 100098 3
313 100074 3
330 100059 2
340 100084 3
346 100100 3
365 100060 2
375 100058 2
379 100007 2
382 100044 3
414 100092 3
419 100018 3
419 100042 3
419 100092 3
449 100074 2
453 100053 3
465 100077 3
472 100018 3
493 100037 2
510 100023 3
531 100069 2
531 100100 3
539 100077 3
543 100026 2
574 100003 3
574 100091 3
585 100052 2
587 100061 3
589 100075 3
599 100011 3
602 100082 2
603 100061 2
607 100019 3
624 100072 2
624 100074 2
625 100010 2
632 100056 3
653 100075 3
656 100058 3
663 100090 2
669 100077 3
681 100016 2
689 100097 3
690 100094 2
722 100056 2
725 100004 2
744 100093 2
745 100013 2
753 100048 2
761 100079 2
773 100038 3
781 100099 3
782 100093 2
801 100049 2
802 100023 2
805 100009 2
809 100044 2
813 100089 2
825 100078 2
827 100038 3
842 100030 2
884 100014 2
890 100067 3
901 100066 2
902 100093 2
946 100016 2
955 100056 3
963 100081 2
999 100062 3
3 100013 3
11 100011 2
14 100042 3
19 100060 2
20 100072 3
48 100046 2
53 100088 2
55 100018 3
113 100069 3
115 100035 2
118 100061 3
119 100051 2
135 100040 2
140 100017 2
146 100055 3
148 100006 3
192 100079 2
204 100069 3
220 100049 3
223 100011 3
236 100097 2
245 100079 3
247 100031 3
255 100063 2
271 100083 3
278 100013 2
288 100054 3
293 100054 2
303 100019 3
305 100023 2
316 100060 3
330 100023 2
339 100017 3
342 100048 2
343 100007 3
344 100016 3
350 100014 2
355 100081 2
371 100006 3
373 100089 3
383 100034 2
383 100065 3
389 100067 3
393 100014 3
404 100029 3
407 100074 2
412 100012 3
418 100041 3
419 100080 2
422 100065 3
432 100074 2
433 100060 2
453 100011 3
456 100061 2
471 100002 2
475 100055 3
506 100085 2
511 100027 2
518 100093 3
524 100096 3
528 100063 3
532 100075 3
538 100003 3
542 100099 2
550 100045 2
558 100072 3
579 100094 2
596 100023 3
608 100042 2
621 100060 3
624 100012 2
645 100068 2
654 100068 3
670 100054 2
693 100040 3
715 100039 2
740 100034 2
755 100064 3
758 100100 3
766 100023 2
772 100067 2
774 100068 3
779 100057 2
788 100055 2
808 100066 3
823 100005 2
831 100074 3
849 100005 2
849 100015 3
881 100047 3
912 100062 2
921 100058 3
926 100095 3
942 100051 3
954 100001 3
957 100026 2
980 100002 3
982 100039 3
997 100021 3
1000 100096 2
1 100088 3
12 100036 3
14 100017 2
15 100084 3
16 100052 3
21 100000 2
32 100052 2
40 100086 2
42 100058 3
52 100037 3
71 100022 3
102 100051 2
137 100054 2
141 100035 3
143 100066 3
155 100070 3
163 100093 3
163 100097 3
166 100092 3
171 100003 3
171 100094 3
183 100000 2
194 100023 2
195 100042 2
238 100096 3
276 100017 3
289 100049 2
325 100015 3
333 100048 3
345 100065 2
351 100079 3
356 100006 3
370 100087 2
375 100029 3
377 100009 3
385 100037 3
385 100051 2
387 100028 3
387 100070 3
387 100089 3
398 100022 3
403 100080 3
425 100075 2
430 100067 2
455 100008 3
457 100046 2
458 100092 2
480 100032 3
482 100031 2
500 100047 2
500 100090 2
511 100003 2
513 100097 3
517 100050 3
518 100021 2
522 100032 3
523 100052 3
537 100096 3
563 100065 2
566 100100 3
569 100073 2
574 100052 2
575 100060 3
576 100048 2
582 100035 2
585 100094 3
593 100075 2
601 100085 2
603 100091 2
622 100022 3
629 100067 2
629 100089 3
638 100096 2
662 100065 3
702 100057 3
709 100013 3
720 100078 3
743 100082 2
772 100081 3
773 100084 3
775 100022 3
797 100034 2
798 100078 3
799 100047 2
812 100057 3
822 100021 3
847 100098 2
885 100034 3
896 100072 2
906 100065 2
907 100015 2
915 100015 2
921 100041 3
934 100054 2
945 100000 2
963 100047 3
964 100054 3
984 100047 3
996 100016 2
996 100073 2
2 100042 2
8 100010 2
12 100032 2
31 100051 3
41 100064 2
59 100014 2
70 100061 3
73 100052 3
81 100019 2
107 100094 3
110 100025 3
113 100007 2
117 100088 2
122 100086 2
136 100040 2
144 100053 3
160 100049 3
171 100054 3
177 100079 3
188 100100 3
209 100010 3
228 100029 3
232 100093 3
245 100065 2
269 100042 2
287 100095 2
301 100033 3
302 100084 3
309 100081 2
310 100052 2
310 100097 2
339 100058 2
351 100026 3
357 100002 3
395 100016 3
403 100099 2
419 100073 2
443 100034 2
445 100069 2
448 100015 3
457 100060 3
498 100098 3
504 100100 2
510 100072 2
538 100006 2
546 100006 2
547 100095 3
558 100042 3
558 100053 3
560 100065 3
565 100002 2
571 100089 2
576 100064 2
579 100084 3
583 100017 2
583 100055 3
603 100021 3
615 100025 2
640 100061 2
646 100058 2
647 100023 2
654 100002 3
658 100071 2
660 100004 2
661 100064 2
662 100004 2
669 100001 3
681 100053 2
682 100046 2
689 100020 3
692 100016 2
701 100044 2
716 100042 3
718 100048 2
718 100075 2
719 100008 2
719 100024 3
724 100019 2
732 100092 2
744 100001 2
745 100094 3
746 100035 2
762 100078 2
766 100047 3
775 100100 3
808 100058 3
812 100088 2
814 100013 2
819 100079 2
827 100040 3
872 100083 3
908 100042 3
914 100023 3
927 100067 2
949 100045 2
964 100081 3
970 100001 2
975 100067 2
982 100036 3
986 100008 2
15 100092 3
42 100022 3
53 100083 2
58 100093 2
59 100077 2
73 100085 3
79 100050 2
89 100097 2
101 100075 3
106 100056 2
134 100007 2
136 100054 2
201 100002 2
217 100019 2
232 100095 2
249 100079 2
256 100080 3
268 100037 2
271 100009 3
274 100090 2
281 100084 3
299 100043 2
305 100057 3
306 100098 3
310 100001 3
312 100095 2
314 100047 3
315 100013 2
324 100039 2
337 100029 2
338 100091 2
348 100071 2
358 100058 2
361 100007 3
361 100054 3
361 100075 3
372 100027 3
391 100030 2
394 100057 2
395 100014 3
395 100048 3
398 100074 2
413 100028 3
420 100033 2
433 100067 2
460 100064 3
464 100055 3
485 100036 3
488 100088 2
501 100060 3
511 100014 2
517 100009 2
524 100071 2
552 100052 2
559 100100 2
565 100069 2
572 100072 2
585 100099 2
605 100099 3
609 100071 3
610 100025 3
618 100055 3
620 100047 3
627 100065 2
629 100089 2
629 100099 2
646 100055 3
658 100031 2
694 100020 2
695 100073 2
695 100092 3
708 100052 2
715 100030 2
728 100050 2
743 100057 3
749 100013 2
755 100018 2
763 100087 3
797 100021 3
799 100049 2
815 100006 2
815 100039 3
824 100059 3
847 100048 2
847 100084 3
848 100068 3
892 100072 2
892 100072 3
899 100093 2
903 100098 3
910 100086 3
921 100003 3
924 100034 2
930 100054 2
932 100005 2
952 100087 2
961 100068 2
969 100085 3
980 100025 3
985 100044 2
10 100003 3
12 100064 2
39 100009 2
49 100011 2
67 100014 2
81 100042 3
88 100078 3
109 100076 2
144 100031 2
145 100040 3
158 100080 2
161 100070 2
172 100035 2
176 100042 2
182 100003 3
187 100073 3
214 100052 3
219 100064 2
221 100094 2
255 100035 3
269 100080 3
277 100094 3
302 100058 2
318 100038 2
319 100029 2
325 100094 2
333 100040 2
333 100097 2
339 100096 2
361 100023 2
366 100005 3
372 100060 3
374 100078 3
376 100010 3
385 100027 2
411 100099 2
420 100012 3
425 100074 3
432 100077 3
434 100033 3
442 100020 2
454 100024 3
456 100041 2
459 100092 3
462 100017 2
477 100013 2
497 100085 2
509 100085 2
512 100024 2
513 100030 2
523 100074 2
542 100099 3
547 100048 2
554 100023 3
556 100013 3
570 100033 2
580 100008 2
588 100009 2
589 100033 3
598 100051 3
609 100048 3
614 100093 2
623 100028 2
628 100051 2
636 100049 3
638 100005 2
657 100066 3
663 100053 2
669 100057 3
684 100010 2
685 100042 3
693 100002 2
703 100004 2
710 100078 2
737 100069 2
740 100019 3
755 100047 3
760 100067 3
780 100028 3
783 100016 2
813 100004 2
837 100013 2
838 100040 2
845 100062 2
847 100061 3
871 100002 2
896 100009 3
897 100069 2
899 100073 3
899 100090 3
905 100015 3
910 100034 2
913 100087 2
943 100024 3
948 100050 2
959 100095 2
965 100089 2
969 100067 2
971 100100 2
974 100084 3
40 100096 2
45 100028 2
61 100012 2
67 100076 2
84 100048 2
106 100056 2
111 100052 3
112 100043 2
113 100035 2
121 100029 2
125 100063 2
127 100072 3
134 100034 2
156 100045 2
161 100070 2
163 100080 3
193 100089 2
195 100079 2
201 100079 3
206 100029 2
214 100022 2
214 100025 2
221 100009 3
222 100024 2
223 100069 3
223 100098 2
264 100045 3
269 100006 2
287 100054 2
301 100072 2
323 100047 2
325 100018 3
336 100050 2
341 100089 3
359 100005 2
368 100024 3
385 100067 3
417 100094 2
438 100070 2
438 100078 2
438 100088 3
449 100068 2
467 100033 3
478 100031 3
481 100066 2
499 100017 2
503 100011 2
510 100041 2
517 100056 2
539 100079 3
540 100088 2
541 100079 3
546 100070 2
547 100059 2
554 100012 3
556 100098 3
567 100046 2
574 100006 2
609 100079 3
617 100016 3
627 100023 3
638 100057 3
640 100058 3
650 100022 2
666 100041 2
670 100013 3
676 100025 2
678 100069 2
683 100000 3
703 100034 3
704 100100 2
709 100055 2
711 100055 2
713 100031 2
720 100076 3
721 100096 3
741 100026 3
756 100087 2
768 100013 2
769 100017 3
801 100043 2
803 100012 3
808 100037 2
826 100064 2
833 100015 3
838 100075 2
858 100028 3
900 100028 2
902 100017 3
911 100073 2
916 100012 3
949 100022 3
950 100003 2
957 100013 2
964 100066 2
966 100013 3
969 100011 3
984 100054 3
986 100056 3
992 100080 3
23 100099 2
25 100006 3
33 100005 3
37 100098 3
47 100098 2
54 100063 2
56 100084 3
69 100003 2
70 100047 2
104 100062 3
118 100060 3
119 100034 2
148 100015 3
189 100059 3
195 100099 3
199 100060 3
231 100034 3
235 100072 2
236 100005 2
246 100037 2
258 100021 3
265 100004 3
275 100010 2
275 100010 2
302 100001 2
311 100076 2
315 100086 2
327 100059 3
336 100052 3
341 100010 3
341 100037 2
350 100052 3
350 100063 2
362 100026 3
363 100003 3
370 100080 2
384 100037 2
392 100068 2
407 100010 3
413 100091 2
418 100082 2
421 100012 3
429 100008 3
441 100069 2
443 100089 2
450 100058 2
473 100083 2
500 100002 2
515 100084 3
536 100066 2
575 100030 3
577 100071 3
601 100005 2
601 100026 2
622 100096 3
624 100073 2
629 100066 2
640 100022 3
649 100036 3
653 100035 2
653 100054 2
676 100087 2
680 100008 3
687 100095 3
693 100100 3
708 100020 3
715 100037 3
722 100096 2
729 100055 2
729 100097 3
731 100064 3
750 100038 3
752 100006 3
791 100000 2
793 100023 2
794 100052 3
824 100015 2
826 100040 3
839 100068 2
840 100030 3
855 100004 3
855 100031 2
863 100024 2
863 100041 2
874 100069 3
878 100098 3
879 100071 2
880 100061 2
892 100064 2
895 100081 2
896 100095 3
918 100077 2
939 100027 2
943 100028 2
944 100061 2
947 100096 2
957 100005 2
959 100090 2
965 100063 3
985 100079 3
9 100040 3
20 100066 2
37 100092 2
47 100053 2
53 100033 2
66 100063 2
67 100037 3
90 100078 3
94 100061 2
114 100039 2
120 100008 2
128 100096 3
129 100071 3
142 100035 2
146 100059 2
194 100068 3
200 100012 3
204 100016 3
209 100042 2
229 100075 3
246 100011 3
254 100059 2
256 100061 3
259 100098 3
260 100077 3
261 100083 2
283 100009 2
292 100060 2
293 100076 2
303 100004 3
325 100011 3
349 100009 2
352 100065 3
358 100027 2
359 100004 2
361 100068 2
373 100044 2
381 100057 3
385 100027 2
431 100046 3
454 100014 2
470 100048 3
477 100066 3
485 100099 2
498 100083 3
506 100027 3
508 100018 2
515 100046 2
522 100053 2
526 100031 2
536 100043 3
541 100009 2
547 100003 3
553 100092 2
574 100049 3
581 100032 2
584 100029 3
614 100043 2
615 100031 3
619 100026 3
624 100062 2
641 100066 2
642 100044 2
648 100089 2
675 100021 2
686 100011 2
686 100054 2
717 100005 3
730 100027 2
740 100009 3
742 100073 3
769 100096 3
774 100017 3
776 100004 3
776 100086 2
793 100072 3
808 100037 3
811 100083 2
812 100063 2
817 100006 3
830 100040 3
846 100027 2
857 100098 2
882 100034 3
884 100072 3
884 100085 2
890 100018 2
890 100054 2
900 100059 2
905 100090 3
911 100010 3
913 100021 3
932 100079 3
940 100039 3
961 100085 2
971 100068 2
973 100048 3
982 100057 2
982 100086 2
999 100026 2
2 100050 3
7 100088 3
38 100068 3
52 100031 3
72 100003 2
93 100041 3
116 100050 2
148 100068 2
166 100070 3
184 100048 2
197 100094 3
206 100042 3
222 100079 3
228 100062 2
236 100045 2
242 100035 3
259 100022 3
264 100065 3
272 100011 3
285 100017 2
290 100046 3
290 100093 2
308 100019 2
315 100067 3
326 100069 3
341 100021 3
341 100094 2
354 100068 2
356 100012 2
386 100078 3
386 100085 2
387 100012 3
406 100076 2
408 100053 3
409 100004 3
411 100088 2
413 100038 3
433 100026 3
446 100047 3
455 100085 3
457 100063 3
461 100002 2
470 100090 3
475 100044 2
496 100026 3
512 100025 3
515 100063 3
532 100049 3
533 100024 3
538 100053 3
539 100010 3
553 100086 2
565 100038 2
572 100023 2
586 100006 3
586 100052 3
613 100044 3
633 100086 2
642 100040 2
661 100004 3
669 100005 3
674 100070 2
689 100018 3
693 100000 3
698 100035 2
704 100031 3
705 100061 2
711 100037 3
712 100038 2
721 100033 2
721 100067 2
722 100037 3
724 100039 2
726 100094 2
737 100098 3
770 100034 2
771 100024 2
776 100009 3
779 100100 3
786 100072 2
786 100084 3
794 100007 2
797 100009 3
803 100097 3
807 100064 3
808 100057 3
823 100043 3
843 100000 2
849 100013 2
868 100049 3
883 100002 2
910 100004 2
910 100006 2
926 100004 3
940 100025 2
950 100034 3
952 100077 2
971 100050 2
977 100087 3
991 100034 2
1 100069 3
5 100065 2
16 100031 2
24 100001 2
26 100051 3
39 100011 2
48 100095 3
52 100052 2
67 100073 3
68 100051 3
78 100048 3
85 100091 3
88 100033 2
98 100092 2
105 100092 2
110 100050 2
112 100077 2
117 100019 3
124 100087 3
130 100013 2
132 100069 3
149 100078 3
164 100064 2
191 100029 3
195 100099 2
200 100013 2
200 100072 2
223 100001 3
227 100039 3
244 100000 2
275 100074 3
278 100041 3
285 100045 2
322 100004 2
328 100096 2
348 100087 2
352 100059 2
355 100011 2
362 100039 3
366 100003 2
395 100056 2
403 100061 3
404 100082 2
440 100082 3
441 100080 3
447 100007 2
456 100042 3
467 100077 3
479 100052 3
491 100070 3
499 100066 3
504 100075 2
508 100061 2
509 100060 3
510 100009 2
552 100073 2
579 100022 3
583 100065 2
586 100073 2
588 100042 2
601 100008 2
618 100008 3
630 100037 2
648 100057 3
652 100022 2
653 100096 3
663 100084 3
677 100020 2
690 100081 3
697 100008 3
700 100076 2
704 100033 3
717 100023 3
720 100096 2
729 100045 3
753 100074 2
755 100058 2
761 100032 3
763 100082 2
765 100082 3
783 100079 2
790 100074 2
802 100083 3
804 100091 3
809 100045 3
812 100049 3
826 100092 2
836 100090 3
847 100084 2
861 100068 3
875 100036 3
884 100046 3
913 100092 2
920 100053 2
925 100070 2
945 100064 2
949 100086 2
952 100027 3
971 100092 3
994 100018 3
49 100040 2
56 100038 3
57 100010 2
60 100049 2
65 100042 2
75 100100 3
86 100089 3
97 100076 3
98 100030 2
103 100029 3
106 100001 3
107 100069 2
109 100012 2
116 100032 3
116 100067 2
121 100042 3
123 100065 3
129 100071 2
133 100023 3
144 100001 3
147 100002 2
172 100007 2
179 100016 2
206 100096 3
207 100048 2
218 100092 3
221 100070 2
222 100088 2
249 100095 2
264 100054 3
267 100024 3
285 100050 2
285 100062 2
305 100053 2
306 100018 2
309 100068 2
326 100004 3
359 100060 3
360 100048 2
374 100003 3
375 100083 2
376 100024 3
393 100057 2
413 100009 2
446 100005 2
452 100004 3
459 100060 3
472 100094 2
486 100083 3
494 100081 2
497 100049 2
499 100059 3
520 100073 2
538 100018 2
539 100056 3
570 100034 2
577 100090 3
580 100082 2
581 100070 2
582 100024 3
591 100054 2
595 100097 3
614 100086 2
616 100070 2
626 100027 3
631 100045 2
632 100046 3
642 100023 2
663 100100 2
671 100044 3
674 100050 2
676 100079 3
687 100086 3
698 100084 3
720 100038 2
723 100010 3
723 100088 2
725 100006 3
743 100070 2
754 100084 2
757 100074 2
765 100097 2
771 100016 3
777 100006 3
792 100045 3
816 100075 2
832 100000 3
834 100034 3
895 100009 3
902 100025 2
926 100067 3
931 100099 2
950 100027 3
950 100050 2
956 100036 3
957 100082 2
967 100078 3
979 100063 2
995 100079 3
1000 100093 3
4 100009 3
10 100097 2
35 100062 2
49 100060 3
80 100052 3
94 100046 2
119 100017 2
126 100053 3
132 100100 3
138 100063 2
140 100081 2
151 100084 3
155 100054 3
159 100082 3
164 100003 2
173 100026 2
183 100043 2
192 100053 3
200 100025 2
214 100007 2
215 100064 2
217 100089 3
218 100085 2
219 100011 2
242 100053 2
242 100071 2
242 100080 3
248 100026 3
251 100009 2
268 100019 3
270 100052 3
283 100060 3
294 100010 3
316 100065 2
322 100011 3
358 100045 3
360 100011 2
365 100053 3
372 100035 3
396 100068 2
403 100051 2
410 100079 2
422 100063 3
434 100096 2
454 100075 3
464 100033 3
464 100070 3
476 100033 3
481 100040 3
492 100085 2
492 100095 3
496 100019 3
504 100062 3
518 100009 3
527 100024 2
540 100013 2
545 100026 2
560 100064 2
562 100081 2
575 100095 3
605 100074 3
611 100076 3
658 100041 3
666 100002 3
670 100057 2
671 100019 2
672 100099 3
677 100094 2
689 100077 2
693 100020 2
704 100042 3
704 100072 3
725 100066 2
767 100071 3
776 100072 2
804 100058 2
808 100008 2
824 100040 2
825 100074 3
826 100024 2
827 100034 3
829 100057 3
845 100096 3
850 100017 2
861 100022 3
879 100070 2
890 100045 3
924 100083 2
924 100098 3
942 100082 2
951 100017 2
957 100012 3
960 100076 2
966 100100 3
982 100049 3
983 100011 3
983 100036 2
984 100091 2
986 100057 3
988 100093 2
25 100038 2
39 100018 3
50 100071 3
53 100052 3
54 100010 2
54 100068 2
57 100094 2
69 100085 3
100 100095 2
102 100070 2
115 100003 2
122 100082 2
161 100035 3
170 100069 3
176 100078 2
184 100069 2
215 100032 2
219 100039 3
254 100053 2
264 100003 3
265 100018 2
276 100046 3
278 100057 3
281 100008 3
283 100079 2
290 100011 2
290 100056 2
297 100056 2
313 100069 3
314 100084 3
330 100090 3
334 100083 2
336 100029 3
339 100066 3
348 100051 2
363 100017 2
368 100082 2
384 100005 2
390 100075 3
393 100094 2
416 100087 3
420 100061 2
421 100049 2
424 100087 2
445 100063 3
449 100031 2
453 100005 3
468 100054 2
478 100012 2
488 100060 2
489 100000 2
490 100067 3
496 100048 2
549 100008 2
553 100013 3
557 100100 2
566 100072 2
574 100095 2
584 100093 3
630 100047 2
646 100054 3
647 100086 3
689 100055 3
700 100064 3
706 100081 3
707 100042 2
715 100002 3
733 100020 2
734 100084 3
736 100061 2
740 100003 2
745 100058 3
754 100067 3
765 100047 3
772 100010 3
776 100085 2
800 100066 2
821 100049 2
838 100057 2
842 100072 3
845 100096 2
863 100042 3
878 100022 2
883 100088 2
898 100035 3
913 100071 2
919 100021 3
919 100094 2
920 100016 3
926 100077 2
934 100019 2
934 100055 2
966 100080 2
968 100028 2
973 100048 3
992 100002 2
997 100044 3
997 100058 2
998 100081 2
1000 100072 2
7 100099 3
23 100061 3
61 100096 3
68 100066 2
71 100061 3
80 100099 3
82 100099 2
99 100015 3
108 100035 2
108 100061 2
110 100098 3
112 100007 2
112 100046 3
124 100058 2
126 100077 3
131 100078 3
136 100006 3
136 100094 2
149 100058 2
163 100041 2
210 100075 3
215 100091 3
219 100028 3
223 100087 3
235 100043 2
244 100077 2
265 100082 3
270 100080 2
275 100096 3
280 100043 2
312 100077 2
323 100023 3
329 100002 2
345 100053 2
354 100001 2
360 100009 2
362 100000 3
382 100000 2
384 100055 2
388 100023 3
395 100067 2
406 100001 3
430 100043 3
430 100099 3
440 100076 3
451 100003 3
457 100059 3
462 100059 3
477 100044 3
478 100042 3
492 100000 2
543 100002 3
544 100027 2
548 100091 2
561 100057 2
576 100061 3
577 100081 3
590 100096 3
602 100004 3
606 100018 2
616 100040 2
616 100066 2
620 100064 2
630 100098 3
637 100052 2
640 100072 2
640 100086 3
650 100047 2
683 100062 3
686 100099 3
701 100070 2
705 100056 2
724 100090 2
736 100087 3
738 100023 3
744 100081 3
751 100078 3
754 100042 2
757 100051 2
759 100008 2
768 100054 2
769 100024 2
776 100047 3
782 100000 2
785 100033 3
796 100036 3
796 100040 3
802 100038 3
810 100079 2
815 100030 2
818 100090 2
837 100015 3
872 100064 2
875 100012 3
893 100056 2
898 100073 2
937 100095 2
965 100062 2
969 100038 3
991 100085 2
12 100059 3
32 100073 2
33 100050 3
44 100066 2
78 100023 3
78 100088 2
94 100094 2
104 100031 2
105 100037 2
116 100003 2
140 100095 3
204 100025 3
217 100075 3
228 100046 2
230 100043 3
233 100083 3
234 100029 3
237 100032 3
258 100022 3
267 100014 3
281 100015 2
283 100010 3
283 100022 2
285 100093 2
287 100100 3
320 100032 2
329 100082 2
334 100072 2
340 100049 2
340 100081 2
341 100043 3
349 100022 2
355 100000 3
369 100080 2
371 100092 2
402 100094 3
410 100018 3
413 100060 3
424 100100 3
431 100095 2
446 100010 3
494 100001 3
494 100061 3
506 100026 2
529 100072 2
529 100077 3
534 100009 3
534 100015 2
536 100094 2
547 100012 3
552 100044 3
567 100091 3
580 100031 3
584 100086 3
589 100043 2
593 100036 3
630 100000 3
630 100020 3
637 100029 2
645 100055 3
649 100073 3
654 100004 3
654 100071 3
662 100038 2
667 100090 2
672 100027 2
673 100047 3
677 100092 2
678 100075 2
686 100052 2
689 100087 3
696 100002 3
711 100046 3
716 100097 3
734 100098 2
738 100099 2
767 100073 2
769 100005 2
784 100000 3
790 100012 3
801 100009 3
815 100019 2
832 100006 2
846 100016 3
854 100007 3
857 100047 2
878 100050 3
891 100075 3
892 100090 3
893 100003 2
913 100054 2
923 100088 3
930 100044 2
932 100072 2
934 100079 2
937 100058 3
937 100081 3
967 100008 2
971 100041 3
977 100051 2
1 100097 3
7 100054 3
19 100014 2
25 100074 3
52 100036 2
58 100024 2
59 100034 3
62 100024 2
63 100054 3
64 100086 2
65 100047 2
72 100011 2
79 100090 2
89 100042 2
103 100079 3
107 100095 2
129 100083 3
131 100060 2
142 100067 2
179 100013 2
190 100086 2
191 100064 3
192 100032 3
204 100097 2
227 100002 2
229 100016 2
238 100016 3
240 100091 3
247 100034 3
248 100100 2
254 100088 3
270 100028 3
284 100018 2
291 100038 2
301 100085 2
345 100085 3
352 100026 2
356 100027 2
356 100058 3
359 100100 3
364 100081 2
374 100091 2
384 100004 3
389 100035 3
404 100056 3
411 100056 3
417 100039 3
421 100056 2
424 100016 2
426 100019 3
437 100031 3
446 100058 2
448 100095 2
459 100052 2
463 100000 3
464 100004 3
469 100095 3
479 100025 3
486 100006 3
487 100038 2
500 100005 3
513 100052 3
517 100022 3
526 100063 2
538 100037 2
540 100012 3
540 100051 2
541 100021 2
601 100045 2
614 100034 3
635 100026 3
641 100024 2
661 100007 3
664 100081 3
703 100006 3
713 100023 3
731 100050 2
746 100055 2
778 100000 2
778 100001 2
780 100093 2
781 100089 3
785 100027 2
806 100094 3
812 100029 3
815 100097 2
826 100060 3
836 100072 2
839 100072 2
861 100098 3
878 100087 3
879 100054 3
907 100051 3
917 100039 3
935 100038 2
941 100083 3
952 100030 2
969 100079 3
986 100049 3
995 100096 3
12 100010 2
18 100068 3
23 100050 3
32 100074 3
34 100003 2
41 100087 3
44 100049 2
66 100083 3
67 100053 3
79 100081 2
88 100070 2
104 100094 2
124 100015 2
127 100045 2
141 100081 3
150 100034 2
155 100051 2
162 100070 3
163 100065 2
164 100047 3
177 100021 2
203 100082 2
218 100037 2
230 100030 2
233 100060 2
237 100068 2
237 100071 3
241 100004 3
268 100064 2
271 100022 2
281 100085 2
299 100078 3
302 100053 3
306 100056 2
314 100037 3
326 100070 3
330 100082 3
336 100040 2
351 100020 2
354 100052 3
363 100075 2
369 100031 3
376 100089 2
389 100060 2
392 100091 3
397 100097 2
405 100006 3
411 100063 2
469 100033 2
472 100099 3
479 100013 3
482 100053 3
485 100044 3
494 100001 3
523 100032 3
531 100053 3
543 100066 2
550 100064 3
560 100050 3
574 100033 2
591 100018 3
600 100036 2
625 100014 3
652 100100 2
659 100034 2
659 100045 2
663 100007 3
673 100035 2
677 100094 3
689 100014 3
693 100087 3
707 100070 2
710 100056 3
722 100077 3
724 100013 2
748 100083 3
749 100097 3
754 100035 2
763 100023 2
764 100074 2
791 100079 2
795 100037 2
796 100089 3
825 100049 2
825 100081 3
827 100057 2
829 100012 3
831 100100 3
842 100000 2
848 100068 3
860 100027 2
877 100014 2
896 100034 2
898 100047 3
914 100034 3
917 100007 2
919 100006 2
956 100047 3
978 100063 3
989 100075 3
1 100037 3
9 100004 3
9 100059 3
20 100022 3
47 100022 3
47 100088 3
65 100052 3
73 100006 3
77 100084 2
78 100078 3
85 100026 2
108 100019 3
119 100008 2
125 100006 2
138 100031 2
142 100077 3
172 100067 3
183 100002 3
185 100087 2
187 100044 2
193 100057 3
208 100011 3
209 100007 3
211 100068 2
225 100023 2
225 100083 3
228 100033 2
233 100015 2
239 100064 3
248 100088 2
265 100000 3
276 100063 2
290 100076 2
292 100060 2
297 100067 2
327 100077 2
328 100031 2
350 100004 2
350 100031 3
363 100058 2
365 100059 3
365 100098 3
367 100010 3
367 100023 2
367 100026 2
371 100085 2
377 100083 2
394 100000 2
411 100003 3
420 100052 3
437 100039 3
437 100058 3
449 100070 2
453 100000 3
458 100038 3
464 100067 3
479 100022 3
488 100030 2
526 100095 3
527 100018 2
534 100039 3
534 100041 2
544 100012 2
552 100081 2
559 100034 3
570 100073 2
582 100081 2
595 100064 3
597 100005 2
599 100030 2
622 100000 2
622 100089 2
635 100062 3
670 100073 2
686 100063 3
686 100076 2
688 100043 3
689 100006 2
689 100036 2
689 100053 3
705 100033 3
730 100099 2
737 100087 2
738 100097 2
753 100000 3
787 100006 2
793 100062 3
804 100041 2
814 100073 3
815 100005 3
815 100024 2
837 100080 3
878 100040 2
881 100061 3
886 100074 3
896 100082 3
908 100079 3
940 100010 3
989 100050 3
991 100021 2
