500 20 22783164
25 117 246
25 54 218
25 79 207
25 60 206
25 72 250
25 59 170
25 71 217
25 141 183
25 86 202
25 97 198
25 67 182
25 85 151
25 146 153
25 137 150
25 147 222
25 149 155
25 126 173
25 140 237
25 135 217
25 137 166
150 100002 11
175 100070 13
177 100025 11
182 100092 11
226 100083 12
237 100090 11
273 100022 10
439 100035 15
459 100025 11
475 100099 13
507 100069 13
522 100067 14
524 100062 13
527 100000 12
531 100082 15
560 100043 14
597 100070 15
616 100060 13
656 100065 14
802 100052 11
864 100057 14
890 100069 14
903 100066 13
910 100018 14
916 100042 14
21 100030 14
120 100054 12
137 100082 14
141 100077 11
239 100041 14
275 100036 13
348 100085 13
377 100057 11
400 100097 11
401 100003 12
441 100062 11
497 100027 12
510 100075 13
571 100064 12
609 100002 12
692 100029 13
697 100010 14
710 100052 11
728 100040 12
733 100004 12
791 100001 14
813 100062 11
825 100051 12
976 100076 12
983 100063 11
38 100060 15
90 100026 14
136 100005 14
226 100019 14
245 100056 14
283 100066 11
299 100019 13
305 100084 13
316 100065 15
414 100033 14
423 100093 11
467 100053 12
520 100035 15
559 100002 11
673 100013 15
691 100003 11
804 100006 11
821 100024 13
828 100088 11
849 100092 14
874 100039 14
881 100082 10
980 100002 14
987 100003 13
989 100034 15
15 100095 14
39 100074 12
59 100045 13
122 100090 12
167 100074 11
175 100016 10
248 100057 11
250 100032 13
251 100047 14
297 100063 14
329 100038 13
340 100088 13
400 100025 14
401 100039 14
405 100033 12
433 100004 14
521 100031 12
568 100054 14
608 100031 14
643 100021 12
677 100069 11
765 100092 13
824 100067 10
832 100035 15
940 100087 12
87 100095 13
92 100016 11
177 100082 12
180 100029 11
206 100049 14
207 100087 11
268 100007 13
308 100095 13
315 100017 11
322 100046 11
342 100040 14
368 100018 14
417 100058 15
450 100027 13
457 100033 12
562 100017 15
581 100039 13
611 100088 14
756 100084 14
768 100044 11
790 100030 12
835 100035 10
910 100093 11
957 100038 12
999 100065 15
107 100008 12
202 100088 12
203 100012 12
212 100000 11
256 100074 11
259 100016 14
279 100036 12
289 100010 12
322 100073 13
350 100011 15
369 100010 13
492 100025 11
522 100034 12
580 100047 15
602 100014 10
608 100058 13
665 100019 12
692 100037 15
697 100062 11
698 100027 13
776 100071 13
864 100080 11
882 100033 14
926 100001 14
946 100090 15
2 100060 12
118 100075 14
209 100084 15
256 100014 14
269 100020 13
281 100016 11
289 100001 14
292 100077 12
341 100053 12
491 100079 15
496 100011 11
512 100016 12
563 100023 13
581 100069 11
594 100000 12
616 100064 15
665 100053 11
676 100016 14
702 100018 11
724 100055 12
756 100011 14
760 100038 12
778 100029 14
911 100077 10
948 100001 14
17 100030 13
22 100030 14
47 100094 14
78 100060 14
145 100070 15
244 100009 11
291 100071 13
341 100060 15
382 100058 14
434 100043 11
487 100070 14
497 100080 14
516 100003 11
546 100058 13
557 100043 12
683 100042 13
725 100009 11
811 100072 15
819 100087 14
874 100069 12
888 100026 11
921 100014 12
936 100064 15
952 100003 11
957 100032 11
188 100062 13
197 100092 14
212 100010 12
312 100059 15
321 100088 15
444 100013 14
454 100078 15
511 100078 13
520 100059 12
557 100062 14
564 100084 13
569 100050 11
595 100008 13
599 100006 11
663 100057 14
723 100035 12
768 100087 14
776 100063 14
803 100028 14
823 100070 15
840 100003 12
841 100010 13
850 100067 13
900 100009 11
903 100022 14
68 100033 12
79 100023 12
109 100010 14
155 100013 15
187 100030 12
209 100090 14
280 100083 12
335 100063 15
368 100054 12
377 100069 12
400 100077 14
406 100040 14
457 100000 14
492 100076 12
506 100096 11
526 100053 13
576 100023 14
589 100057 12
705 100018 14
771 100011 12
794 100031 12
883 100003 13
949 100051 11
954 100047 12
976 100012 13
30 100072 13
48 100100 11
94 100054 12
139 100091 14
162 100098 14
163 100068 12
196 100097 10
269 100033 11
275 100083 13
342 100010 11
377 100034 14
433 100071 11
457 100030 15
493 100089 11
618 100027 15
628 100038 14
635 100048 15
691 100089 13
715 100015 12
723 100063 11
858 100073 11
913 100004 13
922 100002 11
942 100050 15
993 100082 11
76 100068 14
93 100068 14
258 100050 13
288 100026 12
315 100090 11
318 100083 13
323 100015 12
422 100031 11
450 100097 11
456 100006 13
468 100060 12
504 100073 11
629 100014 11
633 100080 12
709 100099 13
710 100073 12
739 100045 15
745 100058 13
789 100000 15
919 100030 14
947 100055 13
949 100079 12
967 100066 15
985 100026 10
990 100055 14
6 100061 12
64 100057 11
126 100049 13
157 100068 13
205 100045 12
227 100002 11
257 100072 12
301 100063 13
360 100049 12
371 100008 11
423 100068 14
443 100047 12
603 100056 14
642 100057 14
679 100010 11
736 100083 11
749 100068 11
788 100023 11
819 100082 11
903 100010 11
932 100086 11
937 100030 15
952 100082 14
976 100076 15
997 100040 13
71 100008 12
77 100052 13
112 100034 11
132 100011 13
183 100096 12
209 100040 11
222 100098 11
253 100065 12
328 100089 12
373 100014 12
382 100024 13
424 100024 12
467 100009 15
495 100018 14
495 100051 12
505 100013 13
511 100045 14
527 100013 12
555 100040 14
625 100066 11
659 100019 11
665 100049 11
715 100041 11
775 100065 11
844 100010 11
47 100008 12
79 100081 10
85 100005 14
117 100068 11
127 100000 13
153 100036 11
160 100097 13
179 100064 15
229 100093 12
235 100030 11
294 100062 13
297 100092 12
327 100067 10
375 100042 15
401 100061 13
481 100089 13
508 100096 13
563 100019 15
595 100055 13
623 100089 12
651 100037 12
718 100096 12
821 100008 13
831 100014 11
924 100040 10
8 100095 13
30 100025 13
52 100091 15
107 100092 13
161 100079 11
164 100006 13
174 100003 14
192 100038 13
194 100092 14
264 100077 12
288 100027 13
304 100046 12
325 100073 15
406 100090 15
484 100070 12
594 100063 12
608 100016 12
657 100026 13
748 100085 13
826 100035 12
849 100069 12
853 100001 13
859 100044 11
898 100071 14
907 100090 11
34 100020 14
78 100003 13
84 100040 12
93 100065 13
96 100009 13
180 100083 14
214 100021 11
232 100021 11
332 100032 15
401 100086 10
436 100011 14
568 100035 14
650 100075 13
687 100090 14
717 100091 14
744 100016 15
750 100049 12
752 100065 14
802 100038 12
803 100052 11
839 100060 12
846 100049 13
910 100016 14
918 100079 11
989 100082 11
18 100014 13
18 100088 12
37 100001 13
74 100045 14
122 100079 13
146 100013 13
214 100008 12
244 100025 12
257 100013 12
308 100044 14
365 100001 14
432 100045 11
440 100025 13
440 100051 14
521 100014 13
663 100075 12
697 100036 13
778 100048 14
803 100031 12
829 100037 11
855 100094 12
867 100005 13
951 100048 13
989 100055 13
995 100090 12
13 100032 13
113 100091 12
172 100090 15
212 100068 15
220 100092 12
254 100069 14
314 100047 13
374 100056 15
383 100093 12
401 100038 12
440 100058 12
489 100047 12
492 100095 11
512 100009 14
563 100038 14
577 100087 13
597 100040 14
676 100016 14
689 100084 13
703 100023 12
754 100012 12
785 100044 11
862 100095 11
902 100066 11
958 100038 12
33 100015 11
54 100050 13
113 100012 12
131 100075 13
149 100002 12
154 100063 14
186 100085 13
218 100019 14
234 100089 12
349 100057 15
377 100067 12
474 100026 12
478 100017 12
486 100047 12
570 100035 12
573 100028 15
599 100006 13
619 100040 14
622 100032 14
637 100018 11
669 100059 12
677 100046 11
763 100048 11
911 100059 11
991 100060 14
