500 20 1179614
25 93 166
25 120 216
25 87 246
25 106 201
25 101 210
25 121 193
25 84 225
25 89 176
25 50 224
25 87 245
25 71 250
25 134 171
25 142 208
25 145 186
25 53 246
25 72 192
25 149 230
25 120 221
25 118 207
25 148 233
106 7699 10
816 3522 11
1614 3852 12
2181 984 13
2257 7162 12
2727 629 14
2747 4962 12
3066 506 11
3085 5664 13
3195 370 14
3309 3784 11
4103 3557 11
6140 1662 14
6460 6363 13
6497 1819 14
6534 4724 14
7035 2245 11
7314 7720 11
8386 9974 12
8529 9130 12
8710 7286 11
8741 6869 13
8756 1849 14
9375 5396 14
9889 1805 11
200 4646 11
227 4352 12
1035 4197 12
1874 2626 15
2234 1689 12
2877 4786 12
3226 9433 14
3298 1465 11
3888 4770 11
4240 8238 12
4399 8099 14
4722 6024 12
4758 1127 11
5621 8505 12
5819 9635 12
7035 7430 14
8072 9241 11
8104 5599 13
8236 1269 13
8507 7543 11
8705 6817 11
8885 7352 15
8933 3986 12
9258 3744 11
9561 6544 12
556 1925 13
1511 6575 12
1542 9967 10
1624 5843 12
2185 8274 14
2212 7695 11
2650 6037 15
3099 3333 13
3744 8308 14
4098 5001 14
4120 2540 12
4844 4028 12
4870 8676 11
4985 9410 13
5474 6359 14
5523 5710 11
5925 5270 14
6164 8781 12
6172 893 11
6692 6305 11
7040 4844 14
7364 6142 13
7667 9189 15
9478 5453 14
9658 6733 14
18 3387 13
313 367 11
865 1642 12
933 3969 14
1489 3276 12
1716 5250 11
2518 2074 12
2797 6499 11
3144 7975 11
3173 4706 14
3235 8821 13
4349 3556 14
5393 4910 12
6370 7137 14
6614 9594 11
6947 120 11
7755 6007 13
7898 806 11
7937 5205 12
8069 9094 10
8230 6713 12
8784 8878 12
8839 4179 13
8951 5011 11
9086 9222 10
301 644 15
778 9022 11
779 713 14
1980 9074 13
2049 5397 14
2215 5597 14
2265 7747 13
3529 3376 11
4777 4172 10
4926 170 10
4997 7390 14
5476 8237 15
6110 4399 12
6705 3278 13
6804 8119 14
7008 8897 14
7623 8226 12
7888 4685 12
7923 8543 13
8325 6176 14
8940 2745 12
8968 9258 14
9158 1776 10
9185 9194 13
9367 3334 11
484 5115 14
1000 9856 12
2715 1247 12
2793 5386 14
2819 7624 12
2895 7660 14
2944 7246 12
3081 9260 13
3105 5495 14
3325 9840 11
3421 2230 12
3462 1025 11
3912 734 12
4111 7699 14
4690 6410 14
4697 3136 10
4718 10000 13
4932 3872 13
5147 4195 13
5192 2365 14
5263 5085 13
5926 3908 12
6160 4681 14
7974 2901 14
8821 9568 14
668 2060 11
1039 6538 14
1699 4689 14
1894 8056 13
3399 3771 11
3470 6008 14
3742 4569 14
4184 7935 11
5470 1752 11
5683 6498 14
5912 3444 11
6008 8071 12
6100 505 11
6952 6025 11
7120 6616 13
7197 399 12
7304 5298 13
7458 5895 12
7790 6248 11
7970 6169 13
9047 1025 13
9465 1021 13
9563 1847 11
9596 2120 14
9890 8638 10
619 8155 10
639 8523 14
1386 3249 12
1437 3834 11
3920 1359 11
3968 6084 11
4062 3462 10
4101 306 14
4960 8932 11
5348 9010 12
5484 3933 11
5519 3550 12
5537 2043 13
5651 4207 12
6470 8985 14
6915 9651 12
6992 6789 11
7125 4762 14
7688 4981 11
7741 9622 11
8163 2636 13
8405 1662 13
8839 4570 12
9758 3192 14
9849 3271 11
196 5111 13
868 3757 14
1012 165 12
1258 6120 12
1301 1088 15
2010 1522 13
4215 6157 14
4516 7100 12
4626 8073 12
4990 4086 12
5476 2924 11
5489 9687 14
5656 5283 13
5773 3197 12
6119 1768 14
6307 3353 12
6921 2335 14
7087 9359 12
7238 4892 12
8982 4155 12
9262 16 14
9294 9377 12
9426 6222 13
9457 418 12
9649 8417 14
286 3739 11
305 4811 13
456 4919 13
2516 1640 12
3099 9336 11
3476 4994 14
3731 9134 13
4096 8718 13
4763 8636 12
4863 8338 12
5970 6145 12
6415 8937 14
7117 6014 11
7117 8295 12
7403 7612 11
7489 1755 13
7493 5457 12
7509 2928 13
8133 8165 13
8153 2682 15
8485 9493 14
8513 9480 13
8936 8702 12
9193 4851 11
9394 9933 12
301 7575 15
389 5435 11
550 9173 12
677 130 14
1417 7647 12
1439 7317 13
2251 5150 14
2319 7294 12
2827 5264 14
3260 6978 10
3701 3117 12
3816 785 14
3879 1613 11
4813 9990 13
5039 2348 10
5148 5281 13
5490 5552 12
5932 3478 10
7489 896 14
8152 3155 13
8199 4383 10
8784 3450 11
9115 1060 11
9316 6885 13
9730 7320 14
96 5718 13
134 6094 13
474 9307 12
561 3157 11
2628 2981 13
2679 1116 14
2827 2279 11
3392 4087 10
4009 7702 11
4235 3862 12
4823 994 15
5333 5590 14
5546 6295 12
5591 6366 12
5886 8385 11
6131 4964 14
6147 2950 12
6571 3653 15
6964 3108 12
7325 8791 13
8895 7383 13
9039 1522 13
9100 1427 13
9301 3290 13
9410 9947 11
451 8693 11
842 5688 11
1019 1286 14
1684 5696 12
2367 4436 14
2400 9920 15
2754 5306 12
2881 6160 12
3221 1139 10
3719 1603 13
3813 3294 14
4616 3130 12
4658 1863 14
5087 4923 11
5832 5303 13
6648 4693 13
6861 6011 15
7076 3605 14
7166 1006 14
7323 107 15
7566 8053 11
8434 5730 13
9148 2755 12
9719 8454 14
9852 8329 13
546 8477 14
752 2141 11
925 759 13
925 5612 12
1175 458 14
1237 1496 14
1481 974 12
2082 8508 14
2111 6711 13
2127 4620 11
2147 916 13
3055 4638 14
3708 4164 14
4206 7552 11
5075 7708 10
5112 8105 12
5387 263 12
5583 5977 13
6098 8488 12
6154 6517 12
7361 1982 11
7781 5251 14
8479 6452 12
8978 4717 13
9277 8297 10
155 6806 14
325 6096 14
634 179 14
1889 3851 13
2072 4177 13
2255 3842 13
3030 8683 13
3156 5915 11
3241 232 12
4061 8351 13
4488 9680 11
4731 8684 13
4800 4555 14
5055 5156 12
5543 9398 11
5793 7021 11
5850 9821 12
6060 8857 12
6379 663 15
6501 8759 12
7005 134 13
7199 5280 13
7221 6098 12
9229 9201 14
9899 5101 10
1206 724 12
1546 5270 12
1741 5759 14
1755 2164 13
1906 5420 11
2147 7016 13
2226 132 11
2459 3331 11
2635 3045 13
2739 8276 10
3168 8038 12
3425 6441 12
3438 3982 11
3850 3498 14
4573 729 14
6010 5793 10
6324 6025 12
7406 8650 12
7707 5957 13
8142 1600 12
8469 569 13
8576 3906 13
8608 6101 12
8758 3457 14
9160 7922 14
23 6636 11
456 873 12
637 3320 14
1009 1773 10
1335 9602 13
1795 9633 10
3060 648 13
3101 2311 14
3618 1402 13
3642 4997 12
4866 8199 11
4904 3945 13
5250 1472 14
5800 5295 13
5832 1059 10
6333 1344 11
6489 9033 10
6878 9323 14
7003 9632 12
7144 8007 12
7339 101 12
7836 9356 12
9026 5189 12
9129 2058 12
9303 7536 11
35 5593 15
321 3173 11
1045 1478 14
1060 7513 12
1588 5746 10
2000 8630 11
3315 7979 11
3596 3207 11
4979 2510 14
5166 8438 14
5468 2483 14
5794 4611 12
6483 3607 14
6912 4707 14
6997 6153 13
7240 5268 11
7674 2473 12
7756 1484 12
7896 8366 12
8065 3941 12
8141 974 12
8461 7020 14
8512 1503 13
8656 5055 14
9535 3984 14
1537 524 11
1623 601 12
1760 2275 14
1886 9166 13
1960 1132 12
2148 6194 11
2392 6757 12
2440 1927 14
2807 7290 13
2920 6597 11
3086 6049 11
3358 1486 12
3477 4508 13
3995 3012 10
4875 8056 14
5389 9141 12
6023 666 12
6309 1032 13
6404 8450 14
8049 4654 13
8267 5529 12
8302 9763 12
9359 5744 12
9816 5102 14
9894 3386 14
774 5028 12
956 8382 12
1231 9 13
2045 1786 12
2116 4169 11
2557 6039 11
3246 874 11
3322 2717 13
4033 8172 14
4498 3136 14
4514 7604 13
4648 7326 11
5336 1485 11
5531 7487 15
5578 7754 11
5580 30 13
5800 3366 11
7088 2416 12
7776 1844 14
8269 1634 12
8753 5931 15
8764 8953 14
9103 247 15
9173 5332 12
9924 6653 14
