2000 100 95097763
20 104 169
20 107 183
20 99 164
20 125 220
20 91 150
20 129 243
20 114 188
20 74 217
20 150 184
20 95 166
20 64 163
20 68 196
20 66 219
20 85 217
20 136 172
20 108 203
20 59 232
20 109 224
20 145 152
20 101 227
20 105 226
20 141 163
20 66 183
20 96 198
20 115 162
20 89 168
20 143 223
20 113 219
20 110 206
20 54 237
20 93 176
20 99 191
20 142 243
20 146 229
20 102 192
20 120 206
20 111 199
20 75 154
20 76 195
20 94 237
20 72 204
20 99 219
20 68 176
20 145 178
20 144 188
20 81 238
20 108 162
20 119 237
20 72 152
20 113 210
20 89 189
20 114 250
20 127 244
20 149 244
20 90 165
20 60 172
20 85 194
20 125 199
20 65 222
20 143 220
20 102 169
20 53 230
20 101 158
20 96 161
20 50 231
20 98 195
20 55 192
20 77 182
20 93 226
20 88 199
20 109 166
20 69 196
20 141 152
20 149 227
20 89 193
20 94 238
20 122 181
20 85 197
20 140 229
20 136 244
20 101 210
20 52 162
20 87 158
20 141 198
20 79 169
20 50 195
20 97 215
20 129 195
20 98 221
20 76 165
20 122 211
20 148 204
20 116 238
20 58 187
20 104 200
20 89 168
20 60 170
20 57 164
20 89 185
20 106 240
18 100031 17
42 100050 16
78 100078 17
237 100057 13
331 100084 16
338 100051 13
370 100075 15
386 100011 18
440 100052 14
441 100045 14
523 100075 16
527 100044 17
571 100019 15
591 100029 17
605 100096 17
629 100007 17
816 100047 13
852 100059 17
888 100054 17
936 100093 14
243 100030 15
260 100100 13
303 100069 18
307 100046 14
326 100045 14
355 100030 16
362 100044 17
388 100045 15
439 100033 13
456 100052 16
625 100052 15
642 100042 16
740 100058 15
787 100029 14
797 100092 13
838 100064 14
852 100060 14
856 100059 15
892 100018 13
959 100033 13
21 100013 13
110 100039 14
222 100076 13
227 100093 17
247 100082 16
286 100053 13
320 100007 13
370 100019 14
494 100034 15
512 100007 13
553 100058 16
554 100095 16
570 100051 15
602 100040 16
655 100012 14
706 100050 17
723 100040 17
898 100046 17
928 100059 15
996 100018 14
81 100023 14
81 100080 14
112 100077 18
150 100078 16
158 100066 13
222 100034 17
231 100077 15
243 100008 17
272 100058 13
382 100069 15
422 100070 16
546 100078 16
572 100014 17
575 100014 13
575 100062 17
593 100056 18
628 100008 13
645 100090 14
689 100084 16
815 100029 15
39 100024 17
72 100015 14
263 100029 14
274 100097 13
282 100055 16
401 100054 16
504 100077 17
595 100053 13
602 100095 13
633 100068 15
666 100027 17
685 100024 16
722 100093 16
739 100024 18
787 100056 16
806 100020 13
808 100036 16
873 100090 16
925 100073 14
975 100017 14
16 100021 13
41 100019 16
56 100022 17
207 100010 13
224 100073 15
252 100048 18
329 100016 14
350 100051 14
359 100030 13
426 100046 17
504 100041 14
561 100022 14
600 100046 18
761 100091 16
789 100100 17
863 100041 14
875 100072 13
900 100018 17
907 100087 15
943 100027 13
59 100036 16
66 100018 17
114 100047 16
236 100074 14
254 100008 17
260 100058 15
292 100010 16
390 100046 14
396 100061 16
424 100031 16
648 100045 17
668 100024 17
754 100009 14
811 100055 13
851 100056 14
935 100056 15
936 100077 13
974 100055 15
991 100044 16
999 100090 18
2 100016 15
40 100052 15
80 100051 14
93 100051 17
94 100054 14
144 100071 15
179 100024 18
181 100048 17
302 100096 14
319 100028 15
332 100064 15
365 100015 15
500 100060 15
563 100050 16
609 100026 16
621 100011 17
716 100015 14
725 100073 15
875 100046 14
971 100062 14
18 100016 13
155 100057 14
187 100063 16
223 100016 17
232 100018 17
242 100063 15
359 100040 13
419 100086 16
468 100074 14
565 100093 17
575 100050 14
624 100007 14
738 100053 13
860 100093 13
861 100035 13
871 100062 13
928 100005 17
957 100011 14
974 100077 13
984 100006 16
64 100093 13
231 100060 15
254 100047 14
298 100027 13
306 100097 16
353 100079 18
381 100036 18
401 100051 15
403 100037 17
431 100005 14
442 100060 17
471 100056 15
663 100068 15
702 100100 13
817 100009 17
818 100072 16
832 100011 18
848 100026 17
916 100043 15
964 100065 17
1 100042 13
21 100023 16
69 100079 16
89 100043 14
108 100007 14
155 100031 13
216 100070 18
354 100052 13
369 100005 16
413 100039 17
433 100024 13
543 100097 14
554 100090 14
705 100088 17
798 100091 13
859 100039 17
859 100059 14
881 100026 13
894 100007 16
996 100065 18
26 100064 17
52 100031 13
169 100062 17
195 100077 14
252 100015 16
327 100027 18
366 100070 13
435 100050 14
536 100083 17
566 100051 15
611 100060 14
673 100088 16
711 100007 15
713 100094 17
762 100050 14
767 100057 16
771 100091 14
896 100033 13
944 100042 15
970 100061 16
55 100086 15
104 100069 16
157 100008 13
210 100060 13
214 100027 16
234 100048 16
285 100045 17
353 100058 13
401 100075 13
414 100061 14
425 100078 18
518 100035 16
573 100070 16
606 100028 15
649 100096 16
740 100092 14
830 100062 18
835 100091 15
907 100006 17
984 100056 18
23 100002 15
221 100095 14
337 100016 16
347 100036 18
351 100019 14
360 100022 17
424 100072 17
449 100058 13
475 100025 14
506 100062 13
550 100087 18
578 100066 17
733 100097 17
811 100084 14
833 100100 15
884 100011 16
893 100094 14
970 100024 17
975 100071 17
994 100020 18
117 100016 13
159 100053 18
215 100012 16
300 100028 13
341 100066 16
362 100079 17
392 100079 16
418 100062 14
423 100005 14
427 100053 16
443 100099 14
453 100092 14
459 100086 18
571 100090 17
574 100100 15
654 100023 17
687 100052 17
737 100046 13
890 100027 18
954 100037 15
28 100039 15
169 100040 14
280 100046 13
354 100044 15
361 100057 17
382 100034 17
465 100032 17
571 100092 15
642 100014 17
709 100040 17
733 100009 17
745 100026 17
854 100066 17
891 100051 13
902 100043 15
929 100051 17
934 100037 14
952 100069 17
953 100006 13
958 100020 14
99 100039 13
143 100030 16
158 100046 16
168 100091 13
186 100088 18
198 100019 14
268 100097 17
298 100077 15
298 100099 13
383 100031 14
388 100044 16
403 100035 13
606 100010 13
625 100066 14
684 100029 16
699 100064 17
723 100089 14
763 100068 16
847 100050 17
959 100008 13
3 100008 14
38 100010 17
73 100030 16
83 100061 17
140 100005 17
154 100080 15
161 100004 13
165 100093 13
225 100056 14
307 100025 15
393 100011 15
414 100028 16
436 100080 16
618 100009 14
663 100096 14
710 100029 17
826 100041 17
834 100016 14
912 100061 13
966 100094 13
98 100066 15
170 100073 17
181 100020 14
188 100095 16
207 100058 15
248 100042 18
330 100070 13
360 100049 15
445 100034 14
472 100080 15
479 100100 16
481 100094 13
506 100097 15
557 100085 16
567 100059 17
605 100083 17
826 100039 13
869 100059 17
908 100082 17
961 100019 13
29 100016 17
72 100040 14
135 100011 17
208 100090 17
209 100094 16
216 100047 13
304 100033 17
306 100016 15
313 100061 14
314 100057 17
352 100100 16
400 100080 17
589 100097 17
609 100070 13
624 100013 15
632 100026 13
713 100075 17
741 100064 16
742 100012 13
962 100030 17
121 100063 15
155 100083 14
199 100004 13
229 100069 13
295 100060 17
316 100085 14
332 100082 18
386 100063 17
487 100030 13
504 100067 17
520 100083 16
556 100021 14
633 100015 16
673 100092 17
744 100016 13
781 100065 15
836 100087 17
886 100068 17
888 100098 14
895 100094 13
10 100051 13
21 100099 18
126 100036 17
127 100068 15
127 100073 15
273 100062 15
341 100073 16
356 100020 17
365 100038 15
385 100014 13
471 100089 14
479 100026 16
530 100066 17
548 100091 17
720 100081 15
732 100031 18
802 100027 14
804 100006 16
820 100042 17
838 100084 14
1 100061 16
97 100093 17
132 100075 15
171 100062 18
227 100000 14
230 100077 14
286 100019 15
288 100029 16
442 100010 13
456 100085 16
480 100042 17
530 100040 18
558 100060 15
566 100099 15
581 100011 15
708 100069 17
740 100027 13
819 100031 13
933 100079 17
973 100046 17
76 100100 16
118 100091 17
121 100015 17
179 100039 14
187 100009 13
230 100099 15
250 100040 15
252 100013 17
261 100073 13
371 100071 15
549 100017 17
670 100079 14
708 100080 16
742 100036 16
763 100100 18
896 100004 16
914 100092 13
949 100073 15
971 100059 16
978 100031 17
154 100059 17
181 100048 17
206 100005 15
233 100045 14
251 100013 15
294 100030 14
294 100069 13
335 100017 14
363 100062 13
498 100005 14
506 100053 15
547 100067 13
575 100026 16
716 100026 17
837 100092 15
842 100029 15
853 100031 17
884 100080 15
990 100089 15
994 100053 15
47 100046 14
160 100059 17
209 100092 17
350 100031 17
380 100071 14
393 100059 15
515 100047 13
537 100030 13
690 100040 14
711 100071 18
739 100050 16
749 100073 17
767 100062 16
854 100025 15
883 100085 16
902 100060 14
931 100067 16
971 100073 16
992 100022 14
995 100011 14
34 100034 16
193 100071 17
256 100059 16
322 100055 15
323 100098 13
352 100084 15
426 100035 16
460 100022 18
491 100087 13
499 100021 14
530 100033 16
548 100041 14
632 100031 16
643 100026 15
697 100062 15
709 100086 15
758 100073 14
788 100015 15
882 100021 14
950 100065 16
113 100019 15
130 100091 15
146 100052 15
194 100071 15
272 100057 17
379 100025 16
391 100029 16
475 100014 16
566 100015 15
640 100071 16
691 100073 16
750 100029 16
751 100075 17
802 100017 13
824 100049 16
864 100036 15
880 100051 13
885 100048 14
903 100098 17
998 100070 14
54 100037 16
84 100025 13
105 100021 16
201 100078 15
276 100038 16
286 100090 15
302 100084 13
366 100079 16
558 100038 16
570 100047 14
647 100009 16
756 100034 14
787 100086 18
797 100085 15
832 100044 15
843 100091 17
918 100009 13
919 100026 15
922 100049 16
940 100067 18
41 100096 13
128 100024 16
128 100055 17
166 100065 16
173 100092 18
260 100003 13
323 100048 17
521 100093 14
545 100050 13
665 100003 15
757 100018 18
775 100039 15
788 100023 18
790 100020 13
828 100079 15
859 100025 14
859 100076 14
860 100019 13
923 100029 15
949 100003 16
93 100064 16
96 100003 17
112 100029 14
115 100027 13
127 100042 15
141 100018 15
183 100062 14
301 100081 13
345 100042 17
411 100047 15
441 100055 15
442 100099 15
463 100081 16
531 100073 14
564 100037 15
702 100058 15
714 100025 17
732 100021 16
810 100064 13
956 100086 14
54 100087 13
153 100093 17
156 100023 18
210 100041 14
271 100062 13
305 100000 15
316 100054 16
318 100093 14
369 100076 13
433 100054 18
481 100048 16
555 100099 15
712 100035 16
884 100075 13
885 100099 14
950 100094 17
970 100006 16
980 100025 14
984 100003 17
995 100058 14
12 100004 17
36 100073 17
82 100076 14
248 100068 13
299 100059 14
403 100054 13
411 100098 15
575 100043 15
605 100066 14
630 100081 13
814 100049 14
814 100096 13
831 100043 13
853 100095 16
861 100052 13
903 100095 17
907 100011 16
910 100069 17
973 100094 15
998 100020 16
8 100029 17
38 100021 17
51 100078 15
74 100095 15
296 100095 16
344 100008 16
392 100060 14
397 100096 14
474 100087 14
710 100023 15
713 100067 16
730 100011 13
754 100019 13
760 100012 18
820 100088 14
836 100071 13
852 100081 15
973 100021 16
995 100065 14
997 100037 15
22 100080 14
56 100067 13
78 100000 15
181 100021 13
186 100050 17
283 100001 16
355 100011 13
377 100003 16
416 100050 16
425 100064 18
459 100092 16
555 100021 13
577 100006 13
585 100022 16
688 100045 17
758 100090 16
905 100097 17
908 100046 17
930 100059 15
955 100056 15
13 100015 13
56 100034 13
145 100040 14
249 100016 16
330 100026 17
402 100028 16
470 100069 14
489 100075 13
556 100010 14
567 100006 15
631 100046 15
653 100024 15
662 100085 17
789 100096 13
792 100045 17
809 100036 17
838 100065 13
876 100050 13
941 100097 16
996 100010 15
49 100047 15
69 100041 13
93 100000 13
93 100055 17
120 100060 13
130 100060 15
309 100069 18
343 100084 14
402 100070 15
406 100030 14
517 100043 13
676 100040 16
697 100067 17
761 100079 17
792 100092 13
842 100050 13
889 100041 17
921 100046 16
959 100063 16
967 100001 13
63 100098 16
68 100078 15
232 100039 14
236 100065 14
275 100049 17
298 100049 16
349 100000 15
372 100076 15
402 100059 14
643 100096 15
665 100049 16
666 100061 17
747 100047 15
793 100095 15
801 100035 13
872 100004 15
877 100036 15
899 100046 16
902 100044 18
941 100035 16
186 100003 15
325 100092 17
337 100020 14
346 100045 17
454 100058 15
537 100055 17
539 100012 15
547 100048 17
585 100034 14
588 100054 14
656 100068 13
657 100039 18
740 100062 15
825 100007 18
829 100060 15
876 100070 16
905 100041 15
964 100070 15
973 100003 17
992 100036 15
54 100015 17
75 100023 16
84 100041 17
93 100081 17
113 100059 13
141 100011 13
222 100031 15
325 100053 15
386 100026 15
470 100007 15
545 100058 14
558 100045 18
577 100013 14
585 100080 13
588 100031 18
634 100006 16
647 100046 13
657 100091 17
715 100087 13
810 100010 16
22 100061 15
146 100033 18
171 100032 16
188 100051 14
217 100100 13
229 100030 17
261 100063 15
289 100061 17
358 100068 16
360 100078 15
466 100060 15
543 100004 14
583 100005 17
618 100042 13
639 100035 13
640 100082 18
689 100011 14
758 100039 14
908 100024 13
945 100056 16
11 100083 18
17 100082 18
143 100094 17
175 100018 17
182 100087 16
194 100022 14
214 100073 13
308 100043 15
411 100020 14
514 100022 16
548 100007 15
565 100091 14
620 100052 15
781 100023 15
857 100032 18
867 100010 16
895 100056 17
895 100096 14
977 100055 17
983 100047 16
25 100092 17
64 100066 15
166 100064 16
203 100078 16
277 100090 16
281 100045 15
336 100065 13
357 100045 16
378 100060 17
523 100079 17
587 100067 14
607 100009 16
679 100059 15
726 100099 16
794 100089 13
833 100044 13
838 100080 16
903 100098 13
939 100014 17
947 100064 15
24 100041 16
140 100023 17
168 100030 16
221 100070 17
280 100039 16
315 100008 13
333 100039 14
406 100094 15
423 100020 13
467 100027 16
621 100029 13
621 100087 13
630 100057 16
689 100008 16
805 100070 17
843 100089 16
891 100058 15
912 100062 17
921 100011 17
965 100043 17
23 100038 13
23 100053 14
118 100081 15
170 100015 16
256 100083 17
294 100050 14
323 100028 15
373 100042 16
373 100074 15
416 100041 17
540 100043 17
551 100045 13
569 100072 13
577 100093 15
612 100049 17
647 100069 16
805 100099 13
835 100096 17
938 100053 13
940 100030 14
17 100057 17
56 100044 14
68 100040 17
112 100092 16
190 100062 15
192 100062 16
193 100015 17
202 100042 17
216 100020 17
234 100026 16
259 100087 14
315 100074 13
346 100067 14
361 100023 16
420 100019 13
554 100046 17
583 100026 18
644 100041 15
710 100094 15
772 100053 15
16 100058 15
78 100048 15
106 100080 14
124 100055 18
147 100083 14
160 100081 15
234 100015 13
269 100063 13
278 100009 17
436 100011 13
553 100050 18
582 100088 15
591 100060 18
602 100035 16
656 100085 16
679 100077 13
740 100097 14
778 100015 14
859 100058 14
992 100051 17
90 100040 17
154 100065 17
281 100055 13
330 100009 16
338 100020 16
362 100006 15
367 100072 13
380 100078 15
427 100089 15
498 100008 14
538 100019 15
538 100084 13
591 100020 13
593 100098 15
611 100012 13
634 100094 14
856 100032 17
881 100035 15
899 100014 15
936 100064 18
65 100039 14
73 100074 15
178 100065 15
212 100095 15
218 100099 15
222 100080 14
250 100036 16
474 100017 16
495 100041 17
526 100007 13
553 100012 13
559 100007 15
573 100001 17
577 100038 15
706 100026 14
732 100007 15
765 100100 16
783 100019 14
841 100095 17
933 100043 14
66 100069 17
117 100087 15
127 100026 17
127 100083 15
182 100049 14
304 100087 15
317 100088 16
337 100030 16
361 100075 17
385 100083 18
487 100084 13
519 100072 14
572 100069 14
700 100072 16
756 100083 15
776 100009 13
838 100051 13
929 100079 17
932 100037 14
952 100083 13
34 100054 17
37 100047 15
38 100016 17
49 100018 14
96 100015 16
115 100041 14
146 100068 17
179 100073 14
190 100065 13
207 100010 13
258 100075 14
312 100021 15
457 100008 16
518 100045 17
613 100093 14
663 100027 16
682 100034 13
785 100100 14
815 100021 13
926 100059 14
78 100007 13
117 100026 14
151 100003 13
197 100010 15
264 100069 17
313 100085 14
394 100097 16
430 100062 17
432 100095 17
518 100098 13
553 100068 15
574 100051 13
652 100063 15
672 100040 14
680 100077 15
694 100021 13
715 100091 15
828 100081 14
942 100004 17
989 100083 16
12 100083 15
15 100084 15
77 100078 17
86 100094 13
137 100010 17
193 100036 14
201 100005 14
222 100080 15
223 100039 17
237 100025 13
297 100071 16
406 100058 17
445 100069 16
453 100054 13
577 100084 17
611 100019 17
673 100053 13
736 100067 18
823 100063 15
872 100065 15
28 100020 18
60 100040 17
70 100012 16
77 100076 16
141 100067 17
215 100025 17
256 100045 15
291 100096 14
304 100053 17
425 100071 16
455 100081 15
459 100098 15
540 100003 13
551 100070 17
575 100058 17
775 100100 15
791 100096 13
927 100029 17
961 100031 16
1000 100094 18
96 100057 16
101 100030 17
145 100017 15
168 100024 15
180 100022 13
231 100063 15
255 100019 16
331 100037 14
387 100091 16
535 100084 14
554 100078 15
589 100044 17
628 100042 13
661 100015 16
747 100006 13
781 100054 16
921 100006 17
946 100018 16
954 100080 15
989 100009 13
124 100078 13
241 100088 16
267 100088 15
269 100077 14
271 100021 17
314 100094 15
323 100056 14
340 100061 15
441 100040 15
462 100092 14
513 100053 18
558 100036 17
598 100011 15
601 100005 14
607 100083 16
841 100035 18
954 100073 17
973 100088 13
983 100056 15
995 100019 14
85 100096 17
165 100089 14
179 100079 18
235 100090 13
295 100036 17
347 100065 13
348 100004 17
381 100067 14
416 100071 14
449 100090 15
481 100063 17
553 100089 15
791 100094 16
820 100014 16
880 100034 18
923 100073 16
946 100021 17
954 100034 16
972 100062 18
997 100099 15
133 100062 15
170 100015 15
222 100014 13
249 100045 16
268 100089 13
375 100028 16
379 100039 15
404 100011 15
422 100067 13
445 100011 16
465 100018 16
563 100058 13
608 100027 14
709 100031 16
863 100003 17
878 100077 15
897 100021 14
912 100064 14
913 100006 13
921 100022 14
69 100025 15
73 100084 13
131 100066 17
160 100021 17
176 100010 15
188 100038 16
206 100087 13
302 100093 14
315 100099 13
358 100034 17
401 100057 17
421 100055 15
488 100086 17
668 100007 16
820 100042 17
822 100060 17
859 100096 15
890 100078 13
923 100100 16
992 100063 15
4 100052 17
46 100081 16
207 100001 18
251 100011 16
277 100054 17
282 100062 14
284 100015 15
318 100018 14
326 100054 13
538 100093 14
610 100080 14
615 100060 16
617 100038 18
692 100085 13
776 100070 17
805 100083 13
806 100000 15
821 100099 16
860 100003 13
934 100032 16
2 100085 13
3 100022 13
37 100042 13
87 100100 14
197 100049 14
199 100066 16
241 100045 15
271 100079 17
331 100030 13
340 100005 17
412 100064 14
497 100037 16
560 100020 13
597 100015 18
623 100024 13
712 100049 13
745 100038 16
961 100056 15
972 100093 17
1000 100000 15
34 100095 15
292 100089 17
300 100053 18
305 100094 15
375 100091 13
468 100013 13
495 100094 13
497 100057 17
581 100053 16
661 100097 15
672 100079 17
720 100093 18
796 100030 14
827 100004 17
857 100069 13
883 100081 13
907 100033 17
918 100031 16
928 100026 16
943 100043 16
48 100015 15
48 100051 15
79 100098 16
172 100025 14
205 100033 17
230 100018 13
244 100097 14
312 100010 18
324 100002 17
326 100080 13
347 100033 17
458 100051 16
467 100052 16
547 100007 15
627 100056 13
634 100021 14
651 100030 14
810 100059 16
873 100018 17
977 100009 17
36 100091 14
37 100018 15
63 100016 17
170 100026 16
481 100022 13
562 100018 13
564 100066 16
580 100016 15
640 100045 16
698 100009 17
727 100059 15
755 100003 17
812 100027 13
864 100000 14
887 100059 17
888 100019 18
911 100021 14
936 100014 14
960 100030 16
995 100096 17
5 100009 17
17 100087 14
24 100056 16
75 100030 16
133 100071 15
172 100088 16
230 100048 16
363 100085 17
374 100029 16
432 100088 15
468 100031 16
492 100012 13
522 100092 13
568 100052 13
619 100042 15
621 100037 13
749 100065 14
935 100044 14
971 100045 14
984 100046 17
3 100041 13
29 100072 17
205 100074 16
245 100069 16
389 100099 15
402 100093 17
517 100063 14
523 100017 13
659 100063 16
716 100070 14
735 100020 13
787 100008 14
791 100089 16
801 100035 17
831 100000 15
931 100013 18
951 100024 17
955 100028 13
969 100098 17
977 100098 16
9 100046 17
27 100093 16
156 100009 17
190 100067 15
200 100069 15
200 100097 13
297 100052 14
305 100049 17
333 100005 15
371 100079 17
457 100033 15
660 100074 17
681 100024 13
683 100042 13
867 100016 14
888 100030 14
908 100013 18
918 100028 15
943 100058 18
985 100066 17
138 100026 17
150 100050 16
243 100003 17
324 100028 15
465 100025 15
522 100074 13
578 100082 15
584 100034 13
627 100055 13
647 100081 14
723 100052 14
786 100026 18
796 100067 16
812 100001 15
862 100076 17
912 100055 16
920 100071 13
944 100080 15
953 100044 17
970 100073 16
51 100057 17
199 100072 15
276 100090 17
344 100099 16
352 100022 14
361 100070 15
471 100044 13
492 100041 16
535 100048 14
559 100049 16
569 100061 15
577 100067 13
691 100045 14
797 100051 16
812 100094 14
820 100083 17
826 100085 15
835 100079 18
905 100086 16
939 100030 13
110 100097 13
219 100025 16
244 100044 15
301 100080 17
341 100063 14
352 100013 16
369 100073 17
416 100093 14
419 100012 18
433 100068 16
436 100096 15
484 100076 17
590 100085 16
606 100091 18
670 100070 17
765 100000 16
770 100042 17
876 100088 15
879 100082 14
880 100047 15
4 100036 16
5 100009 17
49 100093 18
64 100067 15
96 100049 13
161 100060 14
173 100062 16
236 100063 15
356 100046 18
468 100089 15
626 100071 14
662 100053 16
662 100073 16
712 100035 13
737 100093 15
761 100066 13
861 100082 17
892 100016 17
945 100020 14
962 100100 17
18 100012 18
130 100003 17
185 100097 13
202 100015 18
474 100089 18
480 100097 17
577 100005 15
606 100053 13
628 100003 17
685 100088 16
694 100032 17
695 100076 17
749 100096 15
750 100079 16
788 100013 16
824 100014 17
862 100036 15
879 100021 14
917 100048 17
937 100010 15
136 100048 13
298 100093 17
300 100034 16
316 100015 13
329 100068 15
371 100073 15
386 100044 17
391 100014 18
404 100041 14
436 100079 18
547 100091 15
548 100036 14
579 100048 14
588 100063 16
667 100077 13
777 100071 17
807 100091 16
926 100014 16
944 100058 17
976 100033 15
50 100079 17
81 100071 15
105 100016 13
106 100014 14
108 100034 16
195 100009 13
206 100034 13
227 100013 13
243 100049 17
248 100030 14
298 100040 14
333 100057 15
487 100055 17
654 100034 14
674 100005 13
679 100021 16
714 100058 15
727 100051 18
741 100015 17
811 100034 17
44 100036 16
139 100066 15
293 100096 14
361 100001 17
423 100084 17
457 100045 15
487 100065 17
496 100091 17
615 100028 16
714 100004 13
741 100046 14
799 100050 16
818 100049 15
825 100096 13
895 100001 16
950 100006 13
961 100081 15
975 100044 16
979 100055 15
987 100085 18
5 100030 16
19 100005 15
32 100096 15
36 100036 14
119 100026 15
150 100074 14
247 100099 15
269 100096 15
340 100021 15
429 100014 15
484 100001 17
485 100082 16
532 100077 16
533 100017 17
613 100090 17
646 100026 17
691 100044 14
769 100034 14
916 100066 14
987 100093 17
51 100023 13
97 100020 13
115 100058 17
362 100014 15
401 100040 14
441 100035 16
443 100083 18
499 100091 15
588 100066 13
590 100032 15
608 100043 14
676 100093 13
680 100004 18
682 100087 17
751 100012 14
772 100011 13
779 100026 17
780 100070 15
835 100010 15
939 100083 13
25 100097 15
43 100003 17
64 100046 17
116 100009 17
136 100021 17
158 100079 13
173 100040 18
207 100047 14
326 100066 13
371 100006 13
435 100014 17
522 100096 13
551 100072 16
584 100081 17
738 100100 13
744 100078 18
798 100029 16
862 100046 16
899 100007 17
999 100057 16
1 100088 18
1 100090 14
38 100071 16
97 100001 15
113 100073 17
190 100045 17
192 100023 16
199 100033 16
224 100099 16
271 100076 17
348 100056 15
349 100086 16
528 100074 15
606 100020 13
731 100055 15
800 100017 14
838 100014 15
927 100015 18
964 100069 15
966 100020 14
23 100059 13
32 100036 16
75 100001 15
136 100071 14
156 100046 15
169 100006 17
304 100009 13
394 100023 13
439 100065 15
445 100050 14
488 100035 16
577 100016 17
617 100041 14
648 100000 13
690 100004 13
740 100046 15
811 100095 14
920 100030 14
951 100055 14
980 100092 14
39 100002 14
109 100067 14
128 100028 13
148 100070 18
163 100013 14
290 100013 18
351 100021 14
389 100070 15
449 100030 16
466 100084 17
512 100001 16
546 100059 14
607 100051 18
717 100048 18
873 100067 18
899 100061 14
922 100067 15
923 100095 17
924 100018 15
1000 100080 14
12 100095 13
40 100006 15
137 100085 14
252 100093 14
278 100073 17
354 100037 16
371 100100 15
499 100052 13
512 100094 17
529 100041 16
571 100073 14
574 100006 13
611 100046 15
633 100083 16
638 100059 13
681 100005 18
805 100065 16
834 100024 17
882 100091 16
941 100014 14
32 100070 14
34 100095 14
69 100058 14
135 100040 17
151 100090 16
191 100027 16
217 100074 17
233 100017 16
295 100097 15
447 100073 17
475 100085 17
569 100034 14
636 100000 13
696 100073 18
698 100025 16
718 100031 15
758 100025 16
772 100081 14
932 100009 18
960 100068 14
43 100014 13
107 100025 14
112 100080 17
133 100014 17
152 100093 17
204 100052 14
348 100092 15
354 100050 16
379 100028 16
454 100067 16
521 100041 15
608 100066 14
615 100042 13
697 100019 15
772 100046 13
876 100004 13
881 100018 17
887 100027 17
895 100045 15
968 100063 16
146 100041 17
174 100072 13
178 100057 16
210 100077 13
227 100093 14
238 100040 15
377 100099 17
446 100044 15
512 100020 13
513 100021 16
527 100016 15
570 100000 15
589 100029 16
702 100060 17
737 100026 13
760 100091 15
804 100060 17
919 100041 14
921 100078 15
968 100051 15
31 100017 13
59 100008 17
118 100066 17
168 100001 13
179 100042 17
182 100003 15
195 100029 17
232 100082 15
350 100081 15
446 100086 17
479 100060 17
485 100057 15
621 100089 14
628 100065 15
677 100074 13
793 100080 14
864 100014 17
888 100064 16
899 100041 17
928 100076 17
22 100092 17
55 100021 18
65 100038 13
132 100027 17
153 100076 14
317 100010 15
386 100092 17
453 100055 13
483 100095 16
568 100025 15
591 100041 15
604 100006 16
612 100047 14
638 100027 17
662 100054 15
735 100047 15
853 100095 17
862 100089 16
884 100012 16
904 100077 14
31 100054 13
42 100073 16
68 100078 16
209 100087 13
233 100068 18
269 100002 17
312 100061 13
325 100031 15
439 100044 17
489 100040 14
519 100028 14
519 100038 17
609 100085 16
771 100059 17
777 100084 17
848 100082 15
858 100094 17
864 100036 15
932 100022 15
966 100051 18
59 100097 17
94 100007 18
103 100039 15
269 100068 13
280 100053 14
374 100004 18
394 100072 15
418 100031 15
432 100096 17
438 100037 13
651 100084 16
738 100011 15
831 100049 15
929 100002 16
954 100008 17
960 100059 18
965 100076 15
968 100019 17
969 100061 16
996 100099 13
19 100080 18
69 100072 14
83 100019 14
95 100048 16
95 100095 18
234 100044 17
252 100096 17
293 100036 17
320 100075 18
428 100083 14
442 100072 16
466 100081 14
478 100096 14
567 100011 13
599 100025 15
701 100049 17
916 100054 13
922 100083 17
953 100088 15
996 100064 15
42 100006 16
42 100073 15
82 100024 13
202 100042 15
216 100000 17
287 100050 15
400 100060 16
428 100091 13
598 100094 18
611 100069 13
629 100061 15
698 100077 15
737 100037 18
774 100074 13
805 100029 15
849 100059 17
937 100096 13
949 100056 16
950 100016 16
957 100069 13
27 100063 17
61 100074 18
109 100085 17
207 100006 14
239 100011 14
246 100088 17
392 100030 16
425 100064 13
473 100008 14
548 100016 13
654 100011 14
733 100039 14
738 100066 17
762 100078 18
798 100006 15
832 100031 17
879 100037 13
903 100074 13
913 100045 13
980 100046 13
9 100022 17
107 100078 18
149 100082 15
163 100086 15
205 100022 14
230 100024 14
308 100012 16
433 100091 15
477 100066 13
501 100061 13
509 100030 17
526 100057 15
530 100050 16
533 100073 15
609 100019 16
631 100073 17
649 100034 15
704 100011 16
849 100014 16
928 100050 13
23 100014 14
211 100023 16
237 100052 13
364 100088 16
376 100028 15
402 100069 18
436 100068 13
478 100000 18
660 100045 16
677 100013 15
711 100087 17
735 100063 13
755 100060 15
846 100048 18
851 100050 17
860 100081 16
879 100020 15
889 100008 17
889 100046 15
921 100012 14
15 100025 13
218 100094 15
302 100015 15
312 100044 17
348 100097 15
413 100095 13
464 100021 13
521 100077 18
531 100036 14
636 100022 18
755 100038 17
780 100011 15
836 100065 13
836 100069 14
858 100011 16
866 100085 13
917 100011 16
926 100092 17
941 100033 17
959 100089 15
93 100054 17
203 100089 15
321 100015 17
327 100045 17
391 100081 18
476 100079 15
510 100027 17
539 100011 17
582 100075 13
586 100070 17
609 100043 16
656 100071 18
657 100030 18
709 100056 16
774 100033 13
776 100000 15
786 100087 13
795 100009 16
816 100064 14
864 100074 18
22 100084 13
75 100061 17
215 100044 15
269 100025 16
315 100035 15
324 100019 16
463 100036 13
468 100071 15
568 100094 15
630 100031 15
648 100050 16
682 100000 17
787 100027 16
789 100060 18
791 100002 15
793 100008 18
811 100091 14
876 100025 15
911 100099 15
999 100038 14
10 100007 16
61 100065 16
79 100019 16
90 100003 13
123 100090 15
167 100077 15
251 100024 14
297 100087 15
365 100057 16
415 100043 13
448 100096 17
513 100009 16
542 100039 17
610 100041 13
664 100005 16
711 100098 16
733 100100 14
819 100042 17
939 100063 13
968 100008 13
30 100005 13
172 100025 13
319 100075 13
337 100058 16
372 100076 15
400 100062 13
424 100067 17
538 100037 16
609 100015 18
676 100098 13
713 100058 16
761 100015 18
852 100004 15
882 100069 16
901 100009 14
903 100074 15
957 100040 14
960 100045 17
967 100019 15
971 100026 16
12 100088 15
34 100023 14
56 100093 14
68 100069 18
165 100089 17
182 100076 14
228 100047 16
242 100049 16
281 100029 17
371 100067 17
410 100085 14
442 100057 14
587 100005 16
620 100080 14
633 100023 15
644 100043 16
719 100098 16
746 100036 14
893 100058 13
949 100044 14
