100 20 231144
5 67 237
5 108 160
5 105 202
5 83 207
5 145 191
5 121 206
5 99 220
5 107 178
5 134 174
5 73 165
5 126 175
5 65 184
5 141 217
5 63 179
5 57 219
5 61 165
5 81 238
5 107 186
5 52 217
5 87 221
1 240 72
2640 2215 64
4484 4669 58
4939 4712 57
8734 8794 54
2079 2712 73
2955 2865 73
4782 4154 65
5550 5208 64
5639 6104 56
1038 1593 68
3283 4248 55
6237 5658 59
6844 6725 61
8723 7906 54
3397 3361 68
3722 3550 72
7037 7253 55
7192 7962 64
8447 7818 55
758 940 56
2302 1542 69
2807 3592 55
5048 4833 75
5058 5029 65
3280 3728 58
6322 6139 58
8353 8187 57
8946 7949 67
9759 9424 62
238 607 74
1836 964 63
2175 1983 55
2713 2430 70
4385 4233 60
4342 4120 66
6396 6196 71
7937 8635 64
9655 9644 71
9867 9497 55
1 489 74
680 518 58
1042 1055 55
2579 3531 72
8607 8797 73
464 459 68
4356 4466 60
7308 7828 66
8028 8036 59
9124 9623 60
571 791 72
3129 2559 67
4812 4045 64
6617 6297 74
6800 6140 62
1031 1605 63
2806 2707 56
4056 3691 68
9542 9039 55
9759 8908 61
4431 4050 60
5890 4910 73
5961 6396 53
8206 8355 73
9154 9101 63
1692 2087 63
2585 1982 70
2840 1980 61
8537 8912 59
8844 9355 73
1387 1549 58
1968 2158 60
2601 2964 64
6753 6719 74
7656 6836 75
504 1350 55
4166 4750 72
6104 6952 75
6605 6758 60
9611 9365 62
3379 4243 57
3606 4165 53
5213 4495 58
5864 5618 58
8137 8188 55
979 1628 75
1870 1028 68
2475 1746 71
9003 9306 60
10269 9797 55
5279 5126 62
7150 7019 65
7634 6658 64
9642 9136 64
9737 8977 67
1416 2089 59
1434 913 71
2257 2148 73
3930 4306 64
4937 5596 54
