500 20 114684
25 69 150
25 114 172
25 50 199
25 75 249
25 138 187
25 113 185
25 132 249
25 125 184
25 96 222
25 83 203
25 86 155
25 62 206
25 56 173
25 121 225
25 80 183
25 112 160
25 135 202
25 96 168
25 69 207
25 116 222
13 98 14
75 118 13
94 78 12
150 66 12
171 183 11
266 261 14
313 374 11
313 385 10
336 404 13
338 337 14
358 330 12
371 341 12
428 517 13
448 456 12
462 397 10
582 494 12
705 802 13
719 708 11
796 842 12
829 864 13
842 841 12
904 952 12
956 859 12
957 883 15
987 932 12
52 150 11
154 183 14
176 144 12
200 279 10
219 134 12
252 237 14
262 346 12
309 229 11
362 294 13
418 498 14
425 424 14
440 386 13
448 496 11
480 574 15
483 476 11
486 492 12
601 502 14
650 576 13
654 609 12
742 819 15
762 714 11
765 719 14
903 830 14
907 946 11
982 981 12
128 77 11
208 214 13
261 205 11
265 363 14
296 314 11
316 251 12
388 420 11
467 553 14
481 449 13
483 439 13
496 556 13
500 496 11
541 551 12
593 591 13
708 751 13
727 632 11
732 782 13
743 680 12
748 818 11
772 807 12
869 941 13
934 839 13
968 994 11
971 895 15
1005 928 12
1 2 10
10 86 14
67 89 11
87 10 13
143 119 10
159 160 11
192 250 11
233 145 11
252 290 13
358 310 11
389 400 10
469 455 11
590 566 14
625 684 10
697 681 12
698 798 11
701 655 13
710 797 14
746 741 12
777 745 11
837 816 10
913 863 14
964 874 11
993 913 11
1000 920 13
38 117 13
41 9 10
85 125 12
85 132 11
161 144 12
191 97 14
209 272 11
232 210 11
251 162 14
307 400 11
342 343 11
405 347 13
408 425 12
416 389 14
444 430 11
555 598 10
582 522 11
590 493 11
673 768 12
697 637 11
764 769 14
795 829 10
870 813 15
879 883 14
893 907 11
1 41 11
62 26 13
78 74 12
111 201 12
204 219 13
259 289 14
277 367 12
300 315 12
314 291 14
422 434 14
504 447 11
527 476 14
562 468 12
608 669 14
643 597 11
735 679 13
799 850 14
842 752 12
887 796 14
909 912 11
930 868 12
947 968 12
989 984 14
1056 981 12
1067 997 10
96 65 12
100 41 14
120 154 12
121 81 11
186 221 12
254 283 11
287 283 13
287 360 12
310 337 12
344 314 12
405 408 13
430 460 12
462 527 15
481 470 11
505 413 12
572 640 10
641 612 12
671 758 12
720 762 12
730 663 14
750 816 12
809 763 14
862 912 11
928 941 14
970 919 11
1 1 14
84 88 11
97 22 14
105 117 12
130 112 13
151 226 11
159 218 13
231 318 14
310 210 11
334 296 14
341 402 12
344 389 14
378 375 10
406 496 12
502 427 14
535 439 12
551 478 14
633 677 10
636 691 13
644 558 13
743 750 11
775 747 14
814 875 11
878 885 11
910 874 13
1 52 14
24 61 10
26 121 13
108 141 13
135 210 13
140 71 14
194 153 13
200 282 14
243 234 10
290 283 13
413 508 11
423 503 14
462 395 14
509 512 10
557 461 12
569 620 14
672 674 14
760 820 14
778 861 13
802 835 12
804 720 12
806 859 12
884 854 14
1009 913 14
1045 969 12
76 131 12
143 137 12
163 156 12
173 213 11
200 255 14
251 273 13
303 355 11
323 317 14
392 469 14
422 512 12
454 397 14
635 557 12
689 746 12
736 737 14
771 825 13
776 710 14
784 734 10
798 875 14
851 796 10
860 822 12
885 914 10
926 981 11
979 934 11
1003 984 13
1013 935 12
53 73 12
89 87 12
104 151 13
176 164 11
210 193 12
290 362 12
294 332 10
371 299 12
373 403 14
382 314 14
433 530 12
441 451 13
459 557 11
470 531 14
476 475 13
559 539 13
560 502 14
650 565 13
672 663 14
703 683 11
723 780 13
839 806 14
881 870 10
934 904 14
1020 968 12
1 14 14
1 39 12
3 42 11
60 118 13
63 137 14
114 171 11
147 156 14
261 229 11
274 307 13
321 341 12
325 349 11
408 414 13
431 385 14
441 364 12
552 570 11
586 494 14
619 531 12
660 628 13
673 680 14
687 678 13
818 769 11
825 797 13
895 828 12
902 953 14
1014 916 11
1 7 15
1 77 12
123 61 14
209 202 11
251 229 12
288 259 14
343 257 14
357 284 14
400 447 12
612 632 12
634 666 10
658 712 13
679 667 13
684 780 11
699 706 10
708 663 11
712 810 13
743 839 14
749 750 11
763 773 11
764 770 13
844 854 13
848 812 12
849 831 14
1073 990 12
10 48 13
73 1 11
92 32 13
114 179 12
183 262 11
231 206 11
285 343 13
288 355 11
297 305 12
315 300 14
321 318 13
334 248 13
382 408 11
401 373 13
419 498 13
458 419 12
475 565 14
545 552 11
609 518 13
618 636 12
715 687 12
766 781 14
813 893 13
836 886 11
912 857 14
1 9 14
35 25 12
41 64 14
47 26 13
67 94 12
74 43 11
145 219 13
181 191 13
221 136 13
305 256 12
317 396 13
497 526 14
522 555 14
575 507 11
581 674 14
613 542 11
677 712 11
702 743 11
750 747 11
792 817 13
799 718 12
852 925 14
895 875 12
909 963 13
968 926 12
24 102 12
45 107 14
113 76 12
123 123 14
161 192 14
162 199 13
209 268 12
234 149 11
266 263 10
289 270 13
378 389 14
414 510 10
416 462 12
428 476 14
456 371 12
465 446 13
544 639 11
601 593 11
748 706 11
770 771 13
782 809 12
784 713 11
884 944 11
889 835 11
909 849 11
12 106 11
69 29 13
82 27 11
129 89 12
143 170 14
172 208 14
198 208 12
302 221 10
317 247 13
373 305 13
400 472 11
440 384 14
493 555 11
549 462 13
552 559 14
626 597 12
632 718 11
643 679 11
664 672 12
739 804 12
869 786 13
971 996 14
982 978 14
998 965 13
1034 974 13
7 45 11
206 251 11
242 322 11
250 308 13
281 185 13
293 233 12
385 473 14
405 445 11
478 390 14
534 496 10
545 584 12
561 462 11
568 624 13
591 687 12
646 625 11
653 559 14
685 636 12
694 642 12
803 758 12
872 867 14
877 838 11
919 881 11
920 843 12
932 893 11
967 908 11
1 37 12
42 139 14
72 108 14
83 157 11
108 107 13
175 233 12
223 318 11
235 162 12
276 197 12
313 291 11
381 387 13
415 405 14
498 474 14
502 428 11
531 541 11
547 490 15
741 831 12
749 710 10
757 719 13
775 687 12
881 943 12
900 879 14
909 900 12
920 990 14
964 946 15
1 27 12
91 12 14
96 138 14
126 132 12
132 207 13
167 191 14
302 275 13
350 346 14
354 323 14
361 354 13
371 336 11
374 274 11
436 532 11
448 441 13
513 506 13
558 568 14
566 617 12
705 653 13
758 666 10
763 850 10
808 736 14
846 790 12
892 857 13
913 920 13
987 894 12
