1000 100 2584524
10 55 196
10 56 208
10 129 243
10 119 224
10 104 185
10 67 186
10 121 234
10 128 190
10 62 215
10 135 197
10 81 188
10 115 155
10 84 196
10 51 171
10 137 192
10 139 222
10 51 222
10 63 207
10 96 196
10 100 178
10 90 157
10 131 244
10 102 197
10 149 212
10 71 218
10 148 206
10 106 189
10 112 236
10 111 159
10 110 160
10 100 199
10 83 190
10 143 176
10 58 240
10 114 160
10 144 235
10 93 239
10 111 160
10 108 241
10 65 218
10 127 159
10 76 172
10 95 231
10 140 168
10 66 159
10 101 205
10 149 233
10 71 187
10 82 178
10 146 151
10 89 232
10 113 194
10 144 154
10 125 185
10 98 248
10 133 204
10 62 192
10 77 168
10 84 243
10 65 205
10 147 162
10 87 190
10 81 246
10 63 156
10 133 193
10 102 202
10 58 217
10 115 179
10 138 250
10 112 156
10 120 245
10 88 178
10 121 158
10 115 244
10 115 210
10 56 195
10 84 165
10 79 231
10 113 152
10 104 239
10 92 239
10 144 233
10 83 170
10 135 191
10 50 238
10 108 238
10 106 191
10 72 181
10 138 217
10 64 217
10 143 186
10 87 168
10 67 234
10 145 216
10 149 217
10 138 203
10 128 235
10 99 222
10 123 221
10 71 202
133 589 25
308 351 25
1613 1798 33
3135 2418 27
3404 3731 31
4078 4970 34
5326 5349 26
5849 6332 29
7274 7984 30
8448 7839 33
1629 1966 31
2234 1427 33
3009 3350 28
3252 3639 26
4358 4912 34
4428 4014 27
6823 7523 32
8155 8771 27
8552 8501 32
10364 9593 33
987 1126 25
1182 1200 25
4358 4604 33
4576 5465 33
5286 4936 27
5386 4881 33
5713 5060 31
6761 6031 30
8674 8132 32
8820 9176 32
1073 1091 29
1708 2405 25
2915 3226 33
3870 4682 32
4105 3378 32
5952 5973 26
7266 7019 30
7521 8442 30
8146 9036 25
8283 9200 28
1 278 28
1 299 33
428 1136 32
617 96 32
3741 4673 25
7490 8439 33
8041 9006 33
8593 8093 33
9346 8942 31
10775 9857 27
2121 1746 28
3324 3666 25
3836 4377 29
5586 5013 27
7126 6380 29
8519 8510 26
8770 8030 26
8952 9540 25
9900 9767 33
10473 9999 29
627 730 27
639 530 30
1358 1974 34
1737 1171 32
2172 3113 28
3959 4290 27
5104 5516 27
5464 4949 31
6475 6052 33
7669 7910 33
1212 1648 29
2031 2736 26
4185 4515 29
4570 4003 31
4713 5000 27
5745 5945 31
7027 7974 28
7913 7777 27
8401 8476 34
9942 9644 31
1397 1254 26
2638 1865 32
3606 4567 32
3660 2823 28
4727 4623 31
5713 6253 25
5855 5541 33
6765 6546 33
6863 6250 25
9276 9068 25
1 45 32
1628 1299 29
4451 4347 26
4784 5069 24
6119 7061 26
6845 7368 30
7441 7827 26
7647 8216 33
7844 7971 26
9010 8914 26
1 9 25
1058 1770 26
2413 2276 30
3571 3484 31
4532 4188 26
4705 5498 31
6412 7124 32
6998 6024 31
8758 7969 29
9042 9940 27
1144 812 26
1477 1103 34
3305 4203 31
3648 4096 31
3855 2972 31
4130 3951 34
5873 6323 33
5955 6144 31
6305 6571 25
7237 6294 31
2529 1736 27
3549 2965 25
3767 3045 30
4629 4872 26
4751 5525 28
5158 4403 34
6241 6813 33
6271 6495 26
7400 6655 26
8732 9170 32
1249 1276 26
1465 695 29
2163 1472 29
5025 4437 29
5571 5227 30
7182 7881 30
8337 7745 33
9066 8767 28
9379 9444 25
9618 8704 28
1 756 34
3555 3041 29
3930 3181 29
4393 3429 34
4544 4124 25
4829 4679 25
8113 9104 31
8228 8537 29
9641 9038 34
10536 9720 26
1 51 30
2240 1342 34
4994 5901 25
5025 4891 28
5673 5003 33
6684 6163 34
7482 6560 30
8013 7448 26
8623 9340 33
10181 9863 25
704 1204 31
850 1588 26
1281 419 27
4633 4420 29
5327 6034 26
7076 7630 30
8062 7554 30
8915 9240 33
9013 8784 30
9049 8985 34
1383 1043 26
2448 2343 28
2799 2122 24
3622 2906 33
4287 3338 30
4746 4378 26
6474 6603 28
7309 8109 32
7318 6679 33
7674 7585 30
259 762 24
1693 853 31
2891 2666 33
4783 4123 32
4981 4934 30
6510 6234 28
6698 7687 27
7882 8196 32
8332 8422 27
8463 8715 30
1382 1820 28
3777 3612 25
4448 3792 25
4756 4038 30
4988 5186 32
5845 6085 28
6323 5867 32
6457 5567 34
8227 8356 24
8385 7885 25
1 640 24
457 289 33
1252 1774 25
2180 1790 32
2479 2691 25
2874 2804 30
3843 3684 32
4770 5755 30
5146 4207 26
8719 9327 33
962 1869 26
3637 2647 26
4272 4565 34
4602 4511 33
5650 6241 29
6015 6307 33
7459 8002 28
7945 6989 27
8273 7592 32
10509 9607 25
1359 981 27
3007 2839 34
3879 2970 25
4355 3522 28
4410 5024 25
4928 4846 30
5089 4752 31
6310 6252 34
7214 7687 26
9104 8583 27
2857 2890 26
4101 4079 33
4308 4332 32
4831 4626 28
5494 6115 26
6521 5782 26
7300 7450 30
7494 7885 28
7728 7945 27
10631 9839 28
1 119 25
488 1009 32
2683 2697 31
2870 3541 27
3952 3200 28
5396 5997 31
5407 5928 26
5970 5214 26
7880 8249 33
9194 9280 26
2334 2245 29
4811 5239 28
5492 6064 25
5790 5116 30
6246 7109 29
7088 7182 32
7376 6428 32
8674 7959 33
9217 8424 25
9783 9634 32
1344 1939 33
2477 2831 29
3967 3503 30
4451 4468 33
5829 5544 31
6888 7751 27
7045 6771 33
7324 6829 29
8061 8755 30
9742 8894 27
1 312 34
5348 6029 32
5793 6706 33
5893 6011 25
6557 5919 29
6871 7542 31
6925 6205 25
7266 7739 25
8724 9141 25
9320 8521 27
245 571 34
1822 1572 33
5156 5054 29
5159 4786 24
6013 5696 28
6327 5754 30
7575 8550 34
7717 6783 27
8473 9257 34
8942 8404 30
573 1306 24
1361 1718 29
1629 842 27
1866 1829 25
2160 2240 34
3675 4605 31
4339 4143 28
4754 4867 27
6357 6979 29
8115 8350 30
605 487 26
749 871 32
1058 1036 24
1280 883 29
2893 3441 32
2999 3605 26
5974 6762 26
8971 8153 24
9633 9860 34
10170 9892 31
864 832 27
1702 2593 26
2435 1943 31
2882 2940 24
4830 4410 29
5341 5016 28
5790 6149 32
6255 5684 24
6782 6443 25
8187 8931 27
573 146 32
1956 2939 31
3617 3848 25
4539 4758 34
4859 4056 31
5372 5903 33
6337 6656 27
7783 7463 32
8465 8067 24
10183 9382 24
758 837 30
2085 1911 30
2647 1711 28
6083 5658 25
6275 5605 30
7448 7040 24
7555 6957 29
7880 7231 26
8049 8853 27
9830 9963 27
1388 769 26
2106 2958 31
3061 3579 28
3860 3106 26
4091 4838 32
4348 3942 31
5141 4683 27
7014 7982 34
8101 8892 30
9605 9174 31
1 299 27
2013 1954 25
2159 2550 32
3206 2495 26
4619 4228 25
5084 4622 28
7365 7523 27
7864 8128 29
8727 8586 33
10498 9696 28
21 928 26
1238 412 25
1765 2492 29
1957 2876 33
2241 1741 26
2689 3167 31
4243 5053 30
5209 4357 26
6114 6247 31
8032 7267 25
611 1078 31
836 273 33
1872 1659 33
2065 1453 25
3443 2523 33
3742 3183 30
5873 6569 28
6277 7267 33
9273 9535 34
9908 9488 27
612 283 28
1637 1705 32
2179 3166 26
3103 2792 32
3623 3180 33
3981 3466 27
5838 6783 30
6248 7061 33
7141 7611 32
8483 8662 29
1 482 31
1034 588 27
2825 3374 34
3318 2950 32
4604 4115 33
4835 5670 27
4872 5629 30
5372 5869 34
8175 7525 25
10195 9654 33
1178 1913 32
1194 936 28
2292 2987 30
3101 2924 25
3886 3644 33
5672 5724 34
5746 6603 33
9568 9299 31
9982 9266 32
10257 9529 31
893 447 28
2492 2954 29
3005 2212 32
4088 3714 28
5677 4884 29
6121 6685 30
6687 7064 30
7705 6757 31
9074 8215 27
9483 9961 31
664 898 32
835 852 33
3053 3682 28
4392 5303 27
5330 5251 29
5670 5827 26
7985 7213 32
8135 9018 31
8251 8327 29
9466 8595 25
1002 400 25
1453 498 26
1619 1290 26
2752 3192 24
3589 4458 33
7443 8205 25
7770 7628 32
7955 7273 30
8029 8724 31
8548 7874 31
1 156 28
328 756 34
2444 1957 25
2916 2078 25
3190 2390 26
3998 4114 25
5569 5684 27
8925 8401 25
9270 8690 28
9282 9670 30
3374 3964 26
3800 3702 34
3950 4757 29
4830 4711 31
4950 4540 31
5246 5374 33
6083 6914 29
6725 7612 28
8404 9167 24
9367 9162 29
425 933 24
726 134 34
1173 2001 29
2877 3239 28
3078 3603 31
3549 4473 31
5796 6326 24
7599 6983 32
8377 8425 30
8523 8113 29
338 1027 27
1266 1438 30
1709 1826 32
2013 2309 33
2566 3484 27
3464 4327 27
4750 5102 32
6657 6261 32
8849 8458 24
10697 9907 33
1 78 24
1467 1405 28
3029 2221 31
5306 4740 25
5585 5562 26
6673 6698 25
7279 7958 29
7697 8338 24
8316 8099 33
10566 9948 24
328 370 32
2454 3444 33
3963 3231 26
3967 3904 33
5434 5059 30
5781 5333 30
7212 8127 24
7827 7806 32
7837 7060 27
10901 9986 28
1 52 26
1182 1834 32
4356 3826 26
6019 5645 28
6453 6117 30
7343 7779 33
7923 7143 32
8148 8923 32
8265 7797 31
8629 8765 30
1 12 25
332 656 27
1086 488 33
1409 1094 32
2501 2171 32
2778 3309 30
3360 2803 32
5140 4487 32
6155 5823 26
7267 7112 28
141 310 31
2012 1071 33
2075 3072 24
2528 3216 29
2669 3172 25
6161 5652 33
6640 7565 28
9318 9820 25
9650 9074 32
10516 9598 24
1019 1247 29
1918 2277 27
3247 3036 25
3733 4588 33
4087 3722 25
4962 5569 32
6461 7460 30
7516 6677 33
7765 7852 32
9107 9850 26
1 504 34
399 665 28
543 685 31
2005 1024 27
3960 4842 30
7710 7033 34
7883 7880 30
7951 8059 29
8792 9740 27
9593 8870 26
615 1549 33
1421 1257 31
1728 2000 30
4155 4733 31
6313 5911 31
6845 6375 28
7906 7873 34
8590 9444 24
8952 9822 34
9302 8915 34
36 951 27
458 845 27
2295 2669 27
3394 3171 34
4853 4403 31
5252 6180 29
5435 5553 32
7564 7560 31
7748 7565 25
8038 7261 25
880 420 31
2818 2351 28
4230 3407 28
4287 5005 33
5033 4357 34
5138 5239 24
5918 4976 30
8329 9282 25
9163 9614 34
10212 9445 30
412 895 30
1704 1819 26
2375 2878 32
4083 3209 26
4815 4634 32
6381 5812 27
6832 7790 34
8889 9283 31
9138 9311 32
9193 9141 27
1 506 27
3346 2907 28
4131 3269 28
4148 4745 32
5412 5605 31
5609 6072 30
5864 6839 33
7289 8090 28
8685 9565 31
8811 8871 26
860 1137 30
1530 1262 29
3116 2285 24
6458 6343 30
7095 7603 27
7592 8581 31
7968 7869 32
8115 7724 29
8434 8632 34
9404 9184 29
1 81 34
1 166 30
468 1390 32
1695 1522 25
2877 3285 25
3608 4275 30
4059 4359 28
5918 5789 27
7266 8151 26
8688 9550 33
752 533 25
2713 2837 26
4335 4679 34
4349 3587 33
4776 3816 31
6403 6972 29
7636 7910 25
8006 8298 30
9020 9883 32
9406 8708 26
1 421 27
1 711 33
587 627 31
3658 4649 30
3905 4166 33
5035 4618 25
5425 4952 31
5450 5342 26
7362 6577 31
8244 8970 30
1215 1174 27
1404 2070 27
3689 4149 30
5013 4625 29
5069 5461 25
5127 4494 27
6564 6414 29
6864 6480 27
7752 8335 30
9660 9436 30
1189 1060 33
2485 2783 27
4559 4178 33
4717 5173 32
4808 5125 32
5710 5956 34
7727 7204 32
8391 9097 29
8406 7533 29
9082 9346 26
49 823 32
1213 1193 33
1645 1658 27
2034 1051 26
2647 1681 30
3550 3272 33
5367 5281 25
7221 6869 26
7460 6614 32
8507 8778 33
899 453 32
2603 2962 31
3948 3752 29
8224 7495 29
8467 7844 27
8476 7524 28
9312 9860 33
9323 9810 26
9461 8713 27
9597 9012 34
534 1356 28
1589 2272 32
2515 2932 31
2728 3130 26
2876 1977 25
4031 4877 29
5289 4354 32
5468 5670 29
6170 5628 32
7245 7628 33
1354 946 29
1549 2233 26
1597 1608 28
3522 2608 28
4175 3999 27
5023 5223 29
5167 5014 29
8051 7257 29
8491 7517 31
9983 9744 31
510 70 34
1934 1376 25
4283 3998 29
4760 4421 34
4924 4860 25
5436 4594 26
6192 5294 30
6207 7089 33
7688 8511 26
8646 8591 24
1 795 32
828 821 24
1477 2456 26
1559 561 25
1722 2262 28
3620 3782 27
3788 4440 25
3940 3141 30
6770 6958 26
7006 6248 30
653 941 30
822 1663 31
886 459 28
4398 3955 26
4683 5048 29
5119 6036 27
5722 6262 27
6002 5929 28
8185 7676 32
8333 8014 33
1043 1335 30
1353 2027 27
1980 1045 27
4438 3839 28
5108 5771 32
7877 6961 27
7974 8440 29
8478 8666 27
8531 8811 27
9207 9724 29
111 354 26
595 1456 33
2195 2714 27
3417 3933 29
5126 5053 31
6183 6950 33
9347 9235 33
9381 9968 26
9390 9565 26
10168 9542 25
456 161 32
1612 882 30
3130 2923 26
4121 4431 31
5301 5992 25
5614 5245 29
6473 5841 29
7139 6302 28
7670 7651 26
10192 9906 31
1 162 30
346 707 33
666 628 34
2856 3618 34
3275 2481 25
3578 3077 24
7371 8031 32
8002 7996 24
10063 9376 25
10279 9958 24
2967 3743 32
3574 2797 25
4775 5085 31
5196 5194 25
5558 5207 32
5575 6060 31
6082 6249 32
6805 7581 25
7320 8140 33
10198 9501 26
1 8 25
535 1249 30
4178 3303 25
5758 6042 27
5788 5137 25
6060 7030 25
7152 6459 26
9454 8855 32
9533 9247 29
9666 9970 33
843 1444 24
1983 2172 26
2060 2018 27
2952 2079 28
3441 2664 31
5217 5357 28
8467 8426 27
8880 7961 30
9019 9599 28
10019 9458 32
617 1094 34
694 927 30
1266 1651 27
1670 1805 29
3141 3772 26
5992 5063 25
6657 6206 34
7787 7054 25
8338 9227 26
8689 9515 33
2011 1332 24
3064 3127 26
3316 2644 34
3435 3272 32
3888 3303 25
4065 3756 29
5220 4448 29
6168 6437 31
9242 9237 27
9379 9661 27
72 677 32
3368 3054 29
3489 3347 31
3846 3974 34
5677 5969 29
6608 7481 29
6779 7124 26
8049 7615 34
8334 8342 28
8784 9308 30
522 340 29
596 546 31
1921 990 24
3798 4693 26
6198 5808 25
8097 7524 29
8131 8265 30
8744 8361 32
9524 9688 34
10585 9809 32
1340 2053 28
2082 1396 25
4917 4741 28
5205 4639 25
6021 5553 34
6551 7009 26
7096 6981 30
8935 9096 30
9866 8869 30
9904 9638 26
3860 4584 27
4865 4122 31
5255 5436 33
5316 6027 33
8210 7640 29
8253 8911 33
8288 7985 25
8615 8519 26
9006 8225 31
9007 9837 34
2804 2752 28
3437 4256 33
3650 2761 25
3688 3016 26
6053 6290 31
6317 5784 34
7096 7540 27
7267 7819 34
7592 6943 31
8885 8196 28
710 962 27
2504 1961 28
2770 2758 27
4259 3299 27
4359 4095 33
6314 5976 29
6492 6944 30
6570 5902 28
7614 8009 31
10464 9589 28
2428 2723 32
3359 2976 29
4493 5105 34
5303 4583 32
5846 5612 30
6898 6213 29
9011 8434 25
9348 9139 33
10490 9924 25
10601 9683 32
1 196 29
1246 1687 30
2285 3038 31
3023 3788 29
3629 3084 27
4525 4578 28
5056 4587 31
5064 5441 29
8274 8271 30
9978 9591 27
713 314 27
1263 1226 31
2296 2109 25
2458 2557 30
2932 3166 33
2959 2156 25
3441 3551 31
3937 3503 26
5199 5260 31
8952 8360 25
58 930 30
2880 2728 31
3248 3394 30
4180 4638 26
5139 5646 31
5294 4511 28
5531 6460 24
7722 8275 33
8301 9018 33
9958 9756 25
226 45 26
263 1249 25
733 1500 25
3325 3112 26
4202 3657 31
5143 5625 31
6000 5229 31
8417 7560 27
9339 9088 34
10166 9229 27
2129 2253 24
2154 2273 30
2458 1999 34
3600 3709 25
4560 3926 31
6977 6161 33
7993 8365 25
8030 7911 33
8281 8902 31
9577 8620 27
1 225 25
1676 1985 25
6716 5822 31
7045 7384 31
7302 7060 30
8722 7879 26
8925 8653 25
9544 9303 28
9649 9734 29
9727 9315 26
1358 2110 25
2162 1366 25
2513 1945 31
3104 4090 33
6412 7136 30
6497 6030 26
7940 8284 30
8248 8670 31
8264 8196 24
8824 8976 24
730 962 34
1282 536 25
3123 3534 32
4733 4368 26
5240 5246 28
5706 5336 28
7135 6229 33
8490 8686 27
8965 8599 25
9018 8727 34
772 96 26
1025 66 30
1218 1590 26
2924 3119 28
3277 3276 25
4660 5017 30
5313 5525 27
7117 7121 33
8031 7125 27
8374 8205 32
758 1235 29
913 209 33
1076 145 33
3513 3951 30
4562 4699 29
5823 6260 33
5974 6657 28
6745 7543 34
7729 6735 26
8408 9121 28
250 741 29
4693 4126 31
4921 4250 25
5471 5173 29
5920 6340 34
7922 8011 25
8023 8339 34
8345 7411 26
9493 9859 30
10563 9628 30
