200 100 475944
2 81 199
2 58 242
2 132 160
2 56 244
2 95 157
2 119 171
2 116 229
2 98 179
2 74 233
2 96 250
2 130 222
2 53 160
2 85 171
2 147 230
2 95 207
2 146 185
2 124 186
2 104 225
2 134 244
2 108 229
2 108 206
2 128 231
2 101 161
2 104 182
2 146 233
2 73 227
2 89 185
2 75 189
2 54 156
2 137 190
2 116 243
2 105 167
2 132 217
2 122 191
2 69 196
2 57 230
2 143 218
2 101 213
2 126 167
2 86 193
2 138 245
2 71 229
2 59 222
2 145 178
2 51 179
2 72 166
2 133 159
2 141 171
2 128 165
2 142 233
2 99 176
2 60 234
2 66 215
2 115 176
2 130 187
2 51 164
2 72 240
2 75 225
2 127 221
2 98 163
2 116 249
2 130 229
2 123 229
2 71 178
2 73 162
2 59 179
2 73 183
2 51 195
2 70 240
2 81 250
2 117 227
2 149 223
2 107 199
2 105 168
2 63 189
2 114 240
2 94 165
2 118 233
2 145 171
2 55 234
2 54 158
2 79 200
2 106 243
2 126 201
2 91 204
2 80 154
2 90 194
2 114 228
2 119 218
2 137 229
2 77 228
2 87 174
2 150 206
2 132 211
2 140 209
2 122 203
2 142 238
2 94 171
2 126 212
2 101 186
338 67 183
6857 6424 167
4066 3770 188
9166 9690 186
2664 3124 160
3921 4390 160
5938 6210 137
7763 7744 179
2408 2783 157
9274 9143 135
390 41 161
8975 8991 168
1217 1870 134
8243 8148 152
683 82 177
4598 5276 179
7093 8019 174
8108 8575 139
623 1282 168
1965 2816 186
7054 6366 166
8436 8872 152
2501 2855 160
6630 6915 149
381 609 171
4087 4143 146
1055 81 147
6269 5747 177
6847 6080 177
9139 9733 136
6649 6075 140
10230 9861 164
3358 4292 184
4458 3679 166
3522 2641 155
6457 7204 157
2132 3010 139
4686 4546 156
1 59 138
6713 7087 156
3250 2877 163
3334 2747 161
7291 7131 156
7770 7698 140
2845 3472 161
6411 6154 161
8298 7584 172
8502 8738 176
1105 211 160
7984 8657 185
5229 5168 137
7889 7166 160
4520 4156 157
5096 5968 153
40 37 172
7639 7022 156
1656 1555 156
2826 2565 156
7273 7283 174
8081 8112 186
5149 6069 165
8604 8880 163
211 395 159
10713 9971 153
6537 7009 134
7118 7350 151
190 284 169
5365 4772 171
5932 5589 166
8940 8524 134
6491 5997 183
7107 7643 143
6411 5540 149
8785 9299 147
1329 682 183
8174 7874 147
3458 3299 141
8844 9480 167
4097 3754 161
5460 4463 154
6473 5756 141
10233 9481 174
7371 7701 138
9578 9726 175
9159 8715 140
9258 9705 185
3694 3212 178
8436 8183 174
4009 3709 147
8823 9822 179
3210 2932 138
6773 6461 160
1199 1481 159
8060 7361 147
1700 1897 171
4754 4231 155
6641 6439 143
7141 6575 148
1 381 177
2481 2896 135
2573 2043 146
9207 9899 176
2084 2182 140
5934 5641 155
1 696 153
2455 2371 134
5668 6635 154
6388 6777 153
7715 8007 157
9484 8798 182
3402 3649 147
6711 7405 138
7592 7492 160
8454 9033 152
539 696 179
4373 3788 150
1 214 163
4698 5558 166
3329 2603 136
8379 8372 163
5006 5770 143
5027 5232 174
2540 2781 145
4356 3665 145
2152 1709 177
4169 3274 178
4365 5277 160
5388 5277 170
4785 4820 162
7470 7460 162
7527 6661 163
8029 7856 160
2984 3952 160
3083 2091 147
464 152 175
6226 6236 142
8111 8568 140
10285 9642 175
1426 1025 163
6817 6110 179
4639 4629 148
5079 5344 137
824 1682 188
7196 7823 181
2239 2968 178
7226 7917 172
522 1155 134
710 295 168
4646 5160 163
8922 9617 181
5077 4223 137
9637 9688 170
5649 6205 165
6173 5346 145
2841 2474 160
3813 3210 149
2988 3784 169
4121 3790 148
6345 6036 155
9894 9959 176
834 1529 158
4531 4223 158
7486 6506 153
9011 8959 135
4327 3624 157
6020 6267 164
4345 3917 146
7738 8631 188
1248 1986 134
1573 1714 180
791 458 154
5333 4606 143
3089 2481 140
10474 9645 188
2244 2446 137
5528 6426 138
6202 6787 149
6824 7711 177
4307 4790 152
5018 5092 134
4418 4767 170
7513 6564 154
3926 3791 145
7522 8413 136
2284 1785 136
2650 2591 180
1512 1513 176
4505 4536 172
8660 8090 168
9099 9028 140
2214 3205 146
5765 5287 155
3359 2449 168
5972 5060 149
726 142 159
4175 4560 148
762 52 151
6636 6666 169
4320 4683 137
5306 4933 181
