1000 20 2640810
50 84 230
50 99 224
50 50 210
50 137 236
50 124 194
50 127 185
50 53 185
50 51 199
50 127 159
50 143 207
50 135 245
50 99 177
50 108 184
50 85 178
50 124 244
50 148 174
50 101 219
50 110 182
50 107 168
50 57 226
287 994 6
657 1188 5
749 101 5
986 433 5
1221 1586 5
2050 1357 6
2057 3016 5
2133 2128 5
2265 2834 5
2323 2915 5
2863 3655 4
2883 3176 6
2949 2196 6
2998 3084 6
3070 3897 5
3482 2906 5
3719 2849 5
3837 3593 6
4164 4101 5
4181 3787 5
4249 3990 5
4299 3826 5
4304 3921 6
4425 5425 6
4456 5321 6
4821 5214 4
5051 5744 4
5532 6479 5
5780 6141 5
5836 5067 5
5938 5143 5
6344 6865 6
6627 7414 5
6685 6433 6
6841 7561 5
6909 7321 5
6934 7595 5
6966 6821 4
7508 8024 6
7618 6668 5
7789 8179 5
8158 8160 5
8284 8468 6
8291 7830 5
8345 8076 5
8399 9024 5
8426 8294 6
8721 8853 5
8728 8716 5
9815 9979 5
1 4 4
1 94 5
399 273 5
451 606 6
723 495 5
835 207 5
1007 1634 6
1079 393 5
2149 1236 5
2419 2148 4
2653 2917 4
2911 3723 5
3055 3627 5
3064 2861 5
3252 2554 5
3444 4304 4
3600 3059 5
3754 4546 5
4064 4731 5
4079 4452 5
4234 4680 5
4482 4955 5
4705 3792 4
4942 4318 5
4973 4880 5
5238 5090 5
5471 5587 5
5557 6299 6
5666 5022 5
6032 6352 5
6320 7084 6
6344 5880 5
7028 7568 5
7466 7670 4
8389 9223 5
8743 7877 5
8823 8231 5
8889 8408 5
8900 9628 5
8910 8851 6
8946 9271 5
8947 8980 6
9052 9360 5
9178 9271 6
9281 9773 6
9504 9425 5
9779 8896 4
10018 9868 4
10250 9535 6
10273 9318 5
1 358 6
1 497 5
65 780 5
194 792 5
506 688 5
581 2 6
711 80 5
1140 1134 5
1758 1518 5
1932 1090 6
2026 1803 5
2184 2182 5
2343 2731 5
2514 3201 6
2551 2603 5
2595 3297 6
3005 3212 4
3091 2697 5
3092 3985 5
3679 3743 4
4106 3656 5
4146 3934 6
4356 5210 5
4498 3807 5
4621 4405 5
4711 4575 5
4861 4919 6
5014 5377 6
5117 5704 6
5175 5593 5
5388 6315 4
5499 4783 5
5521 6492 4
5830 4976 5
6097 6808 5
6540 6645 6
6744 6149 6
6758 7137 5
6922 6498 5
7055 6148 5
7170 7560 5
7663 7633 4
7664 7248 6
7916 8516 6
7975 7016 4
8362 7632 4
8428 8182 5
8784 9612 5
9413 9253 5
9694 9164 6
1 24 4
1 157 5
41 518 5
205 383 5
790 1327 6
913 495 5
1024 496 4
1234 1864 4
1515 1823 5
1887 1019 5
1938 1943 4
2245 2063 5
2343 1555 5
2427 2641 5
2563 1986 5
2920 3376 6
3030 2408 6
3296 3888 4
3715 3542 5
3938 3023 4
4053 4545 5
4176 3571 6
4829 5738 5
4869 4170 6
5264 5574 6
5446 5744 6
5590 5045 5
5705 6598 5
6109 6447 4
6348 5400 6
6550 7181 5
6678 7374 5
7212 8199 6
7244 7617 5
7423 6803 4
7440 8100 5
7477 7215 6
7541 8254 5
7657 7958 5
7903 7617 4
7926 6929 6
7967 8247 6
8224 7638 6
8281 7643 5
8489 7573 6
8610 8934 5
8954 9538 5
9038 8615 6
9572 9203 6
10535 9943 6
1 360 5
1 498 5
164 751 5
265 110 5
810 207 4
920 873 6
1017 896 4
1025 57 5
1475 2210 6
1576 1106 4
1670 1149 5
2427 2873 5
2585 3581 5
2591 1938 4
2651 2398 5
2696 1801 5
2727 2007 5
2909 3448 5
3427 4128 5
3483 4303 6
4007 4778 5
4173 3450 5
4218 3591 6
5172 5358 6
5293 5085 5
5314 4386 5
5573 6179 6
5854 5442 4
5944 5939 5
5978 6419 5
6020 5220 6
6026 5795 5
6235 5646 4
6594 5774 5
6645 5921 4
7086 6851 5
7276 7289 5
7576 7340 5
7765 7777 5
7859 7277 6
7880 7838 5
8043 8494 5
8053 7479 6
8339 8598 5
8344 7976 5
8815 9430 6
9224 8929 6
9574 9572 5
9829 9388 4
10644 9931 4
89 111 4
139 1046 6
232 798 5
252 615 4
302 353 5
722 1427 6
858 530 5
1400 2147 6
1747 2646 6
2189 1370 5
2229 2077 5
2253 2531 6
2518 2404 4
2657 2667 5
2715 2798 5
2728 3046 5
2920 1951 4
3033 3542 5
3454 3997 6
3695 3414 5
3758 3533 5
3803 3168 6
3926 3924 6
3993 3806 5
4040 3886 6
4099 4799 5
4121 4035 5
4318 3950 4
4623 4922 5
4710 5405 5
4845 4445 5
4894 4055 5
4960 5234 5
5036 4692 5
5087 6033 5
5399 5257 5
5988 6134 6
5997 5174 5
6116 5119 5
6691 6079 5
6783 6147 5
7195 7597 5
7631 8289 5
7922 7308 6
8040 7356 5
8218 8859 5
8670 7940 6
8718 8350 6
9427 9895 4
9740 9506 5
342 560 5
754 1462 5
766 1008 5
828 1332 5
1105 1503 6
1162 1558 6
1587 1109 5
1666 2009 6
1728 939 6
1746 959 6
1784 1281 5
1894 1572 6
1915 1991 5
2057 1263 5
2066 3057 6
2254 1838 5
2511 2017 5
2698 2802 4
2743 2277 5
2757 2072 5
3027 2063 6
3229 2725 5
3827 4026 6
4085 4513 5
4133 3920 6
4214 3453 6
4217 3459 5
4393 4288 6
4571 4041 6
4720 5076 5
4980 4069 5
5211 5760 5
5720 5769 5
5881 6626 5
6107 6558 6
6120 6140 5
6547 5904 5
6582 7066 4
7001 6624 4
7051 7860 4
7447 7932 5
7818 8004 5
8401 7991 4
8427 8708 6
8494 8166 5
8590 8172 4
8741 9092 5
8990 8133 5
9425 8981 4
9755 9488 5
301 397 5
699 432 6
713 1187 6
942 1883 6
1138 1520 4
1288 1107 4
1318 1743 5
1581 1113 5
1591 2251 5
1780 813 4
1859 2503 6
1932 2091 5
1996 1332 6
2191 1774 4
2207 1519 5
2236 2650 5
2332 2014 5
2788 3412 4
3072 3317 4
3402 3493 6
3608 4467 5
4055 3823 5
4083 4801 5
4368 4881 6
4457 4947 4
4808 4416 5
5090 4313 5
5307 5826 5
5443 5670 4
5880 6072 5
6217 6312 6
6423 6792 5
6469 7376 4
6473 7400 6
6957 6996 5
7205 6923 5
7294 7042 6
7992 7299 6
8149 8715 5
8343 7745 4
8406 8983 5
8435 7514 5
8498 9419 6
9420 9805 6
9741 9020 4
9830 9701 4
9891 8952 5
10438 9660 6
10593 9944 6
10629 9995 4
1 61 5
116 775 4
660 161 6
858 1471 5
1092 1467 5
1296 1340 6
1327 927 6
1752 855 5
2446 3016 4
2502 3199 4
3031 3550 6
3261 3369 5
3309 3470 5
3596 2829 5
3751 3067 5
3838 3687 5
3857 3232 5
3955 3171 6
3964 3501 6
4195 4313 6
4479 4628 5
4623 4100 6
4716 5008 6
4839 4488 5
5033 5213 6
5122 4191 5
5237 4801 5
5386 5002 5
5417 4494 5
5889 5291 5
6207 5344 5
6267 5537 4
6643 5671 5
6831 7290 4
6957 6266 5
6996 7409 4
7653 6774 5
8001 7972 6
8538 9054 5
8558 8746 4
8574 7961 5
8912 9158 6
9027 8781 5
9078 8555 6
9148 8290 4
9307 9086 6
9772 9653 6
9809 8865 6
9938 9529 5
10734 9933 5
1 253 6
1 276 4
1 355 5
105 282 5
281 1202 4
519 987 4
638 717 5
888 778 4
1283 1468 6
1607 1922 6
1731 2343 4
1943 1724 6
2074 2568 4
2177 2242 5
2195 1343 5
2682 2526 6
2817 2415 6
2958 3420 4
2965 3259 4
3086 2199 6
3137 3821 5
3535 4383 5
3558 3943 5
3737 3884 6
3930 3059 4
3949 3484 6
4312 5070 6
4327 3596 6
4453 4014 5
4798 4865 6
4947 4220 4
4990 4200 6
5216 6216 6
5415 6090 4
5451 4693 4
5640 4736 6
5740 5555 6
5862 6607 5
6563 6061 6
6596 5621 4
6952 7238 6
7426 8236 4
7694 7444 6
7708 6906 5
8090 9051 5
8639 9110 5
8777 8777 5
8837 9182 5
9725 9658 5
10500 9938 5
1 3 4
1 293 4
16 537 6
112 568 6
487 868 6
731 1649 4
838 42 4
951 1174 4
1059 1892 5
1258 1708 5
1298 583 5
1658 809 6
1999 2733 4
2018 1190 5
2047 1124 6
2101 1289 4
2112 1349 5
2173 3019 5
3084 3607 5
3507 3566 4
3552 3872 6
3653 4398 5
4054 3851 5
4161 3863 5
4178 5052 4
4276 3873 5
4987 4551 5
5097 4247 5
5290 5449 6
5457 5815 6
5951 6657 5
5980 5795 5
6545 7167 6
6793 6469 4
6808 6893 6
6832 6850 6
7055 6232 4
7314 7241 6
7709 8478 6
7744 8034 6
8157 8653 5
8191 8965 5
8362 9316 4
8751 8898 5
8900 8683 5
8921 9648 5
9294 8532 4
9698 8875 5
9734 9173 5
9945 9474 4
1 222 6
466 27 5
938 247 6
1168 1953 6
1277 1420 5
1617 2154 6
1866 1112 5
2001 2539 5
2101 2777 5
2144 2906 5
2559 2297 5
2713 3379 6
2867 3858 6
3010 3481 5
3016 3204 6
3078 3343 5
3133 2891 5
3245 2884 6
3399 2532 5
3404 3053 5
3519 3980 6
3825 3279 4
3837 4629 5
4159 4669 6
4478 4135 6
4690 4390 5
4865 4806 5
5003 5497 5
5438 6246 6
5699 5551 5
5964 6286 5
6367 6758 5
6420 7419 6
6546 5952 5
6696 6949 5
6926 7853 5
7040 7964 5
7131 8072 6
7346 7061 5
7969 7326 5
8022 7691 5
8363 8171 5
8928 8145 5
8964 9249 6
8973 9012 6
9196 8454 5
9557 8708 6
9814 9646 5
9957 9957 5
10161 9223 6
188 658 6
351 750 6
1017 565 5
1219 699 5
1316 1751 6
1545 1758 5
1731 976 5
1908 2234 5
2239 1345 5
2294 2132 6
3137 3836 6
3735 3935 4
4082 4400 5
4120 3443 5
4427 3945 4
4490 4462 6
4751 4685 6
4883 5763 5
5230 5778 4
5505 6091 6
5531 6186 5
5876 6825 5
5881 6762 5
5921 4940 4
6007 6892 5
6054 5612 4
6102 5175 5
6350 7108 6
6435 6945 4
6663 7272 6
6758 6612 5
6868 7028 6
7072 6962 5
7104 6958 5
7177 6996 5
7239 8089 5
7729 6910 4
7948 8534 5
8073 7770 5
8219 7996 6
8220 8502 5
8364 7644 4
8681 8254 5
8749 8008 6
8880 9031 5
9213 9283 6
9272 9234 5
9330 9417 4
9459 9881 5
9854 9435 6
1 434 6
730 1543 6
894 1042 6
966 1612 4
1386 1085 5
1754 2349 6
1950 2103 5
2060 2393 4
2149 1871 5
2153 1507 5
2593 2412 6
3176 2439 5
3185 3807 5
3209 2367 5
3356 4136 5
3543 3242 5
3628 3675 5
4159 3488 4
5495 6008 4
5534 4620 4
5734 6722 6
5754 5816 5
5863 4990 5
5863 6024 6
6059 5059 5
6225 5500 5
6417 7084 5
6495 6819 6
6549 6069 6
6658 7615 6
6782 6182 6
6877 7747 5
7052 7684 5
7196 7595 5
7298 8246 4
7705 6891 6
8157 8683 5
8680 8665 5
8695 9456 4
8756 9607 5
8802 9537 6
8807 8786 4
8888 9380 5
9139 8638 6
9403 9184 5
9506 9352 5
9524 9955 6
9602 9842 5
9660 9917 4
9817 9529 5
1 3 6
178 817 6
796 1373 4
906 894 5
1543 1989 5
2007 2229 5
2033 1789 4
2165 2478 5
2308 3000 5
2862 3731 5
3240 2342 6
3354 3312 6
3427 2434 6
3817 4690 6
3830 4626 6
3964 3878 5
4005 4623 5
4092 3630 5
4475 4358 5
4598 4622 5
4758 4052 4
4847 5160 4
5139 5836 4
5301 4943 5
5396 5849 5
5465 5023 5
5668 5641 6
5758 4769 6
5759 6468 4
5816 6240 4
5834 5440 5
5957 5634 5
6013 5694 5
6375 5980 5
6550 6132 6
6624 6580 6
6709 7066 5
6768 6270 5
6971 6086 5
7046 7998 5
7080 6397 6
7320 8116 5
7344 7334 4
7542 7202 5
7789 8275 6
7858 7635 6
8268 7843 6
8634 8013 6
8758 9160 5
9479 8822 5
1 294 5
313 1079 5
457 754 5
855 1477 4
1064 965 6
1065 765 5
1075 2033 4
1443 2347 4
1593 1412 5
1776 2434 6
1921 2839 4
1982 2927 5
2277 3270 6
2362 3160 6
2462 2018 6
2781 3623 5
2915 3586 5
3176 4012 5
3353 2736 5
3402 3373 5
4116 4136 5
4386 5004 5
4611 4044 6
4697 5133 5
4861 5333 5
4941 4145 5
5065 4352 4
5280 5891 5
6106 5564 6
6288 6598 5
6621 6740 4
6700 7429 5
6887 5925 5
7035 7726 4
7568 7135 5
7645 7797 5
7804 8539 6
7896 7866 6
7916 8045 4
8538 9327 6
8541 9506 5
8699 8031 6
8837 8292 5
9324 9482 6
9469 8816 6
9934 9280 5
9950 9258 5
10073 9579 6
10426 9686 6
10721 9870 5
1 411 5
575 757 5
587 1169 6
803 1797 5
1058 312 4
1341 1262 6
1409 1976 4
1662 951 4
1848 1931 5
2157 2997 4
2226 1769 4
2352 2859 6
2590 1955 5
3101 3437 6
3240 2845 5
3732 4391 5
3829 4210 5
4222 4426 6
4348 5214 5
4364 4506 5
4385 3418 5
4531 3690 4
4684 5196 4
4812 4517 5
4888 5252 6
4976 4520 6
4999 5676 5
5060 5162 5
5682 4682 5
5896 6017 6
6100 5637 6
6275 5983 5
6345 6418 5
6571 7378 5
6755 6973 4
6791 6964 5
6921 6652 6
6964 7003 5
7148 6674 5
7280 6895 4
7328 6599 4
8185 7447 6
8669 8858 6
8960 9878 6
8999 8152 6
9030 9852 6
9078 9757 5
9586 8958 5
9954 9527 5
10088 9653 6
1 61 5
1 396 4
1 420 5
27 364 6
160 24 5
342 883 5
583 1085 6
673 1546 5
1084 1770 5
1228 1248 5
1321 1420 4
1490 1845 6
1579 2377 6
1919 1373 5
2144 1532 4
2168 3083 4
2443 1535 5
2668 3007 5
3132 2848 6
3210 2384 5
3616 4343 5
3885 3307 5
4152 4732 5
4179 4333 6
4202 4525 4
4545 4494 6
4547 4495 6
4885 4517 5
5082 5152 5
5366 4985 5
5531 5594 5
5544 5958 5
6204 5524 5
7010 7560 5
7033 6643 5
7351 8141 5
7428 8175 5
7520 6723 5
7586 7742 6
7591 6996 6
7706 7425 4
8149 9068 5
8220 7920 5
8597 8148 6
8762 8582 6
8808 8241 5
8919 8122 5
9259 8826 4
9406 9363 5
9706 8959 5
441 660 5
462 562 5
590 1502 4
699 477 5
820 1206 5
961 302 5
1005 1165 5
1072 1781 5
1504 1585 5
1556 1216 6
1570 1870 5
1603 1509 4
1702 2125 4
1937 2801 5
2077 1881 4
2178 2850 5
2228 1918 5
3382 3617 5
4066 3289 5
4092 4837 5
4213 4553 4
4473 4514 5
4851 5290 5
5204 4805 5
5283 6042 6
5341 4897 5
5641 5035 6
5737 5989 5
5788 5440 6
5819 5393 5
6222 6002 5
6225 6794 5
6323 6246 4
6356 6292 6
6375 6327 5
6561 6485 5
6592 6712 4
6859 5893 6
6991 7726 6
6999 6019 6
7135 7982 4
7252 7715 6
8234 8104 5
8254 9061 5
8300 7944 5
8876 8382 5
9255 8975 4
9627 8866 4
9670 9889 6
9835 9958 6
1 492 6
1 534 6
270 4 5
345 93 4
862 1282 5
1050 877 6
1536 638 4
1565 1487 4
1719 2154 5
2219 1679 5
2378 2060 6
2397 2022 6
2518 1632 4
2696 2782 6
2804 2645 5
3008 2347 5
3195 3328 5
3715 2919 5
4082 4815 5
4157 3161 5
4407 5233 6
4441 3636 6
4486 3778 5
4650 5513 6
5232 4597 5
5538 5870 5
5960 5310 6
6161 6661 5
6164 5956 6
6200 6360 6
6391 5778 4
6641 5795 5
6760 6345 6
6993 6461 5
7359 7873 6
7441 6525 5
7533 7740 6
7733 8659 5
7970 8621 5
7990 7176 5
8638 9588 4
8756 8870 5
9008 9287 4
9123 9935 6
9209 9566 4
9234 9304 5
9290 9040 5
9742 9469 5
9772 8964 5
10044 9081 5
