500 20 129785
25 55 173
25 124 202
25 131 247
25 94 161
25 54 231
25 134 240
25 106 213
25 64 249
25 140 222
25 140 243
25 130 185
25 89 245
25 75 197
25 119 163
25 70 210
25 107 174
25 86 243
25 51 190
25 98 229
25 52 241
1 49 11
53 27 11
96 149 11
108 149 12
118 188 10
118 197 13
141 161 9
163 153 11
215 313 13
276 221 12
312 247 12
344 320 13
382 304 9
429 521 10
469 495 10
534 462 10
595 670 13
629 649 13
640 614 12
696 741 12
697 626 13
750 654 12
753 811 11
763 684 12
906 840 13
1 12 13
19 52 10
137 156 13
175 225 13
240 228 10
312 264 12
365 435 9
369 352 11
376 458 10
435 346 10
444 352 11
451 510 12
502 560 10
542 501 12
556 527 10
656 694 13
660 607 12
734 790 9
739 821 10
850 860 10
873 790 13
882 916 10
903 803 11
920 998 11
967 934 11
1 14 12
31 28 12
57 100 10
106 184 11
243 196 13
270 324 10
385 373 13
420 441 11
426 369 12
483 493 12
579 548 12
592 542 12
603 703 10
682 766 11
686 691 10
706 783 10
724 724 12
733 808 13
783 772 9
807 759 9
862 957 12
945 964 10
961 888 10
978 911 10
1046 991 10
36 32 10
127 49 10
131 229 13
147 53 10
239 160 10
272 206 10
288 287 11
306 256 10
312 279 12
348 376 9
559 480 11
576 674 11
621 702 10
678 622 12
696 683 11
712 801 10
735 742 13
760 710 12
790 816 11
796 716 10
825 884 10
849 870 11
881 942 12
987 945 12
999 973 9
32 48 10
46 10 10
121 136 12
216 232 12
239 315 10
262 317 12
356 451 12
365 404 12
397 367 12
403 481 12
424 440 12
429 484 12
476 497 13
530 527 12
565 559 12
582 574 13
591 675 11
607 514 11
675 722 10
717 737 10
734 717 11
759 846 10
849 918 9
947 948 11
1031 935 11
1 41 11
1 89 10
93 60 11
94 10 13
154 222 10
166 75 10
198 248 12
290 223 12
313 315 12
351 370 13
427 385 10
513 443 10
530 439 11
558 589 12
583 632 9
613 675 10
674 596 12
731 804 11
740 724 12
804 738 11
810 843 12
824 811 13
878 954 13
989 965 10
1001 952 10
1 13 10
111 106 13
169 226 12
202 169 12
224 134 11
243 173 11
253 192 11
255 329 12
380 450 13
449 523 13
493 508 10
520 553 10
523 575 12
535 571 11
541 505 10
598 552 11
739 774 11
766 861 12
839 842 10
841 914 12
881 833 13
891 948 9
915 877 9
927 883 12
996 960 13
48 148 11
56 51 12
77 124 13
80 16 12
95 152 11
102 71 11
155 95 10
180 239 9
187 259 11
255 235 11
256 170 12
286 319 12
338 297 11
353 344 11
413 389 11
485 489 11
553 624 11
646 651 12
684 712 11
761 771 10
813 835 12
822 899 13
971 988 12
1063 988 10
1093 997 10
1 40 11
28 97 12
122 145 11
136 37 11
260 179 11
284 244 11
309 362 12
338 341 9
341 321 11
493 589 12
544 506 10
592 664 12
593 557 11
605 552 11
607 562 11
651 715 12
681 647 10
817 846 12
832 846 12
856 933 10
882 808 11
918 861 10
920 955 12
1015 995 11
1049 985 12
1 22 13
54 73 10
79 2 11
99 192 12
125 177 10
127 168 12
185 228 10
224 313 11
250 183 11
352 359 12
363 293 10
367 298 11
410 463 11
515 572 10
596 508 12
626 705 12
634 699 9
642 690 10
657 732 12
764 857 11
785 689 10
808 800 13
825 873 10
925 864 11
1047 987 9
157 216 9
177 124 11
200 176 10
260 161 13
289 355 12
421 521 10
429 405 10
448 441 12
464 386 10
477 459 10
485 393 10
498 582 11
733 764 12
772 843 12
772 850 10
780 820 10
817 750 10
883 881 10
890 820 13
911 917 10
920 851 12
934 897 10
1006 977 12
1009 918 10
1066 980 12
1 11 9
1 18 11
1 47 10
28 30 10
109 30 11
161 163 13
208 286 11
220 123 10
238 168 10
249 165 12
282 368 9
316 315 10
428 512 12
429 498 11
453 514 10
566 608 13
610 586 12
631 634 12
674 719 13
682 600 13
855 938 10
860 933 9
939 992 9
993 909 10
993 927 12
115 122 10
148 119 11
205 254 10
318 351 10
319 237 13
323 238 12
383 413 11
449 404 10
456 524 11
470 518 10
482 481 12
504 531 9
673 687 10
685 622 13
692 760 9
693 653 12
746 835 12
842 876 10
842 920 12
850 921 10
861 910 13
886 911 10
903 969 10
923 995 13
1065 1000 11
41 60 10
88 114 9
117 41 11
119 185 13
135 223 13
140 158 12
215 118 10
239 167 11
305 353 10
357 401 10
364 282 13
437 405 13
500 577 12
544 643 10
623 656 10
627 620 11
668 707 11
687 633 9
734 773 10
773 674 11
803 875 11
825 777 9
876 964 9
964 903 10
970 995 11
1 49 12
9 18 11
24 42 11
46 35 11
89 125 10
186 246 13
191 274 13
214 232 10
258 315 10
262 335 12
409 432 11
428 516 10
429 416 13
448 489 10
457 362 10
458 515 10
458 551 10
471 492 10
517 511 11
564 655 9
621 562 13
684 734 12
742 824 13
897 929 11
1015 997 10
1 59 11
1 64 10
14 104 11
21 69 9
140 58 10
166 173 12
241 147 10
303 386 10
355 300 12
450 385 9
506 499 10
527 537 12
581 621 10
638 707 12
686 619 12
718 776 9
726 669 12
769 787 12
773 862 12
783 827 11
796 718 10
834 926 10
865 885 11
896 985 11
980 882 9
16 76 9
89 128 10
107 156 11
199 278 13
212 132 13
228 197 11
249 158 13
265 326 9
281 209 13
297 328 13
317 297 13
324 235 11
345 367 10
389 397 11
471 383 13
498 500 11
502 484 11
525 541 12
548 627 11
657 629 10
672 727 13
770 768 11
1003 967 12
1008 999 10
1023 972 10
1 14 12
19 41 11
62 142 10
103 109 12
158 117 13
165 100 12
173 268 12
183 116 11
214 276 9
259 346 12
439 379 12
461 490 13
502 499 12
519 546 10
739 639 12
746 676 12
771 708 11
792 746 13
795 786 13
809 710 11
856 807 10
865 820 11
970 884 10
971 990 13
978 967 13
1 8 13
66 25 12
151 67 12
245 233 12
276 236 11
276 309 12
323 421 11
355 394 10
388 331 10
390 300 10
406 376 11
549 539 10
551 513 12
581 621 11
598 633 10
608 570 13
608 707 10
664 712 10
763 784 10
781 692 10
823 841 12
825 903 12
853 849 11
875 954 11
881 926 11
1 4 9
83 147 11
94 134 12
125 212 12
181 211 12
218 257 10
222 202 12
260 191 10
267 316 13
320 237 11
376 308 12
403 454 9
508 590 13
554 586 12
587 538 12
602 673 12
614 685 13
618 543 12
624 651 10
691 769 10
792 774 11
860 772 13
861 917 10
910 945 11
1033 952 9
