1000 100 222217
10 75 213
10 128 156
10 139 205
10 96 241
10 127 241
10 142 179
10 75 155
10 57 244
10 81 226
10 81 246
10 75 176
10 92 155
10 71 200
10 96 212
10 110 225
10 120 218
10 87 181
10 61 178
10 75 188
10 131 175
10 92 184
10 101 161
10 94 217
10 122 218
10 118 198
10 131 230
10 92 217
10 57 205
10 93 173
10 88 197
10 66 227
10 107 228
10 147 157
10 58 233
10 98 222
10 61 167
10 138 230
10 111 243
10 99 239
10 72 183
10 93 219
10 67 235
10 135 216
10 130 200
10 71 155
10 103 210
10 124 176
10 69 201
10 147 157
10 138 192
10 135 187
10 50 249
10 122 194
10 65 203
10 130 248
10 137 200
10 62 165
10 149 155
10 78 173
10 112 209
10 150 243
10 136 188
10 99 234
10 138 210
10 139 219
10 78 177
10 131 187
10 137 150
10 68 175
10 113 200
10 77 236
10 133 237
10 100 226
10 141 165
10 99 220
10 59 162
10 77 241
10 113 219
10 86 166
10 111 224
10 143 231
10 101 185
10 88 231
10 55 177
10 51 210
10 103 161
10 125 223
10 117 179
10 57 216
10 63 223
10 133 186
10 75 178
10 119 199
10 120 177
10 148 165
10 123 201
10 129 221
10 126 186
10 103 170
10 143 243
1 1 36
91 169 35
215 183 37
448 540 37
455 466 36
530 607 36
854 799 36
855 814 30
873 916 37
920 955 33
1 92 38
147 211 28
287 211 36
312 364 34
405 456 29
545 542 31
576 673 34
697 775 36
856 764 37
891 942 31
1 5 28
92 17 30
97 118 38
137 71 30
198 267 36
573 550 35
597 694 35
804 896 30
875 867 36
967 906 33
110 10 37
124 52 34
179 181 33
426 390 36
542 602 37
587 591 29
604 610 31
711 749 32
752 820 31
990 906 34
1 13 33
17 115 31
234 311 35
414 314 38
476 399 29
560 546 29
620 700 35
680 594 37
756 689 34
879 867 31
3 3 28
69 42 39
270 366 30
299 378 32
384 341 32
446 481 33
547 644 34
671 625 35
737 761 31
888 967 34
174 185 37
206 124 37
330 405 34
351 438 37
401 495 28
463 474 35
686 635 33
750 728 37
997 955 31
1009 923 33
1 8 37
39 55 37
323 362 37
362 372 31
391 482 36
399 348 38
443 384 32
599 527 30
634 611 39
1045 997 37
1 23 39
93 100 29
168 189 28
289 228 30
374 440 31
412 318 35
525 598 33
587 498 30
910 844 38
939 896 37
77 51 32
82 39 33
254 237 31
314 300 38
350 397 31
619 576 34
723 697 39
919 821 29
939 893 29
967 954 28
29 97 28
239 339 34
301 211 28
305 393 29
433 527 36
685 682 35
773 752 38
930 919 39
1024 990 33
1050 967 36
40 69 33
169 163 33
305 404 32
382 288 38
500 587 36
679 645 35
694 722 37
786 745 32
858 927 28
886 922 36
4 77 37
16 25 33
58 97 29
96 109 38
346 264 31
491 477 33
568 499 34
681 668 38
723 675 28
842 936 36
40 47 37
42 81 38
180 103 35
297 320 38
298 330 32
308 333 28
499 456 32
683 587 39
762 760 36
856 765 37
76 87 39
144 131 37
298 262 29
329 419 33
421 482 28
509 467 29
592 589 28
812 822 32
817 749 28
897 809 30
157 130 28
294 222 37
356 354 37
434 445 38
548 647 33
579 675 37
636 686 38
777 698 33
929 913 30
936 862 29
166 116 31
172 224 39
278 269 39
310 219 35
329 312 28
375 381 31
477 460 29
704 739 37
772 777 32
903 917 34
1 9 28
1 53 36
114 149 37
156 139 36
262 238 39
393 451 30
492 427 33
558 462 34
831 805 36
905 823 39
12 42 37
114 194 28
151 83 29
187 197 30
217 216 39
254 302 36
261 312 37
882 926 29
892 881 31
901 948 28
1 86 32
191 175 34
234 306 34
380 303 29
674 677 30
760 799 32
830 900 37
926 918 32
977 898 32
984 904 32
44 117 38
142 121 28
212 293 38
270 333 29
279 293 35
733 686 33
745 836 38
842 859 38
843 941 35
962 868 28
235 335 29
302 398 36
323 416 30
327 343 28
437 523 32
546 551 29
587 643 38
666 674 30
761 695 37
784 797 32
37 97 32
262 240 32
427 494 36
437 374 31
589 684 33
609 609 34
695 602 34
812 824 29
839 782 38
887 961 37
184 197 29
346 349 32
371 340 28
668 693 28
778 771 35
829 823 29
879 823 34
945 948 38
994 991 32
1012 992 37
139 221 28
162 206 33
166 175 29
283 206 35
320 325 37
369 359 29
522 436 28
542 579 38
856 926 28
902 983 30
1 17 36
194 252 32
334 366 30
461 541 38
659 561 28
699 622 28
711 674 31
725 781 32
847 776 32
871 834 35
138 215 31
358 340 28
462 466 35
487 447 31
552 594 32
578 552 29
624 676 39
899 837 34
909 863 35
957 997 31
24 62 38
503 454 31
628 592 29
633 586 36
695 665 29
705 725 31
800 780 33
862 826 32
884 892 35
915 921 29
42 59 37
136 36 35
160 107 28
261 341 29
266 316 33
484 427 31
538 549 28
618 633 36
729 701 28
923 877 29
125 99 33
159 188 37
409 350 33
532 468 32
559 592 38
678 630 39
719 697 37
754 745 31
771 862 28
811 830 31
105 114 37
135 233 37
252 339 33
350 317 33
368 422 29
454 371 35
478 411 31
519 619 28
533 443 31
740 769 36
137 138 32
216 282 32
326 257 34
355 316 31
374 276 32
446 502 33
614 676 28
683 630 28
898 990 35
948 909 29
15 6 37
78 169 30
228 267 37
342 277 33
650 635 28
722 627 36
744 683 39
864 903 38
911 823 33
972 931 37
119 160 36
163 63 37
166 71 34
325 234 38
555 577 32
689 642 30
770 710 39
880 789 37
982 948 34
984 953 37
1 43 32
8 53 32
232 302 36
312 222 37
462 552 28
535 517 30
711 665 36
809 757 28
908 924 31
921 886 37
188 135 36
245 199 32
317 345 28
506 497 28
543 470 34
560 559 32
647 695 28
676 761 32
824 814 32
870 875 33
155 235 39
224 129 30
262 349 28
282 203 28
421 365 31
566 491 28
642 628 34
799 800 30
802 773 30
899 858 37
4 31 28
196 197 34
285 348 39
434 452 31
522 562 38
615 583 31
767 737 38
767 790 29
926 974 30
980 963 33
1 19 37
188 250 38
211 274 32
327 317 28
431 396 35
479 471 31
540 572 39
751 782 29
919 963 29
940 932 34
147 50 39
160 122 34
346 341 34
398 400 38
460 498 32
523 555 38
660 606 35
809 871 34
842 838 31
960 864 31
123 205 35
127 136 35
222 155 36
323 334 38
328 309 31
465 477 38
605 619 30
911 922 34
927 842 28
1006 988 36
82 119 37
389 382 33
412 337 37
446 361 32
464 476 28
685 728 37
747 826 33
815 722 33
880 974 35
1061 971 28
120 178 31
126 33 34
145 182 34
175 224 28
187 266 29
316 324 28
609 666 39
612 654 34
906 865 38
976 966 37
2 64 29
2 86 35
37 26 34
350 377 37
413 431 34
603 601 36
656 573 35
727 641 38
778 853 34
872 916 30
12 99 30
187 207 28
232 309 39
423 445 29
538 601 34
588 652 35
679 720 35
745 654 29
821 739 35
866 870 35
291 321 28
402 339 32
520 502 39
624 629 33
635 644 28
684 692 38
704 689 31
723 778 28
839 891 36
1042 959 28
114 192 29
455 427 38
524 623 30
611 539 38
646 602 30
662 701 37
685 759 29
916 954 31
946 893 32
996 982 37
30 36 29
100 30 31
126 167 30
134 201 31
503 498 32
591 690 33
785 869 37
901 843 38
1038 947 37
1050 998 28
169 208 37
199 167 29
298 349 32
399 475 36
429 390 37
457 413 30
508 507 33
725 824 31
774 785 30
910 904 28
186 127 31
269 310 29
310 337 36
468 479 32
565 521 38
588 564 37
737 790 33
850 817 29
876 851 28
906 829 36
33 117 37
226 193 31
255 161 33
523 425 28
621 646 32
653 578 29
692 752 36
711 733 30
836 823 33
920 966 28
9 62 36
23 45 28
106 58 29
109 131 28
376 473 30
497 524 36
651 621 32
770 736 37
869 808 37
1016 978 39
274 286 32
353 371 38
522 426 31
726 635 30
744 669 38
798 856 38
835 825 29
871 835 31
879 930 29
1079 1000 37
1 12 36
124 146 37
205 239 29
230 301 31
234 143 32
432 468 28
503 495 36
595 565 30
711 716 33
902 845 30
15 8 28
32 9 30
109 164 31
158 166 33
242 226 35
385 445 33
516 547 35
632 709 33
844 937 34
875 775 34
57 77 31
235 184 33
533 549 33
636 574 37
680 662 36
693 785 37
764 804 36
840 858 31
962 965 34
982 981 35
120 127 36
134 99 36
175 198 37
198 219 39
346 274 33
465 550 34
533 458 30
535 438 28
642 718 29
1030 936 36
123 154 34
137 111 36
166 96 30
345 372 30
604 591 36
664 746 38
768 699 32
792 890 37
841 905 38
967 923 30
231 307 32
243 289 35
288 343 37
401 466 36
412 419 33
416 422 31
629 617 28
699 620 30
737 813 38
870 798 36
11 107 38
156 227 33
175 194 33
237 281 32
325 397 36
335 389 35
409 405 30
462 486 28
681 695 37
912 941 33
41 58 35
203 114 31
273 368 34
358 277 28
418 389 37
596 629 33
649 638 28
699 612 37
753 711 28
919 870 33
75 174 33
212 297 32
307 356 36
324 227 29
340 244 32
438 429 33
557 464 33
688 603 29
964 968 33
1041 988 32
50 78 30
182 252 37
237 278 37
351 375 37
357 388 30
395 418 38
495 528 39
520 540 37
687 770 30
761 756 31
131 159 30
152 149 28
271 317 34
313 235 35
400 376 32
483 491 31
621 598 30
684 689 36
718 790 31
897 814 35
1 26 28
129 56 30
331 342 35
501 428 36
532 438 28
581 514 39
624 560 31
659 646 29
797 762 37
942 942 33
1 66 28
269 239 38
272 345 29
392 392 29
402 497 31
417 497 33
497 482 38
530 487 37
564 510 30
594 522 36
139 48 36
239 248 33
275 256 30
295 205 37
350 450 37
366 464 28
632 567 35
877 816 33
944 990 30
1055 970 33
104 105 30
152 111 35
182 131 31
195 262 35
224 299 32
274 323 36
498 477 30
547 637 29
556 610 32
958 990 35
1 13 38
190 149 36
219 137 28
519 441 34
681 746 33
756 801 36
822 800 38
848 907 29
920 890 37
967 871 31
196 100 37
227 291 30
388 343 38
629 665 37
651 620 31
654 629 33
706 631 37
901 924 28
987 909 35
987 940 35
1 26 33
19 77 28
76 73 32
258 343 29
347 342 32
425 345 39
502 481 30
632 543 36
930 927 32
996 914 35
21 74 32
79 85 34
147 120 30
229 224 35
396 303 31
662 570 30
707 803 37
743 665 30
769 809 31
868 943 38
92 107 33
126 50 28
322 241 32
377 440 35
600 650 33
638 622 37
690 757 36
764 788 28
935 909 33
973 934 32
40 19 33
96 35 34
235 310 37
295 329 34
440 421 33
472 529 38
491 510 34
509 493 28
808 750 29
918 891 37
30 119 38
74 72 29
257 279 31
383 471 29
518 418 30
564 661 34
591 540 34
712 798 32
911 816 32
931 988 28
151 215 34
237 317 36
290 333 29
304 231 38
533 471 28
585 527 29
652 697 33
660 742 39
674 762 30
828 904 28
350 258 37
445 421 36
645 730 30
658 566 32
663 614 34
677 752 31
686 681 32
692 774 33
776 745 29
784 835 30
1 31 29
117 208 32
121 25 38
362 400 37
410 423 34
491 448 37
496 595 29
609 611 37
737 639 30
916 846 28
1 33 36
56 38 34
121 74 28
198 104 29
213 192 33
270 248 28
553 620 35
609 686 30
650 558 35
680 756 30
82 167 31
177 182 36
421 399 33
531 494 35
548 498 33
624 545 34
735 766 29
828 775 37
942 861 38
959 922 35
152 142 34
202 258 36
310 211 34
356 412 28
386 403 29
495 416 33
618 701 31
647 623 29
754 792 38
764 672 35
1 15 30
176 271 35
363 410 32
515 504 28
517 508 37
530 556 32
638 581 33
842 937 32
846 862 35
905 959 35
128 160 32
210 144 32
242 212 29
268 283 35
306 302 37
429 362 32
442 452 35
928 938 39
949 940 30
1010 944 34
68 126 37
98 82 33
102 144 30
116 203 36
223 148 30
371 464 32
487 409 29
539 442 38
568 498 29
666 640 30
121 130 33
204 141 30
290 303 28
456 521 29
616 610 32
662 610 34
674 682 36
707 750 31
769 857 34
866 840 38
57 14 29
151 202 33
236 317 37
416 363 28
461 472 37
516 542 38
560 621 29
653 681 35
732 830 39
823 919 37
29 114 34
128 48 38
256 158 37
355 268 28
377 468 30
491 512 37
722 646 32
869 776 30
911 864 32
917 857 31
5 73 31
164 142 37
278 342 29
336 396 32
337 311 33
387 367 35
522 575 31
690 678 30
758 852 35
801 884 37
24 48 32
335 331 39
359 454 36
442 354 35
516 436 37
563 549 29
568 502 35
719 756 30
772 724 33
993 976 39
33 48 32
150 101 32
177 164 28
229 298 36
290 372 33
363 291 32
419 481 33
576 564 29
634 666 28
872 812 28
74 9 32
228 314 35
417 365 37
422 381 34
426 449 36
602 596 33
756 691 28
758 788 31
878 959 39
1009 998 38
181 118 35
262 259 31
270 316 35
517 474 37
564 522 31
611 570 35
662 584 35
802 715 36
971 931 30
1023 982 37
106 159 34
159 98 33
314 284 37
319 270 32
389 330 30
395 387 34
540 451 35
665 618 38
719 663 39
1032 983 34
119 75 38
137 122 35
160 116 28
254 332 29
274 372 37
434 476 28
648 589 33
661 678 32
898 866 37
963 870 39
201 125 29
279 254 29
596 639 30
598 650 33
607 633 37
668 648 38
771 720 36
792 863 28
892 916 34
992 959 29
51 12 34
124 216 28
163 241 32
176 133 32
176 140 29
351 370 33
370 315 28
721 756 28
976 932 32
987 986 38
210 245 36
374 392 39
411 352 34
471 556 37
498 559 38
498 579 35
712 683 38
806 857 35
915 990 30
1067 985 38
181 144 39
213 152 32
231 184 37
247 347 35
321 257 33
407 391 33
700 669 32
796 764 28
910 865 38
1045 958 30
98 95 34
134 170 38
148 215 31
212 267 38
432 402 33
556 464 36
603 579 37
636 736 37
797 733 32
825 779 32
127 212 32
195 207 31
254 288 31
453 449 28
567 569 30
630 701 30
666 704 32
679 621 35
902 985 34
986 957 30
