2000 100 532991
20 93 173
20 132 250
20 112 210
20 72 227
20 104 250
20 136 177
20 127 223
20 55 216
20 109 175
20 87 245
20 135 246
20 73 199
20 135 173
20 93 219
20 115 167
20 60 217
20 116 212
20 120 200
20 71 202
20 109 190
20 92 187
20 59 207
20 70 239
20 137 240
20 64 180
20 141 248
20 71 202
20 84 231
20 58 249
20 70 227
20 123 180
20 88 245
20 132 206
20 100 183
20 126 204
20 54 151
20 138 162
20 112 154
20 117 166
20 62 207
20 148 188
20 65 166
20 53 205
20 66 234
20 126 229
20 78 250
20 150 188
20 75 193
20 52 180
20 64 237
20 136 217
20 92 156
20 113 162
20 115 204
20 107 160
20 103 207
20 121 151
20 90 229
20 80 171
20 95 176
20 85 249
20 67 220
20 89 214
20 121 226
20 137 174
20 121 230
20 127 195
20 126 233
20 51 200
20 59 200
20 72 223
20 56 225
20 59 227
20 109 220
20 90 188
20 139 237
20 82 227
20 76 159
20 97 210
20 59 214
20 68 159
20 71 232
20 140 205
20 51 230
20 95 229
20 102 157
20 149 204
20 102 174
20 74 234
20 107 219
20 101 233
20 76 205
20 84 247
20 118 243
20 106 192
20 57 162
20 108 184
20 80 191
20 148 178
20 93 244
11 100 13
86 126 14
95 154 16
124 210 12
129 104 13
222 250 14
229 196 11
230 175 14
251 172 13
409 478 12
481 430 16
501 464 16
575 604 15
744 753 15
755 850 14
866 785 15
878 826 14
883 797 12
967 880 11
979 950 13
23 27 14
80 168 12
161 70 13
211 217 13
218 199 12
356 395 11
363 265 11
387 294 15
445 393 13
501 435 15
649 711 15
663 689 16
691 707 15
758 770 16
799 771 14
806 727 13
858 910 14
868 872 14
924 922 15
1020 931 13
93 34 15
141 232 12
170 172 12
194 157 15
230 213 13
247 321 15
269 251 15
297 361 13
321 365 14
346 260 14
533 596 12
539 607 13
605 540 14
642 553 13
723 651 14
803 813 12
896 874 14
952 909 13
997 927 14
1028 1000 16
8 30 12
22 113 11
35 88 14
41 6 15
42 104 15
64 108 12
84 60 12
91 161 14
258 175 11
359 303 12
361 416 13
474 544 14
509 458 15
756 854 14
759 806 13
894 908 13
917 850 13
935 984 14
960 903 12
978 929 15
107 96 14
115 130 14
255 242 11
283 184 14
392 322 13
407 337 11
409 488 11
505 423 15
558 581 13
592 640 14
646 660 12
670 747 15
756 771 11
771 734 16
776 720 13
809 787 12
812 807 12
816 768 14
852 863 12
983 935 15
87 61 14
150 94 12
182 237 15
202 224 12
206 201 13
238 166 13
258 355 14
274 220 11
283 349 12
322 228 12
323 240 13
334 305 13
462 531 14
494 586 12
538 470 12
603 676 16
678 661 12
684 715 15
874 810 12
942 980 13
141 109 11
161 66 14
190 239 15
207 279 14
231 244 11
267 239 16
272 357 15
384 464 11
387 316 13
401 330 13
583 589 14
650 572 13
722 743 14
736 700 15
783 881 13
827 777 16
861 827 14
862 950 14
885 813 13
1029 999 11
40 79 13
177 125 14
217 182 12
296 390 16
327 339 15
336 431 14
386 458 13
401 462 13
410 501 13
470 524 14
493 489 11
522 466 13
537 534 12
585 632 13
618 627 13
661 567 15
684 683 14
797 883 11
801 875 14
1002 956 13
140 105 14
141 94 14
188 162 13
321 348 12
427 416 14
451 423 11
466 445 15
476 414 15
522 461 12
582 575 13
625 644 15
758 785 16
806 819 12
825 853 12
840 914 12
915 919 15
916 918 12
926 838 12
944 888 11
948 871 13
53 66 12
73 65 13
210 285 12
254 283 12
254 340 15
366 466 14
373 306 15
383 374 12
388 340 15
564 481 15
568 517 14
595 668 15
708 618 11
771 827 15
884 939 11
916 819 11
931 949 16
937 863 14
1006 969 13
1019 999 11
1 22 12
6 88 12
12 56 14
101 106 12
112 163 12
120 100 13
161 123 13
175 235 11
270 236 13
275 295 15
418 323 15
518 591 16
520 563 12
657 603 13
658 606 13
666 598 13
683 648 12
706 644 14
825 880 14
840 930 12
19 85 15
148 84 11
153 223 12
157 219 11
163 98 14
167 187 13
191 193 13
192 177 15
270 229 12
366 303 13
510 480 13
543 491 13
574 487 15
620 626 11
640 613 16
704 674 15
766 687 15
796 805 12
867 926 13
1040 988 14
33 78 13
56 90 16
68 64 15
139 66 13
172 148 11
213 202 12
234 212 13
271 247 13
427 328 15
519 600 12
520 515 12
610 651 14
637 669 13
680 647 14
690 784 15
740 703 15
746 719 13
791 781 15
913 984 12
1046 995 13
1 76 14
111 116 15
148 86 11
221 320 11
286 240 15
295 303 12
326 364 15
356 453 13
415 380 12
464 377 16
466 544 15
499 415 15
600 670 13
663 577 12
770 863 13
838 915 12
850 854 12
887 820 13
891 795 12
909 999 12
30 9 16
34 118 12
241 233 14
245 291 14
350 433 12
427 516 12
457 520 15
489 404 15
499 476 14
512 489 16
561 605 12
564 615 15
579 524 15
694 784 12
777 724 14
805 892 15
808 899 16
846 939 15
928 945 11
962 961 14
1 10 14
1 15 14
77 130 13
289 274 15
327 395 12
332 295 12
353 302 12
401 308 12
466 525 11
515 433 16
593 514 12
630 697 15
723 699 15
724 735 12
760 764 12
774 688 16
847 819 12
881 796 13
918 980 13
954 996 15
27 46 12
53 107 12
64 43 15
125 33 14
298 240 15
321 289 15
335 414 15
375 318 12
417 480 13
450 406 14
482 553 14
565 516 11
575 520 13
586 631 14
626 660 12
714 784 16
719 813 11
784 739 16
861 858 14
967 870 15
1 7 13
38 34 14
78 50 16
129 47 15
223 129 13
242 181 11
304 204 12
318 378 13
352 344 15
367 338 14
452 428 12
551 465 13
575 591 15
623 549 12
720 636 13
727 768 11
834 749 14
886 983 15
914 888 13
997 929 16
27 75 14
71 167 12
290 364 13
318 347 14
338 375 16
367 396 15
373 372 16
410 374 12
504 489 12
526 537 12
528 587 15
559 649 15
594 673 13
669 623 13
683 775 11
714 810 12
745 703 12
883 905 14
911 826 14
963 908 12
152 196 12
214 308 15
226 311 13
260 288 14
271 344 14
297 237 13
315 228 12
373 303 13
385 422 15
411 426 13
464 560 13
510 604 13
513 530 13
546 641 12
585 649 14
646 710 13
656 721 15
664 764 16
696 695 14
861 843 11
26 92 13
41 82 15
45 111 13
156 125 12
184 210 15
224 158 14
268 348 12
305 274 14
358 368 12
447 370 13
447 517 15
514 603 14
527 427 12
576 618 16
670 703 12
819 752 14
834 934 15
939 866 11
1001 956 12
1019 998 11
143 107 15
219 232 14
223 227 14
227 212 15
303 314 14
319 344 15
347 421 13
355 257 13
562 658 14
566 579 14
642 717 14
683 780 12
714 667 14
756 701 16
768 710 13
804 865 14
913 893 14
939 849 13
956 879 15
998 981 14
1 15 14
45 41 14
46 81 15
72 134 14
224 256 12
235 174 11
256 253 15
544 558 12
558 631 11
571 663 14
603 542 11
720 658 15
730 744 12
737 744 14
740 678 13
818 881 13
846 857 15
862 920 15
878 804 15
961 1000 15
1 7 14
73 15 15
236 187 13
238 202 12
252 328 11
270 254 12
426 492 13
432 523 11
474 447 15
477 469 14
551 501 11
607 603 16
608 690 16
633 699 13
730 765 12
835 834 12
835 854 13
875 908 15
901 840 15
910 970 13
73 158 13
76 163 16
88 142 13
122 166 13
139 51 11
173 235 14
180 241 14
252 348 12
287 370 15
463 440 15
561 596 14
571 578 13
636 538 14
671 649 13
703 662 14
727 784 15
754 801 11
790 761 13
874 781 12
1040 963 12
5 35 13
29 125 14
121 95 13
126 73 13
179 185 14
250 154 15
348 382 15
385 481 15
465 403 15
527 522 12
598 672 14
609 647 15
697 691 15
745 646 15
748 710 11
757 740 15
834 762 12
902 852 14
1006 961 15
1017 951 15
36 95 13
39 98 12
73 115 12
203 156 15
205 122 14
391 487 14
430 386 14
463 502 14
492 530 15
543 456 15
605 585 15
606 688 14
677 628 15
678 775 11
697 727 14
728 636 12
746 683 12
849 812 14
851 914 12
955 964 11
44 70 12
112 65 15
202 231 12
216 216 13
345 300 15
361 342 14
507 451 14
511 505 12
519 529 15
531 555 13
622 630 14
687 609 16
688 669 12
800 888 11
805 755 15
819 736 13
834 927 14
840 804 13
902 886 15
973 875 15
31 102 13
105 105 11
167 160 11
197 240 16
213 126 12
274 290 15
299 359 14
358 361 14
394 390 11
538 455 16
612 650 13
631 667 14
634 606 15
640 642 15
752 784 12
815 783 12
822 895 14
835 876 14
861 921 14
901 948 15
1 68 15
95 59 16
136 168 13
207 213 14
231 261 11
235 258 14
272 197 15
293 296 14
299 264 11
336 304 16
419 434 13
502 599 15
520 539 16
523 483 13
537 482 14
652 683 13
720 796 15
740 828 13
805 873 13
1074 999 14
43 127 15
160 201 14
235 192 16
283 284 15
351 393 14
371 350 12
376 371 14
382 317 13
398 368 15
403 490 14
433 461 14
573 527 12
604 628 13
622 548 11
698 687 12
770 793 14
799 708 13
926 932 14
950 880 12
992 986 12
1 56 13
54 70 14
81 64 12
111 144 11
133 143 13
133 222 16
235 193 15
287 212 12
310 402 14
374 369 15
485 577 15
532 627 13
628 572 13
642 625 13
726 655 11
770 793 14
778 678 15
816 717 15
861 841 12
998 959 11
28 119 12
49 8 15
102 194 14
242 275 11
247 197 11
328 346 13
393 390 16
406 342 12
426 450 13
484 451 15
490 399 11
497 406 12
605 600 14
698 738 14
729 784 15
803 706 14
875 858 13
885 827 12
925 897 16
1031 968 13
1 66 15
31 78 12
49 80 14
124 57 16
225 237 15
258 185 13
268 362 12
304 361 15
319 378 13
427 417 14
536 461 15
545 501 13
562 500 14
569 483 13
574 529 13
646 659 11
748 830 12
841 810 15
895 915 13
932 879 12
1 35 12
97 5 15
149 50 14
242 148 14
285 227 16
316 289 15
355 451 15
420 338 12
446 526 13
545 476 11
560 501 13
638 545 12
681 759 16
735 682 12
755 855 13
761 678 13
887 954 15
946 921 16
1014 979 14
1045 999 14
1 27 15
127 93 13
128 179 12
345 435 13
497 594 13
510 554 14
525 551 14
539 504 13
594 542 15
599 676 15
636 556 11
638 555 12
722 671 14
747 713 14
830 909 15
853 920 12
920 918 12
934 966 16
958 902 13
974 962 16
71 95 13
192 231 14
253 277 12
273 303 15
280 241 15
301 286 14
346 316 16
440 360 15
457 395 11
477 423 12
542 493 14
606 570 15
643 702 11
646 584 15
671 739 11
679 687 12
705 632 14
761 712 14
838 883 15
1068 975 12
115 194 12
122 64 13
189 231 13
209 136 14
271 201 15
325 292 14
422 449 15
506 422 15
539 485 12
543 522 12
571 530 12
587 529 16
589 514 12
690 708 15
694 619 15
721 640 15
723 639 15
823 890 12
968 906 14
992 901 16
1 88 11
43 134 16
158 181 15
183 241 15
198 289 14
239 229 13
265 340 15
325 228 14
338 279 13
369 391 11
466 410 12
471 538 13
491 587 16
505 437 12
718 781 11
734 777 13
741 646 11
803 870 16
919 937 12
985 899 15
1 13 12
49 62 13
110 172 12
129 160 14
130 73 14
170 182 12
209 174 15
271 224 12
310 239 12
410 397 12
511 495 14
546 596 12
588 683 13
590 546 12
684 777 13
713 793 11
717 652 15
821 731 12
952 957 14
983 912 11
104 151 15
270 324 12
487 558 15
489 487 12
500 530 13
508 543 11
528 428 13
561 526 15
576 499 12
616 714 15
620 652 11
761 701 12
765 682 13
803 843 13
808 834 14
843 888 11
852 870 11
922 912 12
960 980 15
1037 942 15
168 174 15
234 272 13
247 297 15
285 331 13
327 343 15
327 375 12
411 352 14
422 438 15
444 458 16
457 534 15
516 536 15
551 625 13
570 623 13
682 606 12
756 683 11
756 754 14
797 704 14
887 897 14
908 830 15
1015 916 15
11 103 14
24 108 12
40 67 14
54 105 15
70 38 15
77 107 11
84 163 13
91 117 14
260 324 12
308 402 13
327 385 14
360 442 11
380 478 12
404 332 14
470 489 11
542 497 13
749 714 14
790 883 12
913 890 12
919 932 16
114 42 13
131 145 13
173 97 15
279 306 14
279 344 12
363 401 13
441 352 11
455 413 14
531 582 14
545 613 12
570 639 11
606 531 13
677 613 13
700 602 12
745 754 15
795 810 15
900 919 15
936 944 12
938 933 12
951 952 12
76 163 15
220 168 14
288 379 12
322 337 15
324 359 13
332 304 13
372 298 12
432 458 14
547 575 16
619 532 12
630 600 13
642 579 12
642 690 14
649 667 12
729 639 14
802 829 12
929 905 11
939 890 11
1037 967 16
1067 987 13
1 65 16
166 200 11
293 274 14
324 232 13
332 284 13
371 325 14
456 532 11
491 419 14
529 497 12
533 613 14
593 513 14
650 605 15
685 728 15
713 648 16
730 689 15
815 893 12
835 881 12
840 887 12
910 945 14
968 993 11
47 113 13
63 15 13
160 147 15
237 167 14
265 181 14
275 346 11
328 295 16
391 381 14
402 458 12
452 479 15
453 383 15
490 466 11
545 569 12
690 736 11
752 751 14
825 820 12
855 794 15
872 826 12
908 982 15
953 887 15
139 90 15
161 103 14
174 90 12
199 263 14
200 102 14
336 363 14
409 483 14
447 449 14
492 469 15
496 411 14
501 445 12
531 444 14
556 509 16
703 610 12
717 778 14
763 681 15
862 929 12
892 991 12
894 879 14
904 907 11
31 118 15
74 86 15
135 226 14
215 223 13
276 242 12
303 310 12
306 266 15
468 414 12
537 541 14
604 630 16
618 528 13
661 563 12
728 782 12
756 833 12
830 848 12
843 909 15
867 769 12
935 922 11
945 995 15
994 929 12
1 1 13
87 51 11
92 174 15
153 216 13
156 80 13
173 103 13
239 280 15
245 222 14
307 261 14
605 675 14
619 695 14
653 614 13
654 731 14
661 608 16
731 701 14
759 698 11
786 775 12
807 795 16
865 908 14
999 920 14
27 112 13
49 124 14
55 84 15
138 138 11
201 301 13
223 257 13
318 236 13
319 402 11
344 255 16
445 477 12
451 472 14
515 447 12
547 517 12
690 696 14
720 622 15
756 731 13
818 786 15
832 855 14
842 906 15
947 918 11
26 2 14
85 11 15
111 150 12
173 223 13
237 265 14
397 391 13
433 486 14
461 390 16
679 750 14
691 654 14
718 755 15
725 761 11
725 765 14
740 789 12
860 921 13
903 836 15
918 986 13
920 863 14
940 923 12
1064 992 12
1 6 13
17 60 11
65 90 12
126 114 13
200 283 11
216 143 12
221 220 15
268 367 14
273 221 13
324 422 14
387 441 12
513 507 14
545 488 11
633 601 12
668 622 13
826 883 13
902 840 16
941 900 14
951 864 12
1035 996 13
83 122 15
186 192 12
265 173 13
290 221 15
306 235 14
361 305 15
377 403 12
392 353 13
421 329 14
454 393 14
558 565 15
574 546 12
629 593 11
643 715 15
700 656 12
708 683 15
828 837 13
895 964 15
991 917 15
1067 976 12
1 21 14
1 48 15
63 63 15
139 63 11
201 145 14
227 303 16
228 244 13
381 379 16
418 465 13
440 537 12
461 479 15
474 552 14
557 530 15
567 468 12
614 572 13
631 542 12
663 741 11
737 770 12
982 924 15
1014 949 14
1 1 13
1 64 13
19 110 12
63 46 15
91 9 13
182 82 16
190 185 13
195 172 12
217 122 15
253 246 15
289 222 14
356 305 13
520 461 12
532 552 14
599 641 16
682 660 13
716 697 13
810 855 11
847 827 16
872 860 13
82 158 11
138 177 15
169 232 11
190 107 15
201 229 11
244 260 15
261 244 15
331 313 12
404 438 12
520 487 14
540 552 12
545 534 13
646 609 14
741 709 13
770 712 15
866 914 14
867 905 13
903 892 15
920 973 12
935 898 16
1 8 16
101 30 12
139 179 15
191 211 11
211 200 12
220 272 15
282 224 15
344 292 13
366 455 15
376 341 13
408 441 11
503 587 15
539 440 12
575 606 13
581 630 14
639 628 12
675 665 15
835 901 14
886 788 14
892 795 15
1 24 12
116 149 14
117 46 11
149 238 14
197 224 14
245 198 13
251 322 12
282 198 15
337 386 13
452 439 12
520 594 13
551 564 11
597 522 14
659 650 14
755 720 13
798 895 12
817 849 15
890 860 14
902 929 15
905 909 12
1 39 15
180 119 12
233 265 13
285 252 13
320 414 15
349 309 12
354 305 13
356 436 15
442 517 13
445 384 12
461 405 11
474 402 11
505 475 12
531 431 14
575 670 14
602 643 15
603 650 13
625 546 11
904 967 15
908 814 13
1 17 12
61 110 15
72 111 16
163 154 15
186 254 14
233 283 13
283 296 12
444 539 15
447 502 15
471 521 14
487 496 13
579 611 11
782 752 12
815 868 15
837 912 15
854 890 12
900 875 16
957 870 12
975 923 14
1022 957 15
1 26 13
1 57 16
49 105 15
207 171 12
235 334 14
288 264 13
322 414 13
369 352 15
371 277 12
376 403 14
417 473 15
645 718 14
699 735 13
738 665 14
754 835 15
857 856 15
865 803 15
1003 984 15
1008 911 14
1078 983 14
87 5 16
172 103 14
187 263 14
268 234 11
485 495 16
538 548 14
545 561 14
568 511 15
636 730 13
639 704 15
663 655 12
698 688 13
710 783 15
762 844 15
778 755 15
804 886 14
862 930 13
863 913 12
893 855 12
1085 989 15
1 27 14
26 81 15
53 59 13
97 59 13
169 110 12
227 272 12
325 281 11
460 378 13
564 551 13
569 585 15
613 532 12
727 776 12
732 745 12
745 686 13
802 787 14
813 721 12
868 835 13
902 805 16
962 887 13
975 921 16
116 161 15
203 136 13
274 190 13
356 301 15
398 351 15
456 360 15
459 378 15
464 509 13
469 497 13
486 390 12
604 658 11
607 578 16
709 700 12
721 685 12
776 697 11
886 814 15
894 985 11
907 841 13
919 894 12
1063 999 16
31 67 12
105 80 15
160 219 12
168 75 16
294 213 11
303 344 12
334 260 13
360 278 15
399 454 15
494 454 12
508 608 16
549 537 13
645 571 15
688 633 14
712 690 14
812 775 12
839 809 11
891 857 14
900 938 12
961 938 15
1 16 14
9 87 16
20 73 11
33 112 11
215 231 14
216 215 13
329 256 13
346 275 15
476 558 14
533 501 14
562 520 15
660 613 12
674 736 11
682 688 11
739 775 13
756 763 12
760 825 16
868 811 15
917 938 14
964 973 12
36 25 16
52 78 12
129 127 14
200 207 16
271 247 14
451 551 15
497 562 12
526 547 14
648 741 16
724 651 15
730 774 13
759 818 16
816 766 13
825 854 12
831 914 12
851 916 12
852 893 12
883 899 13
967 990 15
979 951 14
1 70 12
157 74 13
189 198 11
235 194 13
404 338 14
491 465 13
564 465 14
568 651 12
606 571 16
690 592 13
702 708 14
720 652 11
737 741 13
757 782 13
775 678 13
780 803 16
805 766 15
810 883 14
928 863 14
996 941 13
33 50 15
133 202 14
145 138 15
225 168 15
340 259 14
342 379 13
392 305 14
575 589 12
599 616 13
627 561 11
769 692 15
813 880 15
823 797 12
836 820 14
840 754 13
848 909 14
849 892 15
909 995 12
912 901 11
1020 970 15
85 52 13
155 55 13
189 131 11
212 293 12
215 129 15
215 183 15
229 270 12
250 289 12
271 174 13
318 253 15
327 296 12
356 272 16
373 296 13
497 539 15
546 448 12
566 580 15
728 688 14
872 960 12
876 808 13
878 785 13
16 116 12
62 16 16
104 59 13
135 97 12
205 281 13
222 233 12
322 256 15
337 283 15
396 475 15
470 384 11
472 518 11
492 551 14
577 491 15
664 634 11
681 692 13
794 877 16
856 935 13
870 851 16
942 869 15
967 920 15
6 53 12
22 122 15
57 55 15
61 57 15
76 137 13
165 153 13
196 102 12
344 349 15
356 392 14
405 499 15
468 524 14
479 416 11
497 517 12
779 789 15
831 803 13
875 838 14
875 896 13
899 981 13
949 973 15
971 980 14
96 23 12
211 230 12
239 163 14
280 373 15
282 366 14
341 241 13
372 280 12
400 422 11
414 455 12
419 438 14
434 350 14
438 437 13
469 445 15
476 407 13
489 571 11
564 466 11
759 772 15
797 870 15
798 835 12
942 995 12
1 3 16
33 20 16
72 131 16
105 8 13
127 148 14
203 288 11
224 304 12
264 260 16
304 257 12
430 484 15
480 567 12
493 396 13
540 454 14
566 526 12
647 732 15
677 737 15
695 635 15
720 751 13
775 825 12
798 808 15
1 45 16
24 20 14
82 162 14
99 143 12
133 109 15
158 84 11
164 190 12
255 188 13
260 321 15
283 210 14
283 318 13
437 502 14
516 536 13
531 495 15
532 447 15
614 650 13
670 749 15
708 641 13
729 683 13
793 773 11
78 42 14
135 80 13
149 156 15
151 84 14
314 255 13
450 418 13
465 564 14
474 427 13
537 570 15
551 471 15
600 669 13
668 758 11
721 770 14
761 748 15
768 845 14
807 732 14
814 850 14
856 949 15
941 893 15
983 896 15
69 58 13
85 181 15
96 124 15
207 168 15
208 153 14
245 313 14
264 283 13
293 208 14
349 333 12
353 287 15
389 317 13
457 521 12
495 464 15
511 534 13
534 533 12
540 568 15
548 646 13
572 521 16
645 547 14
929 951 15
213 188 15
254 234 13
256 178 12
301 235 15
457 474 14
484 426 14
529 572 16
530 599 15
568 614 15
573 662 16
585 621 11
630 560 11
655 561 12
675 663 13
750 799 13
878 870 14
884 938 13
932 968 15
939 893 11
1017 919 12
63 143 15
179 209 13
209 208 12
235 281 14
249 193 12
252 266 14
311 335 13
358 274 13
359 325 16
389 473 14
437 491 14
461 460 14
531 592 16
581 578 14
661 721 12
831 861 14
847 839 16
875 871 15
891 961 15
922 864 14
129 175 12
153 75 13
177 151 16
316 374 12
349 405 14
378 280 12
379 412 12
407 355 12
455 512 15
460 410 12
471 477 15
588 539 11
779 789 15
798 752 12
876 975 12
931 896 15
937 975 13
968 960 15
995 942 12
997 914 14
43 49 14
48 43 13
66 104 16
73 150 14
102 197 13
257 197 15
303 354 12
322 248 15
351 375 13
382 336 14
556 560 12
684 784 11
756 689 16
784 694 14
813 872 12
815 821 15
830 872 15
850 841 12
854 798 15
969 962 15
15 43 11
117 158 16
126 221 11
131 154 11
205 115 11
262 163 13
305 310 14
376 327 16
475 471 13
570 503 16
574 586 12
621 572 14
788 886 15
817 875 13
830 872 12
849 865 11
871 870 11
883 904 15
892 845 16
909 970 12
1 22 14
1 75 13
3 5 13
46 136 14
69 150 13
106 197 12
162 145 12
189 186 14
206 230 12
525 471 14
566 581 13
582 495 15
683 754 15
760 724 11
774 743 13
779 858 14
799 703 14
836 825 14
837 889 15
933 909 12
1 17 13
33 35 15
167 234 15
227 175 15
287 263 15
299 378 11
349 376 12
500 561 11
583 524 15
633 727 15
653 561 14
657 665 15
690 741 13
709 722 14
776 778 15
807 844 13
870 917 15
940 845 11
1027 945 15
1056 964 16
44 34 13
89 100 13
91 46 12
167 227 16
196 288 11
202 157 16
321 268 14
339 340 15
351 393 12
410 412 15
720 768 15
803 734 12
812 858 16
831 910 15
880 910 13
927 869 13
964 898 14
978 985 12
1014 918 12
1022 975 16
20 15 11
93 37 12
116 180 12
124 100 14
155 209 13
222 258 12
288 261 12
358 389 15
415 322 16
432 461 13
482 559 11
609 598 14
616 681 12
738 658 16
801 880 12
904 857 12
919 855 13
951 983 14
992 949 13
994 972 13
1 58 13
84 31 13
118 36 12
126 118 12
157 154 13
214 274 13
262 239 15
300 315 14
450 424 12
499 582 13
600 561 15
609 568 13
676 704 12
804 836 11
822 799 13
828 841 15
855 779 13
864 830 16
887 797 13
898 819 11
1 61 14
3 95 11
12 1 12
40 109 13
92 148 13
118 126 13
167 234 11
217 178 15
280 288 15
309 259 16
396 390 12
603 545 14
661 748 13
732 677 13
812 774 12
843 868 14
846 829 14
856 909 13
1044 948 12
1048 962 15
30 126 15
151 99 15
185 152 12
217 132 12
261 351 14
293 242 13
391 421 13
448 407 12
463 524 16
469 406 14
519 575 13
541 625 15
588 632 15
590 659 15
611 638 15
618 518 12
734 803 13
775 718 15
832 778 13
932 966 14
1 4 11
1 33 11
21 7 13
50 130 13
124 168 16
169 107 15
193 292 14
229 280 13
278 267 14
293 340 15
348 322 12
371 337 14
398 467 15
485 553 12
523 603 13
700 732 14
714 653 13
920 829 15
921 977 15
930 911 12
73 57 15
73 114 14
77 176 13
100 163 15
258 308 12
382 425 15
439 454 12
443 470 13
458 404 15
459 480 11
497 536 15
580 613 13
703 659 12
710 723 12
801 836 12
813 784 14
853 771 12
865 901 11
869 854 11
927 864 15
79 74 15
162 167 14
170 109 12
176 124 13
181 146 12
200 233 13
266 288 15
336 271 13
345 267 14
373 277 14
381 464 15
393 482 12
417 369 13
445 467 13
536 464 12
595 641 14
610 590 14
612 611 15
840 838 15
967 971 16
61 92 12
70 139 13
128 113 13
185 208 12
188 198 16
206 165 12
217 257 12
334 269 13
355 284 15
368 389 11
380 380 14
450 433 15
617 698 12
722 634 13
724 752 15
732 742 13
775 795 14
808 745 14
827 834 11
868 959 13
33 35 13
90 143 12
93 46 12
98 36 13
149 106 15
230 172 12
304 208 14
309 338 16
471 454 14
532 509 12
553 600 11
567 585 12
670 618 12
704 710 15
768 842 15
791 788 11
909 890 16
961 894 14
968 950 12
995 902 11
25 15 14
192 213 13
218 263 12
238 319 14
253 318 14
279 369 12
338 301 14
406 501 14
432 470 14
432 474 14
482 402 14
508 530 12
571 653 11
626 711 11
826 793 13
867 846 13
967 920 14
993 939 14
1006 982 12
1014 991 13
132 167 11
156 173 14
162 257 15
205 227 13
213 266 12
312 226 14
316 256 13
343 433 12
355 352 13
406 337 13
423 456 12
427 503 11
513 435 13
528 446 13
535 437 13
637 696 13
642 671 14
757 704 15
832 737 12
836 827 14
1 1 14
7 31 12
119 144 11
160 61 11
214 183 16
300 356 15
375 416 15
449 358 11
475 426 15
479 563 16
517 576 15
518 581 14
580 593 12
580 595 15
644 604 14
647 650 13
689 593 12
847 832 13
875 970 13
938 971 15
55 119 15
56 58 12
108 97 13
200 262 12
233 305 13
243 293 14
375 329 14
410 411 12
502 463 12
502 495 16
531 477 14
597 555 15
616 531 14
684 660 12
689 738 15
754 735 15
761 698 15
890 917 15
937 883 11
995 963 14
45 78 16
145 143 12
152 89 14
166 249 13
182 195 11
264 268 16
279 367 12
307 326 16
333 248 11
348 347 14
423 505 11
493 585 13
590 518 15
651 562 13
671 761 15
675 613 16
694 690 12
743 799 15
816 753 11
876 856 13
