1000 20 2303091
50 67 192
50 51 169
50 91 232
50 71 226
50 83 155
50 141 166
50 76 169
50 95 250
50 149 164
50 119 209
50 87 164
50 66 248
50 103 197
50 85 189
50 123 170
50 69 185
50 125 248
50 125 206
50 136 234
50 90 211
1 209 5
1 315 6
153 127 5
238 599 7
635 1596 7
942 1776 5
1298 1316 5
1474 1488 5
1541 1989 6
1696 2553 5
1934 1543 6
2096 2620 5
2759 2732 5
2954 2178 7
3170 3170 6
3303 4281 7
3464 3158 6
3556 2725 7
4551 3737 6
4720 4032 6
5011 4018 7
5313 5353 7
5329 6158 6
5401 4696 7
5449 4745 6
5461 6355 5
5477 6111 7
5544 5371 7
5603 5208 6
5821 5879 6
6103 5715 5
6239 6013 6
6304 6620 7
6528 6308 6
6600 7550 5
6743 7447 6
7347 6499 5
7561 7273 6
7610 7142 7
7669 8419 5
7731 8070 5
7873 7204 6
8018 8498 7
8600 7964 5
8822 8565 6
8888 9551 7
9350 8700 6
10164 9296 7
10314 9854 6
10597 9793 7
425 762 7
796 33 6
813 138 7
920 103 7
1121 483 7
1474 550 6
1502 1987 7
1610 1517 7
1629 1857 6
2000 2568 5
2080 2784 6
2101 2290 6
2120 2951 7
2673 1775 6
2992 3409 5
3203 4181 6
3484 2689 6
3609 2963 6
3651 3865 5
3759 3498 6
3797 4408 5
3923 4389 6
4154 3981 6
4489 4956 5
4517 5411 6
4628 5404 6
4738 3772 7
5101 5912 7
5103 4534 6
5617 5451 6
5753 4942 5
5777 6211 6
5804 6479 7
5914 5535 5
7039 6689 7
7110 6462 7
7224 7090 6
7408 6923 6
7950 7299 5
7967 8675 6
8121 7979 5
8159 8709 6
8209 8052 5
8216 7877 5
8441 9015 5
8761 8752 6
8857 8997 6
8866 8167 7
9207 9441 7
9626 9433 7
1 66 5
646 1379 6
814 611 5
1321 2234 6
1436 1456 5
2065 1582 5
2321 2840 5
2344 2784 5
2587 2344 5
2769 3254 7
2802 3377 7
3005 2800 7
3149 2397 7
3159 2825 5
3187 2323 5
3385 2827 7
3651 4183 6
3689 4683 5
4635 4387 5
4762 4612 5
4816 5125 6
4847 4801 5
5287 5709 6
5644 4995 6
5782 5417 6
5833 6536 5
6018 5627 7
6096 5143 7
6385 6235 6
6549 7491 6
6663 7384 5
6769 7078 6
6777 7667 5
6902 6974 7
6907 6934 5
7156 7045 6
7272 6631 6
7470 7716 7
7507 8108 6
7680 8561 5
7778 8612 6
8364 8762 6
8484 8232 6
8511 7933 5
8591 9082 6
9283 8566 7
9428 9072 7
9914 9717 6
10047 9908 6
10091 9644 6
1 577 5
28 789 6
68 592 6
169 696 5
474 533 7
784 1035 7
889 1386 6
956 958 6
1354 990 5
1504 807 7
1578 1877 7
1676 1730 5
1768 1239 5
2230 1777 5
2438 1792 5
2790 1865 6
2912 2313 5
3187 3078 6
3732 3540 6
4262 4422 6
4380 5295 6
4697 4460 6
4798 5498 5
4867 4286 6
5143 4186 7
5153 5641 7
5154 5298 5
5168 4758 7
5710 5724 6
5976 6381 5
6251 6108 7
6960 6294 5
7013 7113 6
7034 6432 5
7092 7305 7
7265 7768 6
7437 7613 7
7490 6954 6
7927 8905 7
8076 7570 5
8157 8895 6
8161 8199 7
8168 7497 5
8199 8131 6
8464 9224 5
8584 9537 7
8649 7660 5
8753 7773 6
9758 9726 5
10182 9503 6
1 401 6
443 53 5
1082 1654 5
1565 1482 5
1644 1012 5
1690 2051 6
1906 1997 5
2239 2948 7
2281 3043 6
2372 2217 7
2546 3166 5
2697 2619 7
2713 3695 6
2758 2023 6
2990 2254 6
3180 3973 7
3751 3184 5
3788 3938 6
3846 3929 6
4030 3219 6
4176 3456 5
4448 5350 7
4893 4792 7
4931 5017 6
5296 4634 6
5522 5620 5
5553 4607 6
6020 6573 6
6035 5561 6
6554 7225 6
6560 7009 5
6895 6973 7
7152 6306 6
7194 7745 5
7408 8015 5
7499 7370 5
7882 7414 7
8067 7795 6
8425 8618 7
8930 8165 7
9003 8203 7
9008 8145 5
9053 8589 6
9165 8732 7
9563 9223 5
9725 9087 6
9839 9129 6
10053 9519 6
10179 9811 5
10216 9833 6
112 528 6
312 931 7
1601 1319 6
1755 978 5
2404 1753 7
2407 2327 6
2468 2888 7
2505 2739 6
2509 1767 7
2666 2490 7
2693 2017 5
2852 2531 6
2902 2586 6
2929 2682 6
3070 3639 6
3125 2138 7
3166 2860 7
3295 3719 7
3495 3121 6
3852 4521 5
3975 4474 6
4292 3948 6
4463 5040 5
4516 3796 7
4590 4335 5
4613 4268 7
4782 4183 6
4806 5336 5
5283 6071 5
5728 5750 6
5767 6694 5
6325 5370 5
6879 6220 6
6971 7949 6
7030 6466 7
7081 6142 6
7087 7798 5
7208 6772 5
7388 7939 5
7470 8348 7
7889 8267 6
7892 7303 6
7893 8859 5
8198 7520 6
8355 8245 7
8550 8178 5
8770 8055 7
9091 9977 6
9286 9060 5
9462 9882 5
1 59 6
1 712 6
27 151 5
406 447 6
622 388 6
802 1486 5
1444 1545 5
1457 460 7
1773 2698 7
1820 2779 7
1870 1313 6
2025 1477 6
2263 2135 5
2478 3162 6
2628 2321 7
2974 3375 6
3033 2126 6
3061 2963 7
3070 3950 7
3360 4240 6
3364 4058 6
3720 4343 6
3816 3771 7
3914 4253 6
3963 4546 7
4262 4321 5
4384 4202 6
4428 4227 5
4614 3713 6
4677 4309 6
4682 5393 6
4689 4071 5
4864 4597 6
5527 6415 5
5555 6458 7
5591 5620 7
5872 5257 7
5965 5982 6
5984 6399 7
5986 5421 6
6375 6896 7
6736 6281 7
6743 6055 6
7121 8077 5
7363 7887 6
7681 8364 6
8097 8405 6
8243 7280 5
9032 8175 6
9969 9180 6
1 117 5
184 770 7
275 426 6
279 463 5
395 328 5
534 1168 6
748 866 7
950 1094 6
962 41 7
1254 475 6
1347 2050 5
1754 1359 5
2345 2613 5
2355 2117 6
2501 1791 5
2848 3790 7
2969 2059 7
3073 3484 5
3089 3614 6
3321 3109 7
3589 3225 7
3642 3139 6
3719 4000 6
3726 4012 6
3910 2990 6
4104 4962 7
5111 5188 6
5202 4205 7
5232 4911 5
5281 6108 7
6013 6802 6
6076 6922 6
6108 6147 5
6382 6334 6
6458 6376 7
6737 6270 7
6741 6409 6
6776 5913 5
6970 6220 5
7157 8066 6
7227 7185 7
7507 8013 5
7630 8485 7
7969 7471 6
8261 7564 7
8616 9086 6
9632 9102 6
9883 9768 6
9921 9734 6
10277 9791 7
1 60 7
1 527 6
746 534 7
960 489 7
990 1683 7
1086 972 6
1453 2049 5
1948 1297 6
1972 1719 7
2116 1652 7
2403 2687 7
2446 1995 7
2499 1814 6
2568 2572 6
2776 2775 6
2986 3425 6
3274 3964 5
3577 4488 6
3722 3532 5
4570 4215 5
4618 4237 6
4736 4299 5
4967 4791 7
5112 4735 7
5312 5107 6
5382 5060 7
5673 6486 5
6118 6228 5
6279 6809 6
6723 6243 6
6759 6332 5
6863 6574 6
6982 6759 6
7215 8096 6
7243 6296 7
7338 7453 6
7410 6512 6
7876 8798 7
7894 7623 6
8069 7667 6
8104 8008 7
8564 8297 5
8751 9355 7
9064 9805 5
9148 9463 6
9375 9534 5
9587 9846 7
10231 9818 5
10289 9744 5
10710 9749 6
1 168 5
1 225 6
1 243 7
678 1316 6
719 202 7
840 1510 6
1137 1204 6
1555 1566 7
1696 938 6
1789 1318 6
2069 2283 7
2290 2872 7
2501 2324 7
2757 1781 5
2790 2824 7
2930 3491 6
3612 3317 5
3705 3448 6
3813 4711 6
3844 4142 6
3849 4794 6
3870 4379 7
3874 3859 7
4350 4642 5
4375 5284 6
5073 4714 6
5108 4650 5
5131 5098 5
5139 5005 5
5469 4896 6
5637 5968 6
5752 5182 5
6021 6145 6
6497 6364 5
6504 5554 7
6548 5709 7
6851 6931 7
6904 7007 6
6938 7095 6
7275 6633 6
7390 7161 5
7905 7771 5
8113 9020 7
8211 8232 6
8409 7871 6
8625 8212 5
9003 9387 5
9089 8285 7
9869 9510 5
9964 9603 6
1 178 7
1 365 6
28 972 5
84 357 5
227 1164 7
248 894 5
587 142 6
991 286 7
1488 1011 6
1571 1042 6
1582 1022 6
1676 2481 7
1901 1100 5
2030 2916 6
2127 2073 5
2181 2239 6
2295 1749 5
2311 3174 6
2453 3150 7
2634 3597 7
3153 3031 7
3170 2964 7
3518 3769 6
3606 3279 6
4553 3872 5
4571 4359 5
4716 4973 7
4728 3803 6
5196 5744 7
5841 6546 6
5972 6782 6
6009 6089 6
6638 7242 7
6676 6436 5
6735 7636 5
6832 6689 7
7021 6908 7
7035 6547 5
7171 6999 6
7350 7089 6
7422 7930 7
7705 6756 6
7717 7713 5
8453 8881 6
8572 8795 5
8692 8247 6
8904 9454 7
9139 9894 7
9489 9454 7
10240 9250 7
1 224 6
113 455 7
365 553 5
703 1694 6
845 925 6
1010 1207 7
1163 374 6
1332 513 7
1451 1489 7
1513 1886 6
1934 2182 5
2002 1597 5
2203 2394 7
2398 1873 6
2407 1844 6
2459 2854 6
2503 2520 7
2915 3059 6
3061 3292 7
3170 2171 5
3208 3103 7
3739 4144 5
3843 3974 5
4006 4061 7
4130 3977 7
4171 3368 5
4783 4729 7
4845 4589 5
5238 4555 6
5320 5422 7
5331 5792 7
5563 4821 5
6404 6915 5
6478 7133 7
6646 7437 5
6666 7101 7
7252 7849 6
7313 7756 7
7847 7719 7
7957 8768 5
8184 7204 7
8345 9060 6
8656 8826 7
8688 8911 5
8708 8649 5
8904 7911 6
9223 8333 7
9573 8684 5
10336 9925 7
10534 9708 5
708 503 5
774 970 5
1169 669 6
1406 997 5
2083 1763 6
2189 1261 6
2255 2102 7
2427 2216 5
2451 1994 7
2467 3451 6
2798 2440 5
3053 2062 5
3320 3779 6
3830 4793 7
3941 3710 7
4029 4389 5
4213 4321 7
4300 4590 5
4678 3748 6
4874 3924 7
5230 4407 7
5244 5813 6
5617 5556 6
5842 6668 7
5936 6591 5
6142 6567 7
6260 7231 5
6348 6786 7
6351 7099 7
6508 6671 7
6534 5872 5
6595 7161 7
6698 6654 6
6760 5873 5
6786 6968 6
7048 8007 6
7073 6491 6
7403 7251 6
7414 7674 6
7701 8104 6
7913 7247 6
8307 9303 6
8719 9589 6
8752 9461 5
9063 8580 6
9633 9658 6
9904 9648 7
9979 9266 5
10124 9913 5
10220 9651 6
393 822 7
517 525 6
790 758 6
794 61 7
1125 1038 6
1700 917 5
1804 2614 7
2075 1775 6
2384 1718 5
2396 2282 5
2514 2803 6
2762 3234 7
2785 2267 6
3138 3577 5
3180 3323 7
3243 2764 6
3256 4239 7
3278 3598 7
3868 3284 6
3911 4189 6
4298 4551 7
4433 3889 6
4868 4272 5
4976 4830 5
5276 4445 6
5472 5097 6
6192 6296 7
6442 6628 5
6471 7175 6
6476 7366 7
6858 7235 7
7412 6522 5
7487 7432 5
7527 8501 6
7725 8582 7
7728 7705 6
8001 8990 5
8390 8756 7
8517 8087 7
8551 9223 6
8614 8292 6
8706 9101 6
8795 9275 6
8849 9526 6
9173 9987 5
9591 8710 7
9595 9059 6
10039 9561 6
10055 9313 7
10412 9734 6
1 612 5
20 931 6
138 271 5
174 1172 6
755 587 6
803 1341 6
829 889 7
1179 2077 6
1432 1913 6
1444 737 5
1508 1997 5
1986 998 6
2391 2082 6
2611 1758 5
2764 3759 7
2945 3703 7
3068 2424 6
3103 2632 5
3127 2631 5
3173 3271 6
3179 2833 7
3248 3526 7
3323 4204 6
3931 3676 5
3986 3809 6
4622 4665 6
4918 5079 6
5010 4807 6
5367 5182 5
5634 4832 6
5654 4881 6
5825 6375 5
6489 6538 5
6599 6926 7
6798 7633 6
6808 7497 7
6840 7624 5
7123 6837 6
7172 7097 6
7462 6890 7
7665 8510 5
7742 7079 7
8644 9312 6
8933 9218 6
8962 9097 6
8975 8703 6
9145 8235 6
9445 9995 7
10241 9632 5
10634 9866 6
1 74 7
1 329 5
1 484 6
7 921 7
186 1099 6
433 34 6
562 1130 5
953 972 7
1378 2369 6
1717 2193 5
1834 1956 7
1992 1161 5
2432 3374 6
2645 2988 5
2776 2269 7
3236 3717 7
3307 3270 7
3734 4562 7
4060 4120 7
4072 4143 7
4179 4733 5
4479 5286 6
4933 5562 7
5287 5331 6
5329 5337 7
5497 4814 6
5499 5666 7
5565 5365 6
5728 5232 7
5872 5547 5
5930 6915 6
6204 6934 6
6396 7342 6
6445 5934 5
6504 5874 6
6973 6867 6
7409 8156 7
7445 7814 6
7975 8379 6
8204 8417 5
8419 9058 7
8625 9528 5
8779 9611 6
8785 7800 6
8991 8882 6
9091 9402 6
9276 9370 6
9582 8829 6
10183 9620 5
10730 9784 6
1 605 5
1 630 7
86 410 6
429 1264 7
572 269 5
1012 1704 5
1076 1046 7
1783 1953 6
1807 847 7
1951 1593 5
1971 1807 5
1973 987 6
1993 1697 6
2156 1425 7
2509 3005 5
2518 3075 5
2689 1827 6
2726 3436 7
2784 2111 5
2862 3397 6
2899 3350 5
3446 3079 6
3510 3174 5
3958 3715 6
4216 4460 5
4844 4095 6
4894 5727 5
4959 5255 7
5061 5088 7
5110 5793 6
5387 5465 7
5571 4718 6
5903 6753 6
5975 5611 7
6385 7090 6
6496 7223 6
7018 6034 7
7076 7904 5
7080 7843 7
7239 6733 6
7241 7050 5
7345 6961 5
7480 7936 6
7557 7743 5
7772 7049 5
7988 8152 6
8259 8793 6
8665 7990 6
9116 8359 5
9363 8880 6
1 172 7
174 1104 6
339 111 6
933 1837 5
1165 1514 6
1425 939 6
1845 1994 7
1947 2270 6
2200 3194 7
2335 2538 5
2358 2390 6
2518 3481 6
2533 1993 5
2873 2723 6
3189 3606 7
3414 3483 6
3449 3895 5
3496 4202 5
3839 2950 6
3999 4902 6
4078 4162 6
4144 4020 6
4249 5166 5
4356 3942 6
4627 4803 7
4704 3978 7
4897 5401 5
4999 5687 5
5191 4956 6
5719 5033 6
5752 5105 6
5800 5124 7
6038 6491 7
6156 5884 7
6284 7182 6
6297 6164 7
6413 6063 5
6438 5608 6
6757 6325 6
6758 7664 7
6829 7293 6
6935 6363 6
7396 7783 5
7454 8423 5
8183 8766 7
8413 8556 6
8539 9148 5
9054 9506 7
9363 8518 6
9445 8479 5
1 950 5
329 794 7
431 283 6
459 575 5
1094 173 5
1433 2145 5
1582 1003 5
1962 1078 5
2265 3169 7
2306 2040 5
2329 2691 5
2354 1594 6
2449 2495 6
2538 2498 5
2650 3208 5
2670 3338 6
3260 3714 5
3325 2335 7
3709 4315 5
3917 4002 6
4157 5118 7
4159 4693 7
4242 3736 7
4262 4818 6
4524 5246 5
4639 5161 6
4777 4048 5
4917 5135 5
5014 5577 7
5468 6030 6
5654 6247 7
5764 5793 5
6150 6869 6
6162 6536 6
6215 5816 6
6378 5976 5
6409 6987 6
6790 6381 5
7264 6275 6
7866 7838 7
7988 7221 6
8093 8321 7
8646 9559 6
8901 8014 7
8943 8145 7
9329 9919 7
9438 9914 6
9499 8499 6
9835 9364 6
10746 9987 5
413 29 6
568 886 7
661 1638 6
802 921 6
819 1232 5
900 1659 5
2197 1323 6
2391 3315 6
2569 2178 5
2854 3530 7
2905 2583 6
3081 2824 6
3181 4164 5
3217 3621 7
3309 3809 7
3357 4278 6
3498 3723 6
4114 4478 6
4471 3975 7
4954 5410 5
5048 6014 6
5071 5213 6
5131 4626 6
5146 6000 7
5288 5915 7
5456 4505 5
5686 6193 5
5726 4883 5
5857 5164 6
6236 5823 7
6658 6163 6
6985 6467 6
7113 7014 5
7171 7519 7
7222 7940 7
7225 6586 7
7356 8270 5
7365 7183 6
7487 7715 7
8135 7758 6
8358 8440 6
8578 7953 5
8641 9154 6
8762 8781 7
9020 8565 5
9083 9530 5
9461 9900 6
9478 8681 6
9551 8725 7
9587 9164 6
