500 20 118570
25 111 165
25 97 235
25 85 215
25 59 167
25 117 179
25 145 243
25 59 169
25 97 187
25 65 214
25 51 162
25 123 247
25 90 238
25 65 193
25 99 192
25 139 204
25 89 152
25 124 158
25 53 160
25 58 192
25 66 203
23 5 10
74 41 10
134 54 11
157 120 13
213 170 11
231 184 14
248 218 11
262 244 13
340 321 12
347 446 11
372 463 12
396 476 12
452 422 12
575 651 12
585 575 12
591 516 10
597 638 11
681 591 13
776 696 10
795 877 10
844 751 12
890 888 13
902 855 10
1001 998 13
1031 947 13
9 5 13
60 75 11
87 76 11
107 123 11
135 63 12
182 214 11
343 321 12
356 438 12
403 345 13
526 568 12
559 533 13
561 642 11
573 635 14
586 673 13
649 650 12
703 736 12
711 735 10
718 775 14
762 843 10
777 682 13
799 818 13
840 743 14
842 767 11
934 838 13
1021 930 12
1 15 13
1 29 14
24 101 13
31 2 12
62 86 13
135 124 13
146 123 10
195 222 10
214 260 13
350 428 13
408 426 11
443 476 10
488 587 11
506 546 13
518 444 14
560 628 14
622 588 12
638 736 12
653 625 10
688 747 13
765 732 13
830 745 13
885 923 11
961 958 12
1022 999 11
74 23 12
91 162 13
94 63 11
102 30 14
119 77 10
260 315 12
286 239 14
316 400 12
372 409 12
435 395 12
442 423 11
513 567 11
566 589 12
597 632 11
695 753 14
722 707 11
739 694 12
753 768 11
756 847 12
764 732 11
773 691 12
843 746 14
875 892 13
933 957 14
949 898 12
1 36 12
23 56 13
45 14 13
81 134 12
110 67 14
141 213 13
194 205 13
294 379 12
408 459 11
431 372 11
439 498 11
478 529 13
590 592 13
603 561 11
616 690 12
622 667 13
659 620 11
838 896 12
842 838 11
843 822 14
875 857 12
896 892 12
950 949 14
967 984 12
977 881 13
1 56 12
24 122 12
60 146 12
101 131 12
205 302 11
229 196 10
246 234 11
265 221 13
370 393 11
379 470 13
382 322 12
443 431 11
458 358 14
535 493 12
557 569 12
573 540 10
591 499 12
618 596 11
639 577 13
672 649 12
802 724 12
826 900 11
846 899 11
909 817 13
961 972 11
74 76 14
129 98 12
157 176 12
169 125 11
225 255 11
274 192 11
291 251 10
308 360 11
315 330 13
458 423 10
491 457 11
581 680 11
582 555 10
594 582 11
597 683 12
598 537 12
599 555 12
620 655 11
636 550 12
699 728 12
843 762 12
856 861 13
951 908 12
962 935 11
979 941 11
35 37 12
83 88 14
99 189 10
104 86 10
106 65 12
194 131 13
263 283 13
298 233 12
316 349 14
420 387 13
466 446 11
592 651 13
627 615 10
634 582 13
727 814 10
755 693 14
770 847 10
774 831 12
792 778 11
807 763 10
822 731 10
857 857 14
897 878 13
899 876 11
973 915 11
1 65 11
65 28 13
100 131 13
110 60 11
120 94 12
152 73 14
185 212 10
245 183 10
279 192 13
338 424 11
344 244 13
348 442 13
456 431 10
485 543 13
486 544 13
509 560 12
555 592 12
635 668 11
704 735 14
802 724 13
826 854 12
871 840 12
932 832 13
956 907 11
1026 997 14
1 66 12
15 52 11
37 20 12
37 53 11
63 97 12
130 113 11
143 89 11
190 225 11
192 143 12
193 231 11
217 258 12
227 158 13
231 150 11
236 201 14
296 382 12
307 384 13
375 280 10
428 341 10
430 447 13
553 571 12
625 664 10
761 758 10
969 997 10
1068 994 10
1078 992 12
1 4 13
27 28 13
27 75 12
100 30 12
110 80 13
200 130 13
335 259 10
338 388 10
355 320 10
375 350 14
410 444 14
415 426 13
450 463 12
531 596 10
558 595 11
597 501 13
625 649 12
633 645 10
823 792 10
841 832 11
844 864 11
852 804 12
878 894 12
903 970 12
1037 938 13
104 12 12
115 49 11
115 101 13
134 97 10
143 176 11
146 53 13
156 173 13
261 254 11
264 361 12
335 289 13
363 280 14
432 503 12
456 447 11
492 465 12
537 568 10
553 578 14
587 679 11
611 575 11
733 644 14
764 691 11
818 849 13
833 840 14
892 931 13
930 863 12
954 880 12
39 93 14
63 66 11
89 128 12
113 36 13
119 20 14
147 120 13
189 234 12
352 270 14
378 368 10
382 293 10
394 443 11
401 372 10
404 476 12
415 471 13
423 467 12
502 581 11
535 594 12
546 529 12
668 633 11
684 749 11
696 792 10
703 691 12
744 662 13
759 700 14
917 941 14
11 21 12
120 138 11
147 153 14
188 119 11
220 203 10
254 282 13
341 279 12
368 325 10
416 443 12
460 362 12
492 421 13
519 421 11
544 536 10
559 594 14
693 675 10
715 654 12
717 727 13
721 784 13
791 859 13
826 914 11
855 847 10
870 962 13
895 848 10
1023 999 12
1031 936 11
3 27 12
48 142 14
53 50 13
128 163 10
136 86 13
170 185 10
184 206 13
187 276 13
294 369 14
337 247 13
425 494 10
447 461 10
483 466 13
575 477 10
595 522 11
624 539 13
659 615 12
659 696 11
750 723 10
776 833 14
781 865 11
821 798 10
833 859 10
925 974 11
926 881 11
1 11 12
135 46 12
146 219 10
183 209 10
292 206 13
398 386 13
436 455 12
439 365 12
448 349 12
448 538 10
490 568 10
510 566 10
516 473 12
562 502 14
667 644 11
734 663 13
776 746 10
783 860 10
785 863 11
791 703 12
852 840 11
896 879 12
902 884 10
1019 994 13
1032 948 14
1 5 11
42 95 10
74 122 10
135 222 12
147 209 13
202 237 13
208 216 11
222 269 11
265 260 12
275 220 11
321 304 13
336 278 10
347 405 13
389 293 11
482 572 12
558 472 10
658 676 11
678 759 11
809 742 12
873 957 13
905 891 12
915 861 11
972 929 12
977 886 12
1068 973 10
1 20 10
106 13 13
147 92 10
169 96 12
255 197 11
304 213 11
316 374 13
381 388 12
460 446 14
465 420 11
502 573 10
509 471 11
565 651 10
577 551 10
604 562 12
636 653 12
677 724 11
690 652 12
701 731 13
747 833 12
776 808 14
779 778 10
804 831 11
833 852 10
910 941 11
56 114 11
90 97 12
98 152 12
103 179 14
215 217 13
226 247 10
232 217 14
263 302 13
379 329 11
393 350 13
414 463 13
431 339 10
457 538 14
512 573 13
576 593 12
588 563 11
705 787 11
709 714 13
752 675 11
772 770 11
780 680 13
807 778 10
815 890 11
847 799 13
906 938 12
1 8 12
136 134 14
145 143 12
207 204 14
209 187 13
257 257 13
276 188 11
288 326 11
314 256 14
332 413 13
350 437 11
397 469 13
454 408 13
513 517 13
556 617 10
699 755 14
712 763 10
797 733 11
804 889 12
822 895 14
833 775 11
914 960 11
956 939 11
1032 971 13
1077 989 14
