200 20 485660
10 54 157
10 108 218
10 143 247
10 101 216
10 117 154
10 84 176
10 53 150
10 136 204
10 101 209
10 104 167
10 76 202
10 143 231
10 87 177
10 102 198
10 106 153
10 143 164
10 65 250
10 144 215
10 136 195
10 144 178
621 1322 30
2238 2608 25
3238 2807 32
3397 4206 27
3942 3991 29
5962 5364 30
6131 6162 27
7699 8189 25
8685 9468 33
9710 8792 33
1321 512 26
1883 2830 26
2352 2744 26
3081 3863 27
3900 3222 31
4304 3951 25
4490 4910 31
4955 5181 25
8673 8812 28
8957 8368 31
188 351 29
917 1042 28
1554 1251 28
2958 3265 33
4824 3906 26
5255 5667 33
5435 5428 33
5804 4913 28
6784 6657 29
7442 6851 32
1 53 28
1 84 27
923 970 28
1175 1664 32
1360 2073 31
1927 958 25
3945 3897 28
5012 4536 26
7687 8595 30
10181 9579 32
1 370 33
161 361 33
1804 939 31
1833 1145 24
2194 1866 25
4573 5116 31
5155 5873 25
6845 7439 24
8137 7909 33
9223 9967 31
886 60 31
1465 1011 24
4031 3071 26
4860 4393 33
4959 4636 26
5140 4504 25
6297 6244 30
8418 8738 25
10161 9802 32
10536 9646 25
309 360 26
916 1705 33
956 1606 33
1998 1561 30
3231 2407 33
3253 3940 27
4999 4867 27
6491 5679 29
8772 9651 32
9184 9357 33
81 252 28
593 1039 31
1053 155 25
1865 2307 27
3315 3101 27
3768 3814 30
4999 4050 25
5068 5257 29
5235 5367 30
6070 6382 24
1 440 32
215 889 31
791 321 29
2287 2062 27
2446 2463 26
3652 3466 24
4848 4209 32
6670 6643 25
8909 8813 29
9036 8073 33
975 272 32
2618 3238 25
2635 3249 32
3284 4223 28
3329 3242 28
4273 5197 28
4764 4186 32
7452 7428 32
8506 9280 29
8882 9531 28
4813 4421 33
4887 5828 33
5055 5155 29
6714 6841 31
6812 6934 27
6911 7339 33
7307 7659 28
7740 7008 30
7965 7546 29
9410 8629 31
952 246 24
1651 1047 33
2527 2366 30
2876 2549 26
3176 2337 30
5169 4564 33
6065 5743 24
6782 7471 32
7108 8096 25
9928 9093 26
163 843 26
1360 2257 33
2903 2530 26
3714 3760 24
4794 5687 26
6447 6623 33
7185 7503 29
7293 8290 32
7522 8243 28
8826 8129 24
767 1334 26
1003 1391 30
2368 2200 24
2478 3467 32
2925 2199 25
5256 5657 25
5495 5688 26
6344 6009 27
8431 8051 26
8973 8402 30
893 284 25
2833 2994 32
4326 3671 25
5407 5827 31
5566 5281 29
7955 8950 27
8009 8888 24
8697 9402 33
10048 9443 28
10642 9754 26
171 42 30
426 22 27
1392 589 32
7158 6311 30
7602 7023 32
8282 7645 28
8396 7806 30
9743 8800 26
10023 9164 30
10063 9732 27
952 59 26
1299 1539 28
3427 2668 26
3455 3857 33
3552 3804 24
5909 6430 31
6360 6252 29
7242 8008 26
7549 8207 26
7779 8723 24
316 224 33
481 1086 32
2571 2816 26
3140 2241 33
3534 4120 28
4414 5283 28
4614 4869 31
5074 5397 28
7993 8090 32
8419 7984 33
953 53 26
1893 1636 27
4191 3726 32
4903 4898 28
6387 6275 33
6441 6799 29
6944 6528 31
6980 6822 28
7297 6674 24
7538 6716 26
1991 2091 31
2299 2632 29
2351 2059 33
2849 3663 27
4394 4552 26
5666 5379 25
7100 6194 33
7558 7169 29
7757 7035 29
8582 7768 31
