1000 100 2350720
10 134 202
10 94 194
10 68 211
10 72 150
10 73 192
10 69 164
10 85 203
10 111 178
10 109 221
10 67 181
10 65 205
10 130 243
10 72 223
10 56 240
10 114 218
10 128 152
10 85 228
10 51 177
10 80 169
10 109 187
10 125 234
10 121 195
10 108 205
10 110 233
10 120 237
10 53 173
10 52 206
10 108 208
10 145 195
10 89 167
10 82 187
10 56 249
10 94 218
10 88 191
10 126 220
10 104 212
10 88 245
10 127 216
10 65 179
10 55 246
10 126 208
10 150 166
10 108 161
10 55 158
10 59 227
10 88 218
10 63 156
10 101 158
10 133 194
10 101 205
10 127 190
10 66 168
10 122 242
10 84 166
10 68 195
10 134 165
10 117 162
10 110 228
10 113 244
10 78 234
10 105 174
10 118 180
10 137 247
10 112 193
10 61 154
10 150 228
10 116 187
10 51 179
10 67 199
10 146 174
10 69 217
10 72 233
10 128 158
10 79 243
10 57 154
10 66 237
10 113 200
10 130 214
10 91 220
10 55 191
10 80 243
10 104 167
10 104 160
10 79 215
10 91 210
10 68 206
10 62 250
10 58 185
10 114 188
10 89 211
10 51 220
10 131 172
10 141 159
10 51 219
10 108 174
10 51 214
10 62 212
10 106 228
10 82 247
10 135 188
449 194 27
842 85 34
1103 1155 28
1323 465 27
2374 2534 31
4689 5086 35
4839 3845 27
7461 7772 34
7934 8794 29
10485 9514 31
1362 1060 27
2197 2545 36
2517 2637 28
3641 3244 33
5027 5845 31
5203 5883 28
5707 5766 35
7576 6671 34
7796 8752 28
9514 8860 26
425 6 29
1161 209 25
1867 2742 31
2346 1757 32
3891 4819 34
4302 4578 29
4346 4610 26
7346 6861 26
7561 7133 27
10518 9770 26
1307 1561 33
2130 1718 28
2475 2838 30
2936 2897 34
3710 3086 35
4270 4142 28
4714 5512 32
7360 8293 34
8124 9048 26
9403 9735 25
1 111 36
4321 4776 25
4507 3631 30
5131 4489 28
5279 6254 28
8038 9026 36
8633 8863 32
9131 9745 27
9386 9757 33
9679 9957 32
1 65 28
674 1651 30
1089 1632 27
1689 1801 29
2039 2477 25
2444 1782 33
2463 2965 34
4339 3869 26
7162 7152 35
7812 6820 26
1 254 28
301 641 29
498 944 34
1347 618 31
4840 3933 27
5524 5091 33
5748 5231 34
8093 8640 30
8094 7810 29
9034 9380 30
943 111 28
2354 1843 30
2850 2047 31
4040 3124 26
5321 5088 32
5576 5818 34
6047 5742 30
8183 8785 26
8225 8755 31
8444 9440 31
664 1413 26
689 104 30
1020 1123 28
1271 1490 29
2081 2501 27
2262 2536 28
3061 4025 34
3377 2493 30
3515 2840 32
7703 7067 26
1135 1171 26
2857 1967 28
2958 2599 30
5070 5112 28
5755 4889 25
6749 5823 32
7078 6953 33
7441 7088 27
7804 7412 29
9091 9935 26
588 213 27
1412 714 34
2657 3146 35
5201 4478 26
7216 7481 28
7899 6918 34
7954 8151 35
8264 7472 31
9364 9843 28
10109 9830 31
423 338 33
2682 2668 30
4048 4104 27
5286 6227 27
7482 8176 29
7618 8494 27
7799 8211 29
8796 7842 31
9824 9524 35
9825 9288 27
835 389 29
1210 1517 25
1338 528 25
1641 1006 33
3659 2930 34
4245 4399 31
6510 5972 30
7501 7400 33
7532 8225 31
8582 8870 27
1 113 34
112 651 29
2451 1467 34
3218 2300 26
4163 3403 30
5761 6222 31
6920 7841 25
7369 7896 28
8787 8405 36
9118 9151 28
671 779 35
1351 960 32
2547 2154 34
3350 3978 32
5453 5455 26
5537 5136 31
7558 6702 28
8768 9579 35
10010 9675 29
10708 9836 30
42 753 26
3263 3748 30
4035 3217 32
4276 4926 28
6447 6422 26
7174 6261 27
8008 8293 27
8438 9192 36
8901 8256 31
8901 9440 34
487 24 31
938 1536 27
3568 3201 33
5367 5369 31
6089 6870 32
7324 7883 30
8038 8425 27
8486 8655 30
8552 7858 28
8684 7833 28
1536 1989 31
2075 2096 33
2077 2841 35
2785 3007 26
3852 4806 32
7291 8044 30
8023 7185 32
8672 9012 26
9870 9538 32
10115 9673 26
1032 1218 27
1077 839 31
1847 945 30
2107 1205 32
3310 4054 36
3450 3183 27
5083 4574 27
6341 7109 35
7557 8273 29
8935 9044 32
1 68 34
1854 1349 31
2584 2499 33
3691 3908 34
3750 3778 26
3752 2817 26
3981 4421 36
4871 4849 27
5690 6642 35
5773 5756 31
1646 1815 35
1729 1602 29
3280 3806 29
3714 3095 35
3856 4570 34
4374 5197 34
5773 5371 35
6697 6602 31
8044 7620 28
9582 9791 32
139 200 33
1538 607 27
1596 2533 26
2983 3092 28
4460 3916 25
4710 3903 33
5701 5815 34
5883 6810 28
7320 6605 30
8730 9190 33
915 1052 30
1380 1983 34
1384 2380 31
2885 3637 35
3361 3099 33
3594 3163 27
4019 4841 30
7419 7985 25
7895 6991 29
8591 9090 34
1371 1898 32
1648 1944 31
3193 4038 25
3299 3910 33
3309 2753 33
3974 2986 27
4307 4201 32
5467 5500 28
5530 5189 29
6627 6948 29
801 1758 31
1138 1097 28
1775 1848 31
1796 1914 26
4260 4118 35
5196 4519 29
5988 6642 25
6021 5169 25
6681 7339 26
7958 7371 34
2237 1360 29
2677 1866 34
2965 3796 30
4514 5306 33
4672 4051 35
4740 5530 35
5939 6426 28
6729 7405 31
7687 6842 32
9776 9671 26
297 695 26
1068 2000 33
1342 1500 34
3549 4532 34
3564 3502 31
3912 3467 32
4343 3617 29
4886 4223 31
7749 7212 29
7888 7844 35
1 380 35
377 272 29
1519 687 35
2309 2885 36
2564 2951 27
3271 2743 31
5539 5180 26
7083 6377 32
7657 7129 35
8329 8773 29
654 1337 32
719 814 26
1049 258 34
1203 1497 30
2410 1733 27
2934 2942 35
3333 2890 33
4109 4142 32
8829 8956 34
9192 8273 26
76 826 26
934 555 34
3175 2271 29
3207 4025 26
6147 5704 32
6724 6115 28
7873 7014 34
8491 8160 30
8602 8499 28
8895 8863 33
1 34 30
177 870 29
730 1196 29
2438 2823 33
3418 2673 26
4140 3841 30
5792 5456 29
6765 7334 31
7131 6672 28
9091 8929 26
1521 1620 26
3049 3043 35
4095 4177 34
6763 5927 34
6974 6344 27
8369 8659 33
8676 7745 30
9118 9254 34
9170 8523 35
10461 9798 25
653 1063 28
1151 2125 26
2827 3735 25
3467 2501 32
6423 7024 34
7219 6305 32
7890 8586 30
8282 7621 32
8640 7811 34
8840 8268 29
1344 1873 32
1538 1554 26
3477 4396 31
3662 3085 25
3961 3660 33
4456 3513 31
4829 5091 34
8552 8167 34
9093 9280 26
9709 9463 25
917 252 31
2369 1974 32
2448 2900 36
2966 2673 28
3890 4220 26
4999 5451 28
5069 5368 34
7070 6431 32
7432 8307 33
9739 9870 27
1351 1116 32
1376 1758 33
2737 2205 34
3714 3480 29
4730 4766 32
4942 5644 27
5279 5397 36
5623 6044 33
8109 8251 35
9584 8693 35
1897 2857 28
2507 1606 25
5268 4540 34
5937 6448 34
8100 8884 33
8104 7527 35
9047 8606 31
9053 8593 30
9483 8670 29
9573 9426 30
1234 935 29
1979 1107 27
3247 3469 34
3648 3035 31
5886 5521 35
6992 7825 25
7204 7912 29
7321 7743 34
8008 8107 34
8504 9347 26
3214 3708 26
4050 3914 33
4164 4272 31
4907 5254 27
5048 5561 28
5261 5841 34
5321 5853 28
8781 9225 31
9823 9245 26
10015 9290 29
1275 1730 35
1646 1777 35
2810 2120 27
3015 3660 30
4511 5433 28
6272 6401 31
6887 7829 31
7351 6968 26
8640 8299 31
9625 9503 34
404 1118 33
1219 1202 33
2990 2573 29
4052 3074 26
5175 5413 25
5629 5868 34
7303 7889 26
7438 7813 28
9673 9647 27
9989 9187 30
131 250 30
941 1790 30
1557 1650 26
1564 1315 29
1598 2125 26
5063 5772 32
5811 5872 28
8142 7696 27
8193 8084 35
8357 7980 34
366 1296 34
1263 1394 27
2254 2529 31
4713 5404 31
4996 5082 35
5147 5014 30
5625 5836 33
6077 6557 29
8521 9226 35
9153 9377 33
1 868 32
589 1243 30
844 1757 26
4637 4182 30
4776 4847 32
5848 6218 34
7116 7611 29
7967 6991 29
8200 8859 33
10152 9707 27
339 929 35
2855 1905 27
5056 4989 36
5086 4968 35
6095 6809 36
6153 6369 35
7563 8123 25
7654 8202 35
8922 9419 25
8983 9698 31
1 57 30
1 640 34
1638 777 29
1677 1023 27
2130 2791 29
2490 3187 29
6410 7158 34
6467 6030 35
6699 6625 35
8012 7630 35
9 921 27
1412 806 35
1682 1121 25
2705 3303 28
3286 2975 32
4818 4022 29
6835 5899 34
8933 9537 27
8972 9140 34
9748 9736 26
1125 923 32
1201 955 33
2214 3105 36
3056 2407 34
3674 3874 35
4152 4237 33
5511 4835 30
7282 7001 36
7648 7546 34
9498 9087 30
1 144 32
1623 1060 35
1698 2576 30
1967 2211 31
1981 2621 30
2545 2011 30
4957 3991 32
6061 5882 32
7540 8271 27
8342 8088 31
2114 2569 31
2178 2928 29
2417 1595 27
3153 3436 27
3746 4375 33
4029 4584 30
5495 5102 30
6397 6755 26
6617 6661 35
6958 7121 30
1 10 34
1348 497 26
2138 2579 27
2718 2509 29
2757 2422 36
6005 6263 34
6906 7356 32
7371 6480 28
8483 7545 30
9878 9273 32
1279 2191 33
1288 1199 30
2468 1476 34
2958 3268 31
4374 4751 31
6427 6418 31
6802 5809 30
7032 7237 35
8729 9664 34
9296 9092 28
1 162 32
636 1549 34
1302 665 32
3498 3435 34
5967 5641 27
6526 6724 29
6688 7128 29
7726 8586 29
9431 8880 35
10467 9820 27
1 179 26
1234 1024 29
1369 1109 31
1854 930 31
1944 2444 32
2759 2524 35
3092 3433 35
4641 3749 30
7662 7011 25
8178 7405 31
1 58 26
255 400 30
3100 3705 31
4325 4875 32
5657 6332 27
7169 7476 26
7636 6776 34
8539 8673 36
9457 9411 34
9902 8916 28
1617 2316 34
2244 3218 29
2459 3085 32
3476 2827 34
4467 4599 35
6127 5794 30
6601 7356 25
6615 5692 34
7381 8241 33
8416 7517 31
311 947 30
899 1816 30
909 12 30
1745 2016 29
1758 2020 27
1894 2432 29
7044 6938 27
8189 8737 27
8278 8279 30
8690 8199 36
1719 2625 35
2356 1914 35
2589 2835 30
3318 3809 35
3576 4281 27
4203 3779 31
6080 5201 35
6540 6341 32
9368 8368 26
9463 9575 34
1 391 27
2379 2270 28
2659 2190 34
3170 3294 32
3986 3672 34
6139 5321 32
7033 6419 29
7290 7170 29
8011 7908 31
8171 9089 29
626 1405 32
1977 2466 34
3045 3032 30
3167 3777 27
4573 4566 28
5398 4861 32
5412 4546 36
8541 7585 30
9332 9196 29
10276 9923 32
20 678 32
2492 2745 35
5342 5592 31
5995 6663 33
6173 6919 35
7190 7745 26
7785 7665 29
7797 7024 29
9759 9778 35
10366 9883 26
1474 882 32
2225 1460 31
3520 2673 29
5961 6812 33
6359 6194 28
6798 6140 34
6906 7405 29
8284 8042 31
9422 8951 32
9639 9236 35
1 195 31
1 817 33
620 299 28
2724 1972 31
3676 3785 33
4507 5365 28
6342 6750 34
6382 6346 30
8001 8980 34
9843 9045 36
1 421 27
450 545 33
1169 413 26
3077 2736 25
6697 6947 35
6879 7497 35
7267 8035 29
7304 8224 31
8261 9136 32
9525 8718 29
752 66 28
1667 1685 28
2458 2037 36
4438 4927 33
4609 4899 35
5485 4529 25
5858 5009 27
8598 8056 28
8715 7810 34
8783 8663 34
1108 868 33
1243 1498 29
1455 2319 34
3324 3230 28
3587 2749 28
4853 4860 35
5040 4808 29
7799 8502 29
9473 8995 33
10841 9878 27
1 136 26
2712 3032 34
3968 3098 36
4019 3219 35
4226 4167 27
6200 5632 31
6485 6565 25
6526 6132 29
6562 7363 28
8531 8559 25
554 536 34
2475 3012 27
2554 2927 30
3843 4429 29
6015 5202 30
6625 7368 30
6799 6014 27
7495 8405 25
8008 8394 31
9261 9868 35
453 209 32
1919 2776 30
4259 3369 30
4377 4034 30
4950 4551 32
5589 5954 36
6961 7710 32
7263 6421 34
9547 9622 27
9663 8793 28
700 412 33
1312 2115 27
1749 914 32
1928 1036 29
6107 6576 35
7784 8291 34
8260 8584 33
8317 8897 35
9129 8468 34
10627 9640 32
489 627 34
957 1075 33
1694 952 31
1844 1985 26
2352 1656 28
4140 4782 26
4376 4366 31
6313 6866 25
7626 7036 28
9465 9139 25
1 2 29
2214 2335 30
2700 2368 32
4758 5501 29
5076 5668 30
5159 4927 29
7474 6673 27
8155 8505 26
9240 8842 28
9673 9937 31
1195 772 35
2113 2011 27
3145 2461 31
3147 3286 34
5114 5931 31
5428 5594 27
6083 6157 30
6258 6867 34
6372 7249 27
7639 7228 28
1979 2058 32
2327 1468 31
2450 3386 35
2910 2696 26
3097 3873 33
4366 3706 29
5204 5297 28
5986 6697 33
7426 6764 27
8295 7582 32
2737 2826 29
3382 4023 33
3772 4104 26
4782 4156 35
4986 4944 30
5423 6098 30
7150 7824 28
7974 7372 29
9583 8675 32
10418 9584 29
1 273 33
1 710 35
722 568 28
2667 2653 28
4772 5407 33
6550 6875 27
7837 7264 31
8161 8116 35
8940 8366 25
9555 8792 26
2408 1968 29
2630 3259 27
3088 2801 34
4914 4186 31
5828 5930 35
7656 8095 28
8018 7824 32
8172 8426 27
8211 7957 34
10225 9548 28
721 1169 27
1751 2604 30
2211 1856 28
2375 2042 27
3473 3381 29
5205 4692 32
5265 5146 33
6728 6020 31
6945 6383 35
8932 8705 31
322 222 33
556 932 28
978 260 35
3623 2740 31
4125 3948 30
5490 4750 32
5794 6275 28
6632 7177 31
9362 9253 31
10070 9260 26
57 309 35
1362 1736 31
1900 2348 29
2370 3063 31
4012 3282 36
4488 4847 25
6502 7119 29
6626 7573 34
7225 7040 28
7525 7703 34
478 482 35
2322 2497 29
4613 5307 27
4708 5370 33
5477 5034 26
6559 6942 27
7497 7821 33
7765 7292 34
8444 7721 28
8531 8717 31
1 105 29
757 1634 25
1415 1357 34
1521 911 34
1960 2781 36
2629 2090 29
3026 3834 35
7231 7014 29
7575 8518 29
7577 7177 32
169 455 35
647 944 35
859 155 26
2853 2181 34
4600 4607 35
6002 5420 27
6191 6199 32
7665 8269 34
8382 8709 27
10073 9367 26
1040 881 27
1220 421 29
1622 885 32
2833 3046 35
3754 3629 32
4105 4570 33
4878 5237 34
7020 7175 33
8293 8330 27
8357 7905 31
230 651 35
845 792 29
2024 2636 36
4317 3395 30
5565 6496 29
6401 5967 32
8752 7782 27
8840 8635 32
9173 8980 35
9475 8894 29
111 633 26
413 279 26
1097 784 27
1354 2124 29
1526 1101 30
3891 3135 32
4318 3395 27
5499 4567 27
8416 8483 29
8657 8735 27
301 397 30
394 286 34
1268 467 33
2168 2887 25
3695 3755 29
4355 4223 29
5553 5493 34
5603 6040 34
6348 5587 27
8504 9401 35
439 371 32
4591 4802 32
4939 5025 35
5608 5166 35
6920 5980 26
7061 6959 35
7396 6988 32
7639 8596 36
7645 7183 27
10061 9545 27
1 90 34
237 393 32
1220 829 29
1304 470 31
2612 2939 30
4507 4893 26
4752 4864 30
5470 4697 29
7361 8035 28
9592 9614 31
1 159 30
385 735 29
855 113 35
1500 1342 31
1741 756 34
2955 2464 29
3102 2770 31
5033 5912 31
5076 4788 32
7845 8730 31
2625 3529 27
4429 5412 25
4716 4229 35
4787 5361 32
5172 4822 30
6930 6325 27
7178 6754 31
8239 7663 36
9070 9948 30
9377 9682 33
388 354 29
2160 1267 33
3637 3920 31
5963 5767 32
6007 5129 28
7544 6676 28
7547 7179 32
7711 8285 30
8064 7266 35
8882 8688 32
1217 348 27
3831 3266 29
3936 3004 30
3978 4517 33
4466 5394 30
6031 5762 28
6778 7381 34
7282 7804 35
9244 8371 29
10459 9550 27
507 1441 29
4198 3781 26
4614 5549 31
4628 3629 32
5515 4700 34
5694 5771 28
6480 6670 32
7309 6992 25
7910 8570 29
8666 8440 30
575 508 35
926 1300 26
1850 2031 27
2416 2461 31
4439 4594 28
5410 5727 28
5798 5877 32
6293 7264 32
6819 6711 26
9286 8882 28
2981 2675 26
3741 4459 34
4784 3937 27
5555 6475 28
6423 6934 33
6724 5965 30
8326 7745 26
8469 8500 30
9094 8401 28
9952 9606 35
1 733 27
1157 1625 33
1861 1804 32
2829 1891 36
3380 2975 26
3751 3460 34
4758 5381 25
5978 6449 29
6156 5227 31
9211 8284 31
839 515 27
2324 2855 29
4782 4192 28
5959 6891 31
5993 5381 35
6480 5592 36
6543 6547 31
8736 8968 33
10079 9579 33
10165 9931 27
140 997 30
1464 2211 32
1757 1384 31
2278 1742 34
2807 3575 26
3290 4149 26
3591 3833 27
6487 6777 32
7885 8211 34
8792 9464 29
1 491 33
1 793 34
1611 2273 26
2001 2488 31
2287 2106 28
3022 2224 28
3272 4257 33
3353 2548 32
6980 6414 34
9533 9319 30
