50 20 130771
3 58 213
3 67 218
3 110 189
3 142 211
3 130 246
3 78 246
3 87 186
3 60 246
3 144 208
3 111 228
2 127 218
2 54 152
2 68 154
2 149 166
2 62 250
2 69 181
2 76 225
2 132 172
2 120 222
2 140 237
6492 5649 99
7184 7488 89
7568 6615 84
2083 2013 87
6127 5935 105
9476 9471 83
1550 2195 91
4472 5078 111
8000 8180 100
1383 1527 88
2499 2499 105
3880 2923 98
2048 1473 104
7378 8181 84
7721 7597 93
2931 3625 88
4094 4548 90
7112 7651 97
410 130 90
2326 2460 106
6045 5435 106
1903 1389 84
5715 5058 109
8486 8639 107
132 142 96
6817 6773 112
8306 8749 97
5398 4682 107
8564 8283 97
9654 9938 90
3640 3460 160
4713 3781 160
3372 3176 152
7284 6680 126
7629 6657 154
8078 7240 154
5743 6451 148
6767 6454 165
5568 5906 125
7591 7731 152
1856 2563 154
2193 2081 172
3583 2640 165
6361 5787 132
8391 8610 126
8508 7992 155
834 609 169
7112 7112 156
1183 1582 144
8108 8141 128
