2000 100 4915812
20 121 224
20 114 181
20 125 221
20 124 190
20 124 224
20 51 215
20 85 243
20 120 156
20 103 150
20 104 205
20 71 156
20 66 208
20 129 234
20 115 221
20 113 244
20 85 211
20 95 240
20 65 226
20 123 222
20 130 165
20 74 225
20 136 150
20 71 247
20 144 232
20 112 220
20 137 185
20 84 230
20 69 201
20 103 226
20 87 227
20 56 156
20 69 215
20 79 180
20 77 187
20 146 244
20 73 244
20 148 155
20 133 178
20 84 184
20 129 155
20 140 196
20 74 240
20 58 178
20 85 231
20 68 203
20 150 250
20 55 174
20 75 250
20 131 236
20 133 211
20 61 238
20 150 247
20 108 183
20 73 193
20 77 196
20 74 212
20 111 218
20 122 225
20 132 244
20 63 249
20 72 219
20 75 242
20 76 216
20 141 180
20 139 241
20 73 197
20 81 242
20 69 153
20 65 153
20 86 158
20 63 235
20 59 161
20 92 210
20 115 184
20 96 243
20 112 164
20 84 246
20 134 176
20 83 165
20 76 224
20 72 181
20 100 157
20 74 204
20 76 166
20 124 233
20 87 244
20 68 195
20 62 157
20 109 226
20 149 207
20 135 208
20 67 249
20 50 250
20 150 151
20 143 217
20 88 226
20 52 181
20 110 171
20 104 237
20 148 222
1 688 16
1259 1624 16
1630 687 16
1823 1905 17
2793 2178 16
2849 3842 15
2988 3758 14
3308 2597 14
4062 5034 13
4548 5004 14
4779 4183 16
4823 4016 12
5199 4435 15
5233 5223 17
6862 7284 13
7027 6500 17
7363 6831 13
7786 7397 13
8624 8606 16
10110 9765 13
825 527 17
1468 2016 16
2214 1806 12
2880 2501 17
3527 3789 16
3626 3437 13
4024 4971 15
4186 4697 15
4365 3418 15
4838 3908 15
5175 5214 15
5302 5867 13
5497 6377 17
6242 6019 12
7390 6864 17
7775 7197 14
7873 7112 17
8213 7669 14
8823 9302 13
9225 9934 17
395 972 14
1002 722 17
1027 479 13
1138 1754 13
1327 566 16
2305 3168 13
2869 2831 14
3829 3295 13
3924 3303 17
3950 4899 16
4339 4911 17
5378 5493 16
7653 6787 15
8088 8726 16
8695 9354 12
8986 9927 13
9351 9345 15
9508 9897 14
9761 9526 16
10585 9603 15
1 472 16
127 501 12
251 926 16
479 1273 13
622 1346 16
1308 448 16
1488 1527 16
1489 1505 15
2247 2171 17
2473 2002 13
4628 5489 17
4891 5052 14
4995 4176 12
7605 8234 13
7892 8451 15
8857 8780 12
8984 9847 15
9845 8856 15
10089 9991 13
10515 9686 16
404 195 14
1742 1656 13
2841 3336 16
3395 4065 15
3444 4082 16
3948 4033 17
4011 3202 12
4103 3224 15
4237 4146 15
4292 3706 15
4785 5341 13
4834 4813 16
5172 4813 12
5441 6428 13
5982 6650 15
6035 6810 14
6901 7606 13
7986 8417 16
9307 9880 13
9358 8748 15
738 721 16
1635 1392 15
2026 1342 13
2075 2724 15
2222 2070 16
2442 2895 13
2871 2214 14
3832 3754 17
4658 5009 12
5276 5232 14
5657 5021 16
6938 7814 13
7577 6750 15
8330 9188 15
8347 8195 17
8681 8672 15
8894 8044 17
9138 8548 15
9554 8685 12
9644 9286 12
1292 1009 13
1480 639 15
1590 1669 13
1732 955 15
2381 3210 12
2413 1951 14
2500 3438 15
3807 3726 13
4471 5459 17
4820 5292 17
5293 5886 15
6497 6232 13
6525 7024 15
6573 7135 14
7272 6633 14
8197 8052 16
9225 8640 12
9617 9924 13
9942 9406 17
10727 9910 15
1 223 15
789 1578 17
1871 963 13
2259 2557 13
2265 2243 15
3681 4154 16
4137 3928 15
4184 4084 15
5249 4878 12
5333 5334 17
6014 5618 15
6112 6162 15
6279 7200 14
7566 6760 12
8226 8732 15
8632 9511 16
9242 8813 13
9320 9183 14
9493 9408 16
10250 9777 12
415 255 14
443 418 17
1367 1530 13
1561 2008 16
2484 2719 12
2609 2858 14
2742 1788 12
2946 2094 13
3225 3499 14
3361 4187 12
4598 5170 13
5453 4795 13
6364 5827 16
6524 7156 16
6940 7726 15
7528 7686 17
8274 8719 13
8368 7998 17
8410 8862 14
9412 8528 14
213 161 13
498 252 16
1131 779 17
1319 2302 17
1779 2501 17
2312 2570 13
2368 1776 13
3492 3677 16
3511 3544 13
4340 4988 16
4642 5479 17
4893 4981 15
6620 6220 14
6996 7557 16
7324 7113 16
8263 7406 17
8906 7927 16
9070 8987 13
9555 8574 15
10051 9398 15
46 302 13
57 123 16
1082 1673 16
1801 2298 17
2159 2503 13
2407 2041 15
2507 2822 14
3032 3244 14
3347 4261 12
4086 4666 15
5118 5834 15
5313 4357 13
5538 4782 16
6915 7538 16
7194 8104 17
7952 8690 17
8408 8460 16
8918 8027 14
9160 9306 13
10312 9885 16
1508 1357 13
1567 714 17
2522 3242 13
3351 4229 15
3527 4294 14
3951 4840 17
4664 5480 14
4697 5436 13
5064 4422 14
5759 6018 17
6135 5982 12
6189 5361 17
6747 6072 16
6899 7098 17
7453 7812 17
7592 7620 14
7768 8517 14
8228 7405 17
8900 8186 15
9156 9984 15
1 403 13
586 10 15
820 151 17
1553 1602 14
1796 2489 14
3213 3469 14
3559 3091 14
3951 4804 16
4430 3964 14
4552 4495 12
5262 4843 15
5713 6711 12
6786 6237 15
6991 6171 16
7344 6860 15
7621 6805 16
7697 7594 14
7969 8010 16
8125 8437 17
9684 9044 15
852 869 16
1090 2034 14
1192 2088 13
1969 2595 13
2372 3177 12
2638 2281 13
3330 3918 13
4950 5446 16
5433 5133 17
5491 6416 16
5514 5420 13
6124 6323 15
6988 7474 14
7012 7927 17
8045 7223 13
8215 8212 13
8276 9235 15
9091 9283 13
9250 9557 16
10837 9985 17
217 121 17
561 512 15
639 1040 15
1422 1696 13
1494 2002 12
1849 1435 17
2183 1628 17
4008 3671 14
4312 4815 13
4321 3450 13
4422 5384 12
4732 4967 13
4786 5210 13
4930 4939 17
5564 4771 17
6205 5674 13
6788 6364 17
6981 6842 17
7491 7229 14
9262 8973 15
160 188 14
1000 122 13
1833 1468 15
2192 2642 17
2496 2188 16
3333 2640 16
3433 4004 15
3520 4193 15
4390 3609 17
4607 5529 12
4777 4520 15
4800 4832 16
5386 4970 15
6291 5640 15
7246 6628 14
8027 7836 13
8459 7949 16
9457 9257 16
9730 9406 17
9823 9484 15
232 1100 16
488 1218 13
492 1297 15
1508 636 16
1617 2558 15
1624 1693 15
1698 2101 12
2452 1479 13
2694 3297 15
2911 3846 17
3028 3897 15
3037 2217 17
3668 4303 15
5152 5610 14
5636 6185 17
5663 5294 12
6373 6055 15
7692 6919 15
9147 8763 14
9718 9222 16
1 149 15
1 333 16
1353 1446 15
2364 2764 13
2955 3287 15
3041 2783 14
3642 4277 16
3934 4818 13
4360 4175 14
4885 5630 15
5117 4536 15
5832 6227 13
5876 6503 12
6251 5785 15
7002 7295 13
7840 7175 13
8053 8599 15
8406 7504 16
9359 9290 13
10693 9780 13
460 1096 13
1116 1305 17
1391 550 17
1407 786 16
2111 2810 14
2567 3503 13
2718 2878 13
3107 3346 15
3444 3681 14
3721 3039 17
3919 4040 15
4184 3947 15
4359 4210 13
5376 5461 14
6096 6545 16
7299 6628 14
7803 8461 14
9765 9569 12
9844 9279 13
10763 9844 16
1 479 17
1 493 15
144 283 17
875 773 16
2420 2365 16
2510 2558 12
3048 2452 12
3172 3409 13
3912 4089 14
4093 3530 14
4170 3916 13
4391 3694 17
5304 5068 17
7198 6441 16
7487 7355 15
7982 8623 17
8935 8819 15
9020 8638 16
9537 9381 14
9675 9853 17
341 102 16
680 206 14
955 1020 14
1377 698 13
1641 1172 14
1767 1236 15
2238 1455 17
2510 2472 15
2677 1798 16
3295 3038 15
3300 2878 14
3365 3705 17
4493 5359 13
7285 6944 12
7363 7805 12
8160 9076 16
8383 8676 14
9049 9978 16
9196 9789 12
9509 8709 14
1 247 16
420 1191 15
477 257 16
2366 2795 15
2607 2621 17
3109 2941 15
3875 4306 17
4149 3964 17
4962 5269 15
5343 4451 13
5812 6620 14
5966 6241 13
6093 5356 17
6253 6103 17
6302 6272 13
6658 5934 15
6950 7420 13
8233 7938 15
8463 8965 14
8569 8189 14
664 4 16
2188 2638 14
2352 1750 14
3240 4002 12
3613 4576 15
3937 3100 17
5200 4431 16
5403 5268 17
5967 6034 14
6434 6457 15
6679 6515 15
7416 6717 16
7499 8262 14
7684 7769 14
8076 8910 15
8581 9351 13
8825 8227 16
8835 8402 14
9554 8579 15
9968 9720 12
284 734 16
1049 194 14
1385 1017 17
1617 1086 14
1688 2084 13
1793 1182 14
2088 2562 15
2937 2451 16
3880 3503 16
4539 4228 14
4967 5809 13
5144 4957 14
7545 8041 16
7836 8112 14
8198 8351 14
8590 7868 14
8710 8259 12
8807 8035 13
9864 9203 14
10879 9977 17
1 389 12
479 1051 17
1154 1593 17
1512 683 14
2510 2777 16
2826 3675 16
2894 3226 15
3084 3540 14
3414 3323 13
3536 3018 13
4013 3666 14
4391 4439 16
4613 5041 14
5004 4364 13
5041 4054 13
5122 5880 15
6609 7179 16
7381 7898 15
7456 7041 16
7925 7985 17
840 879 13
1070 1398 14
1198 1730 12
3019 2565 14
3137 2926 16
3244 3379 15
3667 3385 12
3826 3798 16
4497 5320 13
5224 4455 16
5452 6395 17
6124 5557 15
6295 6982 13
6720 6295 17
6862 6846 15
9205 8507 13
9277 9400 14
9289 9823 17
9941 9242 12
9961 9912 16
1 527 14
964 341 13
1596 1797 14
1756 2321 14
3023 3355 16
3228 3724 13
4223 3239 15
4505 3900 14
5140 5256 16
5398 5218 17
5837 6318 16
6146 6277 15
6554 5640 14
6624 6735 17
7091 7303 17
8195 7605 13
8245 8605 15
8637 8713 15
9021 8959 13
9138 8701 12
1 63 14
1186 1705 14
3025 2172 14
3161 3979 13
3164 3131 17
3277 3331 14
3372 4012 16
4297 4051 16
4762 5022 13
5181 4955 16
5601 5572 15
5660 6430 15
5917 6913 15
7828 6910 15
7969 7122 17
8087 7423 17
8337 8368 13
8360 8943 16
8904 9771 16
9523 8605 13
632 365 17
723 1459 16
1641 1876 13
1711 1254 16
2157 3154 16
2597 2162 17
3034 2426 15
3296 4053 15
3699 2965 14
3919 3913 16
4510 3866 17
4605 3998 15
6735 7351 16
8040 8497 15
8098 7959 13
8265 8319 16
8770 8687 17
9183 9397 12
10474 9803 13
10676 9864 15
312 132 13
1291 2023 13
1429 489 13
1585 1429 14
2812 3411 13
2818 2839 17
3221 4011 15
3589 3494 14
4764 4522 15
4881 5343 17
4909 4927 16
5083 5021 16
5356 4499 13
5821 5770 13
5990 5723 16
6242 6869 16
8029 8498 16
8541 8609 13
8724 9050 13
8837 9096 16
1 17 16
1193 1519 15
2202 1411 14
2738 3725 15
2834 2710 15
2904 3820 13
3038 2983 15
3434 3731 13
3771 3665 13
4228 4634 13
5488 4780 15
6072 5232 16
6856 6902 16
7633 8236 15
7844 8315 12
7893 7993 14
8466 8066 16
8656 9428 13
9142 8300 16
9549 8671 16
825 1447 17
835 938 14
1142 328 15
1471 745 12
1933 1495 13
2643 3440 15
3403 2876 15
4253 4026 13
4507 3558 12
4786 3896 13
5286 4346 15
5436 5302 13
5734 5932 14
5934 6618 15
6097 5882 13
6244 6236 17
6664 5836 15
8750 8962 17
8815 7941 13
9160 9114 13
1 443 17
1 841 15
129 5 14
892 801 17
1006 1204 15
1616 717 12
2301 3069 13
3557 4365 15
3568 3245 15
5115 4659 13
5244 6061 15
5316 5728 13
6160 6255 14
6362 5906 13
6566 7402 16
6706 6057 13
6728 6143 15
7094 7368 13
8472 9391 14
8734 8073 15
42 196 13
951 290 16
2416 2147 15
2644 3137 12
2802 2139 14
2823 2613 13
3383 2697 16
4791 4920 14
4908 4727 17
5428 6398 13
6096 7056 13
6198 6498 13
6808 7257 15
7895 7650 12
8057 9020 15
8440 7674 13
8940 9940 16
9049 8866 14
9737 9483 13
9876 9539 13
624 210 16
1166 1638 12
1200 669 13
1204 1077 14
1407 1076 13
2331 1590 17
3048 3106 16
3121 2382 17
3307 2463 12
3463 3266 15
3527 4087 15
4740 3974 12
4748 4975 15
5353 5571 17
5976 6561 13
7525 8201 13
7622 7389 14
7863 6948 14
9237 8532 14
9983 9727 12
1 18 13
898 929 16
2087 2943 15
2975 2507 15
3046 2076 16
3233 3587 16
4119 3196 15
4839 4286 14
4987 4521 16
5126 6106 16
6185 7116 15
6219 6331 17
6725 7493 14
6810 6829 17
7230 7210 13
7561 6641 13
7721 8030 12
8558 8540 14
8643 9130 14
9015 8701 16
1 231 17
673 1285 16
993 1607 16
1120 1423 15
1211 1428 16
1462 988 15
1600 1495 16
1789 948 14
3121 2171 14
3848 4065 13
3889 3822 12
4185 4948 13
5201 5525 16
5239 4885 13
5292 6077 15
5304 5104 14
6219 6652 17
7225 6751 15
8467 7944 16
9508 9587 16
148 35 12
849 385 16
1666 1483 15
1948 1346 15
2490 3020 12
2539 2001 13
2600 1720 14
3057 2612 12
3481 3375 12
3937 3281 15
5659 5602 15
5688 6645 14
6126 5658 14
6193 5747 17
8206 9167 14
8383 9237 13
8705 8359 13
8940 9834 14
9303 8686 13
9549 9462 15
437 468 16
2006 2714 17
2414 1743 14
2451 2965 15
3766 3721 15
3958 3323 12
4359 4483 13
4575 5220 12
4999 5011 15
5496 5084 14
6267 6216 14
6494 7426 17
6604 5992 17
6891 6631 13
6999 6231 15
7547 8449 16
8417 8875 13
8432 8872 14
8657 8448 17
10248 9746 16
1 150 14
1268 2038 15
1879 1130 15
2464 3228 15
4199 5193 17
5208 4530 17
5255 5749 13
6233 6567 15
6408 5896 15
6662 7572 12
6897 6299 14
7616 8345 15
7695 7478 14
8138 7759 13
8468 8356 12
8729 9180 14
8855 9369 13
8893 8775 16
9454 8937 14
9985 9860 16
1 26 14
1 29 13
402 962 13
990 1614 16
1491 569 14
1915 2080 15
3399 4105 16
4354 4729 14
4763 4990 15
5301 4475 14
7051 6253 14
7163 6411 13
8003 7715 13
8047 8017 14
8582 7650 15
9003 8379 13
9219 9208 13
9225 9643 16
9388 8854 16
9856 9419 16
940 371 17
1155 1168 13
1729 950 14
2128 1483 16
2389 2808 16
2512 1900 14
2692 3306 16
2738 3720 15
2885 2245 13
3444 2679 14
4238 3900 13
4265 4909 13
4730 5328 17
4763 4770 16
4918 4741 16
5947 5653 17
7764 6854 12
8183 7185 13
8316 7565 13
8975 8372 14
1 41 16
1 593 15
245 243 13
1228 447 17
2341 1436 13
2543 3286 13
3109 3914 13
4622 5118 12
5001 5920 14
5402 4442 13
5883 5254 14
5953 6425 13
6313 6586 13
6563 7457 13
7346 7009 17
7392 8130 16
7485 6838 15
7597 7490 14
9191 8519 13
9448 8983 13
1268 883 15
1528 1151 17
2004 1444 16
3039 2060 17
3130 2457 13
3744 4437 14
4219 5039 15
5217 4303 14
5337 4425 16
5539 5596 15
5703 5688 15
6307 5716 13
6714 6849 12
7488 6570 13
7754 7954 15
8161 7493 15
8382 8187 16
8640 8947 14
9148 9150 13
9354 9409 13
1 287 16
1682 2213 13
2199 2482 15
2577 2668 13
3262 3912 13
3649 2709 17
3761 4559 14
3784 4689 17
3813 4132 17
5032 4949 13
5384 4491 12
6133 6115 15
6408 6459 16
7518 7868 16
7709 7616 17
8449 8226 15
8794 9258 13
9013 9225 13
9013 9663 15
9042 8246 16
111 914 15
490 1158 12
584 1187 13
1881 1146 14
2290 2373 15
3122 3508 16
3170 4023 13
3311 3291 15
3350 2700 16
4573 4146 17
4574 5110 12
6040 5824 13
6532 7370 16
6927 6063 15
7639 8237 14
8240 7342 16
8788 9417 12
8948 8057 15
9409 8758 14
9753 9515 14
1 233 13
833 1551 17
900 5 16
2251 1647 14
2575 2000 14
2941 2403 13
3078 2849 15
3813 3644 15
3940 4113 13
4736 5186 14
5542 5103 16
6552 5804 12
6731 6404 13
6895 7475 14
8738 9086 13
9195 9172 15
9462 9305 12
9637 9620 16
9894 9943 14
10651 9933 15
517 192 15
1007 61 15
1115 1181 16
1816 1915 14
2556 1950 14
4097 3395 15
5655 5401 16
6382 7181 16
6551 5917 16
6973 6966 13
7370 8363 15
7627 8280 13
8096 7448 16
8143 8157 17
8474 8435 16
8738 9513 14
8928 8749 17
8957 8825 13
9247 9324 17
9727 9535 16
1 859 14
1021 1800 13
1109 1926 15
1542 2488 16
2257 2311 15
2526 3014 16
4216 4026 12
4331 3722 13
4348 3866 13
4439 4569 14
5523 5159 16
5523 6172 15
6163 5845 13
6324 6514 13
7722 6746 13
7797 8290 13
7873 7836 15
8780 9303 13
9010 9536 14
9184 9044 14
1399 1559 16
1682 1278 16
2078 2841 15
2141 1862 14
2926 3255 15
2932 2931 12
4131 3342 16
4449 5109 16
4714 4474 16
5284 5009 13
5561 5546 15
5776 5044 17
6705 5911 13
6860 7593 15
7223 6431 16
8268 7438 14
8304 8466 15
9252 9952 13
9551 9563 16
9694 8849 16
1 343 14
550 1198 12
881 974 16
895 526 16
947 1451 12
1728 1951 16
2460 3065 15
3174 2262 13
3198 3090 15
4115 4335 15
4396 4825 12
4656 4705 14
5631 5924 12
5842 5667 14
6269 6645 17
7059 7935 13
8785 9270 13
8888 9219 17
9460 8587 13
10552 9873 16
1 138 14
732 683 17
963 918 14
1519 698 17
1658 1672 17
1685 1174 13
1751 2300 15
1946 1473 14
2126 1249 16
2913 3874 17
2921 2995 16
3961 4077 16
5188 5757 14
7020 6363 14
7337 7295 13
7663 7739 13
8739 8430 13
9215 8856 15
9362 8838 12
9477 8520 15
28 1006 17
623 1372 13
958 78 13
1125 1181 14
3239 2577 12
3397 3167 15
3470 4321 12
3500 2632 12
3679 3139 13
3805 4700 15
4166 4083 15
4350 4319 14
4647 3973 17
4903 4386 17
5404 6171 12
5693 5001 15
6151 6469 14
6667 6979 16
8359 8104 16
10093 9483 17
526 187 16
1200 220 16
1244 1335 16
1435 1286 17
1726 910 16
1983 1403 13
2124 2038 14
2377 2581 14
2460 1991 13
4385 5370 15
5105 4323 17
5958 6652 13
6487 7442 16
6807 6122 14
7049 7094 14
7138 6415 13
7231 8177 16
7419 7143 15
7792 8662 14
8620 7908 15
703 184 12
1013 776 17
1603 2508 17
2650 3584 15
3051 3006 14
4200 4566 13
4468 4146 15
4594 4886 13
4835 5154 13
5256 4753 14
5851 5278 12
6964 7115 14
7215 6348 16
7814 8030 12
8393 8644 14
8698 9065 15
8730 9055 14
9031 8721 12
9523 9252 14
9863 9567 13
588 882 14
1245 1519 12
1429 1777 15
1441 656 14
1652 1745 17
2219 2427 12
2441 3149 16
3047 3873 14
3749 2830 16
3923 4797 16
5448 5106 15
6069 6700 13
6145 7040 15
6691 6508 16
8066 7238 16
8429 7802 15
8602 8805 15
9467 8892 16
9521 9153 13
10140 9772 16
1 49 15
268 1209 17
1821 2745 15
1869 911 17
2192 2233 16
2781 1890 16
2784 1797 17
3155 2283 14
3693 3714 14
4144 4468 14
4424 3654 17
5290 5286 16
7278 7643 14
7386 6494 15
7447 7837 15
7534 7806 12
8058 8974 16
8269 7553 17
8467 7680 15
8474 7603 13
1 454 17
451 1231 15
1299 315 17
2662 3162 13
3766 2981 13
4239 4433 15
4626 3925 14
5202 5406 15
5269 4814 15
5337 5537 16
5608 5660 13
6172 6929 15
6476 5918 15
7095 7650 12
7209 7358 15
7519 7963 16
7704 6795 15
8686 8315 14
9722 8862 13
9949 9540 16
1095 1368 13
1362 1079 15
1988 1281 17
2346 2358 15
2567 2043 16
2762 2578 13
2779 3761 17
3038 3194 17
3252 3781 13
3596 3300 17
5022 5865 12
5999 5268 16
6474 6186 16
7057 6983 14
7163 7976 13
7523 6781 15
8518 8161 13
8603 9360 16
8883 8985 16
9302 8374 14
393 1319 13
853 1607 12
1271 504 14
1376 1562 15
1552 2341 17
2031 1575 15
2646 1906 15
3670 3894 14
4706 4287 17
5031 5323 16
5281 5991 15
5335 5963 13
5588 5882 13
6499 6752 17
6586 7338 15
7190 6269 16
7287 6810 17
8326 7514 16
8560 8271 13
10120 9722 14
462 282 13
785 1548 17
1582 1409 16
1810 2591 17
2097 2776 13
2243 1483 14
2361 3304 16
2861 2753 16
3971 3000 15
4738 4346 15
4750 5204 17
5339 5359 16
5841 6516 17
6271 6492 16
7939 7573 12
8414 8008 14
8723 9616 14
9060 8169 17
9142 9529 17
9438 9081 15
1593 1007 16
1844 1353 16
1915 1385 12
2010 2588 13
2486 2986 13
3226 3205 12
3902 3589 16
4639 4503 12
4699 5616 15
5151 5150 16
5689 5033 14
5902 5423 15
6111 6675 13
6236 6996 14
7350 6655 14
7571 6645 13
7707 7993 15
7968 7058 12
8905 9390 14
9686 9645 13
1 103 13
498 220 14
561 1204 17
661 926 14
970 989 13
3622 4448 14
3688 4033 16
4717 5551 15
5913 6226 17
6212 6034 14
6534 6998 14
6819 6228 14
7622 8236 13
7702 8374 13
7906 7591 14
8363 7568 14
8719 8816 15
8880 8745 16
8926 7970 16
10191 9717 13
393 1008 14
1656 1321 14
1849 1700 16
1957 2834 17
2750 2542 15
2885 3524 15
2972 1983 15
3303 2373 15
3370 3477 16
3998 3672 17
4095 4590 16
4284 5059 16
5004 5128 14
5219 5577 16
6022 5077 15
6250 6940 17
6488 5806 17
7393 7742 15
8163 8656 16
9713 9389 17
1 762 15
165 892 16
431 284 13
631 139 17
851 196 15
2854 3222 13
3248 2442 16
4233 4277 16
5707 6196 15
6626 6254 17
6747 7600 15
7577 7141 16
7772 8119 16
7852 8809 15
8156 8731 17
8460 9296 12
8935 9821 13
9237 8596 13
9618 9218 13
10121 9433 13
676 1543 15
775 108 13
2892 3057 16
2985 3966 17
4222 4568 16
4431 5159 14
4438 4703 16
4469 4644 16
4759 4092 13
5952 6737 15
6056 5756 12
6459 5642 13
6481 7215 16
6674 6599 13
7274 6679 13
8756 9202 17
9300 8930 16
9437 9445 13
9734 9260 17
10380 9435 16
993 604 17
1421 1753 13
1768 1784 13
2573 2425 14
2961 2022 15
3657 3529 15
3681 3401 16
4114 3445 12
4674 4069 14
6234 5793 12
6891 6688 15
7102 6234 15
7764 7358 13
8076 8815 15
8103 8155 15
8213 9078 16
8780 8427 12
8820 8866 14
8891 8049 14
9736 9482 13
415 1179 12
643 781 15
926 588 16
1027 1894 16
1083 1273 16
1639 2401 17
3298 3891 17
3586 2930 13
3989 3848 13
5055 5124 13
5258 5683 17
5590 4967 13
6171 5758 14
6629 7535 12
6943 6334 16
7180 6329 15
7367 8358 14
8560 8795 12
9019 8601 17
10182 9276 13
36 420 13
928 494 17
1047 1251 17
1118 651 16
1126 263 14
2794 1906 16
3215 2720 14
3459 3092 16
4078 3676 15
5039 4100 15
5351 4927 14
5396 6128 12
6558 6048 15
6703 6277 17
7239 7369 14
7513 8013 16
7671 6976 14
7874 8073 16
8700 8260 16
10387 9674 13
1 130 16
1 200 16
1 425 16
1 667 13
583 882 15
692 1232 15
1583 1327 17
2221 2109 15
3863 2946 12
4404 4205 13
4464 5446 14
5321 4368 14
5677 5123 16
6164 6483 15
6577 7498 12
7576 7118 17
8572 8095 17
9506 9874 15
10027 9214 12
10382 9657 14
110 105 16
875 248 13
1677 1588 16
1717 2188 12
1876 1304 12
2907 3907 15
3004 2846 13
3065 3423 16
3077 3777 17
4488 5047 14
4769 4282 13
5272 5028 16
5905 6047 15
6006 5959 16
6686 6212 17
6952 7797 16
7693 6873 15
8519 9427 12
8604 9331 17
10377 9609 12
1 221 16
616 532 13
1479 846 13
2006 2946 13
2355 2850 12
2511 2193 15
3045 2631 15
3443 3748 16
4618 4290 14
5042 5923 15
5284 6110 16
6489 6704 12
6532 5570 15
7785 7363 15
8871 8514 14
8988 8748 16
9038 9532 14
9350 8774 17
9428 9570 14
10237 9874 17
66 723 16
484 351 16
563 127 13
1890 2781 16
2905 2964 17
3596 3925 17
4278 4192 13
4586 4854 15
5122 4348 13
5137 5018 14
5299 6249 13
5622 6410 15
6119 5991 14
6761 7431 13
7118 7469 16
7631 7152 17
8248 7449 17
9451 9962 14
9614 9383 15
9805 9885 16
302 508 17
352 574 17
719 1531 16
1391 838 13
1848 2423 14
2362 2932 17
2914 3830 17
2958 3282 17
3922 3129 13
4574 5128 14
5434 4755 14
5907 6581 16
6103 6038 17
6923 7176 12
7130 7751 14
7602 7313 13
7715 8573 16
9518 9439 13
9549 9635 15
9860 9027 16
637 1042 13
1404 718 15
3304 2844 14
3966 4645 17
4710 5460 12
4911 5298 13
5213 4259 14
5360 5850 12
6135 6963 13
7128 6445 15
7503 8264 16
8448 8223 12
8496 8227 15
8727 9290 15
9004 8650 15
9051 8356 16
9186 9804 12
9415 9811 15
9830 9697 14
10117 9839 17
349 932 17
959 151 14
1068 968 16
2356 3154 17
2395 2810 14
2979 3554 16
3349 2978 16
3901 3787 16
4269 3581 12
4480 4283 17
4602 3692 15
4692 3993 16
4805 4768 17
5177 5887 17
5831 6509 13
5850 5572 13
5991 6732 17
8147 7489 15
8256 9106 14
8568 8305 16
1 166 15
561 1180 14
571 1040 12
969 948 12
1676 1325 12
2979 2520 17
3308 4188 13
3405 2731 13
3456 2792 15
4829 5793 16
4990 4435 17
5730 6529 17
5802 4911 15
6373 5759 13
6610 5912 13
6733 7688 15
6827 7166 15
7346 7470 16
7839 7393 16
9140 9324 14
1 350 14
1 639 17
157 882 17
448 1016 16
657 65 12
1308 1092 13
2549 3020 15
2831 3461 16
3009 3601 13
3647 3094 13
4285 3633 15
4802 4775 16
6848 5977 13
7387 7169 16
8145 8268 17
8152 7439 14
9331 8501 13
9741 9439 14
9866 9053 17
10065 9587 13
1 409 16
262 633 16
1757 1456 14
1879 1863 13
2037 1117 13
2454 1937 14
2547 3002 13
3711 4415 14
3901 4546 17
4260 5214 15
4320 5167 16
4335 4096 14
5289 4580 17
5903 5621 13
6675 7428 12
6750 6560 15
7821 8037 14
8393 8196 13
9051 8890 15
9398 8642 12
1 713 13
192 674 12
1326 603 16
1682 1384 17
1798 2597 17
2006 2401 12
2226 1942 15
2713 3270 16
5502 5221 14
5608 4931 15
5805 6281 13
5837 5822 14
6721 7331 15
7090 7867 16
7940 7715 16
8079 7950 17
8082 8357 13
8149 8933 16
9010 8387 13
9945 9629 14
46 907 15
305 771 16
1398 2358 12
1455 1177 17
1822 2199 15
3347 3337 14
3493 4292 16
3585 3118 14
3804 2877 17
5027 5992 15
5147 4149 16
5950 5641 16
6612 6416 12
6810 7192 15
6955 7116 13
8271 9239 15
8937 8198 16
9410 9219 17
9725 9790 16
10424 9552 16
908 837 14
1010 1117 17
2415 2211 17
2732 2803 14
2897 2535 14
3259 3449 13
3680 3534 13
4245 3246 12
5139 4772 15
5907 5269 15
5991 5204 14
6094 6419 15
7054 6931 17
7408 7870 15
7837 6998 16
8139 8754 13
8356 7479 15
9519 9425 14
10300 9605 14
10454 9501 13
1 177 17
1 350 15
11 324 13
430 542 13
1007 113 16
1465 1781 12
2118 2926 16
2191 1627 15
2288 2026 13
3048 2108 14
3486 2973 14
5052 5499 14
5548 5169 12
7716 7634 15
7789 7086 13
8254 9210 16
8870 9372 17
8947 9540 17
9680 9263 15
10517 9638 15
229 342 14
279 71 17
494 350 15
818 548 17
3058 3080 16
3238 3324 17
3430 3902 15
4817 4151 13
6552 6243 15
6723 6852 15
6886 5970 12
7001 6571 16
7049 7506 14
7109 6730 15
7346 7736 14
8425 8008 14
8695 9302 12
8941 9856 14
9161 9162 15
9782 9680 17
1 130 14
1179 692 16
1190 934 15
1715 1353 15
1984 2688 14
2178 1673 16
2590 1855 15
3075 2813 13
4322 3861 16
4690 4607 15
6712 6977 17
6836 7083 13
6985 6356 16
7807 6914 14
7959 7339 16
8439 7999 15
9233 9335 13
9358 9216 14
9605 9453 16
9686 9174 15
651 749 14
861 357 14
1343 1972 14
2203 1851 16
3436 3112 17
3733 2878 15
4226 4371 13
4462 3734 16
4716 3910 15
5054 5476 15
5090 5684 16
6250 6060 14
6433 5844 14
6994 7121 14
7140 6776 15
7971 7066 12
8226 8694 13
8279 8779 16
8904 8062 14
9024 8348 15
1 343 17
1 633 13
544 563 14
1680 1571 13
2167 1719 17
2457 3442 17
2706 2431 16
3828 4431 16
3949 3966 17
4193 4465 13
4968 4226 15
5408 5274 12
5633 5520 17
5972 6968 13
6088 6161 15
6176 5784 14
6447 6622 16
6938 7877 13
7855 6927 16
8628 8963 14
1 786 15
461 126 12
1463 1982 15
1683 1260 17
1691 2252 16
2550 2132 14
3249 3858 16
3464 2824 12
4059 3237 17
4431 4901 13
5401 5623 12
6192 6715 12
6294 6718 16
7010 6362 13
8236 7574 17
8723 9687 13
8872 9152 16
8953 8780 12
9122 8953 17
9761 9481 16
895 667 15
1010 1764 17
2098 1574 14
3510 4041 16
3804 4075 14
3960 3266 14
4146 4211 13
4340 5032 15
5014 4695 13
5093 4626 15
5873 6565 14
6269 6956 13
7617 7034 13
7799 6974 14
7955 8683 15
8072 8929 13
8093 8563 16
8670 8519 15
9544 8886 14
9671 9076 13
410 89 15
762 867 12
1278 1827 13
1581 1968 14
1596 804 16
2657 2654 16
4375 4422 13
4421 4920 15
4583 4375 14
4773 5692 17
5579 5985 15
6321 7229 16
7510 6540 16
7524 8082 17
7561 8108 17
7791 7757 15
8732 7841 15
8799 8955 15
8948 8989 16
8967 9582 13
1 92 17
634 451 13
941 563 16
1163 872 17
1387 604 16
1730 743 13
1758 1077 15
1846 1323 14
2411 3018 12
3227 3443 14
3398 2516 17
4900 4272 13
6802 5940 16
6844 6882 12
7308 7781 15
8173 7341 14
8258 9200 16
8567 8945 16
8879 8198 13
9296 9052 15
433 215 16
478 684 15
1033 1622 15
1734 2463 14
2025 1504 15
2524 3033 13
2530 2326 15
3569 4073 16
3759 3473 17
3778 3086 16
4238 4035 13
4843 5692 16
5097 4286 13
5111 4954 15
5796 6030 12
7101 6255 16
8013 7895 17
8846 9010 17
10178 9796 12
10553 9912 14
380 1180 12
553 168 14
615 1608 17
1823 1901 16
2086 2516 14
2090 2029 15
2202 2871 13
3104 2135 13
5040 6014 15
5094 4973 14
5158 5680 15
5269 4461 13
5626 4809 17
7021 7653 13
7128 6302 16
7419 7576 14
8130 8030 13
8458 8637 13
8918 7998 14
9217 8891 16
1 354 14
132 578 16
200 667 14
404 188 17
1228 1801 17
1566 2297 16
1903 2168 17
2748 2531 13
3603 3582 13
4111 4106 13
4490 4878 13
4955 5633 17
5723 6654 13
6063 5411 14
6602 6791 15
7024 7498 14
7915 7865 13
8313 7384 14
8960 8997 14
10075 9713 15
219 326 17
280 586 12
953 460 12
1219 815 16
1741 1061 17
3508 4278 14
3667 4596 15
4464 4691 15
4520 3828 14
4917 5592 17
5006 4980 14
5352 4434 15
5491 4982 15
6048 5972 15
6667 7159 13
6749 6849 14
7027 7612 14
7140 7107 15
8594 9347 13
9014 9220 14
579 1560 12
696 525 16
1292 1498 17
1548 1285 13
1606 1980 14
1662 1694 12
1969 1138 14
3014 2629 17
3952 2989 14
5150 4478 16
5349 5189 16
5733 6498 17
5750 4865 15
6084 6035 13
7520 6986 15
7592 7861 14
8293 8713 15
9164 9121 17
9761 9918 14
10346 9497 12
1908 2765 15
3249 2650 13
3606 3428 12
3636 4064 13
3766 3530 17
4424 4952 17
4588 4327 13
4716 5540 15
5029 4420 15
5918 5993 17
6493 6343 14
6779 7435 13
6925 7164 17
7062 8051 13
7418 7863 13
7493 7441 14
8244 7374 15
9426 9272 12
9519 9035 16
10488 9811 16
1 103 13
1 289 13
1 653 15
1348 800 15
2404 2883 16
2547 2642 14
2976 2250 13
3310 2810 13
3498 4186 16
3748 4316 13
3888 3224 13
4195 3497 12
4294 4561 17
6716 7677 17
7003 7995 14
7159 6717 17
7274 7575 14
8236 8554 13
9082 8146 15
9881 9036 15
1 671 17
78 459 13
325 17 15
431 672 15
940 540 13
1623 1225 13
1922 1453 13
2859 3796 13
3591 2634 13
3793 3996 12
4460 3574 12
4569 4499 13
5806 5567 14
6153 6839 13
6330 5985 15
6375 6770 13
6508 5608 16
8615 8084 16
9538 9467 16
10199 9682 14
1271 1319 13
1401 1301 14
1638 1941 16
2169 2914 14
2500 1737 16
2715 3679 17
3191 4062 12
3449 4302 15
3638 3325 13
4353 4044 13
4798 5533 12
5677 5162 14
5859 6632 15
6097 5301 14
6328 7195 15
7841 6910 13
8212 8359 16
8523 7875 16
8575 9178 12
8822 8914 13
