2000 100 5347803
20 110 174
20 106 231
20 128 177
20 117 199
20 101 199
20 92 217
20 116 219
20 124 168
20 96 192
20 96 231
20 128 161
20 77 234
20 71 200
20 128 157
20 147 216
20 60 208
20 148 212
20 116 242
20 131 167
20 134 237
20 143 162
20 103 170
20 125 165
20 145 183
20 102 150
20 116 246
20 129 218
20 79 168
20 123 231
20 121 221
20 119 180
20 60 152
20 72 205
20 72 213
20 55 198
20 144 218
20 77 218
20 132 250
20 88 179
20 123 175
20 83 247
20 63 247
20 102 171
20 89 161
20 82 203
20 123 248
20 107 203
20 106 195
20 147 219
20 67 235
20 102 229
20 129 169
20 82 186
20 111 233
20 149 175
20 149 220
20 61 181
20 146 156
20 65 174
20 53 159
20 137 236
20 50 189
20 101 198
20 70 195
20 68 212
20 132 202
20 145 182
20 57 173
20 117 211
20 69 163
20 90 182
20 114 237
20 139 170
20 73 189
20 134 228
20 106 246
20 125 189
20 113 231
20 107 183
20 100 233
20 134 220
20 148 230
20 63 171
20 98 161
20 110 226
20 78 207
20 109 153
20 83 218
20 83 195
20 136 179
20 124 196
20 65 158
20 129 172
20 58 203
20 53 204
20 112 240
20 86 199
20 50 189
20 74 161
20 89 238
1106 1174 15
1806 2541 14
2190 2887 15
2559 3268 15
2651 3547 12
3545 3963 11
3874 3979 13
4374 4853 15
4641 5101 13
5102 5196 11
5694 5731 13
6020 5481 15
6260 6516 12
7403 7084 11
7702 7654 15
7802 8053 11
7995 7908 15
8011 8723 15
8085 7365 14
8093 8225 15
21 739 16
690 718 13
1422 1727 12
1883 2014 12
2964 2478 13
3115 3882 15
3618 3156 12
3716 4268 14
3781 4201 12
3995 3984 16
4736 4268 13
6082 5087 13
6597 6291 15
6839 7491 16
7329 6793 15
7451 7285 14
7775 7100 15
8087 8434 11
8227 8926 11
9506 9230 13
1 536 14
877 1571 13
1891 1117 13
1930 2678 16
3132 3458 12
3388 3079 13
3666 3264 12
4399 4427 13
4848 5687 14
4973 4921 13
5566 5220 11
6100 5554 15
6264 6682 14
6301 6843 12
6647 6826 11
6981 7077 15
6984 7913 16
8672 8678 13
10108 9589 15
10193 9982 15
1 73 13
435 1077 14
538 1381 13
2396 1872 13
2458 2252 11
2503 1899 15
2549 3379 12
2682 2532 13
3780 4011 15
3838 3818 13
4618 4342 14
5145 4344 12
5363 4750 15
5490 6206 16
6481 6707 12
6581 6386 15
6663 6892 12
8700 8403 15
8706 9509 15
8788 8706 16
274 663 11
566 1273 12
1277 1684 15
2022 2830 14
2109 1783 15
3244 2279 12
3509 3578 15
3818 3130 11
4704 4184 13
5567 6015 13
5647 6292 14
5857 5147 15
5862 6473 14
5931 5585 12
6560 7464 15
6746 6009 14
6879 6731 13
7951 7996 16
8688 8778 14
8899 9133 15
844 884 13
878 1183 14
1017 1231 13
2914 2921 14
4531 3946 13
4585 4795 15
4713 4067 13
4773 5049 12
5621 5456 14
5824 6753 15
5861 6045 12
5928 5429 14
6393 6841 14
6444 6218 12
6459 6155 14
7409 8259 14
8697 8543 15
9275 9968 13
9580 9635 14
9975 9587 16
1 372 15
305 374 12
415 535 15
2292 1441 11
2433 2553 14
2532 1695 14
2587 2850 11
2703 2569 12
3252 3520 16
3555 4323 16
3777 3618 13
4636 5254 12
4871 4599 11
4927 5812 13
5587 5766 15
5866 6301 15
6330 5456 11
7184 7052 15
7361 7491 15
8187 7985 12
795 1153 14
1386 1878 15
1597 1336 12
2163 2490 11
2705 3463 13
2709 3589 16
4224 4430 14
5622 6241 14
6297 7003 12
6308 6087 14
7036 7399 15
7590 8427 12
7600 7285 16
8424 8952 12
8462 8654 15
8625 8181 14
8981 9162 14
9650 9045 14
10179 9848 16
10527 9867 11
584 800 13
935 1650 15
1228 618 13
3119 3513 15
3969 3829 12
4560 5261 13
5089 4226 12
5242 5675 15
5285 5935 16
5372 4508 14
5618 5363 14
5666 5186 13
5836 5390 15
6352 6006 13
6756 6210 15
7130 6177 14
7988 8542 12
8019 8740 14
9034 9609 13
9442 9237 12
27 865 14
669 1628 13
1636 2622 16
1782 2483 12
2032 2480 13
2079 1339 13
2397 2406 15
2837 2078 16
3138 2213 14
4210 4043 13
5351 6234 12
5880 6842 14
6344 6235 14
6863 6459 12
7075 7594 15
7729 8520 12
7885 8398 16
8162 7357 13
9906 9150 16
10358 9575 13
347 499 13
448 294 12
1106 1009 13
2045 2916 14
2628 3430 14
2817 3443 15
4736 4257 12
4775 5092 13
4834 3835 11
5029 5482 13
5306 4794 12
6536 6387 15
6621 6090 16
7214 7745 12
7396 6420 15
7643 7580 15
8123 8954 12
8722 7896 15
9438 9487 15
10800 9900 11
16 653 13
141 157 13
1322 399 12
1511 2401 12
1646 2332 12
2099 2216 14
2236 2521 13
3282 3837 15
3492 2646 15
6329 7277 14
7387 7351 14
7838 7075 11
7964 6976 12
7982 7787 15
8622 9582 12
8773 9483 16
8834 8144 14
9260 9202 12
9431 9967 14
9822 9655 12
1 741 11
41 94 13
697 1221 15
1439 519 13
1617 1815 14
1647 2038 16
1969 1236 15
1991 2736 14
4609 4420 12
4738 5137 12
5119 5728 13
5195 4940 12
6063 5461 13
7132 6949 15
7502 7815 14
8003 7934 12
9104 9880 14
9126 8673 15
9885 9069 14
10032 9430 16
617 375 12
1639 874 12
2414 1998 16
2544 2412 14
2668 2443 15
2942 2281 12
3026 3235 14
3237 2378 15
4894 5661 12
5107 5817 15
5277 5850 13
5663 4819 15
5835 6017 13
6012 5541 12
6296 7253 15
7407 8255 13
7984 8794 12
8908 9175 12
9196 8614 15
9651 9839 11
1 635 13
909 1605 12
1549 1977 12
1578 1875 15
3300 2546 14
3691 4408 16
4026 4715 14
4086 4049 13
4216 4098 14
5515 5010 14
5710 5522 11
6826 6260 13
8546 8886 12
8614 9377 11
8717 9496 14
9013 8189 11
9037 9664 13
9122 8881 15
9348 9173 11
9432 8654 14
1 30 13
622 1376 14
1068 1096 14
1207 967 12
1374 2020 13
1798 1345 14
2220 1419 12
2378 2187 13
3481 4426 14
3863 3176 12
4174 4138 12
4560 5308 15
6381 7148 14
7345 7964 13
7992 8545 11
8010 7227 16
8634 8846 11
9829 9249 11
9916 9103 13
10533 9644 12
908 389 15
1091 845 11
1222 636 15
1790 802 12
1923 1615 15
4232 3362 14
4454 5214 12
4724 5215 12
5591 5420 15
5709 5962 14
6691 6638 15
6742 7648 14
7784 6917 15
8971 9580 12
9155 8380 16
9201 8352 14
9534 9270 14
9715 8867 12
9985 9363 12
10037 9331 14
217 1113 12
340 561 15
351 1248 12
1151 274 14
1185 1833 14
1929 2444 13
2934 3327 15
2966 3496 15
3314 3219 14
3391 3891 14
3657 3421 15
3765 4644 13
4911 5691 11
4918 4169 12
6657 6202 16
6662 6897 16
6675 7500 14
8317 8489 12
8899 9060 15
9254 8319 12
1 240 11
1 431 12
1845 1369 11
2285 2832 13
2573 3394 14
2889 3619 15
3865 3230 15
4245 3843 14
4438 3472 14
4628 5597 13
5578 4850 15
5753 6491 12
6433 6285 13
7165 7217 13
7429 6999 12
7893 8683 12
8523 7804 16
8997 8015 14
9295 9649 13
9802 9151 15
28 921 12
262 133 16
1428 1906 12
1747 2352 15
1842 1167 15
2097 1139 12
2430 2007 15
2530 3127 15
3506 4055 16
3835 3458 14
3962 3874 13
4379 5158 12
4534 4895 15
4652 4279 16
6054 6481 16
6162 5742 13
6370 6814 15
7509 8183 15
8193 7856 13
8519 9134 13
634 1184 14
1013 1031 13
1587 1125 11
2463 2007 15
3785 3734 16
4247 4841 14
4488 5199 14
4598 4913 15
4760 4325 12
5638 5068 12
5721 4738 12
6876 7694 13
7406 7896 14
7739 8540 14
7938 7006 14
8016 7437 11
8312 8576 11
8693 7872 12
9244 9932 14
10315 9586 12
560 680 15
2300 2052 14
2474 3422 12
2811 3614 15
3235 3997 13
3451 2911 13
3816 3793 14
4074 4709 13
4876 5622 14
4965 5239 12
5042 4090 11
5320 4785 14
5918 6146 11
7083 6438 12
7754 7528 13
8794 8237 14
8920 8389 11
9148 9396 14
9657 8991 14
10104 9692 13
159 198 16
787 1257 11
870 1287 16
950 620 16
1138 1306 15
1434 2255 13
1732 1091 12
2177 2449 15
3413 4020 15
3523 3547 14
3654 3527 15
4559 4015 16
5051 5541 12
5264 4630 13
5318 5312 15
6514 6753 13
7518 6957 15
7665 7118 15
8556 9346 16
9631 9557 15
1 2 12
293 194 13
696 400 12
1009 1171 11
1631 1446 14
2077 1699 15
3997 3140 12
4520 4231 15
4618 5143 13
4733 4266 15
5898 5272 14
6495 6517 12
6906 7629 13
7147 6565 14
7234 8151 12
7403 8141 13
7451 7505 15
8036 8920 13
8612 8634 14
9315 9953 14
641 1072 15
795 429 14
2177 1767 14
3496 4401 14
3631 4324 11
3702 2974 13
3960 3061 14
4044 4838 14
4064 3076 14
4644 5289 13
5130 5427 14
5411 5566 14
5923 6595 16
6110 7040 13
7167 7340 11
7190 7437 15
8432 8388 15
8710 7819 12
8933 9381 13
9209 9955 14
1 362 12
10 651 11
1072 314 12
1195 1492 14
1423 1455 15
1839 1296 12
4023 3522 14
4383 4156 12
4472 4563 12
4544 3825 14
4690 5419 12
5171 4240 15
5873 6379 12
6863 6725 14
6879 6089 12
7231 6400 12
7695 7538 15
8149 7895 15
8843 9112 15
9593 8632 16
1 457 14
1 835 13
131 1119 16
549 257 15
3013 3158 12
3272 3235 14
3589 4475 12
3714 3597 14
3866 3392 13
4364 4735 12
5513 6328 13
5536 5253 12
5952 5931 13
5999 6586 15
6072 5864 12
6427 5647 14
6510 5660 15
6817 7031 12
7036 6103 13
7988 8285 14
1 17 13
1 369 12
436 19 15
1246 443 16
1269 1598 14
1407 2203 14
1481 2405 14
2600 2459 14
4383 3528 13
4399 3915 12
4589 3998 15
4892 5657 12
5124 5459 13
6902 7031 12
8054 8813 12
8256 8442 15
8351 9098 14
8420 9156 12
8437 7750 16
9004 8876 15
201 55 12
1266 960 14
1339 566 14
1851 2092 13
1919 1097 12
2355 3024 12
2662 2126 14
2894 2015 14
3388 3564 13
3479 3725 12
4160 3731 11
4330 3721 13
4558 4881 14
5128 4426 12
6232 6606 12
7045 7751 15
7533 7872 12
7566 7757 14
7938 7058 15
9638 9912 14
335 278 13
1014 1947 12
1358 2133 14
1456 2101 15
1488 1554 12
2142 1327 12
2879 2133 14
3697 3197 15
4653 4820 15
4714 4329 16
5470 5952 13
6129 5303 11
6359 7002 15
7053 6636 12
7550 6815 12
7614 6969 14
8463 9138 16
8905 8342 11
9809 9743 14
10268 9609 15
383 315 12
772 203 15
1142 1839 12
1745 1053 13
2617 2316 14
2901 3200 12
4366 5213 13
4578 5104 11
5594 6552 15
5806 5168 15
6327 6907 15
6363 6480 12
6885 6723 13
7006 6600 14
7446 6689 14
7510 6950 14
7841 7300 13
9060 9551 16
9206 8596 12
9290 8870 11
1 121 12
316 490 13
535 360 12
961 578 11
1206 1162 12
2877 2720 11
3607 4281 13
4077 4399 13
4188 4544 12
4686 4110 14
5650 5244 14
5731 5611 12
7108 6229 12
7278 6742 12
7475 7122 12
8174 7371 14
8190 7776 12
9400 8880 15
9423 9750 14
10452 9797 13
1 432 11
313 967 15
1038 1387 11
1144 206 14
1603 2579 14
2337 1641 16
2799 2638 13
3261 2530 13
3675 2786 14
4259 3997 15
5583 5798 12
5985 6144 12
6040 5760 12
6087 5728 15
6139 6666 13
6519 7322 12
6750 7143 14
8819 7882 15
8874 7906 12
8924 9064 12
570 917 13
808 1014 15
2889 3703 13
2968 2433 12
3388 3385 15
4558 5087 13
5011 5255 14
5071 4439 12
5096 4422 14
5531 6198 13
6073 6978 12
6236 7182 13
6803 7505 12
6816 7262 11
7185 8038 16
7565 8370 12
8004 8524 14
8977 8811 14
9006 9499 13
9443 9845 11
120 815 14
746 1565 14
771 902 12
1566 975 11
2151 3017 11
2350 1704 16
2437 2063 15
2528 2536 15
2872 3515 16
3522 3839 13
4374 5270 12
6087 6922 13
6188 5518 16
6550 6889 14
6955 6137 12
7353 6616 14
7504 8346 16
7593 7726 12
8543 9101 15
9240 8614 15
68 162 13
565 1351 13
569 1307 13
1447 802 15
1854 1964 16
2081 2077 13
2162 2828 12
3060 3751 12
3214 3118 13
3376 2639 14
3786 3290 12
4903 4333 12
4998 5919 16
5030 4146 13
5315 6273 15
5878 5597 15
7401 6483 12
7862 7436 13
8038 8884 12
9285 8599 11
1026 689 13
1220 1518 13
1321 1259 12
1546 934 12
1667 1648 14
2435 1929 14
3225 2241 15
4126 4577 14
4132 3404 12
4154 3645 13
4876 5584 12
4907 3917 12
5140 4650 14
5287 5664 11
5638 5728 15
5673 5773 14
5756 6566 12
8677 9096 15
8898 7947 12
10055 9244 11
950 1160 11
2124 2541 14
2303 2034 13
2446 3257 11
3324 4134 12
3441 3331 15
3789 3695 15
4454 4496 13
4632 3880 14
4643 4109 14
4886 5349 13
5026 5918 12
5760 5243 12
6130 5542 15
6596 7373 16
6637 7592 14
7012 7387 13
7694 7315 16
8232 7444 13
9286 8634 13
614 1455 13
1831 1214 12
2146 1257 15
2201 2281 16
2966 3887 12
3649 4646 15
4875 5669 13
5495 5300 15
5606 6159 15
5662 5392 16
5841 6262 11
5948 5897 14
6231 6000 15
6751 6450 14
6905 7437 13
7781 7733 14
8260 7455 12
8294 7586 16
8787 8186 12
8814 8204 14
422 528 12
492 874 16
1290 1028 11
1422 576 12
2335 2616 12
2710 2476 15
4030 4989 15
4602 3942 12
5291 4533 14
5604 4622 13
6605 6140 15
6670 5801 12
6792 6700 14
7141 6343 11
7144 6623 15
8029 8212 15
8609 7681 14
9327 9033 14
9898 9040 14
10304 9584 15
1 748 14
472 1338 12
1436 2306 12
1494 1314 15
1644 1003 13
2218 2294 15
4391 5121 12
5242 4885 15
5529 5848 13
5565 4612 15
5856 6574 15
5894 6257 11
6270 6962 15
6671 6210 14
6821 6816 12
7786 7327 15
8178 7199 14
8336 7802 16
9770 8817 14
10469 9758 15
1 22 13
670 651 12
1084 1682 15
1440 815 14
1787 1243 16
3062 3504 13
3338 4192 13
3352 2571 14
3809 4021 14
4569 4851 15
5285 5908 15
5630 6172 15
5712 5557 12
6220 5305 15
6508 7456 13
6577 5595 13
7890 7096 12
7913 8901 12
8200 8038 15
9547 9565 14
1 88 14
178 810 15
735 908 12
1558 1718 15
2063 2305 12
2338 2429 15
3774 4695 14
4169 3178 15
4395 4077 14
4537 5444 14
4681 5450 12
5046 4757 13
5449 6383 14
5874 6687 12
7073 6391 12
7908 8649 14
7959 7094 14
8778 9067 11
9393 9164 13
9838 9787 14
1 360 16
503 927 14
1709 1860 15
1768 2021 11
1966 2697 13
2666 2168 15
3321 2442 15
4292 3890 12
4417 4836 16
4647 4791 14
5434 5308 11
5505 5493 14
6980 7270 12
7985 8738 14
8019 8217 16
8040 8721 13
8194 8674 15
8891 9408 13
9039 9797 15
9345 9209 14
2342 2925 12
2882 2803 11
3016 3312 14
3447 4194 15
3986 4748 15
4037 3512 16
4357 5238 12
4454 3751 14
5025 4766 13
5607 5808 14
5739 5299 16
5759 6435 13
6230 6493 12
6277 6129 11
6724 6785 12
6818 6325 13
6843 6416 14
8408 9159 14
8417 8976 15
8887 9571 12
1 252 12
1 692 13
874 514 16
1364 1072 11
1644 1709 14
2031 2439 14
3110 2457 13
3859 3625 12
4409 3884 16
4672 4082 15
4703 4209 15
5372 4791 12
5476 4910 12
6511 7124 11
6619 7186 11
7247 8119 11
7722 8268 14
9085 9472 15
9427 9819 13
10227 9734 12
1 17 15
785 600 12
1032 1149 13
1153 2004 14
1374 1837 12
1428 1357 11
1880 2079 15
2870 3636 12
3545 2704 14
3839 3504 12
4292 5064 13
4783 4236 14
5094 4534 15
5389 4657 13
6668 7142 12
6997 7520 12
8186 8940 12
9030 9189 15
9455 9521 11
9891 9076 16
939 566 13
1117 1924 12
1703 1805 14
1883 1024 14
2467 3154 15
2580 1939 13
4881 4880 14
5771 5034 14
6579 5980 12
6933 7509 12
7037 8028 15
7340 7629 12
7394 8131 13
7534 7370 15
8518 8419 13
9072 9845 15
9135 9005 12
9420 9565 14
9548 8741 12
9686 9299 14
1 351 16
237 587 15
721 1639 14
1025 460 11
2119 1476 14
2182 2695 12
2344 2394 15
2678 3278 15
3228 3697 15
3489 4241 14
4129 3256 14
4270 3644 15
5371 4466 13
6105 5391 14
6128 5549 12
6497 6092 13
7713 8663 12
8137 7895 14
8841 8009 13
8915 9407 11
567 1413 13
582 1000 12
995 1681 12
1653 1438 11
1878 1080 13
2136 2109 14
2516 2187 15
3210 3571 15
3591 3011 12
4332 4348 13
5313 4685 14
5508 6401 12
5892 5615 11
6629 6191 13
6753 7016 13
7154 6291 12
8009 7254 15
8033 8011 11
9077 9111 13
10066 9493 13
862 836 13
1178 247 15
1460 766 14
1660 2051 15
3057 2865 14
3727 3956 13
3809 4320 13
3817 4014 15
3979 4355 15
4215 3714 14
4337 4110 15
6623 6660 12
6822 7060 14
7099 7443 13
7406 7664 14
7855 7699 11
9042 9751 16
9069 8752 15
9618 8716 15
10032 9977 13
2 684 14
42 679 12
213 1205 14
304 645 13
935 1702 13
2091 1973 12
2134 2865 12
2147 2391 13
3909 2955 15
5602 6601 14
5614 6455 12
5728 5215 12
6012 6779 14
6134 6185 13
6529 6887 15
6656 6641 15
7868 8282 16
8076 8943 13
8347 8855 13
10204 9698 12
1 243 14
1112 1865 13
2449 3270 15
3132 3333 16
3176 3840 12
3306 3459 14
3780 4460 12
3873 3668 12
3958 4197 14
4049 4842 12
4184 4628 14
4732 5248 14
4784 5300 14
5851 6638 15
6275 5753 12
6329 5784 15
6661 7426 11
7697 7333 12
9550 9657 12
10059 9776 12
317 1007 13
630 530 12
1269 2206 15
1413 1588 12
1616 1994 11
1708 2678 14
1994 2036 14
2803 2527 12
2944 2641 14
3799 3683 12
4209 4276 13
5457 6063 15
5474 5942 15
6465 7299 13
7082 6709 12
7802 8083 14
8698 8498 13
8896 9489 15
9369 9403 15
10467 9657 15
1517 1315 12
1550 1041 11
2270 1948 12
2660 3089 11
2865 2643 15
3582 3253 14
3719 4322 13
3970 4489 16
4573 3784 15
4930 4647 16
5474 4874 16
6833 6607 12
6992 7962 15
7506 7463 11
8543 8125 15
8594 9094 15
9326 8579 11
9398 9611 11
9793 9588 14
9811 9135 13
631 236 12
1064 403 14
1585 1779 11
1656 1859 14
1808 2394 12
2840 2308 14
3127 3356 15
3475 2761 14
3701 3698 12
5313 4929 14
5866 5572 12
6102 6462 12
6253 6420 15
6445 6935 12
6709 7565 14
6956 7189 14
7069 7426 14
7941 7585 15
8209 8800 12
8858 9772 15
1 41 13
1072 1607 15
2181 2910 15
2563 2995 16
2590 2422 14
2787 3524 16
3061 2842 14
3568 3393 14
4272 3825 15
4473 5464 13
4664 3851 15
5035 5429 13
5439 5639 14
5734 5110 16
7427 7434 13
8193 8880 12
8644 9346 14
9125 8524 12
9876 9779 16
10581 9586 15
1 462 12
935 861 14
2266 1616 15
3587 2967 13
4321 3705 14
4687 4489 14
5171 4416 14
5372 4891 15
5892 5350 12
5951 6923 13
5995 5688 15
6595 6603 15
6745 7282 13
7108 6725 13
7508 8361 15
7601 8342 14
7926 8252 14
8351 8661 14
8973 8100 14
10231 9989 14
1115 124 15
1170 544 13
1819 2572 13
2218 2839 13
3110 3412 13
3860 3099 15
4059 4653 12
5617 5003 15
5673 5401 15
5703 5653 13
5782 6256 12
5930 5607 15
6119 6121 16
6798 7118 14
6804 7685 12
7190 6432 12
8301 8828 13
8570 7861 14
9553 9545 12
9786 9599 12
1 117 15
1 526 15
1895 1097 12
2441 2269 12
2585 3141 13
3029 2219 14
3239 2843 13
3302 2642 13
3506 3350 12
4056 3689 11
5093 5059 12
6221 6881 14
6413 6121 13
7089 7138 11
7183 6539 13
7285 7118 13
7722 7661 13
9616 9296 14
10203 9372 16
10732 9904 14
284 780 11
1055 229 15
1625 2110 16
2423 1549 14
3153 3700 12
3810 4192 15
3847 3890 14
4493 3842 12
4697 4237 16
6198 6121 12
6831 6906 15
7200 7446 15
8207 8888 12
8274 7393 16
9251 9770 16
9433 8530 15
9549 9169 16
9755 8980 14
9886 9859 14
10485 9595 14
775 1117 14
1173 1133 13
1316 2021 13
1924 2022 12
3560 3221 13
3947 3242 16
4449 5094 14
4722 4210 15
4938 5871 14
5584 5639 11
6429 6153 14
6549 7352 16
7146 6377 15
7163 7444 14
7290 8238 15
8133 7169 13
8279 8667 13
8324 8255 12
8674 8318 12
8686 7834 14
1864 2477 13
1925 2850 13
2904 2104 13
2987 3762 11
3308 3919 14
3582 3305 15
4079 4287 16
4205 3623 12
4340 4012 14
4554 5194 13
5596 5536 14
5951 5322 13
6942 7026 12
7721 8548 11
7888 7654 14
7903 7452 15
8481 8185 11
8664 8529 12
8930 8179 15
9310 9412 13
46 76 12
940 737 14
1082 1405 15
1756 1072 13
3060 2708 16
3069 2706 14
4384 4168 12
5124 4291 12
5129 4822 13
5243 5315 13
5620 5150 14
6389 5867 13
6482 6261 15
6757 5996 15
7860 7788 13
8102 7598 14
8226 7631 14
8507 8701 14
8837 8121 12
8872 9477 14
1206 623 13
1449 772 12
2311 2438 15
2438 3349 12
2755 2439 15
2909 3455 12
2914 3735 12
3668 3076 12
4417 4433 14
4497 5255 15
5043 4630 15
6066 5665 16
6138 5924 12
6247 6382 15
6880 5990 14
7551 8390 13
7793 8457 15
7963 7887 14
8143 8344 13
9999 9070 13
1 461 12
129 789 14
604 119 15
2114 2630 16
2389 3238 12
2610 2016 15
3126 3867 15
3794 4553 12
3888 4411 15
4032 3631 12
4836 4039 14
5142 5119 14
5797 5389 14
6989 6322 14
7118 7241 14
7296 7725 15
7598 7197 15
7995 8690 12
9383 8653 14
10644 9676 13
678 1254 12
1055 399 13
1184 2049 15
1208 1368 13
1905 1283 12
1923 2573 15
3104 3240 12
3539 2565 12
3869 3227 15
4318 4019 15
4420 4773 14
4747 3977 15
4835 4990 14
7537 7906 14
8135 8275 15
8194 7741 13
8431 7555 12
9287 8870 12
9328 8347 13
9436 8521 15
1 403 14
1 452 15
277 566 14
493 41 14
1659 927 14
2473 2065 15
2638 1950 14
2793 3096 11
2828 2159 15
2965 3271 15
3186 2486 11
3963 4305 11
5547 5060 11
6136 6656 14
6961 6259 13
7884 7489 14
8615 8972 12
9087 8854 15
9458 8811 13
10083 9814 14
659 1202 15
848 755 13
1475 2299 11
1825 1171 14
1923 2158 15
2745 3348 15
2983 2977 12
3627 4131 16
4175 3347 15
4336 3635 15
6480 7179 16
6647 6283 13
7043 7848 12
7361 7331 11
7445 6790 12
7722 7159 14
8602 8027 13
8916 9667 15
10424 9491 15
10649 9909 12
1 6 12
1 346 14
86 689 12
1367 1013 15
1911 1791 14
3065 3379 11
3512 3190 12
3536 3941 16
4067 3819 12
4523 3897 15
4657 5023 15
5037 5727 14
6374 7127 13
6709 6899 14
7346 6799 15
8524 8379 14
8954 8750 15
9038 8322 15
9386 9488 12
9576 8760 15
1 7 15
1155 1852 15
1207 985 12
2183 2849 13
2360 1508 15
2888 2007 15
3599 4244 15
5210 4861 13
5526 4944 15
5559 6531 12
5941 6376 16
6023 5125 13
6541 7219 14
7188 8160 14
7342 8087 12
7707 7275 11
7885 8445 12
8001 7552 13
8465 8198 12
9371 8767 12
323 131 13
529 82 14
724 972 13
905 985 15
1190 1097 12
1387 982 16
1518 925 15
1865 912 14
2158 1220 14
2773 2932 14
2799 3458 15
3298 4250 16
4159 3883 12
5192 4737 15
5427 5165 14
6257 6809 12
6334 5991 15
7468 6722 13
7684 7602 13
9037 9421 15
751 1363 14
1036 453 12
1402 731 13
2070 2886 13
2471 3388 15
3524 3552 11
4037 3897 13
4179 5077 13
4814 3931 12
4967 5879 12
4969 5908 14
5416 4877 14
5465 4658 13
6720 5903 14
7070 6828 15
7148 6733 14
8235 7370 13
9046 9749 15
9098 8720 13
9587 9404 15
2873 3645 15
2934 2211 15
3757 4401 12
4445 5170 14
4528 3865 15
4985 5384 14
5034 4102 13
5114 5856 14
5203 4549 16
5400 4929 15
5659 6470 14
5683 6147 15
6201 6453 12
6612 6605 15
6898 6264 14
6969 6902 14
7707 6938 12
8001 7561 15
8896 9685 12
9117 8341 12
1046 1053 13
1363 750 16
1752 2245 12
2113 1268 15
2271 1395 11
2482 2873 16
3053 3951 15
3492 3476 14
3798 3324 13
4645 5017 15
5295 5638 13
5353 4707 16
5394 6088 14
6447 7368 15
6629 7597 11
6977 7233 11
7096 6929 15
8524 8236 12
8967 8099 16
9255 8716 13
37 594 12
681 1625 12
1426 880 16
1646 1663 13
2005 1359 13
2073 2197 14
2765 3101 15
3397 3932 12
4329 4411 13
5797 5031 12
5804 5390 11
6399 6687 13
6591 5719 13
6925 6294 13
8847 8747 12
8980 8325 12
9382 9826 16
9807 9914 14
9825 9145 13
10211 9498 16
1 209 16
1 469 15
195 1132 13
572 1169 12
1961 1492 15
2323 3107 13
3859 4004 15
4112 4612 12
4180 4202 11
4359 4376 11
4759 4543 13
5296 6117 13
5311 5690 14
6712 5776 14
7290 7183 15
7320 7953 11
8605 9497 15
9700 8898 15
10115 9546 16
10615 9741 12
1501 2211 15
1796 1055 14
2320 1437 14
2612 2902 15
2757 3454 13
3278 4274 11
3480 3577 13
5113 4167 13
5591 4697 14
5983 6232 13
6507 6551 11
6734 5816 16
6956 5975 11
7001 6513 11
7260 8079 13
8120 8688 13
8540 8823 12
8841 7873 15
9714 8804 14
10121 9842 12
378 643 13
896 1013 14
1113 1704 16
1668 1477 12
2032 1142 15
2783 3434 12
2858 3747 15
3946 3289 15
4043 5042 14
5199 5453 14
5378 4773 14
5903 6268 15
6337 6120 15
6663 6806 14
7060 6390 14
7264 7739 12
8571 8262 12
8737 9091 13
8837 9174 15
10051 9226 16
345 1070 13
659 50 11
903 1083 13
1673 1040 15
1898 2747 14
2742 3240 16
4567 4776 11
5357 5491 12
6422 6106 15
6881 7571 11
6915 7853 13
7231 6702 11
7551 7023 12
7555 6579 15
7676 7824 14
8106 7476 12
8141 8975 14
8408 8466 15
8652 7741 13
8890 7902 15
252 440 13
1093 1242 13
1434 1540 12
2608 3411 11
3696 4028 15
4266 4092 16
4449 3685 12
4920 4655 15
5414 5961 11
5839 5308 15
7355 6755 13
7711 7931 12
7786 7480 16
8145 8040 14
8257 7364 15
8356 7769 13
8496 7693 15
8767 9108 14
8844 9632 16
9824 8902 15
566 229 13
1014 1878 14
1050 979 15
1101 455 13
2323 2811 12
2539 2548 14
2553 2908 11
2731 3572 14
5374 6120 13
5631 4906 12
5916 6628 12
6867 7744 14
7309 6524 14
7346 7511 12
7430 7623 15
7988 7074 12
8186 8749 12
8219 8018 14
8552 7920 11
8762 8696 15
1 917 15
1302 509 13
1942 1176 14
2026 2084 12
2583 2213 12
3006 2811 14
3192 2617 13
3675 3613 15
3900 3361 16
4597 3919 15
4684 5126 14
5360 5389 14
5436 4969 12
5601 5274 15
5781 6563 16
6118 6184 12
7027 8023 15
7748 7452 12
7844 6857 14
7845 8020 11
1 183 14
1 384 12
39 180 13
579 421 15
598 1499 14
749 618 14
2204 1639 12
2847 2668 13
3190 3147 12
3708 4430 15
3891 4202 14
5530 6459 12
5724 5169 13
5739 4987 14
7054 6232 13
7089 6617 14
7140 6878 14
7447 8238 13
7683 7007 13
8565 8009 12
1 780 13
864 1522 12
911 1683 11
3828 3281 13
4778 5085 11
5574 6292 13
6061 6795 15
6216 7181 11
6518 6948 14
7273 7265 14
7515 7876 15
8245 9203 16
8354 8766 15
8579 8780 15
8873 9696 13
8874 8538 12
9369 8644 12
9639 9105 12
9648 9368 13
9775 9230 13
500 528 16
1694 1663 15
1947 2028 16
3419 4243 13
3451 3113 16
4162 3744 15
5405 6340 15
5501 4502 13
5640 4810 13
6037 6995 13
6178 5357 15
6258 6062 11
6596 6513 13
7190 7997 12
7420 6430 13
7970 7451 15
8094 8423 15
9182 8773 14
9196 9988 12
9201 9013 12
1 33 15
820 656 12
1121 715 13
1415 1085 14
1999 1374 14
2210 3074 12
3224 3885 15
3381 3379 15
4187 4436 16
5083 5192 16
5700 5643 16
5739 6528 13
5817 5485 13
5818 5335 15
5829 6636 15
6382 5621 15
7203 7914 12
7438 7688 16
8335 7982 14
8695 8071 15
331 431 15
958 1484 14
1068 1346 16
1296 2147 13
1312 499 14
1379 1211 14
1494 2459 12
1764 1088 15
1984 2416 11
2636 2831 16
2915 2297 14
4488 5004 16
4535 3597 13
4656 3665 14
5015 4081 12
5315 4779 15
6036 5865 13
6250 5454 14
7232 6689 15
8282 8249 11
783 1062 13
1043 1539 12
1108 875 11
2280 1580 14
2801 3023 14
3559 2694 13
4489 3719 12
4959 5716 13
5010 4677 12
5054 5691 16
5091 5256 13
5285 6001 12
6422 7084 12
6568 6695 12
6666 6386 14
6939 7229 15
7244 7390 13
7691 8626 15
8862 8966 12
9043 9589 14
46 475 15
835 609 13
1703 1222 15
2549 3392 13
2574 3514 15
2800 2307 16
3759 3485 13
3924 3833 14
4245 4743 12
5369 4972 13
5844 5856 14
7068 6901 13
7142 6816 12
7227 7132 13
8768 8675 15
9165 8964 14
9381 9366 14
10107 9718 12
10175 9581 13
10783 9877 13
1 26 14
123 428 15
144 254 12
1029 1097 15
1693 1544 15
2350 2036 11
3267 3132 14
3686 3376 15
4087 5014 16
5858 5891 15
5874 6686 15
6020 5676 12
6339 5536 13
6851 5887 12
7236 8157 15
7256 6535 16
7474 7626 12
7933 7820 12
8062 8050 14
9168 9559 15
415 968 14
1151 1787 14
1296 1819 15
1540 1056 13
2443 2285 16
2819 3160 13
2937 3088 13
3592 3922 15
3947 3554 14
4558 4518 15
5188 4462 15
5718 4897 15
7273 7932 13
7275 6470 14
7321 7239 12
8123 8400 11
8524 8160 14
8584 8887 15
9231 9501 12
9625 9441 12
1 460 13
429 627 12
855 1287 12
875 657 15
1122 1211 14
1705 1855 14
1768 1584 15
2229 1562 14
2348 3054 15
2539 2233 13
2842 2844 12
2986 2254 14
4472 4341 14
5397 4996 14
5622 4973 14
5643 6334 16
5714 6467 13
5739 4881 14
6910 7864 15
8838 9307 16
940 450 13
1163 1747 16
1567 2387 13
2183 1945 11
2596 2582 14
2663 2618 15
3977 4732 13
4868 4982 14
4990 5004 12
5041 5250 16
5363 6154 12
6826 6785 16
7368 6745 14
7587 8291 15
8119 8851 15
8990 9551 16
9145 8581 15
9865 9750 16
10363 9475 14
10429 9508 11
1 878 16
729 1504 15
852 481 11
1189 1335 13
2313 3078 16
2487 1989 14
2595 3566 15
3171 2632 15
3259 2413 12
4404 4596 15
4539 4758 11
4894 5599 12
5380 6218 13
5557 5137 15
6733 6730 13
7483 8461 14
7711 7756 11
8062 8435 15
9125 9663 13
10289 9951 15
1 711 13
1012 664 13
1610 781 14
1742 1765 15
1938 2356 13
2518 2365 15
2739 1825 12
2990 2563 13
3019 3313 11
3678 3485 12
4473 5145 16
4520 4881 12
5096 4667 12
5375 6013 12
6758 7240 12
6807 5826 12
7198 6416 14
7319 6534 14
9427 8457 12
9831 9043 14
1 111 12
7 794 14
532 431 14
1468 1433 15
1479 1509 12
2657 3159 13
3335 3961 11
3961 3729 15
4201 3428 14
4235 5160 12
4353 4549 14
4738 4517 14
5385 5817 13
6350 5707 14
6710 6020 11
6948 7019 14
6982 7242 15
7135 6458 12
7891 6991 12
8471 8229 14
1245 348 16
1485 1091 12
1611 1045 11
2062 1200 14
3541 3021 14
3829 2938 12
4104 3986 13
4603 3811 14
5294 4849 14
5328 6243 14
6202 5203 12
6433 6394 12
6568 6096 14
7157 6546 13
7668 7670 13
8369 7575 15
8622 9393 14
9058 8966 13
10382 9757 13
10795 9885 16
1 531 15
1985 2366 14
2261 1611 11
2851 3444 16
3731 3754 13
3872 3239 15
5045 5694 14
5135 5459 12
5202 5933 12
5474 6404 11
5734 5207 12
6384 7383 14
6867 6437 15
7213 7169 12
7718 6957 14
8355 9190 12
8783 9093 12
9495 8689 12
9614 9772 14
10074 9796 15
203 267 13
1349 1400 12
1564 2323 12
1628 2480 16
2814 2016 13
3346 3321 13
3613 4301 14
4609 4555 12
6058 5715 14
6068 5997 12
6200 6845 15
6456 7010 13
6861 7357 14
8056 7780 16
8196 8800 14
8935 8329 13
9098 9589 15
9106 8202 15
9156 9186 16
9208 8494 14
