100 20 23868
5 51 153
5 139 194
5 82 207
5 100 154
5 60 250
5 73 230
5 100 153
5 143 202
5 80 233
5 110 170
5 106 169
5 103 178
5 106 171
5 115 212
5 134 202
5 148 198
5 124 199
5 94 232
5 82 187
5 149 247
42 133 61
232 311 53
357 385 73
633 623 58
758 845 59
1 23 55
38 105 65
202 290 55
769 789 68
986 923 61
80 40 60
244 207 74
308 230 73
775 874 58
981 911 56
138 83 64
182 112 67
405 376 73
516 589 70
547 485 54
71 156 65
489 558 64
637 593 62
699 735 58
850 773 73
237 165 56
681 747 64
684 621 65
702 778 64
753 761 67
1 37 61
15 100 65
594 575 64
641 705 64
740 691 65
41 12 58
346 364 64
424 332 70
888 886 74
943 954 65
279 376 61
447 439 56
688 701 74
696 644 67
1005 912 59
79 167 56
428 377 56
540 448 64
707 804 61
1044 951 53
226 303 66
291 220 63
500 401 73
567 609 64
609 544 70
30 108 73
252 334 61
647 717 66
807 856 72
987 936 71
77 29 56
160 239 63
320 359 73
870 930 68
919 934 58
396 391 66
506 542 68
759 774 60
940 945 61
943 999 75
144 53 55
434 428 56
476 470 73
640 648 75
966 945 54
143 84 55
163 108 73
202 104 68
575 586 56
683 652 62
292 351 54
343 310 54
631 675 66
831 849 61
863 799 54
484 527 72
514 565 74
651 694 57
662 601 67
852 877 58
300 377 74
543 643 73
555 466 67
568 537 71
704 628 53
113 144 54
382 302 73
510 539 72
541 511 73
999 953 73
