500 20 1121684
25 132 161
25 146 229
25 108 181
25 80 237
25 70 170
25 142 250
25 61 226
25 53 245
25 97 248
25 57 156
25 83 242
25 120 189
25 83 175
25 121 210
25 96 227
25 83 218
25 111 168
25 69 153
25 60 172
25 62 199
785 599 13
851 514 15
1635 2061 12
1646 1489 14
1683 1937 14
2788 1840 14
3589 3415 14
3800 2982 12
4520 4808 12
5056 4916 15
5312 4377 14
5963 5938 15
6261 5319 15
6349 6194 12
6773 7354 14
6812 6623 14
7056 7175 14
7194 6382 12
7612 6714 12
7640 7980 11
8057 8994 12
8753 8735 15
8835 9104 15
8855 9377 14
9319 9943 14
1 78 15
1 936 15
2 301 13
72 1050 13
293 867 13
1393 2215 11
1496 1387 14
2658 3351 11
2700 2923 12
2958 2894 12
3357 3802 12
3571 2830 14
3982 3005 12
4256 4326 11
4858 4799 13
5033 5448 14
5037 4052 12
5267 5134 14
5484 5282 12
6252 5760 13
6273 6202 14
6582 7483 11
8346 8913 14
8925 9174 14
9987 9113 13
140 80 15
253 147 12
1019 1814 14
1257 1134 15
1628 2175 11
2472 2966 12
3756 3537 14
4216 3680 12
4324 4933 12
4760 5224 13
5336 4473 14
5358 6270 13
5407 4925 13
5734 5394 14
6124 5218 13
6706 6734 14
6857 7686 15
7491 7786 12
7658 8199 14
7770 7274 14
8221 8579 13
8578 8310 11
8945 9442 13
9041 8699 14
9129 9067 12
1 250 12
139 129 12
930 1556 13
1274 753 12
1515 2223 15
1746 2488 14
1946 2091 14
2005 2818 15
2300 3290 15
2380 1868 15
2739 2152 15
3239 3165 15
3512 4182 11
4177 5053 13
4205 4921 15
4870 5342 12
5745 5502 12
6719 7504 15
6894 6012 15
7353 7776 12
7502 6984 11
8173 8558 13
8669 7924 11
9029 8581 13
9048 9905 15
1 21 13
195 116 15
513 259 13
988 992 15
1388 1968 11
2024 1083 14
2509 3483 12
2752 2134 12
2788 3480 13
2999 2176 14
3076 2101 14
4079 3144 15
4616 3913 11
5050 5015 14
5433 5253 13
5462 5546 12
7293 6582 12
7859 8137 15
7980 8396 13
8073 7775 12
8994 8272 13
9152 9577 14
9467 9290 12
9746 9589 14
10581 9911 13
1 94 11
737 1291 15
980 391 13
1148 788 11
1700 965 14
2043 2321 13
2700 3588 13
2870 2781 11
2919 3128 12
3490 3025 14
3877 4546 12
4129 3540 15
5862 6633 13
6104 5482 11
6542 6162 12
6870 6209 12
7489 7641 15
7821 8349 14
8212 8646 15
8244 8793 13
9048 9312 15
9520 8763 14
10047 9374 12
10488 9626 15
10545 9671 13
663 1045 14
748 1142 12
1071 1745 12
1408 2032 11
1413 1268 11
1869 2383 14
2240 2525 13
2415 2044 14
2795 2093 13
2807 3284 13
3026 3316 13
5748 5027 14
5775 6334 11
6677 6201 14
6848 7659 15
7281 7348 14
7358 7362 11
8117 7754 12
8319 8740 14
8524 7791 14
8573 9306 12
8775 8171 13
9162 8291 13
9416 8869 14
9710 9744 14
168 738 12
406 1288 14
823 832 15
1024 1077 15
1043 1765 13
2227 1860 15
3115 3334 14
3232 2557 12
3594 3061 11
3649 4086 14
5182 5685 13
5367 5434 14
5858 6547 11
6070 5182 13
6171 5348 11
6749 7398 15
6953 6028 13
7378 7389 13
7678 7919 14
7868 7295 12
7989 8422 12
8025 7227 13
8271 8713 13
9706 9455 13
10143 9961 15
676 1006 12
1770 1291 14
1773 1947 13
1865 2406 13
1926 1246 13
2219 2862 15
2322 2331 12
2692 2379 13
2927 3499 13
3700 3992 11
4195 4657 13
5897 5364 13
5900 6067 15
6483 6377 14
7017 7215 12
7244 7779 12
7365 6507 11
7387 8076 14
7763 7071 15
7823 8163 15
8016 7772 13
8502 7528 13
8780 9295 15
8858 8392 13
10026 9603 14
136 663 14
374 386 14
690 168 15
739 369 12
911 1026 12
1782 1055 13
2000 2428 13
2592 2200 12
3228 3495 15
3432 2484 15
3835 4439 12
4964 4825 13
6113 5379 14
6154 6955 14
6926 7427 14
7307 8016 13
8175 8414 13
8417 9356 15
8734 9013 11
8786 7901 13
9175 9774 12
9715 8804 12
9960 9176 13
10460 9660 12
10495 9924 13
795 1114 11
1468 1433 15
1549 753 15
1975 2681 12
2180 3012 11
2331 1802 14
2636 2853 12
4718 4526 13
4798 4079 13
4987 3999 15
5270 5674 11
5477 5410 12
6106 6501 14
6819 6208 11
7052 7542 14
7207 8091 12
7660 6776 13
8176 7726 12
8243 7729 14
8335 8719 12
8825 8462 11
9498 9679 11
9594 8737 12
9786 9364 15
9827 9429 14
1 348 11
1 396 11
235 1106 14
673 1495 15
768 1409 15
1281 1777 14
2050 2857 15
2172 3026 15
2548 2869 14
2908 2904 13
3134 3877 14
3563 3807 12
3846 3082 11
4870 5827 13
5671 5114 13
5873 5998 13
6301 6546 13
6871 5874 12
7140 7078 14
7972 7561 11
8156 7651 15
8203 7355 14
9552 9929 13
10250 9264 14
10439 9456 14
418 1201 13
595 881 12
1257 473 12
1342 1429 15
1880 1842 14
1907 1708 11
3570 4164 13
3816 3373 12
4519 4761 15
5369 5286 12
5622 6436 13
6136 6715 15
6150 6044 15
6250 6983 11
6460 5532 15
6789 6760 11
7559 6649 12
7822 7587 12
7890 8366 15
8170 7754 13
8604 8011 13
8724 9123 15
8813 9492 14
9147 9586 11
9541 9255 11
1 179 12
73 329 13
375 21 13
1179 867 14
1392 2174 13
1580 718 14
1768 1036 13
2198 2341 14
2297 3091 11
2323 2267 11
2718 2123 11
2836 3223 13
2973 3842 11
3166 3889 15
3835 3787 11
5167 6099 14
5497 5251 14
5630 4950 15
6924 6894 13
7558 7131 14
7654 7224 14
7806 7379 14
8078 8467 11
8826 9512 13
10205 9532 11
670 1120 11
1258 264 14
1304 2124 14
1448 945 14
1774 1264 14
1888 2723 11
2843 2469 12
3613 4261 11
3639 3847 14
3748 3935 12
3907 3312 12
4387 4187 13
5049 4851 15
5522 5943 15
5745 5038 11
6577 6927 12
7009 6973 11
7098 7666 13
7277 6374 12
8286 8522 13
8373 8621 14
9088 9641 13
9531 8783 14
9961 9212 11
10299 9922 12
827 325 14
1205 840 11
1641 958 11
1812 2288 13
2324 1571 15
2825 3676 14
2866 3349 11
3000 3181 14
5434 5762 15
5511 6048 12
5702 6146 13
5832 6021 14
6486 5647 11
6660 7141 13
7262 7123 13
7785 7160 14
8048 8432 13
8383 7544 11
8950 9081 14
9371 9117 11
9382 9763 14
9397 8483 13
9473 8580 13
9807 9032 15
9904 9730 13
1 367 12
108 392 12
345 1175 15
487 1110 14
1219 949 11
2163 1563 14
2673 2838 15
3093 2170 13
3560 3769 11
3582 4127 13
3899 4275 12
4080 3230 11
4790 4386 13
4956 4302 14
5930 5133 14
6582 5906 12
6623 6068 12
6815 7783 13
6918 7782 15
7124 7928 14
7304 6808 15
7395 7849 13
7635 8305 14
8864 9254 13
9625 9269 11
464 769 13
1220 1387 12
1373 761 14
1875 2430 12
2103 2865 14
2978 3261 11
3040 2140 11
3353 2935 13
3450 4191 12
4474 4748 14
4482 4805 13
4565 4523 15
5012 5061 11
5078 4763 14
5234 5487 11
5724 6438 15
6123 6337 12
6435 7157 13
6697 6191 12
7108 6960 14
8171 8853 14
8185 8577 15
9058 9333 15
9367 9371 15
9642 9008 14
351 1259 12
708 1613 12
1118 1570 11
1853 2117 15
2189 2481 15
2935 2974 12
3219 3718 13
3840 4828 11
4191 3483 13
4586 4945 11
4610 4310 13
4624 4804 14
5343 4723 15
5713 4818 14
6137 5330 12
6435 7353 12
6470 7338 14
6511 5630 15
7262 6680 12
7432 6717 11
7590 6719 15
8261 7383 14
8828 9278 13
8967 8358 14
10041 9237 12
606 1231 15
1064 1502 13
1134 1371 13
1368 2213 12
1961 1543 12
2351 1704 14
2528 1910 12
2833 3259 12
2933 2348 12
3390 3352 11
4497 5246 14
4652 4882 15
4699 4236 15
4781 4334 11
5030 4672 14
5134 5815 11
5352 4595 11
6146 5476 13
6498 5953 12
6607 6090 12
7409 8251 13
7481 7164 15
7782 6998 15
9025 9094 13
9209 8564 15
