200 100 479432
2 129 162
2 127 222
2 122 217
2 58 159
2 69 187
2 111 184
2 73 228
2 53 225
2 71 246
2 125 244
2 148 153
2 146 177
2 76 226
2 89 160
2 92 193
2 109 200
2 132 227
2 141 216
2 68 175
2 87 197
2 94 223
2 78 170
2 150 239
2 114 150
2 139 167
2 119 193
2 138 178
2 123 211
2 95 211
2 135 201
2 95 240
2 58 152
2 106 250
2 118 194
2 72 216
2 112 185
2 113 237
2 80 159
2 146 198
2 127 217
2 88 173
2 75 195
2 98 250
2 65 155
2 100 211
2 81 237
2 124 208
2 121 214
2 54 171
2 126 200
2 80 231
2 53 180
2 73 198
2 124 247
2 119 197
2 146 168
2 105 168
2 72 164
2 135 171
2 87 242
2 139 200
2 74 171
2 74 234
2 150 196
2 128 238
2 148 226
2 81 197
2 142 240
2 68 241
2 90 194
2 69 151
2 66 241
2 89 179
2 133 218
2 83 250
2 65 210
2 75 204
2 111 199
2 108 193
2 120 212
2 143 248
2 132 155
2 94 206
2 146 204
2 133 233
2 141 249
2 72 219
2 141 240
2 90 170
2 142 162
2 125 153
2 142 229
2 91 220
2 102 184
2 149 151
2 145 241
2 127 159
2 95 164
2 93 174
2 105 167
1788 1196 152
8480 7935 153
1125 542 158
3593 3118 174
3011 2572 185
6447 5603 176
885 873 159
2639 3234 159
7772 6802 184
9302 9284 150
5536 6007 174
7226 7517 162
2171 1586 189
2536 2267 150
2931 3227 164
8430 8505 192
5333 4695 150
7295 7457 158
2892 1994 171
6941 6181 141
1 325 153
1925 1073 146
6244 5606 177
8406 8924 137
2229 2797 137
5639 4683 156
3870 3489 160
8000 8220 160
4330 4509 174
8137 8019 140
1026 337 192
2358 2091 160
1 242 163
9553 9141 186
1799 1722 178
7562 7906 147
1056 933 169
3559 3066 161
2784 3513 140
8239 8019 149
6981 7438 185
7815 7806 192
913 460 170
1013 1399 155
767 1155 166
6391 5515 185
723 1372 150
6868 6877 143
7642 8318 167
7708 6735 139
3757 2786 175
6102 5555 167
2530 1767 178
5677 5555 171
7040 6621 161
9418 9917 178
5881 6614 187
7270 7601 162
2399 2013 162
7316 6846 141
4174 3908 158
5129 5452 170
3774 3448 152
5036 5720 152
6284 7048 164
9157 8450 142
6396 6018 170
7751 8713 186
8804 9431 140
8861 9331 177
4428 4927 163
5185 5696 172
1442 1413 185
5269 6060 184
2232 1525 152
5299 4607 159
6378 6259 156
9004 8869 147
6320 5955 176
9252 9766 149
7446 6647 173
7591 6976 165
2425 3423 152
9538 9682 153
4579 3779 137
7395 8039 141
1919 1144 139
10369 9484 155
3885 3331 158
7615 7585 187
5759 6189 160
7172 7696 159
4215 3994 162
6860 7587 143
5801 5372 142
8452 8800 139
5279 4814 158
7812 6989 142
112 536 149
970 952 151
5835 5963 162
7766 7894 172
5758 6514 162
7489 8157 139
2291 1785 147
8627 8924 139
7429 7908 156
9826 9349 140
5866 5690 166
8212 8622 140
3207 3632 144
8467 8787 168
1299 1876 168
8391 8343 147
112 843 164
6816 6580 154
6629 5964 171
8053 7433 171
1023 1551 137
6748 6431 160
1539 1724 183
2392 3356 177
3483 4009 158
9546 8886 171
3481 3917 162
8677 8187 186
6294 6340 159
9138 8738 176
1157 1755 158
2975 3265 173
1157 2127 149
8903 9268 160
1082 147 149
2568 2817 186
630 324 151
10059 9694 137
6672 6413 180
8456 7837 144
916 1485 142
6429 6269 175
4990 4792 151
8288 8087 137
2032 2045 174
2172 2416 149
2816 2699 163
7234 7848 163
686 750 171
6026 5678 169
2686 1987 139
7913 8284 161
449 843 139
9503 9224 187
6434 6135 167
7000 6822 173
5001 4772 182
9509 9422 188
2420 2603 149
5306 5160 166
7450 7558 186
9744 8919 137
1715 1217 178
4830 4104 138
2015 2055 155
9214 9324 154
1982 2518 153
2910 2648 173
4554 3624 169
7086 7328 144
1201 1052 144
5570 6211 187
1989 1412 156
5456 6249 144
605 1389 163
5766 5525 185
5576 5191 143
5714 5300 143
2723 2387 152
8639 9012 170
5351 6165 143
10620 9928 159
2911 2730 153
10182 9622 153
2551 1960 162
4636 4863 158
3024 3975 146
10255 9801 192
3764 3528 163
6685 5936 149
4054 3777 151
6837 7306 151
3976 4095 164
6033 6708 171
8268 8689 154
9102 9912 151
1 147 148
5952 6617 140
5390 4437 173
7859 8229 174
9615 9767 167
9720 9906 167
