500 20 1152844
25 141 173
25 83 236
25 71 179
25 103 150
25 87 231
25 99 235
25 84 165
25 109 247
25 82 236
25 72 221
25 82 172
25 141 167
25 89 151
25 92 205
25 114 188
25 54 222
25 125 247
25 139 181
25 83 249
25 87 200
283 1195 12
331 21 13
1004 260 12
1070 1308 12
1107 1732 12
2126 1489 11
2333 2218 13
2522 1910 12
3185 3918 11
3420 2811 11
3622 3960 13
4488 3913 12
4513 5376 13
5632 5040 14
5862 5793 11
6285 6644 11
6549 6068 13
6810 7423 11
7729 6793 14
7823 8198 14
8550 8897 14
8619 8108 13
9351 9793 10
9594 9642 12
9788 9831 13
36 950 14
1302 474 14
1748 1389 14
1939 2327 14
1993 1146 14
2016 1455 11
2141 3123 13
2335 1971 12
2433 1553 14
2492 2068 12
2528 1578 11
2652 1899 15
3204 2447 15
3769 4648 12
4177 3666 11
5068 5168 14
5440 5349 11
6522 5950 11
6717 6803 11
6746 6435 13
7293 8291 15
8209 8552 11
8999 9184 13
9516 9533 14
10194 9675 12
1 231 11
173 779 11
1034 330 14
3017 3911 11
3129 3195 12
3438 2854 14
3891 4100 12
4576 5314 13
5065 5669 12
5558 6374 15
5588 6062 11
6081 6386 13
6203 6225 14
7191 6555 15
7768 7183 13
7953 7232 14
8073 8151 14
8270 7952 15
8367 8329 13
8390 9378 14
8621 8515 14
8706 9690 12
9365 9942 14
9504 9437 11
9758 9727 14
12 859 13
140 24 12
496 294 13
652 1051 13
1341 1760 13
1675 2139 11
2255 2071 14
3178 2597 12
3707 3812 12
4255 4416 11
4447 4599 11
4735 5152 12
5187 6120 11
5857 6321 11
6584 5764 13
8199 7743 13
8209 7258 12
8766 8883 11
8844 9106 14
8996 8723 11
9136 9793 13
9573 9828 11
9962 9854 13
10434 9938 13
10570 9587 13
1 167 15
1 300 14
1 308 15
257 231 12
609 1222 14
1868 2624 15
2174 2767 14
3128 2419 12
3640 4486 13
4236 4791 14
4623 5259 11
4646 4235 12
4843 5225 13
5154 4832 11
6108 5488 13
6223 6376 13
6921 6313 11
7280 7808 11
7767 6972 14
8743 8965 12
8833 9789 14
8863 8646 12
9086 8207 12
9593 8825 11
10273 9690 14
1 444 15
416 603 12
818 1441 11
905 91 11
917 986 11
1111 154 12
1114 1427 12
1634 921 12
2038 1846 13
2631 2912 12
2791 2138 12
2948 3503 14
3349 2738 14
3370 3939 14
3543 3261 14
3702 4612 14
6281 5348 15
6293 7088 12
6784 7723 11
7029 7343 15
8406 9243 14
8418 8072 14
8535 9009 13
9293 9302 13
9642 10000 13
973 916 14
2387 3175 14
2679 2053 13
2684 2357 14
2701 2229 12
3970 3227 12
4093 4999 11
4578 4725 13
5305 5796 12
5443 4723 15
5451 5424 12
5519 5707 14
5898 5707 13
6355 6725 12
6613 6055 12
6645 5981 14
6944 7166 13
7249 6300 11
7601 7186 13
8384 8333 13
8672 8312 15
9196 9396 14
9579 9135 12
9753 9434 13
10107 9174 13
832 1563 11
1411 1678 11
1589 1524 15
2481 2229 15
2526 2359 12
2644 1800 13
3270 3942 11
3274 4033 11
4245 3470 15
4382 4128 12
4787 4877 13
5523 5604 15
6230 6155 15
6332 5588 12
6776 6350 15
6835 5943 11
7231 6713 12
7260 8138 11
8039 8379 12
8430 8810 14
8894 9225 14
8946 9841 14
9331 8833 15
9830 9612 14
10104 9164 13
1 111 12
508 128 11
892 513 11
1924 1491 11
2255 3173 14
2940 2097 12
3197 3011 12
4169 4939 14
5103 5989 14
5201 6199 11
5300 4881 10
5559 4782 12
5854 5224 13
6303 5696 12
6953 6461 12
7680 7923 13
7856 8006 13
7958 7781 14
8075 7743 13
8155 7998 11
8841 8837 12
8902 9481 13
8947 9663 14
9199 8342 11
9630 9624 12
884 1012 10
1116 770 13
1166 1484 15
1492 1946 12
1864 1516 13
1966 1681 11
2675 2309 11
3236 2829 14
3575 2700 14
4593 3677 12
5428 4677 13
6078 6206 13
6682 7390 13
7003 7247 14
7628 7679 11
7967 7804 14
8063 7989 14
8779 9636 11
8936 8484 11
9091 8825 11
9109 9498 11
9459 8502 14
9617 9047 13
9956 9925 12
10119 9148 11
1 471 12
465 610 14
688 1128 13
772 376 13
1603 1285 14
1808 1421 14
2123 1323 12
2709 3073 11
2789 3417 13
2828 2665 13
2984 2234 14
5295 4924 11
5553 6074 12
5599 5202 14
6318 5860 13
6377 6185 14
6439 6921 13
7219 6849 11
7462 7125 15
7552 6822 14
7586 7294 11
8796 9519 11
8847 9415 11
9320 9076 11
9970 9369 11
889 1288 13
1258 1723 11
3454 2754 13
3575 4282 11
3661 3617 13
3745 4726 12
3853 4116 14
3986 3424 13
4109 3524 14
4679 4297 12
4978 4370 14
5085 5729 15
5245 5247 13
5884 5448 12
5986 5646 14
6124 7089 13
6304 6540 12
6440 5798 15
7314 6476 11
7730 8339 11
7777 8473 15
8233 7510 14
8531 8826 12
10125 9185 13
10557 9719 13
1 3 12
163 233 14
183 687 14
469 358 14
990 727 11
1439 833 11
2055 2826 13
3711 4413 14
3818 4368 11
4151 4800 12
4584 5101 11
4826 4419 12
5087 5688 12
5710 5618 10
6629 6195 13
7118 7400 15
7494 7157 13
7756 8671 13
8316 7358 14
8323 7902 11
8459 7985 14
8469 8737 12
8998 9091 11
9064 9884 14
9866 9796 13
843 753 12
1858 2298 12
2024 2861 10
2106 2454 12
2132 1601 12
2190 1809 13
2266 2476 13
2316 1711 14
2551 2027 13
2963 2891 12
3241 3845 15
3744 3679 14
4724 3829 15
5304 5754 10
5739 6704 11
6279 6171 12
6402 6925 12
6411 5476 14
7220 7958 13
7573 7564 15
7708 7287 14
8440 9053 13
8587 9464 13
9007 9166 15
9706 9339 12
1 210 12
275 1034 15
1040 588 15
1150 759 12
1796 1173 11
1831 1819 13
1917 1572 11
2137 2336 11
2407 1583 12
2546 2809 11
3601 3142 11
3857 3517 12
4309 3404 12
5154 4875 13
5446 4799 12
6972 7725 12
7009 7173 11
8058 7747 11
8076 8768 14
8649 8182 14
8854 8557 11
9200 9214 13
9310 8707 12
9908 9714 13
10460 9675 11
1 857 15
1019 846 13
1297 403 11
1340 354 11
1937 2155 11
2578 2541 14
3359 4146 11
3410 4285 12
3986 3625 13
4357 5262 12
4528 4998 11
4832 5285 14
5239 5530 14
5333 6164 13
5490 6204 12
5779 5210 12
6459 6913 14
6659 7536 13
7249 7938 12
7268 6653 12
7510 8509 13
7668 6752 14
8268 8908 11
9749 9873 15
9778 9849 14
1 308 12
597 146 12
769 1605 15
907 1134 11
1527 876 12
1829 1560 11
2277 2709 14
2467 2479 13
2788 2872 15
3472 2937 11
3591 2642 14
3675 3938 13
3868 4437 15
4112 3859 13
4345 4669 14
4457 3904 11
4505 5456 14
5700 5329 13
5741 5444 13
5902 5098 14
6640 5957 13
6771 6169 14
7278 7384 13
8080 7448 13
8925 8652 10
1 109 11
624 151 14
798 429 13
990 1958 14
1828 2328 15
1984 1748 15
2029 2819 13
2791 3357 12
2946 2449 13
3320 4231 11
3582 2869 12
3959 4759 13
4249 4480 10
4389 4500 14
4666 4034 13
5164 4922 11
5436 4497 13
5695 4757 13
5805 5548 15
6078 6470 13
6230 5951 14
6369 7215 12
8471 7680 11
8702 9240 13
9659 9520 14
1 173 12
701 1459 15
965 286 13
1008 1821 14
1394 1162 14
1436 1054 15
2319 2204 11
2398 2932 12
3742 3083 12
3761 3453 15
4476 5290 14
4481 3577 13
6428 5847 13
6485 6213 13
6800 6381 13
6848 7030 12
7188 7305 15
7434 6873 15
7562 7851 12
8271 8385 13
8522 8389 15
9454 9110 13
9747 9709 12
9847 9530 14
10264 9341 12
1 24 13
1 192 15
1 332 15
497 1079 15
1681 2167 12
2892 3875 11
3002 2049 13
3161 2819 11
3369 3789 13
3520 3166 11
4822 5225 12
5217 6007 13
5287 4909 13
5486 5574 13
6490 5540 14
6715 7191 12
7241 7411 14
7350 7622 14
7352 6425 11
7577 6587 14
7608 7410 13
8440 7618 12
9478 8622 12
9550 8687 11
9897 9884 14
