1000 20 2269519
50 130 221
50 138 222
50 136 173
50 97 211
50 84 204
50 79 224
50 60 234
50 138 185
50 92 204
50 95 239
50 120 203
50 80 230
50 89 185
50 135 223
50 90 246
50 101 236
50 148 220
50 74 181
50 131 220
50 67 206
1 233 5
1 325 6
279 187 5
1286 1014 6
1369 1092 7
1669 1833 7
1683 2082 5
2135 2449 6
2786 2149 5
2808 2071 5
2841 2504 5
2953 1990 5
2967 2028 5
3162 2259 7
3263 3387 7
3312 2894 6
3431 2781 7
3491 2609 6
3555 4101 7
4346 4383 6
4659 4380 6
4739 5105 5
4769 3972 7
4886 5834 7
4975 5533 6
5085 5821 7
5187 5579 6
5412 6380 6
5788 5846 6
5827 6728 7
6055 6391 7
6124 6139 6
6125 6400 7
6339 6870 7
6570 7207 5
6580 6980 6
7201 7924 5
7691 7894 6
7763 8587 6
7835 8005 6
7914 8635 7
8010 7549 6
8236 8345 5
8549 8858 7
8593 8622 7
8772 8343 7
8922 8584 6
9157 8607 6
9209 8926 6
10185 9254 6
1 26 6
1 530 7
469 783 6
483 1057 7
702 1477 5
1407 2020 7
1638 669 5
1841 2837 5
1970 2883 7
2768 3577 7
2853 3484 5
3271 3476 6
3408 3463 6
3476 3630 5
3545 2681 6
3714 3640 7
3926 3644 6
3944 4604 6
4116 4747 7
4166 4461 5
4243 4771 6
4263 3575 6
4266 4536 6
4369 4042 7
5131 4786 6
5359 5891 7
5657 5958 6
5768 6310 7
5816 5612 6
5975 5367 7
5989 5693 7
6247 6409 7
6259 7235 6
6284 5455 5
6363 6440 6
6942 6205 7
7041 6352 6
7105 7772 6
7232 6625 6
7323 7499 7
7543 7864 7
7546 6674 6
7750 7638 6
7808 7737 6
8463 8448 6
8566 8648 6
8609 8526 6
8856 8449 6
9180 8992 7
9511 9543 5
62 588 7
119 851 7
514 811 5
1257 748 5
1424 918 7
1820 1118 6
1872 985 7
3032 2163 6
3035 2580 7
3162 2978 5
3208 2937 7
3790 4338 5
3810 3172 7
4269 5249 6
4388 4991 7
4503 3872 6
4640 4378 7
4782 4102 5
4846 5080 6
4913 4062 6
4955 4082 7
5049 6041 6
5241 4382 6
5581 6463 5
5647 5977 6
6204 6581 6
6408 6722 7
6460 5582 7
6656 6657 7
6669 6594 5
6870 6131 6
6916 7673 6
7220 7254 5
7383 7330 6
7387 7146 5
7454 7194 6
7617 8514 7
8438 8208 6
8452 8117 5
8636 8602 5
8837 8563 5
8853 9605 5
8911 8355 7
8928 8812 5
8952 8717 6
9062 9239 7
9213 9934 6
9536 9831 5
9554 9150 7
9761 9652 6
1 34 6
1 90 7
1 621 6
370 770 7
877 1714 5
899 1164 7
1015 1755 6
1033 508 7
1209 1110 7
1284 724 5
1663 1091 6
2161 2054 7
2235 2725 6
2451 2987 6
2646 2235 6
2653 2149 7
2934 3122 6
2951 2284 6
3090 3900 6
3665 3263 6
3670 3963 7
3961 3969 7
4693 5138 6
4928 4206 6
5446 5733 6
5807 6518 6
6227 6210 6
6310 6613 7
6454 7261 7
6815 7747 7
6888 5984 7
7000 6940 7
7501 6900 6
7521 8022 7
7577 7743 6
7733 6951 6
7774 7126 6
7877 7480 6
7942 7867 6
7964 7547 6
8233 7874 6
8285 7858 6
8525 8464 7
8551 7788 5
8580 8504 5
8700 9020 6
8938 9187 6
8999 9943 6
9694 8894 6
10384 9866 7
1 526 7
375 415 7
486 21 7
1438 1898 7
1666 2312 7
1929 2508 5
2108 2043 6
2739 3162 7
2866 3619 6
3042 2151 5
3071 4045 7
3075 2453 7
3181 2714 7
3364 2674 6
3686 2871 7
4107 4609 6
4593 4254 5
4756 4991 6
5003 5821 6
5518 4787 7
5709 6497 6
5878 6237 7
5939 5471 7
6148 6725 6
6359 6198 6
6466 6762 7
6562 7162 7
6716 6543 5
6821 7014 5
6944 7623 5
6997 6654 6
7135 6233 7
7139 7018 7
7166 7987 7
7174 6771 6
7220 6711 5
7613 6693 6
7640 8122 6
7904 8460 6
7980 8058 5
8727 9238 7
8829 9617 6
8925 9843 6
8968 9903 6
9051 8123 6
9320 8497 7
9390 9590 6
9506 8553 7
9911 9592 6
9932 9039 7
79 806 7
355 1296 6
784 976 7
928 337 5
1163 1810 7
1203 263 6
1427 1293 7
1700 919 6
1933 1164 7
2347 3148 6
2512 1540 7
2557 1911 7
2624 2297 5
2905 3817 5
3124 2663 6
3157 2346 6
3185 3188 7
3547 3117 6
3755 4522 6
3817 3522 5
4309 4913 6
4351 4373 5
4591 5572 7
5289 5389 5
5380 5838 5
5392 5274 5
5451 4917 7
5986 5277 6
6061 5705 6
6222 6270 5
6231 5482 5
6299 5368 7
6892 7089 7
7334 7304 6
7407 7934 6
7411 6455 6
7425 8171 5
7948 8149 6
8006 7512 7
8271 7473 6
8320 7613 7
8351 8025 7
8633 9454 7
8719 8778 5
8792 8149 7
8859 8654 7
8867 9448 7
8964 8399 6
9006 9755 7
9596 8673 6
1 122 5
1 180 7
483 891 6
504 1052 5
519 40 7
536 207 6
633 449 7
978 1018 5
1047 1702 5
1223 807 6
1337 1494 6
1357 766 6
1748 1085 6
2151 1554 6
2389 2850 7
2461 2064 5
2769 2719 6
2876 2464 7
3127 2831 7
3494 3211 7
3703 4244 5
3773 3671 6
4656 4621 7
5673 6005 7
5752 5041 6
5803 6607 5
6190 7185 7
6192 5629 5
6637 7211 7
6887 6277 5
6896 6554 6
7316 7012 7
7382 7073 6
7500 7987 5
7626 7671 6
7628 7733 5
7771 6941 5
7933 7504 5
8165 7790 5
8263 8907 7
8372 9220 7
8595 7727 7
8595 8232 7
8780 8710 6
8816 9493 6
9026 8654 6
9136 9041 6
9283 9818 7
10297 9763 6
10767 9887 6
1 41 6
1 468 7
75 268 7
243 1076 6
446 342 6
763 1172 6
936 884 7
1379 1273 6
1576 976 7
1618 1902 7
1644 1545 7
2322 1445 7
2477 1924 5
2648 3095 5
2702 1911 6
3247 4205 7
3863 2879 6
4017 3944 6
4572 4047 5
4581 5176 6
4862 4883 7
5089 5546 6
5117 4681 6
5443 6173 5
5543 4751 7
5562 5804 7
5713 4926 7
5769 6055 7
6056 5716 6
6193 6448 6
6441 5716 7
6527 5823 6
6863 6330 5
6872 7099 7
6901 5932 7
6947 7301 7
7384 7140 7
7538 8515 5
7553 6616 6
7924 7166 7
7966 7911 6
8142 7712 7
8195 7417 6
8447 9310 6
8982 8354 7
9134 9918 7
9408 9627 7
9502 8832 5
9561 9142 6
9810 9731 7
1 428 7
433 128 6
773 248 6
989 744 7
1021 1443 6
1033 970 7
1344 791 5
1651 952 7
2316 2621 7
2413 3371 6
2543 1549 5
2593 2060 7
2666 3137 7
2763 2788 6
3107 2839 5
3119 3215 7
3191 2648 7
3484 2981 6
4058 4826 5
4097 4474 7
4454 5195 6
4884 4618 5
4985 4382 7
5107 4827 6
5240 5982 7
5278 4498 7
5493 5772 7
5699 6081 5
6055 5456 6
6340 6241 5
6425 5856 6
6436 6087 6
6468 6053 5
6551 5859 7
6936 7703 6
6993 6108 6
7004 6772 5
7327 8200 5
7505 7040 5
7684 8317 7
7721 7893 6
8100 8188 5
8128 8911 6
9041 8194 7
9076 9021 7
9653 8880 6
9667 9928 7
9997 9739 7
10339 9458 6
10355 9679 5
1 223 6
1 640 6
385 839 5
572 580 6
930 1180 6
1117 819 7
1263 694 7
1442 2208 7
1737 2304 7
1757 2568 6
1762 1963 6
2015 2468 6
2076 1491 6
2315 2327 6
2364 1601 6
2370 1393 6
2385 2262 7
2620 2320 6
2621 1732 7
2670 1999 5
2989 3558 7
3246 3370 6
3992 4871 5
4297 5249 6
4508 4499 6
4549 4855 6
4567 4353 6
4743 4843 7
4959 5116 7
5196 4553 7
5206 4810 6
5513 4623 6
5753 5222 7
5917 6424 6
6034 5224 7
6181 6774 6
6311 7003 7
6362 5515 6
6545 6945 7
7083 7150 7
7190 6338 7
7417 6889 6
7770 7930 7
7790 8534 7
7848 8050 7
8890 9011 6
9176 9188 7
9211 8518 6
9567 9000 6
9591 9054 5
1 622 7
63 235 6
303 158 6
388 150 5
1431 1930 6
1534 1309 7
1838 2340 6
1869 1708 7
2201 3029 6
2351 2844 7
3024 3338 6
3082 3636 7
3276 2408 7
3404 3754 6
3708 3330 7
3919 4460 7
4322 3489 7
4404 4907 6
4577 4760 5
4739 5376 7
5490 5309 5
5684 5738 7
5838 5541 6
6106 5229 7
6189 6519 6
6338 6526 7
6469 5697 6
6492 5568 7
6643 6651 6
6688 6491 7
6810 5873 6
7027 7462 7
7051 6390 6
7246 7248 6
7485 8397 6
7713 8154 6
8041 7260 6
8127 8465 6
8324 7926 6
8414 9302 7
8492 7893 6
8839 8166 7
8840 7905 5
8884 9557 7
8923 8903 6
9480 9402 5
9845 9668 6
10206 9333 7
10525 9641 7
10627 9924 6
1 15 6
1 509 6
156 35 6
208 111 5
944 1944 6
1107 1481 6
1188 944 6
1439 2322 7
1516 1600 5
1904 2515 6
1914 2847 7
1961 2934 6
2005 1748 5
2201 2557 7
2381 3351 5
2568 3011 6
2805 1907 7
2822 3563 6
3046 2928 6
3144 3078 6
3317 2410 7
3364 3128 7
3819 3078 6
4125 3722 7
4264 4406 7
4517 4906 7
4948 3952 7
5087 5235 6
5368 4438 7
5398 5798 6
6219 5986 7
6264 5982 6
6744 6293 7
6745 6086 7
7359 6592 7
7589 7729 5
7744 8707 5
7803 8710 7
7962 7713 6
8067 7927 6
8140 7671 7
8398 8341 6
8672 8353 7
8872 8375 6
9338 8636 7
9616 9201 7
9641 8747 6
9883 8982 7
9967 9086 6
10177 9278 6
1 217 6
1 331 7
1025 1000 6
1139 2085 6
1176 1672 5
1389 389 6
1611 1713 6
1703 2534 6
1815 1388 7
1873 2654 7
2080 2678 7
2140 2924 7
2387 2393 7
2599 3160 6
2732 1860 7
2774 2058 5
3227 2753 5
3447 2525 6
3678 3170 6
4188 3742 7
5104 6001 6
5324 4879 7
5961 5150 7
5964 6394 6
5983 6799 6
6034 6744 7
6296 5392 7
6321 6224 6
6495 6690 5
6539 7126 5
6568 5729 7
6980 6393 6
6983 7970 7
7253 6355 6
7510 7439 6
7524 7270 7
7622 7700 6
7754 8636 6
8000 7648 7
8511 7704 6
8575 9535 5
8695 9412 7
9024 9928 7
9274 9629 6
9335 9077 7
9530 9080 6
9554 9922 5
10076 9860 7
10286 9482 7
10369 9485 5
1 463 7
297 385 5
339 836 7
557 1481 7
955 1725 5
1139 1251 7
1204 960 6
1278 1333 6
1321 1636 5
1555 1801 6
1670 1760 6
1760 1615 7
2174 1414 7
2374 2167 6
2485 1649 5
2716 3219 7
2770 1795 5
2891 3313 6
2902 3149 7
3172 3291 6
3316 2427 5
3488 2516 7
4097 3278 6
4167 4307 7
4464 4342 7
4770 4849 5
4926 4903 7
4994 4931 7
5241 4329 5
5360 4642 7
5461 5942 5
5876 6382 7
6868 6275 5
7102 7423 7
7457 8208 7
7600 8169 6
7895 7438 6
8006 7669 6
8240 8825 7
8562 8099 7
8674 9138 7
8771 9771 6
8809 7942 7
8880 8165 6
9374 9759 7
9529 8975 6
9987 9173 6
10201 9709 7
10300 9849 6
10615 9999 7
566 1456 5
937 709 6
1052 1358 6
1221 757 6
1228 1513 7
1277 1074 5
1328 471 6
1486 1111 7
1547 2216 6
1575 2512 7
1661 743 5
1839 1340 7
2291 1375 7
2460 2394 6
2650 2730 5
2889 3718 6
3215 3839 6
3284 3018 5
3886 3541 6
3914 4780 6
4019 4450 5
4291 3739 7
4361 3588 5
4410 3836 6
4437 3513 7
4710 4969 6
4756 5707 7
4888 4255 7
4917 4484 6
5038 5341 7
5365 5057 6
5423 6235 7
5553 5560 5
5629 6390 7
5891 5802 6
6168 6112 7
6582 7109 6
6790 6961 7
7011 7056 7
7027 6238 6
7517 7245 7
7712 8003 6
7922 7628 6
8205 7881 5
8206 8232 6
8229 8439 7
9007 9711 5
9285 9970 7
9635 9034 6
10691 9833 7
1 277 7
1 342 5
921 716 7
972 1029 5
1239 997 6
1420 544 5
1569 1829 7
1625 2384 5
1671 1248 7
2054 2869 7
2390 1616 7
2578 2544 7
2911 2956 6
2931 1964 7
3015 3029 6
3296 3864 5
3500 3895 6
3677 3261 7
3777 4348 6
3870 4810 7
3882 4837 5
4069 3274 6
4220 4141 6
4404 4414 7
4515 3779 6
5212 5411 6
5821 5092 6
5855 5982 7
5885 6798 5
6407 6416 6
6408 6521 6
6497 5884 5
6537 6023 6
6861 6751 7
6897 6393 7
6970 6100 5
7004 7706 6
7046 7316 7
7255 6290 6
7834 8750 5
8079 7478 7
8174 8157 6
8350 8147 6
8373 8981 6
8583 9484 7
8714 8878 7
9041 9869 6
9324 9218 7
9937 9991 6
10267 9425 6
128 376 7
234 211 6
816 791 7
1208 1248 6
1546 1650 7
1620 1034 6
1845 1768 7
1910 2578 7
2032 1274 7
2166 2227 7
2225 2990 6
2315 2559 7
2361 2875 6
2853 2024 6
2931 3809 7
3303 3350 6
3897 4549 7
4437 4196 5
4530 5159 6
4608 4445 7
4682 4441 5
4777 5151 6
5138 5020 6
5151 5648 6
5287 5791 6
5387 5722 7
5504 6467 5
5956 5321 7
6130 5244 6
6332 7000 7
6547 5623 6
6943 6724 5
6990 6074 6
7501 7671 6
7591 8291 6
7650 6932 6
7653 8142 7
7678 7231 7
8216 8514 7
8823 9654 6
8895 8414 6
9175 8506 6
9256 9025 5
9334 9687 7
9406 8560 6
9417 9853 7
10246 9578 6
10367 9937 6
10597 9899 5
10777 9779 6
277 40 7
664 61 6
864 295 7
1492 1714 7
1504 965 6
1536 2070 5
1566 956 6
1908 2406 7
2012 1536 7
2047 2789 7
2186 1190 6
2294 1973 7
2321 3145 6
2741 1850 6
3172 3261 6
3430 2809 5
3457 4221 6
3493 2971 5
3733 3884 7
4097 3613 5
4147 3374 5
4282 3539 6
4453 4208 6
4653 4238 5
4858 5275 5
5486 5311 6
5545 6330 6
5652 5885 7
5923 6759 7
6063 6607 6
6679 7098 6
6905 6947 6
6913 7052 5
6954 7683 6
6954 7924 7
7137 7122 5
7282 6913 6
7522 6958 5
7693 7521 6
7775 8048 7
8040 8075 6
8043 7344 6
8228 7242 7
8331 8173 5
8383 7600 6
8574 8939 6
8677 8622 7
8759 9252 7
9213 9803 6
10166 9685 5
1 39 5
29 467 6
39 66 5
475 413 6
743 358 7
917 1841 7
1452 749 7
1454 1352 6
1558 1139 7
1679 1121 6
1696 1229 6
1737 1517 6
1738 1726 5
1805 2494 7
1886 2871 6
2599 3265 6
2814 2245 6
2846 3428 6
3083 4024 7
3108 3831 6
3236 3428 6
3511 2739 6
3623 4065 7
3682 4092 6
3895 3642 5
3970 4416 7
4733 4109 5
4928 4387 5
5161 4185 7
5664 5008 7
6269 6924 5
6489 5821 6
6728 7321 5
6928 6731 7
7226 6414 6
7316 7180 6
7387 6849 7
7647 8474 7
7683 7628 7
7683 8329 5
7732 7309 7
8085 8438 7
8264 7548 7
8326 7653 7
8392 8663 7
8397 8922 6
8520 9117 7
9066 9086 7
10023 9565 5
10766 9766 7
1 218 6
28 395 6
340 121 5
545 986 7
769 1450 7
1076 1157 5
1260 1050 6
1491 628 6
1637 1575 7
1903 2719 5
1974 1995 5
2064 1154 6
2165 1226 6
2175 3035 6
2478 2388 5
2735 3451 5
2751 3081 7
3537 3888 7
3646 2825 6
3711 4408 6
4122 4485 6
4247 4847 6
4423 4188 7
4734 4311 6
4969 5024 6
6038 5949 5
6270 6944 7
6381 5991 5
6450 5621 5
6543 6908 5
6996 7477 5
7506 6698 6
7603 8066 5
7652 7783 5
7761 8725 7
7781 8231 6
8085 8212 6
8150 7525 6
8178 8854 6
8414 8244 7
8431 9417 5
8515 7802 6
9204 9290 7
9344 9365 6
9790 9083 6
9944 9404 6
10057 9170 6
10328 9732 5
10391 9717 6
10501 9995 7
