500 20 126801
25 87 225
25 100 237
25 122 152
25 99 191
25 75 175
25 95 237
25 52 236
25 99 167
25 67 156
25 128 230
25 133 175
25 129 202
25 144 214
25 95 178
25 67 162
25 53 214
25 129 234
25 107 221
25 148 236
25 141 229
77 74 11
113 23 11
114 39 11
121 196 11
128 184 11
172 201 10
194 264 10
194 283 12
255 307 11
300 347 11
307 270 11
320 362 12
325 233 12
421 331 12
466 519 11
472 392 11
603 612 11
621 662 11
636 563 12
663 594 11
663 696 12
835 848 9
899 876 12
917 973 10
946 857 11
1 21 12
66 80 12
97 67 9
125 150 9
143 90 11
146 99 12
241 321 12
363 429 12
408 345 11
430 427 10
436 384 12
476 542 12
527 586 10
563 646 10
597 648 12
604 584 10
641 571 13
727 727 10
803 830 11
864 790 10
867 780 12
880 788 11
947 999 11
1026 991 10
1053 990 12
1 34 10
1 43 12
21 23 11
88 122 9
116 178 10
163 140 10
198 265 11
200 137 12
208 186 11
278 334 11
324 239 11
420 502 10
470 402 11
474 512 11
518 598 11
539 554 13
555 491 11
593 585 11
638 602 10
656 736 13
681 646 10
725 713 12
758 801 12
889 892 13
1039 957 9
1 69 9
22 112 13
56 30 9
100 141 11
113 14 13
127 205 11
289 272 12
295 215 11
341 324 10
362 352 12
413 368 10
484 425 10
489 587 9
513 515 11
518 604 12
535 573 13
575 566 12
628 614 12
900 951 10
907 864 11
909 893 12
974 915 11
986 989 9
1036 947 11
1087 989 12
1 19 10
14 63 13
20 16 10
94 19 10
155 240 9
186 267 10
294 353 11
318 276 10
326 318 11
340 355 12
387 350 12
400 326 10
405 448 11
524 548 11
545 622 9
580 619 13
651 582 12
839 911 11
854 935 12
917 945 13
919 937 10
944 872 10
978 963 11
988 991 13
1034 989 11
1 56 11
9 38 10
97 182 11
241 258 10
313 314 10
328 237 13
340 411 9
356 258 12
385 397 11
406 328 9
417 330 11
461 488 11
474 448 12
483 495 10
530 450 13
538 598 9
555 511 11
577 638 10
686 743 12
743 807 12
777 696 10
795 827 10
818 806 9
941 975 10
988 946 13
2 84 10
65 140 11
81 134 11
110 51 11
149 51 10
161 85 9
185 187 13
216 192 12
224 218 10
308 212 11
333 277 12
417 347 9
417 368 12
421 514 10
475 381 10
482 519 11
485 537 12
500 592 12
661 666 12
670 588 10
689 705 10
739 764 11
845 882 9
979 920 12
1021 996 10
4 3 10
72 105 9
97 22 11
200 143 12
205 180 13
233 267 10
249 348 12
251 169 11
269 286 13
277 232 10
329 332 12
343 246 11
357 280 10
369 320 12
405 421 12
416 449 9
600 533 11
632 682 13
638 598 9
648 712 11
817 890 12
831 869 10
865 836 13
922 983 11
1060 976 13
1 21 9
30 90 12
47 19 12
94 25 12
119 219 10
141 216 11
158 75 11
182 249 11
206 249 12
279 379 9
418 319 12
473 441 13
476 499 12
492 478 11
537 582 10
550 611 11
602 643 10
691 745 9
691 785 10
714 682 13
754 799 11
901 873 10
911 933 12
927 911 9
942 955 12
123 181 12
146 119 10
158 225 13
191 208 9
295 241 13
299 307 12
359 304 9
418 361 12
473 515 9
563 476 12
577 618 11
584 674 10
616 649 9
657 646 12
663 719 13
670 611 10
687 671 13
717 721 9
763 729 9
776 821 11
778 765 10
825 728 10
886 789 12
977 901 13
1035 987 9
1 8 12
111 118 10
134 227 12
160 85 12
200 180 12
229 220 13
265 276 12
312 331 9
343 418 12
353 408 11
360 429 11
363 301 12
453 395 10
470 512 9
485 540 12
593 681 10
613 680 12
660 700 11
711 760 13
734 796 12
745 680 12
775 818 10
897 949 11
908 888 12
913 872 11
73 76 12
104 126 13
194 267 10
198 150 10
248 214 12
307 390 12
361 437 13
383 307 9
433 497 11
489 521 10
519 536 10
519 611 10
524 450 10
544 479 13
562 471 12
577 511 13
649 712 9
690 604 11
695 720 11
715 670 10
725 757 11
819 762 11
829 870 12
877 842 10
1015 926 12
53 74 12
63 151 12
100 75 11
109 174 10
150 106 12
156 174 12
179 96 10
185 164 12
202 266 9
423 343 10
486 546 12
508 590 9
528 482 11
531 503 12
581 558 11
663 653 11
686 703 10
791 820 10
824 912 11
888 856 12
935 963 10
951 987 11
982 944 12
1030 988 9
1039 982 10
48 137 10
92 159 11
121 64 10
199 102 11
236 264 13
255 239 12
389 350 9
413 496 12
416 332 10
426 406 11
474 568 9
499 548 11
521 441 10
526 557 10
572 524 11
675 680 13
682 716 11
784 789 11
788 770 11
844 866 11
863 785 13
881 974 12
892 892 10
920 824 9
924 893 10
1 3 12
1 15 9
48 40 11
54 66 12
147 149 9
156 102 9
184 85 12
217 178 12
269 366 11
288 267 12
429 390 9
445 480 11
461 559 12
479 477 12
490 464 9
501 558 11
524 463 12
545 599 10
693 603 12
767 826 12
840 866 12
844 761 9
848 805 10
895 962 11
951 851 10
1 32 11
1 78 12
59 98 11
97 161 9
139 221 11
199 271 12
240 171 10
270 237 9
278 283 9
308 281 10
409 415 11
410 329 12
434 411 12
518 607 10
521 444 12
715 638 13
726 645 11
772 854 12
837 860 12
842 773 11
932 924 9
988 991 9
995 965 11
1019 978 11
1030 954 10
1 4 9
4 69 10
65 162 10
73 59 13
169 232 11
172 81 11
187 188 10
206 167 12
308 334 10
319 258 10
349 272 13
421 455 13
438 393 11
462 390 10
581 607 10
589 559 11
643 717 12
698 793 9
713 714 12
714 737 9
746 716 10
778 735 11
856 949 9
864 808 10
982 897 11
80 154 12
86 87 12
95 176 12
103 13 9
156 158 12
157 60 9
229 142 9
237 245 11
337 405 10
357 447 11
367 371 11
376 288 12
386 456 11
443 509 9
471 553 9
475 500 10
599 621 11
653 712 10
713 623 13
745 673 10
810 754 10
827 922 13
887 877 10
942 934 10
996 939 12
16 102 10
84 160 10
134 143 9
159 61 11
196 269 10
210 117 12
227 142 10
286 375 9
343 305 10
359 426 12
416 445 13
467 541 10
517 468 10
524 617 10
525 428 13
548 462 11
620 533 12
627 621 11
716 774 10
806 825 12
874 805 11
890 970 13
944 994 9
984 957 11
1010 940 10
18 110 11
36 59 12
73 27 9
146 158 10
185 88 13
248 231 11
258 275 12
334 355 12
373 348 12
404 485 9
408 408 11
489 528 11
516 503 10
540 620 11
575 509 11
579 606 11
581 605 9
616 572 10
641 636 10
734 730 9
747 674 12
780 741 12
795 746 12
881 954 10
1057 984 10
