100 20 260235
5 122 184
5 56 166
5 126 191
5 88 235
5 96 163
5 66 222
5 79 160
5 115 222
5 65 199
5 77 155
5 55 194
5 96 173
5 57 167
5 102 178
5 128 191
5 86 158
5 84 161
5 147 168
5 97 214
5 95 230
1096 847 51
4401 5089 56
5315 4487 56
5660 6136 53
10477 9884 56
1662 1994 66
2677 1690 49
2963 3354 57
9647 9014 56
10309 9976 60
2707 3547 49
6413 5691 62
9238 8290 65
9419 8625 52
9526 8810 60
1130 734 65
1675 2326 66
2794 3075 49
7512 8337 48
8233 8586 52
1138 1017 61
2471 2723 58
7960 8408 62
8785 8109 64
9759 9720 57
1 200 49
3244 2594 61
4668 4708 59
7660 8592 56
8674 9383 52
404 490 49
2109 1918 64
4429 3759 49
6278 6836 60
6494 6375 53
1247 1799 52
5203 4393 54
6147 5660 54
7374 6570 61
8038 8813 62
5175 4297 60
6181 5633 62
6844 5961 52
6844 6544 58
7200 8048 58
1442 487 63
2664 2757 58
2701 3497 54
5814 5416 65
7927 8229 53
675 1415 54
2971 3252 64
4659 3826 59
7747 8121 55
9912 9174 56
829 722 50
2601 2567 63
4432 3838 51
4439 4062 63
10459 9568 60
1 307 51
2095 2011 64
3776 2939 47
6420 5739 62
6801 6101 57
1072 2032 63
1995 1333 52
3176 2283 61
7889 8320 62
8869 8169 49
2030 2549 65
2293 2798 54
4088 3301 60
4754 5639 61
7447 8174 63
626 1580 49
2058 1331 55
5255 5241 49
5886 5650 53
8628 8781 66
1612 2103 56
3259 2614 51
3317 2897 63
7198 7933 59
9665 9962 48
682 1538 66
1321 2183 56
2492 3184 57
8289 8248 56
10069 9553 53
1785 2679 56
3651 3808 48
7264 7376 49
7669 7809 59
8141 7165 54
1 632 65
1970 1553 53
5043 5119 65
6472 7269 63
8328 8044 63
